1542782093926;[171, 0, 17, 255, 161, 74, 234, 233, 108, 0, 0, 232, 1, 0, 23, 0, 0, 98, 9, 55]
1542782093944;[171, 0, 17, 255, 161, 74, 234, 233, 108, 0, 0, 232, 1, 0, 22, 0, 0, 100, 9, 72]
1542782094271;[171, 0, 17, 255, 161, 74, 234, 233, 108, 0, 0, 233, 1, 0, 25, 0, 0, 101, 9, 109]
1542782094275;[171, 0, 17, 255, 161, 74, 234, 233, 108, 0, 0, 231, 1, 0, 24, 0, 0, 99, 9, 117]
1542782094278;[171, 0, 17, 255, 161, 74, 234, 233, 108, 0, 0, 232, 1, 0, 22, 0, 0, 102, 9, 115]
1542782094443;[171, 0, 4, 255, 132, 128, 96]
1542782094448;[171, 0, 17, 255, 161, 74, 234, 233, 108, 0, 0, 233, 1, 0, 24, 0, 0, 95, 9, 111]
1542782094616;[171, 0, 17, 255, 161, 74, 234, 233, 108, 0, 0, 232, 1, 0, 24, 0, 0, 96, 9, 115]
1542782094620;[171, 0, 17, 255, 161, 74, 234, 233, 108, 0, 0, 230, 1, 0, 21, 0, 0, 96, 9, 151]
1542782094789;[171, 0, 17, 255, 161, 74, 234, 233, 108, 0, 0, 231, 1, 0, 22, 0, 0, 99, 9, 176]
1542782094962;[171, 0, 17, 255, 161, 74, 234, 233, 109, 0, 0, 233, 1, 0, 20, 0, 0, 98, 9, 185]
1542782094965;[171, 0, 17, 255, 161, 74, 234, 233, 109, 0, 0, 230, 1, 0, 22, 0, 0, 98, 9, 191]
1542782095133;[171, 0, 17, 255, 161, 74, 234, 233, 109, 0, 0, 231, 1, 0, 20, 0, 0, 98, 9, 199]
1542782095137;[171, 0, 17, 255, 161, 74, 234, 233, 109, 0, 0, 231, 1, 0, 22, 0, 0, 98, 9, 205]
1542782095306;[171, 0, 17, 255, 161, 74, 234, 233, 109, 0, 0, 228, 1, 0, 23, 0, 0, 98, 9, 224]
1542782095653;[171, 0, 17, 255, 161, 74, 234, 233, 109, 0, 0, 229, 1, 0, 21, 0, 0, 100, 9, 233]
1542782095657;[171, 0, 4, 255, 132, 128, 97]
1542782095661;[171, 0, 17, 255, 161, 74, 234, 233, 109, 0, 0, 232, 1, 0, 22, 0, 0, 98, 9, 234]
1542782095666;[171, 0, 17, 255, 161, 74, 234, 233, 109, 0, 0, 232, 1, 0, 22, 0, 0, 99, 9, 239]
1542782095824;[171, 0, 17, 255, 161, 74, 234, 233, 109, 0, 0, 229, 1, 0, 21, 0, 0, 99, 9, 243]
1542782095827;[171, 0, 17, 255, 161, 74, 234, 233, 109, 0, 0, 231, 1, 0, 22, 0, 0, 99, 10, 32]
1542782095996;[171, 0, 17, 255, 161, 74, 234, 233, 110, 0, 0, 231, 1, 0, 22, 0, 0, 99, 10, 51]
1542782096168;[171, 0, 17, 255, 161, 74, 234, 233, 110, 0, 0, 229, 1, 0, 24, 0, 0, 98, 10, 68]
1542782096172;[171, 0, 17, 255, 161, 74, 234, 233, 110, 0, 0, 232, 1, 0, 23, 0, 0, 101, 10, 75]
1542782096342;[171, 0, 17, 255, 161, 74, 234, 233, 110, 0, 0, 233, 1, 0, 23, 0, 0, 98, 10, 81]
1542782096346;[171, 0, 17, 255, 161, 74, 234, 233, 110, 0, 0, 232, 1, 0, 21, 0, 0, 99, 10, 94]
1542782096513;[171, 0, 17, 255, 161, 74, 234, 233, 110, 0, 0, 232, 1, 0, 19, 0, 0, 99, 10, 119]
1542782096517;[171, 0, 4, 255, 132, 128, 99]
1542782096860;[171, 0, 17, 255, 161, 74, 234, 233, 110, 0, 0, 232, 1, 0, 19, 0, 0, 99, 10, 111]
1542782096864;[171, 0, 17, 255, 161, 74, 234, 233, 110, 0, 0, 226, 1, 0, 26, 0, 0, 112, 10, 128]
1542782096868;[171, 0, 17, 255, 161, 74, 234, 233, 110, 0, 0, 234, 1, 0, 21, 0, 0, 95, 10, 10]
1542782097031;[171, 0, 17, 255, 161, 74, 234, 233, 110, 0, 0, 229, 1, 0, 45, 0, 0, 102, 9, 62]
1542782097035;[171, 0, 17, 255, 161, 74, 234, 233, 111, 0, 0, 228, 1, 0, 47, 0, 0, 91, 8, 223]
1542782097204;[171, 0, 17, 255, 161, 74, 234, 233, 111, 0, 0, 229, 1, 0, 42, 0, 0, 90, 8, 250]
1542782097376;[171, 0, 17, 255, 161, 74, 234, 233, 111, 0, 0, 230, 1, 0, 40, 0, 0, 92, 8, 234]
1542782097381;[171, 0, 17, 255, 161, 74, 234, 233, 111, 0, 0, 229, 1, 0, 39, 0, 0, 93, 8, 203]
1542782097547;[171, 0, 17, 255, 161, 74, 234, 233, 111, 0, 0, 229, 1, 0, 39, 0, 0, 96, 8, 155]
1542782097551;[171, 0, 17, 255, 161, 74, 234, 233, 111, 0, 0, 233, 1, 0, 37, 0, 0, 96, 8, 148]
1542782097722;[171, 0, 4, 255, 132, 128, 100]
1542782097726;[171, 0, 17, 255, 161, 74, 234, 233, 111, 0, 0, 231, 1, 0, 36, 0, 0, 95, 8, 135]
1542782097894;[171, 0, 17, 255, 161, 74, 234, 233, 111, 0, 0, 231, 1, 0, 36, 0, 0, 98, 8, 100]
1542782098241;[171, 0, 17, 255, 161, 74, 234, 233, 111, 0, 0, 227, 1, 0, 40, 0, 0, 100, 8, 40]
1542782098245;[171, 0, 17, 255, 161, 74, 234, 233, 111, 0, 0, 228, 1, 0, 36, 0, 0, 100, 7, 228]
1542782098249;[171, 0, 17, 255, 161, 74, 234, 233, 112, 0, 0, 230, 1, 0, 36, 0, 0, 100, 7, 146]
1542782098253;[171, 0, 17, 255, 161, 74, 234, 233, 112, 0, 0, 230, 1, 0, 33, 0, 0, 101, 7, 117]
1542782098412;[171, 0, 17, 255, 161, 74, 234, 233, 112, 0, 0, 230, 1, 0, 36, 0, 0, 97, 7, 84]
1542782098416;[171, 0, 17, 255, 161, 74, 234, 233, 112, 0, 0, 230, 1, 0, 32, 0, 0, 104, 7, 38]
1542782098583;[171, 0, 17, 255, 161, 74, 234, 233, 112, 0, 0, 228, 1, 0, 33, 0, 0, 103, 7, 1]
1542782098757;[171, 0, 17, 255, 161, 74, 234, 233, 112, 0, 0, 229, 1, 0, 32, 0, 0, 105, 6, 223]
1542782098761;[171, 0, 4, 255, 132, 128, 101]
1542782098931;[171, 0, 17, 255, 161, 74, 234, 233, 112, 0, 0, 229, 1, 0, 33, 0, 0, 104, 6, 233]
1542782098933;[171, 0, 17, 255, 161, 74, 234, 233, 112, 0, 0, 230, 1, 0, 32, 0, 0, 104, 6, 249]
1542782099101;[171, 0, 17, 255, 161, 74, 234, 233, 112, 0, 0, 229, 1, 0, 33, 0, 0, 105, 6, 229]
1542782099448;[171, 0, 17, 255, 161, 74, 234, 233, 112, 0, 0, 226, 1, 0, 32, 0, 0, 104, 6, 191]
1542782099452;[171, 0, 17, 255, 161, 74, 234, 233, 113, 0, 0, 226, 1, 0, 33, 0, 0, 102, 6, 149]
1542782099456;[171, 0, 17, 255, 161, 74, 234, 233, 113, 0, 0, 225, 1, 0, 32, 0, 0, 108, 6, 116]
1542782099459;[171, 0, 17, 255, 161, 74, 234, 233, 113, 0, 0, 226, 1, 0, 33, 0, 0, 90, 6, 160]
1542782099619;[171, 0, 17, 255, 161, 74, 234, 233, 113, 0, 0, 228, 1, 0, 35, 0, 0, 100, 6, 181]
1542782099623;[171, 0, 17, 255, 161, 74, 234, 233, 113, 0, 0, 229, 1, 0, 33, 0, 0, 102, 6, 184]
1542782099791;[171, 0, 17, 255, 161, 74, 234, 233, 113, 0, 0, 229, 1, 0, 33, 0, 0, 100, 6, 210]
1542782099964;[171, 0, 4, 255, 132, 128, 102]
1542782099967;[171, 0, 17, 255, 161, 74, 234, 233, 113, 0, 0, 230, 1, 0, 34, 0, 0, 101, 6, 214]
1542782100136;[171, 0, 17, 255, 161, 74, 234, 233, 113, 0, 0, 230, 1, 0, 31, 0, 0, 98, 6, 248]
1542782100140;[171, 0, 17, 255, 161, 74, 234, 233, 113, 0, 0, 229, 1, 0, 31, 0, 0, 103, 7, 31]
1542782100309;[171, 0, 17, 255, 161, 74, 234, 233, 113, 0, 0, 229, 1, 0, 28, 0, 0, 100, 7, 35]
1542782100313;[171, 0, 17, 255, 161, 74, 234, 233, 114, 0, 0, 230, 1, 0, 34, 0, 0, 101, 7, 67]
1542782100828;[171, 0, 17, 255, 161, 74, 234, 233, 114, 0, 0, 238, 1, 0, 21, 0, 0, 95, 7, 87]
1542782100832;[171, 0, 17, 255, 161, 74, 234, 233, 114, 0, 0, 230, 1, 0, 27, 0, 0, 105, 7, 84]
1542782100836;[171, 0, 17, 255, 161, 74, 234, 233, 114, 0, 0, 228, 1, 0, 24, 0, 0, 106, 7, 163]
1542782100840;[171, 0, 17, 255, 161, 74, 234, 233, 114, 0, 0, 227, 1, 0, 32, 0, 0, 102, 7, 213]
1542782101000;[171, 0, 17, 255, 161, 74, 234, 233, 114, 0, 0, 228, 1, 0, 29, 0, 0, 101, 8, 12]
1542782101003;[171, 0, 4, 255, 132, 128, 103]
1542782101171;[171, 0, 17, 255, 161, 74, 234, 233, 114, 0, 0, 230, 1, 0, 27, 0, 0, 95, 8, 52]
1542782101175;[171, 0, 17, 255, 161, 74, 234, 233, 114, 0, 0, 231, 1, 0, 28, 0, 0, 96, 8, 58]
1542782101344;[171, 0, 17, 255, 161, 74, 234, 233, 114, 0, 0, 203, 1, 0, 4, 0, 0, 96, 8, 107]
1542782101348;[171, 0, 17, 255, 161, 74, 234, 233, 114, 0, 0, 231, 1, 0, 25, 0, 0, 98, 8, 155]
1542782101517;[171, 0, 17, 255, 161, 74, 234, 233, 115, 0, 0, 232, 1, 0, 23, 0, 0, 100, 8, 155]
1542782101521;[171, 0, 17, 255, 161, 74, 234, 233, 115, 0, 0, 231, 1, 0, 22, 0, 0, 98, 8, 169]
1542782101688;[171, 0, 17, 255, 161, 74, 234, 233, 115, 0, 0, 230, 1, 0, 22, 0, 0, 102, 8, 179]
1542782102035;[171, 0, 17, 255, 161, 74, 234, 233, 115, 0, 0, 231, 1, 0, 25, 0, 0, 102, 8, 182]
1542782102039;[171, 0, 17, 255, 161, 74, 234, 233, 115, 0, 0, 230, 1, 0, 21, 0, 0, 102, 8, 245]
1542782102043;[171, 0, 17, 255, 161, 74, 234, 233, 115, 0, 0, 230, 1, 0, 23, 0, 0, 103, 9, 10]
1542782102047;[171, 0, 4, 255, 132, 128, 103]
1542782102206;[171, 0, 17, 255, 161, 74, 234, 233, 115, 0, 0, 229, 1, 0, 21, 0, 0, 105, 8, 251]
1542782102380;[171, 0, 17, 255, 161, 74, 234, 233, 115, 0, 0, 228, 1, 0, 23, 0, 0, 103, 9, 8]
1542782102384;[171, 0, 17, 255, 161, 74, 234, 233, 115, 0, 0, 226, 1, 0, 24, 0, 0, 105, 9, 29]
1542782102552;[171, 0, 17, 255, 161, 74, 234, 233, 115, 0, 0, 228, 1, 0, 29, 0, 0, 99, 9, 57]
1542782102556;[171, 0, 17, 255, 161, 74, 234, 233, 116, 0, 0, 228, 1, 0, 24, 0, 0, 108, 9, 90]
1542782102899;[171, 0, 17, 255, 161, 74, 234, 233, 116, 0, 0, 223, 1, 0, 25, 0, 0, 111, 9, 45]
1542782102902;[171, 0, 17, 255, 161, 74, 234, 233, 116, 0, 0, 224, 1, 0, 25, 0, 0, 109, 8, 249]
1542782102906;[171, 0, 17, 255, 161, 74, 234, 233, 116, 0, 0, 225, 1, 0, 21, 0, 0, 112, 8, 212]
1542782103242;[171, 0, 17, 255, 161, 74, 234, 233, 116, 0, 0, 227, 1, 0, 26, 0, 0, 110, 8, 170]
1542782103246;[171, 0, 17, 255, 161, 74, 234, 233, 116, 0, 0, 225, 1, 0, 24, 0, 0, 110, 8, 203]
1542782103250;[171, 0, 4, 255, 132, 128, 104]
1542782103254;[171, 0, 17, 255, 161, 74, 234, 233, 116, 0, 0, 223, 1, 0, 24, 0, 0, 113, 8, 212]
1542782103413;[171, 0, 17, 255, 161, 74, 234, 233, 116, 0, 0, 225, 1, 0, 24, 0, 0, 112, 8, 200]
1542782103417;[171, 0, 17, 255, 161, 74, 234, 233, 116, 0, 0, 225, 1, 0, 25, 0, 0, 115, 8, 195]
1542782103586;[171, 0, 17, 255, 161, 74, 234, 233, 116, 0, 0, 223, 1, 0, 25, 0, 0, 113, 8, 153]
1542782103759;[171, 0, 17, 255, 161, 74, 234, 233, 117, 0, 0, 225, 1, 0, 23, 0, 0, 115, 8, 102]
1542782103763;[171, 0, 17, 255, 161, 74, 234, 233, 117, 0, 0, 224, 1, 0, 23, 0, 0, 117, 8, 138]
1542782103994;[171, 0, 17, 255, 161, 74, 234, 233, 117, 0, 0, 222, 1, 0, 25, 0, 0, 117, 8, 137]
1542782103995;[171, 0, 17, 255, 161, 74, 234, 233, 117, 0, 0, 227, 1, 0, 25, 0, 0, 115, 8, 126]
1542782104104;[171, 0, 17, 255, 161, 74, 234, 233, 117, 0, 0, 222, 1, 0, 23, 0, 0, 116, 8, 86]
1542782104277;[171, 0, 17, 255, 161, 74, 234, 233, 117, 0, 0, 223, 1, 0, 21, 0, 0, 118, 8, 49]
1542782104280;[171, 0, 4, 255, 132, 128, 104]
1542782104623;[171, 0, 17, 255, 161, 74, 234, 233, 117, 0, 0, 222, 1, 0, 25, 0, 0, 117, 8, 97]
1542782104627;[171, 0, 17, 255, 161, 74, 234, 233, 117, 0, 0, 223, 1, 0, 24, 0, 0, 116, 8, 95]
1542782104630;[171, 0, 17, 255, 161, 74, 234, 233, 117, 0, 0, 222, 1, 0, 23, 0, 0, 115, 8, 90]
1542782104635;[171, 0, 17, 255, 161, 74, 234, 233, 118, 0, 0, 223, 1, 0, 23, 0, 0, 116, 8, 69]
1542782104794;[171, 0, 17, 255, 161, 74, 234, 233, 118, 0, 0, 224, 1, 0, 16, 0, 0, 118, 8, 32]
1542782104966;[171, 0, 17, 255, 161, 74, 234, 233, 118, 0, 0, 225, 1, 0, 22, 0, 0, 118, 7, 255]
1542782104970;[171, 0, 17, 255, 161, 74, 234, 233, 118, 0, 0, 226, 1, 0, 21, 0, 0, 114, 8, 45]
1542782105139;[171, 0, 17, 255, 161, 74, 234, 233, 118, 0, 0, 227, 1, 0, 22, 0, 0, 108, 8, 100]
1542782105143;[171, 0, 17, 255, 161, 74, 234, 233, 118, 0, 0, 230, 1, 0, 21, 0, 0, 106, 8, 105]
1542782105311;[171, 0, 17, 255, 161, 74, 234, 233, 118, 0, 0, 233, 1, 0, 19, 0, 0, 100, 8, 91]
1542782105314;[171, 0, 4, 255, 132, 128, 105]
1542782105485;[171, 0, 17, 255, 161, 74, 234, 233, 118, 0, 0, 232, 1, 0, 19, 0, 0, 98, 8, 46]
1542782107775;[171, 0, 17, 255, 161, 74, 234, 233, 118, 0, 0, 233, 1, 0, 15, 0, 0, 96, 8, 11]
1542782107777;[171, 0, 17, 255, 161, 74, 234, 233, 118, 0, 0, 234, 1, 0, 17, 0, 0, 95, 8, 14]
1542782107779;[171, 0, 17, 255, 161, 74, 234, 233, 119, 0, 0, 236, 1, 0, 20, 0, 0, 97, 7, 155]
1542782107780;[171, 0, 17, 255, 161, 74, 234, 233, 119, 0, 0, 241, 1, 0, 3, 0, 0, 86, 7, 134]
1542782107782;[171, 0, 17, 255, 161, 74, 234, 233, 119, 0, 0, 211, 1, 0, 13, 0, 0, 93, 7, 156]
1542782107784;[171, 0, 17, 255, 161, 74, 234, 233, 119, 0, 0, 239, 1, 0, 7, 0, 0, 76, 7, 101]
1542782107786;[171, 0, 17, 255, 161, 74, 234, 233, 119, 0, 0, 244, 1, 0, 1, 0, 0, 71, 6, 251]
1542782107787;[171, 0, 17, 255, 161, 74, 234, 233, 119, 0, 0, 242, 1, 0, 4, 0, 0, 62, 5, 231]
1542782107789;[171, 0, 17, 255, 161, 74, 234, 233, 119, 0, 0, 239, 1, 0, 6, 0, 0, 81, 4, 180]
1542782107791;[171, 0, 4, 255, 132, 128, 105]
1542782107792;[171, 0, 17, 255, 161, 74, 234, 233, 119, 0, 0, 227, 1, 0, 7, 0, 0, 93, 3, 203]
1542782107794;[171, 0, 17, 255, 161, 74, 234, 233, 119, 0, 0, 254, 1, 0, 4, 0, 0, 92, 2, 252]
1542782107796;[171, 0, 17, 255, 161, 74, 234, 233, 119, 0, 0, 238, 1, 0, 13, 0, 0, 68, 2, 252]
1542782107797;[171, 0, 17, 255, 161, 74, 234, 233, 120, 0, 0, 246, 1, 0, 13, 0, 0, 57, 2, 148]
1542782107799;[171, 0, 17, 255, 161, 74, 234, 233, 120, 0, 0, 239, 1, 0, 14, 0, 0, 78, 2, 86]
1542782107801;[171, 0, 17, 255, 161, 74, 234, 233, 120, 0, 0, 237, 1, 0, 18, 0, 0, 72, 2, 83]
1542782107803;[171, 0, 17, 255, 161, 74, 234, 233, 120, 0, 0, 228, 1, 0, 10, 0, 0, 96, 2, 16]
1542782107804;[171, 0, 17, 255, 161, 74, 234, 233, 120, 0, 0, 246, 1, 0, 11, 0, 0, 83, 1, 219]
1542782107806;[171, 0, 17, 255, 161, 74, 234, 233, 120, 0, 0, 205, 1, 0, 7, 0, 0, 107, 1, 197]
1542782107808;[171, 0, 17, 255, 161, 74, 234, 233, 122, 0, 0, 232, 0, 0, 3, 0, 0, 87, 3, 137]
1542782107810;[171, 0, 17, 255, 161, 74, 234, 233, 122, 0, 0, 239, 1, 0, 1, 0, 0, 81, 3, 82]
1542782107813;[171, 0, 17, 255, 161, 74, 234, 233, 122, 0, 0, 248, 0, 0, 2, 0, 0, 88, 2, 203]
1542782108072;[171, 0, 17, 255, 161, 74, 234, 233, 123, 0, 0, 238, 1, 0, 8, 0, 0, 82, 2, 37]
1542782108075;[171, 0, 17, 255, 161, 74, 234, 233, 123, 0, 0, 253, 1, 0, 1, 0, 0, 74, 2, 69]
1542782108418;[171, 0, 17, 255, 161, 74, 234, 233, 123, 0, 0, 232, 1, 0, 7, 0, 0, 83, 3, 36]
1542782108422;[171, 0, 17, 255, 161, 74, 234, 233, 123, 0, 0, 232, 1, 0, 14, 0, 0, 63, 3, 81]
1542782108426;[171, 0, 17, 255, 161, 74, 234, 233, 123, 0, 0, 237, 0, 0, 19, 0, 0, 92, 3, 34]
1542782108431;[171, 0, 17, 255, 161, 74, 234, 233, 123, 0, 0, 245, 1, 0, 9, 0, 0, 62, 3, 17]
1542782108588;[171, 0, 17, 255, 161, 74, 234, 233, 123, 0, 0, 246, 1, 0, 20, 0, 0, 43, 3, 135]
1542782108761;[171, 0, 4, 255, 132, 128, 102]
1542782108766;[171, 0, 17, 255, 161, 74, 234, 233, 123, 0, 0, 245, 1, 0, 32, 0, 0, 33, 4, 53]
1542782108934;[171, 0, 17, 255, 161, 74, 234, 233, 123, 0, 0, 248, 1, 0, 28, 0, 0, 27, 4, 207]
1542782108938;[171, 0, 17, 255, 161, 74, 234, 233, 123, 0, 0, 246, 1, 0, 34, 0, 0, 29, 5, 138]
1542782109106;[171, 0, 17, 255, 161, 74, 234, 233, 128, 0, 0, 247, 1, 0, 30, 0, 0, 30, 6, 92]
1542782109279;[171, 0, 17, 255, 161, 74, 234, 233, 128, 0, 0, 250, 1, 0, 24, 0, 0, 38, 7, 49]
1542782109283;[171, 0, 17, 255, 161, 74, 234, 233, 128, 0, 0, 246, 1, 0, 22, 0, 0, 35, 7, 168]
1542782109625;[171, 0, 17, 255, 161, 74, 234, 233, 128, 0, 0, 247, 1, 0, 19, 0, 0, 38, 7, 246]
1542782109630;[171, 0, 17, 255, 161, 74, 234, 233, 128, 0, 0, 238, 1, 0, 14, 0, 0, 52, 8, 184]
1542782109633;[171, 0, 17, 255, 161, 74, 234, 233, 128, 0, 0, 243, 1, 0, 13, 0, 0, 65, 8, 184]
1542782109637;[171, 0, 17, 255, 161, 74, 234, 233, 128, 0, 0, 236, 1, 0, 22, 0, 0, 76, 9, 11]
1542782109796;[171, 0, 4, 255, 132, 128, 102]
1542782110143;[171, 0, 17, 255, 161, 74, 234, 233, 128, 0, 0, 238, 1, 0, 20, 0, 0, 83, 9, 101]
1542782110147;[171, 0, 17, 255, 161, 74, 234, 233, 128, 0, 0, 237, 1, 0, 20, 0, 0, 89, 9, 226]
1542782110151;[171, 0, 17, 255, 161, 74, 234, 233, 128, 0, 0, 232, 1, 0, 26, 0, 0, 88, 10, 60]
1542782110155;[171, 0, 17, 255, 161, 74, 234, 233, 129, 0, 0, 231, 1, 0, 28, 0, 0, 89, 10, 116]
1542782110314;[171, 0, 17, 255, 161, 74, 234, 233, 129, 0, 0, 234, 1, 0, 23, 0, 0, 90, 10, 143]
1542782110318;[171, 0, 17, 255, 161, 74, 234, 233, 129, 0, 0, 239, 1, 0, 21, 0, 0, 90, 10, 169]
1542782110485;[171, 0, 17, 255, 161, 74, 234, 233, 129, 0, 0, 235, 1, 0, 23, 0, 0, 90, 10, 185]
1542782110660;[171, 0, 17, 255, 161, 74, 234, 233, 129, 0, 0, 232, 1, 0, 22, 0, 0, 90, 11, 57]
1542782110664;[171, 0, 17, 255, 161, 74, 234, 233, 129, 0, 0, 238, 1, 0, 19, 0, 0, 88, 11, 165]
1542782111004;[171, 0, 17, 255, 161, 74, 234, 233, 129, 0, 0, 235, 1, 0, 22, 0, 0, 88, 11, 208]
1542782111008;[171, 0, 4, 255, 132, 128, 101]
1542782111012;[171, 0, 17, 255, 161, 74, 234, 233, 129, 0, 0, 233, 1, 0, 20, 0, 0, 89, 11, 247]
1542782111176;[171, 0, 17, 255, 161, 74, 234, 233, 129, 0, 0, 238, 1, 0, 17, 0, 0, 91, 11, 240]
1542782111180;[171, 0, 17, 255, 161, 74, 234, 233, 129, 0, 0, 234, 1, 0, 19, 0, 0, 94, 12, 1]
1542782111349;[171, 0, 17, 255, 161, 74, 234, 233, 130, 0, 0, 234, 1, 0, 21, 0, 0, 94, 12, 110]
1542782111353;[171, 0, 17, 255, 161, 74, 234, 233, 130, 0, 0, 229, 1, 0, 19, 0, 0, 98, 12, 151]
1542782111522;[171, 0, 17, 255, 161, 74, 234, 233, 130, 0, 0, 237, 1, 0, 21, 0, 0, 87, 12, 180]
1542782111525;[171, 0, 17, 255, 161, 74, 234, 233, 130, 0, 0, 234, 1, 0, 23, 0, 0, 98, 12, 201]
1542782111693;[171, 0, 17, 255, 161, 74, 234, 233, 130, 0, 0, 233, 1, 0, 20, 0, 0, 95, 12, 219]
1542782111867;[171, 0, 17, 255, 161, 74, 234, 233, 130, 0, 0, 233, 1, 0, 22, 0, 0, 96, 13, 25]
1542782111871;[171, 0, 17, 255, 161, 74, 234, 233, 130, 0, 0, 232, 1, 0, 22, 0, 0, 93, 13, 119]
1542782112213;[171, 0, 4, 255, 132, 128, 102]
1542782112218;[171, 0, 17, 255, 161, 74, 234, 233, 130, 0, 0, 234, 1, 0, 20, 0, 0, 93, 13, 146]
1542782112222;[171, 0, 17, 255, 161, 74, 234, 233, 130, 0, 0, 236, 1, 0, 21, 0, 0, 94, 13, 166]
1542782112226;[171, 0, 17, 255, 161, 74, 234, 233, 130, 0, 0, 232, 1, 0, 22, 0, 0, 95, 13, 174]
1542782112384;[171, 0, 17, 255, 161, 74, 234, 233, 131, 0, 0, 234, 1, 0, 21, 0, 0, 94, 13, 160]
1542782112557;[171, 0, 17, 255, 161, 74, 234, 233, 131, 0, 0, 230, 1, 0, 25, 0, 0, 97, 13, 219]
1542782112561;[171, 0, 17, 255, 161, 74, 234, 233, 131, 0, 0, 231, 1, 0, 21, 0, 0, 99, 14, 11]
1542782112729;[171, 0, 17, 255, 161, 74, 234, 233, 131, 0, 0, 232, 1, 0, 24, 0, 0, 97, 14, 4]
1542782112733;[171, 0, 17, 255, 161, 74, 234, 233, 131, 0, 0, 230, 1, 0, 21, 0, 0, 97, 13, 248]
1542782112901;[171, 0, 17, 255, 161, 74, 234, 233, 131, 0, 0, 230, 1, 0, 23, 0, 0, 98, 13, 222]
1542782113074;[171, 0, 17, 255, 161, 74, 234, 233, 131, 0, 0, 228, 1, 0, 23, 0, 0, 99, 13, 214]
1542782113078;[171, 0, 4, 255, 132, 128, 102]
1542782113246;[171, 0, 17, 255, 161, 74, 234, 233, 131, 0, 0, 232, 1, 0, 22, 0, 0, 100, 13, 246]
1542782113251;[171, 0, 17, 255, 161, 74, 234, 233, 131, 0, 0, 228, 1, 0, 21, 0, 0, 99, 13, 230]
1542782113592;[171, 0, 17, 255, 161, 74, 234, 233, 131, 0, 0, 229, 1, 0, 22, 0, 0, 100, 13, 187]
1542782113596;[171, 0, 17, 255, 161, 74, 234, 233, 132, 0, 0, 227, 1, 0, 27, 0, 0, 103, 13, 155]
1542782113600;[171, 0, 17, 255, 161, 74, 234, 233, 132, 0, 0, 228, 1, 0, 32, 0, 0, 105, 13, 102]
1542782113764;[171, 0, 17, 255, 161, 74, 234, 233, 132, 0, 0, 226, 1, 0, 29, 0, 0, 109, 13, 51]
1542782113768;[171, 0, 17, 255, 161, 74, 234, 233, 132, 0, 0, 224, 1, 0, 32, 0, 0, 110, 13, 23]
1542782114110;[171, 0, 17, 255, 161, 74, 234, 233, 132, 0, 0, 225, 1, 0, 32, 0, 0, 108, 12, 206]
1542782114114;[171, 0, 17, 255, 161, 74, 234, 233, 132, 0, 0, 227, 1, 0, 29, 0, 0, 113, 12, 140]
1542782114118;[171, 0, 17, 255, 161, 74, 234, 233, 132, 0, 0, 224, 1, 0, 29, 0, 0, 115, 12, 55]
1542782114122;[171, 0, 4, 255, 132, 128, 103]
1542782114282;[171, 0, 17, 255, 161, 74, 234, 233, 132, 0, 0, 223, 1, 0, 34, 0, 0, 115, 11, 219]
1542782114455;[171, 0, 17, 255, 161, 74, 234, 233, 132, 0, 0, 229, 1, 0, 32, 0, 0, 115, 11, 133]
1542782114459;[171, 0, 17, 255, 161, 74, 234, 233, 132, 0, 0, 220, 1, 0, 34, 0, 0, 115, 11, 30]
1542782114799;[171, 0, 17, 255, 161, 74, 234, 233, 133, 0, 0, 220, 1, 0, 31, 0, 0, 119, 10, 141]
1542782114972;[171, 0, 17, 255, 161, 74, 234, 233, 133, 0, 0, 221, 1, 0, 33, 0, 0, 117, 9, 251]
1542782114976;[171, 0, 17, 255, 161, 74, 234, 233, 133, 0, 0, 223, 1, 0, 32, 0, 0, 115, 9, 119]
1542782114980;[171, 0, 17, 255, 161, 74, 234, 233, 133, 0, 0, 225, 1, 0, 29, 0, 0, 113, 8, 248]
1542782114984;[171, 0, 17, 255, 161, 74, 234, 233, 133, 0, 0, 225, 1, 0, 27, 0, 0, 111, 8, 176]
1542782115144;[171, 0, 17, 255, 161, 74, 234, 233, 133, 0, 0, 227, 1, 0, 29, 0, 0, 110, 8, 121]
1542782115148;[171, 0, 17, 255, 161, 74, 234, 233, 133, 0, 0, 227, 1, 0, 27, 0, 0, 110, 8, 45]
1542782115315;[171, 0, 4, 255, 132, 128, 103]
1542782115319;[171, 0, 17, 255, 161, 74, 234, 233, 133, 0, 0, 226, 1, 0, 27, 0, 0, 111, 7, 238]
1542782115488;[171, 0, 17, 255, 161, 74, 234, 233, 133, 0, 0, 220, 1, 0, 29, 0, 0, 111, 7, 199]
1542782115661;[171, 0, 17, 255, 161, 74, 234, 233, 133, 0, 0, 229, 1, 0, 29, 0, 0, 100, 7, 212]
1542782115665;[171, 0, 17, 255, 161, 74, 234, 233, 134, 0, 0, 231, 1, 0, 27, 0, 0, 106, 7, 247]
1542782115834;[171, 0, 17, 255, 161, 74, 234, 233, 134, 0, 0, 228, 1, 0, 27, 0, 0, 103, 7, 251]
1542782115837;[171, 0, 17, 255, 161, 74, 234, 233, 134, 0, 0, 223, 1, 0, 35, 0, 0, 110, 7, 223]
1542782116006;[171, 0, 17, 255, 161, 74, 234, 233, 134, 0, 0, 228, 1, 0, 37, 0, 0, 105, 7, 163]
1542782116179;[171, 0, 17, 255, 161, 74, 234, 233, 134, 0, 0, 225, 1, 0, 37, 0, 0, 107, 7, 108]
1542782116183;[171, 0, 17, 255, 161, 74, 234, 233, 134, 0, 0, 226, 1, 0, 33, 0, 0, 103, 7, 66]
1542782116352;[171, 0, 17, 255, 161, 74, 234, 233, 134, 0, 0, 228, 1, 0, 32, 0, 0, 103, 7, 63]
1542782116355;[171, 0, 4, 255, 132, 128, 104]
1542782116524;[171, 0, 17, 255, 161, 74, 234, 233, 134, 0, 0, 231, 1, 0, 38, 0, 0, 95, 7, 57]
1542782116528;[171, 0, 17, 255, 161, 74, 234, 233, 134, 0, 0, 227, 1, 0, 40, 0, 0, 99, 7, 45]
1542782116696;[171, 0, 17, 255, 161, 74, 234, 233, 134, 0, 0, 230, 1, 0, 34, 0, 0, 98, 7, 44]
1542782116868;[171, 0, 17, 255, 161, 74, 234, 233, 135, 0, 0, 229, 1, 0, 37, 0, 0, 98, 7, 24]
1542782116872;[171, 0, 17, 255, 161, 74, 234, 233, 135, 0, 0, 229, 1, 0, 35, 0, 0, 99, 7, 10]
1542782117041;[171, 0, 17, 255, 161, 74, 234, 233, 135, 0, 0, 230, 1, 0, 36, 0, 0, 101, 6, 246]
1542782117045;[171, 0, 17, 255, 161, 74, 234, 233, 135, 0, 0, 227, 1, 0, 33, 0, 0, 98, 6, 165]
1542782117387;[171, 0, 17, 255, 161, 74, 234, 233, 135, 0, 0, 227, 1, 0, 26, 0, 0, 104, 5, 251]
1542782117391;[171, 0, 17, 255, 161, 74, 234, 233, 135, 0, 0, 222, 1, 0, 33, 0, 0, 109, 5, 119]
1542782117395;[171, 0, 17, 255, 161, 74, 234, 233, 135, 0, 0, 222, 1, 0, 32, 0, 0, 122, 5, 22]
1542782117558;[171, 0, 4, 255, 132, 128, 104]
1542782117562;[171, 0, 17, 255, 161, 74, 234, 233, 135, 0, 0, 221, 1, 0, 35, 0, 0, 117, 4, 201]
1542782117731;[171, 0, 17, 255, 161, 74, 234, 233, 135, 0, 0, 222, 1, 0, 29, 0, 0, 118, 4, 201]
1542782117735;[171, 0, 17, 255, 161, 74, 234, 233, 135, 0, 0, 221, 1, 0, 32, 0, 0, 118, 4, 66]
1542782117904;[171, 0, 17, 255, 161, 74, 234, 233, 136, 0, 0, 219, 1, 0, 35, 0, 0, 117, 3, 180]
1542782118076;[171, 0, 17, 255, 161, 74, 234, 233, 136, 0, 0, 224, 1, 0, 31, 0, 0, 114, 3, 85]
1542782118080;[171, 0, 17, 255, 161, 74, 234, 233, 136, 0, 0, 223, 1, 0, 27, 0, 0, 114, 3, 62]
1542782118250;[171, 0, 17, 255, 161, 74, 234, 233, 136, 0, 0, 226, 1, 0, 26, 0, 0, 115, 3, 64]
1542782118254;[171, 0, 17, 255, 161, 74, 234, 233, 136, 0, 0, 227, 1, 0, 23, 0, 0, 108, 3, 75]
1542782118594;[171, 0, 17, 255, 161, 74, 234, 233, 136, 0, 0, 228, 1, 0, 25, 0, 0, 108, 3, 77]
1542782118598;[171, 0, 17, 255, 161, 74, 234, 233, 136, 0, 0, 227, 1, 0, 26, 0, 0, 107, 3, 103]
1542782118603;[171, 0, 4, 255, 132, 128, 103]
1542782118764;[171, 0, 17, 255, 161, 74, 234, 233, 136, 0, 0, 228, 1, 0, 23, 0, 0, 104, 3, 135]
1542782118767;[171, 0, 17, 255, 161, 74, 234, 233, 136, 0, 0, 226, 1, 0, 26, 0, 0, 103, 3, 165]
1542782118938;[171, 0, 17, 255, 161, 74, 234, 233, 136, 0, 0, 228, 1, 0, 29, 0, 0, 105, 3, 244]
1542782118942;[171, 0, 17, 255, 161, 74, 234, 233, 137, 0, 0, 226, 1, 0, 26, 0, 0, 110, 4, 53]
1542782119111;[171, 0, 17, 255, 161, 74, 234, 233, 137, 0, 0, 232, 1, 0, 18, 0, 0, 101, 4, 90]
1542782119115;[171, 0, 17, 255, 161, 74, 234, 233, 137, 0, 0, 230, 1, 0, 24, 0, 0, 100, 4, 108]
1542782119285;[171, 0, 17, 255, 161, 74, 234, 233, 137, 0, 0, 227, 1, 0, 27, 0, 0, 103, 4, 120]
1542782119456;[171, 0, 17, 255, 161, 74, 234, 233, 137, 0, 0, 229, 1, 0, 24, 0, 0, 101, 4, 174]
1542782119460;[171, 0, 17, 255, 161, 74, 234, 233, 137, 0, 0, 231, 1, 0, 22, 0, 0, 99, 4, 231]
1542782119629;[171, 0, 17, 255, 161, 74, 234, 233, 137, 0, 0, 231, 1, 0, 26, 0, 0, 103, 4, 254]
1542782119632;[171, 0, 4, 255, 132, 128, 104]
1542782119974;[171, 0, 17, 255, 161, 74, 234, 233, 137, 0, 0, 230, 1, 0, 26, 0, 0, 101, 5, 42]
1542782119978;[171, 0, 17, 255, 161, 74, 234, 233, 137, 0, 0, 233, 1, 0, 24, 0, 0, 101, 5, 96]
1542782119982;[171, 0, 17, 255, 161, 74, 234, 233, 137, 0, 0, 230, 1, 0, 28, 0, 0, 101, 5, 124]
1542782120148;[171, 0, 17, 255, 161, 74, 234, 233, 138, 0, 0, 230, 1, 0, 26, 0, 0, 101, 5, 230]
1542782120151;[171, 0, 17, 255, 161, 74, 234, 233, 138, 0, 0, 231, 1, 0, 25, 0, 0, 104, 6, 54]
1542782120320;[171, 0, 17, 255, 161, 74, 234, 233, 138, 0, 0, 228, 1, 0, 26, 0, 0, 102, 6, 98]
1542782120323;[171, 0, 17, 255, 161, 74, 234, 233, 138, 0, 0, 230, 1, 0, 26, 0, 0, 102, 6, 142]
1542782120492;[171, 0, 17, 255, 161, 74, 234, 233, 138, 0, 0, 229, 1, 0, 27, 0, 0, 101, 6, 175]
1542782120664;[171, 0, 17, 255, 161, 74, 234, 233, 138, 0, 0, 229, 1, 0, 26, 0, 0, 102, 6, 210]
1542782120668;[171, 0, 17, 255, 161, 74, 234, 233, 138, 0, 0, 231, 1, 0, 27, 0, 0, 100, 7, 42]
1542782120836;[171, 0, 4, 255, 132, 128, 104]
1542782120840;[171, 0, 17, 255, 161, 74, 234, 233, 138, 0, 0, 231, 1, 0, 27, 0, 0, 102, 7, 104]
1542782121183;[171, 0, 17, 255, 161, 74, 234, 233, 138, 0, 0, 231, 1, 0, 24, 0, 0, 104, 7, 155]
1542782121187;[171, 0, 17, 255, 161, 74, 234, 233, 138, 0, 0, 230, 1, 0, 27, 0, 0, 103, 7, 198]
1542782121191;[171, 0, 17, 255, 161, 74, 234, 233, 139, 0, 0, 225, 1, 0, 32, 0, 0, 104, 7, 226]
1542782121354;[171, 0, 17, 255, 161, 74, 234, 233, 139, 0, 0, 223, 1, 0, 35, 0, 0, 108, 8, 29]
1542782121358;[171, 0, 17, 255, 161, 74, 234, 233, 139, 0, 0, 221, 1, 0, 33, 0, 0, 114, 8, 114]
1542782121527;[171, 0, 17, 255, 161, 74, 234, 233, 139, 0, 0, 222, 1, 0, 34, 0, 0, 116, 8, 140]
1542782121699;[171, 0, 17, 255, 161, 74, 234, 233, 139, 0, 0, 221, 1, 0, 34, 0, 0, 112, 8, 169]
1542782121703;[171, 0, 17, 255, 161, 74, 234, 233, 139, 0, 0, 223, 1, 0, 36, 0, 0, 111, 8, 209]
1542782121872;[171, 0, 17, 255, 161, 74, 234, 233, 139, 0, 0, 224, 1, 0, 34, 0, 0, 108, 8, 209]
1542782121875;[171, 0, 4, 255, 132, 128, 104]
1542782122044;[171, 0, 17, 255, 161, 74, 234, 233, 139, 0, 0, 223, 1, 0, 35, 0, 0, 110, 9, 64]
1542782122048;[171, 0, 17, 255, 161, 74, 234, 233, 139, 0, 0, 220, 1, 0, 49, 0, 0, 109, 9, 85]
1542782122216;[171, 0, 17, 255, 161, 74, 234, 233, 139, 0, 0, 222, 1, 0, 49, 0, 0, 106, 9, 89]
1542782122220;[171, 0, 17, 255, 161, 74, 234, 233, 140, 0, 0, 217, 1, 0, 47, 0, 0, 105, 9, 35]
1542782122561;[171, 0, 17, 255, 161, 74, 234, 233, 140, 0, 0, 213, 1, 0, 46, 0, 0, 114, 8, 253]
1542782122565;[171, 0, 17, 255, 161, 74, 234, 233, 140, 0, 0, 225, 1, 0, 54, 0, 0, 119, 9, 62]
1542782122569;[171, 0, 17, 255, 161, 74, 234, 233, 140, 0, 0, 230, 1, 0, 41, 0, 0, 103, 9, 192]
1542782122734;[171, 0, 17, 255, 161, 74, 234, 233, 140, 0, 0, 226, 1, 0, 43, 0, 0, 103, 9, 243]
1542782122738;[171, 0, 17, 255, 161, 74, 234, 233, 140, 0, 0, 218, 1, 0, 40, 0, 0, 110, 10, 8]
1542782122906;[171, 0, 17, 255, 161, 74, 234, 233, 140, 0, 0, 216, 1, 0, 52, 0, 0, 129, 10, 16]
1542782123079;[171, 0, 4, 255, 132, 128, 104]
1542782123083;[171, 0, 17, 255, 161, 74, 234, 233, 140, 0, 0, 253, 1, 0, 52, 0, 0, 105, 10, 22]
1542782123252;[171, 0, 17, 255, 161, 74, 234, 233, 140, 0, 1, 41, 1, 0, 100, 0, 0, 67, 8, 246]
1542782123255;[171, 0, 17, 255, 161, 74, 234, 233, 140, 0, 0, 238, 0, 0, 24, 0, 0, 107, 8, 161]
1542782123424;[171, 0, 17, 255, 161, 74, 234, 233, 141, 0, 0, 124, 0, 0, 2, 0, 0, 145, 8, 104]
1542782123427;[171, 0, 17, 255, 161, 74, 234, 233, 141, 0, 0, 146, 1, 0, 17, 0, 0, 79, 7, 124]
1542782123769;[171, 0, 17, 255, 161, 74, 234, 233, 141, 0, 0, 140, 1, 0, 38, 0, 0, 29, 7, 3]
1542782123773;[171, 0, 17, 255, 161, 74, 234, 233, 141, 0, 1, 8, 0, 0, 7, 0, 0, 15, 6, 196]
1542782123777;[171, 0, 17, 255, 161, 74, 234, 233, 141, 0, 0, 251, 0, 0, 1, 0, 0, 27, 6, 177]
1542782123938;[171, 0, 17, 255, 161, 74, 234, 233, 141, 0, 0, 252, 0, 0, 19, 0, 0, 61, 6, 210]
1542782123941;[171, 0, 17, 255, 161, 74, 234, 233, 141, 0, 0, 246, 0, 0, 7, 0, 0, 61, 6, 186]
1542782124114;[171, 0, 4, 255, 132, 128, 105]
1542782124118;[171, 0, 17, 255, 161, 74, 234, 233, 141, 0, 0, 247, 0, 0, 6, 0, 0, 60, 6, 138]
1542782124287;[171, 0, 17, 255, 161, 74, 234, 233, 141, 0, 0, 242, 0, 0, 9, 0, 0, 76, 6, 144]
1542782124458;[171, 0, 17, 255, 161, 74, 234, 233, 141, 0, 0, 247, 0, 0, 3, 0, 0, 75, 6, 150]
1542782124461;[171, 0, 17, 255, 161, 74, 234, 233, 142, 0, 0, 243, 0, 0, 8, 0, 0, 75, 6, 222]
1542782124632;[171, 0, 17, 255, 161, 74, 234, 233, 142, 0, 0, 239, 0, 0, 5, 0, 0, 84, 7, 67]
1542782124635;[171, 0, 17, 255, 161, 74, 234, 233, 142, 0, 0, 239, 0, 0, 5, 0, 0, 81, 7, 112]
1542782125151;[171, 0, 17, 255, 161, 74, 234, 233, 142, 0, 0, 238, 0, 0, 3, 0, 0, 92, 7, 156]
1542782125155;[171, 0, 17, 255, 161, 74, 234, 233, 142, 0, 0, 233, 0, 0, 6, 0, 0, 106, 7, 211]
1542782125159;[171, 0, 17, 255, 161, 74, 234, 233, 142, 0, 0, 231, 0, 0, 5, 0, 0, 102, 7, 254]
1542782125163;[171, 0, 17, 255, 161, 74, 234, 233, 142, 0, 0, 233, 0, 0, 6, 0, 0, 103, 8, 99]
1542782125322;[171, 0, 4, 255, 132, 128, 105]
1542782125326;[171, 0, 17, 255, 161, 74, 234, 233, 142, 0, 0, 232, 0, 0, 5, 0, 0, 102, 8, 182]
1542782125331;[171, 0, 17, 255, 161, 74, 234, 233, 142, 0, 0, 232, 0, 0, 4, 0, 0, 109, 8, 228]
1542782125493;[171, 0, 17, 255, 161, 74, 234, 233, 142, 0, 0, 228, 0, 0, 6, 0, 0, 110, 9, 4]
1542782125666;[171, 0, 17, 255, 161, 74, 234, 233, 143, 0, 0, 230, 0, 0, 4, 0, 0, 106, 9, 25]
1542782125670;[171, 0, 17, 255, 161, 74, 234, 233, 143, 0, 0, 234, 0, 0, 5, 0, 0, 105, 9, 48]
1542782125838;[171, 0, 17, 255, 161, 74, 234, 233, 143, 0, 0, 233, 0, 0, 9, 0, 0, 100, 9, 116]
1542782125842;[171, 0, 17, 255, 161, 74, 234, 233, 143, 0, 0, 238, 0, 0, 4, 0, 0, 98, 9, 198]
1542782126011;[171, 0, 17, 255, 161, 74, 234, 233, 143, 0, 0, 226, 0, 0, 8, 0, 0, 89, 10, 2]
1542782126015;[171, 0, 17, 255, 161, 74, 234, 233, 143, 0, 0, 225, 0, 0, 0, 0, 0, 127, 10, 55]
1542782126356;[171, 0, 17, 255, 161, 74, 234, 233, 143, 0, 0, 221, 0, 0, 9, 0, 0, 116, 10, 96]
1542782126359;[171, 0, 4, 255, 132, 128, 105]
1542782126364;[171, 0, 17, 255, 161, 74, 234, 233, 143, 0, 0, 204, 0, 0, 1, 0, 0, 144, 10, 119]
1542782126528;[171, 0, 17, 255, 161, 74, 234, 233, 143, 0, 0, 220, 0, 0, 3, 0, 0, 129, 10, 217]
1542782126532;[171, 0, 17, 255, 161, 74, 234, 233, 143, 0, 0, 191, 1, 0, 6, 0, 0, 137, 11, 49]
1542782126701;[171, 0, 17, 255, 161, 74, 234, 233, 144, 0, 0, 251, 0, 0, 15, 0, 0, 83, 11, 68]
1542782126874;[171, 0, 17, 255, 161, 74, 234, 233, 144, 0, 0, 252, 0, 0, 13, 0, 0, 60, 11, 88]
1542782126877;[171, 0, 17, 255, 161, 74, 234, 233, 144, 0, 0, 244, 0, 0, 10, 0, 0, 66, 11, 86]
1542782127047;[171, 0, 17, 255, 161, 74, 234, 233, 144, 0, 0, 238, 0, 0, 2, 0, 0, 61, 11, 107]
1542782127051;[171, 0, 17, 255, 161, 74, 234, 233, 144, 0, 0, 249, 0, 0, 25, 0, 0, 78, 11, 202]
1542782127218;[171, 0, 17, 255, 161, 74, 234, 233, 144, 0, 0, 236, 0, 0, 11, 0, 0, 91, 11, 242]
1542782127222;[171, 0, 17, 255, 161, 74, 234, 233, 144, 0, 0, 240, 0, 0, 20, 0, 0, 87, 11, 233]
1542782127563;[171, 0, 4, 255, 132, 128, 106]
1542782127567;[171, 0, 17, 255, 161, 74, 234, 233, 144, 0, 0, 235, 0, 0, 6, 0, 0, 110, 11, 251]
1542782127571;[171, 0, 17, 255, 161, 74, 234, 233, 144, 0, 0, 231, 0, 0, 11, 0, 0, 104, 12, 17]
1542782127737;[171, 0, 17, 255, 161, 74, 234, 233, 144, 0, 0, 238, 0, 0, 10, 0, 0, 100, 12, 34]
1542782127740;[171, 0, 17, 255, 161, 74, 234, 233, 145, 0, 0, 241, 0, 0, 14, 0, 0, 101, 12, 132]
1542782127909;[171, 0, 17, 255, 161, 74, 234, 233, 145, 0, 0, 229, 0, 0, 11, 0, 0, 109, 12, 199]
1542782127913;[171, 0, 17, 255, 161, 74, 234, 233, 145, 0, 0, 236, 0, 0, 8, 0, 0, 99, 12, 223]
1542782128081;[171, 0, 17, 255, 161, 74, 234, 233, 145, 0, 0, 244, 0, 0, 6, 0, 0, 88, 12, 242]
1542782128254;[171, 0, 17, 255, 161, 74, 234, 233, 145, 0, 0, 241, 0, 0, 6, 0, 0, 92, 13, 15]
1542782128258;[171, 0, 17, 255, 161, 74, 234, 233, 145, 0, 0, 235, 0, 0, 5, 0, 0, 87, 13, 29]
1542782128426;[171, 0, 17, 255, 161, 74, 234, 233, 145, 0, 0, 240, 0, 0, 0, 0, 0, 87, 13, 131]
1542782128430;[171, 0, 4, 255, 132, 128, 106]
1542782128599;[171, 0, 17, 255, 161, 74, 234, 233, 145, 0, 0, 241, 1, 0, 3, 0, 0, 85, 13, 236]
1542782128945;[171, 0, 17, 255, 161, 74, 234, 233, 145, 0, 0, 240, 0, 0, 0, 0, 0, 76, 14, 8]
1542782128951;[171, 0, 17, 255, 161, 74, 234, 233, 145, 0, 0, 244, 1, 0, 2, 0, 0, 73, 13, 200]
1542782128955;[171, 0, 17, 255, 161, 74, 234, 233, 146, 0, 0, 238, 1, 0, 4, 0, 0, 72, 13, 83]
1542782128960;[171, 0, 17, 255, 161, 74, 234, 233, 146, 0, 0, 239, 1, 0, 10, 0, 0, 76, 12, 183]
1542782129117;[171, 0, 17, 255, 161, 74, 234, 233, 146, 0, 0, 238, 1, 0, 19, 0, 0, 80, 12, 71]
1542782129120;[171, 0, 17, 255, 161, 74, 234, 233, 146, 0, 0, 232, 1, 0, 22, 0, 0, 93, 11, 180]
1542782129461;[171, 0, 17, 255, 161, 74, 234, 233, 146, 0, 0, 230, 1, 0, 26, 0, 0, 92, 10, 204]
1542782129464;[171, 0, 17, 255, 161, 74, 234, 233, 146, 0, 0, 226, 1, 0, 27, 0, 0, 97, 9, 221]
1542782129634;[171, 0, 17, 255, 161, 74, 234, 233, 148, 0, 0, 247, 0, 0, 19, 0, 0, 58, 5, 185]
1542782129638;[171, 0, 17, 255, 161, 74, 234, 233, 148, 0, 0, 245, 0, 0, 13, 0, 0, 55, 5, 178]
1542782129808;[171, 0, 17, 255, 161, 74, 234, 233, 148, 0, 0, 248, 0, 0, 9, 0, 0, 51, 5, 150]
1542782130152;[171, 0, 17, 255, 161, 74, 234, 233, 149, 0, 0, 249, 0, 0, 14, 0, 0, 51, 5, 122]
1542782130156;[171, 0, 17, 255, 161, 74, 234, 233, 149, 0, 0, 250, 0, 0, 27, 0, 0, 19, 5, 86]
1542782130160;[171, 0, 17, 255, 161, 74, 234, 233, 149, 0, 0, 247, 0, 0, 33, 0, 0, 42, 5, 103]
1542782130324;[171, 0, 17, 255, 161, 74, 234, 233, 149, 0, 0, 252, 0, 0, 23, 0, 0, 26, 5, 78]
1542782130329;[171, 0, 17, 255, 161, 74, 234, 233, 149, 0, 0, 251, 0, 0, 26, 0, 0, 27, 5, 42]
1542782130498;[171, 0, 17, 255, 161, 74, 234, 233, 149, 0, 0, 247, 0, 0, 19, 0, 0, 31, 5, 7]
1542782130669;[171, 0, 17, 255, 161, 74, 234, 233, 149, 0, 0, 252, 0, 0, 25, 0, 0, 28, 4, 200]
1542782130672;[171, 0, 4, 255, 132, 128, 105]
1542782130842;[171, 0, 17, 255, 161, 74, 234, 233, 149, 0, 0, 250, 0, 0, 28, 0, 0, 34, 4, 157]
1542782130846;[171, 0, 17, 255, 161, 74, 234, 233, 149, 0, 0, 253, 0, 0, 12, 0, 0, 26, 4, 147]
1542782131014;[171, 0, 17, 255, 161, 74, 234, 233, 149, 0, 0, 255, 0, 0, 25, 0, 0, 34, 4, 147]
1542782131018;[171, 0, 17, 255, 161, 74, 234, 233, 150, 0, 0, 250, 0, 0, 25, 0, 0, 31, 4, 145]
1542782131533;[171, 0, 17, 255, 161, 74, 234, 233, 150, 0, 0, 250, 0, 0, 18, 0, 0, 23, 4, 164]
1542782131536;[171, 0, 17, 255, 161, 74, 234, 233, 150, 0, 0, 249, 0, 0, 24, 0, 0, 25, 4, 158]
1542782131540;[171, 0, 17, 255, 161, 74, 234, 233, 150, 0, 0, 254, 0, 0, 16, 0, 0, 25, 4, 146]
1542782131544;[171, 0, 17, 255, 161, 74, 234, 233, 150, 0, 1, 3, 0, 0, 22, 0, 0, 26, 4, 177]
1542782131703;[171, 0, 17, 255, 161, 74, 234, 233, 150, 0, 0, 254, 0, 0, 22, 0, 0, 30, 4, 205]
1542782131707;[171, 0, 17, 255, 161, 74, 234, 233, 150, 0, 1, 2, 0, 0, 26, 0, 0, 34, 4, 222]
1542782131877;[171, 0, 4, 255, 132, 128, 104]
1542782131881;[171, 0, 17, 255, 161, 74, 234, 233, 150, 0, 0, 253, 0, 0, 20, 0, 0, 39, 4, 228]
1542782132048;[171, 0, 17, 255, 161, 74, 234, 233, 150, 0, 0, 248, 0, 0, 14, 0, 0, 51, 4, 233]
1542782132052;[171, 0, 17, 255, 161, 74, 234, 233, 150, 0, 0, 243, 0, 0, 16, 0, 0, 52, 4, 239]
1542782132221;[171, 0, 17, 255, 161, 74, 234, 233, 151, 0, 0, 246, 0, 0, 18, 0, 0, 53, 4, 255]
1542782132225;[171, 0, 17, 255, 161, 74, 234, 233, 151, 0, 0, 247, 0, 0, 27, 0, 0, 57, 5, 65]
1542782132394;[171, 0, 17, 255, 161, 74, 234, 233, 151, 0, 0, 247, 0, 0, 21, 0, 0, 59, 5, 107]
1542782132739;[171, 0, 17, 255, 161, 74, 234, 233, 151, 0, 0, 245, 0, 0, 19, 0, 0, 59, 5, 132]
1542782132743;[171, 0, 17, 255, 161, 74, 234, 233, 151, 0, 1, 1, 0, 0, 19, 0, 0, 51, 5, 160]
1542782132747;[171, 0, 17, 255, 161, 74, 234, 233, 151, 0, 0, 241, 0, 0, 31, 0, 0, 60, 5, 157]
1542782132751;[171, 0, 17, 255, 161, 74, 234, 233, 151, 0, 0, 245, 0, 0, 25, 0, 0, 54, 5, 159]
1542782132911;[171, 0, 4, 255, 132, 128, 104]
1542782132915;[171, 0, 17, 255, 161, 74, 234, 233, 151, 0, 0, 240, 0, 0, 26, 0, 0, 59, 5, 211]
1542782133084;[171, 0, 17, 255, 161, 74, 234, 233, 151, 0, 0, 246, 0, 0, 25, 0, 0, 51, 6, 42]
1542782133256;[171, 0, 17, 255, 161, 74, 234, 233, 151, 0, 0, 246, 0, 0, 23, 0, 0, 55, 6, 92]
1542782133259;[171, 0, 17, 255, 161, 74, 234, 233, 152, 0, 0, 244, 0, 0, 25, 0, 0, 50, 6, 106]
1542782133428;[171, 0, 17, 255, 161, 74, 234, 233, 152, 0, 0, 247, 0, 0, 21, 0, 0, 55, 6, 123]
1542782133432;[171, 0, 17, 255, 161, 74, 234, 233, 152, 0, 0, 243, 0, 0, 16, 0, 0, 52, 6, 113]
1542782133602;[171, 0, 17, 255, 161, 74, 234, 233, 152, 0, 0, 248, 0, 0, 16, 0, 0, 56, 6, 94]
1542782133946;[171, 0, 17, 255, 161, 74, 234, 233, 152, 0, 0, 249, 0, 0, 14, 0, 0, 56, 6, 156]
1542782133950;[171, 0, 17, 255, 161, 74, 234, 233, 152, 0, 0, 250, 0, 0, 18, 0, 0, 53, 6, 202]
1542782133954;[171, 0, 17, 255, 161, 74, 234, 233, 152, 0, 0, 247, 0, 0, 12, 0, 0, 57, 6, 225]
1542782133958;[171, 0, 4, 255, 132, 128, 103]
1542782134119;[171, 0, 17, 255, 161, 74, 234, 233, 152, 0, 0, 249, 0, 0, 8, 0, 0, 53, 6, 235]
1542782134122;[171, 0, 17, 255, 161, 74, 234, 233, 152, 0, 0, 247, 0, 0, 11, 0, 0, 56, 6, 197]
1542782134291;[171, 0, 17, 255, 161, 74, 234, 233, 152, 0, 0, 245, 0, 0, 4, 0, 0, 64, 6, 110]
1542782134464;[171, 0, 17, 255, 161, 74, 234, 233, 153, 0, 0, 241, 0, 0, 6, 0, 0, 65, 6, 51]
1542782134467;[171, 0, 17, 255, 161, 74, 234, 233, 153, 0, 0, 243, 0, 0, 5, 0, 0, 59, 6, 15]
1542782134636;[171, 0, 17, 255, 161, 74, 234, 233, 153, 0, 0, 247, 0, 0, 6, 0, 0, 62, 5, 200]
1542782134640;[171, 0, 17, 255, 161, 74, 234, 233, 153, 0, 0, 244, 0, 0, 8, 0, 0, 61, 5, 123]
1542782134809;[171, 0, 17, 255, 161, 74, 234, 233, 153, 0, 0, 245, 0, 0, 6, 0, 0, 61, 5, 38]
1542782134812;[171, 0, 17, 255, 161, 74, 234, 233, 153, 0, 0, 245, 0, 0, 8, 0, 0, 64, 4, 198]
1542782134981;[171, 0, 17, 255, 161, 74, 234, 233, 153, 0, 0, 246, 0, 0, 8, 0, 0, 58, 4, 142]
1542782135327;[171, 0, 4, 255, 132, 128, 103]
1542782135331;[171, 0, 17, 255, 161, 74, 234, 233, 153, 0, 1, 18, 0, 0, 0, 0, 0, 57, 4, 155]
1542782135335;[171, 0, 17, 255, 161, 74, 234, 233, 153, 0, 0, 248, 1, 0, 2, 0, 0, 51, 4, 148]
1542782135339;[171, 0, 17, 255, 161, 74, 234, 233, 153, 0, 0, 248, 0, 0, 5, 0, 0, 55, 4, 126]
1542782135498;[171, 0, 17, 255, 161, 74, 234, 233, 154, 0, 0, 248, 0, 0, 3, 0, 0, 49, 4, 91]
1542782135671;[171, 0, 17, 255, 161, 74, 234, 233, 154, 0, 0, 249, 0, 0, 5, 0, 0, 42, 4, 60]
1542782135676;[171, 0, 17, 255, 161, 74, 234, 233, 154, 0, 0, 247, 1, 0, 2, 0, 0, 46, 4, 49]
1542782135844;[171, 0, 17, 255, 161, 74, 234, 233, 154, 0, 0, 249, 0, 0, 1, 0, 0, 45, 4, 82]
1542782135848;[171, 0, 17, 255, 161, 74, 234, 233, 154, 0, 0, 244, 1, 0, 5, 0, 0, 45, 4, 96]
1542782136016;[171, 0, 17, 255, 161, 74, 234, 233, 154, 0, 0, 249, 0, 0, 3, 0, 0, 36, 4, 88]
1542782136020;[171, 0, 17, 255, 161, 74, 234, 233, 154, 0, 0, 252, 0, 0, 3, 0, 0, 43, 4, 50]
1542782136188;[171, 0, 4, 255, 132, 128, 101]
1542782136536;[171, 0, 17, 255, 161, 74, 234, 233, 154, 0, 0, 245, 0, 0, 8, 0, 0, 41, 3, 230]
1542782136540;[171, 0, 17, 255, 161, 74, 234, 233, 154, 0, 1, 3, 0, 0, 5, 0, 0, 42, 3, 207]
1542782136543;[171, 0, 17, 255, 161, 74, 234, 233, 154, 0, 0, 248, 1, 0, 4, 0, 0, 49, 4, 9]
1542782136547;[171, 0, 17, 255, 161, 74, 234, 233, 155, 0, 0, 248, 1, 0, 15, 0, 0, 26, 4, 18]
1542782136706;[171, 0, 17, 255, 161, 74, 234, 233, 155, 0, 0, 247, 1, 0, 6, 0, 0, 29, 3, 238]
1542782136880;[171, 0, 17, 255, 161, 74, 234, 233, 155, 0, 0, 250, 1, 0, 4, 0, 0, 35, 3, 192]
1542782136884;[171, 0, 17, 255, 161, 74, 234, 233, 155, 0, 0, 249, 1, 0, 4, 0, 0, 36, 3, 168]
1542782137052;[171, 0, 17, 255, 161, 74, 234, 233, 155, 0, 0, 247, 1, 0, 1, 0, 0, 39, 3, 119]
1542782137056;[171, 0, 17, 255, 161, 74, 234, 233, 155, 0, 0, 253, 1, 0, 6, 0, 0, 43, 3, 132]
1542782137224;[171, 0, 17, 255, 161, 74, 234, 233, 155, 0, 0, 247, 1, 0, 9, 0, 0, 30, 3, 79]
1542782137227;[171, 0, 4, 255, 132, 128, 100]
1542782137396;[171, 0, 17, 255, 161, 74, 234, 233, 155, 0, 0, 251, 1, 0, 6, 0, 0, 35, 3, 27]
1542782137570;[171, 0, 17, 255, 161, 74, 234, 233, 155, 0, 0, 246, 1, 0, 4, 0, 0, 38, 2, 213]
1542782137573;[171, 0, 17, 255, 161, 74, 234, 233, 155, 0, 0, 248, 1, 0, 5, 0, 0, 39, 2, 156]
1542782137915;[171, 0, 17, 255, 161, 74, 234, 233, 156, 0, 0, 247, 1, 0, 6, 0, 0, 45, 2, 95]
1542782137919;[171, 0, 17, 255, 161, 74, 234, 233, 156, 0, 0, 248, 1, 0, 6, 0, 0, 40, 2, 58]
1542782137923;[171, 0, 17, 255, 161, 74, 234, 233, 156, 0, 0, 241, 1, 0, 8, 0, 0, 45, 2, 27]
1542782137927;[171, 0, 17, 255, 161, 74, 234, 233, 156, 0, 0, 249, 0, 0, 0, 0, 0, 39, 1, 219]
1542782138259;[171, 0, 17, 255, 161, 74, 234, 233, 156, 0, 1, 15, 1, 0, 3, 0, 0, 60, 1, 161]
1542782138263;[171, 0, 17, 255, 161, 74, 234, 233, 156, 0, 0, 248, 1, 0, 9, 0, 0, 43, 1, 100]
1542782138267;[171, 0, 17, 255, 161, 74, 234, 233, 156, 0, 0, 248, 1, 0, 3, 0, 0, 45, 1, 66]
1542782138431;[171, 0, 4, 255, 132, 128, 100]
1542782138435;[171, 0, 17, 255, 161, 74, 234, 233, 156, 0, 0, 248, 1, 0, 3, 0, 0, 39, 1, 29]
1542782138603;[171, 0, 17, 255, 161, 74, 234, 233, 156, 0, 0, 250, 1, 0, 1, 0, 0, 37, 1, 85]
1542782138776;[171, 0, 17, 255, 161, 74, 234, 233, 156, 0, 0, 250, 0, 0, 1, 0, 0, 39, 1, 130]
1542782138780;[171, 0, 17, 255, 161, 74, 234, 233, 157, 0, 0, 250, 1, 0, 2, 0, 0, 41, 1, 161]
1542782139297;[171, 0, 17, 255, 161, 74, 234, 233, 157, 0, 0, 246, 1, 0, 4, 0, 0, 43, 1, 193]
1542782139301;[171, 0, 17, 255, 161, 74, 234, 233, 157, 0, 0, 249, 1, 0, 1, 0, 0, 44, 1, 219]
1542782139305;[171, 0, 17, 255, 161, 74, 234, 233, 157, 0, 0, 250, 1, 0, 3, 0, 0, 47, 2, 16]
1542782139309;[171, 0, 17, 255, 161, 74, 234, 233, 157, 0, 0, 249, 1, 0, 1, 0, 0, 49, 2, 97]
1542782139467;[171, 0, 17, 255, 161, 74, 234, 233, 157, 0, 0, 248, 1, 0, 2, 0, 0, 39, 2, 125]
1542782139471;[171, 0, 17, 255, 161, 74, 234, 233, 157, 0, 0, 247, 1, 0, 4, 0, 0, 47, 2, 137]
1542782139475;[171, 0, 4, 255, 132, 128, 99]
1542782139640;[171, 0, 17, 255, 161, 74, 234, 233, 157, 0, 0, 249, 1, 0, 6, 0, 0, 50, 2, 163]
1542782139643;[171, 0, 17, 255, 161, 74, 234, 233, 157, 0, 0, 246, 1, 0, 5, 0, 0, 49, 2, 193]
1542782139812;[171, 0, 17, 255, 161, 74, 234, 233, 157, 0, 0, 249, 1, 0, 3, 0, 0, 51, 2, 244]
1542782139815;[171, 0, 17, 255, 161, 74, 234, 233, 158, 0, 0, 245, 1, 0, 6, 0, 0, 50, 3, 81]
1542782139983;[171, 0, 17, 255, 161, 74, 234, 233, 158, 0, 0, 244, 1, 0, 5, 0, 0, 44, 3, 157]
1542782140502;[171, 0, 17, 255, 161, 74, 234, 233, 158, 0, 0, 246, 1, 0, 4, 0, 0, 63, 3, 205]
1542782140506;[171, 0, 17, 255, 161, 74, 234, 233, 158, 0, 0, 242, 1, 0, 4, 0, 0, 60, 3, 239]
1542782140510;[171, 0, 17, 255, 161, 74, 234, 233, 158, 0, 0, 237, 1, 0, 21, 0, 0, 73, 4, 42]
1542782140516;[171, 0, 17, 255, 161, 74, 234, 233, 158, 0, 0, 248, 0, 0, 12, 0, 0, 65, 4, 92]
1542782140671;[171, 0, 17, 255, 161, 74, 234, 233, 158, 0, 0, 246, 0, 0, 27, 0, 0, 75, 4, 80]
1542782140674;[171, 0, 4, 255, 132, 128, 99]
1542782140676;[171, 0, 17, 255, 161, 74, 234, 233, 158, 0, 0, 243, 0, 0, 37, 0, 0, 51, 4, 10]
1542782140846;[171, 0, 17, 255, 161, 74, 234, 233, 158, 0, 0, 252, 0, 0, 7, 0, 0, 57, 3, 211]
1542782140850;[171, 0, 17, 255, 161, 74, 234, 233, 158, 0, 0, 250, 0, 0, 0, 0, 0, 28, 3, 213]
1542782141019;[171, 0, 17, 255, 161, 74, 234, 233, 159, 0, 0, 254, 0, 0, 22, 0, 0, 16, 3, 166]
1542782141023;[171, 0, 17, 255, 161, 74, 234, 233, 159, 0, 0, 255, 0, 0, 27, 0, 0, 18, 3, 107]
1542782141191;[171, 0, 17, 255, 161, 74, 234, 233, 159, 0, 0, 254, 0, 0, 23, 0, 0, 12, 3, 89]
1542782141364;[171, 0, 17, 255, 161, 74, 234, 233, 159, 0, 0, 254, 0, 0, 17, 0, 0, 10, 3, 50]
1542782141368;[171, 0, 17, 255, 161, 74, 234, 233, 159, 0, 0, 255, 0, 0, 26, 1, 0, 3, 2, 236]
1542782141709;[171, 0, 17, 255, 161, 74, 234, 233, 159, 0, 1, 0, 0, 0, 17, 0, 0, 2, 2, 171]
1542782141713;[171, 0, 17, 255, 161, 74, 234, 233, 159, 0, 0, 252, 0, 0, 20, 1, 0, 9, 2, 117]
1542782141717;[171, 0, 4, 255, 132, 128, 98]
1542782141721;[171, 0, 17, 255, 161, 74, 234, 233, 159, 0, 0, 253, 0, 0, 20, 1, 0, 15, 2, 63]
1542782141881;[171, 0, 17, 255, 161, 74, 234, 233, 159, 0, 0, 251, 0, 0, 16, 1, 0, 18, 2, 60]
1542782142054;[171, 0, 17, 255, 161, 74, 234, 233, 159, 0, 0, 252, 0, 0, 24, 1, 0, 20, 2, 13]
1542782142058;[171, 0, 17, 255, 161, 74, 234, 233, 160, 0, 0, 252, 0, 0, 20, 1, 0, 23, 1, 213]
1542782142227;[171, 0, 17, 255, 161, 74, 234, 233, 160, 0, 0, 252, 0, 0, 18, 1, 0, 32, 1, 137]
1542782142230;[171, 0, 17, 255, 161, 74, 234, 233, 160, 0, 0, 254, 0, 0, 22, 1, 0, 30, 1, 71]
1542782142399;[171, 0, 17, 255, 161, 74, 234, 233, 160, 0, 0, 248, 0, 0, 23, 1, 0, 31, 1, 59]
1542782142571;[171, 0, 17, 255, 161, 74, 234, 233, 160, 0, 0, 249, 0, 0, 15, 1, 0, 36, 1, 98]
1542782142575;[171, 0, 17, 255, 161, 74, 234, 233, 160, 0, 0, 251, 0, 0, 22, 1, 0, 32, 1, 128]
1542782142918;[171, 0, 17, 255, 161, 74, 234, 233, 160, 0, 0, 249, 0, 0, 21, 1, 0, 23, 1, 165]
1542782142922;[171, 0, 4, 255, 132, 128, 98]
1542782142926;[171, 0, 17, 255, 161, 74, 234, 233, 160, 0, 0, 254, 0, 0, 20, 1, 0, 15, 1, 203]
1542782142930;[171, 0, 17, 255, 161, 74, 234, 233, 160, 0, 0, 253, 0, 0, 23, 1, 0, 12, 1, 218]
1542782143090;[171, 0, 17, 255, 161, 74, 234, 233, 160, 0, 0, 252, 0, 0, 19, 1, 0, 14, 2, 19]
1542782143261;[171, 0, 17, 255, 161, 74, 234, 233, 161, 0, 0, 255, 0, 0, 21, 1, 0, 13, 2, 74]
1542782143265;[171, 0, 17, 255, 161, 74, 234, 233, 161, 0, 0, 250, 0, 0, 19, 1, 0, 16, 2, 121]
1542782143434;[171, 0, 17, 255, 161, 74, 234, 233, 161, 0, 0, 249, 0, 0, 17, 1, 0, 21, 2, 186]
1542782143438;[171, 0, 17, 255, 161, 74, 234, 233, 161, 0, 0, 253, 0, 0, 17, 1, 0, 9, 2, 241]
1542782143606;[171, 0, 17, 255, 161, 74, 234, 233, 161, 0, 0, 253, 0, 0, 16, 0, 0, 5, 3, 25]
1542782143779;[171, 0, 17, 255, 161, 74, 234, 233, 161, 0, 1, 0, 0, 0, 17, 0, 0, 17, 3, 135]
1542782143783;[171, 0, 17, 255, 161, 74, 234, 233, 161, 0, 0, 254, 0, 0, 14, 0, 0, 15, 3, 218]
1542782143952;[171, 0, 4, 255, 132, 128, 99]
1542782143955;[171, 0, 17, 255, 161, 74, 234, 233, 161, 0, 0, 254, 0, 0, 16, 0, 0, 11, 4, 20]
1542782144297;[171, 0, 17, 255, 161, 74, 234, 233, 161, 0, 0, 255, 0, 0, 13, 0, 0, 8, 4, 70]
1542782144301;[171, 0, 17, 255, 161, 74, 234, 233, 161, 0, 0, 250, 0, 0, 17, 0, 0, 4, 4, 103]
1542782144305;[171, 0, 17, 255, 161, 74, 234, 233, 162, 0, 0, 254, 0, 0, 17, 0, 0, 0, 4, 114]
1542782144469;[171, 0, 17, 255, 161, 74, 234, 233, 162, 0, 0, 253, 0, 0, 16, 0, 0, 3, 4, 184]
1542782144473;[171, 0, 17, 255, 161, 74, 234, 233, 162, 0, 0, 252, 0, 0, 14, 0, 0, 6, 4, 211]
1542782144641;[171, 0, 17, 255, 161, 74, 234, 233, 162, 0, 0, 255, 0, 0, 17, 0, 0, 7, 4, 226]
1542782144645;[171, 0, 17, 255, 161, 74, 234, 233, 162, 0, 0, 253, 0, 0, 16, 0, 0, 6, 4, 243]
1542782144814;[171, 0, 17, 255, 161, 74, 234, 233, 162, 0, 0, 254, 0, 0, 17, 0, 0, 3, 4, 254]
1542782144817;[171, 0, 17, 255, 161, 74, 234, 233, 162, 0, 0, 254, 0, 0, 14, 0, 0, 4, 5, 37]
1542782144985;[171, 0, 4, 255, 132, 128, 98]
1542782145160;[171, 0, 17, 255, 161, 74, 234, 233, 162, 0, 0, 253, 0, 0, 15, 0, 0, 5, 5, 128]
1542782145164;[171, 0, 17, 255, 161, 74, 234, 233, 162, 0, 0, 254, 0, 0, 16, 0, 0, 5, 5, 172]
1542782145504;[171, 0, 17, 255, 161, 74, 234, 233, 162, 0, 0, 255, 0, 0, 13, 0, 0, 3, 5, 188]
1542782145508;[171, 0, 17, 255, 161, 74, 234, 233, 163, 0, 0, 251, 0, 0, 15, 0, 0, 3, 5, 208]
1542782145512;[171, 0, 17, 255, 161, 74, 234, 233, 163, 0, 0, 251, 0, 0, 17, 0, 0, 8, 5, 220]
1542782145676;[171, 0, 17, 255, 161, 74, 234, 233, 163, 0, 0, 252, 0, 0, 16, 0, 0, 5, 6, 36]
1542782145680;[171, 0, 17, 255, 161, 74, 234, 233, 163, 0, 0, 253, 0, 0, 13, 0, 0, 10, 6, 110]
1542782145850;[171, 0, 17, 255, 161, 74, 234, 233, 163, 0, 0, 254, 0, 0, 17, 0, 0, 6, 6, 118]
1542782145855;[171, 0, 17, 255, 161, 74, 234, 233, 163, 0, 0, 253, 0, 0, 13, 1, 0, 2, 6, 109]
1542782146019;[171, 0, 17, 255, 161, 74, 234, 233, 163, 0, 0, 251, 0, 0, 21, 1, 0, 15, 6, 64]
1542782146023;[171, 0, 4, 255, 132, 128, 98]
1542782146194;[171, 0, 17, 255, 161, 74, 234, 233, 163, 0, 0, 255, 0, 0, 27, 1, 0, 22, 5, 199]
1542782146366;[171, 0, 17, 255, 161, 74, 234, 233, 163, 0, 0, 249, 0, 0, 20, 1, 0, 18, 5, 116]
1542782146370;[171, 0, 17, 255, 161, 74, 234, 233, 163, 0, 0, 250, 0, 0, 34, 1, 0, 41, 5, 37]
1542782146885;[171, 0, 17, 255, 161, 74, 234, 233, 164, 0, 0, 251, 0, 0, 17, 1, 0, 24, 4, 187]
1542782146889;[171, 0, 17, 255, 161, 74, 234, 233, 164, 0, 0, 250, 0, 0, 18, 1, 0, 19, 4, 108]
1542782146893;[171, 0, 17, 255, 161, 74, 234, 233, 164, 0, 0, 254, 0, 0, 14, 1, 0, 18, 4, 81]
1542782146897;[171, 0, 17, 255, 161, 74, 234, 233, 164, 0, 0, 251, 0, 0, 19, 1, 0, 12, 4, 149]
1542782147056;[171, 0, 17, 255, 161, 74, 234, 233, 164, 0, 0, 248, 0, 0, 5, 1, 0, 8, 4, 246]
1542782147060;[171, 0, 17, 255, 161, 74, 234, 233, 164, 0, 0, 239, 1, 0, 24, 0, 0, 146, 5, 46]
1542782147064;[171, 0, 17, 255, 161, 74, 234, 233, 164, 0, 1, 15, 0, 0, 19, 1, 0, 66, 5, 5]
1542782147229;[171, 0, 4, 255, 132, 128, 98]
1542782147233;[171, 0, 17, 255, 161, 74, 234, 233, 164, 0, 0, 225, 0, 0, 15, 0, 0, 80, 5, 38]
1542782147401;[171, 0, 17, 255, 161, 74, 234, 233, 164, 0, 1, 18, 0, 0, 9, 0, 0, 50, 5, 57]
1542782147573;[171, 0, 17, 255, 161, 74, 234, 233, 164, 0, 1, 0, 0, 0, 18, 0, 0, 28, 5, 119]
1542782147578;[171, 0, 17, 255, 161, 74, 234, 233, 165, 0, 0, 254, 0, 0, 13, 0, 0, 21, 5, 155]
1542782147746;[171, 0, 17, 255, 161, 74, 234, 233, 165, 0, 0, 253, 0, 0, 15, 0, 0, 19, 5, 188]
1542782147750;[171, 0, 17, 255, 161, 74, 234, 233, 165, 0, 0, 253, 0, 0, 13, 0, 0, 21, 5, 212]
1542782148092;[171, 0, 17, 255, 161, 74, 234, 233, 165, 0, 0, 252, 0, 0, 15, 0, 0, 14, 5, 201]
1542782148095;[171, 0, 17, 255, 161, 74, 234, 233, 165, 0, 0, 253, 0, 0, 14, 0, 0, 10, 5, 107]
1542782148099;[171, 0, 17, 255, 161, 74, 234, 233, 165, 0, 0, 253, 0, 0, 14, 0, 0, 3, 5, 63]
1542782148264;[171, 0, 17, 255, 161, 74, 234, 233, 165, 0, 0, 254, 0, 0, 16, 0, 0, 6, 5, 38]
1542782148267;[171, 0, 4, 255, 132, 128, 98]
1542782148436;[171, 0, 17, 255, 161, 74, 234, 233, 165, 0, 0, 251, 0, 0, 15, 0, 0, 6, 4, 246]
1542782148440;[171, 0, 17, 255, 161, 74, 234, 233, 165, 0, 0, 254, 0, 0, 14, 0, 0, 8, 4, 187]
1542782148609;[171, 0, 17, 255, 161, 74, 234, 233, 165, 0, 0, 252, 0, 0, 15, 0, 0, 3, 4, 114]
1542782148613;[171, 0, 17, 255, 161, 74, 234, 233, 166, 0, 0, 251, 0, 0, 10, 0, 0, 1, 4, 31]
1542782148781;[171, 0, 17, 255, 161, 74, 234, 233, 166, 0, 0, 255, 0, 0, 13, 1, 0, 4, 3, 214]
1542782148954;[171, 0, 17, 255, 161, 74, 234, 233, 166, 0, 0, 254, 0, 0, 10, 1, 0, 11, 3, 111]
1542782148958;[171, 0, 17, 255, 161, 74, 234, 233, 166, 0, 0, 252, 0, 0, 3, 1, 0, 20, 3, 13]
1542782149472;[171, 0, 17, 255, 161, 74, 234, 233, 166, 0, 0, 250, 1, 0, 5, 1, 0, 32, 2, 176]
1542782149476;[171, 0, 17, 255, 161, 74, 234, 233, 166, 0, 0, 247, 1, 0, 7, 1, 0, 44, 2, 81]
1542782149480;[171, 0, 17, 255, 161, 74, 234, 233, 166, 0, 0, 249, 1, 0, 8, 1, 0, 38, 1, 209]
1542782149484;[171, 0, 4, 255, 132, 128, 99]
1542782149644;[171, 0, 17, 255, 161, 74, 234, 233, 166, 0, 0, 249, 1, 0, 7, 1, 0, 43, 1, 94]
1542782149648;[171, 0, 17, 255, 161, 74, 234, 233, 166, 0, 0, 246, 1, 0, 13, 1, 0, 40, 0, 254]
1542782149652;[171, 0, 17, 255, 161, 74, 234, 233, 166, 0, 0, 246, 1, 0, 14, 1, 0, 48, 16, 137]
1542782149816;[171, 0, 17, 255, 161, 74, 234, 233, 167, 0, 0, 244, 1, 0, 13, 1, 0, 53, 7, 98]
1542782149820;[171, 0, 17, 255, 161, 74, 234, 233, 167, 0, 0, 247, 1, 0, 10, 1, 0, 49, 6, 235]
1542782149989;[171, 0, 17, 255, 161, 74, 234, 233, 167, 0, 0, 247, 1, 0, 13, 1, 0, 49, 6, 119]
1542782150162;[171, 0, 17, 255, 161, 74, 234, 233, 167, 0, 0, 246, 1, 0, 15, 1, 0, 51, 6, 46]
1542782150166;[171, 0, 17, 255, 161, 74, 234, 233, 167, 0, 0, 245, 1, 0, 15, 1, 0, 50, 5, 208]
1542782150334;[171, 0, 17, 255, 161, 74, 234, 233, 167, 0, 0, 245, 1, 0, 14, 1, 0, 54, 5, 111]
1542782150338;[171, 0, 17, 255, 161, 74, 234, 233, 167, 0, 0, 245, 1, 0, 17, 1, 0, 48, 5, 39]
1542782150679;[171, 0, 4, 255, 132, 128, 99]
1542782150683;[171, 0, 17, 255, 161, 74, 234, 233, 167, 0, 0, 244, 1, 0, 11, 1, 0, 51, 4, 199]
1542782150687;[171, 0, 17, 255, 161, 74, 234, 233, 167, 0, 0, 241, 1, 0, 15, 1, 0, 49, 4, 69]
1542782150851;[171, 0, 17, 255, 161, 74, 234, 233, 167, 0, 0, 245, 1, 0, 1, 1, 0, 43, 3, 217]
1542782150855;[171, 0, 17, 255, 161, 74, 234, 233, 168, 0, 0, 250, 1, 0, 1, 1, 0, 19, 3, 155]
1542782151024;[171, 0, 17, 255, 161, 74, 234, 233, 168, 0, 1, 1, 0, 0, 1, 0, 0, 1, 3, 243]
1542782151028;[171, 0, 17, 255, 161, 74, 234, 233, 168, 0, 0, 248, 0, 0, 9, 0, 0, 28, 4, 5]
1542782151198;[171, 0, 17, 255, 161, 74, 234, 233, 168, 0, 0, 241, 0, 0, 7, 0, 0, 62, 4, 51]
1542782151368;[171, 0, 17, 255, 161, 74, 234, 233, 168, 0, 0, 230, 0, 0, 8, 0, 0, 100, 4, 107]
1542782151372;[171, 0, 17, 255, 161, 74, 234, 233, 168, 0, 0, 228, 0, 0, 0, 0, 0, 115, 4, 166]
1542782151540;[171, 0, 17, 255, 161, 74, 234, 233, 170, 0, 0, 216, 0, 0, 8, 0, 0, 135, 12, 20]
1542782151887;[171, 0, 17, 255, 161, 74, 234, 233, 170, 0, 0, 215, 0, 0, 9, 0, 0, 139, 12, 126]
1542782151891;[171, 0, 17, 255, 161, 74, 234, 233, 170, 0, 0, 212, 0, 0, 8, 0, 0, 136, 12, 208]
1542782152059;[171, 0, 17, 255, 161, 74, 234, 233, 171, 0, 0, 214, 0, 0, 10, 0, 0, 138, 13, 19]
1542782152063;[171, 0, 17, 255, 161, 74, 234, 233, 171, 0, 0, 216, 0, 0, 9, 0, 0, 138, 13, 76]
1542782152231;[171, 0, 17, 255, 161, 74, 234, 233, 171, 0, 0, 215, 0, 0, 7, 0, 0, 138, 13, 161]
1542782152235;[171, 0, 17, 255, 161, 74, 234, 233, 171, 0, 0, 217, 0, 0, 11, 0, 0, 139, 14, 38]
1542782152404;[171, 0, 17, 255, 161, 74, 234, 233, 171, 0, 0, 217, 0, 0, 10, 0, 0, 135, 14, 121]
1542782152576;[171, 0, 17, 255, 161, 74, 234, 233, 171, 0, 0, 216, 0, 0, 9, 0, 0, 135, 14, 168]
1542782152580;[171, 0, 17, 255, 161, 74, 234, 233, 171, 0, 0, 215, 0, 0, 11, 0, 0, 135, 14, 223]
1542782152749;[171, 0, 4, 255, 132, 128, 99]
1542782152753;[171, 0, 17, 255, 161, 74, 234, 233, 171, 0, 0, 218, 0, 0, 8, 0, 0, 135, 14, 251]
1542782152922;[171, 0, 17, 255, 161, 74, 234, 233, 171, 0, 0, 216, 0, 0, 9, 0, 0, 133, 31, 65]
1542782152925;[171, 0, 17, 255, 161, 74, 234, 233, 171, 0, 0, 219, 0, 0, 12, 0, 0, 129, 8, 48]
1542782153267;[171, 0, 17, 255, 161, 74, 234, 233, 172, 0, 0, 222, 0, 0, 13, 0, 0, 137, 8, 72]
1542782153271;[171, 0, 17, 255, 161, 74, 234, 233, 172, 0, 0, 217, 0, 0, 13, 0, 0, 129, 8, 111]
1542782153275;[171, 0, 17, 255, 161, 74, 234, 233, 172, 0, 0, 220, 0, 0, 17, 0, 0, 122, 8, 137]
1542782153438;[171, 0, 17, 255, 161, 74, 234, 233, 172, 0, 0, 225, 0, 0, 22, 0, 0, 119, 8, 153]
1542782153442;[171, 0, 17, 255, 161, 74, 234, 233, 172, 0, 0, 228, 0, 0, 6, 0, 0, 100, 8, 235]
1542782153611;[171, 0, 17, 255, 161, 74, 234, 233, 172, 0, 0, 233, 0, 0, 13, 0, 0, 96, 9, 90]
1542782153615;[171, 0, 17, 255, 161, 74, 234, 233, 172, 0, 0, 216, 0, 0, 11, 0, 0, 110, 9, 169]
1542782153784;[171, 0, 4, 255, 132, 128, 98]
1542782153956;[171, 0, 17, 255, 161, 74, 234, 233, 172, 0, 0, 235, 0, 0, 2, 0, 0, 103, 9, 169]
1542782153960;[171, 0, 17, 255, 161, 74, 234, 233, 172, 0, 0, 233, 1, 0, 20, 0, 0, 103, 9, 83]
1542782154130;[171, 0, 17, 255, 161, 74, 234, 233, 172, 0, 0, 214, 1, 0, 6, 0, 0, 99, 8, 167]
1542782154475;[171, 0, 17, 255, 161, 74, 234, 233, 173, 0, 0, 198, 1, 0, 17, 0, 0, 137, 8, 3]
1542782154479;[171, 0, 17, 255, 161, 74, 234, 233, 173, 0, 0, 211, 1, 0, 15, 0, 0, 108, 7, 78]
1542782154483;[171, 0, 17, 255, 161, 74, 234, 233, 173, 0, 0, 218, 0, 0, 2, 0, 0, 107, 6, 134]
1542782154487;[171, 0, 17, 255, 161, 74, 234, 233, 173, 0, 0, 231, 0, 0, 6, 0, 0, 106, 6, 134]
1542782154647;[171, 0, 17, 255, 161, 74, 234, 233, 173, 0, 0, 234, 0, 0, 11, 0, 0, 96, 5, 225]
1542782154650;[171, 0, 17, 255, 161, 74, 234, 233, 173, 0, 0, 225, 0, 0, 8, 0, 0, 129, 5, 85]
1542782154819;[171, 0, 17, 255, 161, 74, 234, 233, 173, 0, 0, 227, 0, 0, 0, 0, 0, 117, 4, 231]
1542782154823;[171, 0, 4, 255, 132, 128, 98]
1542782154991;[171, 0, 17, 255, 161, 74, 234, 233, 173, 0, 0, 226, 0, 0, 1, 0, 0, 117, 4, 210]
1542782155164;[171, 0, 17, 255, 161, 74, 234, 233, 173, 0, 0, 229, 0, 0, 3, 0, 0, 118, 4, 156]
1542782155168;[171, 0, 17, 255, 161, 74, 234, 233, 173, 0, 0, 228, 1, 0, 1, 0, 0, 111, 4, 115]
1542782155337;[171, 0, 17, 255, 161, 74, 234, 233, 174, 0, 0, 228, 0, 0, 2, 0, 0, 114, 4, 88]
1542782155341;[171, 0, 17, 255, 161, 74, 234, 233, 174, 0, 0, 229, 0, 0, 1, 0, 0, 116, 4, 58]
1542782155854;[171, 0, 17, 255, 161, 74, 234, 233, 174, 0, 0, 233, 0, 0, 5, 0, 0, 106, 4, 47]
1542782155858;[171, 0, 17, 255, 161, 74, 234, 233, 174, 0, 0, 239, 1, 0, 3, 0, 0, 102, 4, 55]
1542782155862;[171, 0, 17, 255, 161, 74, 234, 233, 174, 0, 0, 238, 1, 0, 15, 0, 0, 90, 4, 62]
1542782155866;[171, 0, 17, 255, 161, 74, 234, 233, 174, 0, 1, 41, 0, 0, 0, 0, 0, 60, 3, 254]
1542782156028;[171, 0, 17, 255, 161, 74, 234, 233, 174, 0, 1, 2, 0, 0, 54, 0, 0, 123, 2, 251]
1542782156033;[171, 0, 4, 255, 132, 128, 98]
1542782156036;[171, 0, 17, 255, 161, 74, 234, 233, 174, 0, 0, 238, 0, 0, 10, 0, 0, 114, 1, 129]
1542782156199;[171, 0, 17, 255, 161, 74, 234, 233, 174, 0, 0, 233, 0, 0, 15, 0, 0, 78, 16, 117]
1542782156545;[171, 0, 17, 255, 161, 74, 234, 233, 174, 0, 0, 250, 0, 0, 20, 0, 0, 55, 7, 76]
1542782156548;[171, 0, 17, 255, 161, 74, 234, 233, 175, 0, 0, 245, 0, 0, 17, 0, 0, 75, 7, 31]
1542782156552;[171, 0, 17, 255, 161, 74, 234, 233, 175, 0, 0, 244, 0, 0, 15, 0, 0, 57, 6, 195]
1542782156557;[171, 0, 17, 255, 161, 74, 234, 233, 175, 0, 0, 240, 0, 0, 18, 0, 0, 50, 6, 27]
1542782156717;[171, 0, 17, 255, 161, 74, 234, 233, 175, 0, 0, 248, 0, 0, 13, 0, 0, 53, 5, 186]
1542782156720;[171, 0, 17, 255, 161, 74, 234, 233, 175, 0, 0, 246, 0, 0, 8, 0, 0, 58, 5, 159]
1542782157062;[171, 0, 17, 255, 161, 74, 234, 233, 175, 0, 0, 249, 0, 0, 9, 0, 0, 47, 5, 210]
1542782157065;[171, 0, 17, 255, 161, 74, 234, 233, 175, 0, 0, 249, 0, 0, 9, 0, 0, 49, 6, 5]
1542782157069;[171, 0, 4, 255, 132, 128, 98]
1542782157231;[171, 0, 17, 255, 161, 74, 234, 233, 175, 0, 0, 253, 0, 0, 14, 0, 0, 48, 6, 104]
1542782157233;[171, 0, 17, 255, 161, 74, 234, 233, 175, 0, 0, 250, 0, 0, 17, 0, 0, 48, 6, 153]
1542782157406;[171, 0, 17, 255, 161, 74, 234, 233, 175, 0, 0, 252, 0, 0, 20, 0, 0, 48, 6, 142]
1542782157410;[171, 0, 17, 255, 161, 74, 234, 233, 176, 0, 0, 247, 0, 0, 29, 0, 0, 43, 6, 91]
1542782157578;[171, 0, 17, 255, 161, 74, 234, 233, 176, 0, 1, 0, 0, 0, 25, 0, 0, 45, 6, 20]
1542782157752;[171, 0, 17, 255, 161, 74, 234, 233, 176, 0, 0, 243, 0, 0, 46, 0, 0, 92, 6, 97]
1542782157755;[171, 0, 17, 255, 161, 74, 234, 233, 176, 0, 0, 250, 0, 0, 6, 0, 0, 23, 6, 166]
1542782157924;[171, 0, 17, 255, 161, 74, 234, 233, 176, 0, 0, 229, 0, 0, 30, 1, 0, 6, 6, 185]
1542782157928;[171, 0, 17, 255, 161, 74, 234, 233, 176, 0, 1, 4, 0, 0, 41, 1, 0, 33, 6, 201]
1542782158269;[171, 0, 17, 255, 161, 74, 234, 233, 176, 0, 0, 242, 0, 0, 55, 0, 0, 67, 6, 194]
1542782158272;[171, 0, 4, 255, 132, 128, 97]
1542782158276;[171, 0, 17, 255, 161, 74, 234, 233, 176, 0, 0, 255, 0, 0, 46, 0, 0, 49, 6, 198]
1542782158442;[171, 0, 17, 255, 161, 74, 234, 233, 176, 0, 0, 247, 0, 0, 44, 0, 0, 48, 6, 238]
1542782158446;[171, 0, 17, 255, 161, 74, 234, 233, 176, 0, 0, 244, 0, 0, 48, 0, 0, 49, 7, 9]
1542782158614;[171, 0, 17, 255, 161, 74, 234, 233, 177, 0, 0, 250, 0, 0, 47, 0, 0, 38, 7, 24]
1542782158618;[171, 0, 17, 255, 161, 74, 234, 233, 177, 0, 0, 247, 0, 0, 43, 0, 0, 32, 7, 34]
1542782158786;[171, 0, 17, 255, 161, 74, 234, 233, 177, 0, 0, 247, 0, 0, 40, 0, 0, 17, 7, 7]
1542782158958;[171, 0, 17, 255, 161, 74, 234, 233, 177, 0, 0, 248, 0, 0, 41, 0, 0, 18, 6, 203]
1542782158962;[171, 0, 17, 255, 161, 74, 234, 233, 177, 0, 0, 247, 0, 0, 46, 0, 0, 3, 6, 74]
1542782159132;[171, 0, 17, 255, 161, 74, 234, 233, 177, 0, 0, 249, 0, 0, 49, 1, 0, 3, 5, 112]
1542782159135;[171, 0, 17, 255, 161, 74, 234, 233, 177, 0, 0, 243, 0, 0, 38, 1, 0, 9, 4, 68]
1542782159303;[171, 0, 4, 255, 132, 128, 98]
1542782159650;[171, 0, 17, 255, 161, 74, 234, 233, 177, 0, 0, 245, 0, 0, 33, 1, 0, 16, 3, 120]
1542782159654;[171, 0, 17, 255, 161, 74, 234, 233, 177, 0, 0, 255, 0, 0, 22, 1, 0, 36, 3, 39]
1542782159659;[171, 0, 17, 255, 161, 74, 234, 233, 177, 0, 0, 249, 0, 0, 29, 1, 0, 47, 3, 39]
1542782159663;[171, 0, 17, 255, 161, 74, 234, 233, 178, 0, 0, 248, 0, 0, 30, 1, 0, 53, 2, 230]
1542782159822;[171, 0, 17, 255, 161, 74, 234, 233, 178, 0, 0, 247, 0, 0, 28, 1, 0, 49, 2, 140]
1542782159826;[171, 0, 17, 255, 161, 74, 234, 233, 178, 0, 0, 246, 0, 0, 29, 1, 0, 48, 2, 54]
1542782159994;[171, 0, 17, 255, 161, 74, 234, 233, 178, 0, 0, 245, 0, 0, 28, 1, 0, 56, 1, 113]
1542782160166;[171, 0, 17, 255, 161, 74, 234, 233, 178, 0, 0, 242, 0, 0, 25, 1, 0, 67, 16, 193]
1542782160170;[171, 0, 17, 255, 161, 74, 234, 233, 178, 0, 0, 244, 0, 0, 28, 1, 0, 69, 7, 44]
1542782160340;[171, 0, 17, 255, 161, 74, 234, 233, 178, 0, 0, 241, 0, 0, 27, 1, 0, 71, 6, 222]
1542782160343;[171, 0, 4, 255, 132, 128, 97]
1542782160510;[171, 0, 17, 255, 161, 74, 234, 233, 178, 0, 0, 239, 0, 0, 26, 1, 0, 74, 6, 142]
1542782160514;[171, 0, 17, 255, 161, 74, 234, 233, 178, 0, 0, 240, 0, 0, 25, 1, 0, 80, 6, 60]
1542782160858;[171, 0, 17, 255, 161, 74, 234, 233, 178, 0, 0, 238, 0, 0, 23, 1, 0, 78, 6, 4]
1542782160862;[171, 0, 17, 255, 161, 74, 234, 233, 179, 0, 0, 240, 0, 0, 26, 1, 0, 80, 5, 232]
1542782160865;[171, 0, 17, 255, 161, 74, 234, 233, 179, 0, 0, 236, 0, 0, 24, 1, 0, 84, 5, 220]
1542782161029;[171, 0, 17, 255, 161, 74, 234, 233, 179, 0, 0, 235, 0, 0, 25, 1, 0, 88, 5, 236]
1542782161033;[171, 0, 17, 255, 161, 74, 234, 233, 179, 0, 0, 232, 0, 0, 22, 1, 0, 93, 6, 1]
1542782161201;[171, 0, 17, 255, 161, 74, 234, 233, 179, 0, 0, 228, 0, 0, 20, 1, 0, 99, 6, 0]
1542782161374;[171, 0, 17, 255, 161, 74, 234, 233, 179, 0, 0, 232, 0, 0, 18, 1, 0, 99, 6, 22]
1542782161377;[171, 0, 17, 255, 161, 74, 234, 233, 179, 0, 0, 234, 0, 0, 19, 1, 0, 100, 6, 35]
1542782161546;[171, 0, 4, 255, 132, 128, 97]
1542782161550;[171, 0, 17, 255, 161, 74, 234, 233, 179, 0, 0, 226, 0, 0, 20, 1, 0, 108, 6, 40]
1542782161719;[171, 0, 17, 255, 161, 74, 234, 233, 179, 0, 0, 227, 0, 0, 18, 1, 0, 111, 6, 56]
1542782161723;[171, 0, 17, 255, 161, 74, 234, 233, 179, 0, 0, 229, 0, 0, 19, 1, 0, 109, 6, 52]
1542782161891;[171, 0, 17, 255, 161, 74, 234, 233, 180, 0, 0, 226, 0, 0, 17, 1, 0, 112, 6, 61]
1542782162238;[171, 0, 17, 255, 161, 74, 234, 233, 180, 0, 0, 224, 0, 0, 15, 1, 0, 106, 6, 44]
1542782162242;[171, 0, 17, 255, 161, 74, 234, 233, 180, 0, 0, 231, 0, 0, 17, 1, 0, 109, 6, 25]
1542782162248;[171, 0, 17, 255, 161, 74, 234, 233, 180, 0, 0, 229, 0, 0, 15, 1, 0, 109, 6, 44]
1542782162253;[171, 0, 17, 255, 161, 74, 234, 233, 180, 0, 0, 226, 0, 0, 11, 1, 0, 114, 6, 76]
1542782162406;[171, 0, 17, 255, 161, 74, 234, 233, 180, 0, 0, 216, 0, 0, 11, 1, 0, 122, 5, 243]
1542782162409;[171, 0, 17, 255, 161, 74, 234, 233, 180, 0, 0, 212, 0, 0, 10, 1, 0, 130, 5, 165]
1542782162581;[171, 0, 4, 255, 132, 128, 97]
1542782162754;[171, 0, 17, 255, 161, 74, 234, 233, 180, 0, 0, 215, 0, 0, 10, 1, 0, 129, 5, 159]
1542782162757;[171, 0, 17, 255, 161, 74, 234, 233, 180, 0, 0, 220, 0, 0, 9, 1, 0, 124, 5, 122]
1542782162927;[171, 0, 17, 255, 161, 74, 234, 233, 180, 0, 0, 216, 0, 0, 10, 1, 0, 125, 5, 116]
1542782162931;[171, 0, 17, 255, 161, 74, 234, 233, 181, 0, 0, 221, 0, 0, 7, 1, 0, 122, 5, 44]
1542782163099;[171, 0, 17, 255, 161, 74, 234, 233, 181, 0, 0, 214, 0, 0, 9, 1, 0, 125, 5, 14]
1542782163445;[171, 0, 17, 255, 161, 74, 234, 233, 181, 0, 0, 215, 0, 0, 9, 1, 0, 127, 4, 233]
1542782163448;[171, 0, 17, 255, 161, 74, 234, 233, 181, 0, 0, 215, 0, 0, 11, 1, 0, 127, 4, 210]
1542782163452;[171, 0, 17, 255, 161, 74, 234, 233, 181, 0, 0, 215, 0, 0, 11, 1, 0, 128, 4, 208]
1542782163456;[171, 0, 17, 255, 161, 74, 234, 233, 181, 0, 0, 216, 0, 0, 9, 1, 0, 128, 4, 184]
1542782163616;[171, 0, 17, 255, 161, 74, 234, 233, 181, 0, 0, 217, 0, 0, 7, 1, 0, 129, 4, 153]
1542782163620;[171, 0, 4, 255, 132, 128, 97]
1542782163789;[171, 0, 17, 255, 161, 74, 234, 233, 181, 0, 0, 215, 0, 0, 8, 1, 0, 129, 4, 112]
1542782163962;[171, 0, 17, 255, 161, 74, 234, 233, 181, 0, 0, 215, 0, 0, 8, 1, 0, 127, 4, 83]
1542782163966;[171, 0, 17, 255, 161, 74, 234, 233, 181, 0, 0, 216, 0, 0, 11, 1, 0, 130, 4, 58]
1542782164308;[171, 0, 17, 255, 161, 74, 234, 233, 182, 0, 0, 211, 0, 0, 10, 1, 0, 133, 4, 71]
1542782164312;[171, 0, 17, 255, 161, 74, 234, 233, 182, 0, 0, 207, 0, 0, 10, 1, 0, 139, 4, 91]
1542782164316;[171, 0, 17, 255, 161, 74, 234, 233, 182, 0, 0, 205, 0, 0, 9, 1, 0, 144, 4, 116]
1542782164321;[171, 0, 17, 255, 161, 74, 234, 233, 182, 0, 0, 206, 0, 0, 11, 1, 0, 147, 4, 111]
1542782164826;[171, 0, 17, 255, 161, 74, 234, 233, 182, 0, 0, 204, 0, 0, 9, 1, 0, 149, 4, 124]
1542782164829;[171, 0, 17, 255, 161, 74, 234, 233, 182, 0, 0, 202, 0, 0, 10, 1, 0, 150, 4, 149]
1542782164833;[171, 0, 17, 255, 161, 74, 234, 233, 182, 0, 0, 201, 0, 0, 9, 1, 0, 153, 4, 167]
1542782164837;[171, 0, 4, 255, 132, 128, 98]
1542782164997;[171, 0, 17, 255, 161, 74, 234, 233, 182, 0, 0, 201, 0, 0, 8, 1, 0, 152, 4, 217]
1542782165000;[171, 0, 17, 255, 161, 74, 234, 233, 182, 0, 0, 202, 0, 0, 11, 1, 0, 151, 4, 208]
1542782165169;[171, 0, 17, 255, 161, 74, 234, 233, 182, 0, 0, 199, 0, 0, 12, 1, 0, 154, 4, 177]
1542782165173;[171, 0, 17, 255, 161, 74, 234, 233, 183, 0, 0, 202, 0, 0, 13, 1, 0, 151, 4, 110]
1542782165342;[171, 0, 17, 255, 161, 74, 234, 233, 183, 0, 0, 204, 0, 0, 12, 1, 0, 150, 4, 111]
1542782165345;[171, 0, 17, 255, 161, 74, 234, 233, 183, 0, 0, 203, 0, 0, 13, 1, 0, 151, 4, 118]
1542782165513;[171, 0, 17, 255, 161, 74, 234, 233, 183, 0, 0, 201, 0, 0, 13, 1, 0, 152, 4, 138]
1542782165517;[171, 0, 17, 255, 161, 74, 234, 233, 183, 0, 0, 199, 0, 0, 13, 1, 0, 153, 4, 146]
1542782165686;[171, 0, 17, 255, 161, 74, 234, 233, 183, 0, 0, 200, 0, 0, 14, 1, 0, 154, 4, 131]
1542782166033;[171, 0, 17, 255, 161, 74, 234, 233, 183, 0, 0, 198, 0, 0, 13, 1, 0, 154, 4, 124]
1542782166037;[171, 0, 4, 255, 132, 128, 98]
1542782166041;[171, 0, 17, 255, 161, 74, 234, 233, 183, 0, 0, 198, 0, 0, 14, 1, 0, 155, 4, 118]
1542782166045;[171, 0, 17, 255, 161, 74, 234, 233, 183, 0, 0, 197, 0, 0, 12, 1, 0, 156, 4, 93]
1542782166203;[171, 0, 17, 255, 161, 74, 234, 233, 183, 0, 0, 198, 0, 0, 13, 1, 0, 156, 4, 76]
1542782166376;[171, 0, 17, 255, 161, 74, 234, 233, 184, 0, 0, 200, 0, 0, 12, 1, 0, 155, 4, 71]
1542782166380;[171, 0, 17, 255, 161, 74, 234, 233, 184, 0, 0, 198, 0, 0, 15, 1, 0, 157, 4, 63]
1542782166573;[171, 0, 17, 255, 161, 74, 234, 233, 184, 0, 0, 200, 0, 0, 13, 1, 0, 156, 4, 54]
1542782166575;[171, 0, 17, 255, 161, 74, 234, 233, 184, 0, 0, 199, 0, 0, 14, 1, 0, 154, 4, 31]
1542782166721;[171, 0, 17, 255, 161, 74, 234, 233, 184, 0, 0, 200, 0, 0, 14, 1, 0, 155, 4, 22]
1542782166725;[171, 0, 17, 255, 161, 74, 234, 233, 184, 0, 0, 199, 0, 0, 15, 1, 0, 156, 4, 8]
1542782166893;[171, 0, 17, 255, 161, 74, 234, 233, 184, 0, 0, 196, 0, 0, 13, 1, 0, 156, 3, 242]
1542782167240;[171, 0, 4, 255, 132, 128, 99]
1542782167244;[171, 0, 17, 255, 161, 74, 234, 233, 184, 0, 0, 198, 0, 0, 13, 1, 0, 155, 3, 227]
1542782167248;[171, 0, 17, 255, 161, 74, 234, 233, 184, 0, 0, 200, 0, 0, 13, 1, 0, 155, 3, 209]
1542782167252;[171, 0, 17, 255, 161, 74, 234, 233, 184, 0, 0, 198, 0, 0, 14, 1, 0, 155, 3, 175]
1542782167411;[171, 0, 17, 255, 161, 74, 234, 233, 185, 0, 0, 197, 0, 0, 15, 1, 0, 155, 3, 156]
1542782167415;[171, 0, 17, 255, 161, 74, 234, 233, 185, 0, 0, 197, 0, 0, 14, 1, 0, 157, 3, 159]
1542782167580;[171, 0, 17, 255, 161, 74, 234, 233, 185, 0, 0, 200, 0, 0, 10, 1, 0, 152, 3, 106]
1542782167754;[171, 0, 17, 255, 161, 74, 234, 233, 185, 0, 0, 197, 0, 0, 13, 1, 0, 154, 3, 107]
1542782167757;[171, 0, 17, 255, 161, 74, 234, 233, 185, 0, 0, 198, 0, 0, 13, 1, 0, 156, 3, 96]
1542782167929;[171, 0, 17, 255, 161, 74, 234, 233, 185, 0, 0, 198, 0, 0, 15, 1, 0, 157, 3, 93]
1542782167933;[171, 0, 17, 255, 161, 74, 234, 233, 185, 0, 0, 194, 0, 0, 13, 1, 0, 155, 3, 49]
1542782168099;[171, 0, 4, 255, 132, 128, 98]
1542782168274;[171, 0, 17, 255, 161, 74, 234, 233, 185, 0, 0, 196, 0, 0, 14, 1, 0, 159, 3, 53]
1542782168278;[171, 0, 17, 255, 161, 74, 234, 233, 185, 0, 0, 193, 0, 0, 13, 1, 0, 160, 3, 43]
1542782168621;[171, 0, 17, 255, 161, 74, 234, 233, 185, 0, 0, 192, 0, 0, 13, 1, 0, 162, 3, 23]
1542782168625;[171, 0, 17, 255, 161, 74, 234, 233, 186, 0, 0, 191, 0, 0, 13, 1, 0, 164, 3, 14]
1542782168629;[171, 0, 17, 255, 161, 74, 234, 233, 186, 0, 0, 189, 0, 0, 14, 1, 0, 164, 3, 14]
1542782168633;[171, 0, 17, 255, 161, 74, 234, 233, 186, 0, 0, 190, 0, 0, 14, 1, 0, 165, 3, 20]
1542782168792;[171, 0, 17, 255, 161, 74, 234, 233, 186, 0, 0, 190, 0, 0, 15, 1, 0, 165, 3, 20]
1542782168964;[171, 0, 17, 255, 161, 74, 234, 233, 186, 0, 0, 189, 0, 0, 16, 1, 0, 165, 3, 18]
1542782168968;[171, 0, 17, 255, 161, 74, 234, 233, 186, 0, 0, 188, 0, 0, 13, 1, 0, 166, 3, 13]
1542782169136;[171, 0, 17, 255, 161, 74, 234, 233, 186, 0, 0, 187, 0, 0, 13, 1, 0, 167, 2, 237]
1542782169140;[171, 0, 4, 255, 132, 128, 99]
1542782169309;[171, 0, 17, 255, 161, 74, 234, 233, 186, 0, 0, 189, 0, 0, 13, 1, 0, 168, 2, 194]
1542782169313;[171, 0, 17, 255, 161, 74, 234, 233, 186, 0, 0, 185, 0, 0, 16, 1, 0, 169, 2, 180]
1542782169481;[171, 0, 17, 255, 161, 74, 234, 233, 186, 0, 0, 189, 0, 0, 14, 1, 0, 168, 2, 154]
1542782169827;[171, 0, 17, 255, 161, 74, 234, 233, 187, 0, 0, 185, 0, 0, 15, 1, 0, 170, 2, 109]
1542782169831;[171, 0, 17, 255, 161, 74, 234, 233, 187, 0, 0, 190, 0, 0, 11, 1, 0, 167, 2, 12]
1542782169835;[171, 0, 17, 255, 161, 74, 234, 233, 187, 0, 0, 192, 0, 0, 11, 1, 0, 165, 1, 255]
1542782169839;[171, 0, 17, 255, 161, 74, 234, 233, 187, 0, 0, 190, 0, 0, 13, 1, 0, 164, 2, 30]
1542782169999;[171, 0, 17, 255, 161, 74, 234, 233, 187, 0, 0, 194, 0, 0, 9, 1, 0, 166, 1, 252]
1542782170172;[171, 0, 17, 255, 161, 74, 234, 233, 187, 0, 0, 164, 0, 0, 5, 1, 0, 179, 1, 239]
1542782170176;[171, 0, 17, 255, 161, 74, 234, 233, 187, 0, 0, 148, 0, 0, 3, 1, 0, 199, 1, 228]
1542782170344;[171, 0, 4, 255, 132, 128, 99]
1542782170347;[171, 0, 17, 255, 161, 74, 234, 233, 187, 0, 0, 132, 0, 0, 8, 1, 0, 209, 1, 211]
1542782170516;[171, 0, 17, 255, 161, 74, 234, 233, 187, 0, 0, 99, 0, 0, 12, 1, 0, 215, 2, 16]
1542782170520;[171, 0, 17, 255, 161, 74, 234, 233, 187, 0, 0, 105, 0, 0, 13, 1, 0, 227, 2, 81]
1542782170688;[171, 0, 17, 255, 161, 74, 234, 233, 192, 0, 0, 101, 0, 0, 15, 1, 0, 229, 2, 32]
1542782170863;[171, 0, 17, 255, 161, 74, 234, 233, 192, 0, 0, 99, 0, 0, 14, 1, 0, 228, 1, 251]
1542782170866;[171, 0, 17, 255, 161, 74, 234, 233, 192, 0, 0, 105, 0, 0, 14, 1, 0, 227, 2, 1]
1542782171209;[171, 0, 17, 255, 161, 74, 234, 233, 192, 0, 0, 103, 0, 0, 13, 1, 0, 227, 2, 3]
1542782171212;[171, 0, 17, 255, 161, 74, 234, 233, 192, 0, 0, 107, 0, 0, 14, 1, 0, 226, 2, 6]
1542782171216;[171, 0, 17, 255, 161, 74, 234, 233, 192, 0, 0, 109, 0, 0, 13, 1, 0, 226, 1, 255]
1542782171220;[171, 0, 17, 255, 161, 74, 234, 233, 192, 0, 0, 112, 0, 0, 14, 1, 0, 224, 1, 253]
1542782171379;[171, 0, 4, 255, 132, 128, 97]
1542782171551;[171, 0, 17, 255, 161, 74, 234, 233, 192, 0, 0, 113, 0, 0, 13, 1, 0, 224, 1, 230]
1542782171555;[171, 0, 17, 255, 161, 74, 234, 233, 192, 0, 0, 120, 0, 0, 12, 1, 0, 221, 1, 204]
1542782171722;[171, 0, 17, 255, 161, 74, 234, 233, 192, 0, 0, 127, 0, 0, 7, 1, 0, 215, 1, 216]
1542782171726;[171, 0, 17, 255, 161, 74, 234, 233, 193, 0, 0, 156, 1, 0, 14, 1, 0, 202, 2, 17]
1542782171896;[171, 0, 17, 255, 161, 74, 234, 233, 193, 0, 0, 179, 0, 0, 12, 1, 0, 183, 1, 130]
1542782172070;[171, 0, 17, 255, 161, 74, 234, 233, 193, 0, 0, 197, 0, 0, 1, 1, 0, 163, 1, 9]
1542782172074;[171, 0, 17, 255, 161, 74, 234, 233, 193, 0, 0, 212, 0, 0, 11, 1, 0, 140, 16, 184]
1542782172415;[171, 0, 17, 255, 161, 74, 234, 233, 193, 0, 0, 230, 0, 0, 16, 1, 0, 123, 7, 180]
1542782172419;[171, 0, 17, 255, 161, 74, 234, 233, 193, 0, 0, 235, 0, 0, 16, 1, 0, 99, 7, 215]
1542782172423;[171, 0, 17, 255, 161, 74, 234, 233, 193, 0, 0, 244, 0, 0, 10, 1, 0, 72, 8, 4]
1542782172427;[171, 0, 4, 255, 132, 128, 97]
1542782172583;[171, 0, 17, 255, 161, 74, 234, 233, 193, 0, 0, 252, 0, 0, 12, 1, 0, 45, 7, 227]
1542782172759;[171, 0, 17, 255, 161, 74, 234, 233, 193, 0, 1, 11, 0, 0, 14, 1, 0, 12, 7, 94]
1542782172763;[171, 0, 17, 255, 161, 74, 234, 233, 193, 0, 0, 244, 0, 0, 34, 0, 0, 38, 7, 199]
1542782172932;[171, 0, 17, 255, 161, 74, 234, 233, 194, 0, 0, 244, 0, 0, 20, 0, 0, 49, 8, 20]
1542782172936;[171, 0, 17, 255, 161, 74, 234, 233, 194, 0, 0, 202, 1, 0, 2, 0, 0, 65, 8, 124]
1542782173103;[171, 0, 17, 255, 161, 74, 234, 233, 194, 0, 1, 12, 0, 0, 18, 0, 0, 90, 9, 25]
1542782173276;[171, 0, 17, 255, 161, 74, 234, 233, 194, 0, 1, 3, 0, 0, 41, 0, 0, 78, 9, 156]
1542782173280;[171, 0, 17, 255, 161, 74, 234, 233, 194, 0, 0, 234, 0, 0, 69, 0, 0, 76, 10, 142]
1542782173621;[171, 0, 17, 255, 161, 74, 234, 233, 194, 0, 0, 145, 0, 0, 5, 0, 0, 93, 11, 151]
1542782173625;[171, 0, 17, 255, 161, 74, 234, 233, 196, 0, 0, 207, 1, 0, 116, 0, 0, 11, 11, 206]
1542782173629;[171, 0, 17, 255, 161, 74, 234, 233, 196, 0, 0, 3, 1, 0, 70, 0, 0, 60, 12, 51]
1542782173795;[171, 0, 17, 255, 161, 74, 234, 233, 196, 0, 0, 59, 1, 0, 85, 1, 0, 72, 12, 226]
1542782173967;[171, 0, 17, 255, 161, 74, 234, 233, 197, 0, 0, 58, 1, 0, 213, 1, 0, 36, 13, 72]
1542782174139;[171, 0, 17, 255, 161, 74, 234, 233, 197, 1, 0, 17, 1, 1, 109, 0, 1, 114, 13, 215]
1542782174143;[171, 0, 17, 255, 161, 74, 234, 233, 197, 0, 0, 165, 1, 0, 82, 1, 0, 222, 13, 215]
1542782174311;[171, 0, 17, 255, 161, 74, 234, 233, 197, 1, 0, 138, 1, 1, 73, 0, 0, 42, 14, 54]
1542782174315;[171, 0, 17, 255, 161, 74, 234, 233, 197, 1, 0, 94, 1, 0, 219, 1, 0, 87, 15, 9]
1542782174483;[171, 0, 17, 255, 161, 74, 234, 233, 197, 1, 0, 51, 1, 0, 230, 1, 0, 64, 31, 255]
1542782174657;[171, 0, 17, 255, 161, 74, 234, 233, 197, 1, 0, 58, 1, 0, 243, 1, 0, 53, 8, 89]
1542782174660;[171, 0, 4, 255, 132, 128, 101]
1542782175002;[171, 0, 17, 255, 161, 74, 234, 233, 197, 1, 0, 62, 1, 0, 223, 1, 0, 62, 8, 149]
1542782175013;[171, 0, 17, 255, 161, 74, 234, 233, 197, 1, 0, 40, 1, 0, 238, 1, 0, 52, 9, 12]
1542782175015;[171, 0, 17, 255, 161, 74, 234, 233, 197, 1, 0, 82, 1, 0, 229, 1, 0, 24, 9, 93]
1542782175170;[171, 0, 17, 255, 161, 74, 234, 233, 198, 1, 0, 184, 1, 0, 167, 0, 0, 13, 9, 52]
1542782175172;[171, 0, 17, 255, 161, 74, 234, 233, 198, 1, 0, 241, 1, 0, 214, 1, 0, 28, 9, 253]
1542782175340;[171, 0, 17, 255, 161, 74, 234, 233, 198, 1, 0, 151, 1, 0, 174, 1, 0, 83, 9, 168]
1542782175342;[171, 0, 17, 255, 161, 74, 234, 233, 198, 1, 0, 188, 1, 0, 179, 1, 0, 100, 9, 47]
1542782175514;[171, 0, 17, 255, 161, 74, 234, 233, 198, 0, 0, 104, 1, 0, 154, 1, 0, 27, 9, 52]
1542782175516;[171, 0, 17, 255, 161, 74, 234, 233, 198, 1, 0, 92, 1, 1, 8, 1, 0, 195, 8, 234]
1542782175691;[171, 0, 17, 255, 161, 74, 234, 233, 198, 0, 0, 0, 1, 0, 221, 1, 0, 67, 8, 206]
1542782175864;[171, 0, 4, 255, 132, 128, 102]
1542782175867;[171, 0, 17, 255, 161, 74, 234, 233, 198, 1, 0, 35, 1, 0, 241, 1, 0, 93, 9, 96]
1542782176209;[171, 0, 17, 255, 161, 74, 234, 233, 198, 0, 0, 18, 1, 0, 216, 1, 0, 90, 9, 99]
1542782176213;[171, 0, 17, 255, 161, 74, 234, 233, 198, 0, 0, 45, 1, 0, 220, 1, 0, 75, 9, 73]
