1542740422418;[171, 0, 17, 255, 161, 74, 234, 48, 196, 0, 0, 199, 1, 0, 10, 1, 0, 153, 3, 233]
1542740422423;[171, 0, 17, 255, 161, 74, 234, 48, 196, 0, 0, 199, 1, 0, 10, 1, 0, 153, 3, 233]
1542740422425;[171, 0, 17, 255, 161, 74, 234, 48, 196, 0, 0, 197, 1, 0, 11, 1, 0, 151, 3, 204]
1542740422427;[171, 0, 17, 255, 161, 74, 234, 48, 196, 0, 0, 197, 1, 0, 11, 1, 0, 151, 3, 204]
1542740422428;[171, 0, 4, 255, 132, 128, 69]
1542740422430;[171, 0, 4, 255, 132, 128, 69]
1542740422448;[171, 0, 17, 255, 161, 74, 234, 48, 196, 0, 0, 197, 1, 0, 11, 1, 0, 153, 3, 177]
1542740422450;[171, 0, 17, 255, 161, 74, 234, 48, 196, 0, 0, 197, 1, 0, 11, 1, 0, 153, 3, 177]
1542740422452;[171, 0, 17, 255, 161, 74, 234, 48, 196, 0, 0, 201, 1, 0, 11, 1, 0, 150, 3, 152]
1542740422454;[171, 0, 17, 255, 161, 74, 234, 48, 196, 0, 0, 201, 1, 0, 11, 1, 0, 150, 3, 152]
1542740422456;[171, 0, 17, 255, 161, 74, 234, 48, 197, 0, 0, 201, 1, 0, 10, 1, 0, 152, 3, 125]
1542740422458;[171, 0, 17, 255, 161, 74, 234, 48, 197, 0, 0, 201, 1, 0, 10, 1, 0, 152, 3, 125]
1542740422460;[171, 0, 17, 255, 161, 74, 234, 48, 197, 0, 0, 197, 1, 0, 10, 1, 0, 152, 3, 98]
1542740422462;[171, 0, 17, 255, 161, 74, 234, 48, 197, 0, 0, 197, 1, 0, 10, 1, 0, 152, 3, 98]
1542740422464;[171, 0, 17, 255, 161, 74, 234, 48, 197, 0, 0, 199, 1, 0, 9, 1, 0, 152, 3, 96]
1542740422465;[171, 0, 17, 255, 161, 74, 234, 48, 197, 0, 0, 199, 1, 0, 9, 1, 0, 152, 3, 96]
1542740422483;[171, 0, 17, 255, 161, 74, 234, 48, 197, 0, 0, 197, 1, 0, 9, 1, 0, 153, 3, 151]
1542740422484;[171, 0, 17, 255, 161, 74, 234, 48, 197, 0, 0, 197, 1, 0, 9, 1, 0, 153, 3, 151]
1542740422486;[171, 0, 17, 255, 161, 74, 234, 48, 197, 0, 0, 197, 1, 0, 10, 1, 0, 151, 3, 185]
1542740422488;[171, 0, 17, 255, 161, 74, 234, 48, 197, 0, 0, 197, 1, 0, 10, 1, 0, 151, 3, 185]
1542740422489;[171, 0, 17, 255, 161, 74, 234, 48, 197, 0, 0, 198, 1, 0, 9, 1, 0, 152, 3, 166]
1542740422491;[171, 0, 17, 255, 161, 74, 234, 48, 197, 0, 0, 198, 1, 0, 9, 1, 0, 152, 3, 166]
1542740422493;[171, 0, 17, 255, 161, 74, 234, 48, 197, 0, 0, 198, 1, 0, 10, 1, 0, 150, 3, 152]
1542740422494;[171, 0, 17, 255, 161, 74, 234, 48, 197, 0, 0, 198, 1, 0, 10, 1, 0, 150, 3, 152]
1542740422501;[171, 0, 17, 255, 161, 74, 234, 48, 197, 0, 0, 198, 1, 0, 11, 1, 0, 152, 3, 129]
1542740422503;[171, 0, 17, 255, 161, 74, 234, 48, 197, 0, 0, 198, 1, 0, 11, 1, 0, 152, 3, 129]
1542740422504;[171, 0, 4, 255, 132, 128, 69]
1542740422506;[171, 0, 4, 255, 132, 128, 69]
1542740422508;[171, 0, 17, 255, 161, 74, 234, 48, 197, 0, 0, 197, 1, 0, 9, 1, 0, 152, 3, 104]
1542740422510;[171, 0, 17, 255, 161, 74, 234, 48, 197, 0, 0, 197, 1, 0, 9, 1, 0, 152, 3, 104]
1542740422513;[171, 0, 17, 255, 161, 74, 234, 48, 197, 0, 0, 200, 1, 0, 9, 1, 0, 150, 3, 74]
1542740422515;[171, 0, 17, 255, 161, 74, 234, 48, 197, 0, 0, 200, 1, 0, 9, 1, 0, 150, 3, 74]
1542740422516;[171, 0, 17, 255, 161, 74, 234, 48, 198, 0, 0, 199, 1, 0, 9, 1, 0, 151, 3, 32]
1542740422518;[171, 0, 17, 255, 161, 74, 234, 48, 198, 0, 0, 199, 1, 0, 9, 1, 0, 151, 3, 32]
1542740422519;[171, 0, 17, 255, 161, 74, 234, 48, 198, 0, 0, 198, 1, 0, 11, 1, 0, 152, 3, 62]
1542740422520;[171, 0, 17, 255, 161, 74, 234, 48, 198, 0, 0, 198, 1, 0, 11, 1, 0, 152, 3, 62]
1542740422522;[171, 0, 17, 255, 161, 74, 234, 48, 198, 0, 0, 200, 1, 0, 11, 1, 0, 152, 3, 127]
1542740422523;[171, 0, 17, 255, 161, 74, 234, 48, 198, 0, 0, 200, 1, 0, 11, 1, 0, 152, 3, 127]
1542740422525;[171, 0, 17, 255, 161, 74, 234, 48, 198, 0, 0, 197, 1, 0, 7, 1, 0, 150, 3, 119]
1542740422526;[171, 0, 17, 255, 161, 74, 234, 48, 198, 0, 0, 197, 1, 0, 7, 1, 0, 150, 3, 119]
1542740422527;[171, 0, 17, 255, 161, 74, 234, 48, 198, 0, 0, 198, 1, 0, 11, 1, 0, 151, 3, 97]
1542740422529;[171, 0, 17, 255, 161, 74, 234, 48, 198, 0, 0, 198, 1, 0, 11, 1, 0, 151, 3, 97]
1542740422533;[171, 0, 17, 255, 161, 74, 234, 48, 198, 0, 0, 199, 1, 0, 12, 1, 0, 151, 3, 70]
1542740422536;[171, 0, 17, 255, 161, 74, 234, 48, 198, 0, 0, 199, 1, 0, 12, 1, 0, 151, 3, 70]
1542740422543;[171, 0, 17, 255, 161, 74, 234, 48, 198, 0, 0, 198, 1, 0, 10, 1, 0, 152, 3, 37]
1542740422544;[171, 0, 17, 255, 161, 74, 234, 48, 198, 0, 0, 198, 1, 0, 10, 1, 0, 152, 3, 37]
1542740422711;[171, 0, 17, 255, 161, 74, 234, 48, 200, 0, 0, 199, 1, 0, 9, 1, 0, 152, 2, 181]
1542740422713;[171, 0, 17, 255, 161, 74, 234, 48, 200, 0, 0, 199, 1, 0, 9, 1, 0, 152, 2, 181]
1542740422884;[171, 0, 17, 255, 161, 74, 234, 48, 200, 0, 0, 198, 1, 0, 10, 1, 0, 151, 2, 222]
1542740422886;[171, 0, 17, 255, 161, 74, 234, 48, 200, 0, 0, 198, 1, 0, 10, 1, 0, 151, 2, 222]
1542740423056;[171, 0, 17, 255, 161, 74, 234, 48, 201, 0, 0, 199, 1, 0, 10, 1, 0, 153, 2, 223]
1542740423058;[171, 0, 17, 255, 161, 74, 234, 48, 201, 0, 0, 199, 1, 0, 10, 1, 0, 153, 2, 223]
1542740423060;[171, 0, 17, 255, 161, 74, 234, 48, 201, 0, 0, 197, 1, 0, 10, 1, 0, 152, 2, 209]
1542740423062;[171, 0, 17, 255, 161, 74, 234, 48, 201, 0, 0, 197, 1, 0, 10, 1, 0, 152, 2, 209]
1542740423578;[171, 0, 17, 255, 161, 74, 234, 48, 201, 0, 0, 197, 1, 0, 9, 1, 0, 151, 2, 210]
1542740423580;[171, 0, 17, 255, 161, 74, 234, 48, 201, 0, 0, 197, 1, 0, 9, 1, 0, 151, 2, 210]
1542740423582;[171, 0, 17, 255, 161, 74, 234, 48, 201, 0, 0, 198, 1, 0, 9, 1, 0, 153, 2, 196]
1542740423584;[171, 0, 17, 255, 161, 74, 234, 48, 201, 0, 0, 198, 1, 0, 9, 1, 0, 153, 2, 196]
1542740423586;[171, 0, 17, 255, 161, 74, 234, 48, 201, 0, 0, 200, 1, 0, 10, 1, 0, 152, 2, 177]
1542740423588;[171, 0, 17, 255, 161, 74, 234, 48, 201, 0, 0, 200, 1, 0, 10, 1, 0, 152, 2, 177]
1542740423591;[171, 0, 17, 255, 161, 74, 234, 48, 201, 0, 0, 199, 1, 0, 9, 1, 0, 152, 2, 142]
1542740423593;[171, 0, 17, 255, 161, 74, 234, 48, 201, 0, 0, 199, 1, 0, 9, 1, 0, 152, 2, 142]
1542740423745;[171, 0, 17, 255, 161, 74, 234, 48, 201, 0, 0, 197, 1, 0, 10, 1, 0, 152, 2, 166]
1542740423747;[171, 0, 17, 255, 161, 74, 234, 48, 201, 0, 0, 197, 1, 0, 10, 1, 0, 152, 2, 166]
1542740423749;[171, 0, 17, 255, 161, 74, 234, 48, 201, 0, 0, 199, 1, 0, 11, 1, 0, 152, 3, 15]
1542740423750;[171, 0, 17, 255, 161, 74, 234, 48, 201, 0, 0, 199, 1, 0, 11, 1, 0, 152, 3, 15]
1542740423920;[171, 0, 4, 255, 132, 128, 69]
1542740423922;[171, 0, 4, 255, 132, 128, 69]
1542740423925;[171, 0, 17, 255, 161, 74, 234, 48, 201, 0, 0, 199, 1, 0, 9, 1, 0, 152, 3, 63]
1542740423927;[171, 0, 17, 255, 161, 74, 234, 48, 201, 0, 0, 199, 1, 0, 9, 1, 0, 152, 3, 63]
1542740424092;[171, 0, 17, 255, 161, 74, 234, 48, 201, 0, 0, 199, 1, 0, 10, 1, 0, 152, 3, 65]
1542740424094;[171, 0, 17, 255, 161, 74, 234, 48, 201, 0, 0, 199, 1, 0, 10, 1, 0, 152, 3, 65]
1542740424096;[171, 0, 17, 255, 161, 74, 234, 48, 202, 0, 0, 198, 1, 0, 10, 1, 0, 151, 3, 64]
1542740424098;[171, 0, 17, 255, 161, 74, 234, 48, 202, 0, 0, 198, 1, 0, 10, 1, 0, 151, 3, 64]
1542740424264;[171, 0, 17, 255, 161, 74, 234, 48, 202, 0, 0, 199, 1, 0, 10, 1, 0, 152, 3, 61]
1542740424266;[171, 0, 17, 255, 161, 74, 234, 48, 202, 0, 0, 199, 1, 0, 10, 1, 0, 152, 3, 61]
1542740424268;[171, 0, 17, 255, 161, 74, 234, 48, 202, 0, 0, 197, 1, 0, 9, 1, 0, 151, 3, 38]
1542740424270;[171, 0, 17, 255, 161, 74, 234, 48, 202, 0, 0, 197, 1, 0, 9, 1, 0, 151, 3, 38]
1542740424437;[171, 0, 17, 255, 161, 74, 234, 48, 202, 0, 0, 198, 1, 0, 10, 1, 0, 152, 3, 12]
1542740424438;[171, 0, 17, 255, 161, 74, 234, 48, 202, 0, 0, 198, 1, 0, 10, 1, 0, 152, 3, 12]
1542740424610;[171, 0, 17, 255, 161, 74, 234, 48, 202, 0, 0, 201, 1, 0, 10, 1, 0, 153, 2, 247]
1542740424612;[171, 0, 17, 255, 161, 74, 234, 48, 202, 0, 0, 201, 1, 0, 10, 1, 0, 153, 2, 247]
1542740424614;[171, 0, 17, 255, 161, 74, 234, 48, 202, 0, 0, 198, 1, 0, 10, 1, 0, 152, 2, 253]
1542740424615;[171, 0, 17, 255, 161, 74, 234, 48, 202, 0, 0, 198, 1, 0, 10, 1, 0, 152, 2, 253]
1542740424954;[171, 0, 17, 255, 161, 74, 234, 48, 202, 0, 0, 199, 1, 0, 10, 1, 0, 151, 3, 104]
1542740424957;[171, 0, 17, 255, 161, 74, 234, 48, 202, 0, 0, 199, 1, 0, 10, 1, 0, 151, 3, 104]
1542740424959;[171, 0, 17, 255, 161, 74, 234, 48, 202, 0, 0, 199, 1, 0, 8, 1, 0, 151, 3, 156]
1542740424961;[171, 0, 17, 255, 161, 74, 234, 48, 202, 0, 0, 199, 1, 0, 8, 1, 0, 151, 3, 156]
1542740425127;[171, 0, 4, 255, 132, 128, 69]
1542740425130;[171, 0, 4, 255, 132, 128, 69]
1542740425133;[171, 0, 17, 255, 161, 74, 234, 48, 202, 0, 0, 201, 1, 0, 10, 1, 0, 151, 3, 154]
1542740425134;[171, 0, 17, 255, 161, 74, 234, 48, 202, 0, 0, 201, 1, 0, 10, 1, 0, 151, 3, 154]
1542740425137;[171, 0, 17, 255, 161, 74, 234, 48, 202, 0, 0, 197, 1, 0, 9, 1, 0, 151, 3, 142]
1542740425139;[171, 0, 17, 255, 161, 74, 234, 48, 202, 0, 0, 197, 1, 0, 9, 1, 0, 151, 3, 142]
1542740425300;[171, 0, 17, 255, 161, 74, 234, 48, 203, 0, 0, 199, 1, 0, 10, 1, 0, 150, 3, 150]
1542740425302;[171, 0, 17, 255, 161, 74, 234, 48, 203, 0, 0, 199, 1, 0, 10, 1, 0, 150, 3, 150]
1542740425305;[171, 0, 17, 255, 161, 74, 234, 48, 203, 0, 0, 199, 1, 0, 11, 1, 0, 151, 3, 146]
1542740425307;[171, 0, 17, 255, 161, 74, 234, 48, 203, 0, 0, 199, 1, 0, 11, 1, 0, 151, 3, 146]
1542740425472;[171, 0, 17, 255, 161, 74, 234, 48, 203, 0, 0, 198, 1, 0, 10, 1, 0, 152, 3, 146]
1542740425474;[171, 0, 17, 255, 161, 74, 234, 48, 203, 0, 0, 198, 1, 0, 10, 1, 0, 152, 3, 146]
1542740425476;[171, 0, 17, 255, 161, 74, 234, 48, 203, 0, 0, 197, 1, 0, 10, 1, 0, 153, 3, 137]
1542740425478;[171, 0, 17, 255, 161, 74, 234, 48, 203, 0, 0, 197, 1, 0, 10, 1, 0, 153, 3, 137]
1542740425644;[171, 0, 17, 255, 161, 74, 234, 48, 203, 0, 0, 195, 1, 0, 9, 1, 0, 151, 3, 235]
1542740425646;[171, 0, 17, 255, 161, 74, 234, 48, 203, 0, 0, 195, 1, 0, 9, 1, 0, 151, 3, 235]
1542740425818;[171, 0, 17, 255, 161, 74, 234, 48, 203, 0, 0, 200, 1, 0, 11, 1, 0, 151, 4, 55]
1542740425820;[171, 0, 17, 255, 161, 74, 234, 48, 203, 0, 0, 200, 1, 0, 11, 1, 0, 151, 4, 55]
1542740425822;[171, 0, 17, 255, 161, 74, 234, 48, 203, 0, 0, 197, 1, 0, 9, 1, 0, 152, 4, 56]
1542740425824;[171, 0, 17, 255, 161, 74, 234, 48, 203, 0, 0, 197, 1, 0, 9, 1, 0, 152, 4, 56]
1542740426164;[171, 0, 17, 255, 161, 74, 234, 48, 203, 0, 0, 199, 1, 0, 9, 1, 0, 150, 4, 46]
1542740426166;[171, 0, 17, 255, 161, 74, 234, 48, 203, 0, 0, 199, 1, 0, 9, 1, 0, 150, 4, 46]
1542740426169;[171, 0, 4, 255, 132, 128, 69]
1542740426172;[171, 0, 4, 255, 132, 128, 69]
1542740426174;[171, 0, 17, 255, 161, 74, 234, 48, 203, 0, 0, 198, 1, 0, 11, 1, 0, 151, 4, 51]
1542740426176;[171, 0, 17, 255, 161, 74, 234, 48, 203, 0, 0, 198, 1, 0, 11, 1, 0, 151, 4, 51]
1542740426178;[171, 0, 17, 255, 161, 74, 234, 48, 203, 0, 0, 198, 1, 0, 11, 1, 0, 154, 4, 33]
1542740426180;[171, 0, 17, 255, 161, 74, 234, 48, 203, 0, 0, 198, 1, 0, 11, 1, 0, 154, 4, 33]
1542740426334;[171, 0, 17, 255, 161, 74, 234, 48, 204, 0, 0, 199, 1, 0, 10, 1, 0, 152, 4, 10]
1542740426336;[171, 0, 17, 255, 161, 74, 234, 48, 204, 0, 0, 199, 1, 0, 10, 1, 0, 152, 4, 10]
1542740426508;[171, 0, 17, 255, 161, 74, 234, 48, 204, 0, 0, 198, 1, 0, 10, 1, 0, 150, 3, 234]
1542740426510;[171, 0, 17, 255, 161, 74, 234, 48, 204, 0, 0, 198, 1, 0, 10, 1, 0, 150, 3, 234]
1542740426512;[171, 0, 17, 255, 161, 74, 234, 48, 204, 0, 0, 198, 1, 0, 10, 1, 0, 153, 4, 25]
1542740426514;[171, 0, 17, 255, 161, 74, 234, 48, 204, 0, 0, 198, 1, 0, 10, 1, 0, 153, 4, 25]
1542740426679;[171, 0, 17, 255, 161, 74, 234, 48, 204, 0, 0, 199, 1, 0, 8, 1, 0, 150, 4, 130]
1542740426681;[171, 0, 17, 255, 161, 74, 234, 48, 204, 0, 0, 199, 1, 0, 8, 1, 0, 150, 4, 130]
1542740426853;[171, 0, 17, 255, 161, 74, 234, 48, 204, 0, 0, 198, 1, 0, 11, 1, 0, 150, 4, 159]
1542740426854;[171, 0, 17, 255, 161, 74, 234, 48, 204, 0, 0, 198, 1, 0, 11, 1, 0, 150, 4, 159]
1542740426856;[171, 0, 17, 255, 161, 74, 234, 48, 204, 0, 0, 197, 1, 0, 12, 1, 0, 150, 4, 144]
1542740426858;[171, 0, 17, 255, 161, 74, 234, 48, 204, 0, 0, 197, 1, 0, 12, 1, 0, 150, 4, 144]
1542740427025;[171, 0, 17, 255, 161, 74, 234, 48, 204, 0, 0, 195, 1, 0, 9, 1, 0, 151, 4, 130]
1542740427027;[171, 0, 17, 255, 161, 74, 234, 48, 204, 0, 0, 195, 1, 0, 9, 1, 0, 151, 4, 130]
1542740427029;[171, 0, 17, 255, 161, 74, 234, 48, 204, 0, 0, 197, 1, 0, 13, 1, 0, 152, 4, 115]
1542740427030;[171, 0, 17, 255, 161, 74, 234, 48, 204, 0, 0, 197, 1, 0, 13, 1, 0, 152, 4, 115]
1542740427197;[171, 0, 4, 255, 132, 128, 69]
1542740427200;[171, 0, 4, 255, 132, 128, 69]
1542740427202;[171, 0, 17, 255, 161, 74, 234, 48, 204, 0, 0, 200, 1, 0, 11, 1, 0, 151, 4, 73]
1542740427204;[171, 0, 17, 255, 161, 74, 234, 48, 204, 0, 0, 200, 1, 0, 11, 1, 0, 151, 4, 73]
1542740427545;[171, 0, 17, 255, 161, 74, 234, 48, 204, 0, 0, 198, 1, 0, 10, 1, 0, 151, 4, 37]
1542740427547;[171, 0, 17, 255, 161, 74, 234, 48, 204, 0, 0, 198, 1, 0, 10, 1, 0, 151, 4, 37]
1542740427549;[171, 0, 17, 255, 161, 74, 234, 48, 205, 0, 0, 198, 1, 0, 11, 1, 0, 152, 3, 241]
1542740427551;[171, 0, 17, 255, 161, 74, 234, 48, 205, 0, 0, 198, 1, 0, 11, 1, 0, 152, 3, 241]
1542740427553;[171, 0, 17, 255, 161, 74, 234, 48, 205, 0, 0, 199, 1, 0, 10, 1, 0, 151, 3, 207]
1542740427554;[171, 0, 17, 255, 161, 74, 234, 48, 205, 0, 0, 199, 1, 0, 10, 1, 0, 151, 3, 207]
1542740427715;[171, 0, 17, 255, 161, 74, 234, 48, 205, 0, 0, 200, 1, 0, 9, 1, 0, 151, 4, 12]
1542740427717;[171, 0, 17, 255, 161, 74, 234, 48, 205, 0, 0, 200, 1, 0, 9, 1, 0, 151, 4, 12]
1542740427719;[171, 0, 17, 255, 161, 74, 234, 48, 205, 0, 0, 201, 1, 0, 11, 1, 0, 151, 4, 65]
1542740427721;[171, 0, 17, 255, 161, 74, 234, 48, 205, 0, 0, 201, 1, 0, 11, 1, 0, 151, 4, 65]
1542740427887;[171, 0, 17, 255, 161, 74, 234, 48, 205, 0, 0, 200, 1, 0, 10, 1, 0, 150, 4, 56]
1542740427889;[171, 0, 17, 255, 161, 74, 234, 48, 205, 0, 0, 200, 1, 0, 10, 1, 0, 150, 4, 56]
1542740427892;[171, 0, 17, 255, 161, 74, 234, 48, 205, 0, 0, 197, 1, 0, 9, 1, 0, 153, 4, 30]
1542740427893;[171, 0, 17, 255, 161, 74, 234, 48, 205, 0, 0, 197, 1, 0, 9, 1, 0, 153, 4, 30]
1542740428060;[171, 0, 17, 255, 161, 74, 234, 48, 205, 0, 0, 200, 1, 0, 11, 1, 0, 152, 4, 13]
1542740428062;[171, 0, 17, 255, 161, 74, 234, 48, 205, 0, 0, 200, 1, 0, 11, 1, 0, 152, 4, 13]
1542740428064;[171, 0, 17, 255, 161, 74, 234, 48, 205, 0, 0, 197, 1, 0, 9, 1, 0, 150, 3, 245]
1542740428065;[171, 0, 17, 255, 161, 74, 234, 48, 205, 0, 0, 197, 1, 0, 9, 1, 0, 150, 3, 245]
1542740428231;[171, 0, 4, 255, 132, 128, 69]
1542740428234;[171, 0, 4, 255, 132, 128, 69]
1542740428925;[171, 0, 17, 255, 161, 74, 234, 48, 205, 0, 0, 201, 1, 0, 9, 1, 0, 151, 3, 218]
1542740428926;[171, 0, 17, 255, 161, 74, 234, 48, 205, 0, 0, 201, 1, 0, 9, 1, 0, 151, 3, 218]
1542740428929;[171, 0, 17, 255, 161, 74, 234, 48, 205, 0, 0, 197, 1, 0, 8, 1, 0, 151, 3, 179]
1542740428931;[171, 0, 17, 255, 161, 74, 234, 48, 205, 0, 0, 197, 1, 0, 8, 1, 0, 151, 3, 179]
1542740428933;[171, 0, 17, 255, 161, 74, 234, 48, 206, 0, 0, 197, 1, 0, 9, 1, 0, 153, 3, 185]
1542740428935;[171, 0, 17, 255, 161, 74, 234, 48, 206, 0, 0, 197, 1, 0, 9, 1, 0, 153, 3, 185]
1542740428938;[171, 0, 17, 255, 161, 74, 234, 48, 206, 0, 0, 198, 1, 0, 9, 1, 0, 152, 4, 4]
1542740428939;[171, 0, 17, 255, 161, 74, 234, 48, 206, 0, 0, 198, 1, 0, 9, 1, 0, 152, 4, 4]
1542740429268;[171, 0, 17, 255, 161, 74, 234, 48, 206, 0, 0, 198, 1, 0, 10, 1, 0, 151, 4, 25]
1542740429270;[171, 0, 17, 255, 161, 74, 234, 48, 206, 0, 0, 198, 1, 0, 10, 1, 0, 151, 4, 25]
1542740429273;[171, 0, 17, 255, 161, 74, 234, 48, 206, 0, 0, 199, 1, 0, 11, 1, 0, 151, 3, 255]
1542740429275;[171, 0, 17, 255, 161, 74, 234, 48, 206, 0, 0, 199, 1, 0, 11, 1, 0, 151, 3, 255]
1542740429277;[171, 0, 17, 255, 161, 74, 234, 48, 206, 0, 0, 199, 1, 0, 9, 1, 0, 152, 3, 226]
1542740429279;[171, 0, 17, 255, 161, 74, 234, 48, 206, 0, 0, 199, 1, 0, 9, 1, 0, 152, 3, 226]
1542740429281;[171, 0, 17, 255, 161, 74, 234, 48, 206, 0, 0, 196, 1, 0, 11, 1, 0, 152, 3, 201]
1542740429283;[171, 0, 17, 255, 161, 74, 234, 48, 206, 0, 0, 196, 1, 0, 11, 1, 0, 152, 3, 201]
1542740429443;[171, 0, 17, 255, 161, 74, 234, 48, 206, 0, 0, 197, 1, 0, 7, 1, 0, 151, 3, 169]
1542740429445;[171, 0, 17, 255, 161, 74, 234, 48, 206, 0, 0, 197, 1, 0, 7, 1, 0, 151, 3, 169]
1542740429447;[171, 0, 17, 255, 161, 74, 234, 48, 206, 0, 0, 198, 1, 0, 10, 1, 0, 152, 3, 133]
1542740429449;[171, 0, 17, 255, 161, 74, 234, 48, 206, 0, 0, 198, 1, 0, 10, 1, 0, 152, 3, 133]
1542740429453;[171, 0, 4, 255, 132, 128, 69]
1542740429455;[171, 0, 4, 255, 132, 128, 69]
1542740429458;[171, 0, 17, 255, 161, 74, 234, 48, 206, 0, 0, 200, 1, 0, 9, 1, 0, 152, 3, 103]
1542740429459;[171, 0, 17, 255, 161, 74, 234, 48, 206, 0, 0, 200, 1, 0, 9, 1, 0, 152, 3, 103]
1542740429613;[171, 0, 17, 255, 161, 74, 234, 48, 206, 0, 0, 200, 1, 0, 10, 1, 0, 153, 3, 174]
1542740429615;[171, 0, 17, 255, 161, 74, 234, 48, 206, 0, 0, 200, 1, 0, 10, 1, 0, 153, 3, 174]
1542740429617;[171, 0, 17, 255, 161, 74, 234, 48, 207, 0, 0, 199, 1, 0, 11, 1, 0, 152, 3, 208]
1542740429620;[171, 0, 17, 255, 161, 74, 234, 48, 207, 0, 0, 199, 1, 0, 11, 1, 0, 152, 3, 208]
1542740430131;[171, 0, 17, 255, 161, 74, 234, 48, 207, 0, 0, 200, 1, 0, 8, 1, 0, 152, 3, 186]
1542740430133;[171, 0, 17, 255, 161, 74, 234, 48, 207, 0, 0, 200, 1, 0, 8, 1, 0, 152, 3, 186]
1542740430135;[171, 0, 17, 255, 161, 74, 234, 48, 207, 0, 0, 196, 1, 0, 9, 1, 0, 152, 3, 163]
1542740430137;[171, 0, 17, 255, 161, 74, 234, 48, 207, 0, 0, 196, 1, 0, 9, 1, 0, 152, 3, 163]
1542740430140;[171, 0, 17, 255, 161, 74, 234, 48, 207, 0, 0, 200, 1, 0, 9, 1, 0, 153, 3, 131]
1542740430142;[171, 0, 17, 255, 161, 74, 234, 48, 207, 0, 0, 200, 1, 0, 9, 1, 0, 153, 3, 131]
1542740430144;[171, 0, 17, 255, 161, 74, 234, 48, 207, 0, 0, 199, 1, 0, 11, 1, 0, 151, 3, 85]
1542740430145;[171, 0, 17, 255, 161, 74, 234, 48, 207, 0, 0, 199, 1, 0, 11, 1, 0, 151, 3, 85]
1542740430302;[171, 0, 17, 255, 161, 74, 234, 48, 207, 0, 0, 198, 1, 0, 9, 1, 0, 153, 3, 56]
1542740430304;[171, 0, 17, 255, 161, 74, 234, 48, 207, 0, 0, 198, 1, 0, 9, 1, 0, 153, 3, 56]
1542740430307;[171, 0, 17, 255, 161, 74, 234, 48, 207, 0, 0, 198, 1, 0, 11, 1, 0, 153, 3, 21]
1542740430309;[171, 0, 17, 255, 161, 74, 234, 48, 207, 0, 0, 198, 1, 0, 11, 1, 0, 153, 3, 21]
1542740430311;[171, 0, 17, 255, 161, 74, 234, 48, 207, 0, 0, 198, 1, 0, 9, 1, 0, 153, 2, 238]
1542740430313;[171, 0, 17, 255, 161, 74, 234, 48, 207, 0, 0, 198, 1, 0, 9, 1, 0, 153, 2, 238]
1542740430474;[171, 0, 4, 255, 132, 128, 69]
1542740430476;[171, 0, 4, 255, 132, 128, 69]
1542740430478;[171, 0, 17, 255, 161, 74, 234, 48, 207, 0, 0, 198, 1, 0, 10, 1, 0, 150, 3, 41]
1542740430480;[171, 0, 17, 255, 161, 74, 234, 48, 207, 0, 0, 198, 1, 0, 10, 1, 0, 150, 3, 41]
1542740430647;[171, 0, 17, 255, 161, 74, 234, 48, 207, 0, 0, 198, 1, 0, 11, 1, 0, 151, 3, 77]
1542740430649;[171, 0, 17, 255, 161, 74, 234, 48, 207, 0, 0, 198, 1, 0, 11, 1, 0, 151, 3, 77]
1542740430819;[171, 0, 17, 255, 161, 74, 234, 48, 208, 0, 0, 198, 1, 0, 11, 1, 0, 151, 3, 70]
1542740430821;[171, 0, 17, 255, 161, 74, 234, 48, 208, 0, 0, 198, 1, 0, 11, 1, 0, 151, 3, 70]
1542740430992;[171, 0, 17, 255, 161, 74, 234, 48, 208, 0, 0, 200, 1, 0, 9, 1, 0, 151, 3, 43]
1542740430994;[171, 0, 17, 255, 161, 74, 234, 48, 208, 0, 0, 200, 1, 0, 9, 1, 0, 151, 3, 43]
1542740430996;[171, 0, 17, 255, 161, 74, 234, 48, 208, 0, 0, 197, 1, 0, 10, 1, 0, 151, 3, 23]
1542740430998;[171, 0, 17, 255, 161, 74, 234, 48, 208, 0, 0, 197, 1, 0, 10, 1, 0, 151, 3, 23]
1542740431000;[171, 0, 17, 255, 161, 74, 234, 48, 208, 0, 0, 199, 1, 0, 11, 1, 0, 152, 3, 0]
1542740431002;[171, 0, 17, 255, 161, 74, 234, 48, 208, 0, 0, 199, 1, 0, 11, 1, 0, 152, 3, 0]
1542740431338;[171, 0, 17, 255, 161, 74, 234, 48, 208, 0, 0, 199, 1, 0, 9, 1, 0, 152, 2, 230]
1542740431340;[171, 0, 17, 255, 161, 74, 234, 48, 208, 0, 0, 199, 1, 0, 9, 1, 0, 152, 2, 230]
1542740431343;[171, 0, 17, 255, 161, 74, 234, 48, 208, 0, 0, 198, 1, 0, 9, 1, 0, 150, 2, 199]
1542740431345;[171, 0, 17, 255, 161, 74, 234, 48, 208, 0, 0, 198, 1, 0, 9, 1, 0, 150, 2, 199]
1542740431347;[171, 0, 17, 255, 161, 74, 234, 48, 208, 0, 0, 199, 1, 0, 10, 1, 0, 152, 2, 161]
1542740431349;[171, 0, 17, 255, 161, 74, 234, 48, 208, 0, 0, 199, 1, 0, 10, 1, 0, 152, 2, 161]
1542740431511;[171, 0, 17, 255, 161, 74, 234, 48, 208, 0, 0, 200, 1, 0, 9, 1, 0, 152, 2, 170]
1542740431513;[171, 0, 17, 255, 161, 74, 234, 48, 208, 0, 0, 200, 1, 0, 9, 1, 0, 152, 2, 170]
1542740431515;[171, 0, 4, 255, 132, 128, 69]
1542740431517;[171, 0, 4, 255, 132, 128, 69]
1542740431683;[171, 0, 17, 255, 161, 74, 234, 48, 208, 0, 0, 197, 1, 0, 10, 1, 0, 152, 2, 232]
1542740431685;[171, 0, 17, 255, 161, 74, 234, 48, 208, 0, 0, 197, 1, 0, 10, 1, 0, 152, 2, 232]
1542740431687;[171, 0, 17, 255, 161, 74, 234, 48, 208, 0, 0, 200, 1, 0, 9, 1, 0, 151, 2, 246]
1542740431689;[171, 0, 17, 255, 161, 74, 234, 48, 208, 0, 0, 200, 1, 0, 9, 1, 0, 151, 2, 246]
1542740431868;[171, 0, 17, 255, 161, 74, 234, 48, 209, 0, 0, 199, 1, 0, 9, 1, 0, 153, 2, 230]
1542740431870;[171, 0, 17, 255, 161, 74, 234, 48, 209, 0, 0, 199, 1, 0, 9, 1, 0, 153, 2, 230]
1542740432027;[171, 0, 17, 255, 161, 74, 234, 48, 209, 0, 0, 199, 1, 0, 10, 1, 0, 151, 2, 222]
1542740432030;[171, 0, 17, 255, 161, 74, 234, 48, 209, 0, 0, 199, 1, 0, 10, 1, 0, 151, 2, 222]
1542740432032;[171, 0, 17, 255, 161, 74, 234, 48, 209, 0, 0, 198, 1, 0, 12, 1, 0, 151, 2, 207]
1542740432034;[171, 0, 17, 255, 161, 74, 234, 48, 209, 0, 0, 198, 1, 0, 12, 1, 0, 151, 2, 207]
1542740432547;[171, 0, 17, 255, 161, 74, 234, 48, 209, 0, 0, 200, 1, 0, 11, 1, 0, 152, 2, 173]
1542740432549;[171, 0, 17, 255, 161, 74, 234, 48, 209, 0, 0, 200, 1, 0, 11, 1, 0, 152, 2, 173]
1542740432552;[171, 0, 17, 255, 161, 74, 234, 48, 209, 0, 0, 197, 1, 0, 9, 1, 0, 151, 2, 140]
1542740432554;[171, 0, 17, 255, 161, 74, 234, 48, 209, 0, 0, 197, 1, 0, 9, 1, 0, 151, 2, 140]
1542740432556;[171, 0, 17, 255, 161, 74, 234, 48, 209, 0, 0, 198, 1, 0, 9, 1, 0, 150, 2, 123]
1542740432558;[171, 0, 17, 255, 161, 74, 234, 48, 209, 0, 0, 198, 1, 0, 9, 1, 0, 150, 2, 123]
1542740432561;[171, 0, 17, 255, 161, 74, 234, 48, 209, 0, 0, 199, 1, 0, 10, 1, 0, 150, 2, 165]
1542740432562;[171, 0, 17, 255, 161, 74, 234, 48, 209, 0, 0, 199, 1, 0, 10, 1, 0, 150, 2, 165]
1542740432717;[171, 0, 17, 255, 161, 74, 234, 48, 209, 0, 0, 201, 1, 0, 9, 1, 0, 150, 2, 182]
1542740432719;[171, 0, 17, 255, 161, 74, 234, 48, 209, 0, 0, 201, 1, 0, 9, 1, 0, 150, 2, 182]
1542740432722;[171, 0, 4, 255, 132, 128, 69]
1542740432725;[171, 0, 4, 255, 132, 128, 69]
1542740432727;[171, 0, 17, 255, 161, 74, 234, 48, 209, 0, 0, 198, 1, 0, 10, 1, 0, 151, 2, 153]
1542740432729;[171, 0, 17, 255, 161, 74, 234, 48, 209, 0, 0, 198, 1, 0, 10, 1, 0, 151, 2, 153]
1542740432890;[171, 0, 17, 255, 161, 74, 234, 48, 209, 0, 0, 199, 1, 0, 8, 1, 0, 153, 2, 127]
1542740432893;[171, 0, 17, 255, 161, 74, 234, 48, 209, 0, 0, 199, 1, 0, 8, 1, 0, 153, 2, 127]
1542740432894;[171, 0, 17, 255, 161, 74, 234, 48, 210, 0, 0, 197, 1, 0, 11, 1, 0, 151, 2, 92]
1542740432896;[171, 0, 17, 255, 161, 74, 234, 48, 210, 0, 0, 197, 1, 0, 11, 1, 0, 151, 2, 92]
1542740433060;[171, 0, 17, 255, 161, 74, 234, 48, 210, 0, 0, 200, 1, 0, 9, 1, 0, 151, 2, 68]
1542740433062;[171, 0, 17, 255, 161, 74, 234, 48, 210, 0, 0, 200, 1, 0, 9, 1, 0, 151, 2, 68]
1542740433064;[171, 0, 17, 255, 161, 74, 234, 48, 210, 0, 0, 198, 1, 0, 8, 1, 0, 152, 2, 33]
1542740433066;[171, 0, 17, 255, 161, 74, 234, 48, 210, 0, 0, 198, 1, 0, 8, 1, 0, 152, 2, 33]
1542740433234;[171, 0, 17, 255, 161, 74, 234, 48, 210, 0, 0, 198, 1, 0, 10, 1, 0, 151, 1, 242]
1542740433236;[171, 0, 17, 255, 161, 74, 234, 48, 210, 0, 0, 198, 1, 0, 10, 1, 0, 151, 1, 242]
1542740433407;[171, 0, 17, 255, 161, 74, 234, 48, 210, 0, 0, 199, 1, 0, 10, 1, 0, 152, 1, 244]
1542740433413;[171, 0, 17, 255, 161, 74, 234, 48, 210, 0, 0, 199, 1, 0, 10, 1, 0, 152, 1, 244]
1542740433415;[171, 0, 17, 255, 161, 74, 234, 48, 210, 0, 0, 195, 1, 0, 11, 1, 0, 151, 2, 41]
1542740433418;[171, 0, 17, 255, 161, 74, 234, 48, 210, 0, 0, 195, 1, 0, 11, 1, 0, 151, 2, 41]
1542740433580;[171, 0, 17, 255, 161, 74, 234, 48, 210, 0, 0, 197, 1, 0, 9, 1, 0, 149, 2, 55]
1542740433582;[171, 0, 17, 255, 161, 74, 234, 48, 210, 0, 0, 197, 1, 0, 9, 1, 0, 149, 2, 55]
1542740433585;[171, 0, 17, 255, 161, 74, 234, 48, 210, 0, 0, 199, 1, 0, 10, 1, 0, 151, 2, 36]
1542740433587;[171, 0, 17, 255, 161, 74, 234, 48, 210, 0, 0, 199, 1, 0, 10, 1, 0, 151, 2, 36]
1542740433925;[171, 0, 4, 255, 132, 128, 69]
1542740433927;[171, 0, 4, 255, 132, 128, 69]
1542740433930;[171, 0, 17, 255, 161, 74, 234, 48, 210, 0, 0, 199, 1, 0, 9, 1, 0, 152, 2, 14]
1542740433932;[171, 0, 17, 255, 161, 74, 234, 48, 210, 0, 0, 199, 1, 0, 9, 1, 0, 152, 2, 14]
1542740433934;[171, 0, 17, 255, 161, 74, 234, 48, 210, 0, 0, 200, 1, 0, 11, 1, 0, 151, 1, 236]
1542740433935;[171, 0, 17, 255, 161, 74, 234, 48, 210, 0, 0, 200, 1, 0, 11, 1, 0, 151, 1, 236]
1542740434099;[171, 0, 17, 255, 161, 74, 234, 48, 211, 0, 0, 199, 1, 0, 10, 1, 0, 151, 1, 205]
1542740434101;[171, 0, 17, 255, 161, 74, 234, 48, 211, 0, 0, 199, 1, 0, 10, 1, 0, 151, 1, 205]
1542740434103;[171, 0, 17, 255, 161, 74, 234, 48, 211, 0, 0, 199, 1, 0, 11, 1, 0, 149, 1, 170]
1542740434105;[171, 0, 17, 255, 161, 74, 234, 48, 211, 0, 0, 199, 1, 0, 11, 1, 0, 149, 1, 170]
1542740434270;[171, 0, 17, 255, 161, 74, 234, 48, 211, 0, 0, 198, 1, 0, 10, 1, 0, 153, 1, 133]
1542740434272;[171, 0, 17, 255, 161, 74, 234, 48, 211, 0, 0, 198, 1, 0, 10, 1, 0, 153, 1, 133]
1542740434274;[171, 0, 17, 255, 161, 74, 234, 48, 211, 0, 0, 200, 1, 0, 11, 1, 0, 153, 1, 110]
1542740434276;[171, 0, 17, 255, 161, 74, 234, 48, 211, 0, 0, 200, 1, 0, 11, 1, 0, 153, 1, 110]
1542740434443;[171, 0, 17, 255, 161, 74, 234, 48, 211, 0, 0, 198, 1, 0, 9, 1, 0, 151, 1, 148]
1542740434444;[171, 0, 17, 255, 161, 74, 234, 48, 211, 0, 0, 198, 1, 0, 9, 1, 0, 151, 1, 148]
1542740434614;[171, 0, 17, 255, 161, 74, 234, 48, 211, 0, 0, 199, 1, 0, 9, 1, 0, 152, 1, 187]
1542740434616;[171, 0, 17, 255, 161, 74, 234, 48, 211, 0, 0, 199, 1, 0, 9, 1, 0, 152, 1, 187]
1542740434619;[171, 0, 17, 255, 161, 74, 234, 48, 211, 0, 0, 198, 1, 0, 10, 1, 0, 150, 1, 180]
1542740434621;[171, 0, 17, 255, 161, 74, 234, 48, 211, 0, 0, 198, 1, 0, 10, 1, 0, 150, 1, 180]
1542740434787;[171, 0, 17, 255, 161, 74, 234, 48, 211, 0, 0, 197, 1, 0, 9, 1, 0, 152, 1, 170]
1542740434789;[171, 0, 17, 255, 161, 74, 234, 48, 211, 0, 0, 197, 1, 0, 9, 1, 0, 152, 1, 170]
1542740434791;[171, 0, 4, 255, 132, 128, 69]
1542740434793;[171, 0, 4, 255, 132, 128, 69]
1542740435133;[171, 0, 17, 255, 161, 74, 234, 48, 211, 0, 0, 198, 1, 0, 9, 1, 0, 151, 1, 156]
1542740435135;[171, 0, 17, 255, 161, 74, 234, 48, 211, 0, 0, 198, 1, 0, 9, 1, 0, 151, 1, 156]
1542740435137;[171, 0, 17, 255, 161, 74, 234, 48, 211, 0, 0, 200, 1, 0, 7, 1, 0, 152, 1, 137]
1542740435139;[171, 0, 17, 255, 161, 74, 234, 48, 211, 0, 0, 200, 1, 0, 7, 1, 0, 152, 1, 137]
1542740435141;[171, 0, 17, 255, 161, 74, 234, 48, 212, 0, 0, 198, 1, 0, 13, 1, 0, 153, 1, 124]
1542740435143;[171, 0, 17, 255, 161, 74, 234, 48, 212, 0, 0, 198, 1, 0, 13, 1, 0, 153, 1, 124]
1542740435306;[171, 0, 17, 255, 161, 74, 234, 48, 212, 0, 0, 196, 1, 0, 8, 1, 0, 152, 1, 108]
1542740435307;[171, 0, 17, 255, 161, 74, 234, 48, 212, 0, 0, 196, 1, 0, 8, 1, 0, 152, 1, 108]
1542740435310;[171, 0, 17, 255, 161, 74, 234, 48, 212, 0, 0, 199, 1, 0, 10, 1, 0, 152, 1, 148]
1542740435311;[171, 0, 17, 255, 161, 74, 234, 48, 212, 0, 0, 199, 1, 0, 10, 1, 0, 152, 1, 148]
1542740435477;[171, 0, 17, 255, 161, 74, 234, 48, 212, 0, 0, 198, 1, 0, 10, 1, 0, 152, 1, 201]
1542740435479;[171, 0, 17, 255, 161, 74, 234, 48, 212, 0, 0, 198, 1, 0, 10, 1, 0, 152, 1, 201]
1542740435482;[171, 0, 17, 255, 161, 74, 234, 48, 212, 0, 0, 201, 1, 0, 9, 1, 0, 152, 1, 214]
1542740435484;[171, 0, 17, 255, 161, 74, 234, 48, 212, 0, 0, 201, 1, 0, 9, 1, 0, 152, 1, 214]
1542740435822;[171, 0, 17, 255, 161, 74, 234, 48, 212, 0, 0, 197, 1, 0, 9, 1, 0, 153, 1, 206]
1542740435824;[171, 0, 17, 255, 161, 74, 234, 48, 212, 0, 0, 197, 1, 0, 9, 1, 0, 153, 1, 206]
1542740435826;[171, 0, 17, 255, 161, 74, 234, 48, 212, 0, 0, 198, 1, 0, 10, 1, 0, 152, 1, 194]
1542740435828;[171, 0, 17, 255, 161, 74, 234, 48, 212, 0, 0, 198, 1, 0, 10, 1, 0, 152, 1, 194]
1542740435831;[171, 0, 17, 255, 161, 74, 234, 48, 212, 0, 0, 200, 1, 0, 9, 1, 0, 152, 1, 173]
1542740435833;[171, 0, 17, 255, 161, 74, 234, 48, 212, 0, 0, 200, 1, 0, 9, 1, 0, 152, 1, 173]
1542740435996;[171, 0, 4, 255, 132, 128, 69]
1542740435998;[171, 0, 4, 255, 132, 128, 69]
1542740436001;[171, 0, 17, 255, 161, 74, 234, 48, 212, 0, 0, 198, 1, 0, 9, 1, 0, 151, 1, 162]
1542740436003;[171, 0, 17, 255, 161, 74, 234, 48, 212, 0, 0, 198, 1, 0, 9, 1, 0, 151, 1, 162]
1542740436516;[171, 0, 17, 255, 161, 74, 234, 48, 212, 0, 0, 198, 1, 0, 8, 1, 0, 152, 1, 120]
1542740436518;[171, 0, 17, 255, 161, 74, 234, 48, 212, 0, 0, 198, 1, 0, 8, 1, 0, 152, 1, 120]
1542740436523;[171, 0, 17, 255, 161, 74, 234, 48, 213, 0, 0, 198, 1, 0, 10, 1, 0, 153, 1, 136]
1542740436524;[171, 0, 17, 255, 161, 74, 234, 48, 213, 0, 0, 198, 1, 0, 10, 1, 0, 153, 1, 136]
1542740436526;[171, 0, 17, 255, 161, 74, 234, 48, 213, 0, 0, 198, 1, 0, 11, 1, 0, 152, 1, 199]
1542740436528;[171, 0, 17, 255, 161, 74, 234, 48, 213, 0, 0, 198, 1, 0, 11, 1, 0, 152, 1, 199]
1542740436531;[171, 0, 17, 255, 161, 74, 234, 48, 213, 0, 0, 199, 1, 0, 11, 1, 0, 152, 1, 210]
1542740436533;[171, 0, 17, 255, 161, 74, 234, 48, 213, 0, 0, 199, 1, 0, 11, 1, 0, 152, 1, 210]
1542740436686;[171, 0, 17, 255, 161, 74, 234, 48, 213, 0, 0, 199, 1, 0, 10, 1, 0, 151, 1, 196]
1542740436688;[171, 0, 17, 255, 161, 74, 234, 48, 213, 0, 0, 199, 1, 0, 10, 1, 0, 151, 1, 196]
1542740436691;[171, 0, 17, 255, 161, 74, 234, 48, 213, 0, 0, 197, 1, 0, 10, 1, 0, 151, 1, 186]
1542740436693;[171, 0, 17, 255, 161, 74, 234, 48, 213, 0, 0, 197, 1, 0, 10, 1, 0, 151, 1, 186]
1542740436695;[171, 0, 17, 255, 161, 74, 234, 48, 213, 0, 0, 198, 1, 0, 9, 1, 0, 152, 1, 169]
1542740436697;[171, 0, 17, 255, 161, 74, 234, 48, 213, 0, 0, 198, 1, 0, 9, 1, 0, 152, 1, 169]
1542740436857;[171, 0, 17, 255, 161, 74, 234, 48, 213, 0, 0, 201, 1, 0, 11, 1, 0, 150, 1, 144]
1542740436859;[171, 0, 17, 255, 161, 74, 234, 48, 213, 0, 0, 201, 1, 0, 11, 1, 0, 150, 1, 144]
1542740436861;[171, 0, 17, 255, 161, 74, 234, 48, 213, 0, 0, 200, 1, 0, 10, 1, 0, 150, 1, 111]
1542740436863;[171, 0, 17, 255, 161, 74, 234, 48, 213, 0, 0, 200, 1, 0, 10, 1, 0, 150, 1, 111]
1542740437030;[171, 0, 4, 255, 132, 128, 69]
1542740437033;[171, 0, 4, 255, 132, 128, 69]
1542740437202;[171, 0, 17, 255, 161, 74, 234, 48, 213, 0, 0, 199, 1, 0, 9, 1, 0, 152, 1, 76]
1542740437204;[171, 0, 17, 255, 161, 74, 234, 48, 213, 0, 0, 199, 1, 0, 9, 1, 0, 152, 1, 76]
1542740437206;[171, 0, 17, 255, 161, 74, 234, 48, 213, 0, 0, 198, 1, 0, 11, 1, 0, 151, 1, 41]
1542740437208;[171, 0, 17, 255, 161, 74, 234, 48, 213, 0, 0, 198, 1, 0, 11, 1, 0, 151, 1, 41]
1542740437374;[171, 0, 17, 255, 161, 74, 234, 48, 214, 0, 0, 200, 1, 0, 10, 1, 0, 153, 1, 86]
1542740437376;[171, 0, 17, 255, 161, 74, 234, 48, 214, 0, 0, 200, 1, 0, 10, 1, 0, 153, 1, 86]
1542740437378;[171, 0, 17, 255, 161, 74, 234, 48, 214, 0, 0, 198, 1, 0, 10, 1, 0, 153, 1, 114]
1542740437380;[171, 0, 17, 255, 161, 74, 234, 48, 214, 0, 0, 198, 1, 0, 10, 1, 0, 153, 1, 114]
1542740437723;[171, 0, 17, 255, 161, 74, 234, 48, 214, 0, 0, 199, 1, 0, 9, 1, 0, 151, 1, 97]
1542740437727;[171, 0, 17, 255, 161, 74, 234, 48, 214, 0, 0, 199, 1, 0, 9, 1, 0, 151, 1, 97]
1542740437729;[171, 0, 17, 255, 161, 74, 234, 48, 214, 0, 0, 199, 1, 0, 10, 1, 0, 151, 1, 78]
1542740437731;[171, 0, 17, 255, 161, 74, 234, 48, 214, 0, 0, 199, 1, 0, 10, 1, 0, 151, 1, 78]
1542740437751;[171, 0, 17, 255, 161, 74, 234, 48, 214, 0, 0, 199, 1, 0, 9, 1, 0, 153, 1, 48]
1542740437753;[171, 0, 17, 255, 161, 74, 234, 48, 214, 0, 0, 199, 1, 0, 9, 1, 0, 153, 1, 48]
1542740437892;[171, 0, 17, 255, 161, 74, 234, 48, 214, 0, 0, 198, 1, 0, 11, 1, 0, 150, 1, 20]
1542740437894;[171, 0, 17, 255, 161, 74, 234, 48, 214, 0, 0, 198, 1, 0, 11, 1, 0, 150, 1, 20]
1542740437897;[171, 0, 17, 255, 161, 74, 234, 48, 214, 0, 0, 199, 1, 0, 9, 1, 0, 152, 0, 249]
1542740437899;[171, 0, 17, 255, 161, 74, 234, 48, 214, 0, 0, 199, 1, 0, 9, 1, 0, 152, 0, 249]
1542740438064;[171, 0, 17, 255, 161, 74, 234, 48, 214, 0, 0, 199, 1, 0, 10, 1, 0, 153, 0, 212]
1542740438066;[171, 0, 17, 255, 161, 74, 234, 48, 214, 0, 0, 199, 1, 0, 10, 1, 0, 153, 0, 212]
1542740438070;[171, 0, 4, 255, 132, 128, 69]
1542740438073;[171, 0, 4, 255, 132, 128, 69]
1542740438235;[171, 0, 17, 255, 161, 74, 234, 48, 214, 0, 0, 200, 1, 0, 10, 1, 0, 152, 0, 212]
1542740438236;[171, 0, 17, 255, 161, 74, 234, 48, 214, 0, 0, 200, 1, 0, 10, 1, 0, 152, 0, 212]
1542740438411;[171, 0, 17, 255, 161, 74, 234, 48, 214, 0, 0, 198, 1, 0, 8, 1, 0, 150, 1, 7]
1542740438413;[171, 0, 17, 255, 161, 74, 234, 48, 214, 0, 0, 198, 1, 0, 8, 1, 0, 150, 1, 7]
1542740438415;[171, 0, 17, 255, 161, 74, 234, 48, 215, 0, 0, 199, 1, 0, 11, 1, 0, 150, 1, 45]
1542740438420;[171, 0, 17, 255, 161, 74, 234, 48, 215, 0, 0, 199, 1, 0, 11, 1, 0, 150, 1, 45]
1542740438582;[171, 0, 17, 255, 161, 74, 234, 48, 215, 0, 0, 200, 1, 0, 9, 1, 0, 151, 1, 50]
1542740438584;[171, 0, 17, 255, 161, 74, 234, 48, 215, 0, 0, 200, 1, 0, 9, 1, 0, 151, 1, 50]
1542740438587;[171, 0, 17, 255, 161, 74, 234, 48, 215, 0, 0, 199, 1, 0, 9, 1, 0, 151, 1, 43]
1542740438589;[171, 0, 17, 255, 161, 74, 234, 48, 215, 0, 0, 199, 1, 0, 9, 1, 0, 151, 1, 43]
1542740438928;[171, 0, 17, 255, 161, 74, 234, 48, 215, 0, 0, 199, 1, 0, 9, 1, 0, 151, 1, 34]
1542740438932;[171, 0, 17, 255, 161, 74, 234, 48, 215, 0, 0, 199, 1, 0, 9, 1, 0, 151, 1, 34]
1542740438934;[171, 0, 17, 255, 161, 74, 234, 48, 215, 0, 0, 195, 1, 0, 11, 1, 0, 152, 1, 24]
1542740438936;[171, 0, 17, 255, 161, 74, 234, 48, 215, 0, 0, 195, 1, 0, 11, 1, 0, 152, 1, 24]
1542740438938;[171, 0, 17, 255, 161, 74, 234, 48, 215, 0, 0, 200, 1, 0, 11, 1, 0, 151, 1, 8]
1542740438939;[171, 0, 17, 255, 161, 74, 234, 48, 215, 0, 0, 200, 1, 0, 11, 1, 0, 151, 1, 8]
1542740439099;[171, 0, 17, 255, 161, 74, 234, 48, 215, 0, 0, 197, 1, 0, 12, 1, 0, 152, 0, 239]
1542740439101;[171, 0, 17, 255, 161, 74, 234, 48, 215, 0, 0, 197, 1, 0, 12, 1, 0, 152, 0, 239]
1542740439103;[171, 0, 17, 255, 161, 74, 234, 48, 215, 0, 0, 197, 1, 0, 10, 1, 0, 151, 1, 22]
1542740439105;[171, 0, 17, 255, 161, 74, 234, 48, 215, 0, 0, 197, 1, 0, 10, 1, 0, 151, 1, 22]
1542740439271;[171, 0, 4, 255, 132, 128, 69]
1542740439275;[171, 0, 4, 255, 132, 128, 69]
1542740439277;[171, 0, 17, 255, 161, 74, 234, 48, 215, 0, 0, 199, 1, 0, 11, 1, 0, 152, 1, 65]
1542740439279;[171, 0, 17, 255, 161, 74, 234, 48, 215, 0, 0, 199, 1, 0, 11, 1, 0, 152, 1, 65]
1542740439444;[171, 0, 17, 255, 161, 74, 234, 48, 215, 0, 0, 199, 1, 0, 11, 1, 0, 151, 1, 81]
1542740439446;[171, 0, 17, 255, 161, 74, 234, 48, 215, 0, 0, 199, 1, 0, 11, 1, 0, 151, 1, 81]
1542740439618;[171, 0, 17, 255, 161, 74, 234, 48, 216, 0, 0, 199, 1, 0, 11, 1, 0, 153, 1, 63]
1542740439619;[171, 0, 17, 255, 161, 74, 234, 48, 216, 0, 0, 199, 1, 0, 11, 1, 0, 153, 1, 63]
1542740439622;[171, 0, 17, 255, 161, 74, 234, 48, 216, 0, 0, 198, 1, 0, 9, 1, 0, 152, 1, 48]
1542740439623;[171, 0, 17, 255, 161, 74, 234, 48, 216, 0, 0, 198, 1, 0, 9, 1, 0, 152, 1, 48]
1542740439789;[171, 0, 17, 255, 161, 74, 234, 48, 216, 0, 0, 198, 1, 0, 11, 1, 0, 152, 1, 39]
1542740439791;[171, 0, 17, 255, 161, 74, 234, 48, 216, 0, 0, 198, 1, 0, 11, 1, 0, 152, 1, 39]
1542740439794;[171, 0, 17, 255, 161, 74, 234, 48, 216, 0, 0, 200, 1, 0, 9, 1, 0, 151, 1, 15]
1542740439796;[171, 0, 17, 255, 161, 74, 234, 48, 216, 0, 0, 200, 1, 0, 9, 1, 0, 151, 1, 15]
1542740439962;[171, 0, 17, 255, 161, 74, 234, 48, 216, 0, 0, 199, 1, 0, 11, 1, 0, 153, 0, 242]
1542740439964;[171, 0, 17, 255, 161, 74, 234, 48, 216, 0, 0, 199, 1, 0, 11, 1, 0, 153, 0, 242]
1542740439966;[171, 0, 17, 255, 161, 74, 234, 48, 216, 0, 0, 198, 1, 0, 8, 1, 0, 153, 0, 221]
1542740439968;[171, 0, 17, 255, 161, 74, 234, 48, 216, 0, 0, 198, 1, 0, 8, 1, 0, 153, 0, 221]
1542740440483;[171, 0, 17, 255, 161, 74, 234, 48, 216, 0, 0, 200, 1, 0, 9, 1, 0, 151, 0, 250]
1542740440485;[171, 0, 17, 255, 161, 74, 234, 48, 216, 0, 0, 200, 1, 0, 9, 1, 0, 151, 0, 250]
1542740440488;[171, 0, 17, 255, 161, 74, 234, 48, 216, 0, 0, 201, 1, 0, 8, 1, 0, 152, 1, 41]
1542740440490;[171, 0, 17, 255, 161, 74, 234, 48, 216, 0, 0, 201, 1, 0, 8, 1, 0, 152, 1, 41]
1542740440491;[171, 0, 4, 255, 132, 128, 69]
1542740440493;[171, 0, 4, 255, 132, 128, 69]
1542740440497;[171, 0, 17, 255, 161, 74, 234, 48, 216, 0, 0, 196, 1, 0, 10, 1, 0, 151, 1, 44]
1542740440498;[171, 0, 17, 255, 161, 74, 234, 48, 216, 0, 0, 196, 1, 0, 10, 1, 0, 151, 1, 44]
1542740440652;[171, 0, 17, 255, 161, 74, 234, 48, 216, 0, 0, 199, 1, 0, 10, 1, 0, 153, 1, 33]
1542740440654;[171, 0, 17, 255, 161, 74, 234, 48, 216, 0, 0, 199, 1, 0, 10, 1, 0, 153, 1, 33]
1542740440657;[171, 0, 17, 255, 161, 74, 234, 48, 217, 0, 0, 197, 1, 0, 9, 1, 0, 153, 1, 24]
1542740440662;[171, 0, 17, 255, 161, 74, 234, 48, 217, 0, 0, 197, 1, 0, 9, 1, 0, 153, 1, 24]
1542740440823;[171, 0, 17, 255, 161, 74, 234, 48, 217, 0, 0, 199, 1, 0, 10, 1, 0, 151, 1, 9]
1542740440825;[171, 0, 17, 255, 161, 74, 234, 48, 217, 0, 0, 199, 1, 0, 10, 1, 0, 151, 1, 9]
1542740440828;[171, 0, 17, 255, 161, 74, 234, 48, 217, 0, 0, 198, 1, 0, 10, 1, 0, 154, 0, 251]
1542740440829;[171, 0, 17, 255, 161, 74, 234, 48, 217, 0, 0, 198, 1, 0, 10, 1, 0, 154, 0, 251]
1542740440998;[171, 0, 17, 255, 161, 74, 234, 48, 217, 0, 0, 198, 1, 0, 9, 1, 0, 153, 0, 239]
1542740440999;[171, 0, 17, 255, 161, 74, 234, 48, 217, 0, 0, 198, 1, 0, 9, 1, 0, 153, 0, 239]
1542740441002;[171, 0, 17, 255, 161, 74, 234, 48, 217, 0, 0, 200, 1, 0, 10, 1, 0, 153, 0, 211]
1542740441003;[171, 0, 17, 255, 161, 74, 234, 48, 217, 0, 0, 200, 1, 0, 10, 1, 0, 153, 0, 211]
1542740441169;[171, 0, 17, 255, 161, 74, 234, 48, 217, 0, 0, 198, 1, 0, 10, 1, 0, 151, 1, 3]
1542740441170;[171, 0, 17, 255, 161, 74, 234, 48, 217, 0, 0, 198, 1, 0, 10, 1, 0, 151, 1, 3]
1542740441173;[171, 0, 17, 255, 161, 74, 234, 48, 217, 0, 0, 198, 1, 0, 8, 1, 0, 151, 1, 59]
1542740441175;[171, 0, 17, 255, 161, 74, 234, 48, 217, 0, 0, 198, 1, 0, 8, 1, 0, 151, 1, 59]
1542740441522;[171, 0, 17, 255, 161, 74, 234, 48, 217, 0, 0, 200, 1, 0, 10, 1, 0, 152, 1, 79]
1542740441523;[171, 0, 17, 255, 161, 74, 234, 48, 217, 0, 0, 200, 1, 0, 10, 1, 0, 152, 1, 79]
1542740441525;[171, 0, 4, 255, 132, 128, 69]
1542740441527;[171, 0, 4, 255, 132, 128, 69]
1542740441530;[171, 0, 17, 255, 161, 74, 234, 48, 217, 0, 0, 198, 1, 0, 9, 1, 0, 153, 1, 81]
1542740441531;[171, 0, 17, 255, 161, 74, 234, 48, 217, 0, 0, 198, 1, 0, 9, 1, 0, 153, 1, 81]
1542740441686;[171, 0, 17, 255, 161, 74, 234, 48, 217, 0, 0, 202, 1, 0, 11, 1, 0, 152, 1, 80]
1542740441688;[171, 0, 17, 255, 161, 74, 234, 48, 217, 0, 0, 202, 1, 0, 11, 1, 0, 152, 1, 80]
1542740441691;[171, 0, 17, 255, 161, 74, 234, 48, 218, 0, 0, 199, 1, 0, 10, 1, 0, 152, 1, 77]
1542740441693;[171, 0, 17, 255, 161, 74, 234, 48, 218, 0, 0, 199, 1, 0, 10, 1, 0, 152, 1, 77]
1542740441860;[171, 0, 17, 255, 161, 74, 234, 48, 218, 0, 0, 201, 1, 0, 9, 1, 0, 151, 1, 81]
1542740441862;[171, 0, 17, 255, 161, 74, 234, 48, 218, 0, 0, 201, 1, 0, 9, 1, 0, 151, 1, 81]
1542740441864;[171, 0, 17, 255, 161, 74, 234, 48, 218, 0, 0, 200, 1, 0, 10, 1, 0, 151, 1, 67]
1542740441866;[171, 0, 17, 255, 161, 74, 234, 48, 218, 0, 0, 200, 1, 0, 10, 1, 0, 151, 1, 67]
1542740442205;[171, 0, 17, 255, 161, 74, 234, 48, 218, 0, 0, 198, 1, 0, 9, 1, 0, 151, 1, 104]
1542740442207;[171, 0, 17, 255, 161, 74, 234, 48, 218, 0, 0, 198, 1, 0, 9, 1, 0, 151, 1, 104]
1542740442210;[171, 0, 17, 255, 161, 74, 234, 48, 218, 0, 0, 195, 1, 0, 11, 1, 0, 151, 1, 170]
1542740442211;[171, 0, 17, 255, 161, 74, 234, 48, 218, 0, 0, 195, 1, 0, 11, 1, 0, 151, 1, 170]
1542740442214;[171, 0, 17, 255, 161, 74, 234, 48, 218, 0, 0, 201, 1, 0, 10, 1, 0, 152, 1, 188]
1542740442216;[171, 0, 17, 255, 161, 74, 234, 48, 218, 0, 0, 201, 1, 0, 10, 1, 0, 152, 1, 188]
1542740442551;[171, 0, 17, 255, 161, 74, 234, 48, 218, 0, 0, 198, 1, 0, 12, 1, 0, 153, 1, 176]
1542740442553;[171, 0, 17, 255, 161, 74, 234, 48, 218, 0, 0, 198, 1, 0, 12, 1, 0, 153, 1, 176]
1542740442555;[171, 0, 17, 255, 161, 74, 234, 48, 218, 0, 0, 197, 1, 0, 10, 1, 0, 151, 1, 149]
1542740442557;[171, 0, 17, 255, 161, 74, 234, 48, 218, 0, 0, 197, 1, 0, 10, 1, 0, 151, 1, 149]
1542740442559;[171, 0, 4, 255, 132, 128, 68]
1542740442561;[171, 0, 4, 255, 132, 128, 68]
1542740442897;[171, 0, 17, 255, 161, 74, 234, 48, 218, 0, 0, 197, 1, 0, 12, 1, 0, 152, 1, 123]
1542740442899;[171, 0, 17, 255, 161, 74, 234, 48, 218, 0, 0, 197, 1, 0, 12, 1, 0, 152, 1, 123]
1542740442901;[171, 0, 17, 255, 161, 74, 234, 48, 218, 0, 0, 199, 1, 0, 12, 1, 0, 151, 1, 101]
1542740442903;[171, 0, 17, 255, 161, 74, 234, 48, 218, 0, 0, 199, 1, 0, 12, 1, 0, 151, 1, 101]
1542740442906;[171, 0, 17, 255, 161, 74, 234, 48, 219, 0, 0, 201, 1, 0, 9, 1, 0, 151, 1, 69]
1542740442909;[171, 0, 17, 255, 161, 74, 234, 48, 219, 0, 0, 201, 1, 0, 9, 1, 0, 151, 1, 69]
1542740442911;[171, 0, 17, 255, 161, 74, 234, 48, 219, 0, 0, 199, 1, 0, 10, 1, 0, 152, 1, 34]
1542740442913;[171, 0, 17, 255, 161, 74, 234, 48, 219, 0, 0, 199, 1, 0, 10, 1, 0, 152, 1, 34]
1542740443067;[171, 0, 17, 255, 161, 74, 234, 48, 219, 0, 0, 198, 1, 0, 9, 1, 0, 151, 1, 97]
1542740443069;[171, 0, 17, 255, 161, 74, 234, 48, 219, 0, 0, 198, 1, 0, 9, 1, 0, 151, 1, 97]
1542740443071;[171, 0, 17, 255, 161, 74, 234, 48, 219, 0, 0, 200, 1, 0, 8, 1, 0, 150, 1, 142]
1542740443073;[171, 0, 17, 255, 161, 74, 234, 48, 219, 0, 0, 200, 1, 0, 8, 1, 0, 150, 1, 142]
1542740443239;[171, 0, 17, 255, 161, 74, 234, 48, 219, 0, 0, 198, 1, 0, 11, 1, 0, 151, 1, 145]
1542740443241;[171, 0, 17, 255, 161, 74, 234, 48, 219, 0, 0, 198, 1, 0, 11, 1, 0, 151, 1, 145]
1542740443417;[171, 0, 17, 255, 161, 74, 234, 48, 219, 0, 0, 200, 1, 0, 9, 1, 0, 153, 1, 123]
1542740443419;[171, 0, 17, 255, 161, 74, 234, 48, 219, 0, 0, 200, 1, 0, 9, 1, 0, 153, 1, 123]
1542740443428;[171, 0, 17, 255, 161, 74, 234, 48, 219, 0, 0, 197, 1, 0, 11, 1, 0, 151, 1, 108]
1542740443430;[171, 0, 17, 255, 161, 74, 234, 48, 219, 0, 0, 197, 1, 0, 11, 1, 0, 151, 1, 108]
1542740443586;[171, 0, 17, 255, 161, 74, 234, 48, 219, 0, 0, 199, 1, 0, 11, 1, 0, 152, 1, 94]
1542740443588;[171, 0, 17, 255, 161, 74, 234, 48, 219, 0, 0, 199, 1, 0, 11, 1, 0, 152, 1, 94]
1542740443589;[171, 0, 4, 255, 132, 128, 69]
1542740443592;[171, 0, 4, 255, 132, 128, 69]
1542740443758;[171, 0, 17, 255, 161, 74, 234, 48, 219, 0, 0, 199, 1, 0, 10, 1, 0, 152, 1, 58]
1542740443759;[171, 0, 17, 255, 161, 74, 234, 48, 219, 0, 0, 199, 1, 0, 10, 1, 0, 152, 1, 58]
1542740443762;[171, 0, 17, 255, 161, 74, 234, 48, 219, 0, 0, 200, 1, 0, 9, 1, 0, 151, 1, 37]
1542740443763;[171, 0, 17, 255, 161, 74, 234, 48, 219, 0, 0, 200, 1, 0, 9, 1, 0, 151, 1, 37]
1542740444102;[171, 0, 17, 255, 161, 74, 234, 48, 220, 0, 0, 201, 1, 0, 10, 1, 0, 151, 1, 13]
1542740444103;[171, 0, 17, 255, 161, 74, 234, 48, 220, 0, 0, 201, 1, 0, 10, 1, 0, 151, 1, 13]
1542740444277;[171, 0, 17, 255, 161, 74, 234, 48, 220, 0, 0, 201, 1, 0, 10, 1, 0, 151, 1, 53]
1542740444279;[171, 0, 17, 255, 161, 74, 234, 48, 220, 0, 0, 201, 1, 0, 10, 1, 0, 151, 1, 53]
1542740444281;[171, 0, 17, 255, 161, 74, 234, 48, 220, 0, 0, 198, 1, 0, 10, 1, 0, 152, 1, 105]
1542740444283;[171, 0, 17, 255, 161, 74, 234, 48, 220, 0, 0, 198, 1, 0, 10, 1, 0, 152, 1, 105]
1542740444286;[171, 0, 17, 255, 161, 74, 234, 48, 220, 0, 0, 198, 1, 0, 8, 1, 0, 151, 1, 110]
1542740444287;[171, 0, 17, 255, 161, 74, 234, 48, 220, 0, 0, 198, 1, 0, 8, 1, 0, 151, 1, 110]
1542740444290;[171, 0, 17, 255, 161, 74, 234, 48, 220, 0, 0, 199, 1, 0, 10, 1, 0, 151, 1, 102]
1542740444291;[171, 0, 17, 255, 161, 74, 234, 48, 220, 0, 0, 199, 1, 0, 10, 1, 0, 151, 1, 102]
1542740444446;[171, 0, 17, 255, 161, 74, 234, 48, 220, 0, 0, 199, 1, 0, 11, 1, 0, 151, 1, 99]
1542740444448;[171, 0, 17, 255, 161, 74, 234, 48, 220, 0, 0, 199, 1, 0, 11, 1, 0, 151, 1, 99]
1542740444619;[171, 0, 17, 255, 161, 74, 234, 48, 220, 0, 0, 199, 1, 0, 10, 1, 0, 152, 1, 74]
1542740444621;[171, 0, 17, 255, 161, 74, 234, 48, 220, 0, 0, 199, 1, 0, 10, 1, 0, 152, 1, 74]
1542740444792;[171, 0, 17, 255, 161, 74, 234, 48, 222, 0, 0, 202, 1, 0, 9, 1, 0, 149, 1, 68]
1542740444794;[171, 0, 17, 255, 161, 74, 234, 48, 222, 0, 0, 202, 1, 0, 9, 1, 0, 149, 1, 68]
1542740444796;[171, 0, 17, 255, 161, 74, 234, 48, 222, 0, 0, 198, 1, 0, 11, 1, 0, 152, 1, 83]
1542740444798;[171, 0, 17, 255, 161, 74, 234, 48, 222, 0, 0, 198, 1, 0, 11, 1, 0, 152, 1, 83]
1542740444964;[171, 0, 17, 255, 161, 74, 234, 48, 223, 0, 0, 201, 1, 0, 12, 1, 0, 151, 1, 75]
1542740444966;[171, 0, 17, 255, 161, 74, 234, 48, 223, 0, 0, 201, 1, 0, 12, 1, 0, 151, 1, 75]
1542740445482;[171, 0, 17, 255, 161, 74, 234, 48, 223, 0, 0, 198, 1, 0, 9, 1, 0, 150, 1, 61]
1542740445483;[171, 0, 17, 255, 161, 74, 234, 48, 223, 0, 0, 198, 1, 0, 9, 1, 0, 150, 1, 61]
1542740445657;[171, 0, 17, 255, 161, 74, 234, 48, 223, 0, 0, 198, 1, 0, 11, 1, 0, 153, 1, 42]
1542740445659;[171, 0, 17, 255, 161, 74, 234, 48, 223, 0, 0, 198, 1, 0, 11, 1, 0, 153, 1, 42]
1542740445662;[171, 0, 17, 255, 161, 74, 234, 48, 223, 0, 0, 198, 1, 0, 12, 1, 0, 150, 1, 14]
1542740445664;[171, 0, 17, 255, 161, 74, 234, 48, 223, 0, 0, 198, 1, 0, 12, 1, 0, 150, 1, 14]
1542740445673;[171, 0, 17, 255, 161, 74, 234, 48, 223, 0, 0, 197, 1, 0, 8, 1, 0, 152, 0, 245]
1542740445675;[171, 0, 17, 255, 161, 74, 234, 48, 223, 0, 0, 197, 1, 0, 8, 1, 0, 152, 0, 245]
1542740445677;[171, 0, 17, 255, 161, 74, 234, 48, 223, 0, 0, 198, 1, 0, 11, 1, 0, 152, 0, 226]
1542740445678;[171, 0, 17, 255, 161, 74, 234, 48, 223, 0, 0, 198, 1, 0, 11, 1, 0, 152, 0, 226]
1542740445828;[171, 0, 17, 255, 161, 74, 234, 48, 223, 0, 0, 201, 1, 0, 9, 1, 0, 152, 1, 10]
1542740445831;[171, 0, 17, 255, 161, 74, 234, 48, 223, 0, 0, 201, 1, 0, 9, 1, 0, 152, 1, 10]
1542740445833;[171, 0, 17, 255, 161, 74, 234, 48, 223, 0, 0, 198, 1, 0, 11, 1, 0, 151, 1, 41]
1542740445835;[171, 0, 17, 255, 161, 74, 234, 48, 223, 0, 0, 198, 1, 0, 11, 1, 0, 151, 1, 41]
1542740445837;[171, 0, 4, 255, 132, 128, 68]
1542740445839;[171, 0, 4, 255, 132, 128, 68]
1542740446001;[171, 0, 17, 255, 161, 74, 234, 48, 223, 0, 0, 201, 1, 0, 11, 1, 0, 152, 1, 23]
1542740446003;[171, 0, 17, 255, 161, 74, 234, 48, 223, 0, 0, 201, 1, 0, 11, 1, 0, 152, 1, 23]
1542740446005;[171, 0, 17, 255, 161, 74, 234, 48, 223, 0, 0, 198, 1, 0, 12, 1, 0, 150, 1, 11]
1542740446006;[171, 0, 17, 255, 161, 74, 234, 48, 223, 0, 0, 198, 1, 0, 12, 1, 0, 150, 1, 11]
1542740446171;[171, 0, 17, 255, 161, 74, 234, 48, 224, 0, 0, 197, 1, 0, 11, 1, 0, 152, 0, 244]
1542740446173;[171, 0, 17, 255, 161, 74, 234, 48, 224, 0, 0, 197, 1, 0, 11, 1, 0, 152, 0, 244]
1542740446344;[171, 0, 17, 255, 161, 74, 234, 48, 224, 0, 0, 199, 1, 0, 10, 1, 0, 152, 0, 218]
1542740446346;[171, 0, 17, 255, 161, 74, 234, 48, 224, 0, 0, 199, 1, 0, 10, 1, 0, 152, 0, 218]
1542740446349;[171, 0, 17, 255, 161, 74, 234, 48, 224, 0, 0, 199, 1, 0, 9, 1, 0, 153, 16, 194]
1542740446351;[171, 0, 17, 255, 161, 74, 234, 48, 224, 0, 0, 199, 1, 0, 9, 1, 0, 153, 16, 194]
1542740446691;[171, 0, 17, 255, 161, 74, 234, 48, 224, 0, 0, 199, 1, 0, 9, 1, 0, 151, 7, 171]
1542740446693;[171, 0, 17, 255, 161, 74, 234, 48, 224, 0, 0, 199, 1, 0, 9, 1, 0, 151, 7, 171]
1542740446696;[171, 0, 17, 255, 161, 74, 234, 48, 224, 0, 0, 199, 1, 0, 11, 1, 0, 151, 7, 161]
1542740446698;[171, 0, 17, 255, 161, 74, 234, 48, 224, 0, 0, 199, 1, 0, 11, 1, 0, 151, 7, 161]
1542740446699;[171, 0, 17, 255, 161, 74, 234, 48, 224, 0, 0, 198, 1, 0, 9, 1, 0, 153, 7, 210]
1542740446701;[171, 0, 17, 255, 161, 74, 234, 48, 224, 0, 0, 198, 1, 0, 9, 1, 0, 153, 7, 210]
1542740446705;[171, 0, 17, 255, 161, 74, 234, 48, 224, 0, 0, 196, 1, 0, 9, 1, 0, 151, 7, 239]
1542740446707;[171, 0, 17, 255, 161, 74, 234, 48, 224, 0, 0, 196, 1, 0, 9, 1, 0, 151, 7, 239]
1542740446864;[171, 0, 17, 255, 161, 74, 234, 48, 224, 0, 0, 198, 1, 0, 9, 1, 0, 151, 7, 232]
1542740446866;[171, 0, 17, 255, 161, 74, 234, 48, 224, 0, 0, 198, 1, 0, 9, 1, 0, 151, 7, 232]
1542740446868;[171, 0, 4, 255, 132, 128, 68]
1542740446870;[171, 0, 4, 255, 132, 128, 68]
1542740447034;[171, 0, 17, 255, 161, 74, 234, 48, 224, 0, 0, 199, 1, 0, 10, 1, 0, 151, 7, 209]
1542740447036;[171, 0, 17, 255, 161, 74, 234, 48, 224, 0, 0, 199, 1, 0, 10, 1, 0, 151, 7, 209]
1542740447207;[171, 0, 17, 255, 161, 74, 234, 48, 224, 0, 0, 198, 1, 0, 10, 1, 0, 151, 7, 190]
1542740447209;[171, 0, 17, 255, 161, 74, 234, 48, 224, 0, 0, 198, 1, 0, 10, 1, 0, 151, 7, 190]
1542740447211;[171, 0, 17, 255, 161, 74, 234, 48, 225, 0, 0, 200, 1, 0, 10, 1, 0, 151, 7, 165]
1542740447212;[171, 0, 17, 255, 161, 74, 234, 48, 225, 0, 0, 200, 1, 0, 10, 1, 0, 151, 7, 165]
1542740447379;[171, 0, 17, 255, 161, 74, 234, 48, 225, 0, 0, 200, 1, 0, 9, 1, 0, 152, 7, 125]
1542740447381;[171, 0, 17, 255, 161, 74, 234, 48, 225, 0, 0, 200, 1, 0, 9, 1, 0, 152, 7, 125]
1542740447384;[171, 0, 17, 255, 161, 74, 234, 48, 225, 0, 0, 198, 1, 0, 9, 1, 0, 152, 7, 99]
1542740447386;[171, 0, 17, 255, 161, 74, 234, 48, 225, 0, 0, 198, 1, 0, 9, 1, 0, 152, 7, 99]
1542740447551;[171, 0, 17, 255, 161, 74, 234, 48, 225, 0, 0, 198, 1, 0, 10, 1, 0, 153, 7, 59]
1542740447553;[171, 0, 17, 255, 161, 74, 234, 48, 225, 0, 0, 198, 1, 0, 10, 1, 0, 153, 7, 59]
1542740447897;[171, 0, 17, 255, 161, 74, 234, 48, 225, 0, 0, 198, 1, 0, 11, 1, 0, 152, 7, 100]
1542740447899;[171, 0, 17, 255, 161, 74, 234, 48, 225, 0, 0, 198, 1, 0, 11, 1, 0, 152, 7, 100]
1542740447901;[171, 0, 17, 255, 161, 74, 234, 48, 225, 0, 0, 196, 1, 0, 10, 1, 0, 152, 7, 136]
1542740447902;[171, 0, 17, 255, 161, 74, 234, 48, 225, 0, 0, 196, 1, 0, 10, 1, 0, 152, 7, 136]
1542740447905;[171, 0, 17, 255, 161, 74, 234, 48, 225, 0, 0, 198, 1, 0, 10, 1, 0, 152, 7, 131]
1542740447907;[171, 0, 17, 255, 161, 74, 234, 48, 225, 0, 0, 198, 1, 0, 10, 1, 0, 152, 7, 131]
1542740448071;[171, 0, 17, 255, 161, 74, 234, 48, 225, 0, 0, 197, 1, 0, 12, 1, 0, 150, 7, 121]
1542740448072;[171, 0, 17, 255, 161, 74, 234, 48, 225, 0, 0, 197, 1, 0, 12, 1, 0, 150, 7, 121]
1542740448075;[171, 0, 4, 255, 132, 128, 68]
1542740448078;[171, 0, 4, 255, 132, 128, 68]
1542740448080;[171, 0, 17, 255, 161, 74, 234, 48, 225, 0, 0, 199, 1, 0, 11, 1, 0, 151, 7, 112]
1542740448082;[171, 0, 17, 255, 161, 74, 234, 48, 225, 0, 0, 199, 1, 0, 11, 1, 0, 151, 7, 112]
1542740448242;[171, 0, 17, 255, 161, 74, 234, 48, 225, 0, 0, 199, 1, 0, 12, 1, 0, 151, 7, 97]
1542740448244;[171, 0, 17, 255, 161, 74, 234, 48, 225, 0, 0, 199, 1, 0, 12, 1, 0, 151, 7, 97]
1542740448415;[171, 0, 17, 255, 161, 74, 234, 48, 226, 0, 0, 198, 1, 0, 10, 1, 0, 153, 7, 91]
1542740448417;[171, 0, 17, 255, 161, 74, 234, 48, 226, 0, 0, 198, 1, 0, 10, 1, 0, 153, 7, 91]
1542740448418;[171, 0, 17, 255, 161, 74, 234, 48, 226, 0, 0, 198, 1, 0, 8, 1, 0, 152, 7, 60]
1542740448420;[171, 0, 17, 255, 161, 74, 234, 48, 226, 0, 0, 198, 1, 0, 8, 1, 0, 152, 7, 60]
1542740448587;[171, 0, 17, 255, 161, 74, 234, 48, 226, 0, 0, 199, 1, 0, 12, 1, 0, 153, 7, 84]
1542740448589;[171, 0, 17, 255, 161, 74, 234, 48, 226, 0, 0, 199, 1, 0, 12, 1, 0, 153, 7, 84]
1542740448593;[171, 0, 17, 255, 161, 74, 234, 48, 226, 0, 0, 197, 1, 0, 7, 1, 0, 152, 7, 142]
1542740448595;[171, 0, 17, 255, 161, 74, 234, 48, 226, 0, 0, 197, 1, 0, 7, 1, 0, 152, 7, 142]
1542740448933;[171, 0, 17, 255, 161, 74, 234, 48, 226, 0, 0, 200, 1, 0, 9, 1, 0, 154, 7, 164]
1542740448934;[171, 0, 17, 255, 161, 74, 234, 48, 226, 0, 0, 200, 1, 0, 9, 1, 0, 154, 7, 164]
1542740448938;[171, 0, 17, 255, 161, 74, 234, 48, 226, 0, 0, 198, 1, 0, 10, 1, 0, 153, 7, 165]
1542740448939;[171, 0, 17, 255, 161, 74, 234, 48, 226, 0, 0, 198, 1, 0, 10, 1, 0, 153, 7, 165]
1542740448943;[171, 0, 17, 255, 161, 74, 234, 48, 226, 0, 0, 201, 1, 0, 9, 1, 0, 152, 7, 144]
1542740448945;[171, 0, 17, 255, 161, 74, 234, 48, 226, 0, 0, 201, 1, 0, 9, 1, 0, 152, 7, 144]
1542740449278;[171, 0, 17, 255, 161, 74, 234, 48, 226, 0, 0, 198, 1, 0, 9, 1, 0, 151, 7, 128]
1542740449280;[171, 0, 17, 255, 161, 74, 234, 48, 226, 0, 0, 198, 1, 0, 9, 1, 0, 151, 7, 128]
1542740449282;[171, 0, 4, 255, 132, 128, 68]
1542740449284;[171, 0, 4, 255, 132, 128, 68]
1542740449287;[171, 0, 17, 255, 161, 74, 234, 48, 226, 0, 0, 198, 1, 0, 9, 1, 0, 152, 7, 110]
1542740449289;[171, 0, 17, 255, 161, 74, 234, 48, 226, 0, 0, 198, 1, 0, 9, 1, 0, 152, 7, 110]
1542740449291;[171, 0, 17, 255, 161, 74, 234, 48, 226, 0, 0, 201, 1, 0, 9, 1, 0, 152, 7, 94]
1542740449293;[171, 0, 17, 255, 161, 74, 234, 48, 226, 0, 0, 201, 1, 0, 9, 1, 0, 152, 7, 94]
1542740449448;[171, 0, 17, 255, 161, 74, 234, 48, 227, 0, 0, 197, 1, 0, 10, 1, 0, 151, 7, 89]
1542740449450;[171, 0, 17, 255, 161, 74, 234, 48, 227, 0, 0, 197, 1, 0, 10, 1, 0, 151, 7, 89]
1542740449622;[171, 0, 17, 255, 161, 74, 234, 48, 227, 0, 0, 198, 1, 0, 10, 1, 0, 152, 7, 153]
1542740449624;[171, 0, 17, 255, 161, 74, 234, 48, 227, 0, 0, 198, 1, 0, 10, 1, 0, 152, 7, 153]
1542740449627;[171, 0, 17, 255, 161, 74, 234, 48, 227, 0, 0, 199, 1, 0, 9, 1, 0, 152, 7, 198]
1542740449629;[171, 0, 17, 255, 161, 74, 234, 48, 227, 0, 0, 199, 1, 0, 9, 1, 0, 152, 7, 198]
1542740449794;[171, 0, 17, 255, 161, 74, 234, 48, 227, 0, 0, 198, 1, 0, 9, 1, 0, 150, 7, 195]
1542740449796;[171, 0, 17, 255, 161, 74, 234, 48, 227, 0, 0, 198, 1, 0, 9, 1, 0, 150, 7, 195]
1542740449799;[171, 0, 17, 255, 161, 74, 234, 48, 227, 0, 0, 197, 1, 0, 11, 1, 0, 150, 7, 190]
1542740449800;[171, 0, 17, 255, 161, 74, 234, 48, 227, 0, 0, 197, 1, 0, 11, 1, 0, 150, 7, 190]
1542740449966;[171, 0, 17, 255, 161, 74, 234, 48, 227, 0, 0, 198, 1, 0, 9, 1, 0, 151, 7, 178]
1542740449968;[171, 0, 17, 255, 161, 74, 234, 48, 227, 0, 0, 198, 1, 0, 9, 1, 0, 151, 7, 178]
1542740449971;[171, 0, 17, 255, 161, 74, 234, 48, 227, 0, 0, 199, 1, 0, 9, 1, 0, 152, 7, 164]
1542740449972;[171, 0, 17, 255, 161, 74, 234, 48, 227, 0, 0, 199, 1, 0, 9, 1, 0, 152, 7, 164]
1542740450139;[171, 0, 17, 255, 161, 74, 234, 48, 227, 0, 0, 198, 1, 0, 12, 1, 0, 150, 7, 144]
1542740450141;[171, 0, 17, 255, 161, 74, 234, 48, 227, 0, 0, 198, 1, 0, 12, 1, 0, 150, 7, 144]
1542740450486;[171, 0, 4, 255, 132, 128, 68]
1542740450488;[171, 0, 4, 255, 132, 128, 68]
1542740450491;[171, 0, 17, 255, 161, 74, 234, 48, 227, 0, 0, 197, 1, 0, 6, 1, 0, 151, 7, 137]
1542740450493;[171, 0, 17, 255, 161, 74, 234, 48, 227, 0, 0, 197, 1, 0, 6, 1, 0, 151, 7, 137]
1542740450495;[171, 0, 17, 255, 161, 74, 234, 48, 227, 0, 0, 200, 1, 0, 10, 1, 0, 152, 7, 104]
1542740450497;[171, 0, 17, 255, 161, 74, 234, 48, 227, 0, 0, 200, 1, 0, 10, 1, 0, 152, 7, 104]
1542740450499;[171, 0, 17, 255, 161, 74, 234, 48, 228, 0, 0, 200, 1, 0, 8, 1, 0, 151, 7, 145]
1542740450504;[171, 0, 17, 255, 161, 74, 234, 48, 228, 0, 0, 200, 1, 0, 8, 1, 0, 151, 7, 145]
1542740450657;[171, 0, 17, 255, 161, 74, 234, 48, 228, 0, 0, 201, 1, 0, 9, 1, 0, 151, 7, 190]
1542740450659;[171, 0, 17, 255, 161, 74, 234, 48, 228, 0, 0, 201, 1, 0, 9, 1, 0, 151, 7, 190]
1542740450661;[171, 0, 17, 255, 161, 74, 234, 48, 228, 0, 0, 197, 1, 0, 10, 1, 0, 152, 7, 206]
1542740450663;[171, 0, 17, 255, 161, 74, 234, 48, 228, 0, 0, 197, 1, 0, 10, 1, 0, 152, 7, 206]
1542740450829;[171, 0, 17, 255, 161, 74, 234, 48, 228, 0, 0, 198, 1, 0, 11, 1, 0, 154, 7, 182]
1542740450831;[171, 0, 17, 255, 161, 74, 234, 48, 228, 0, 0, 198, 1, 0, 11, 1, 0, 154, 7, 182]
1542740451003;[171, 0, 17, 255, 161, 74, 234, 48, 228, 0, 0, 197, 1, 0, 10, 1, 0, 150, 7, 160]
1542740451005;[171, 0, 17, 255, 161, 74, 234, 48, 228, 0, 0, 197, 1, 0, 10, 1, 0, 150, 7, 160]
1542740451007;[171, 0, 17, 255, 161, 74, 234, 48, 228, 0, 0, 197, 1, 0, 10, 1, 0, 151, 7, 150]
1542740451009;[171, 0, 17, 255, 161, 74, 234, 48, 228, 0, 0, 197, 1, 0, 10, 1, 0, 151, 7, 150]
1542740451174;[171, 0, 17, 255, 161, 74, 234, 48, 228, 0, 0, 198, 1, 0, 11, 1, 0, 152, 7, 129]
1542740451176;[171, 0, 17, 255, 161, 74, 234, 48, 228, 0, 0, 198, 1, 0, 11, 1, 0, 152, 7, 129]
1542740451178;[171, 0, 17, 255, 161, 74, 234, 48, 228, 0, 0, 198, 1, 0, 10, 1, 0, 153, 7, 104]
1542740451180;[171, 0, 17, 255, 161, 74, 234, 48, 228, 0, 0, 198, 1, 0, 10, 1, 0, 153, 7, 104]
1542740452038;[171, 0, 4, 255, 132, 128, 68]
1542740452040;[171, 0, 4, 255, 132, 128, 68]
1542740452043;[171, 0, 17, 255, 161, 74, 234, 48, 228, 0, 0, 197, 1, 0, 8, 1, 0, 151, 7, 91]
1542740452045;[171, 0, 17, 255, 161, 74, 234, 48, 228, 0, 0, 197, 1, 0, 8, 1, 0, 151, 7, 91]
1542740452048;[171, 0, 17, 255, 161, 74, 234, 48, 228, 0, 0, 198, 1, 0, 10, 1, 0, 151, 7, 149]
1542740452050;[171, 0, 17, 255, 161, 74, 234, 48, 228, 0, 0, 198, 1, 0, 10, 1, 0, 151, 7, 149]
1542740452053;[171, 0, 17, 255, 161, 74, 234, 48, 229, 0, 0, 199, 1, 0, 11, 1, 0, 152, 7, 199]
1542740452054;[171, 0, 17, 255, 161, 74, 234, 48, 229, 0, 0, 199, 1, 0, 11, 1, 0, 152, 7, 199]
1542740452210;[171, 0, 17, 255, 161, 74, 234, 48, 229, 0, 0, 199, 1, 0, 10, 1, 0, 150, 7, 192]
1542740452212;[171, 0, 17, 255, 161, 74, 234, 48, 229, 0, 0, 199, 1, 0, 10, 1, 0, 150, 7, 192]
1542740452215;[171, 0, 17, 255, 161, 74, 234, 48, 229, 0, 0, 199, 1, 0, 11, 1, 0, 151, 7, 180]
1542740452219;[171, 0, 17, 255, 161, 74, 234, 48, 229, 0, 0, 199, 1, 0, 11, 1, 0, 151, 7, 180]
1542740452221;[171, 0, 17, 255, 161, 74, 234, 48, 229, 0, 0, 198, 1, 0, 9, 1, 0, 150, 7, 159]
1542740452223;[171, 0, 17, 255, 161, 74, 234, 48, 229, 0, 0, 198, 1, 0, 9, 1, 0, 150, 7, 159]
1542740452224;[171, 0, 17, 255, 161, 74, 234, 48, 229, 0, 0, 199, 1, 0, 10, 1, 0, 152, 7, 138]
1542740452226;[171, 0, 17, 255, 161, 74, 234, 48, 229, 0, 0, 199, 1, 0, 10, 1, 0, 152, 7, 138]
1542740452383;[171, 0, 17, 255, 161, 74, 234, 48, 229, 0, 0, 196, 1, 0, 9, 1, 0, 153, 7, 107]
1542740452386;[171, 0, 17, 255, 161, 74, 234, 48, 229, 0, 0, 196, 1, 0, 9, 1, 0, 153, 7, 107]
1542740452436;[171, 0, 17, 255, 161, 74, 234, 48, 229, 0, 0, 198, 1, 0, 9, 1, 0, 152, 7, 71]
1542740452437;[171, 0, 17, 255, 161, 74, 234, 48, 229, 0, 0, 198, 1, 0, 9, 1, 0, 152, 7, 71]
1542740452439;[171, 0, 17, 255, 161, 74, 234, 48, 229, 0, 0, 198, 1, 0, 8, 1, 0, 152, 7, 105]
1542740452440;[171, 0, 17, 255, 161, 74, 234, 48, 229, 0, 0, 198, 1, 0, 8, 1, 0, 152, 7, 105]
1542740452442;[171, 0, 4, 255, 132, 128, 68]
1542740452443;[171, 0, 4, 255, 132, 128, 68]
1542740452554;[171, 0, 17, 255, 161, 74, 234, 48, 229, 0, 0, 198, 1, 0, 10, 1, 0, 152, 7, 168]
1542740452556;[171, 0, 17, 255, 161, 74, 234, 48, 229, 0, 0, 198, 1, 0, 10, 1, 0, 152, 7, 168]
1542740452727;[171, 0, 17, 255, 161, 74, 234, 48, 229, 0, 0, 199, 1, 0, 8, 1, 0, 152, 7, 161]
1542740452729;[171, 0, 17, 255, 161, 74, 234, 48, 229, 0, 0, 199, 1, 0, 8, 1, 0, 152, 7, 161]
1542740452732;[171, 0, 17, 255, 161, 74, 234, 48, 230, 0, 0, 197, 1, 0, 9, 1, 0, 152, 7, 142]
1542740452734;[171, 0, 17, 255, 161, 74, 234, 48, 230, 0, 0, 197, 1, 0, 9, 1, 0, 152, 7, 142]
1542740453247;[171, 0, 17, 255, 161, 74, 234, 48, 230, 0, 0, 198, 1, 0, 11, 1, 0, 152, 7, 123]
1542740453249;[171, 0, 17, 255, 161, 74, 234, 48, 230, 0, 0, 198, 1, 0, 11, 1, 0, 152, 7, 123]
1542740453251;[171, 0, 17, 255, 161, 74, 234, 48, 230, 0, 0, 197, 1, 0, 9, 1, 0, 152, 7, 95]
1542740453253;[171, 0, 17, 255, 161, 74, 234, 48, 230, 0, 0, 197, 1, 0, 9, 1, 0, 152, 7, 95]
1542740453255;[171, 0, 17, 255, 161, 74, 234, 48, 230, 0, 0, 199, 1, 0, 11, 1, 0, 151, 7, 66]
1542740453257;[171, 0, 17, 255, 161, 74, 234, 48, 230, 0, 0, 199, 1, 0, 11, 1, 0, 151, 7, 66]
1542740453259;[171, 0, 17, 255, 161, 74, 234, 48, 230, 0, 0, 198, 1, 0, 8, 1, 0, 153, 7, 31]
1542740453261;[171, 0, 17, 255, 161, 74, 234, 48, 230, 0, 0, 198, 1, 0, 8, 1, 0, 153, 7, 31]
1542740453591;[171, 0, 17, 255, 161, 74, 234, 48, 230, 0, 0, 198, 1, 0, 10, 1, 0, 152, 7, 0]
1542740453594;[171, 0, 17, 255, 161, 74, 234, 48, 230, 0, 0, 198, 1, 0, 10, 1, 0, 152, 7, 0]
1542740453596;[171, 0, 17, 255, 161, 74, 234, 48, 230, 0, 0, 198, 1, 0, 9, 1, 0, 152, 7, 43]
1542740453599;[171, 0, 17, 255, 161, 74, 234, 48, 230, 0, 0, 198, 1, 0, 9, 1, 0, 152, 7, 43]
1542740453601;[171, 0, 17, 255, 161, 74, 234, 48, 230, 0, 0, 199, 1, 0, 10, 1, 0, 151, 7, 88]
1542740453603;[171, 0, 17, 255, 161, 74, 234, 48, 230, 0, 0, 199, 1, 0, 10, 1, 0, 151, 7, 88]
1542740453604;[171, 0, 4, 255, 132, 128, 68]
1542740453607;[171, 0, 4, 255, 132, 128, 68]
1542740453763;[171, 0, 17, 255, 161, 74, 234, 48, 230, 0, 0, 199, 1, 0, 11, 1, 0, 152, 7, 79]
1542740453765;[171, 0, 17, 255, 161, 74, 234, 48, 230, 0, 0, 199, 1, 0, 11, 1, 0, 152, 7, 79]
1542740453768;[171, 0, 17, 255, 161, 74, 234, 48, 230, 0, 0, 198, 1, 0, 9, 1, 0, 153, 7, 62]
1542740453770;[171, 0, 17, 255, 161, 74, 234, 48, 230, 0, 0, 198, 1, 0, 9, 1, 0, 153, 7, 62]
1542740453775;[171, 0, 17, 255, 161, 74, 234, 48, 231, 0, 0, 199, 1, 0, 9, 1, 0, 153, 7, 40]
1542740453777;[171, 0, 17, 255, 161, 74, 234, 48, 231, 0, 0, 199, 1, 0, 9, 1, 0, 153, 7, 40]
1542740453933;[171, 0, 17, 255, 161, 74, 234, 48, 231, 0, 0, 199, 1, 0, 10, 1, 0, 152, 7, 28]
1542740453935;[171, 0, 17, 255, 161, 74, 234, 48, 231, 0, 0, 199, 1, 0, 10, 1, 0, 152, 7, 28]
1542740454457;[171, 0, 17, 255, 161, 74, 234, 48, 231, 0, 0, 198, 1, 0, 10, 1, 0, 152, 7, 17]
1542740454460;[171, 0, 17, 255, 161, 74, 234, 48, 231, 0, 0, 198, 1, 0, 10, 1, 0, 152, 7, 17]
1542740454462;[171, 0, 17, 255, 161, 74, 234, 48, 231, 0, 0, 198, 1, 0, 8, 1, 0, 151, 6, 253]
1542740454464;[171, 0, 17, 255, 161, 74, 234, 48, 231, 0, 0, 198, 1, 0, 8, 1, 0, 151, 6, 253]
1542740454467;[171, 0, 17, 255, 161, 74, 234, 48, 231, 0, 0, 197, 1, 0, 8, 1, 0, 150, 6, 254]
1542740454469;[171, 0, 17, 255, 161, 74, 234, 48, 231, 0, 0, 197, 1, 0, 8, 1, 0, 150, 6, 254]
1542740454473;[171, 0, 17, 255, 161, 74, 234, 48, 231, 0, 0, 198, 1, 0, 10, 1, 0, 153, 7, 72]
1542740454475;[171, 0, 17, 255, 161, 74, 234, 48, 231, 0, 0, 198, 1, 0, 10, 1, 0, 153, 7, 72]
1542740454622;[171, 0, 17, 255, 161, 74, 234, 48, 231, 0, 0, 201, 1, 0, 10, 1, 0, 151, 7, 90]
1542740454623;[171, 0, 17, 255, 161, 74, 234, 48, 231, 0, 0, 201, 1, 0, 10, 1, 0, 151, 7, 90]
1542740454624;[171, 0, 17, 255, 161, 74, 234, 48, 231, 0, 0, 198, 1, 0, 9, 1, 0, 152, 7, 77]
1542740454625;[171, 0, 17, 255, 161, 74, 234, 48, 231, 0, 0, 198, 1, 0, 9, 1, 0, 152, 7, 77]
1542740454628;[171, 0, 4, 255, 132, 128, 68]
1542740454629;[171, 0, 4, 255, 132, 128, 68]
1542740454971;[171, 0, 17, 255, 161, 74, 234, 48, 231, 0, 0, 202, 1, 0, 8, 1, 0, 152, 7, 57]
1542740454973;[171, 0, 17, 255, 161, 74, 234, 48, 231, 0, 0, 202, 1, 0, 8, 1, 0, 152, 7, 57]
1542740454976;[171, 0, 17, 255, 161, 74, 234, 48, 231, 0, 0, 199, 1, 0, 10, 1, 0, 150, 7, 44]
1542740454978;[171, 0, 17, 255, 161, 74, 234, 48, 231, 0, 0, 199, 1, 0, 10, 1, 0, 150, 7, 44]
1542740454980;[171, 0, 17, 255, 161, 74, 234, 48, 232, 0, 0, 199, 1, 0, 10, 1, 0, 151, 7, 21]
1542740454982;[171, 0, 17, 255, 161, 74, 234, 48, 232, 0, 0, 199, 1, 0, 10, 1, 0, 151, 7, 21]
1542740454983;[171, 0, 17, 255, 161, 74, 234, 48, 232, 0, 0, 197, 1, 0, 11, 1, 0, 153, 6, 250]
1542740454985;[171, 0, 17, 255, 161, 74, 234, 48, 232, 0, 0, 197, 1, 0, 11, 1, 0, 153, 6, 250]
1542740455314;[171, 0, 17, 255, 161, 74, 234, 48, 232, 0, 0, 199, 1, 0, 9, 1, 0, 151, 6, 247]
1542740455316;[171, 0, 17, 255, 161, 74, 234, 48, 232, 0, 0, 199, 1, 0, 9, 1, 0, 151, 6, 247]
1542740455320;[171, 0, 17, 255, 161, 74, 234, 48, 232, 0, 0, 200, 1, 0, 9, 1, 0, 152, 7, 35]
1542740455322;[171, 0, 17, 255, 161, 74, 234, 48, 232, 0, 0, 200, 1, 0, 9, 1, 0, 152, 7, 35]
1542740455325;[171, 0, 17, 255, 161, 74, 234, 48, 232, 0, 0, 200, 1, 0, 12, 1, 0, 151, 7, 73]
1542740455326;[171, 0, 17, 255, 161, 74, 234, 48, 232, 0, 0, 200, 1, 0, 12, 1, 0, 151, 7, 73]
1542740455662;[171, 0, 17, 255, 161, 74, 234, 48, 232, 0, 0, 195, 1, 0, 10, 1, 0, 151, 7, 35]
1542740455663;[171, 0, 17, 255, 161, 74, 234, 48, 232, 0, 0, 195, 1, 0, 10, 1, 0, 151, 7, 35]
1542740455667;[171, 0, 17, 255, 161, 74, 234, 48, 232, 0, 0, 198, 1, 0, 10, 1, 0, 152, 7, 8]
1542740455670;[171, 0, 17, 255, 161, 74, 234, 48, 232, 0, 0, 198, 1, 0, 10, 1, 0, 152, 7, 8]
1542740455672;[171, 0, 17, 255, 161, 74, 234, 48, 232, 0, 0, 200, 1, 0, 9, 1, 0, 150, 6, 230]
1542740455674;[171, 0, 17, 255, 161, 74, 234, 48, 232, 0, 0, 200, 1, 0, 9, 1, 0, 150, 6, 230]
1542740455675;[171, 0, 4, 255, 132, 128, 68]
1542740455677;[171, 0, 4, 255, 132, 128, 68]
1542740455832;[171, 0, 17, 255, 161, 74, 234, 48, 232, 0, 0, 198, 1, 0, 10, 1, 0, 153, 6, 190]
1542740455834;[171, 0, 17, 255, 161, 74, 234, 48, 232, 0, 0, 198, 1, 0, 10, 1, 0, 153, 6, 190]
1542740456005;[171, 0, 17, 255, 161, 74, 234, 48, 232, 0, 0, 196, 1, 0, 9, 1, 0, 151, 6, 154]
1542740456007;[171, 0, 17, 255, 161, 74, 234, 48, 232, 0, 0, 196, 1, 0, 9, 1, 0, 151, 6, 154]
1542740456009;[171, 0, 17, 255, 161, 74, 234, 48, 233, 0, 0, 201, 1, 0, 11, 1, 0, 151, 6, 114]
1542740456010;[171, 0, 17, 255, 161, 74, 234, 48, 233, 0, 0, 201, 1, 0, 11, 1, 0, 151, 6, 114]
1542740456178;[171, 0, 17, 255, 161, 74, 234, 48, 233, 0, 0, 199, 1, 0, 8, 1, 0, 152, 6, 100]
1542740456179;[171, 0, 17, 255, 161, 74, 234, 48, 233, 0, 0, 199, 1, 0, 8, 1, 0, 152, 6, 100]
1542740456182;[171, 0, 17, 255, 161, 74, 234, 48, 233, 0, 0, 199, 1, 0, 10, 1, 0, 155, 6, 143]
1542740456184;[171, 0, 17, 255, 161, 74, 234, 48, 233, 0, 0, 199, 1, 0, 10, 1, 0, 155, 6, 143]
1542740456349;[171, 0, 17, 255, 161, 74, 234, 48, 233, 0, 0, 197, 1, 0, 11, 1, 0, 152, 6, 145]
1542740456351;[171, 0, 17, 255, 161, 74, 234, 48, 233, 0, 0, 197, 1, 0, 11, 1, 0, 152, 6, 145]
1542740456523;[171, 0, 17, 255, 161, 74, 234, 48, 233, 0, 0, 201, 1, 0, 9, 1, 0, 152, 6, 123]
1542740456525;[171, 0, 17, 255, 161, 74, 234, 48, 233, 0, 0, 201, 1, 0, 9, 1, 0, 152, 6, 123]
1542740456527;[171, 0, 17, 255, 161, 74, 234, 48, 233, 0, 0, 198, 1, 0, 9, 1, 0, 154, 6, 92]
1542740456529;[171, 0, 17, 255, 161, 74, 234, 48, 233, 0, 0, 198, 1, 0, 9, 1, 0, 154, 6, 92]
1542740456868;[171, 0, 17, 255, 161, 74, 234, 48, 233, 0, 0, 197, 1, 0, 10, 1, 0, 152, 6, 63]
1542740456870;[171, 0, 17, 255, 161, 74, 234, 48, 233, 0, 0, 197, 1, 0, 10, 1, 0, 152, 6, 63]
1542740456872;[171, 0, 17, 255, 161, 74, 234, 48, 233, 0, 0, 201, 1, 0, 9, 1, 0, 150, 6, 32]
1542740456877;[171, 0, 17, 255, 161, 74, 234, 48, 233, 0, 0, 201, 1, 0, 9, 1, 0, 150, 6, 32]
1542740456879;[171, 0, 4, 255, 132, 128, 69]
1542740456881;[171, 0, 4, 255, 132, 128, 69]
1542740456884;[171, 0, 17, 255, 161, 74, 234, 48, 233, 0, 0, 199, 1, 0, 9, 1, 0, 153, 6, 16]
1542740456886;[171, 0, 17, 255, 161, 74, 234, 48, 233, 0, 0, 199, 1, 0, 9, 1, 0, 153, 6, 16]
1542740457040;[171, 0, 17, 255, 161, 74, 234, 48, 233, 0, 0, 199, 1, 0, 9, 1, 0, 151, 5, 233]
1542740457042;[171, 0, 17, 255, 161, 74, 234, 48, 233, 0, 0, 199, 1, 0, 9, 1, 0, 151, 5, 233]
1542740457212;[171, 0, 17, 255, 161, 74, 234, 48, 234, 0, 0, 198, 1, 0, 9, 1, 0, 152, 5, 243]
1542740457213;[171, 0, 17, 255, 161, 74, 234, 48, 234, 0, 0, 198, 1, 0, 9, 1, 0, 152, 5, 243]
1542740457216;[171, 0, 17, 255, 161, 74, 234, 48, 234, 0, 0, 199, 1, 0, 9, 1, 0, 151, 6, 34]
1542740457218;[171, 0, 17, 255, 161, 74, 234, 48, 234, 0, 0, 199, 1, 0, 9, 1, 0, 151, 6, 34]
1542740457384;[171, 0, 17, 255, 161, 74, 234, 48, 234, 0, 0, 201, 1, 0, 10, 1, 0, 153, 6, 52]
1542740457386;[171, 0, 17, 255, 161, 74, 234, 48, 234, 0, 0, 201, 1, 0, 10, 1, 0, 153, 6, 52]
1542740457389;[171, 0, 17, 255, 161, 74, 234, 48, 234, 0, 0, 197, 1, 0, 11, 1, 0, 151, 6, 37]
1542740457391;[171, 0, 17, 255, 161, 74, 234, 48, 234, 0, 0, 197, 1, 0, 11, 1, 0, 151, 6, 37]
1542740457557;[171, 0, 17, 255, 161, 74, 234, 48, 234, 0, 0, 199, 1, 0, 9, 1, 0, 150, 6, 29]
1542740457559;[171, 0, 17, 255, 161, 74, 234, 48, 234, 0, 0, 199, 1, 0, 9, 1, 0, 150, 6, 29]
1542740457561;[171, 0, 17, 255, 161, 74, 234, 48, 234, 0, 0, 197, 1, 0, 10, 1, 0, 151, 6, 15]
1542740457563;[171, 0, 17, 255, 161, 74, 234, 48, 234, 0, 0, 197, 1, 0, 10, 1, 0, 151, 6, 15]
1542740457729;[171, 0, 17, 255, 161, 74, 234, 48, 234, 0, 0, 200, 1, 0, 10, 1, 0, 150, 5, 250]
1542740457730;[171, 0, 17, 255, 161, 74, 234, 48, 234, 0, 0, 200, 1, 0, 10, 1, 0, 150, 5, 250]
1542740457901;[171, 0, 17, 255, 161, 74, 234, 48, 234, 0, 0, 198, 1, 0, 7, 1, 0, 152, 5, 219]
1542740457903;[171, 0, 17, 255, 161, 74, 234, 48, 234, 0, 0, 198, 1, 0, 7, 1, 0, 152, 5, 219]
1542740457906;[171, 0, 4, 255, 132, 128, 69]
1542740457908;[171, 0, 4, 255, 132, 128, 69]
1542740458248;[171, 0, 17, 255, 161, 74, 234, 48, 234, 0, 0, 197, 1, 0, 10, 1, 0, 152, 5, 236]
1542740458250;[171, 0, 17, 255, 161, 74, 234, 48, 234, 0, 0, 197, 1, 0, 10, 1, 0, 152, 5, 236]
1542740458252;[171, 0, 17, 255, 161, 74, 234, 48, 234, 0, 0, 199, 1, 0, 9, 1, 0, 152, 6, 32]
1542740458255;[171, 0, 17, 255, 161, 74, 234, 48, 234, 0, 0, 199, 1, 0, 9, 1, 0, 152, 6, 32]
1542740458258;[171, 0, 17, 255, 161, 74, 234, 48, 235, 0, 0, 199, 1, 0, 11, 1, 0, 151, 6, 41]
1542740458259;[171, 0, 17, 255, 161, 74, 234, 48, 235, 0, 0, 199, 1, 0, 11, 1, 0, 151, 6, 41]
1542740458419;[171, 0, 17, 255, 161, 74, 234, 48, 235, 0, 0, 201, 1, 0, 9, 1, 0, 152, 6, 32]
1542740458421;[171, 0, 17, 255, 161, 74, 234, 48, 235, 0, 0, 201, 1, 0, 9, 1, 0, 152, 6, 32]
1542740458423;[171, 0, 17, 255, 161, 74, 234, 48, 235, 0, 0, 197, 1, 0, 10, 1, 0, 155, 6, 21]
1542740458425;[171, 0, 17, 255, 161, 74, 234, 48, 235, 0, 0, 197, 1, 0, 10, 1, 0, 155, 6, 21]
1542740458593;[171, 0, 17, 255, 161, 74, 234, 48, 235, 0, 0, 198, 1, 0, 10, 1, 0, 153, 6, 0]
1542740458595;[171, 0, 17, 255, 161, 74, 234, 48, 235, 0, 0, 198, 1, 0, 10, 1, 0, 153, 6, 0]
1542740458597;[171, 0, 17, 255, 161, 74, 234, 48, 235, 0, 0, 198, 1, 0, 8, 1, 0, 151, 5, 230]
1542740458599;[171, 0, 17, 255, 161, 74, 234, 48, 235, 0, 0, 198, 1, 0, 8, 1, 0, 151, 5, 230]
1542740458765;[171, 0, 17, 255, 161, 74, 234, 48, 235, 0, 0, 198, 1, 0, 9, 1, 0, 152, 5, 211]
1542740458767;[171, 0, 17, 255, 161, 74, 234, 48, 235, 0, 0, 198, 1, 0, 9, 1, 0, 152, 5, 211]
1542740458769;[171, 0, 17, 255, 161, 74, 234, 48, 235, 0, 0, 198, 1, 0, 9, 1, 0, 151, 5, 184]
1542740458771;[171, 0, 17, 255, 161, 74, 234, 48, 235, 0, 0, 198, 1, 0, 9, 1, 0, 151, 5, 184]
1542740459109;[171, 0, 17, 255, 161, 74, 234, 48, 235, 0, 0, 199, 1, 0, 7, 1, 0, 152, 5, 232]
1542740459111;[171, 0, 17, 255, 161, 74, 234, 48, 235, 0, 0, 199, 1, 0, 7, 1, 0, 152, 5, 232]
1542740459456;[171, 0, 4, 255, 132, 128, 69]
1542740459458;[171, 0, 4, 255, 132, 128, 69]
1542740459461;[171, 0, 17, 255, 161, 74, 234, 48, 235, 0, 0, 199, 1, 0, 9, 1, 0, 153, 6, 26]
1542740459463;[171, 0, 17, 255, 161, 74, 234, 48, 235, 0, 0, 199, 1, 0, 9, 1, 0, 153, 6, 26]
1542740459465;[171, 0, 17, 255, 161, 74, 234, 48, 235, 0, 0, 200, 1, 0, 9, 1, 0, 152, 6, 28]
1542740459467;[171, 0, 17, 255, 161, 74, 234, 48, 235, 0, 0, 200, 1, 0, 9, 1, 0, 152, 6, 28]
1542740459470;[171, 0, 17, 255, 161, 74, 234, 48, 236, 0, 0, 198, 1, 0, 9, 1, 0, 152, 6, 27]
1542740459471;[171, 0, 17, 255, 161, 74, 234, 48, 236, 0, 0, 198, 1, 0, 9, 1, 0, 152, 6, 27]
1542740459627;[171, 0, 17, 255, 161, 74, 234, 48, 236, 0, 0, 198, 1, 0, 10, 1, 0, 150, 6, 18]
1542740459629;[171, 0, 17, 255, 161, 74, 234, 48, 236, 0, 0, 198, 1, 0, 10, 1, 0, 150, 6, 18]
1542740459631;[171, 0, 17, 255, 161, 74, 234, 48, 236, 0, 0, 200, 1, 0, 10, 1, 0, 153, 6, 12]
1542740459633;[171, 0, 17, 255, 161, 74, 234, 48, 236, 0, 0, 200, 1, 0, 10, 1, 0, 153, 6, 12]
1542740459636;[171, 0, 17, 255, 161, 74, 234, 48, 236, 0, 0, 198, 1, 0, 8, 1, 0, 153, 5, 250]
1542740459638;[171, 0, 17, 255, 161, 74, 234, 48, 236, 0, 0, 198, 1, 0, 8, 1, 0, 153, 5, 250]
1542740459800;[171, 0, 17, 255, 161, 74, 234, 48, 236, 0, 0, 196, 1, 0, 9, 1, 0, 151, 5, 237]
1542740459802;[171, 0, 17, 255, 161, 74, 234, 48, 236, 0, 0, 196, 1, 0, 9, 1, 0, 151, 5, 237]
1542740459804;[171, 0, 17, 255, 161, 74, 234, 48, 236, 0, 0, 197, 1, 0, 11, 1, 0, 151, 5, 232]
1542740459806;[171, 0, 17, 255, 161, 74, 234, 48, 236, 0, 0, 197, 1, 0, 11, 1, 0, 151, 5, 232]
1542740459972;[171, 0, 17, 255, 161, 74, 234, 48, 236, 0, 0, 201, 1, 0, 11, 1, 0, 152, 6, 55]
1542740459974;[171, 0, 17, 255, 161, 74, 234, 48, 236, 0, 0, 201, 1, 0, 11, 1, 0, 152, 6, 55]
1542740459976;[171, 0, 17, 255, 161, 74, 234, 48, 236, 0, 0, 199, 1, 0, 9, 1, 0, 151, 6, 100]
1542740459978;[171, 0, 17, 255, 161, 74, 234, 48, 236, 0, 0, 199, 1, 0, 9, 1, 0, 151, 6, 100]
1542740460144;[171, 0, 4, 255, 132, 128, 69]
1542740460146;[171, 0, 4, 255, 132, 128, 69]
1542740460317;[171, 0, 17, 255, 161, 74, 234, 48, 236, 0, 0, 201, 1, 0, 12, 1, 0, 152, 6, 118]
1542740460318;[171, 0, 17, 255, 161, 74, 234, 48, 236, 0, 0, 201, 1, 0, 12, 1, 0, 152, 6, 118]
1542740460321;[171, 0, 17, 255, 161, 74, 234, 48, 236, 0, 0, 199, 1, 0, 10, 1, 0, 152, 6, 126]
1542740460323;[171, 0, 17, 255, 161, 74, 234, 48, 236, 0, 0, 199, 1, 0, 10, 1, 0, 152, 6, 126]
1542740460836;[171, 0, 17, 255, 161, 74, 234, 48, 237, 0, 0, 199, 1, 0, 10, 1, 0, 151, 6, 125]
1542740460838;[171, 0, 17, 255, 161, 74, 234, 48, 237, 0, 0, 199, 1, 0, 10, 1, 0, 151, 6, 125]
1542740460840;[171, 0, 17, 255, 161, 74, 234, 48, 237, 0, 0, 197, 1, 0, 11, 1, 0, 151, 6, 113]
1542740460842;[171, 0, 17, 255, 161, 74, 234, 48, 237, 0, 0, 197, 1, 0, 11, 1, 0, 151, 6, 113]
1542740460845;[171, 0, 17, 255, 161, 74, 234, 48, 237, 0, 0, 199, 1, 0, 10, 1, 0, 151, 6, 93]
1542740460847;[171, 0, 17, 255, 161, 74, 234, 48, 237, 0, 0, 199, 1, 0, 10, 1, 0, 151, 6, 93]
1542740460850;[171, 0, 17, 255, 161, 74, 234, 48, 237, 0, 0, 198, 1, 0, 10, 1, 0, 153, 6, 91]
1542740460851;[171, 0, 17, 255, 161, 74, 234, 48, 237, 0, 0, 198, 1, 0, 10, 1, 0, 153, 6, 91]
1542740461009;[171, 0, 17, 255, 161, 74, 234, 48, 237, 0, 0, 199, 1, 0, 10, 1, 0, 153, 6, 157]
1542740461011;[171, 0, 17, 255, 161, 74, 234, 48, 237, 0, 0, 199, 1, 0, 10, 1, 0, 153, 6, 157]
1542740461013;[171, 0, 17, 255, 161, 74, 234, 48, 237, 0, 0, 200, 1, 0, 9, 1, 0, 151, 6, 189]
1542740461015;[171, 0, 17, 255, 161, 74, 234, 48, 237, 0, 0, 200, 1, 0, 9, 1, 0, 151, 6, 189]
1542740461017;[171, 0, 17, 255, 161, 74, 234, 48, 237, 0, 0, 198, 1, 0, 8, 1, 0, 152, 6, 184]
1542740461019;[171, 0, 17, 255, 161, 74, 234, 48, 237, 0, 0, 198, 1, 0, 8, 1, 0, 152, 6, 184]
1542740461179;[171, 0, 17, 255, 161, 74, 234, 48, 237, 0, 0, 199, 1, 0, 9, 1, 0, 151, 6, 166]
1542740461181;[171, 0, 17, 255, 161, 74, 234, 48, 237, 0, 0, 199, 1, 0, 9, 1, 0, 151, 6, 166]
1542740461183;[171, 0, 4, 255, 132, 128, 69]
1542740461186;[171, 0, 4, 255, 132, 128, 69]
1542740461351;[171, 0, 17, 255, 161, 74, 234, 48, 237, 0, 0, 199, 1, 0, 11, 1, 0, 152, 6, 147]
1542740461353;[171, 0, 17, 255, 161, 74, 234, 48, 237, 0, 0, 199, 1, 0, 11, 1, 0, 152, 6, 147]
1542740461525;[171, 0, 17, 255, 161, 74, 234, 48, 237, 0, 0, 197, 1, 0, 10, 1, 0, 152, 6, 119]
1542740461527;[171, 0, 17, 255, 161, 74, 234, 48, 237, 0, 0, 197, 1, 0, 10, 1, 0, 152, 6, 119]
1542740461529;[171, 0, 17, 255, 161, 74, 234, 48, 238, 0, 0, 201, 1, 0, 10, 1, 0, 151, 6, 93]
1542740461531;[171, 0, 17, 255, 161, 74, 234, 48, 238, 0, 0, 201, 1, 0, 10, 1, 0, 151, 6, 93]
1542740461698;[171, 0, 17, 255, 161, 74, 234, 48, 238, 0, 0, 197, 1, 0, 10, 1, 0, 150, 6, 69]
1542740461700;[171, 0, 17, 255, 161, 74, 234, 48, 238, 0, 0, 197, 1, 0, 10, 1, 0, 150, 6, 69]
1542740461702;[171, 0, 17, 255, 161, 74, 234, 48, 238, 0, 0, 198, 1, 0, 8, 1, 0, 152, 6, 115]
