1542741586750;[171, 0, 17, 255, 161, 74, 234, 53, 159, 0, 0, 191, 1, 0, 12, 1, 0, 158, 8, 155]
1542741587261;[171, 0, 17, 255, 161, 74, 234, 53, 159, 0, 0, 194, 1, 0, 11, 1, 0, 159, 8, 160]
1542741587263;[171, 0, 17, 255, 161, 74, 234, 53, 159, 0, 0, 194, 1, 0, 11, 1, 0, 159, 8, 160]
1542741587266;[171, 0, 17, 255, 161, 74, 234, 53, 159, 0, 0, 193, 1, 0, 13, 1, 0, 159, 8, 246]
1542741587267;[171, 0, 17, 255, 161, 74, 234, 53, 159, 0, 0, 193, 1, 0, 13, 1, 0, 159, 8, 246]
1542741587270;[171, 0, 17, 255, 161, 74, 234, 53, 159, 0, 0, 191, 1, 0, 12, 1, 0, 159, 9, 28]
1542741587272;[171, 0, 17, 255, 161, 74, 234, 53, 159, 0, 0, 191, 1, 0, 12, 1, 0, 159, 9, 28]
1542741587275;[171, 0, 17, 255, 161, 74, 234, 53, 159, 0, 0, 192, 1, 0, 12, 1, 0, 157, 9, 11]
1542741587277;[171, 0, 17, 255, 161, 74, 234, 53, 159, 0, 0, 192, 1, 0, 12, 1, 0, 157, 9, 11]
1542741587433;[171, 0, 17, 255, 161, 74, 234, 53, 159, 0, 0, 190, 1, 0, 13, 1, 0, 159, 8, 241]
1542741587435;[171, 0, 17, 255, 161, 74, 234, 53, 159, 0, 0, 190, 1, 0, 13, 1, 0, 159, 8, 241]
1542741587437;[171, 0, 17, 255, 161, 74, 234, 53, 159, 0, 0, 192, 1, 0, 14, 1, 0, 159, 8, 218]
1542741587439;[171, 0, 17, 255, 161, 74, 234, 53, 159, 0, 0, 192, 1, 0, 14, 1, 0, 159, 8, 218]
1542741587441;[171, 0, 4, 255, 132, 128, 69]
1542741587443;[171, 0, 4, 255, 132, 128, 69]
1542741587605;[171, 0, 17, 255, 161, 74, 234, 53, 160, 0, 0, 191, 1, 0, 11, 1, 0, 159, 8, 192]
1542741587607;[171, 0, 17, 255, 161, 74, 234, 53, 160, 0, 0, 191, 1, 0, 11, 1, 0, 159, 8, 192]
1542741587777;[171, 0, 17, 255, 161, 74, 234, 53, 160, 0, 0, 191, 1, 0, 10, 1, 0, 157, 8, 162]
1542741587779;[171, 0, 17, 255, 161, 74, 234, 53, 160, 0, 0, 191, 1, 0, 10, 1, 0, 157, 8, 162]
1542741587781;[171, 0, 17, 255, 161, 74, 234, 53, 160, 0, 0, 193, 1, 0, 13, 1, 0, 159, 8, 139]
1542741587783;[171, 0, 17, 255, 161, 74, 234, 53, 160, 0, 0, 193, 1, 0, 13, 1, 0, 159, 8, 139]
1542741587949;[171, 0, 17, 255, 161, 74, 234, 53, 160, 0, 0, 193, 1, 0, 12, 1, 0, 159, 8, 101]
1542741587951;[171, 0, 17, 255, 161, 74, 234, 53, 160, 0, 0, 193, 1, 0, 12, 1, 0, 159, 8, 101]
1542741587953;[171, 0, 17, 255, 161, 74, 234, 53, 160, 0, 0, 193, 1, 0, 13, 1, 0, 158, 8, 142]
1542741587955;[171, 0, 17, 255, 161, 74, 234, 53, 160, 0, 0, 193, 1, 0, 13, 1, 0, 158, 8, 142]
1542741588122;[171, 0, 17, 255, 161, 74, 234, 53, 160, 0, 0, 194, 1, 0, 13, 1, 0, 159, 8, 212]
1542741588123;[171, 0, 17, 255, 161, 74, 234, 53, 160, 0, 0, 194, 1, 0, 13, 1, 0, 159, 8, 212]
1542741588467;[171, 0, 17, 255, 161, 74, 234, 53, 160, 0, 0, 191, 1, 0, 12, 1, 0, 161, 8, 218]
1542741588469;[171, 0, 17, 255, 161, 74, 234, 53, 160, 0, 0, 191, 1, 0, 12, 1, 0, 161, 8, 218]
1542741588472;[171, 0, 17, 255, 161, 74, 234, 53, 160, 0, 0, 191, 1, 0, 12, 1, 0, 159, 8, 209]
1542741588474;[171, 0, 17, 255, 161, 74, 234, 53, 160, 0, 0, 191, 1, 0, 12, 1, 0, 159, 8, 209]
1542741588476;[171, 0, 17, 255, 161, 74, 234, 53, 160, 0, 0, 192, 1, 0, 11, 1, 0, 158, 8, 199]
1542741588478;[171, 0, 17, 255, 161, 74, 234, 53, 160, 0, 0, 192, 1, 0, 11, 1, 0, 158, 8, 199]
1542741588481;[171, 0, 17, 255, 161, 74, 234, 53, 160, 0, 0, 193, 1, 0, 14, 1, 0, 159, 8, 181]
1542741588482;[171, 0, 17, 255, 161, 74, 234, 53, 160, 0, 0, 193, 1, 0, 14, 1, 0, 159, 8, 181]
1542741588640;[171, 0, 4, 255, 132, 128, 69]
1542741588642;[171, 0, 4, 255, 132, 128, 69]
1542741588645;[171, 0, 17, 255, 161, 74, 234, 53, 161, 0, 0, 194, 1, 0, 12, 1, 0, 157, 8, 170]
1542741588646;[171, 0, 17, 255, 161, 74, 234, 53, 161, 0, 0, 194, 1, 0, 12, 1, 0, 157, 8, 170]
1542741588812;[171, 0, 17, 255, 161, 74, 234, 53, 161, 0, 0, 192, 1, 0, 13, 1, 0, 159, 8, 149]
1542741588814;[171, 0, 17, 255, 161, 74, 234, 53, 161, 0, 0, 192, 1, 0, 13, 1, 0, 159, 8, 149]
1542741588984;[171, 0, 17, 255, 161, 74, 234, 53, 161, 0, 0, 192, 1, 0, 12, 1, 0, 159, 8, 151]
1542741588986;[171, 0, 17, 255, 161, 74, 234, 53, 161, 0, 0, 192, 1, 0, 12, 1, 0, 159, 8, 151]
1542741588989;[171, 0, 17, 255, 161, 74, 234, 53, 161, 0, 0, 192, 1, 0, 13, 1, 0, 159, 8, 250]
1542741588990;[171, 0, 17, 255, 161, 74, 234, 53, 161, 0, 0, 192, 1, 0, 13, 1, 0, 159, 8, 250]
1542741589156;[171, 0, 17, 255, 161, 74, 234, 53, 161, 0, 0, 193, 1, 0, 13, 1, 0, 158, 9, 19]
1542741589158;[171, 0, 17, 255, 161, 74, 234, 53, 161, 0, 0, 193, 1, 0, 13, 1, 0, 158, 9, 19]
1542741589329;[171, 0, 17, 255, 161, 74, 234, 53, 161, 0, 0, 192, 1, 0, 13, 1, 0, 158, 8, 248]
1542741589330;[171, 0, 17, 255, 161, 74, 234, 53, 161, 0, 0, 192, 1, 0, 13, 1, 0, 158, 8, 248]
1542741589337;[171, 0, 17, 255, 161, 74, 234, 53, 161, 0, 0, 195, 1, 0, 12, 1, 0, 159, 8, 227]
1542741589339;[171, 0, 17, 255, 161, 74, 234, 53, 161, 0, 0, 195, 1, 0, 12, 1, 0, 159, 8, 227]
1542741589343;[171, 0, 17, 255, 161, 74, 234, 53, 161, 0, 0, 193, 1, 0, 14, 1, 0, 160, 8, 197]
1542741589345;[171, 0, 17, 255, 161, 74, 234, 53, 161, 0, 0, 193, 1, 0, 14, 1, 0, 160, 8, 197]
1542741589674;[171, 0, 17, 255, 161, 74, 234, 53, 161, 0, 0, 191, 1, 0, 12, 1, 0, 159, 8, 180]
1542741589675;[171, 0, 17, 255, 161, 74, 234, 53, 161, 0, 0, 191, 1, 0, 12, 1, 0, 159, 8, 180]
1542741589679;[171, 0, 17, 255, 161, 74, 234, 53, 161, 0, 0, 193, 1, 0, 13, 1, 0, 160, 8, 138]
1542741589680;[171, 0, 17, 255, 161, 74, 234, 53, 161, 0, 0, 193, 1, 0, 13, 1, 0, 160, 8, 138]
1542741589682;[171, 0, 4, 255, 132, 128, 69]
1542741589684;[171, 0, 4, 255, 132, 128, 69]
1542741589848;[171, 0, 17, 255, 161, 74, 234, 53, 162, 0, 0, 193, 1, 0, 13, 1, 0, 160, 8, 112]
1542741589850;[171, 0, 17, 255, 161, 74, 234, 53, 162, 0, 0, 193, 1, 0, 13, 1, 0, 160, 8, 112]
1542741589851;[171, 0, 17, 255, 161, 74, 234, 53, 162, 0, 0, 192, 1, 0, 12, 1, 0, 160, 8, 173]
1542741589853;[171, 0, 17, 255, 161, 74, 234, 53, 162, 0, 0, 192, 1, 0, 12, 1, 0, 160, 8, 173]
1542741590019;[171, 0, 17, 255, 161, 74, 234, 53, 162, 0, 0, 191, 1, 0, 14, 1, 0, 159, 8, 242]
1542741590021;[171, 0, 17, 255, 161, 74, 234, 53, 162, 0, 0, 191, 1, 0, 14, 1, 0, 159, 8, 242]
1542741590193;[171, 0, 17, 255, 161, 74, 234, 53, 162, 0, 0, 192, 1, 0, 13, 1, 0, 159, 8, 250]
1542741590195;[171, 0, 17, 255, 161, 74, 234, 53, 162, 0, 0, 192, 1, 0, 13, 1, 0, 159, 8, 250]
1542741590197;[171, 0, 17, 255, 161, 74, 234, 53, 162, 0, 0, 194, 1, 0, 15, 1, 0, 159, 8, 222]
1542741590199;[171, 0, 17, 255, 161, 74, 234, 53, 162, 0, 0, 194, 1, 0, 15, 1, 0, 159, 8, 222]
1542741590365;[171, 0, 17, 255, 161, 74, 234, 53, 162, 0, 0, 195, 1, 0, 12, 1, 0, 160, 8, 192]
1542741590367;[171, 0, 17, 255, 161, 74, 234, 53, 162, 0, 0, 195, 1, 0, 12, 1, 0, 160, 8, 192]
1542741590369;[171, 0, 17, 255, 161, 74, 234, 53, 162, 0, 0, 193, 1, 0, 10, 1, 0, 158, 8, 170]
1542741590371;[171, 0, 17, 255, 161, 74, 234, 53, 162, 0, 0, 193, 1, 0, 10, 1, 0, 158, 8, 170]
1542741590710;[171, 0, 17, 255, 161, 74, 234, 53, 162, 0, 0, 190, 1, 0, 12, 1, 0, 159, 8, 144]
1542741590712;[171, 0, 17, 255, 161, 74, 234, 53, 162, 0, 0, 190, 1, 0, 12, 1, 0, 159, 8, 144]
1542741590715;[171, 0, 17, 255, 161, 74, 234, 53, 162, 0, 0, 194, 1, 0, 9, 1, 0, 159, 8, 109]
1542741590716;[171, 0, 17, 255, 161, 74, 234, 53, 162, 0, 0, 194, 1, 0, 9, 1, 0, 159, 8, 109]
1542741591055;[171, 0, 17, 255, 161, 74, 234, 53, 165, 0, 0, 193, 1, 0, 13, 1, 0, 159, 8, 159]
1542741591057;[171, 0, 17, 255, 161, 74, 234, 53, 165, 0, 0, 193, 1, 0, 13, 1, 0, 159, 8, 159]
1542741591059;[171, 0, 17, 255, 161, 74, 234, 53, 165, 0, 0, 192, 1, 0, 15, 1, 0, 160, 8, 137]
1542741591060;[171, 0, 17, 255, 161, 74, 234, 53, 165, 0, 0, 192, 1, 0, 15, 1, 0, 160, 8, 137]
1542741591063;[171, 0, 17, 255, 161, 74, 234, 53, 165, 0, 0, 192, 1, 0, 14, 1, 0, 160, 8, 111]
1542741591065;[171, 0, 17, 255, 161, 74, 234, 53, 165, 0, 0, 192, 1, 0, 14, 1, 0, 160, 8, 111]
1542741591226;[171, 0, 17, 255, 161, 74, 234, 53, 165, 0, 0, 190, 1, 0, 11, 1, 0, 159, 8, 76]
1542741591228;[171, 0, 17, 255, 161, 74, 234, 53, 165, 0, 0, 190, 1, 0, 11, 1, 0, 159, 8, 76]
1542741591231;[171, 0, 17, 255, 161, 74, 234, 53, 165, 0, 0, 192, 1, 0, 12, 1, 0, 159, 8, 43]
1542741591233;[171, 0, 17, 255, 161, 74, 234, 53, 165, 0, 0, 192, 1, 0, 12, 1, 0, 159, 8, 43]
1542741591399;[171, 0, 17, 255, 161, 74, 234, 53, 165, 0, 0, 192, 1, 0, 10, 1, 0, 159, 8, 76]
1542741591401;[171, 0, 17, 255, 161, 74, 234, 53, 165, 0, 0, 192, 1, 0, 10, 1, 0, 159, 8, 76]
1542741591572;[171, 0, 17, 255, 161, 74, 234, 53, 165, 0, 0, 192, 1, 0, 12, 1, 0, 159, 8, 149]
1542741591574;[171, 0, 17, 255, 161, 74, 234, 53, 165, 0, 0, 192, 1, 0, 12, 1, 0, 159, 8, 149]
1542741591576;[171, 0, 17, 255, 161, 74, 234, 53, 165, 0, 0, 191, 1, 0, 12, 1, 0, 159, 8, 150]
1542741591578;[171, 0, 17, 255, 161, 74, 234, 53, 165, 0, 0, 191, 1, 0, 12, 1, 0, 159, 8, 150]
1542741591745;[171, 0, 17, 255, 161, 74, 234, 53, 165, 0, 0, 192, 1, 0, 11, 1, 0, 158, 8, 121]
1542741591747;[171, 0, 17, 255, 161, 74, 234, 53, 165, 0, 0, 192, 1, 0, 11, 1, 0, 158, 8, 121]
1542741591749;[171, 0, 17, 255, 161, 74, 234, 53, 165, 0, 0, 191, 1, 0, 12, 1, 0, 159, 8, 96]
1542741591751;[171, 0, 17, 255, 161, 74, 234, 53, 165, 0, 0, 191, 1, 0, 12, 1, 0, 159, 8, 96]
1542741593920;[171, 0, 4, 255, 132, 128, 68]
1542741593922;[171, 0, 4, 255, 132, 128, 68]
1542741593925;[171, 0, 17, 255, 161, 74, 234, 53, 166, 0, 0, 194, 1, 0, 13, 1, 0, 158, 8, 66]
1542741593926;[171, 0, 17, 255, 161, 74, 234, 53, 166, 0, 0, 194, 1, 0, 13, 1, 0, 158, 8, 66]
1542741593928;[171, 0, 17, 255, 161, 74, 234, 53, 166, 0, 0, 192, 1, 0, 11, 1, 0, 159, 8, 34]
1542741593929;[171, 0, 17, 255, 161, 74, 234, 53, 166, 0, 0, 192, 1, 0, 11, 1, 0, 159, 8, 34]
1542741593931;[171, 0, 17, 255, 161, 74, 234, 53, 166, 0, 0, 194, 1, 0, 12, 1, 0, 159, 8, 1]
1542741593932;[171, 0, 17, 255, 161, 74, 234, 53, 166, 0, 0, 194, 1, 0, 12, 1, 0, 159, 8, 1]
1542741593934;[171, 0, 17, 255, 161, 74, 234, 53, 166, 0, 0, 191, 1, 0, 11, 1, 0, 158, 7, 231]
1542741593935;[171, 0, 17, 255, 161, 74, 234, 53, 166, 0, 0, 191, 1, 0, 11, 1, 0, 158, 7, 231]
1542741593953;[171, 0, 17, 255, 161, 74, 234, 53, 166, 0, 0, 190, 1, 0, 12, 1, 0, 160, 8, 20]
1542741593954;[171, 0, 17, 255, 161, 74, 234, 53, 166, 0, 0, 190, 1, 0, 12, 1, 0, 160, 8, 20]
1542741593999;[171, 0, 17, 255, 161, 74, 234, 53, 166, 0, 0, 192, 1, 0, 13, 1, 0, 160, 8, 83]
1542741594000;[171, 0, 17, 255, 161, 74, 234, 53, 166, 0, 0, 192, 1, 0, 13, 1, 0, 160, 8, 83]
1542741594004;[171, 0, 17, 255, 161, 74, 234, 53, 166, 0, 0, 193, 1, 0, 14, 1, 0, 158, 8, 79]
1542741594005;[171, 0, 17, 255, 161, 74, 234, 53, 166, 0, 0, 193, 1, 0, 14, 1, 0, 158, 8, 79]
1542741594008;[171, 0, 17, 255, 161, 74, 234, 53, 166, 0, 0, 191, 1, 0, 13, 1, 0, 159, 8, 64]
1542741594009;[171, 0, 17, 255, 161, 74, 234, 53, 166, 0, 0, 191, 1, 0, 13, 1, 0, 159, 8, 64]
1542741594010;[171, 0, 17, 255, 161, 74, 234, 53, 166, 0, 0, 191, 1, 0, 11, 1, 0, 160, 8, 45]
1542741594011;[171, 0, 17, 255, 161, 74, 234, 53, 166, 0, 0, 191, 1, 0, 11, 1, 0, 160, 8, 45]
1542741594027;[171, 0, 17, 255, 161, 74, 234, 53, 166, 0, 0, 193, 1, 0, 11, 1, 0, 160, 8, 16]
1542741594028;[171, 0, 17, 255, 161, 74, 234, 53, 166, 0, 0, 193, 1, 0, 11, 1, 0, 160, 8, 16]
1542741594029;[171, 0, 4, 255, 132, 128, 69]
1542741594031;[171, 0, 4, 255, 132, 128, 69]
1542741594032;[171, 0, 17, 255, 161, 74, 234, 53, 167, 0, 0, 193, 1, 0, 13, 1, 0, 159, 7, 243]
1542741594033;[171, 0, 17, 255, 161, 74, 234, 53, 167, 0, 0, 193, 1, 0, 13, 1, 0, 159, 7, 243]
1542741594034;[171, 0, 17, 255, 161, 74, 234, 53, 167, 0, 0, 192, 1, 0, 14, 1, 0, 158, 7, 222]
1542741594035;[171, 0, 17, 255, 161, 74, 234, 53, 167, 0, 0, 192, 1, 0, 14, 1, 0, 158, 7, 222]
1542741594046;[171, 0, 17, 255, 161, 74, 234, 53, 167, 0, 0, 194, 1, 0, 12, 1, 0, 159, 8, 30]
1542741594047;[171, 0, 17, 255, 161, 74, 234, 53, 167, 0, 0, 194, 1, 0, 12, 1, 0, 159, 8, 30]
1542741594048;[171, 0, 17, 255, 161, 74, 234, 53, 167, 0, 0, 193, 1, 0, 13, 1, 0, 159, 8, 80]
1542741594049;[171, 0, 17, 255, 161, 74, 234, 53, 167, 0, 0, 193, 1, 0, 13, 1, 0, 159, 8, 80]
1542741594050;[171, 0, 17, 255, 161, 74, 234, 53, 167, 0, 0, 194, 1, 0, 14, 1, 0, 159, 8, 70]
1542741594051;[171, 0, 17, 255, 161, 74, 234, 53, 167, 0, 0, 194, 1, 0, 14, 1, 0, 159, 8, 70]
1542741594052;[171, 0, 17, 255, 161, 74, 234, 53, 167, 0, 0, 193, 1, 0, 12, 1, 0, 159, 8, 40]
1542741594053;[171, 0, 17, 255, 161, 74, 234, 53, 167, 0, 0, 193, 1, 0, 12, 1, 0, 159, 8, 40]
1542741594054;[171, 0, 17, 255, 161, 74, 234, 53, 167, 0, 0, 194, 1, 0, 14, 1, 0, 160, 8, 8]
1542741594055;[171, 0, 17, 255, 161, 74, 234, 53, 167, 0, 0, 194, 1, 0, 14, 1, 0, 160, 8, 8]
1542741594055;[171, 0, 17, 255, 161, 74, 234, 53, 167, 0, 0, 194, 1, 0, 13, 1, 0, 160, 7, 236]
1542741594056;[171, 0, 17, 255, 161, 74, 234, 53, 167, 0, 0, 194, 1, 0, 13, 1, 0, 160, 7, 236]
1542741594058;[171, 0, 17, 255, 161, 74, 234, 53, 167, 0, 0, 191, 1, 0, 12, 1, 0, 160, 7, 204]
1542741594060;[171, 0, 17, 255, 161, 74, 234, 53, 167, 0, 0, 191, 1, 0, 12, 1, 0, 160, 7, 204]
1542741594061;[171, 0, 17, 255, 161, 74, 234, 53, 167, 0, 0, 194, 1, 0, 13, 1, 0, 159, 7, 166]
1542741594062;[171, 0, 17, 255, 161, 74, 234, 53, 167, 0, 0, 194, 1, 0, 13, 1, 0, 159, 7, 166]
1542741594157;[171, 0, 4, 255, 132, 128, 68]
1542741594158;[171, 0, 4, 255, 132, 128, 68]
1542741594160;[171, 0, 17, 255, 161, 74, 234, 53, 168, 0, 0, 192, 1, 0, 12, 1, 0, 158, 7, 181]
1542741594162;[171, 0, 17, 255, 161, 74, 234, 53, 168, 0, 0, 192, 1, 0, 12, 1, 0, 158, 7, 181]
1542741594332;[171, 0, 17, 255, 161, 74, 234, 53, 168, 0, 0, 189, 1, 0, 14, 1, 0, 161, 8, 0]
1542741594334;[171, 0, 17, 255, 161, 74, 234, 53, 168, 0, 0, 189, 1, 0, 14, 1, 0, 161, 8, 0]
1542741594336;[171, 0, 17, 255, 161, 74, 234, 53, 168, 0, 0, 190, 1, 0, 12, 1, 0, 160, 8, 7]
1542741594338;[171, 0, 17, 255, 161, 74, 234, 53, 168, 0, 0, 190, 1, 0, 12, 1, 0, 160, 8, 7]
1542741594504;[171, 0, 17, 255, 161, 74, 234, 53, 168, 0, 0, 194, 1, 0, 13, 1, 0, 160, 7, 252]
1542741594506;[171, 0, 17, 255, 161, 74, 234, 53, 168, 0, 0, 194, 1, 0, 13, 1, 0, 160, 7, 252]
1542741594848;[171, 0, 17, 255, 161, 74, 234, 53, 168, 0, 0, 192, 1, 0, 12, 1, 0, 159, 7, 216]
1542741594849;[171, 0, 17, 255, 161, 74, 234, 53, 168, 0, 0, 192, 1, 0, 12, 1, 0, 159, 7, 216]
1542741594851;[171, 0, 17, 255, 161, 74, 234, 53, 168, 0, 0, 192, 1, 0, 11, 1, 0, 159, 7, 189]
1542741594853;[171, 0, 17, 255, 161, 74, 234, 53, 168, 0, 0, 192, 1, 0, 11, 1, 0, 159, 7, 189]
1542741594854;[171, 0, 17, 255, 161, 74, 234, 53, 168, 0, 0, 191, 1, 0, 13, 1, 0, 158, 7, 162]
1542741594855;[171, 0, 17, 255, 161, 74, 234, 53, 168, 0, 0, 191, 1, 0, 13, 1, 0, 158, 7, 162]
1542741594857;[171, 0, 17, 255, 161, 74, 234, 53, 168, 0, 0, 192, 1, 0, 14, 1, 0, 160, 7, 127]
1542741594858;[171, 0, 17, 255, 161, 74, 234, 53, 168, 0, 0, 192, 1, 0, 14, 1, 0, 160, 7, 127]
1542741595195;[171, 0, 17, 255, 161, 74, 234, 53, 168, 0, 0, 193, 1, 0, 14, 1, 0, 159, 7, 87]
1542741595197;[171, 0, 17, 255, 161, 74, 234, 53, 168, 0, 0, 193, 1, 0, 14, 1, 0, 159, 7, 87]
1542741595199;[171, 0, 17, 255, 161, 74, 234, 53, 168, 0, 0, 188, 1, 0, 12, 1, 0, 159, 7, 126]
1542741595200;[171, 0, 17, 255, 161, 74, 234, 53, 168, 0, 0, 188, 1, 0, 12, 1, 0, 159, 7, 126]
1542741595203;[171, 0, 4, 255, 132, 128, 69]
1542741595205;[171, 0, 4, 255, 132, 128, 69]
1542741595367;[171, 0, 17, 255, 161, 74, 234, 53, 169, 0, 0, 192, 1, 0, 12, 1, 0, 160, 7, 182]
1542741595369;[171, 0, 17, 255, 161, 74, 234, 53, 169, 0, 0, 192, 1, 0, 12, 1, 0, 160, 7, 182]
1542741595371;[171, 0, 17, 255, 161, 74, 234, 53, 169, 0, 0, 193, 1, 0, 11, 1, 0, 161, 7, 186]
1542741595373;[171, 0, 17, 255, 161, 74, 234, 53, 169, 0, 0, 193, 1, 0, 11, 1, 0, 161, 7, 186]
1542741595539;[171, 0, 17, 255, 161, 74, 234, 53, 169, 0, 0, 192, 1, 0, 14, 1, 0, 159, 7, 173]
1542741595541;[171, 0, 17, 255, 161, 74, 234, 53, 169, 0, 0, 192, 1, 0, 14, 1, 0, 159, 7, 173]
1542741595544;[171, 0, 17, 255, 161, 74, 234, 53, 169, 0, 0, 191, 1, 0, 11, 1, 0, 158, 7, 148]
1542741595546;[171, 0, 17, 255, 161, 74, 234, 53, 169, 0, 0, 191, 1, 0, 11, 1, 0, 158, 7, 148]
1542741595713;[171, 0, 17, 255, 161, 74, 234, 53, 169, 0, 0, 195, 1, 0, 11, 1, 0, 158, 7, 126]
1542741595714;[171, 0, 17, 255, 161, 74, 234, 53, 169, 0, 0, 195, 1, 0, 11, 1, 0, 158, 7, 126]
1542741596057;[171, 0, 17, 255, 161, 74, 234, 53, 169, 0, 0, 191, 1, 0, 12, 1, 0, 159, 7, 113]
1542741596058;[171, 0, 17, 255, 161, 74, 234, 53, 169, 0, 0, 191, 1, 0, 12, 1, 0, 159, 7, 113]
1542741596234;[171, 0, 17, 255, 161, 74, 234, 53, 169, 0, 0, 196, 1, 0, 12, 1, 0, 158, 7, 83]
1542741596237;[171, 0, 17, 255, 161, 74, 234, 53, 169, 0, 0, 196, 1, 0, 12, 1, 0, 158, 7, 83]
1542741596239;[171, 0, 17, 255, 161, 74, 234, 53, 169, 0, 0, 193, 1, 0, 12, 1, 0, 159, 7, 109]
1542741596242;[171, 0, 17, 255, 161, 74, 234, 53, 169, 0, 0, 193, 1, 0, 12, 1, 0, 159, 7, 109]
1542741596245;[171, 0, 17, 255, 161, 74, 234, 53, 169, 0, 0, 191, 1, 0, 13, 1, 0, 159, 7, 184]
1542741596247;[171, 0, 17, 255, 161, 74, 234, 53, 169, 0, 0, 191, 1, 0, 13, 1, 0, 159, 7, 184]
1542741596248;[171, 0, 17, 255, 161, 74, 234, 53, 169, 0, 0, 192, 1, 0, 11, 1, 0, 159, 7, 205]
1542741596250;[171, 0, 17, 255, 161, 74, 234, 53, 169, 0, 0, 192, 1, 0, 11, 1, 0, 159, 7, 205]
1542741596402;[171, 0, 4, 255, 132, 128, 69]
1542741596405;[171, 0, 4, 255, 132, 128, 69]
1542741596407;[171, 0, 17, 255, 161, 74, 234, 53, 170, 0, 0, 195, 1, 0, 12, 1, 0, 160, 7, 179]
1542741596409;[171, 0, 17, 255, 161, 74, 234, 53, 170, 0, 0, 195, 1, 0, 12, 1, 0, 160, 7, 179]
1542741596574;[171, 0, 17, 255, 161, 74, 234, 53, 170, 0, 0, 193, 1, 0, 14, 1, 0, 160, 7, 153]
1542741596576;[171, 0, 17, 255, 161, 74, 234, 53, 170, 0, 0, 193, 1, 0, 14, 1, 0, 160, 7, 153]
1542741596579;[171, 0, 17, 255, 161, 74, 234, 53, 170, 0, 0, 190, 1, 0, 13, 1, 0, 158, 7, 133]
1542741596580;[171, 0, 17, 255, 161, 74, 234, 53, 170, 0, 0, 190, 1, 0, 13, 1, 0, 158, 7, 133]
1542741596748;[171, 0, 17, 255, 161, 74, 234, 53, 170, 0, 0, 192, 1, 0, 14, 1, 0, 159, 7, 102]
1542741596750;[171, 0, 17, 255, 161, 74, 234, 53, 170, 0, 0, 192, 1, 0, 14, 1, 0, 159, 7, 102]
1542741596752;[171, 0, 17, 255, 161, 74, 234, 53, 170, 0, 0, 195, 1, 0, 14, 1, 0, 159, 7, 68]
1542741596754;[171, 0, 17, 255, 161, 74, 234, 53, 170, 0, 0, 195, 1, 0, 14, 1, 0, 159, 7, 68]
1542741596919;[171, 0, 17, 255, 161, 74, 234, 53, 170, 0, 0, 193, 1, 0, 11, 1, 0, 158, 7, 89]
1542741596921;[171, 0, 17, 255, 161, 74, 234, 53, 170, 0, 0, 193, 1, 0, 11, 1, 0, 158, 7, 89]
1542741597090;[171, 0, 17, 255, 161, 74, 234, 53, 170, 0, 0, 193, 1, 0, 11, 1, 0, 158, 7, 171]
1542741597092;[171, 0, 17, 255, 161, 74, 234, 53, 170, 0, 0, 193, 1, 0, 11, 1, 0, 158, 7, 171]
1542741597095;[171, 0, 17, 255, 161, 74, 234, 53, 170, 0, 0, 195, 1, 0, 13, 1, 0, 160, 7, 182]
1542741597097;[171, 0, 17, 255, 161, 74, 234, 53, 170, 0, 0, 195, 1, 0, 13, 1, 0, 160, 7, 182]
1542741597443;[171, 0, 17, 255, 161, 74, 234, 53, 170, 0, 0, 192, 1, 0, 12, 1, 0, 158, 7, 163]
1542741597445;[171, 0, 17, 255, 161, 74, 234, 53, 170, 0, 0, 192, 1, 0, 12, 1, 0, 158, 7, 163]
1542741597447;[171, 0, 17, 255, 161, 74, 234, 53, 170, 0, 0, 193, 1, 0, 11, 1, 0, 159, 7, 131]
1542741597449;[171, 0, 17, 255, 161, 74, 234, 53, 170, 0, 0, 193, 1, 0, 11, 1, 0, 159, 7, 131]
1542741597451;[171, 0, 4, 255, 132, 128, 69]
1542741597454;[171, 0, 4, 255, 132, 128, 69]
1542741597456;[171, 0, 17, 255, 161, 74, 234, 53, 171, 0, 0, 193, 1, 0, 12, 1, 0, 159, 7, 115]
1542741597458;[171, 0, 17, 255, 161, 74, 234, 53, 171, 0, 0, 193, 1, 0, 12, 1, 0, 159, 7, 115]
1542741597609;[171, 0, 17, 255, 161, 74, 234, 53, 171, 0, 0, 192, 1, 0, 12, 1, 0, 161, 7, 80]
1542741597611;[171, 0, 17, 255, 161, 74, 234, 53, 171, 0, 0, 192, 1, 0, 12, 1, 0, 161, 7, 80]
1542741597782;[171, 0, 17, 255, 161, 74, 234, 53, 171, 0, 0, 193, 1, 0, 13, 1, 0, 159, 7, 50]
1542741597784;[171, 0, 17, 255, 161, 74, 234, 53, 171, 0, 0, 193, 1, 0, 13, 1, 0, 159, 7, 50]
1542741597786;[171, 0, 17, 255, 161, 74, 234, 53, 171, 0, 0, 191, 1, 0, 14, 1, 0, 159, 7, 14]
1542741597788;[171, 0, 17, 255, 161, 74, 234, 53, 171, 0, 0, 191, 1, 0, 14, 1, 0, 159, 7, 14]
1542741597955;[171, 0, 17, 255, 161, 74, 234, 53, 171, 0, 0, 193, 1, 0, 13, 1, 0, 159, 7, 87]
1542741597957;[171, 0, 17, 255, 161, 74, 234, 53, 171, 0, 0, 193, 1, 0, 13, 1, 0, 159, 7, 87]
1542741597959;[171, 0, 17, 255, 161, 74, 234, 53, 171, 0, 0, 192, 1, 0, 11, 1, 0, 159, 7, 142]
1542741597961;[171, 0, 17, 255, 161, 74, 234, 53, 171, 0, 0, 192, 1, 0, 11, 1, 0, 159, 7, 142]
1542741598127;[171, 0, 17, 255, 161, 74, 234, 53, 171, 0, 0, 192, 1, 0, 12, 1, 0, 160, 7, 146]
1542741598129;[171, 0, 17, 255, 161, 74, 234, 53, 171, 0, 0, 192, 1, 0, 12, 1, 0, 160, 7, 146]
1542741598131;[171, 0, 17, 255, 161, 74, 234, 53, 171, 0, 0, 187, 1, 0, 14, 1, 0, 159, 7, 118]
1542741598133;[171, 0, 17, 255, 161, 74, 234, 53, 171, 0, 0, 187, 1, 0, 14, 1, 0, 159, 7, 118]
1542741598299;[171, 0, 17, 255, 161, 74, 234, 53, 171, 0, 0, 194, 1, 0, 15, 1, 0, 157, 7, 100]
1542741598300;[171, 0, 17, 255, 161, 74, 234, 53, 171, 0, 0, 194, 1, 0, 15, 1, 0, 157, 7, 100]
1542741598647;[171, 0, 17, 255, 161, 74, 234, 53, 171, 0, 0, 192, 1, 0, 11, 1, 0, 158, 7, 80]
1542741598649;[171, 0, 17, 255, 161, 74, 234, 53, 171, 0, 0, 192, 1, 0, 11, 1, 0, 158, 7, 80]
1542741598651;[171, 0, 4, 255, 132, 128, 69]
1542741598654;[171, 0, 4, 255, 132, 128, 69]
1542741598656;[171, 0, 17, 255, 161, 74, 234, 53, 172, 0, 0, 193, 1, 0, 13, 1, 0, 159, 7, 58]
1542741598658;[171, 0, 17, 255, 161, 74, 234, 53, 172, 0, 0, 193, 1, 0, 13, 1, 0, 159, 7, 58]
1542741598660;[171, 0, 17, 255, 161, 74, 234, 53, 172, 0, 0, 195, 1, 0, 13, 1, 0, 158, 7, 19]
1542741598662;[171, 0, 17, 255, 161, 74, 234, 53, 172, 0, 0, 195, 1, 0, 13, 1, 0, 158, 7, 19]
1542741598817;[171, 0, 17, 255, 161, 74, 234, 53, 172, 0, 0, 192, 1, 0, 13, 1, 0, 157, 7, 34]
1542741598819;[171, 0, 17, 255, 161, 74, 234, 53, 172, 0, 0, 192, 1, 0, 13, 1, 0, 157, 7, 34]
1542741598990;[171, 0, 17, 255, 161, 74, 234, 53, 172, 0, 0, 192, 1, 0, 12, 1, 0, 158, 7, 116]
1542741598992;[171, 0, 17, 255, 161, 74, 234, 53, 172, 0, 0, 192, 1, 0, 12, 1, 0, 158, 7, 116]
1542741598995;[171, 0, 17, 255, 161, 74, 234, 53, 172, 0, 0, 192, 1, 0, 12, 1, 0, 159, 7, 141]
1542741598997;[171, 0, 17, 255, 161, 74, 234, 53, 172, 0, 0, 192, 1, 0, 12, 1, 0, 159, 7, 141]
1542741599164;[171, 0, 17, 255, 161, 74, 234, 53, 172, 0, 0, 193, 1, 0, 13, 1, 0, 159, 7, 119]
1542741599166;[171, 0, 17, 255, 161, 74, 234, 53, 172, 0, 0, 193, 1, 0, 13, 1, 0, 159, 7, 119]
1542741599168;[171, 0, 17, 255, 161, 74, 234, 53, 172, 0, 0, 191, 1, 0, 11, 1, 0, 158, 7, 98]
1542741599170;[171, 0, 17, 255, 161, 74, 234, 53, 172, 0, 0, 191, 1, 0, 11, 1, 0, 158, 7, 98]
1542741599334;[171, 0, 17, 255, 161, 74, 234, 53, 172, 0, 0, 192, 1, 0, 12, 1, 0, 158, 7, 87]
1542741599336;[171, 0, 17, 255, 161, 74, 234, 53, 172, 0, 0, 192, 1, 0, 12, 1, 0, 158, 7, 87]
1542741599339;[171, 0, 17, 255, 161, 74, 234, 53, 172, 0, 0, 195, 1, 0, 12, 1, 0, 158, 7, 61]
1542741599341;[171, 0, 17, 255, 161, 74, 234, 53, 172, 0, 0, 195, 1, 0, 12, 1, 0, 158, 7, 61]
1542741599507;[171, 0, 17, 255, 161, 74, 234, 53, 172, 0, 0, 191, 1, 0, 14, 1, 0, 159, 7, 28]
1542741599509;[171, 0, 17, 255, 161, 74, 234, 53, 172, 0, 0, 191, 1, 0, 14, 1, 0, 159, 7, 28]
1542741600025;[171, 0, 4, 255, 132, 128, 69]
1542741600027;[171, 0, 4, 255, 132, 128, 69]
1542741600029;[171, 0, 17, 255, 161, 74, 234, 53, 173, 0, 0, 193, 1, 0, 13, 1, 0, 159, 7, 68]
1542741600031;[171, 0, 17, 255, 161, 74, 234, 53, 173, 0, 0, 193, 1, 0, 13, 1, 0, 159, 7, 68]
1542741600034;[171, 0, 17, 255, 161, 74, 234, 53, 173, 0, 0, 192, 1, 0, 14, 1, 0, 160, 7, 144]
1542741600036;[171, 0, 17, 255, 161, 74, 234, 53, 173, 0, 0, 192, 1, 0, 14, 1, 0, 160, 7, 144]
1542741600038;[171, 0, 17, 255, 161, 74, 234, 53, 173, 0, 0, 194, 1, 0, 14, 1, 0, 159, 7, 166]
1542741600039;[171, 0, 17, 255, 161, 74, 234, 53, 173, 0, 0, 194, 1, 0, 14, 1, 0, 159, 7, 166]
1542741600197;[171, 0, 17, 255, 161, 74, 234, 53, 173, 0, 0, 194, 1, 0, 14, 1, 0, 159, 7, 147]
1542741600199;[171, 0, 17, 255, 161, 74, 234, 53, 173, 0, 0, 194, 1, 0, 14, 1, 0, 159, 7, 147]
1542741600202;[171, 0, 17, 255, 161, 74, 234, 53, 173, 0, 0, 192, 1, 0, 14, 1, 0, 159, 7, 118]
1542741600204;[171, 0, 17, 255, 161, 74, 234, 53, 173, 0, 0, 192, 1, 0, 14, 1, 0, 159, 7, 118]
1542741600206;[171, 0, 17, 255, 161, 74, 234, 53, 173, 0, 0, 194, 1, 0, 11, 1, 0, 158, 7, 88]
1542741600208;[171, 0, 17, 255, 161, 74, 234, 53, 173, 0, 0, 194, 1, 0, 11, 1, 0, 158, 7, 88]
1542741600369;[171, 0, 17, 255, 161, 74, 234, 53, 173, 0, 0, 191, 1, 0, 11, 1, 0, 160, 7, 56]
1542741600371;[171, 0, 17, 255, 161, 74, 234, 53, 173, 0, 0, 191, 1, 0, 11, 1, 0, 160, 7, 56]
1542741600373;[171, 0, 17, 255, 161, 74, 234, 53, 173, 0, 0, 192, 1, 0, 13, 1, 0, 160, 7, 23]
1542741600375;[171, 0, 17, 255, 161, 74, 234, 53, 173, 0, 0, 192, 1, 0, 13, 1, 0, 160, 7, 23]
1542741600541;[171, 0, 17, 255, 161, 74, 234, 53, 173, 0, 0, 194, 1, 0, 14, 1, 0, 157, 7, 13]
1542741600543;[171, 0, 17, 255, 161, 74, 234, 53, 173, 0, 0, 194, 1, 0, 14, 1, 0, 157, 7, 13]
1542741600546;[171, 0, 17, 255, 161, 74, 234, 53, 173, 0, 0, 191, 1, 0, 13, 1, 0, 158, 7, 87]
1542741600549;[171, 0, 17, 255, 161, 74, 234, 53, 173, 0, 0, 191, 1, 0, 13, 1, 0, 158, 7, 87]
1542741600888;[171, 0, 4, 255, 132, 128, 70]
1542741600890;[171, 0, 4, 255, 132, 128, 70]
1542741600893;[171, 0, 17, 255, 161, 74, 234, 53, 174, 0, 0, 191, 1, 0, 14, 1, 0, 160, 7, 135]
1542741600895;[171, 0, 17, 255, 161, 74, 234, 53, 174, 0, 0, 191, 1, 0, 14, 1, 0, 160, 7, 135]
1542741600897;[171, 0, 17, 255, 161, 74, 234, 53, 174, 0, 0, 192, 1, 0, 13, 1, 0, 159, 7, 124]
1542741600899;[171, 0, 17, 255, 161, 74, 234, 53, 174, 0, 0, 192, 1, 0, 13, 1, 0, 159, 7, 124]
1542741601234;[171, 0, 17, 255, 161, 74, 234, 53, 174, 0, 0, 188, 1, 0, 11, 1, 0, 160, 7, 98]
1542741601236;[171, 0, 17, 255, 161, 74, 234, 53, 174, 0, 0, 188, 1, 0, 11, 1, 0, 160, 7, 98]
1542741601238;[171, 0, 17, 255, 161, 74, 234, 53, 174, 0, 0, 194, 1, 0, 13, 1, 0, 158, 7, 80]
1542741601240;[171, 0, 17, 255, 161, 74, 234, 53, 174, 0, 0, 194, 1, 0, 13, 1, 0, 158, 7, 80]
1542741601242;[171, 0, 17, 255, 161, 74, 234, 53, 174, 0, 0, 193, 1, 0, 12, 1, 0, 159, 7, 52]
1542741601244;[171, 0, 17, 255, 161, 74, 234, 53, 174, 0, 0, 193, 1, 0, 12, 1, 0, 159, 7, 52]
1542741601247;[171, 0, 17, 255, 161, 74, 234, 53, 174, 0, 0, 194, 1, 0, 12, 1, 0, 160, 7, 17]
1542741601249;[171, 0, 17, 255, 161, 74, 234, 53, 174, 0, 0, 194, 1, 0, 12, 1, 0, 160, 7, 17]
1542741601405;[171, 0, 17, 255, 161, 74, 234, 53, 174, 0, 0, 193, 1, 0, 12, 1, 0, 159, 6, 234]
1542741601407;[171, 0, 17, 255, 161, 74, 234, 53, 174, 0, 0, 193, 1, 0, 12, 1, 0, 159, 6, 234]
1542741601577;[171, 0, 17, 255, 161, 74, 234, 53, 174, 0, 0, 195, 1, 0, 15, 1, 0, 159, 6, 215]
1542741601579;[171, 0, 17, 255, 161, 74, 234, 53, 174, 0, 0, 195, 1, 0, 15, 1, 0, 159, 6, 215]
1542741601581;[171, 0, 17, 255, 161, 74, 234, 53, 174, 0, 0, 193, 1, 0, 13, 1, 0, 159, 7, 19]
1542741601583;[171, 0, 17, 255, 161, 74, 234, 53, 174, 0, 0, 193, 1, 0, 13, 1, 0, 159, 7, 19]
1542741601749;[171, 0, 17, 255, 161, 74, 234, 53, 174, 0, 0, 193, 1, 0, 13, 1, 0, 161, 7, 67]
1542741601751;[171, 0, 17, 255, 161, 74, 234, 53, 174, 0, 0, 193, 1, 0, 13, 1, 0, 161, 7, 67]
1542741601753;[171, 0, 4, 255, 132, 128, 70]
1542741601755;[171, 0, 4, 255, 132, 128, 70]
1542741601923;[171, 0, 17, 255, 161, 74, 234, 53, 175, 0, 0, 193, 1, 0, 12, 1, 0, 158, 7, 48]
1542741601925;[171, 0, 17, 255, 161, 74, 234, 53, 175, 0, 0, 193, 1, 0, 12, 1, 0, 158, 7, 48]
1542741602094;[171, 0, 17, 255, 161, 74, 234, 53, 175, 0, 0, 193, 1, 0, 11, 1, 0, 160, 7, 30]
1542741602096;[171, 0, 17, 255, 161, 74, 234, 53, 175, 0, 0, 193, 1, 0, 11, 1, 0, 160, 7, 30]
1542741602098;[171, 0, 17, 255, 161, 74, 234, 53, 175, 0, 0, 195, 1, 0, 13, 1, 0, 159, 7, 2]
1542741602100;[171, 0, 17, 255, 161, 74, 234, 53, 175, 0, 0, 195, 1, 0, 13, 1, 0, 159, 7, 2]
1542741602614;[171, 0, 17, 255, 161, 74, 234, 53, 175, 0, 0, 192, 1, 0, 12, 1, 0, 161, 6, 245]
1542741602617;[171, 0, 17, 255, 161, 74, 234, 53, 175, 0, 0, 192, 1, 0, 12, 1, 0, 161, 6, 245]
1542741602619;[171, 0, 17, 255, 161, 74, 234, 53, 175, 0, 0, 192, 1, 0, 13, 1, 0, 158, 6, 227]
1542741602621;[171, 0, 17, 255, 161, 74, 234, 53, 175, 0, 0, 192, 1, 0, 13, 1, 0, 158, 6, 227]
1542741602623;[171, 0, 17, 255, 161, 74, 234, 53, 175, 0, 0, 193, 1, 0, 10, 1, 0, 159, 6, 189]
1542741602625;[171, 0, 17, 255, 161, 74, 234, 53, 175, 0, 0, 193, 1, 0, 10, 1, 0, 159, 6, 189]
1542741602627;[171, 0, 17, 255, 161, 74, 234, 53, 175, 0, 0, 191, 1, 0, 14, 1, 0, 158, 6, 238]
1542741602629;[171, 0, 17, 255, 161, 74, 234, 53, 175, 0, 0, 191, 1, 0, 14, 1, 0, 158, 6, 238]
1542741602785;[171, 0, 17, 255, 161, 74, 234, 53, 175, 0, 0, 192, 1, 0, 13, 1, 0, 158, 7, 45]
1542741602787;[171, 0, 17, 255, 161, 74, 234, 53, 175, 0, 0, 192, 1, 0, 13, 1, 0, 158, 7, 45]
1542741602791;[171, 0, 17, 255, 161, 74, 234, 53, 175, 0, 0, 193, 1, 0, 12, 1, 0, 159, 7, 43]
1542741602793;[171, 0, 17, 255, 161, 74, 234, 53, 175, 0, 0, 193, 1, 0, 12, 1, 0, 159, 7, 43]
1542741602795;[171, 0, 17, 255, 161, 74, 234, 53, 175, 0, 0, 193, 1, 0, 10, 1, 0, 158, 7, 10]
1542741602796;[171, 0, 17, 255, 161, 74, 234, 53, 175, 0, 0, 193, 1, 0, 10, 1, 0, 158, 7, 10]
1542741602956;[171, 0, 4, 255, 132, 128, 70]
1542741602959;[171, 0, 4, 255, 132, 128, 70]
1542741602961;[171, 0, 17, 255, 161, 74, 234, 53, 176, 0, 0, 195, 1, 0, 11, 1, 0, 158, 6, 239]
1542741602963;[171, 0, 17, 255, 161, 74, 234, 53, 176, 0, 0, 195, 1, 0, 11, 1, 0, 158, 6, 239]
1542741603129;[171, 0, 17, 255, 161, 74, 234, 53, 176, 0, 0, 193, 1, 0, 13, 1, 0, 158, 6, 209]
1542741603131;[171, 0, 17, 255, 161, 74, 234, 53, 176, 0, 0, 193, 1, 0, 13, 1, 0, 158, 6, 209]
1542741603133;[171, 0, 17, 255, 161, 74, 234, 53, 176, 0, 0, 192, 1, 0, 12, 1, 0, 158, 6, 157]
1542741603135;[171, 0, 17, 255, 161, 74, 234, 53, 176, 0, 0, 192, 1, 0, 12, 1, 0, 158, 6, 157]
1542741603302;[171, 0, 17, 255, 161, 74, 234, 53, 176, 0, 0, 192, 1, 0, 13, 1, 0, 159, 6, 132]
1542741603304;[171, 0, 17, 255, 161, 74, 234, 53, 176, 0, 0, 192, 1, 0, 13, 1, 0, 159, 6, 132]
1542741603474;[171, 0, 17, 255, 161, 74, 234, 53, 176, 0, 0, 193, 1, 0, 13, 1, 0, 156, 6, 98]
1542741603476;[171, 0, 17, 255, 161, 74, 234, 53, 176, 0, 0, 193, 1, 0, 13, 1, 0, 156, 6, 98]
1542741603478;[171, 0, 17, 255, 161, 74, 234, 53, 176, 0, 0, 193, 1, 0, 11, 1, 0, 158, 6, 179]
1542741603480;[171, 0, 17, 255, 161, 74, 234, 53, 176, 0, 0, 193, 1, 0, 11, 1, 0, 158, 6, 179]
1542741603821;[171, 0, 17, 255, 161, 74, 234, 53, 176, 0, 0, 193, 1, 0, 13, 1, 0, 159, 6, 210]
1542741603823;[171, 0, 17, 255, 161, 74, 234, 53, 176, 0, 0, 193, 1, 0, 13, 1, 0, 159, 6, 210]
1542741603828;[171, 0, 17, 255, 161, 74, 234, 53, 176, 0, 0, 193, 1, 0, 13, 1, 0, 159, 6, 187]
1542741603830;[171, 0, 17, 255, 161, 74, 234, 53, 176, 0, 0, 193, 1, 0, 13, 1, 0, 159, 6, 187]
1542741603831;[171, 0, 17, 255, 161, 74, 234, 53, 176, 0, 0, 194, 1, 0, 14, 1, 0, 159, 6, 144]
1542741603833;[171, 0, 17, 255, 161, 74, 234, 53, 176, 0, 0, 194, 1, 0, 14, 1, 0, 159, 6, 144]
1542741603993;[171, 0, 17, 255, 161, 74, 234, 53, 176, 0, 0, 193, 1, 0, 14, 1, 0, 159, 6, 117]
1542741603995;[171, 0, 17, 255, 161, 74, 234, 53, 176, 0, 0, 193, 1, 0, 14, 1, 0, 159, 6, 117]
1542741603998;[171, 0, 4, 255, 132, 128, 70]
1542741604000;[171, 0, 4, 255, 132, 128, 70]
1542741604165;[171, 0, 17, 255, 161, 74, 234, 53, 177, 0, 0, 192, 1, 0, 13, 1, 0, 159, 6, 87]
1542741604167;[171, 0, 17, 255, 161, 74, 234, 53, 177, 0, 0, 192, 1, 0, 13, 1, 0, 159, 6, 87]
1542741604169;[171, 0, 17, 255, 161, 74, 234, 53, 177, 0, 0, 195, 1, 0, 12, 1, 0, 159, 6, 45]
1542741604171;[171, 0, 17, 255, 161, 74, 234, 53, 177, 0, 0, 195, 1, 0, 12, 1, 0, 159, 6, 45]
1542741604337;[171, 0, 17, 255, 161, 74, 234, 53, 177, 0, 0, 193, 1, 0, 12, 1, 0, 160, 6, 3]
1542741604339;[171, 0, 17, 255, 161, 74, 234, 53, 177, 0, 0, 193, 1, 0, 12, 1, 0, 160, 6, 3]
1542741604341;[171, 0, 17, 255, 161, 74, 234, 53, 177, 0, 0, 193, 1, 0, 13, 1, 0, 159, 5, 243]
1542741604343;[171, 0, 17, 255, 161, 74, 234, 53, 177, 0, 0, 193, 1, 0, 13, 1, 0, 159, 5, 243]
1542741604509;[171, 0, 17, 255, 161, 74, 234, 53, 177, 0, 0, 194, 1, 0, 13, 1, 0, 159, 6, 66]
1542741604511;[171, 0, 17, 255, 161, 74, 234, 53, 177, 0, 0, 194, 1, 0, 13, 1, 0, 159, 6, 66]
1542741604683;[171, 0, 17, 255, 161, 74, 234, 53, 177, 0, 0, 192, 1, 0, 11, 1, 0, 157, 6, 86]
1542741604685;[171, 0, 17, 255, 161, 74, 234, 53, 177, 0, 0, 192, 1, 0, 11, 1, 0, 157, 6, 86]
1542741604686;[171, 0, 17, 255, 161, 74, 234, 53, 177, 0, 0, 192, 1, 0, 12, 1, 0, 159, 6, 59]
1542741604688;[171, 0, 17, 255, 161, 74, 234, 53, 177, 0, 0, 192, 1, 0, 12, 1, 0, 159, 6, 59]
1542741605028;[171, 0, 17, 255, 161, 74, 234, 53, 177, 0, 0, 194, 1, 0, 10, 1, 0, 160, 6, 27]
1542741605030;[171, 0, 17, 255, 161, 74, 234, 53, 177, 0, 0, 194, 1, 0, 10, 1, 0, 160, 6, 27]
1542741605032;[171, 0, 17, 255, 161, 74, 234, 53, 177, 0, 0, 192, 1, 0, 12, 1, 0, 159, 6, 7]
1542741605034;[171, 0, 17, 255, 161, 74, 234, 53, 177, 0, 0, 192, 1, 0, 12, 1, 0, 159, 6, 7]
1542741605036;[171, 0, 17, 255, 161, 74, 234, 53, 177, 0, 0, 191, 1, 0, 13, 1, 0, 159, 5, 245]
1542741605038;[171, 0, 17, 255, 161, 74, 234, 53, 177, 0, 0, 191, 1, 0, 13, 1, 0, 159, 5, 245]
1542741605040;[171, 0, 4, 255, 132, 128, 70]
1542741605043;[171, 0, 4, 255, 132, 128, 70]
1542741605199;[171, 0, 17, 255, 161, 74, 234, 53, 178, 0, 0, 193, 1, 0, 10, 1, 0, 157, 5, 215]
1542741605202;[171, 0, 17, 255, 161, 74, 234, 53, 178, 0, 0, 193, 1, 0, 10, 1, 0, 157, 5, 215]
1542741605376;[171, 0, 17, 255, 161, 74, 234, 53, 178, 0, 0, 191, 1, 0, 13, 1, 0, 160, 5, 186]
1542741605378;[171, 0, 17, 255, 161, 74, 234, 53, 178, 0, 0, 191, 1, 0, 13, 1, 0, 160, 5, 186]
1542741605380;[171, 0, 17, 255, 161, 74, 234, 53, 178, 0, 0, 190, 1, 0, 12, 1, 0, 160, 5, 238]
1542741605382;[171, 0, 17, 255, 161, 74, 234, 53, 178, 0, 0, 190, 1, 0, 12, 1, 0, 160, 5, 238]
1542741605545;[171, 0, 17, 255, 161, 74, 234, 53, 178, 0, 0, 193, 1, 0, 12, 1, 0, 159, 6, 45]
1542741605547;[171, 0, 17, 255, 161, 74, 234, 53, 178, 0, 0, 193, 1, 0, 12, 1, 0, 159, 6, 45]
1542741605550;[171, 0, 17, 255, 161, 74, 234, 53, 178, 0, 0, 192, 1, 0, 12, 1, 0, 157, 6, 48]
1542741605552;[171, 0, 17, 255, 161, 74, 234, 53, 178, 0, 0, 192, 1, 0, 12, 1, 0, 157, 6, 48]
1542741605717;[171, 0, 17, 255, 161, 74, 234, 53, 178, 0, 0, 193, 1, 0, 13, 1, 0, 159, 6, 21]
1542741605719;[171, 0, 17, 255, 161, 74, 234, 53, 178, 0, 0, 193, 1, 0, 13, 1, 0, 159, 6, 21]
1542741605890;[171, 0, 17, 255, 161, 74, 234, 53, 178, 0, 0, 192, 1, 0, 11, 1, 0, 159, 5, 255]
1542741605893;[171, 0, 17, 255, 161, 74, 234, 53, 178, 0, 0, 192, 1, 0, 11, 1, 0, 159, 5, 255]
1542741605894;[171, 0, 17, 255, 161, 74, 234, 53, 178, 0, 0, 191, 1, 0, 13, 1, 0, 160, 5, 237]
1542741605896;[171, 0, 17, 255, 161, 74, 234, 53, 178, 0, 0, 191, 1, 0, 13, 1, 0, 160, 5, 237]
1542741606062;[171, 0, 17, 255, 161, 74, 234, 53, 178, 0, 0, 191, 1, 0, 12, 1, 0, 160, 5, 193]
1542741606064;[171, 0, 17, 255, 161, 74, 234, 53, 178, 0, 0, 191, 1, 0, 12, 1, 0, 160, 5, 193]
1542741606409;[171, 0, 17, 255, 161, 74, 234, 53, 178, 0, 0, 194, 1, 0, 13, 1, 0, 158, 5, 146]
1542741606411;[171, 0, 17, 255, 161, 74, 234, 53, 178, 0, 0, 194, 1, 0, 13, 1, 0, 158, 5, 146]
1542741606413;[171, 0, 4, 255, 132, 128, 70]
1542741606416;[171, 0, 4, 255, 132, 128, 70]
1542741606419;[171, 0, 17, 255, 161, 74, 234, 53, 179, 0, 0, 190, 1, 0, 12, 1, 0, 158, 5, 186]
1542741606421;[171, 0, 17, 255, 161, 74, 234, 53, 179, 0, 0, 190, 1, 0, 12, 1, 0, 158, 5, 186]
1542741606422;[171, 0, 17, 255, 161, 74, 234, 53, 179, 0, 0, 197, 1, 0, 11, 1, 0, 157, 5, 252]
1542741606424;[171, 0, 17, 255, 161, 74, 234, 53, 179, 0, 0, 197, 1, 0, 11, 1, 0, 157, 5, 252]
1542741606581;[171, 0, 17, 255, 161, 74, 234, 53, 179, 0, 0, 194, 1, 0, 16, 1, 0, 159, 5, 237]
1542741606583;[171, 0, 17, 255, 161, 74, 234, 53, 179, 0, 0, 194, 1, 0, 16, 1, 0, 159, 5, 237]
1542741606588;[171, 0, 17, 255, 161, 74, 234, 53, 179, 0, 0, 194, 1, 0, 14, 1, 0, 158, 5, 198]
1542741606590;[171, 0, 17, 255, 161, 74, 234, 53, 179, 0, 0, 194, 1, 0, 14, 1, 0, 158, 5, 198]
1542741606753;[171, 0, 17, 255, 161, 74, 234, 53, 179, 0, 0, 194, 1, 0, 12, 1, 0, 157, 5, 176]
1542741606755;[171, 0, 17, 255, 161, 74, 234, 53, 179, 0, 0, 194, 1, 0, 12, 1, 0, 157, 5, 176]
1542741606758;[171, 0, 17, 255, 161, 74, 234, 53, 179, 0, 0, 193, 1, 0, 12, 1, 0, 156, 5, 171]
1542741606759;[171, 0, 17, 255, 161, 74, 234, 53, 179, 0, 0, 193, 1, 0, 12, 1, 0, 156, 5, 171]
1542741606925;[171, 0, 17, 255, 161, 74, 234, 53, 179, 0, 0, 195, 1, 0, 13, 1, 0, 158, 5, 159]
1542741606927;[171, 0, 17, 255, 161, 74, 234, 53, 179, 0, 0, 195, 1, 0, 13, 1, 0, 158, 5, 159]
1542741606930;[171, 0, 17, 255, 161, 74, 234, 53, 179, 0, 0, 194, 1, 0, 12, 1, 0, 158, 5, 172]
1542741606931;[171, 0, 17, 255, 161, 74, 234, 53, 179, 0, 0, 194, 1, 0, 12, 1, 0, 158, 5, 172]
1542741607098;[171, 0, 17, 255, 161, 74, 234, 53, 179, 0, 0, 195, 1, 0, 12, 1, 0, 158, 5, 163]
1542741607099;[171, 0, 17, 255, 161, 74, 234, 53, 179, 0, 0, 195, 1, 0, 12, 1, 0, 158, 5, 163]
1542741607270;[171, 0, 17, 255, 161, 74, 234, 53, 179, 0, 0, 194, 1, 0, 14, 1, 0, 157, 5, 170]
1542741607272;[171, 0, 17, 255, 161, 74, 234, 53, 179, 0, 0, 194, 1, 0, 14, 1, 0, 157, 5, 170]
1542741607274;[171, 0, 4, 255, 132, 128, 70]
1542741607276;[171, 0, 4, 255, 132, 128, 70]
1542741607614;[171, 0, 17, 255, 161, 74, 234, 53, 180, 0, 0, 195, 1, 0, 12, 1, 0, 155, 6, 44]
1542741607615;[171, 0, 17, 255, 161, 74, 234, 53, 180, 0, 0, 195, 1, 0, 12, 1, 0, 155, 6, 44]
1542741607622;[171, 0, 17, 255, 161, 74, 234, 53, 180, 0, 0, 192, 1, 0, 11, 1, 0, 158, 6, 152]
1542741607623;[171, 0, 17, 255, 161, 74, 234, 53, 180, 0, 0, 192, 1, 0, 11, 1, 0, 158, 6, 152]
1542741607624;[171, 0, 17, 255, 161, 74, 234, 53, 180, 0, 0, 194, 1, 0, 15, 1, 0, 157, 6, 152]
1542741607626;[171, 0, 17, 255, 161, 74, 234, 53, 180, 0, 0, 194, 1, 0, 15, 1, 0, 157, 6, 152]
1542741607816;[171, 0, 17, 255, 161, 74, 234, 53, 180, 0, 0, 193, 1, 0, 12, 1, 0, 158, 6, 110]
1542741607818;[171, 0, 17, 255, 161, 74, 234, 53, 180, 0, 0, 193, 1, 0, 12, 1, 0, 158, 6, 110]
1542741607819;[171, 0, 17, 255, 161, 74, 234, 53, 180, 0, 0, 194, 1, 0, 15, 1, 0, 158, 6, 76]
1542741607820;[171, 0, 17, 255, 161, 74, 234, 53, 180, 0, 0, 194, 1, 0, 15, 1, 0, 158, 6, 76]
1542741607959;[171, 0, 17, 255, 161, 74, 234, 53, 180, 0, 0, 194, 1, 0, 12, 1, 0, 157, 6, 25]
1542741607961;[171, 0, 17, 255, 161, 74, 234, 53, 180, 0, 0, 194, 1, 0, 12, 1, 0, 157, 6, 25]
1542741607964;[171, 0, 17, 255, 161, 74, 234, 53, 180, 0, 0, 193, 1, 0, 13, 1, 0, 158, 5, 236]
1542741607966;[171, 0, 17, 255, 161, 74, 234, 53, 180, 0, 0, 193, 1, 0, 13, 1, 0, 158, 5, 236]
1542741608132;[171, 0, 17, 255, 161, 74, 234, 53, 180, 0, 0, 194, 1, 0, 13, 1, 0, 159, 5, 187]
1542741608133;[171, 0, 17, 255, 161, 74, 234, 53, 180, 0, 0, 194, 1, 0, 13, 1, 0, 159, 5, 187]
1542741608136;[171, 0, 17, 255, 161, 74, 234, 53, 180, 0, 0, 191, 1, 0, 14, 1, 0, 158, 5, 154]
1542741608138;[171, 0, 17, 255, 161, 74, 234, 53, 180, 0, 0, 191, 1, 0, 14, 1, 0, 158, 5, 154]
1542741608479;[171, 0, 17, 255, 161, 74, 234, 53, 180, 0, 0, 195, 1, 0, 12, 1, 0, 157, 5, 206]
1542741608482;[171, 0, 17, 255, 161, 74, 234, 53, 180, 0, 0, 195, 1, 0, 12, 1, 0, 157, 5, 206]
1542741608485;[171, 0, 4, 255, 132, 128, 70]
1542741608488;[171, 0, 4, 255, 132, 128, 70]
1542741608492;[171, 0, 17, 255, 161, 74, 234, 53, 181, 0, 0, 193, 1, 0, 11, 1, 0, 158, 6, 31]
1542741608494;[171, 0, 17, 255, 161, 74, 234, 53, 181, 0, 0, 193, 1, 0, 11, 1, 0, 158, 6, 31]
1542741608646;[171, 0, 17, 255, 161, 74, 234, 53, 181, 0, 0, 193, 1, 0, 11, 1, 0, 159, 6, 48]
1542741608647;[171, 0, 17, 255, 161, 74, 234, 53, 181, 0, 0, 193, 1, 0, 11, 1, 0, 159, 6, 48]
1542741608648;[171, 0, 17, 255, 161, 74, 234, 53, 181, 0, 0, 194, 1, 0, 13, 1, 0, 159, 6, 47]
1542741608649;[171, 0, 17, 255, 161, 74, 234, 53, 181, 0, 0, 194, 1, 0, 13, 1, 0, 159, 6, 47]
1542741608995;[171, 0, 17, 255, 161, 74, 234, 53, 181, 0, 0, 192, 1, 0, 11, 1, 0, 158, 6, 55]
1542741608997;[171, 0, 17, 255, 161, 74, 234, 53, 181, 0, 0, 192, 1, 0, 11, 1, 0, 158, 6, 55]
1542741609001;[171, 0, 17, 255, 161, 74, 234, 53, 181, 0, 0, 196, 1, 0, 13, 1, 0, 159, 6, 45]
1542741609003;[171, 0, 17, 255, 161, 74, 234, 53, 181, 0, 0, 196, 1, 0, 13, 1, 0, 159, 6, 45]
1542741609006;[171, 0, 17, 255, 161, 74, 234, 53, 181, 0, 0, 193, 1, 0, 13, 1, 0, 158, 6, 39]
1542741609008;[171, 0, 17, 255, 161, 74, 234, 53, 181, 0, 0, 193, 1, 0, 13, 1, 0, 158, 6, 39]
1542741609167;[171, 0, 17, 255, 161, 74, 234, 53, 181, 0, 0, 193, 1, 0, 15, 1, 0, 158, 6, 8]
1542741609169;[171, 0, 17, 255, 161, 74, 234, 53, 181, 0, 0, 193, 1, 0, 15, 1, 0, 158, 6, 8]
1542741609171;[171, 0, 17, 255, 161, 74, 234, 53, 181, 0, 0, 194, 1, 0, 13, 1, 0, 158, 6, 82]
1542741609173;[171, 0, 17, 255, 161, 74, 234, 53, 181, 0, 0, 194, 1, 0, 13, 1, 0, 158, 6, 82]
1542741609340;[171, 0, 17, 255, 161, 74, 234, 53, 181, 0, 0, 192, 1, 0, 13, 1, 0, 158, 6, 170]
1542741609342;[171, 0, 17, 255, 161, 74, 234, 53, 181, 0, 0, 192, 1, 0, 13, 1, 0, 158, 6, 170]
1542741609345;[171, 0, 17, 255, 161, 74, 234, 53, 181, 0, 0, 191, 1, 0, 13, 1, 0, 158, 6, 180]
1542741609346;[171, 0, 17, 255, 161, 74, 234, 53, 181, 0, 0, 191, 1, 0, 13, 1, 0, 158, 6, 180]
1542741609511;[171, 0, 4, 255, 132, 128, 70]
1542741609514;[171, 0, 4, 255, 132, 128, 70]
1542741609686;[171, 0, 17, 255, 161, 74, 234, 53, 182, 0, 0, 195, 1, 0, 14, 1, 0, 159, 6, 171]
1542741609688;[171, 0, 17, 255, 161, 74, 234, 53, 182, 0, 0, 195, 1, 0, 14, 1, 0, 159, 6, 171]
1542741609690;[171, 0, 17, 255, 161, 74, 234, 53, 182, 0, 0, 193, 1, 0, 14, 1, 0, 157, 6, 156]
1542741609691;[171, 0, 17, 255, 161, 74, 234, 53, 182, 0, 0, 193, 1, 0, 14, 1, 0, 157, 6, 156]
1542741609857;[171, 0, 17, 255, 161, 74, 234, 53, 182, 0, 0, 194, 1, 0, 14, 1, 0, 158, 6, 140]
1542741609859;[171, 0, 17, 255, 161, 74, 234, 53, 182, 0, 0, 194, 1, 0, 14, 1, 0, 158, 6, 140]
1542741610204;[171, 0, 17, 255, 161, 74, 234, 53, 182, 0, 0, 195, 1, 0, 12, 1, 0, 158, 6, 117]
1542741610206;[171, 0, 17, 255, 161, 74, 234, 53, 182, 0, 0, 195, 1, 0, 12, 1, 0, 158, 6, 117]
1542741610208;[171, 0, 17, 255, 161, 74, 234, 53, 182, 0, 0, 195, 1, 0, 13, 1, 0, 158, 6, 89]
1542741610210;[171, 0, 17, 255, 161, 74, 234, 53, 182, 0, 0, 195, 1, 0, 13, 1, 0, 158, 6, 89]
1542741610213;[171, 0, 17, 255, 161, 74, 234, 53, 182, 0, 0, 193, 1, 0, 16, 1, 0, 158, 6, 76]
1542741610215;[171, 0, 17, 255, 161, 74, 234, 53, 182, 0, 0, 193, 1, 0, 16, 1, 0, 158, 6, 76]
1542741610217;[171, 0, 17, 255, 161, 74, 234, 53, 182, 0, 0, 194, 1, 0, 12, 1, 0, 157, 6, 175]
1542741610218;[171, 0, 17, 255, 161, 74, 234, 53, 182, 0, 0, 194, 1, 0, 12, 1, 0, 157, 6, 175]
1542741610377;[171, 0, 17, 255, 161, 74, 234, 53, 182, 0, 0, 193, 1, 0, 14, 1, 0, 158, 6, 236]
1542741610379;[171, 0, 17, 255, 161, 74, 234, 53, 182, 0, 0, 193, 1, 0, 14, 1, 0, 158, 6, 236]
1542741610387;[171, 0, 17, 255, 161, 74, 234, 53, 182, 0, 0, 193, 1, 0, 15, 1, 0, 157, 6, 237]
1542741610388;[171, 0, 17, 255, 161, 74, 234, 53, 182, 0, 0, 193, 1, 0, 15, 1, 0, 157, 6, 237]
1542741610547;[171, 0, 17, 255, 161, 74, 234, 53, 182, 0, 0, 192, 1, 0, 13, 1, 0, 158, 6, 198]
1542741610549;[171, 0, 17, 255, 161, 74, 234, 53, 182, 0, 0, 192, 1, 0, 13, 1, 0, 158, 6, 198]
1542741610551;[171, 0, 4, 255, 132, 128, 70]
1542741610553;[171, 0, 4, 255, 132, 128, 70]
1542741610719;[171, 0, 17, 255, 161, 74, 234, 53, 183, 0, 0, 191, 1, 0, 12, 1, 0, 158, 6, 175]
1542741610721;[171, 0, 17, 255, 161, 74, 234, 53, 183, 0, 0, 191, 1, 0, 12, 1, 0, 158, 6, 175]
1542741611066;[171, 0, 17, 255, 161, 74, 234, 53, 183, 0, 0, 197, 1, 0, 12, 1, 0, 158, 6, 155]
1542741611067;[171, 0, 17, 255, 161, 74, 234, 53, 183, 0, 0, 197, 1, 0, 12, 1, 0, 158, 6, 155]
1542741611070;[171, 0, 17, 255, 161, 74, 234, 53, 183, 0, 0, 191, 1, 0, 12, 1, 0, 158, 6, 125]
1542741611071;[171, 0, 17, 255, 161, 74, 234, 53, 183, 0, 0, 191, 1, 0, 12, 1, 0, 158, 6, 125]
1542741611074;[171, 0, 17, 255, 161, 74, 234, 53, 183, 0, 0, 192, 1, 0, 12, 1, 0, 158, 6, 86]
1542741611076;[171, 0, 17, 255, 161, 74, 234, 53, 183, 0, 0, 192, 1, 0, 12, 1, 0, 158, 6, 86]
1542741611080;[171, 0, 17, 255, 161, 74, 234, 53, 183, 0, 0, 193, 1, 0, 12, 1, 0, 158, 6, 103]
1542741611082;[171, 0, 17, 255, 161, 74, 234, 53, 183, 0, 0, 193, 1, 0, 12, 1, 0, 158, 6, 103]
1542741611411;[171, 0, 17, 255, 161, 74, 234, 53, 183, 0, 0, 195, 1, 0, 11, 1, 0, 159, 6, 195]
1542741611413;[171, 0, 17, 255, 161, 74, 234, 53, 183, 0, 0, 195, 1, 0, 11, 1, 0, 159, 6, 195]
1542741611415;[171, 0, 17, 255, 161, 74, 234, 53, 183, 0, 0, 193, 1, 0, 11, 1, 0, 159, 6, 240]
1542741611417;[171, 0, 17, 255, 161, 74, 234, 53, 183, 0, 0, 193, 1, 0, 11, 1, 0, 159, 6, 240]
1542741611420;[171, 0, 17, 255, 161, 74, 234, 53, 183, 0, 0, 192, 1, 0, 12, 1, 0, 158, 6, 231]
1542741611421;[171, 0, 17, 255, 161, 74, 234, 53, 183, 0, 0, 192, 1, 0, 12, 1, 0, 158, 6, 231]
1542741611582;[171, 0, 17, 255, 161, 74, 234, 53, 183, 0, 0, 191, 1, 0, 13, 1, 0, 159, 6, 205]
1542741611584;[171, 0, 17, 255, 161, 74, 234, 53, 183, 0, 0, 191, 1, 0, 13, 1, 0, 159, 6, 205]
1542741611586;[171, 0, 17, 255, 161, 74, 234, 53, 183, 0, 0, 190, 1, 0, 13, 1, 0, 159, 6, 198]
1542741611591;[171, 0, 17, 255, 161, 74, 234, 53, 183, 0, 0, 190, 1, 0, 13, 1, 0, 159, 6, 198]
1542741611754;[171, 0, 4, 255, 132, 128, 70]
1542741611757;[171, 0, 4, 255, 132, 128, 70]
1542741611759;[171, 0, 17, 255, 161, 74, 234, 53, 184, 0, 0, 191, 1, 0, 13, 1, 0, 158, 6, 179]
1542741611761;[171, 0, 17, 255, 161, 74, 234, 53, 184, 0, 0, 191, 1, 0, 13, 1, 0, 158, 6, 179]
1542741611926;[171, 0, 17, 255, 161, 74, 234, 53, 184, 0, 0, 189, 1, 0, 12, 1, 0, 159, 6, 142]
1542741611928;[171, 0, 17, 255, 161, 74, 234, 53, 184, 0, 0, 189, 1, 0, 12, 1, 0, 159, 6, 142]
1542741611930;[171, 0, 17, 255, 161, 74, 234, 53, 184, 0, 0, 192, 1, 0, 13, 1, 0, 158, 6, 151]
1542741611932;[171, 0, 17, 255, 161, 74, 234, 53, 184, 0, 0, 192, 1, 0, 13, 1, 0, 158, 6, 151]
1542741612273;[171, 0, 17, 255, 161, 74, 234, 53, 184, 0, 0, 193, 1, 0, 13, 1, 0, 160, 7, 9]
1542741612275;[171, 0, 17, 255, 161, 74, 234, 53, 184, 0, 0, 193, 1, 0, 13, 1, 0, 160, 7, 9]
1542741612277;[171, 0, 17, 255, 161, 74, 234, 53, 184, 0, 0, 193, 1, 0, 15, 1, 0, 158, 7, 38]
1542741612279;[171, 0, 17, 255, 161, 74, 234, 53, 184, 0, 0, 193, 1, 0, 15, 1, 0, 158, 7, 38]
1542741612791;[171, 0, 17, 255, 161, 74, 234, 53, 184, 0, 0, 195, 1, 0, 15, 1, 0, 159, 7, 17]
1542741612794;[171, 0, 17, 255, 161, 74, 234, 53, 184, 0, 0, 195, 1, 0, 15, 1, 0, 159, 7, 17]
1542741612796;[171, 0, 17, 255, 161, 74, 234, 53, 184, 0, 0, 192, 1, 0, 13, 1, 0, 160, 6, 252]
1542741612798;[171, 0, 17, 255, 161, 74, 234, 53, 184, 0, 0, 192, 1, 0, 13, 1, 0, 160, 6, 252]
1542741612800;[171, 0, 17, 255, 161, 74, 234, 53, 184, 0, 0, 192, 1, 0, 14, 1, 0, 159, 6, 225]
1542741612802;[171, 0, 17, 255, 161, 74, 234, 53, 184, 0, 0, 192, 1, 0, 14, 1, 0, 159, 6, 225]
1542741612804;[171, 0, 17, 255, 161, 74, 234, 53, 184, 0, 0, 193, 1, 0, 14, 1, 0, 157, 6, 196]
1542741612806;[171, 0, 17, 255, 161, 74, 234, 53, 184, 0, 0, 193, 1, 0, 14, 1, 0, 157, 6, 196]
1542741612961;[171, 0, 17, 255, 161, 74, 234, 53, 187, 0, 0, 194, 1, 0, 12, 1, 0, 158, 6, 161]
1542741612963;[171, 0, 17, 255, 161, 74, 234, 53, 187, 0, 0, 194, 1, 0, 12, 1, 0, 158, 6, 161]
1542741612966;[171, 0, 17, 255, 161, 74, 234, 53, 187, 0, 0, 193, 1, 0, 14, 1, 0, 159, 6, 143]
1542741612968;[171, 0, 17, 255, 161, 74, 234, 53, 187, 0, 0, 193, 1, 0, 14, 1, 0, 159, 6, 143]
1542741613134;[171, 0, 17, 255, 161, 74, 234, 53, 187, 0, 0, 195, 1, 0, 12, 1, 0, 158, 6, 109]
1542741613136;[171, 0, 17, 255, 161, 74, 234, 53, 187, 0, 0, 195, 1, 0, 12, 1, 0, 158, 6, 109]
1542741613138;[171, 0, 17, 255, 161, 74, 234, 53, 187, 0, 0, 193, 1, 0, 13, 1, 0, 158, 6, 99]
1542741613140;[171, 0, 17, 255, 161, 74, 234, 53, 187, 0, 0, 193, 1, 0, 13, 1, 0, 158, 6, 99]
1542741613307;[171, 0, 17, 255, 161, 74, 234, 53, 187, 0, 0, 195, 1, 0, 11, 1, 0, 159, 6, 60]
1542741613309;[171, 0, 17, 255, 161, 74, 234, 53, 187, 0, 0, 195, 1, 0, 11, 1, 0, 159, 6, 60]
1542741613479;[171, 0, 17, 255, 161, 74, 234, 53, 187, 0, 0, 192, 1, 0, 13, 1, 0, 156, 6, 21]
1542741613481;[171, 0, 17, 255, 161, 74, 234, 53, 187, 0, 0, 192, 1, 0, 13, 1, 0, 156, 6, 21]
1542741613483;[171, 0, 17, 255, 161, 74, 234, 53, 187, 0, 0, 194, 1, 0, 15, 1, 0, 159, 6, 12]
1542741613485;[171, 0, 17, 255, 161, 74, 234, 53, 187, 0, 0, 194, 1, 0, 15, 1, 0, 159, 6, 12]
1542741613653;[171, 0, 17, 255, 161, 74, 234, 53, 187, 0, 0, 193, 1, 0, 13, 1, 0, 159, 6, 85]
1542741613655;[171, 0, 17, 255, 161, 74, 234, 53, 187, 0, 0, 193, 1, 0, 13, 1, 0, 159, 6, 85]
1542741613658;[171, 0, 17, 255, 161, 74, 234, 53, 187, 0, 0, 193, 1, 0, 13, 1, 0, 158, 6, 125]
1542741613663;[171, 0, 17, 255, 161, 74, 234, 53, 187, 0, 0, 193, 1, 0, 13, 1, 0, 158, 6, 125]
1542741613997;[171, 0, 17, 255, 161, 74, 234, 53, 187, 0, 0, 193, 1, 0, 13, 1, 0, 158, 6, 104]
1542741613999;[171, 0, 17, 255, 161, 74, 234, 53, 187, 0, 0, 193, 1, 0, 13, 1, 0, 158, 6, 104]
1542741614001;[171, 0, 4, 255, 132, 128, 70]
1542741614004;[171, 0, 4, 255, 132, 128, 70]
1542741614007;[171, 0, 17, 255, 161, 74, 234, 53, 192, 0, 0, 193, 1, 0, 13, 1, 0, 158, 6, 79]
1542741614008;[171, 0, 17, 255, 161, 74, 234, 53, 192, 0, 0, 193, 1, 0, 13, 1, 0, 158, 6, 79]
1542741614171;[171, 0, 17, 255, 161, 74, 234, 53, 192, 0, 0, 195, 1, 0, 13, 1, 0, 158, 6, 51]
1542741614173;[171, 0, 17, 255, 161, 74, 234, 53, 192, 0, 0, 195, 1, 0, 13, 1, 0, 158, 6, 51]
1542741614175;[171, 0, 17, 255, 161, 74, 234, 53, 192, 0, 0, 193, 1, 0, 14, 1, 0, 159, 6, 13]
1542741614177;[171, 0, 17, 255, 161, 74, 234, 53, 192, 0, 0, 193, 1, 0, 14, 1, 0, 159, 6, 13]
1542741614344;[171, 0, 17, 255, 161, 74, 234, 53, 192, 0, 0, 191, 1, 0, 11, 1, 0, 157, 5, 243]
1542741614346;[171, 0, 17, 255, 161, 74, 234, 53, 192, 0, 0, 191, 1, 0, 11, 1, 0, 157, 5, 243]
1542741614348;[171, 0, 17, 255, 161, 74, 234, 53, 192, 0, 0, 193, 1, 0, 12, 1, 0, 158, 5, 201]
1542741614351;[171, 0, 17, 255, 161, 74, 234, 53, 192, 0, 0, 193, 1, 0, 12, 1, 0, 158, 5, 201]
1542741614514;[171, 0, 17, 255, 161, 74, 234, 53, 192, 0, 0, 194, 1, 0, 15, 1, 0, 158, 5, 212]
1542741614516;[171, 0, 17, 255, 161, 74, 234, 53, 192, 0, 0, 194, 1, 0, 15, 1, 0, 158, 5, 212]
1542741614687;[171, 0, 17, 255, 161, 74, 234, 53, 192, 0, 0, 192, 1, 0, 13, 1, 0, 158, 6, 29]
1542741614689;[171, 0, 17, 255, 161, 74, 234, 53, 192, 0, 0, 192, 1, 0, 13, 1, 0, 158, 6, 29]
1542741614691;[171, 0, 17, 255, 161, 74, 234, 53, 192, 0, 0, 194, 1, 0, 15, 1, 0, 157, 6, 35]
1542741614693;[171, 0, 17, 255, 161, 74, 234, 53, 192, 0, 0, 194, 1, 0, 15, 1, 0, 157, 6, 35]
1542741614860;[171, 0, 17, 255, 161, 74, 234, 53, 192, 0, 0, 193, 1, 0, 13, 1, 0, 158, 6, 9]
1542741614862;[171, 0, 17, 255, 161, 74, 234, 53, 192, 0, 0, 193, 1, 0, 13, 1, 0, 158, 6, 9]
1542741614864;[171, 0, 17, 255, 161, 74, 234, 53, 192, 0, 0, 190, 1, 0, 12, 1, 0, 158, 5, 232]
1542741614866;[171, 0, 17, 255, 161, 74, 234, 53, 192, 0, 0, 190, 1, 0, 12, 1, 0, 158, 5, 232]
1542741615033;[171, 0, 4, 255, 132, 128, 70]
1542741615035;[171, 0, 4, 255, 132, 128, 70]
1542741615038;[171, 0, 17, 255, 161, 74, 234, 53, 193, 0, 0, 193, 1, 0, 12, 1, 0, 159, 5, 210]
1542741615040;[171, 0, 17, 255, 161, 74, 234, 53, 193, 0, 0, 193, 1, 0, 12, 1, 0, 159, 5, 210]
1542741615378;[171, 0, 17, 255, 161, 74, 234, 53, 193, 0, 0, 192, 1, 0, 13, 1, 0, 159, 5, 183]
1542741615379;[171, 0, 17, 255, 161, 74, 234, 53, 193, 0, 0, 192, 1, 0, 13, 1, 0, 159, 5, 183]
1542741615383;[171, 0, 17, 255, 161, 74, 234, 53, 193, 0, 0, 191, 1, 0, 14, 1, 0, 158, 5, 138]
1542741615386;[171, 0, 17, 255, 161, 74, 234, 53, 193, 0, 0, 191, 1, 0, 14, 1, 0, 158, 5, 138]
1542741615391;[171, 0, 17, 255, 161, 74, 234, 53, 193, 0, 0, 192, 1, 0, 11, 1, 0, 158, 5, 113]
1542741615393;[171, 0, 17, 255, 161, 74, 234, 53, 193, 0, 0, 192, 1, 0, 11, 1, 0, 158, 5, 113]
1542741615550;[171, 0, 17, 255, 161, 74, 234, 53, 193, 0, 0, 193, 1, 0, 11, 1, 0, 158, 5, 161]
1542741615552;[171, 0, 17, 255, 161, 74, 234, 53, 193, 0, 0, 193, 1, 0, 11, 1, 0, 158, 5, 161]
1542741615554;[171, 0, 17, 255, 161, 74, 234, 53, 193, 0, 0, 192, 1, 0, 14, 1, 0, 159, 5, 238]
1542741615556;[171, 0, 17, 255, 161, 74, 234, 53, 193, 0, 0, 192, 1, 0, 14, 1, 0, 159, 5, 238]
1542741615722;[171, 0, 17, 255, 161, 74, 234, 53, 193, 0, 0, 193, 1, 0, 13, 1, 0, 160, 5, 235]
1542741615724;[171, 0, 17, 255, 161, 74, 234, 53, 193, 0, 0, 193, 1, 0, 13, 1, 0, 160, 5, 235]
1542741615897;[171, 0, 17, 255, 161, 74, 234, 53, 193, 0, 0, 190, 1, 0, 14, 1, 0, 157, 5, 231]
1542741615899;[171, 0, 17, 255, 161, 74, 234, 53, 193, 0, 0, 190, 1, 0, 14, 1, 0, 157, 5, 231]
1542741615901;[171, 0, 17, 255, 161, 74, 234, 53, 193, 0, 0, 192, 1, 0, 11, 1, 0, 159, 5, 214]
1542741615902;[171, 0, 17, 255, 161, 74, 234, 53, 193, 0, 0, 192, 1, 0, 11, 1, 0, 159, 5, 214]
1542741616068;[171, 0, 17, 255, 161, 74, 234, 53, 193, 0, 0, 192, 1, 0, 13, 1, 0, 158, 5, 186]
1542741616070;[171, 0, 17, 255, 161, 74, 234, 53, 193, 0, 0, 192, 1, 0, 13, 1, 0, 158, 5, 186]
1542741616072;[171, 0, 4, 255, 132, 128, 70]
1542741616074;[171, 0, 4, 255, 132, 128, 70]
1542741616241;[171, 0, 17, 255, 161, 74, 234, 53, 194, 0, 0, 192, 1, 0, 14, 1, 0, 158, 5, 163]
1542741616243;[171, 0, 17, 255, 161, 74, 234, 53, 194, 0, 0, 192, 1, 0, 14, 1, 0, 158, 5, 163]
1542741616245;[171, 0, 17, 255, 161, 74, 234, 53, 194, 0, 0, 192, 1, 0, 13, 1, 0, 158, 5, 121]
1542741616247;[171, 0, 17, 255, 161, 74, 234, 53, 194, 0, 0, 192, 1, 0, 13, 1, 0, 158, 5, 121]
1542741616587;[171, 0, 17, 255, 161, 74, 234, 53, 194, 0, 0, 193, 1, 0, 9, 1, 0, 159, 5, 164]
1542741616589;[171, 0, 17, 255, 161, 74, 234, 53, 194, 0, 0, 193, 1, 0, 9, 1, 0, 159, 5, 164]
1542741616591;[171, 0, 17, 255, 161, 74, 234, 53, 194, 0, 0, 194, 1, 0, 12, 1, 0, 158, 5, 252]
1542741616593;[171, 0, 17, 255, 161, 74, 234, 53, 194, 0, 0, 194, 1, 0, 12, 1, 0, 158, 5, 252]
1542741616595;[171, 0, 17, 255, 161, 74, 234, 53, 194, 0, 0, 194, 1, 0, 14, 1, 0, 159, 6, 3]
1542741616596;[171, 0, 17, 255, 161, 74, 234, 53, 194, 0, 0, 194, 1, 0, 14, 1, 0, 159, 6, 3]
1542741616931;[171, 0, 17, 255, 161, 74, 234, 53, 194, 0, 0, 194, 1, 0, 13, 1, 0, 159, 5, 238]
1542741616933;[171, 0, 17, 255, 161, 74, 234, 53, 194, 0, 0, 194, 1, 0, 13, 1, 0, 159, 5, 238]
1542741616935;[171, 0, 17, 255, 161, 74, 234, 53, 194, 0, 0, 193, 1, 0, 13, 1, 0, 159, 5, 211]
1542741616937;[171, 0, 17, 255, 161, 74, 234, 53, 194, 0, 0, 193, 1, 0, 13, 1, 0, 159, 5, 211]
1542741616940;[171, 0, 17, 255, 161, 74, 234, 53, 194, 0, 0, 193, 1, 0, 11, 1, 0, 158, 5, 190]
1542741616942;[171, 0, 17, 255, 161, 74, 234, 53, 194, 0, 0, 193, 1, 0, 11, 1, 0, 158, 5, 190]
1542741616944;[171, 0, 17, 255, 161, 74, 234, 53, 194, 0, 0, 191, 1, 0, 15, 1, 0, 160, 5, 159]
1542741616946;[171, 0, 17, 255, 161, 74, 234, 53, 194, 0, 0, 191, 1, 0, 15, 1, 0, 160, 5, 159]
1542741617102;[171, 0, 17, 255, 161, 74, 234, 53, 194, 0, 0, 191, 1, 0, 13, 1, 0, 160, 5, 131]
1542741617103;[171, 0, 17, 255, 161, 74, 234, 53, 194, 0, 0, 191, 1, 0, 13, 1, 0, 160, 5, 131]
1542741617273;[171, 0, 4, 255, 132, 128, 70]
1542741617276;[171, 0, 4, 255, 132, 128, 70]
1542741617448;[171, 0, 17, 255, 161, 74, 234, 53, 195, 0, 0, 195, 1, 0, 12, 1, 0, 159, 5, 106]
1542741617450;[171, 0, 17, 255, 161, 74, 234, 53, 195, 0, 0, 195, 1, 0, 12, 1, 0, 159, 5, 106]
1542741617453;[171, 0, 17, 255, 161, 74, 234, 53, 195, 0, 0, 193, 1, 0, 13, 1, 0, 159, 5, 203]
1542741617455;[171, 0, 17, 255, 161, 74, 234, 53, 195, 0, 0, 193, 1, 0, 13, 1, 0, 159, 5, 203]
1542741617456;[171, 0, 17, 255, 161, 74, 234, 53, 195, 0, 0, 193, 1, 0, 14, 1, 0, 160, 6, 15]
1542741617458;[171, 0, 17, 255, 161, 74, 234, 53, 195, 0, 0, 193, 1, 0, 14, 1, 0, 160, 6, 15]
1542741617966;[171, 0, 17, 255, 161, 74, 234, 53, 195, 0, 0, 192, 1, 0, 12, 1, 0, 159, 6, 11]
1542741617968;[171, 0, 17, 255, 161, 74, 234, 53, 195, 0, 0, 192, 1, 0, 12, 1, 0, 159, 6, 11]
1542741617970;[171, 0, 17, 255, 161, 74, 234, 53, 195, 0, 0, 195, 1, 0, 11, 1, 0, 158, 5, 249]
1542741617972;[171, 0, 17, 255, 161, 74, 234, 53, 195, 0, 0, 195, 1, 0, 11, 1, 0, 158, 5, 249]
1542741617975;[171, 0, 17, 255, 161, 74, 234, 53, 195, 0, 0, 191, 1, 0, 14, 1, 0, 157, 5, 229]
1542741617979;[171, 0, 17, 255, 161, 74, 234, 53, 195, 0, 0, 191, 1, 0, 14, 1, 0, 157, 5, 229]
1542741617981;[171, 0, 17, 255, 161, 74, 234, 53, 195, 0, 0, 191, 1, 0, 14, 1, 0, 160, 5, 210]
1542741617982;[171, 0, 17, 255, 161, 74, 234, 53, 195, 0, 0, 191, 1, 0, 14, 1, 0, 160, 5, 210]
1542741618138;[171, 0, 17, 255, 161, 74, 234, 53, 195, 0, 0, 192, 1, 0, 13, 1, 0, 158, 5, 184]
1542741618140;[171, 0, 17, 255, 161, 74, 234, 53, 195, 0, 0, 192, 1, 0, 13, 1, 0, 158, 5, 184]
1542741618143;[171, 0, 17, 255, 161, 74, 234, 53, 195, 0, 0, 193, 1, 0, 12, 1, 0, 160, 5, 139]
1542741618145;[171, 0, 17, 255, 161, 74, 234, 53, 195, 0, 0, 193, 1, 0, 12, 1, 0, 160, 5, 139]
1542741618147;[171, 0, 17, 255, 161, 74, 234, 53, 195, 0, 0, 194, 1, 0, 13, 1, 0, 158, 5, 154]
1542741618148;[171, 0, 17, 255, 161, 74, 234, 53, 195, 0, 0, 194, 1, 0, 13, 1, 0, 158, 5, 154]
1542741618309;[171, 0, 4, 255, 132, 128, 70]
1542741618311;[171, 0, 4, 255, 132, 128, 70]
1542741618481;[171, 0, 17, 255, 161, 74, 234, 53, 196, 0, 0, 192, 1, 0, 12, 1, 0, 158, 6, 3]
1542741618483;[171, 0, 17, 255, 161, 74, 234, 53, 196, 0, 0, 192, 1, 0, 12, 1, 0, 158, 6, 3]
1542741618485;[171, 0, 17, 255, 161, 74, 234, 53, 196, 0, 0, 194, 1, 0, 12, 1, 0, 159, 6, 54]
1542741618486;[171, 0, 17, 255, 161, 74, 234, 53, 196, 0, 0, 194, 1, 0, 12, 1, 0, 159, 6, 54]
1542741618654;[171, 0, 17, 255, 161, 74, 234, 53, 196, 0, 0, 195, 1, 0, 12, 1, 0, 158, 6, 38]
1542741618656;[171, 0, 17, 255, 161, 74, 234, 53, 196, 0, 0, 195, 1, 0, 12, 1, 0, 158, 6, 38]
1542741618658;[171, 0, 17, 255, 161, 74, 234, 53, 196, 0, 0, 194, 1, 0, 14, 1, 0, 158, 6, 23]
1542741618660;[171, 0, 17, 255, 161, 74, 234, 53, 196, 0, 0, 194, 1, 0, 14, 1, 0, 158, 6, 23]
1542741618827;[171, 0, 17, 255, 161, 74, 234, 53, 196, 0, 0, 194, 1, 0, 13, 1, 0, 159, 6, 1]
1542741618830;[171, 0, 17, 255, 161, 74, 234, 53, 196, 0, 0, 194, 1, 0, 13, 1, 0, 159, 6, 1]
1542741618832;[171, 0, 17, 255, 161, 74, 234, 53, 196, 0, 0, 192, 1, 0, 13, 1, 0, 158, 5, 245]
1542741618834;[171, 0, 17, 255, 161, 74, 234, 53, 196, 0, 0, 192, 1, 0, 13, 1, 0, 158, 5, 245]
1542741619173;[171, 0, 17, 255, 161, 74, 234, 53, 196, 0, 0, 195, 1, 0, 12, 1, 0, 157, 5, 222]
1542741619176;[171, 0, 17, 255, 161, 74, 234, 53, 196, 0, 0, 195, 1, 0, 12, 1, 0, 157, 5, 222]
1542741619178;[171, 0, 17, 255, 161, 74, 234, 53, 196, 0, 0, 193, 1, 0, 12, 1, 0, 160, 5, 255]
1542741619181;[171, 0, 17, 255, 161, 74, 234, 53, 196, 0, 0, 193, 1, 0, 12, 1, 0, 160, 5, 255]
1542741619183;[171, 0, 17, 255, 161, 74, 234, 53, 196, 0, 0, 192, 1, 0, 13, 1, 0, 159, 6, 110]
1542741619185;[171, 0, 17, 255, 161, 74, 234, 53, 196, 0, 0, 192, 1, 0, 13, 1, 0, 159, 6, 110]
1542741619345;[171, 0, 17, 255, 161, 74, 234, 53, 196, 0, 0, 193, 1, 0, 13, 1, 0, 159, 6, 146]
1542741619347;[171, 0, 17, 255, 161, 74, 234, 53, 196, 0, 0, 193, 1, 0, 13, 1, 0, 159, 6, 146]
1542741619349;[171, 0, 4, 255, 132, 128, 70]
1542741619351;[171, 0, 4, 255, 132, 128, 70]
1542741619517;[171, 0, 17, 255, 161, 74, 234, 53, 197, 0, 0, 192, 1, 0, 11, 1, 0, 158, 6, 125]
1542741619519;[171, 0, 17, 255, 161, 74, 234, 53, 197, 0, 0, 192, 1, 0, 11, 1, 0, 158, 6, 125]
1542741619689;[171, 0, 17, 255, 161, 74, 234, 53, 197, 0, 0, 193, 1, 0, 15, 1, 0, 158, 6, 112]
1542741619691;[171, 0, 17, 255, 161, 74, 234, 53, 197, 0, 0, 193, 1, 0, 15, 1, 0, 158, 6, 112]
1542741619694;[171, 0, 17, 255, 161, 74, 234, 53, 197, 0, 0, 193, 1, 0, 12, 1, 0, 158, 6, 92]
1542741619695;[171, 0, 17, 255, 161, 74, 234, 53, 197, 0, 0, 193, 1, 0, 12, 1, 0, 158, 6, 92]
1542741620036;[171, 0, 17, 255, 161, 74, 234, 53, 197, 0, 0, 192, 1, 0, 11, 1, 0, 160, 6, 70]
1542741620038;[171, 0, 17, 255, 161, 74, 234, 53, 197, 0, 0, 192, 1, 0, 11, 1, 0, 160, 6, 70]
1542741620041;[171, 0, 17, 255, 161, 74, 234, 53, 197, 0, 0, 194, 1, 0, 13, 1, 0, 158, 6, 28]
1542741620043;[171, 0, 17, 255, 161, 74, 234, 53, 197, 0, 0, 194, 1, 0, 13, 1, 0, 158, 6, 28]
1542741620046;[171, 0, 17, 255, 161, 74, 234, 53, 197, 0, 0, 196, 1, 0, 12, 1, 0, 158, 6, 72]
1542741620048;[171, 0, 17, 255, 161, 74, 234, 53, 197, 0, 0, 196, 1, 0, 12, 1, 0, 158, 6, 72]
1542741620050;[171, 0, 17, 255, 161, 74, 234, 53, 197, 0, 0, 193, 1, 0, 14, 1, 0, 156, 6, 168]
1542741620052;[171, 0, 17, 255, 161, 74, 234, 53, 197, 0, 0, 193, 1, 0, 14, 1, 0, 156, 6, 168]
1542741620382;[171, 0, 17, 255, 161, 74, 234, 53, 197, 0, 0, 192, 1, 0, 13, 1, 0, 159, 6, 176]
1542741620384;[171, 0, 17, 255, 161, 74, 234, 53, 197, 0, 0, 192, 1, 0, 13, 1, 0, 159, 6, 176]
1542741620386;[171, 0, 17, 255, 161, 74, 234, 53, 197, 0, 0, 193, 1, 0, 14, 1, 0, 158, 6, 138]
1542741620387;[171, 0, 17, 255, 161, 74, 234, 53, 197, 0, 0, 193, 1, 0, 14, 1, 0, 158, 6, 138]
1542741620390;[171, 0, 17, 255, 161, 74, 234, 53, 197, 0, 0, 194, 1, 0, 13, 1, 0, 160, 6, 118]
1542741620392;[171, 0, 17, 255, 161, 74, 234, 53, 197, 0, 0, 194, 1, 0, 13, 1, 0, 160, 6, 118]
1542741620551;[171, 0, 4, 255, 132, 128, 70]
1542741620554;[171, 0, 4, 255, 132, 128, 70]
1542741620556;[171, 0, 17, 255, 161, 74, 234, 53, 198, 0, 0, 192, 1, 0, 13, 1, 0, 158, 6, 80]
1542741620558;[171, 0, 17, 255, 161, 74, 234, 53, 198, 0, 0, 192, 1, 0, 13, 1, 0, 158, 6, 80]
1542741620724;[171, 0, 17, 255, 161, 74, 234, 53, 198, 0, 0, 192, 1, 0, 12, 1, 0, 157, 6, 52]
1542741620726;[171, 0, 17, 255, 161, 74, 234, 53, 198, 0, 0, 192, 1, 0, 12, 1, 0, 157, 6, 52]
1542741620728;[171, 0, 17, 255, 161, 74, 234, 53, 198, 0, 0, 196, 1, 0, 11, 1, 0, 159, 6, 6]
1542741620730;[171, 0, 17, 255, 161, 74, 234, 53, 198, 0, 0, 196, 1, 0, 11, 1, 0, 159, 6, 6]
1542741620897;[171, 0, 17, 255, 161, 74, 234, 53, 198, 0, 0, 195, 1, 0, 15, 1, 0, 158, 6, 33]
1542741620899;[171, 0, 17, 255, 161, 74, 234, 53, 198, 0, 0, 195, 1, 0, 15, 1, 0, 158, 6, 33]
1542741621070;[171, 0, 17, 255, 161, 74, 234, 53, 198, 0, 0, 193, 1, 0, 12, 1, 0, 159, 6, 126]
1542741621072;[171, 0, 17, 255, 161, 74, 234, 53, 198, 0, 0, 193, 1, 0, 12, 1, 0, 159, 6, 126]
1542741621073;[171, 0, 17, 255, 161, 74, 234, 53, 198, 0, 0, 192, 1, 0, 11, 1, 0, 158, 6, 147]
1542741621075;[171, 0, 17, 255, 161, 74, 234, 53, 198, 0, 0, 192, 1, 0, 11, 1, 0, 158, 6, 147]
1542741621242;[171, 0, 17, 255, 161, 74, 234, 53, 198, 0, 0, 192, 1, 0, 11, 1, 0, 159, 6, 115]
1542741621243;[171, 0, 17, 255, 161, 74, 234, 53, 198, 0, 0, 192, 1, 0, 11, 1, 0, 159, 6, 115]
1542741621247;[171, 0, 17, 255, 161, 74, 234, 53, 198, 0, 0, 193, 1, 0, 11, 1, 0, 158, 6, 83]
1542741621248;[171, 0, 17, 255, 161, 74, 234, 53, 198, 0, 0, 193, 1, 0, 11, 1, 0, 158, 6, 83]
1542741621414;[171, 0, 17, 255, 161, 74, 234, 53, 198, 0, 0, 194, 1, 0, 12, 1, 0, 159, 6, 58]
1542741621415;[171, 0, 17, 255, 161, 74, 234, 53, 198, 0, 0, 194, 1, 0, 12, 1, 0, 159, 6, 58]
1542741621762;[171, 0, 17, 255, 161, 74, 234, 53, 198, 0, 0, 193, 1, 0, 11, 1, 0, 159, 6, 25]
1542741621764;[171, 0, 17, 255, 161, 74, 234, 53, 198, 0, 0, 193, 1, 0, 11, 1, 0, 159, 6, 25]
1542741621767;[171, 0, 4, 255, 132, 128, 70]
1542741621769;[171, 0, 4, 255, 132, 128, 70]
1542741621772;[171, 0, 17, 255, 161, 74, 234, 53, 199, 0, 0, 195, 1, 0, 12, 1, 0, 159, 5, 248]
1542741621774;[171, 0, 17, 255, 161, 74, 234, 53, 199, 0, 0, 195, 1, 0, 12, 1, 0, 159, 5, 248]
1542741621776;[171, 0, 17, 255, 161, 74, 234, 53, 199, 0, 0, 192, 1, 0, 12, 1, 0, 159, 5, 208]
1542741621777;[171, 0, 17, 255, 161, 74, 234, 53, 199, 0, 0, 192, 1, 0, 12, 1, 0, 159, 5, 208]
1542741621931;[171, 0, 17, 255, 161, 74, 234, 53, 199, 0, 0, 191, 1, 0, 14, 1, 0, 159, 6, 11]
1542741621934;[171, 0, 17, 255, 161, 74, 234, 53, 199, 0, 0, 191, 1, 0, 14, 1, 0, 159, 6, 11]
1542741621936;[171, 0, 17, 255, 161, 74, 234, 53, 199, 0, 0, 191, 1, 0, 11, 1, 0, 159, 6, 83]
1542741621938;[171, 0, 17, 255, 161, 74, 234, 53, 199, 0, 0, 191, 1, 0, 11, 1, 0, 159, 6, 83]
1542741622104;[171, 0, 17, 255, 161, 74, 234, 53, 199, 0, 0, 191, 1, 0, 12, 1, 0, 159, 6, 83]
1542741622106;[171, 0, 17, 255, 161, 74, 234, 53, 199, 0, 0, 191, 1, 0, 12, 1, 0, 159, 6, 83]
1542741622277;[171, 0, 17, 255, 161, 74, 234, 53, 199, 0, 0, 194, 1, 0, 14, 1, 0, 159, 6, 52]
1542741622279;[171, 0, 17, 255, 161, 74, 234, 53, 199, 0, 0, 194, 1, 0, 14, 1, 0, 159, 6, 52]
1542741622281;[171, 0, 17, 255, 161, 74, 234, 53, 199, 0, 0, 193, 1, 0, 12, 1, 0, 159, 6, 26]
1542741622283;[171, 0, 17, 255, 161, 74, 234, 53, 199, 0, 0, 193, 1, 0, 12, 1, 0, 159, 6, 26]
1542741622450;[171, 0, 17, 255, 161, 74, 234, 53, 199, 0, 0, 191, 1, 0, 14, 1, 0, 158, 6, 6]
1542741622451;[171, 0, 17, 255, 161, 74, 234, 53, 199, 0, 0, 191, 1, 0, 14, 1, 0, 158, 6, 6]
1542741622453;[171, 0, 17, 255, 161, 74, 234, 53, 199, 0, 0, 192, 1, 0, 13, 1, 0, 158, 5, 228]
1542741622455;[171, 0, 17, 255, 161, 74, 234, 53, 199, 0, 0, 192, 1, 0, 13, 1, 0, 158, 5, 228]
1542741622621;[171, 0, 17, 255, 161, 74, 234, 53, 199, 0, 0, 193, 1, 0, 13, 1, 0, 160, 5, 192]
1542741622623;[171, 0, 17, 255, 161, 74, 234, 53, 199, 0, 0, 193, 1, 0, 13, 1, 0, 160, 5, 192]
1542741622969;[171, 0, 4, 255, 132, 128, 70]
1542741622971;[171, 0, 4, 255, 132, 128, 70]
1542741622974;[171, 0, 17, 255, 161, 74, 234, 53, 200, 0, 0, 194, 1, 0, 12, 1, 0, 157, 5, 174]
1542741622977;[171, 0, 17, 255, 161, 74, 234, 53, 200, 0, 0, 194, 1, 0, 12, 1, 0, 157, 5, 174]
1542741622979;[171, 0, 17, 255, 161, 74, 234, 53, 200, 0, 0, 193, 1, 0, 12, 1, 0, 158, 6, 15]
1542741622982;[171, 0, 17, 255, 161, 74, 234, 53, 200, 0, 0, 193, 1, 0, 12, 1, 0, 158, 6, 15]
1542741622983;[171, 0, 17, 255, 161, 74, 234, 53, 200, 0, 0, 194, 1, 0, 12, 1, 0, 159, 6, 41]
1542741622985;[171, 0, 17, 255, 161, 74, 234, 53, 200, 0, 0, 194, 1, 0, 12, 1, 0, 159, 6, 41]
1542741623139;[171, 0, 17, 255, 161, 74, 234, 53, 200, 0, 0, 192, 1, 0, 12, 1, 0, 159, 6, 24]
1542741623142;[171, 0, 17, 255, 161, 74, 234, 53, 200, 0, 0, 192, 1, 0, 12, 1, 0, 159, 6, 24]
1542741623143;[171, 0, 17, 255, 161, 74, 234, 53, 200, 0, 0, 191, 1, 0, 14, 1, 0, 158, 5, 237]
1542741623146;[171, 0, 17, 255, 161, 74, 234, 53, 200, 0, 0, 191, 1, 0, 14, 1, 0, 158, 5, 237]
1542741623311;[171, 0, 17, 255, 161, 74, 234, 53, 200, 0, 0, 193, 1, 0, 12, 1, 0, 159, 5, 213]
1542741623313;[171, 0, 17, 255, 161, 74, 234, 53, 200, 0, 0, 193, 1, 0, 12, 1, 0, 159, 5, 213]
1542741623485;[171, 0, 17, 255, 161, 74, 234, 53, 200, 0, 0, 191, 1, 0, 14, 1, 0, 158, 5, 179]
1542741623487;[171, 0, 17, 255, 161, 74, 234, 53, 200, 0, 0, 191, 1, 0, 14, 1, 0, 158, 5, 179]
1542741623489;[171, 0, 17, 255, 161, 74, 234, 53, 200, 0, 0, 193, 1, 0, 12, 1, 0, 159, 5, 147]
1542741623491;[171, 0, 17, 255, 161, 74, 234, 53, 200, 0, 0, 193, 1, 0, 12, 1, 0, 159, 5, 147]
1542741623658;[171, 0, 17, 255, 161, 74, 234, 53, 200, 0, 0, 190, 1, 0, 12, 1, 0, 159, 5, 101]
1542741623660;[171, 0, 17, 255, 161, 74, 234, 53, 200, 0, 0, 190, 1, 0, 12, 1, 0, 159, 5, 101]
1542741623662;[171, 0, 17, 255, 161, 74, 234, 53, 200, 0, 0, 194, 1, 0, 10, 1, 0, 159, 5, 106]
1542741623664;[171, 0, 17, 255, 161, 74, 234, 53, 200, 0, 0, 194, 1, 0, 10, 1, 0, 159, 5, 106]
1542741623829;[171, 0, 4, 255, 132, 128, 70]
1542741623831;[171, 0, 4, 255, 132, 128, 70]
1542741623834;[171, 0, 17, 255, 161, 74, 234, 53, 201, 0, 0, 194, 1, 0, 12, 1, 0, 159, 5, 184]
1542741623836;[171, 0, 17, 255, 161, 74, 234, 53, 201, 0, 0, 194, 1, 0, 12, 1, 0, 159, 5, 184]
1542741624002;[171, 0, 17, 255, 161, 74, 234, 53, 201, 0, 0, 194, 1, 0, 14, 1, 0, 157, 5, 208]
1542741624004;[171, 0, 17, 255, 161, 74, 234, 53, 201, 0, 0, 194, 1, 0, 14, 1, 0, 157, 5, 208]
1542741624350;[171, 0, 17, 255, 161, 74, 234, 53, 201, 0, 0, 193, 1, 0, 14, 1, 0, 158, 5, 186]
1542741624353;[171, 0, 17, 255, 161, 74, 234, 53, 201, 0, 0, 193, 1, 0, 14, 1, 0, 158, 5, 186]
1542741624355;[171, 0, 17, 255, 161, 74, 234, 53, 201, 0, 0, 193, 1, 0, 12, 1, 0, 159, 5, 153]
1542741624357;[171, 0, 17, 255, 161, 74, 234, 53, 201, 0, 0, 193, 1, 0, 12, 1, 0, 159, 5, 153]
1542741624359;[171, 0, 17, 255, 161, 74, 234, 53, 201, 0, 0, 191, 1, 0, 12, 1, 0, 158, 5, 130]
1542741624362;[171, 0, 17, 255, 161, 74, 234, 53, 201, 0, 0, 191, 1, 0, 12, 1, 0, 158, 5, 130]
1542741624366;[171, 0, 17, 255, 161, 74, 234, 53, 201, 0, 0, 193, 1, 0, 10, 1, 0, 158, 5, 97]
1542741624368;[171, 0, 17, 255, 161, 74, 234, 53, 201, 0, 0, 193, 1, 0, 10, 1, 0, 158, 5, 97]
1542741624517;[171, 0, 17, 255, 161, 74, 234, 53, 201, 0, 0, 196, 1, 0, 14, 1, 0, 157, 5, 67]
1542741624518;[171, 0, 17, 255, 161, 74, 234, 53, 201, 0, 0, 196, 1, 0, 14, 1, 0, 157, 5, 67]
1542741624692;[171, 0, 17, 255, 161, 74, 234, 53, 201, 0, 0, 192, 1, 0, 13, 1, 0, 157, 5, 41]
1542741624694;[171, 0, 17, 255, 161, 74, 234, 53, 201, 0, 0, 192, 1, 0, 13, 1, 0, 157, 5, 41]
1542741624696;[171, 0, 17, 255, 161, 74, 234, 53, 201, 0, 0, 193, 1, 0, 13, 1, 0, 157, 5, 95]
1542741624698;[171, 0, 17, 255, 161, 74, 234, 53, 201, 0, 0, 193, 1, 0, 13, 1, 0, 157, 5, 95]
1542741624863;[171, 0, 17, 255, 161, 74, 234, 53, 201, 0, 0, 193, 1, 0, 14, 1, 0, 157, 5, 142]
1542741624865;[171, 0, 17, 255, 161, 74, 234, 53, 201, 0, 0, 193, 1, 0, 14, 1, 0, 157, 5, 142]
1542741624868;[171, 0, 4, 255, 132, 128, 71]
1542741624870;[171, 0, 4, 255, 132, 128, 71]
1542741625039;[171, 0, 17, 255, 161, 74, 234, 53, 202, 0, 0, 195, 1, 0, 12, 1, 0, 158, 5, 130]
1542741625041;[171, 0, 17, 255, 161, 74, 234, 53, 202, 0, 0, 195, 1, 0, 12, 1, 0, 158, 5, 130]
1542741625042;[171, 0, 17, 255, 161, 74, 234, 53, 202, 0, 0, 192, 1, 0, 10, 1, 0, 158, 5, 104]
1542741625044;[171, 0, 17, 255, 161, 74, 234, 53, 202, 0, 0, 192, 1, 0, 10, 1, 0, 158, 5, 104]
1542741625556;[171, 0, 17, 255, 161, 74, 234, 53, 202, 0, 0, 193, 1, 0, 13, 1, 0, 159, 5, 75]
1542741625558;[171, 0, 17, 255, 161, 74, 234, 53, 202, 0, 0, 193, 1, 0, 13, 1, 0, 159, 5, 75]
1542741625561;[171, 0, 17, 255, 161, 74, 234, 53, 202, 0, 0, 194, 1, 0, 14, 1, 0, 158, 5, 48]
1542741625563;[171, 0, 17, 255, 161, 74, 234, 53, 202, 0, 0, 194, 1, 0, 14, 1, 0, 158, 5, 48]
1542741625565;[171, 0, 17, 255, 161, 74, 234, 53, 202, 0, 0, 193, 1, 0, 14, 1, 0, 160, 5, 8]
1542741625567;[171, 0, 17, 255, 161, 74, 234, 53, 202, 0, 0, 193, 1, 0, 14, 1, 0, 160, 5, 8]
1542741625569;[171, 0, 17, 255, 161, 74, 234, 53, 202, 0, 0, 195, 1, 0, 15, 1, 0, 158, 4, 215]
1542741625571;[171, 0, 17, 255, 161, 74, 234, 53, 202, 0, 0, 195, 1, 0, 15, 1, 0, 158, 4, 215]
1542741625728;[171, 0, 17, 255, 161, 74, 234, 53, 202, 0, 0, 193, 1, 0, 13, 1, 0, 158, 4, 217]
1542741625730;[171, 0, 17, 255, 161, 74, 234, 53, 202, 0, 0, 193, 1, 0, 13, 1, 0, 158, 4, 217]
1542741625733;[171, 0, 17, 255, 161, 74, 234, 53, 202, 0, 0, 192, 1, 0, 13, 1, 0, 159, 4, 250]
1542741625734;[171, 0, 17, 255, 161, 74, 234, 53, 202, 0, 0, 192, 1, 0, 13, 1, 0, 159, 4, 250]
1542741625737;[171, 0, 17, 255, 161, 74, 234, 53, 202, 0, 0, 191, 1, 0, 12, 1, 0, 158, 4, 251]
1542741625739;[171, 0, 17, 255, 161, 74, 234, 53, 202, 0, 0, 191, 1, 0, 12, 1, 0, 158, 4, 251]
1542741625899;[171, 0, 17, 255, 161, 74, 234, 53, 202, 0, 0, 193, 1, 0, 13, 1, 0, 159, 4, 201]
1542741625901;[171, 0, 17, 255, 161, 74, 234, 53, 202, 0, 0, 193, 1, 0, 13, 1, 0, 159, 4, 201]
1542741626071;[171, 0, 4, 255, 132, 128, 70]
1542741626074;[171, 0, 4, 255, 132, 128, 70]
1542741626077;[171, 0, 17, 255, 161, 74, 234, 53, 203, 0, 0, 192, 1, 0, 12, 1, 0, 159, 4, 170]
1542741626079;[171, 0, 17, 255, 161, 74, 234, 53, 203, 0, 0, 192, 1, 0, 12, 1, 0, 159, 4, 170]
1542741626244;[171, 0, 17, 255, 161, 74, 234, 53, 203, 0, 0, 192, 1, 0, 12, 1, 0, 158, 4, 129]
1542741626246;[171, 0, 17, 255, 161, 74, 234, 53, 203, 0, 0, 192, 1, 0, 12, 1, 0, 158, 4, 129]
1542741626248;[171, 0, 17, 255, 161, 74, 234, 53, 203, 0, 0, 193, 1, 0, 13, 1, 0, 160, 4, 93]
1542741626250;[171, 0, 17, 255, 161, 74, 234, 53, 203, 0, 0, 193, 1, 0, 13, 1, 0, 160, 4, 93]
1542741626416;[171, 0, 17, 255, 161, 74, 234, 53, 203, 0, 0, 191, 1, 0, 13, 1, 0, 159, 4, 53]
1542741626418;[171, 0, 17, 255, 161, 74, 234, 53, 203, 0, 0, 191, 1, 0, 13, 1, 0, 159, 4, 53]
1542741626936;[171, 0, 17, 255, 161, 74, 234, 53, 203, 0, 0, 196, 1, 0, 13, 1, 0, 158, 4, 5]
1542741626938;[171, 0, 17, 255, 161, 74, 234, 53, 203, 0, 0, 196, 1, 0, 13, 1, 0, 158, 4, 5]
1542741626940;[171, 0, 17, 255, 161, 74, 234, 53, 203, 0, 0, 193, 1, 0, 14, 1, 0, 158, 3, 224]
1542741626942;[171, 0, 17, 255, 161, 74, 234, 53, 203, 0, 0, 193, 1, 0, 14, 1, 0, 158, 3, 224]
1542741626945;[171, 0, 17, 255, 161, 74, 234, 53, 203, 0, 0, 194, 1, 0, 12, 1, 0, 158, 3, 246]
1542741626947;[171, 0, 17, 255, 161, 74, 234, 53, 203, 0, 0, 194, 1, 0, 12, 1, 0, 158, 3, 246]
1542741626949;[171, 0, 17, 255, 161, 74, 234, 53, 203, 0, 0, 189, 1, 0, 13, 1, 0, 158, 3, 251]
1542741626951;[171, 0, 17, 255, 161, 74, 234, 53, 203, 0, 0, 189, 1, 0, 13, 1, 0, 158, 3, 251]
1542741627108;[171, 0, 17, 255, 161, 74, 234, 53, 203, 0, 0, 195, 1, 0, 14, 1, 0, 158, 3, 220]
1542741627110;[171, 0, 17, 255, 161, 74, 234, 53, 203, 0, 0, 195, 1, 0, 14, 1, 0, 158, 3, 220]
1542741627112;[171, 0, 17, 255, 161, 74, 234, 53, 203, 0, 0, 193, 1, 0, 13, 1, 0, 158, 3, 194]
1542741627114;[171, 0, 17, 255, 161, 74, 234, 53, 203, 0, 0, 193, 1, 0, 13, 1, 0, 158, 3, 194]
1542741627116;[171, 0, 4, 255, 132, 128, 71]
1542741627119;[171, 0, 4, 255, 132, 128, 71]
1542741627279;[171, 0, 17, 255, 161, 74, 234, 53, 204, 0, 0, 191, 1, 0, 11, 1, 0, 160, 3, 169]
1542741627281;[171, 0, 17, 255, 161, 74, 234, 53, 204, 0, 0, 191, 1, 0, 11, 1, 0, 160, 3, 169]
1542741627283;[171, 0, 17, 255, 161, 74, 234, 53, 204, 0, 0, 194, 1, 0, 13, 1, 0, 158, 3, 131]
1542741627285;[171, 0, 17, 255, 161, 74, 234, 53, 204, 0, 0, 194, 1, 0, 13, 1, 0, 158, 3, 131]
1542741627452;[171, 0, 17, 255, 161, 74, 234, 53, 204, 0, 0, 194, 1, 0, 14, 1, 0, 159, 3, 107]
1542741627454;[171, 0, 17, 255, 161, 74, 234, 53, 204, 0, 0, 194, 1, 0, 14, 1, 0, 159, 3, 107]
1542741627625;[171, 0, 17, 255, 161, 74, 234, 53, 204, 0, 0, 192, 1, 0, 14, 1, 0, 160, 3, 84]
1542741627627;[171, 0, 17, 255, 161, 74, 234, 53, 204, 0, 0, 192, 1, 0, 14, 1, 0, 160, 3, 84]
1542741627631;[171, 0, 17, 255, 161, 74, 234, 53, 204, 0, 0, 193, 1, 0, 11, 1, 0, 159, 3, 91]
1542741627633;[171, 0, 17, 255, 161, 74, 234, 53, 204, 0, 0, 193, 1, 0, 11, 1, 0, 159, 3, 91]
1542741627635;[171, 0, 17, 255, 161, 74, 234, 53, 204, 0, 0, 193, 1, 0, 12, 1, 0, 160, 3, 122]
1542741627637;[171, 0, 17, 255, 161, 74, 234, 53, 204, 0, 0, 193, 1, 0, 12, 1, 0, 160, 3, 122]
1542741627797;[171, 0, 17, 255, 161, 74, 234, 53, 204, 0, 0, 194, 1, 0, 12, 1, 0, 159, 3, 114]
1542741627799;[171, 0, 17, 255, 161, 74, 234, 53, 204, 0, 0, 194, 1, 0, 12, 1, 0, 159, 3, 114]
1542741628143;[171, 0, 17, 255, 161, 74, 234, 53, 204, 0, 0, 194, 1, 0, 13, 1, 0, 159, 3, 87]
1542741628145;[171, 0, 17, 255, 161, 74, 234, 53, 204, 0, 0, 194, 1, 0, 13, 1, 0, 159, 3, 87]
1542741628148;[171, 0, 17, 255, 161, 74, 234, 53, 204, 0, 0, 192, 1, 0, 13, 1, 0, 159, 3, 70]
1542741628150;[171, 0, 17, 255, 161, 74, 234, 53, 204, 0, 0, 192, 1, 0, 13, 1, 0, 159, 3, 70]
