1542752329362;[171, 0, 17, 255, 161, 74, 234, 101, 98, 1, 0, 3, 1, 0, 19, 1, 0, 247, 3, 116]
1542752329368;[171, 0, 4, 255, 132, 128, 66]
1542752329371;[171, 0, 4, 255, 132, 128, 66]
1542752329373;[171, 0, 17, 255, 161, 74, 234, 101, 98, 1, 0, 4, 1, 0, 20, 1, 0, 246, 3, 39]
1542752329375;[171, 0, 17, 255, 161, 74, 234, 101, 98, 1, 0, 4, 1, 0, 20, 1, 0, 246, 3, 39]
1542752329524;[171, 0, 17, 255, 161, 74, 234, 101, 98, 1, 0, 4, 1, 0, 19, 1, 0, 245, 2, 233]
1542752329526;[171, 0, 17, 255, 161, 74, 234, 101, 98, 1, 0, 4, 1, 0, 19, 1, 0, 245, 2, 233]
1542752329697;[171, 0, 17, 255, 161, 74, 234, 101, 99, 1, 0, 2, 1, 0, 20, 1, 0, 246, 3, 145]
1542752329699;[171, 0, 17, 255, 161, 74, 234, 101, 99, 1, 0, 2, 1, 0, 20, 1, 0, 246, 3, 145]
1542752329701;[171, 0, 17, 255, 161, 74, 234, 101, 99, 1, 0, 2, 1, 0, 19, 1, 0, 247, 4, 17]
1542752329703;[171, 0, 17, 255, 161, 74, 234, 101, 99, 1, 0, 2, 1, 0, 19, 1, 0, 247, 4, 17]
1542752329869;[171, 0, 17, 255, 161, 74, 234, 101, 99, 1, 0, 3, 1, 0, 21, 1, 0, 246, 4, 30]
1542752329871;[171, 0, 17, 255, 161, 74, 234, 101, 99, 1, 0, 3, 1, 0, 21, 1, 0, 246, 4, 30]
1542752330388;[171, 0, 17, 255, 161, 74, 234, 101, 99, 1, 0, 1, 1, 0, 20, 1, 0, 247, 3, 250]
1542752330390;[171, 0, 17, 255, 161, 74, 234, 101, 99, 1, 0, 1, 1, 0, 20, 1, 0, 247, 3, 250]
1542752330392;[171, 0, 17, 255, 161, 74, 234, 101, 99, 1, 0, 4, 1, 0, 19, 1, 0, 245, 3, 206]
1542752330394;[171, 0, 17, 255, 161, 74, 234, 101, 99, 1, 0, 4, 1, 0, 19, 1, 0, 245, 3, 206]
1542752330397;[171, 0, 17, 255, 161, 74, 234, 101, 99, 1, 0, 2, 1, 0, 19, 1, 0, 248, 3, 141]
1542752330399;[171, 0, 17, 255, 161, 74, 234, 101, 99, 1, 0, 2, 1, 0, 19, 1, 0, 248, 3, 141]
1542752330402;[171, 0, 17, 255, 161, 74, 234, 101, 99, 1, 0, 3, 1, 0, 20, 1, 0, 246, 3, 52]
1542752330403;[171, 0, 17, 255, 161, 74, 234, 101, 99, 1, 0, 3, 1, 0, 20, 1, 0, 246, 3, 52]
1542752330560;[171, 0, 17, 255, 161, 74, 234, 101, 101, 1, 0, 3, 1, 0, 20, 1, 0, 246, 8, 54]
1542752330562;[171, 0, 17, 255, 161, 74, 234, 101, 101, 1, 0, 3, 1, 0, 20, 1, 0, 246, 8, 54]
1542752330565;[171, 0, 17, 255, 161, 74, 234, 101, 101, 1, 0, 4, 1, 0, 20, 1, 0, 246, 8, 8]
1542752330567;[171, 0, 17, 255, 161, 74, 234, 101, 101, 1, 0, 4, 1, 0, 20, 1, 0, 246, 8, 8]
1542752330569;[171, 0, 17, 255, 161, 74, 234, 101, 102, 1, 0, 4, 1, 0, 23, 1, 0, 248, 7, 201]
1542752330571;[171, 0, 17, 255, 161, 74, 234, 101, 102, 1, 0, 4, 1, 0, 23, 1, 0, 248, 7, 201]
1542752330733;[171, 0, 17, 255, 161, 74, 234, 101, 102, 1, 0, 2, 1, 0, 19, 1, 0, 247, 7, 137]
1542752330735;[171, 0, 17, 255, 161, 74, 234, 101, 102, 1, 0, 2, 1, 0, 19, 1, 0, 247, 7, 137]
1542752330737;[171, 0, 17, 255, 161, 74, 234, 101, 102, 1, 0, 4, 1, 0, 19, 1, 0, 246, 7, 137]
1542752330739;[171, 0, 17, 255, 161, 74, 234, 101, 102, 1, 0, 4, 1, 0, 19, 1, 0, 246, 7, 137]
1542752330905;[171, 0, 17, 255, 161, 74, 234, 101, 102, 1, 0, 4, 1, 0, 21, 1, 0, 248, 7, 71]
1542752330907;[171, 0, 17, 255, 161, 74, 234, 101, 102, 1, 0, 4, 1, 0, 21, 1, 0, 248, 7, 71]
1542752331077;[171, 0, 17, 255, 161, 74, 234, 101, 102, 1, 0, 5, 1, 0, 20, 1, 0, 248, 7, 6]
1542752331079;[171, 0, 17, 255, 161, 74, 234, 101, 102, 1, 0, 5, 1, 0, 20, 1, 0, 248, 7, 6]
1542752331081;[171, 0, 17, 255, 161, 74, 234, 101, 102, 1, 0, 3, 1, 0, 19, 1, 0, 245, 7, 56]
1542752331083;[171, 0, 17, 255, 161, 74, 234, 101, 102, 1, 0, 3, 1, 0, 19, 1, 0, 245, 7, 56]
1542752331254;[171, 0, 17, 255, 161, 74, 234, 101, 102, 1, 0, 3, 1, 0, 19, 1, 0, 245, 7, 90]
1542752331256;[171, 0, 17, 255, 161, 74, 234, 101, 102, 1, 0, 3, 1, 0, 19, 1, 0, 245, 7, 90]
1542752331258;[171, 0, 17, 255, 161, 74, 234, 101, 102, 1, 0, 2, 1, 0, 18, 1, 0, 246, 7, 75]
1542752331259;[171, 0, 17, 255, 161, 74, 234, 101, 102, 1, 0, 2, 1, 0, 18, 1, 0, 246, 7, 75]
1542752331595;[171, 0, 4, 255, 132, 128, 67]
1542752331598;[171, 0, 4, 255, 132, 128, 67]
1542752331600;[171, 0, 17, 255, 161, 74, 234, 101, 102, 1, 0, 3, 1, 0, 19, 1, 0, 246, 7, 32]
1542752331602;[171, 0, 17, 255, 161, 74, 234, 101, 102, 1, 0, 3, 1, 0, 19, 1, 0, 246, 7, 32]
1542752331604;[171, 0, 17, 255, 161, 74, 234, 101, 102, 1, 0, 3, 1, 0, 19, 1, 0, 247, 6, 244]
1542752331606;[171, 0, 17, 255, 161, 74, 234, 101, 102, 1, 0, 3, 1, 0, 19, 1, 0, 247, 6, 244]
1542752331767;[171, 0, 17, 255, 161, 74, 234, 101, 103, 1, 0, 3, 1, 0, 19, 1, 0, 246, 6, 188]
1542752331769;[171, 0, 17, 255, 161, 74, 234, 101, 103, 1, 0, 3, 1, 0, 19, 1, 0, 246, 6, 188]
1542752331772;[171, 0, 17, 255, 161, 74, 234, 101, 103, 1, 0, 4, 1, 0, 21, 1, 0, 247, 6, 116]
1542752331773;[171, 0, 17, 255, 161, 74, 234, 101, 103, 1, 0, 4, 1, 0, 21, 1, 0, 247, 6, 116]
1542752331941;[171, 0, 17, 255, 161, 74, 234, 101, 103, 1, 0, 1, 1, 0, 22, 1, 0, 247, 6, 50]
1542752331943;[171, 0, 17, 255, 161, 74, 234, 101, 103, 1, 0, 1, 1, 0, 22, 1, 0, 247, 6, 50]
1542752331946;[171, 0, 17, 255, 161, 74, 234, 101, 103, 1, 0, 1, 1, 0, 22, 1, 0, 246, 6, 29]
1542752331948;[171, 0, 17, 255, 161, 74, 234, 101, 103, 1, 0, 1, 1, 0, 22, 1, 0, 246, 6, 29]
1542752332111;[171, 0, 17, 255, 161, 74, 234, 101, 103, 1, 0, 1, 1, 0, 19, 1, 0, 246, 6, 108]
1542752332113;[171, 0, 17, 255, 161, 74, 234, 101, 103, 1, 0, 1, 1, 0, 19, 1, 0, 246, 6, 108]
1542752332286;[171, 0, 17, 255, 161, 74, 234, 101, 103, 1, 0, 2, 1, 0, 20, 1, 0, 246, 6, 112]
1542752332288;[171, 0, 17, 255, 161, 74, 234, 101, 103, 1, 0, 2, 1, 0, 20, 1, 0, 246, 6, 112]
1542752332290;[171, 0, 17, 255, 161, 74, 234, 101, 103, 1, 0, 4, 1, 0, 20, 1, 0, 247, 6, 85]
1542752332292;[171, 0, 17, 255, 161, 74, 234, 101, 103, 1, 0, 4, 1, 0, 20, 1, 0, 247, 6, 85]
1542752334362;[171, 0, 17, 255, 161, 74, 234, 101, 103, 1, 0, 3, 1, 0, 19, 1, 0, 246, 6, 47]
1542752334363;[171, 0, 17, 255, 161, 74, 234, 101, 103, 1, 0, 3, 1, 0, 19, 1, 0, 246, 6, 47]
1542752334365;[171, 0, 4, 255, 132, 128, 67]
1542752334367;[171, 0, 4, 255, 132, 128, 67]
1542752334369;[171, 0, 17, 255, 161, 74, 234, 101, 103, 1, 0, 3, 1, 0, 21, 1, 0, 245, 6, 0]
1542752334370;[171, 0, 17, 255, 161, 74, 234, 101, 103, 1, 0, 3, 1, 0, 21, 1, 0, 245, 6, 0]
1542752334372;[171, 0, 17, 255, 161, 74, 234, 101, 103, 1, 0, 5, 1, 0, 19, 1, 0, 246, 5, 204]
1542752334374;[171, 0, 17, 255, 161, 74, 234, 101, 103, 1, 0, 5, 1, 0, 19, 1, 0, 246, 5, 204]
1542752334375;[171, 0, 17, 255, 161, 74, 234, 101, 104, 1, 0, 1, 1, 0, 18, 1, 0, 247, 5, 143]
1542752334377;[171, 0, 17, 255, 161, 74, 234, 101, 104, 1, 0, 1, 1, 0, 18, 1, 0, 247, 5, 143]
1542752334429;[171, 0, 17, 255, 161, 74, 234, 101, 104, 1, 0, 2, 1, 0, 20, 1, 0, 247, 5, 77]
1542752334430;[171, 0, 17, 255, 161, 74, 234, 101, 104, 1, 0, 2, 1, 0, 20, 1, 0, 247, 5, 77]
1542752334431;[171, 0, 17, 255, 161, 74, 234, 101, 104, 1, 0, 5, 1, 0, 21, 1, 0, 247, 5, 24]
1542752334433;[171, 0, 17, 255, 161, 74, 234, 101, 104, 1, 0, 5, 1, 0, 21, 1, 0, 247, 5, 24]
1542752334434;[171, 0, 17, 255, 161, 74, 234, 101, 104, 0, 0, 0, 1, 0, 21, 1, 0, 246, 5, 109]
1542752334436;[171, 0, 17, 255, 161, 74, 234, 101, 104, 0, 0, 0, 1, 0, 21, 1, 0, 246, 5, 109]
1542752334437;[171, 0, 17, 255, 161, 74, 234, 101, 104, 1, 0, 5, 1, 0, 19, 1, 0, 246, 5, 186]
1542752334438;[171, 0, 17, 255, 161, 74, 234, 101, 104, 1, 0, 5, 1, 0, 19, 1, 0, 246, 5, 186]
1542752334455;[171, 0, 17, 255, 161, 74, 234, 101, 104, 1, 0, 3, 1, 0, 19, 1, 0, 246, 5, 200]
1542752334457;[171, 0, 17, 255, 161, 74, 234, 101, 104, 1, 0, 3, 1, 0, 19, 1, 0, 246, 5, 200]
1542752334458;[171, 0, 17, 255, 161, 74, 234, 101, 104, 1, 0, 1, 1, 0, 20, 1, 0, 245, 5, 194]
1542752334460;[171, 0, 17, 255, 161, 74, 234, 101, 104, 1, 0, 1, 1, 0, 20, 1, 0, 245, 5, 194]
1542752334461;[171, 0, 17, 255, 161, 74, 234, 101, 104, 1, 0, 3, 1, 0, 20, 1, 0, 246, 5, 176]
1542752334463;[171, 0, 17, 255, 161, 74, 234, 101, 104, 1, 0, 3, 1, 0, 20, 1, 0, 246, 5, 176]
1542752334481;[171, 0, 4, 255, 132, 128, 67]
1542752334483;[171, 0, 4, 255, 132, 128, 67]
1542752334484;[171, 0, 17, 255, 161, 74, 234, 101, 104, 1, 0, 3, 1, 0, 19, 1, 0, 245, 5, 148]
1542752334486;[171, 0, 17, 255, 161, 74, 234, 101, 104, 1, 0, 3, 1, 0, 19, 1, 0, 245, 5, 148]
1542752334486;[171, 0, 17, 255, 161, 74, 234, 101, 104, 1, 0, 1, 1, 0, 21, 1, 0, 246, 5, 95]
1542752334488;[171, 0, 17, 255, 161, 74, 234, 101, 104, 1, 0, 1, 1, 0, 21, 1, 0, 246, 5, 95]
1542752334489;[171, 0, 17, 255, 161, 74, 234, 101, 105, 1, 0, 6, 1, 0, 20, 1, 0, 245, 5, 42]
1542752334490;[171, 0, 17, 255, 161, 74, 234, 101, 105, 1, 0, 6, 1, 0, 20, 1, 0, 245, 5, 42]
1542752334495;[171, 0, 17, 255, 161, 74, 234, 101, 105, 1, 0, 6, 1, 0, 19, 1, 0, 247, 4, 251]
1542752334496;[171, 0, 17, 255, 161, 74, 234, 101, 105, 1, 0, 6, 1, 0, 19, 1, 0, 247, 4, 251]
1542752334497;[171, 0, 17, 255, 161, 74, 234, 101, 105, 1, 0, 3, 1, 0, 20, 1, 0, 246, 5, 88]
1542752334499;[171, 0, 17, 255, 161, 74, 234, 101, 105, 1, 0, 3, 1, 0, 20, 1, 0, 246, 5, 88]
1542752334509;[171, 0, 17, 255, 161, 74, 234, 101, 105, 1, 0, 4, 1, 0, 20, 1, 0, 246, 5, 226]
1542752334510;[171, 0, 17, 255, 161, 74, 234, 101, 105, 1, 0, 4, 1, 0, 20, 1, 0, 246, 5, 226]
1542752334511;[171, 0, 17, 255, 161, 74, 234, 101, 105, 1, 0, 1, 1, 0, 22, 1, 0, 247, 6, 22]
1542752334512;[171, 0, 17, 255, 161, 74, 234, 101, 105, 1, 0, 1, 1, 0, 22, 1, 0, 247, 6, 22]
1542752334513;[171, 0, 17, 255, 161, 74, 234, 101, 105, 1, 0, 4, 1, 0, 17, 1, 0, 246, 6, 27]
1542752334514;[171, 0, 17, 255, 161, 74, 234, 101, 105, 1, 0, 4, 1, 0, 17, 1, 0, 246, 6, 27]
1542752334523;[171, 0, 17, 255, 161, 74, 234, 101, 105, 1, 0, 4, 1, 0, 18, 1, 0, 245, 6, 37]
1542752334524;[171, 0, 17, 255, 161, 74, 234, 101, 105, 1, 0, 4, 1, 0, 18, 1, 0, 245, 6, 37]
1542752334525;[171, 0, 17, 255, 161, 74, 234, 101, 105, 1, 0, 3, 1, 0, 20, 1, 0, 246, 6, 27]
1542752334526;[171, 0, 17, 255, 161, 74, 234, 101, 105, 1, 0, 3, 1, 0, 20, 1, 0, 246, 6, 27]
1542752334700;[171, 0, 4, 255, 132, 128, 67]
1542752334702;[171, 0, 4, 255, 132, 128, 67]
1542752334874;[171, 0, 17, 255, 161, 74, 234, 101, 105, 1, 0, 4, 1, 0, 21, 1, 0, 246, 6, 7]
1542752334876;[171, 0, 17, 255, 161, 74, 234, 101, 105, 1, 0, 4, 1, 0, 21, 1, 0, 246, 6, 7]
1542752334878;[171, 0, 17, 255, 161, 74, 234, 101, 105, 1, 0, 3, 1, 0, 21, 1, 0, 246, 5, 217]
1542752334880;[171, 0, 17, 255, 161, 74, 234, 101, 105, 1, 0, 3, 1, 0, 21, 1, 0, 246, 5, 217]
1542752335045;[171, 0, 17, 255, 161, 74, 234, 101, 106, 1, 0, 3, 1, 0, 20, 1, 0, 246, 6, 92]
1542752335047;[171, 0, 17, 255, 161, 74, 234, 101, 106, 1, 0, 3, 1, 0, 20, 1, 0, 246, 6, 92]
1542752335050;[171, 0, 17, 255, 161, 74, 234, 101, 106, 1, 0, 5, 1, 0, 21, 1, 0, 246, 7, 7]
1542752335052;[171, 0, 17, 255, 161, 74, 234, 101, 106, 1, 0, 5, 1, 0, 21, 1, 0, 246, 7, 7]
1542752335390;[171, 0, 17, 255, 161, 74, 234, 101, 106, 1, 0, 1, 1, 0, 19, 1, 0, 247, 7, 70]
1542752335392;[171, 0, 17, 255, 161, 74, 234, 101, 106, 1, 0, 1, 1, 0, 19, 1, 0, 247, 7, 70]
1542752335394;[171, 0, 17, 255, 161, 74, 234, 101, 106, 1, 0, 2, 1, 0, 20, 1, 0, 245, 7, 91]
1542752335396;[171, 0, 17, 255, 161, 74, 234, 101, 106, 1, 0, 2, 1, 0, 20, 1, 0, 245, 7, 91]
1542752335399;[171, 0, 17, 255, 161, 74, 234, 101, 106, 1, 0, 2, 1, 0, 20, 1, 0, 247, 7, 93]
1542752335401;[171, 0, 17, 255, 161, 74, 234, 101, 106, 1, 0, 2, 1, 0, 20, 1, 0, 247, 7, 93]
1542752335562;[171, 0, 17, 255, 161, 74, 234, 101, 106, 1, 0, 2, 1, 0, 23, 1, 0, 246, 7, 61]
1542752335564;[171, 0, 17, 255, 161, 74, 234, 101, 106, 1, 0, 2, 1, 0, 23, 1, 0, 246, 7, 61]
1542752335567;[171, 0, 17, 255, 161, 74, 234, 101, 106, 1, 0, 2, 1, 0, 20, 1, 0, 248, 7, 24]
1542752335568;[171, 0, 17, 255, 161, 74, 234, 101, 106, 1, 0, 2, 1, 0, 20, 1, 0, 248, 7, 24]
1542752335734;[171, 0, 17, 255, 161, 74, 234, 101, 106, 1, 0, 5, 1, 0, 20, 1, 0, 246, 6, 227]
1542752335736;[171, 0, 17, 255, 161, 74, 234, 101, 106, 1, 0, 5, 1, 0, 20, 1, 0, 246, 6, 227]
1542752335738;[171, 0, 4, 255, 132, 128, 67]
1542752335740;[171, 0, 4, 255, 132, 128, 67]
1542752335907;[171, 0, 17, 255, 161, 74, 234, 101, 106, 1, 0, 5, 1, 0, 19, 1, 0, 246, 6, 238]
1542752335909;[171, 0, 17, 255, 161, 74, 234, 101, 106, 1, 0, 5, 1, 0, 19, 1, 0, 246, 6, 238]
1542752336079;[171, 0, 17, 255, 161, 74, 234, 101, 106, 0, 0, 0, 1, 0, 20, 1, 0, 245, 7, 199]
1542752336081;[171, 0, 17, 255, 161, 74, 234, 101, 106, 0, 0, 0, 1, 0, 20, 1, 0, 245, 7, 199]
1542752336084;[171, 0, 17, 255, 161, 74, 234, 101, 107, 1, 0, 7, 1, 0, 19, 1, 0, 246, 8, 35]
1542752336085;[171, 0, 17, 255, 161, 74, 234, 101, 107, 1, 0, 7, 1, 0, 19, 1, 0, 246, 8, 35]
1542752336252;[171, 0, 17, 255, 161, 74, 234, 101, 107, 1, 0, 3, 1, 0, 21, 1, 0, 245, 8, 51]
1542752336254;[171, 0, 17, 255, 161, 74, 234, 101, 107, 1, 0, 3, 1, 0, 21, 1, 0, 245, 8, 51]
1542752336256;[171, 0, 17, 255, 161, 74, 234, 101, 107, 1, 0, 3, 1, 0, 19, 1, 0, 246, 8, 34]
1542752336258;[171, 0, 17, 255, 161, 74, 234, 101, 107, 1, 0, 3, 1, 0, 19, 1, 0, 246, 8, 34]
1542752337115;[171, 0, 17, 255, 161, 74, 234, 101, 107, 1, 0, 3, 1, 0, 20, 1, 0, 245, 8, 26]
1542752337117;[171, 0, 17, 255, 161, 74, 234, 101, 107, 1, 0, 3, 1, 0, 20, 1, 0, 245, 8, 26]
1542752337121;[171, 0, 17, 255, 161, 74, 234, 101, 107, 1, 0, 1, 1, 0, 19, 1, 0, 245, 7, 229]
1542752337123;[171, 0, 17, 255, 161, 74, 234, 101, 107, 1, 0, 1, 1, 0, 19, 1, 0, 245, 7, 229]
1542752337125;[171, 0, 17, 255, 161, 74, 234, 101, 107, 1, 0, 4, 1, 0, 20, 1, 0, 247, 7, 177]
1542752337127;[171, 0, 17, 255, 161, 74, 234, 101, 107, 1, 0, 4, 1, 0, 20, 1, 0, 247, 7, 177]
1542752337129;[171, 0, 17, 255, 161, 74, 234, 101, 107, 1, 0, 3, 1, 0, 22, 1, 0, 247, 8, 40]
1542752337131;[171, 0, 17, 255, 161, 74, 234, 101, 107, 1, 0, 3, 1, 0, 22, 1, 0, 247, 8, 40]
1542752337295;[171, 0, 17, 255, 161, 74, 234, 101, 107, 1, 0, 3, 1, 0, 18, 1, 0, 246, 8, 167]
1542752337297;[171, 0, 17, 255, 161, 74, 234, 101, 107, 1, 0, 3, 1, 0, 18, 1, 0, 246, 8, 167]
1542752337299;[171, 0, 4, 255, 132, 128, 67]
1542752337301;[171, 0, 4, 255, 132, 128, 67]
1542752337304;[171, 0, 17, 255, 161, 74, 234, 101, 107, 0, 0, 1, 1, 0, 18, 1, 0, 246, 8, 204]
1542752337306;[171, 0, 17, 255, 161, 74, 234, 101, 107, 0, 0, 1, 1, 0, 18, 1, 0, 246, 8, 204]
1542752337307;[171, 0, 17, 255, 161, 74, 234, 101, 107, 1, 0, 2, 1, 0, 20, 1, 0, 246, 8, 184]
1542752337309;[171, 0, 17, 255, 161, 74, 234, 101, 107, 1, 0, 2, 1, 0, 20, 1, 0, 246, 8, 184]
1542752337460;[171, 0, 17, 255, 161, 74, 234, 101, 108, 1, 0, 1, 1, 0, 17, 1, 0, 246, 8, 154]
1542752337462;[171, 0, 17, 255, 161, 74, 234, 101, 108, 1, 0, 1, 1, 0, 17, 1, 0, 246, 8, 154]
1542752337464;[171, 0, 17, 255, 161, 74, 234, 101, 108, 1, 0, 2, 1, 0, 16, 1, 0, 240, 8, 248]
1542752337466;[171, 0, 17, 255, 161, 74, 234, 101, 108, 1, 0, 2, 1, 0, 16, 1, 0, 240, 8, 248]
1542752337468;[171, 0, 17, 255, 161, 74, 234, 101, 108, 0, 0, 6, 1, 0, 7, 1, 0, 250, 9, 182]
1542752337470;[171, 0, 17, 255, 161, 74, 234, 101, 108, 0, 0, 6, 1, 0, 7, 1, 0, 250, 9, 182]
1542752337632;[171, 0, 17, 255, 161, 74, 234, 101, 108, 0, 0, 13, 0, 0, 6, 1, 0, 251, 7, 180]
1542752337634;[171, 0, 17, 255, 161, 74, 234, 101, 108, 0, 0, 13, 0, 0, 6, 1, 0, 251, 7, 180]
1542752337636;[171, 0, 17, 255, 161, 74, 234, 101, 108, 0, 0, 32, 1, 0, 10, 1, 0, 248, 5, 121]
1542752337638;[171, 0, 17, 255, 161, 74, 234, 101, 108, 0, 0, 32, 1, 0, 10, 1, 0, 248, 5, 121]
1542752337977;[171, 0, 17, 255, 161, 74, 234, 101, 108, 0, 0, 35, 1, 0, 5, 1, 0, 249, 3, 90]
1542752337979;[171, 0, 17, 255, 161, 74, 234, 101, 108, 0, 0, 35, 1, 0, 5, 1, 0, 249, 3, 90]
1542752337982;[171, 0, 17, 255, 161, 74, 234, 101, 108, 0, 0, 31, 1, 0, 6, 1, 0, 247, 1, 192]
1542752337984;[171, 0, 17, 255, 161, 74, 234, 101, 108, 0, 0, 31, 1, 0, 6, 1, 0, 247, 1, 192]
1542752337986;[171, 0, 17, 255, 161, 74, 234, 101, 108, 0, 0, 28, 1, 0, 6, 1, 0, 248, 16, 158]
1542752337988;[171, 0, 17, 255, 161, 74, 234, 101, 108, 0, 0, 28, 1, 0, 6, 1, 0, 248, 16, 158]
1542752338149;[171, 0, 4, 255, 132, 128, 67]
1542752338151;[171, 0, 4, 255, 132, 128, 67]
1542752338323;[171, 0, 17, 255, 161, 74, 234, 101, 108, 0, 0, 31, 1, 0, 7, 1, 0, 246, 6, 221]
1542752338325;[171, 0, 17, 255, 161, 74, 234, 101, 108, 0, 0, 31, 1, 0, 7, 1, 0, 246, 6, 221]
1542752338327;[171, 0, 17, 255, 161, 74, 234, 101, 108, 0, 0, 24, 1, 0, 8, 1, 0, 248, 6, 42]
1542752338329;[171, 0, 17, 255, 161, 74, 234, 101, 108, 0, 0, 24, 1, 0, 8, 1, 0, 248, 6, 42]
1542752338331;[171, 0, 17, 255, 161, 74, 234, 101, 109, 0, 0, 26, 1, 0, 8, 1, 0, 245, 5, 207]
1542752338333;[171, 0, 17, 255, 161, 74, 234, 101, 109, 0, 0, 26, 1, 0, 8, 1, 0, 245, 5, 207]
1542752338494;[171, 0, 17, 255, 161, 74, 234, 101, 109, 0, 0, 23, 1, 0, 10, 1, 0, 245, 5, 171]
1542752338496;[171, 0, 17, 255, 161, 74, 234, 101, 109, 0, 0, 23, 1, 0, 10, 1, 0, 245, 5, 171]
1542752338667;[171, 0, 17, 255, 161, 74, 234, 101, 109, 0, 0, 22, 1, 0, 12, 1, 0, 246, 5, 98]
1542752338670;[171, 0, 17, 255, 161, 74, 234, 101, 109, 0, 0, 22, 1, 0, 12, 1, 0, 246, 5, 98]
1542752338672;[171, 0, 17, 255, 161, 74, 234, 101, 109, 0, 0, 22, 1, 0, 9, 1, 0, 248, 5, 11]
1542752338673;[171, 0, 17, 255, 161, 74, 234, 101, 109, 0, 0, 22, 1, 0, 9, 1, 0, 248, 5, 11]
1542752338840;[171, 0, 17, 255, 161, 74, 234, 101, 109, 0, 0, 24, 1, 0, 9, 1, 0, 247, 4, 164]
1542752338842;[171, 0, 17, 255, 161, 74, 234, 101, 109, 0, 0, 24, 1, 0, 9, 1, 0, 247, 4, 164]
1542752338844;[171, 0, 17, 255, 161, 74, 234, 101, 109, 0, 0, 23, 1, 0, 11, 1, 0, 246, 4, 66]
1542752338846;[171, 0, 17, 255, 161, 74, 234, 101, 109, 0, 0, 23, 1, 0, 11, 1, 0, 246, 4, 66]
1542752339358;[171, 0, 17, 255, 161, 74, 234, 101, 109, 0, 0, 23, 1, 0, 9, 1, 0, 247, 3, 227]
1542752339360;[171, 0, 17, 255, 161, 74, 234, 101, 109, 0, 0, 23, 1, 0, 9, 1, 0, 247, 3, 227]
1542752339364;[171, 0, 17, 255, 161, 74, 234, 101, 109, 0, 0, 24, 1, 0, 9, 1, 0, 246, 3, 217]
1542752339366;[171, 0, 17, 255, 161, 74, 234, 101, 109, 0, 0, 24, 1, 0, 9, 1, 0, 246, 3, 217]
1542752339368;[171, 0, 4, 255, 132, 128, 67]
1542752339371;[171, 0, 4, 255, 132, 128, 67]
1542752339373;[171, 0, 17, 255, 161, 74, 234, 101, 109, 0, 0, 23, 1, 0, 10, 1, 0, 247, 3, 170]
1542752339374;[171, 0, 17, 255, 161, 74, 234, 101, 109, 0, 0, 23, 1, 0, 10, 1, 0, 247, 3, 170]
1542752339529;[171, 0, 17, 255, 161, 74, 234, 101, 109, 0, 0, 22, 1, 0, 11, 1, 0, 247, 3, 109]
1542752339531;[171, 0, 17, 255, 161, 74, 234, 101, 109, 0, 0, 22, 1, 0, 11, 1, 0, 247, 3, 109]
1542752339702;[171, 0, 17, 255, 161, 74, 234, 101, 110, 0, 0, 24, 1, 0, 11, 1, 0, 247, 3, 32]
1542752339704;[171, 0, 17, 255, 161, 74, 234, 101, 110, 0, 0, 24, 1, 0, 11, 1, 0, 247, 3, 32]
1542752339707;[171, 0, 17, 255, 161, 74, 234, 101, 110, 0, 0, 23, 1, 0, 9, 1, 0, 246, 2, 209]
1542752339709;[171, 0, 17, 255, 161, 74, 234, 101, 110, 0, 0, 23, 1, 0, 9, 1, 0, 246, 2, 209]
1542752339711;[171, 0, 17, 255, 161, 74, 234, 101, 110, 0, 0, 24, 1, 0, 7, 1, 0, 245, 2, 115]
1542752339713;[171, 0, 17, 255, 161, 74, 234, 101, 110, 0, 0, 24, 1, 0, 7, 1, 0, 245, 2, 115]
1542752339875;[171, 0, 17, 255, 161, 74, 234, 101, 110, 0, 0, 22, 1, 0, 8, 1, 0, 246, 2, 115]
1542752339876;[171, 0, 17, 255, 161, 74, 234, 101, 110, 0, 0, 22, 1, 0, 8, 1, 0, 246, 2, 115]
1542752339879;[171, 0, 17, 255, 161, 74, 234, 101, 110, 0, 0, 24, 1, 0, 10, 1, 0, 246, 2, 114]
1542752339880;[171, 0, 17, 255, 161, 74, 234, 101, 110, 0, 0, 24, 1, 0, 10, 1, 0, 246, 2, 114]
1542752340047;[171, 0, 17, 255, 161, 74, 234, 101, 110, 0, 0, 23, 1, 0, 10, 1, 0, 248, 2, 96]
1542752340048;[171, 0, 17, 255, 161, 74, 234, 101, 110, 0, 0, 23, 1, 0, 10, 1, 0, 248, 2, 96]
1542752340050;[171, 0, 17, 255, 161, 74, 234, 101, 110, 0, 0, 24, 1, 0, 9, 1, 0, 247, 2, 50]
1542752340052;[171, 0, 17, 255, 161, 74, 234, 101, 110, 0, 0, 24, 1, 0, 9, 1, 0, 247, 2, 50]
1542752340567;[171, 0, 17, 255, 161, 74, 234, 101, 110, 0, 0, 22, 1, 0, 12, 1, 0, 245, 2, 8]
1542752340569;[171, 0, 17, 255, 161, 74, 234, 101, 110, 0, 0, 22, 1, 0, 12, 1, 0, 245, 2, 8]
1542752340571;[171, 0, 4, 255, 132, 128, 67]
1542752340573;[171, 0, 4, 255, 132, 128, 67]
1542752340578;[171, 0, 17, 255, 161, 74, 234, 101, 110, 0, 0, 24, 1, 0, 11, 1, 0, 246, 1, 213]
1542752340580;[171, 0, 17, 255, 161, 74, 234, 101, 110, 0, 0, 24, 1, 0, 11, 1, 0, 246, 1, 213]
1542752340581;[171, 0, 17, 255, 161, 74, 234, 101, 110, 0, 0, 22, 1, 0, 9, 1, 0, 246, 1, 214]
1542752340583;[171, 0, 17, 255, 161, 74, 234, 101, 110, 0, 0, 22, 1, 0, 9, 1, 0, 246, 1, 214]
1542752340910;[171, 0, 17, 255, 161, 74, 234, 101, 111, 0, 0, 22, 1, 0, 9, 1, 0, 247, 1, 252]
1542752340912;[171, 0, 17, 255, 161, 74, 234, 101, 111, 0, 0, 22, 1, 0, 9, 1, 0, 247, 1, 252]
1542752340916;[171, 0, 17, 255, 161, 74, 234, 101, 111, 0, 0, 26, 1, 0, 11, 1, 0, 245, 1, 248]
1542752340918;[171, 0, 17, 255, 161, 74, 234, 101, 111, 0, 0, 26, 1, 0, 11, 1, 0, 245, 1, 248]
1542752340919;[171, 0, 17, 255, 161, 74, 234, 101, 111, 0, 0, 22, 1, 0, 11, 1, 0, 246, 1, 221]
1542752340921;[171, 0, 17, 255, 161, 74, 234, 101, 111, 0, 0, 22, 1, 0, 11, 1, 0, 246, 1, 221]
1542752340924;[171, 0, 17, 255, 161, 74, 234, 101, 111, 0, 0, 24, 1, 0, 9, 1, 0, 247, 1, 184]
1542752340925;[171, 0, 17, 255, 161, 74, 234, 101, 111, 0, 0, 24, 1, 0, 9, 1, 0, 247, 1, 184]
1542752341082;[171, 0, 17, 255, 161, 74, 234, 101, 111, 0, 0, 24, 1, 0, 10, 1, 0, 248, 1, 135]
1542752341084;[171, 0, 17, 255, 161, 74, 234, 101, 111, 0, 0, 24, 1, 0, 10, 1, 0, 248, 1, 135]
1542752341087;[171, 0, 17, 255, 161, 74, 234, 101, 111, 0, 0, 27, 1, 0, 10, 1, 0, 246, 1, 87]
1542752341088;[171, 0, 17, 255, 161, 74, 234, 101, 111, 0, 0, 27, 1, 0, 10, 1, 0, 246, 1, 87]
1542752341255;[171, 0, 17, 255, 161, 74, 234, 101, 111, 0, 0, 27, 1, 0, 8, 1, 0, 246, 1, 136]
1542752341257;[171, 0, 17, 255, 161, 74, 234, 101, 111, 0, 0, 27, 1, 0, 8, 1, 0, 246, 1, 136]
1542752341259;[171, 0, 17, 255, 161, 74, 234, 101, 111, 0, 0, 24, 1, 0, 11, 1, 0, 246, 1, 178]
1542752341261;[171, 0, 17, 255, 161, 74, 234, 101, 111, 0, 0, 24, 1, 0, 11, 1, 0, 246, 1, 178]
1542752341426;[171, 0, 4, 255, 132, 128, 67]
1542752341429;[171, 0, 4, 255, 132, 128, 67]
1542752341431;[171, 0, 17, 255, 161, 74, 234, 101, 111, 0, 0, 22, 1, 0, 9, 1, 0, 247, 1, 173]
1542752341433;[171, 0, 17, 255, 161, 74, 234, 101, 111, 0, 0, 22, 1, 0, 9, 1, 0, 247, 1, 173]
1542752341773;[171, 0, 17, 255, 161, 74, 234, 101, 111, 0, 0, 23, 1, 0, 10, 1, 0, 246, 1, 161]
1542752341775;[171, 0, 17, 255, 161, 74, 234, 101, 111, 0, 0, 23, 1, 0, 10, 1, 0, 246, 1, 161]
1542752341778;[171, 0, 17, 255, 161, 74, 234, 101, 112, 0, 0, 24, 1, 0, 9, 1, 0, 247, 1, 148]
1542752341779;[171, 0, 17, 255, 161, 74, 234, 101, 112, 0, 0, 24, 1, 0, 9, 1, 0, 247, 1, 148]
1542752341781;[171, 0, 17, 255, 161, 74, 234, 101, 112, 0, 0, 24, 1, 0, 11, 1, 0, 246, 1, 109]
1542752341783;[171, 0, 17, 255, 161, 74, 234, 101, 112, 0, 0, 24, 1, 0, 11, 1, 0, 246, 1, 109]
1542752341944;[171, 0, 17, 255, 161, 74, 234, 101, 112, 0, 0, 25, 1, 0, 8, 1, 0, 247, 1, 88]
1542752341946;[171, 0, 17, 255, 161, 74, 234, 101, 112, 0, 0, 25, 1, 0, 8, 1, 0, 247, 1, 88]
1542752341949;[171, 0, 17, 255, 161, 74, 234, 101, 112, 0, 0, 23, 1, 0, 10, 1, 0, 248, 1, 139]
1542752341951;[171, 0, 17, 255, 161, 74, 234, 101, 112, 0, 0, 23, 1, 0, 10, 1, 0, 248, 1, 139]
1542752342117;[171, 0, 17, 255, 161, 74, 234, 101, 112, 0, 0, 27, 1, 0, 9, 1, 0, 248, 1, 144]
1542752342119;[171, 0, 17, 255, 161, 74, 234, 101, 112, 0, 0, 27, 1, 0, 9, 1, 0, 248, 1, 144]
1542752342122;[171, 0, 17, 255, 161, 74, 234, 101, 112, 0, 0, 24, 1, 0, 9, 1, 0, 246, 1, 125]
1542752342124;[171, 0, 17, 255, 161, 74, 234, 101, 112, 0, 0, 24, 1, 0, 9, 1, 0, 246, 1, 125]
1542752342290;[171, 0, 17, 255, 161, 74, 234, 101, 112, 0, 0, 27, 1, 0, 11, 1, 0, 247, 1, 101]
1542752342295;[171, 0, 17, 255, 161, 74, 234, 101, 112, 0, 0, 27, 1, 0, 11, 1, 0, 247, 1, 101]
1542752342637;[171, 0, 17, 255, 161, 74, 234, 101, 112, 0, 0, 27, 1, 0, 11, 1, 0, 246, 1, 69]
1542752342638;[171, 0, 17, 255, 161, 74, 234, 101, 112, 0, 0, 27, 1, 0, 11, 1, 0, 246, 1, 69]
1542752342641;[171, 0, 4, 255, 132, 128, 68]
1542752342644;[171, 0, 4, 255, 132, 128, 68]
1542752342646;[171, 0, 17, 255, 161, 74, 234, 101, 112, 0, 0, 26, 1, 0, 9, 1, 0, 247, 1, 11]
1542752342648;[171, 0, 17, 255, 161, 74, 234, 101, 112, 0, 0, 26, 1, 0, 9, 1, 0, 247, 1, 11]
1542752342650;[171, 0, 17, 255, 161, 74, 234, 101, 112, 0, 0, 25, 1, 0, 9, 1, 0, 246, 1, 31]
1542752342652;[171, 0, 17, 255, 161, 74, 234, 101, 112, 0, 0, 25, 1, 0, 9, 1, 0, 246, 1, 31]
1542752342808;[171, 0, 17, 255, 161, 74, 234, 101, 113, 0, 0, 27, 1, 0, 11, 1, 0, 247, 1, 72]
1542752342810;[171, 0, 17, 255, 161, 74, 234, 101, 113, 0, 0, 27, 1, 0, 11, 1, 0, 247, 1, 72]
1542752343325;[171, 0, 17, 255, 161, 74, 234, 101, 113, 0, 0, 26, 1, 0, 10, 1, 0, 246, 1, 87]
1542752343326;[171, 0, 17, 255, 161, 74, 234, 101, 113, 0, 0, 26, 1, 0, 10, 1, 0, 246, 1, 87]
1542752343499;[171, 0, 17, 255, 161, 74, 234, 101, 113, 0, 0, 24, 1, 0, 11, 1, 0, 245, 1, 87]
1542752343501;[171, 0, 17, 255, 161, 74, 234, 101, 113, 0, 0, 24, 1, 0, 11, 1, 0, 245, 1, 87]
1542752343504;[171, 0, 17, 255, 161, 74, 234, 101, 113, 0, 0, 25, 1, 0, 11, 1, 0, 247, 1, 72]
1542752343506;[171, 0, 17, 255, 161, 74, 234, 101, 113, 0, 0, 25, 1, 0, 11, 1, 0, 247, 1, 72]
1542752343509;[171, 0, 17, 255, 161, 74, 234, 101, 113, 0, 0, 24, 1, 0, 11, 1, 0, 245, 1, 47]
1542752343511;[171, 0, 17, 255, 161, 74, 234, 101, 113, 0, 0, 24, 1, 0, 11, 1, 0, 245, 1, 47]
1542752343513;[171, 0, 17, 255, 161, 74, 234, 101, 113, 0, 0, 25, 1, 0, 8, 1, 0, 247, 1, 22]
1542752343515;[171, 0, 17, 255, 161, 74, 234, 101, 113, 0, 0, 25, 1, 0, 8, 1, 0, 247, 1, 22]
1542752343690;[171, 0, 17, 255, 161, 74, 234, 101, 113, 0, 0, 24, 1, 0, 13, 1, 0, 246, 1, 71]
1542752343692;[171, 0, 17, 255, 161, 74, 234, 101, 113, 0, 0, 24, 1, 0, 13, 1, 0, 246, 1, 71]
1542752343694;[171, 0, 17, 255, 161, 74, 234, 101, 113, 0, 0, 23, 1, 0, 11, 1, 0, 246, 1, 107]
1542752343696;[171, 0, 17, 255, 161, 74, 234, 101, 113, 0, 0, 23, 1, 0, 11, 1, 0, 246, 1, 107]
1542752343697;[171, 0, 4, 255, 132, 128, 68]
1542752343700;[171, 0, 4, 255, 132, 128, 68]
1542752343842;[171, 0, 17, 255, 161, 74, 234, 101, 113, 0, 0, 23, 1, 0, 10, 1, 0, 246, 1, 108]
1542752343844;[171, 0, 17, 255, 161, 74, 234, 101, 113, 0, 0, 23, 1, 0, 10, 1, 0, 246, 1, 108]
1542752343847;[171, 0, 17, 255, 161, 74, 234, 101, 113, 0, 0, 23, 1, 0, 11, 1, 0, 245, 1, 99]
1542752343849;[171, 0, 17, 255, 161, 74, 234, 101, 113, 0, 0, 23, 1, 0, 11, 1, 0, 245, 1, 99]
1542752343853;[171, 0, 17, 255, 161, 74, 234, 101, 114, 0, 0, 27, 1, 0, 11, 1, 0, 246, 1, 86]
1542752343855;[171, 0, 17, 255, 161, 74, 234, 101, 114, 0, 0, 27, 1, 0, 11, 1, 0, 246, 1, 86]
1542752344014;[171, 0, 17, 255, 161, 74, 234, 101, 114, 0, 0, 24, 1, 0, 10, 1, 0, 246, 1, 38]
1542752344016;[171, 0, 17, 255, 161, 74, 234, 101, 114, 0, 0, 24, 1, 0, 10, 1, 0, 246, 1, 38]
1542752344019;[171, 0, 17, 255, 161, 74, 234, 101, 114, 0, 0, 24, 1, 0, 10, 1, 0, 247, 1, 16]
1542752344021;[171, 0, 17, 255, 161, 74, 234, 101, 114, 0, 0, 24, 1, 0, 10, 1, 0, 247, 1, 16]
1542752344362;[171, 0, 17, 255, 161, 74, 234, 101, 114, 0, 0, 27, 1, 0, 11, 1, 0, 247, 1, 79]
1542752344364;[171, 0, 17, 255, 161, 74, 234, 101, 114, 0, 0, 27, 1, 0, 11, 1, 0, 247, 1, 79]
1542752344366;[171, 0, 17, 255, 161, 74, 234, 101, 114, 0, 0, 18, 1, 0, 9, 1, 0, 251, 1, 134]
1542752344368;[171, 0, 17, 255, 161, 74, 234, 101, 114, 0, 0, 18, 1, 0, 9, 1, 0, 251, 1, 134]
1542752344370;[171, 0, 17, 255, 161, 74, 234, 101, 114, 0, 0, 11, 1, 0, 13, 1, 0, 237, 1, 109]
1542752344371;[171, 0, 17, 255, 161, 74, 234, 101, 114, 0, 0, 11, 1, 0, 13, 1, 0, 237, 1, 109]
1542752344531;[171, 0, 17, 255, 161, 74, 234, 101, 114, 0, 0, 9, 1, 0, 20, 1, 0, 241, 1, 142]
1542752344533;[171, 0, 17, 255, 161, 74, 234, 101, 114, 0, 0, 9, 1, 0, 20, 1, 0, 241, 1, 142]
1542752344536;[171, 0, 17, 255, 161, 74, 234, 101, 114, 0, 0, 37, 1, 0, 24, 1, 0, 247, 1, 216]
1542752344538;[171, 0, 17, 255, 161, 74, 234, 101, 114, 0, 0, 37, 1, 0, 24, 1, 0, 247, 1, 216]
1542752344705;[171, 0, 4, 255, 132, 128, 69]
1542752344707;[171, 0, 4, 255, 132, 128, 69]
1542752344878;[171, 0, 17, 255, 161, 74, 234, 101, 114, 0, 0, 35, 1, 0, 20, 1, 0, 242, 1, 196]
1542752344880;[171, 0, 17, 255, 161, 74, 234, 101, 114, 0, 0, 35, 1, 0, 20, 1, 0, 242, 1, 196]
1542752344882;[171, 0, 17, 255, 161, 74, 234, 101, 114, 0, 0, 1, 1, 0, 26, 1, 0, 254, 1, 124]
1542752344884;[171, 0, 17, 255, 161, 74, 234, 101, 114, 0, 0, 1, 1, 0, 26, 1, 0, 254, 1, 124]
1542752345050;[171, 0, 17, 255, 161, 74, 234, 101, 115, 1, 0, 8, 1, 0, 26, 1, 0, 242, 1, 120]
1542752345052;[171, 0, 17, 255, 161, 74, 234, 101, 115, 1, 0, 8, 1, 0, 26, 1, 0, 242, 1, 120]
1542752345054;[171, 0, 17, 255, 161, 74, 234, 101, 115, 0, 0, 1, 1, 0, 24, 1, 0, 246, 2, 66]
1542752345056;[171, 0, 17, 255, 161, 74, 234, 101, 115, 0, 0, 1, 1, 0, 24, 1, 0, 246, 2, 66]
1542752345396;[171, 0, 17, 255, 161, 74, 234, 101, 115, 0, 0, 6, 1, 0, 23, 1, 0, 247, 3, 3]
1542752345398;[171, 0, 17, 255, 161, 74, 234, 101, 115, 0, 0, 6, 1, 0, 23, 1, 0, 247, 3, 3]
1542752345400;[171, 0, 17, 255, 161, 74, 234, 101, 115, 0, 0, 3, 1, 0, 23, 1, 0, 246, 3, 147]
1542752345402;[171, 0, 17, 255, 161, 74, 234, 101, 115, 0, 0, 3, 1, 0, 23, 1, 0, 246, 3, 147]
1542752345404;[171, 0, 17, 255, 161, 74, 234, 101, 115, 0, 0, 2, 1, 0, 24, 1, 0, 247, 4, 0]
1542752345406;[171, 0, 17, 255, 161, 74, 234, 101, 115, 0, 0, 2, 1, 0, 24, 1, 0, 247, 4, 0]
1542752345743;[171, 0, 17, 255, 161, 74, 234, 101, 115, 0, 0, 5, 1, 0, 25, 1, 0, 245, 4, 104]
1542752345745;[171, 0, 17, 255, 161, 74, 234, 101, 115, 0, 0, 5, 1, 0, 25, 1, 0, 245, 4, 104]
1542752345747;[171, 0, 17, 255, 161, 74, 234, 101, 115, 0, 0, 3, 1, 0, 23, 1, 0, 246, 4, 183]
1542752345748;[171, 0, 17, 255, 161, 74, 234, 101, 115, 0, 0, 3, 1, 0, 23, 1, 0, 246, 4, 183]
1542752345752;[171, 0, 17, 255, 161, 74, 234, 101, 115, 0, 0, 3, 1, 0, 22, 1, 0, 245, 4, 183]
1542752345754;[171, 0, 17, 255, 161, 74, 234, 101, 115, 0, 0, 3, 1, 0, 22, 1, 0, 245, 4, 183]
1542752345757;[171, 0, 4, 255, 132, 128, 71]
1542752345759;[171, 0, 4, 255, 132, 128, 71]
1542752345911;[171, 0, 17, 255, 161, 74, 234, 101, 115, 0, 0, 3, 1, 0, 23, 1, 0, 246, 5, 203]
1542752345913;[171, 0, 17, 255, 161, 74, 234, 101, 115, 0, 0, 3, 1, 0, 23, 1, 0, 246, 5, 203]
1542752346085;[171, 0, 17, 255, 161, 74, 234, 101, 115, 0, 0, 6, 1, 0, 21, 1, 0, 246, 6, 199]
1542752346086;[171, 0, 17, 255, 161, 74, 234, 101, 115, 0, 0, 6, 1, 0, 21, 1, 0, 246, 6, 199]
1542752346089;[171, 0, 17, 255, 161, 74, 234, 101, 116, 0, 0, 5, 1, 0, 23, 1, 0, 246, 7, 109]
1542752346090;[171, 0, 17, 255, 161, 74, 234, 101, 116, 0, 0, 5, 1, 0, 23, 1, 0, 246, 7, 109]
1542752346259;[171, 0, 17, 255, 161, 74, 234, 101, 116, 0, 0, 5, 1, 0, 25, 1, 0, 246, 7, 232]
1542752346261;[171, 0, 17, 255, 161, 74, 234, 101, 116, 0, 0, 5, 1, 0, 25, 1, 0, 246, 7, 232]
1542752346264;[171, 0, 17, 255, 161, 74, 234, 101, 116, 0, 0, 3, 1, 0, 21, 1, 0, 247, 8, 63]
1542752346266;[171, 0, 17, 255, 161, 74, 234, 101, 116, 0, 0, 3, 1, 0, 21, 1, 0, 247, 8, 63]
1542752346430;[171, 0, 17, 255, 161, 74, 234, 101, 116, 0, 0, 4, 1, 0, 23, 1, 0, 244, 8, 110]
1542752346432;[171, 0, 17, 255, 161, 74, 234, 101, 116, 0, 0, 4, 1, 0, 23, 1, 0, 244, 8, 110]
1542752346435;[171, 0, 17, 255, 161, 74, 234, 101, 116, 0, 0, 5, 1, 0, 25, 1, 0, 245, 8, 152]
1542752346437;[171, 0, 17, 255, 161, 74, 234, 101, 116, 0, 0, 5, 1, 0, 25, 1, 0, 245, 8, 152]
1542752346601;[171, 0, 17, 255, 161, 74, 234, 101, 116, 0, 0, 3, 1, 0, 23, 1, 0, 246, 9, 153]
1542752346603;[171, 0, 17, 255, 161, 74, 234, 101, 116, 0, 0, 3, 1, 0, 23, 1, 0, 246, 9, 153]
1542752346947;[171, 0, 17, 255, 161, 74, 234, 101, 116, 0, 0, 5, 1, 0, 22, 1, 0, 247, 10, 87]
1542752346949;[171, 0, 17, 255, 161, 74, 234, 101, 116, 0, 0, 5, 1, 0, 22, 1, 0, 247, 10, 87]
1542752346952;[171, 0, 17, 255, 161, 74, 234, 101, 116, 0, 0, 3, 1, 0, 24, 1, 0, 245, 10, 191]
1542752346953;[171, 0, 17, 255, 161, 74, 234, 101, 116, 0, 0, 3, 1, 0, 24, 1, 0, 245, 10, 191]
1542752347123;[171, 0, 4, 255, 132, 128, 72]
1542752347126;[171, 0, 4, 255, 132, 128, 72]
1542752347128;[171, 0, 17, 255, 161, 74, 234, 101, 116, 0, 0, 1, 1, 0, 24, 1, 0, 246, 10, 239]
1542752347130;[171, 0, 17, 255, 161, 74, 234, 101, 116, 0, 0, 1, 1, 0, 24, 1, 0, 246, 10, 239]
1542752347132;[171, 0, 17, 255, 161, 74, 234, 101, 116, 0, 0, 5, 1, 0, 23, 1, 0, 246, 11, 0]
1542752347134;[171, 0, 17, 255, 161, 74, 234, 101, 116, 0, 0, 5, 1, 0, 23, 1, 0, 246, 11, 0]
1542752347136;[171, 0, 17, 255, 161, 74, 234, 101, 117, 0, 0, 3, 1, 0, 24, 1, 0, 247, 10, 240]
1542752347138;[171, 0, 17, 255, 161, 74, 234, 101, 117, 0, 0, 3, 1, 0, 24, 1, 0, 247, 10, 240]
1542752347292;[171, 0, 17, 255, 161, 74, 234, 101, 117, 0, 0, 5, 1, 0, 22, 1, 0, 246, 10, 209]
1542752347294;[171, 0, 17, 255, 161, 74, 234, 101, 117, 0, 0, 5, 1, 0, 22, 1, 0, 246, 10, 209]
1542752347466;[171, 0, 17, 255, 161, 74, 234, 101, 117, 0, 0, 3, 1, 0, 23, 1, 0, 246, 10, 150]
1542752347467;[171, 0, 17, 255, 161, 74, 234, 101, 117, 0, 0, 3, 1, 0, 23, 1, 0, 246, 10, 150]
1542752347470;[171, 0, 17, 255, 161, 74, 234, 101, 117, 0, 0, 4, 1, 0, 23, 1, 0, 246, 11, 28]
1542752347472;[171, 0, 17, 255, 161, 74, 234, 101, 117, 0, 0, 4, 1, 0, 23, 1, 0, 246, 11, 28]
1542752347638;[171, 0, 17, 255, 161, 74, 234, 101, 117, 0, 0, 4, 1, 0, 23, 1, 0, 245, 11, 164]
1542752347640;[171, 0, 17, 255, 161, 74, 234, 101, 117, 0, 0, 4, 1, 0, 23, 1, 0, 245, 11, 164]
1542752347642;[171, 0, 17, 255, 161, 74, 234, 101, 117, 0, 0, 6, 1, 0, 24, 1, 0, 247, 11, 212]
1542752347644;[171, 0, 17, 255, 161, 74, 234, 101, 117, 0, 0, 6, 1, 0, 24, 1, 0, 247, 11, 212]
1542752347810;[171, 0, 17, 255, 161, 74, 234, 101, 117, 0, 0, 3, 1, 0, 25, 1, 0, 246, 11, 219]
1542752347812;[171, 0, 17, 255, 161, 74, 234, 101, 117, 0, 0, 3, 1, 0, 25, 1, 0, 246, 11, 219]
1542752348335;[171, 0, 17, 255, 161, 74, 234, 101, 117, 0, 0, 4, 1, 0, 23, 1, 0, 246, 11, 196]
1542752348337;[171, 0, 17, 255, 161, 74, 234, 101, 117, 0, 0, 4, 1, 0, 23, 1, 0, 246, 11, 196]
1542752348338;[171, 0, 4, 255, 132, 128, 74]
1542752348339;[171, 0, 4, 255, 132, 128, 74]
1542752348342;[171, 0, 17, 255, 161, 74, 234, 101, 117, 0, 0, 5, 1, 0, 23, 1, 0, 245, 11, 152]
1542752348344;[171, 0, 17, 255, 161, 74, 234, 101, 117, 0, 0, 5, 1, 0, 23, 1, 0, 245, 11, 152]
1542752348347;[171, 0, 17, 255, 161, 74, 234, 101, 117, 0, 0, 4, 1, 0, 24, 1, 0, 246, 11, 91]
1542752348348;[171, 0, 17, 255, 161, 74, 234, 101, 117, 0, 0, 4, 1, 0, 24, 1, 0, 246, 11, 91]
1542752348496;[171, 0, 17, 255, 161, 74, 234, 101, 118, 0, 0, 5, 1, 0, 24, 1, 0, 246, 11, 31]
1542752348497;[171, 0, 17, 255, 161, 74, 234, 101, 118, 0, 0, 5, 1, 0, 24, 1, 0, 246, 11, 31]
1542752348498;[171, 0, 17, 255, 161, 74, 234, 101, 118, 0, 0, 3, 1, 0, 24, 1, 0, 245, 11, 144]
1542752348499;[171, 0, 17, 255, 161, 74, 234, 101, 118, 0, 0, 3, 1, 0, 24, 1, 0, 245, 11, 144]
1542752348501;[171, 0, 17, 255, 161, 74, 234, 101, 118, 0, 0, 3, 1, 0, 23, 1, 0, 246, 11, 218]
1542752348502;[171, 0, 17, 255, 161, 74, 234, 101, 118, 0, 0, 3, 1, 0, 23, 1, 0, 246, 11, 218]
1542752348671;[171, 0, 17, 255, 161, 74, 234, 101, 118, 0, 0, 3, 1, 0, 25, 1, 0, 246, 11, 211]
1542752348673;[171, 0, 17, 255, 161, 74, 234, 101, 118, 0, 0, 3, 1, 0, 25, 1, 0, 246, 11, 211]
1542752348676;[171, 0, 17, 255, 161, 74, 234, 101, 118, 0, 0, 2, 1, 0, 23, 1, 0, 246, 11, 175]
1542752348677;[171, 0, 17, 255, 161, 74, 234, 101, 118, 0, 0, 2, 1, 0, 23, 1, 0, 246, 11, 175]
1542752348845;[171, 0, 17, 255, 161, 74, 234, 101, 118, 0, 0, 3, 1, 0, 21, 1, 0, 247, 11, 128]
1542752348846;[171, 0, 17, 255, 161, 74, 234, 101, 118, 0, 0, 3, 1, 0, 21, 1, 0, 247, 11, 128]
1542752348849;[171, 0, 17, 255, 161, 74, 234, 101, 118, 0, 0, 3, 1, 0, 24, 1, 0, 245, 11, 62]
1542752348851;[171, 0, 17, 255, 161, 74, 234, 101, 118, 0, 0, 3, 1, 0, 24, 1, 0, 245, 11, 62]
1542752349017;[171, 0, 17, 255, 161, 74, 234, 101, 118, 0, 0, 4, 1, 0, 23, 1, 0, 246, 10, 226]
1542752349019;[171, 0, 17, 255, 161, 74, 234, 101, 118, 0, 0, 4, 1, 0, 23, 1, 0, 246, 10, 226]
1542752349021;[171, 0, 4, 255, 132, 128, 75]
1542752349023;[171, 0, 4, 255, 132, 128, 75]
1542752349189;[171, 0, 17, 255, 161, 74, 234, 101, 118, 0, 0, 5, 1, 0, 22, 1, 0, 247, 10, 142]
1542752349191;[171, 0, 17, 255, 161, 74, 234, 101, 118, 0, 0, 5, 1, 0, 22, 1, 0, 247, 10, 142]
1542752349536;[171, 0, 17, 255, 161, 74, 234, 101, 118, 0, 0, 0, 1, 0, 23, 1, 0, 245, 10, 40]
1542752349538;[171, 0, 17, 255, 161, 74, 234, 101, 118, 0, 0, 0, 1, 0, 23, 1, 0, 245, 10, 40]
1542752349543;[171, 0, 17, 255, 161, 74, 234, 101, 119, 0, 0, 6, 1, 0, 23, 1, 0, 245, 9, 204]
1542752349548;[171, 0, 17, 255, 161, 74, 234, 101, 119, 0, 0, 6, 1, 0, 23, 1, 0, 245, 9, 204]
1542752349550;[171, 0, 17, 255, 161, 74, 234, 101, 119, 0, 0, 5, 1, 0, 23, 1, 0, 247, 9, 134]
1542752349551;[171, 0, 17, 255, 161, 74, 234, 101, 119, 0, 0, 5, 1, 0, 23, 1, 0, 247, 9, 134]
1542752349553;[171, 0, 17, 255, 161, 74, 234, 101, 119, 0, 0, 5, 1, 0, 25, 1, 0, 246, 9, 190]
1542752349555;[171, 0, 17, 255, 161, 74, 234, 101, 119, 0, 0, 5, 1, 0, 25, 1, 0, 246, 9, 190]
1542752349706;[171, 0, 17, 255, 161, 74, 234, 101, 119, 0, 0, 3, 1, 0, 25, 1, 0, 247, 9, 198]
1542752349708;[171, 0, 17, 255, 161, 74, 234, 101, 119, 0, 0, 3, 1, 0, 25, 1, 0, 247, 9, 198]
1542752349879;[171, 0, 17, 255, 161, 74, 234, 101, 119, 0, 0, 5, 1, 0, 26, 1, 0, 246, 9, 165]
1542752349882;[171, 0, 17, 255, 161, 74, 234, 101, 119, 0, 0, 5, 1, 0, 26, 1, 0, 246, 9, 165]
1542752349884;[171, 0, 17, 255, 161, 74, 234, 101, 119, 0, 0, 6, 1, 0, 23, 1, 0, 246, 9, 119]
1542752349886;[171, 0, 17, 255, 161, 74, 234, 101, 119, 0, 0, 6, 1, 0, 23, 1, 0, 246, 9, 119]
1542752350227;[171, 0, 17, 255, 161, 74, 234, 101, 119, 0, 0, 4, 1, 0, 23, 1, 0, 245, 9, 57]
1542752350229;[171, 0, 17, 255, 161, 74, 234, 101, 119, 0, 0, 4, 1, 0, 23, 1, 0, 245, 9, 57]
1542752350231;[171, 0, 17, 255, 161, 74, 234, 101, 119, 0, 0, 3, 1, 0, 23, 1, 0, 244, 8, 236]
1542752350233;[171, 0, 17, 255, 161, 74, 234, 101, 119, 0, 0, 3, 1, 0, 23, 1, 0, 244, 8, 236]
1542752350235;[171, 0, 4, 255, 132, 128, 76]
1542752350238;[171, 0, 4, 255, 132, 128, 76]
1542752350240;[171, 0, 17, 255, 161, 74, 234, 101, 119, 0, 0, 2, 1, 0, 24, 1, 0, 245, 8, 150]
1542752350242;[171, 0, 17, 255, 161, 74, 234, 101, 119, 0, 0, 2, 1, 0, 24, 1, 0, 245, 8, 150]
1542752350397;[171, 0, 17, 255, 161, 74, 234, 101, 119, 0, 0, 4, 1, 0, 23, 1, 0, 246, 8, 58]
1542752350399;[171, 0, 17, 255, 161, 74, 234, 101, 119, 0, 0, 4, 1, 0, 23, 1, 0, 246, 8, 58]
1542752350744;[171, 0, 17, 255, 161, 74, 234, 101, 120, 0, 0, 3, 1, 0, 22, 1, 0, 246, 7, 220]
1542752350745;[171, 0, 17, 255, 161, 74, 234, 101, 120, 0, 0, 3, 1, 0, 22, 1, 0, 246, 7, 220]
1542752350748;[171, 0, 17, 255, 161, 74, 234, 101, 120, 0, 0, 3, 1, 0, 23, 1, 0, 246, 7, 129]
1542752350749;[171, 0, 17, 255, 161, 74, 234, 101, 120, 0, 0, 3, 1, 0, 23, 1, 0, 246, 7, 129]
1542752350752;[171, 0, 17, 255, 161, 74, 234, 101, 120, 0, 0, 3, 1, 0, 25, 1, 0, 245, 7, 116]
1542752350754;[171, 0, 17, 255, 161, 74, 234, 101, 120, 0, 0, 3, 1, 0, 25, 1, 0, 245, 7, 116]
1542752350757;[171, 0, 17, 255, 161, 74, 234, 101, 120, 0, 0, 6, 1, 0, 23, 1, 0, 247, 7, 126]
1542752350758;[171, 0, 17, 255, 161, 74, 234, 101, 120, 0, 0, 6, 1, 0, 23, 1, 0, 247, 7, 126]
1542752351087;[171, 0, 17, 255, 161, 74, 234, 101, 120, 0, 0, 6, 1, 0, 23, 1, 0, 245, 7, 108]
1542752351089;[171, 0, 17, 255, 161, 74, 234, 101, 120, 0, 0, 6, 1, 0, 23, 1, 0, 245, 7, 108]
1542752351091;[171, 0, 17, 255, 161, 74, 234, 101, 120, 0, 0, 1, 1, 0, 22, 1, 0, 245, 7, 59]
1542752351093;[171, 0, 17, 255, 161, 74, 234, 101, 120, 0, 0, 1, 1, 0, 22, 1, 0, 245, 7, 59]
1542752351096;[171, 0, 17, 255, 161, 74, 234, 101, 120, 0, 0, 3, 1, 0, 23, 1, 0, 246, 7, 23]
1542752351098;[171, 0, 17, 255, 161, 74, 234, 101, 120, 0, 0, 3, 1, 0, 23, 1, 0, 246, 7, 23]
1542752351261;[171, 0, 17, 255, 161, 74, 234, 101, 120, 0, 0, 3, 1, 0, 21, 1, 0, 247, 6, 216]
1542752351267;[171, 0, 17, 255, 161, 74, 234, 101, 120, 0, 0, 3, 1, 0, 21, 1, 0, 247, 6, 216]
1542752351268;[171, 0, 4, 255, 132, 128, 76]
1542752351271;[171, 0, 4, 255, 132, 128, 76]
1542752351432;[171, 0, 17, 255, 161, 74, 234, 101, 120, 0, 0, 6, 1, 0, 23, 1, 0, 243, 6, 146]
1542752351434;[171, 0, 17, 255, 161, 74, 234, 101, 120, 0, 0, 6, 1, 0, 23, 1, 0, 243, 6, 146]
1542752351436;[171, 0, 17, 255, 161, 74, 234, 101, 120, 0, 0, 6, 1, 0, 25, 1, 0, 246, 6, 61]
1542752351438;[171, 0, 17, 255, 161, 74, 234, 101, 120, 0, 0, 6, 1, 0, 25, 1, 0, 246, 6, 61]
1542752351779;[171, 0, 17, 255, 161, 74, 234, 101, 121, 0, 0, 5, 1, 0, 24, 1, 0, 246, 5, 247]
1542752351781;[171, 0, 17, 255, 161, 74, 234, 101, 121, 0, 0, 5, 1, 0, 24, 1, 0, 246, 5, 247]
1542752351783;[171, 0, 17, 255, 161, 74, 234, 101, 121, 0, 0, 4, 1, 0, 25, 1, 0, 247, 5, 163]
1542752351786;[171, 0, 17, 255, 161, 74, 234, 101, 121, 0, 0, 4, 1, 0, 25, 1, 0, 247, 5, 163]
1542752351788;[171, 0, 17, 255, 161, 74, 234, 101, 121, 0, 0, 5, 1, 0, 24, 1, 0, 244, 5, 126]
1542752351790;[171, 0, 17, 255, 161, 74, 234, 101, 121, 0, 0, 5, 1, 0, 24, 1, 0, 244, 5, 126]
1542752352131;[171, 0, 17, 255, 161, 74, 234, 101, 121, 0, 0, 4, 1, 0, 22, 1, 0, 246, 5, 164]
1542752352133;[171, 0, 17, 255, 161, 74, 234, 101, 121, 0, 0, 4, 1, 0, 22, 1, 0, 246, 5, 164]
1542752352135;[171, 0, 17, 255, 161, 74, 234, 101, 121, 0, 0, 5, 1, 0, 23, 1, 0, 246, 5, 177]
1542752352137;[171, 0, 17, 255, 161, 74, 234, 101, 121, 0, 0, 5, 1, 0, 23, 1, 0, 246, 5, 177]
1542752352139;[171, 0, 17, 255, 161, 74, 234, 101, 121, 0, 0, 4, 1, 0, 26, 1, 0, 246, 5, 162]
1542752352141;[171, 0, 17, 255, 161, 74, 234, 101, 121, 0, 0, 4, 1, 0, 26, 1, 0, 246, 5, 162]
1542752352142;[171, 0, 17, 255, 161, 74, 234, 101, 121, 0, 0, 5, 1, 0, 23, 1, 0, 247, 5, 139]
1542752352144;[171, 0, 17, 255, 161, 74, 234, 101, 121, 0, 0, 5, 1, 0, 23, 1, 0, 247, 5, 139]
1542752352467;[171, 0, 17, 255, 161, 74, 234, 101, 123, 0, 0, 4, 1, 0, 21, 1, 0, 245, 5, 155]
1542752352470;[171, 0, 17, 255, 161, 74, 234, 101, 123, 0, 0, 4, 1, 0, 21, 1, 0, 245, 5, 155]
1542752352472;[171, 0, 17, 255, 161, 74, 234, 101, 123, 0, 0, 3, 1, 0, 23, 1, 0, 246, 5, 109]
1542752352473;[171, 0, 17, 255, 161, 74, 234, 101, 123, 0, 0, 3, 1, 0, 23, 1, 0, 246, 5, 109]
1542752352639;[171, 0, 17, 255, 161, 74, 234, 101, 128, 0, 0, 3, 1, 0, 23, 1, 0, 247, 5, 199]
1542752352642;[171, 0, 17, 255, 161, 74, 234, 101, 128, 0, 0, 3, 1, 0, 23, 1, 0, 247, 5, 199]
1542752352644;[171, 0, 17, 255, 161, 74, 234, 101, 128, 0, 0, 4, 1, 0, 23, 1, 0, 246, 6, 145]
1542752352646;[171, 0, 17, 255, 161, 74, 234, 101, 128, 0, 0, 4, 1, 0, 23, 1, 0, 246, 6, 145]
1542752352813;[171, 0, 17, 255, 161, 74, 234, 101, 128, 0, 0, 2, 1, 0, 22, 1, 0, 246, 6, 251]
1542752352815;[171, 0, 17, 255, 161, 74, 234, 101, 128, 0, 0, 2, 1, 0, 22, 1, 0, 246, 6, 251]
1542752352984;[171, 0, 17, 255, 161, 74, 234, 101, 128, 0, 0, 2, 1, 0, 24, 1, 0, 245, 7, 39]
1542752352986;[171, 0, 17, 255, 161, 74, 234, 101, 128, 0, 0, 2, 1, 0, 24, 1, 0, 245, 7, 39]
1542752352988;[171, 0, 17, 255, 161, 74, 234, 101, 128, 0, 0, 3, 1, 0, 23, 1, 0, 246, 7, 57]
1542752352990;[171, 0, 17, 255, 161, 74, 234, 101, 128, 0, 0, 3, 1, 0, 23, 1, 0, 246, 7, 57]
1542752353330;[171, 0, 17, 255, 161, 74, 234, 101, 128, 0, 0, 3, 1, 0, 24, 1, 0, 246, 7, 56]
1542752353331;[171, 0, 17, 255, 161, 74, 234, 101, 128, 0, 0, 3, 1, 0, 24, 1, 0, 246, 7, 56]
1542752353334;[171, 0, 17, 255, 161, 74, 234, 101, 128, 0, 0, 5, 1, 0, 24, 1, 0, 246, 7, 36]
1542752353336;[171, 0, 17, 255, 161, 74, 234, 101, 128, 0, 0, 5, 1, 0, 24, 1, 0, 246, 7, 36]
1542752353339;[171, 0, 17, 255, 161, 74, 234, 101, 128, 0, 0, 3, 1, 0, 23, 1, 0, 246, 6, 247]
1542752353341;[171, 0, 17, 255, 161, 74, 234, 101, 128, 0, 0, 3, 1, 0, 23, 1, 0, 246, 6, 247]
1542752353343;[171, 0, 4, 255, 132, 128, 74]
1542752353345;[171, 0, 4, 255, 132, 128, 74]
1542752353502;[171, 0, 17, 255, 161, 74, 234, 101, 128, 0, 0, 5, 1, 0, 24, 1, 0, 246, 6, 194]
1542752353503;[171, 0, 17, 255, 161, 74, 234, 101, 128, 0, 0, 5, 1, 0, 24, 1, 0, 246, 6, 194]
1542752353674;[171, 0, 17, 255, 161, 74, 234, 101, 128, 0, 0, 5, 1, 0, 21, 1, 0, 248, 6, 206]
1542752353676;[171, 0, 17, 255, 161, 74, 234, 101, 128, 0, 0, 5, 1, 0, 21, 1, 0, 248, 6, 206]
1542752353679;[171, 0, 17, 255, 161, 74, 234, 101, 129, 0, 0, 5, 1, 0, 23, 1, 0, 245, 7, 155]
1542752353681;[171, 0, 17, 255, 161, 74, 234, 101, 129, 0, 0, 5, 1, 0, 23, 1, 0, 245, 7, 155]
1542752353848;[171, 0, 17, 255, 161, 74, 234, 101, 129, 0, 0, 3, 1, 0, 22, 1, 0, 244, 8, 10]
1542752353850;[171, 0, 17, 255, 161, 74, 234, 101, 129, 0, 0, 3, 1, 0, 22, 1, 0, 244, 8, 10]
1542752353853;[171, 0, 17, 255, 161, 74, 234, 101, 129, 0, 0, 5, 1, 0, 23, 1, 0, 244, 8, 42]
1542752353855;[171, 0, 17, 255, 161, 74, 234, 101, 129, 0, 0, 5, 1, 0, 23, 1, 0, 244, 8, 42]
1542752354020;[171, 0, 17, 255, 161, 74, 234, 101, 129, 0, 0, 6, 1, 0, 23, 1, 0, 246, 8, 51]
1542752354022;[171, 0, 17, 255, 161, 74, 234, 101, 129, 0, 0, 6, 1, 0, 23, 1, 0, 246, 8, 51]
1542752354025;[171, 0, 17, 255, 161, 74, 234, 101, 129, 0, 0, 1, 1, 0, 24, 1, 0, 246, 8, 37]
1542752354026;[171, 0, 17, 255, 161, 74, 234, 101, 129, 0, 0, 1, 1, 0, 24, 1, 0, 246, 8, 37]
1542752354191;[171, 0, 17, 255, 161, 74, 234, 101, 129, 0, 0, 4, 1, 0, 24, 1, 0, 246, 8, 0]
1542752354193;[171, 0, 17, 255, 161, 74, 234, 101, 129, 0, 0, 4, 1, 0, 24, 1, 0, 246, 8, 0]
1542752354712;[171, 0, 17, 255, 161, 74, 234, 101, 129, 0, 0, 5, 1, 0, 23, 1, 0, 246, 7, 209]
1542752354716;[171, 0, 17, 255, 161, 74, 234, 101, 129, 0, 0, 5, 1, 0, 23, 1, 0, 246, 7, 209]
1542752354718;[171, 0, 17, 255, 161, 74, 234, 101, 129, 0, 0, 5, 1, 0, 24, 1, 0, 244, 7, 143]
1542752354720;[171, 0, 17, 255, 161, 74, 234, 101, 129, 0, 0, 5, 1, 0, 24, 1, 0, 244, 7, 143]
1542752354722;[171, 0, 4, 255, 132, 128, 73]
1542752354724;[171, 0, 4, 255, 132, 128, 73]
1542752354727;[171, 0, 17, 255, 161, 74, 234, 101, 129, 0, 0, 4, 1, 0, 23, 1, 0, 246, 7, 139]
1542752354729;[171, 0, 17, 255, 161, 74, 234, 101, 129, 0, 0, 4, 1, 0, 23, 1, 0, 246, 7, 139]
1542752354882;[171, 0, 17, 255, 161, 74, 234, 101, 129, 0, 0, 4, 1, 0, 23, 1, 0, 247, 8, 51]
1542752354885;[171, 0, 17, 255, 161, 74, 234, 101, 129, 0, 0, 4, 1, 0, 23, 1, 0, 247, 8, 51]
1542752354887;[171, 0, 17, 255, 161, 74, 234, 101, 130, 0, 0, 2, 1, 0, 24, 1, 0, 247, 8, 127]
1542752354889;[171, 0, 17, 255, 161, 74, 234, 101, 130, 0, 0, 2, 1, 0, 24, 1, 0, 247, 8, 127]
1542752354891;[171, 0, 17, 255, 161, 74, 234, 101, 130, 0, 0, 4, 1, 0, 24, 1, 0, 247, 8, 139]
1542752354893;[171, 0, 17, 255, 161, 74, 234, 101, 130, 0, 0, 4, 1, 0, 24, 1, 0, 247, 8, 139]
1542752355055;[171, 0, 17, 255, 161, 74, 234, 101, 130, 0, 0, 5, 1, 0, 24, 1, 0, 246, 8, 119]
1542752355057;[171, 0, 17, 255, 161, 74, 234, 101, 130, 0, 0, 5, 1, 0, 24, 1, 0, 246, 8, 119]
1542752355059;[171, 0, 17, 255, 161, 74, 234, 101, 130, 0, 0, 5, 1, 0, 26, 1, 0, 247, 8, 88]
1542752355061;[171, 0, 17, 255, 161, 74, 234, 101, 130, 0, 0, 5, 1, 0, 26, 1, 0, 247, 8, 88]
1542752355227;[171, 0, 17, 255, 161, 74, 234, 101, 130, 0, 0, 4, 1, 0, 25, 1, 0, 245, 8, 42]
1542752355229;[171, 0, 17, 255, 161, 74, 234, 101, 130, 0, 0, 4, 1, 0, 25, 1, 0, 245, 8, 42]
1542752355235;[171, 0, 17, 255, 161, 74, 234, 101, 130, 0, 0, 2, 1, 0, 23, 1, 0, 246, 7, 229]
1542752355237;[171, 0, 17, 255, 161, 74, 234, 101, 130, 0, 0, 2, 1, 0, 23, 1, 0, 246, 7, 229]
1542752355399;[171, 0, 17, 255, 161, 74, 234, 101, 130, 0, 0, 4, 1, 0, 24, 1, 0, 245, 7, 158]
1542752355401;[171, 0, 17, 255, 161, 74, 234, 101, 130, 0, 0, 4, 1, 0, 24, 1, 0, 245, 7, 158]
1542752355573;[171, 0, 17, 255, 161, 74, 234, 101, 130, 0, 0, 5, 1, 0, 25, 1, 0, 245, 7, 234]
1542752355575;[171, 0, 17, 255, 161, 74, 234, 101, 130, 0, 0, 5, 1, 0, 25, 1, 0, 245, 7, 234]
1542752355576;[171, 0, 4, 255, 132, 128, 72]
1542752355579;[171, 0, 4, 255, 132, 128, 72]
1542752355920;[171, 0, 17, 255, 161, 74, 234, 101, 130, 0, 0, 4, 1, 0, 23, 1, 0, 246, 8, 70]
1542752355922;[171, 0, 17, 255, 161, 74, 234, 101, 130, 0, 0, 4, 1, 0, 23, 1, 0, 246, 8, 70]
1542752355924;[171, 0, 17, 255, 161, 74, 234, 101, 130, 0, 0, 5, 1, 0, 23, 1, 0, 246, 8, 73]
1542752355926;[171, 0, 17, 255, 161, 74, 234, 101, 130, 0, 0, 5, 1, 0, 23, 1, 0, 246, 8, 73]
1542752355929;[171, 0, 17, 255, 161, 74, 234, 101, 131, 0, 0, 5, 1, 0, 21, 1, 0, 247, 8, 49]
1542752355931;[171, 0, 17, 255, 161, 74, 234, 101, 131, 0, 0, 5, 1, 0, 21, 1, 0, 247, 8, 49]
1542752355933;[171, 0, 17, 255, 161, 74, 234, 101, 131, 0, 0, 4, 1, 0, 25, 1, 0, 245, 8, 11]
1542752355935;[171, 0, 17, 255, 161, 74, 234, 101, 131, 0, 0, 4, 1, 0, 25, 1, 0, 245, 8, 11]
1542752356089;[171, 0, 17, 255, 161, 74, 234, 101, 131, 0, 0, 3, 1, 0, 23, 1, 0, 245, 7, 210]
1542752356091;[171, 0, 17, 255, 161, 74, 234, 101, 131, 0, 0, 3, 1, 0, 23, 1, 0, 245, 7, 210]
1542752356262;[171, 0, 17, 255, 161, 74, 234, 101, 131, 0, 0, 3, 1, 0, 26, 1, 0, 246, 7, 150]
1542752356265;[171, 0, 17, 255, 161, 74, 234, 101, 131, 0, 0, 3, 1, 0, 26, 1, 0, 246, 7, 150]
1542752356270;[171, 0, 17, 255, 161, 74, 234, 101, 131, 0, 0, 2, 1, 0, 23, 1, 0, 247, 7, 91]
1542752356275;[171, 0, 17, 255, 161, 74, 234, 101, 131, 0, 0, 2, 1, 0, 23, 1, 0, 247, 7, 91]
1542752356435;[171, 0, 17, 255, 161, 74, 234, 101, 131, 0, 0, 4, 1, 0, 25, 1, 0, 246, 7, 189]
1542752356437;[171, 0, 17, 255, 161, 74, 234, 101, 131, 0, 0, 4, 1, 0, 25, 1, 0, 246, 7, 189]
1542752356439;[171, 0, 17, 255, 161, 74, 234, 101, 131, 0, 0, 6, 1, 0, 23, 1, 0, 246, 7, 248]
1542752356440;[171, 0, 17, 255, 161, 74, 234, 101, 131, 0, 0, 6, 1, 0, 23, 1, 0, 246, 7, 248]
1542752356606;[171, 0, 17, 255, 161, 74, 234, 101, 131, 0, 0, 4, 1, 0, 24, 1, 0, 246, 7, 235]
1542752356608;[171, 0, 17, 255, 161, 74, 234, 101, 131, 0, 0, 4, 1, 0, 24, 1, 0, 246, 7, 235]
1542752356780;[171, 0, 4, 255, 132, 128, 71]
1542752356783;[171, 0, 4, 255, 132, 128, 71]
1542752356785;[171, 0, 17, 255, 161, 74, 234, 101, 131, 0, 0, 5, 1, 0, 25, 1, 0, 246, 7, 204]
1542752356787;[171, 0, 17, 255, 161, 74, 234, 101, 131, 0, 0, 5, 1, 0, 25, 1, 0, 246, 7, 204]
1542752357127;[171, 0, 17, 255, 161, 74, 234, 101, 131, 0, 0, 5, 1, 0, 23, 1, 0, 248, 7, 164]
1542752357132;[171, 0, 17, 255, 161, 74, 234, 101, 131, 0, 0, 5, 1, 0, 23, 1, 0, 248, 7, 164]
1542752357138;[171, 0, 17, 255, 161, 74, 234, 101, 132, 0, 0, 6, 1, 0, 25, 1, 0, 245, 7, 99]
1542752357144;[171, 0, 17, 255, 161, 74, 234, 101, 132, 0, 0, 6, 1, 0, 25, 1, 0, 245, 7, 99]
1542752357146;[171, 0, 17, 255, 161, 74, 234, 101, 132, 0, 0, 7, 1, 0, 23, 1, 0, 246, 7, 33]
1542752357148;[171, 0, 17, 255, 161, 74, 234, 101, 132, 0, 0, 7, 1, 0, 23, 1, 0, 246, 7, 33]
1542752357150;[171, 0, 17, 255, 161, 74, 234, 101, 132, 0, 0, 5, 1, 0, 23, 1, 0, 246, 6, 215]
1542752357151;[171, 0, 17, 255, 161, 74, 234, 101, 132, 0, 0, 5, 1, 0, 23, 1, 0, 246, 6, 215]
1542752357298;[171, 0, 17, 255, 161, 74, 234, 101, 132, 0, 0, 5, 1, 0, 23, 1, 0, 245, 7, 11]
1542752357300;[171, 0, 17, 255, 161, 74, 234, 101, 132, 0, 0, 5, 1, 0, 23, 1, 0, 245, 7, 11]
1542752357469;[171, 0, 17, 255, 161, 74, 234, 101, 132, 0, 0, 3, 1, 0, 23, 1, 0, 246, 7, 92]
1542752357471;[171, 0, 17, 255, 161, 74, 234, 101, 132, 0, 0, 3, 1, 0, 23, 1, 0, 246, 7, 92]
1542752357473;[171, 0, 17, 255, 161, 74, 234, 101, 132, 0, 0, 6, 1, 0, 26, 1, 0, 245, 7, 100]
1542752357475;[171, 0, 17, 255, 161, 74, 234, 101, 132, 0, 0, 6, 1, 0, 26, 1, 0, 245, 7, 100]
1542752357642;[171, 0, 17, 255, 161, 74, 234, 101, 132, 0, 0, 2, 1, 0, 23, 1, 0, 246, 7, 79]
1542752357644;[171, 0, 17, 255, 161, 74, 234, 101, 132, 0, 0, 2, 1, 0, 23, 1, 0, 246, 7, 79]
1542752357647;[171, 0, 17, 255, 161, 74, 234, 101, 132, 0, 0, 6, 1, 0, 23, 1, 0, 247, 7, 45]
1542752357648;[171, 0, 17, 255, 161, 74, 234, 101, 132, 0, 0, 6, 1, 0, 23, 1, 0, 247, 7, 45]
1542752357815;[171, 0, 4, 255, 132, 128, 70]
1542752357818;[171, 0, 4, 255, 132, 128, 70]
1542752357820;[171, 0, 17, 255, 161, 74, 234, 101, 132, 0, 0, 3, 1, 0, 23, 1, 0, 246, 7, 1]
1542752357822;[171, 0, 17, 255, 161, 74, 234, 101, 132, 0, 0, 3, 1, 0, 23, 1, 0, 246, 7, 1]
1542752357986;[171, 0, 17, 255, 161, 74, 234, 101, 132, 0, 0, 4, 1, 0, 23, 1, 0, 243, 6, 197]
1542752357988;[171, 0, 17, 255, 161, 74, 234, 101, 132, 0, 0, 4, 1, 0, 23, 1, 0, 243, 6, 197]
1542752358159;[171, 0, 17, 255, 161, 74, 234, 101, 133, 0, 0, 4, 1, 0, 23, 1, 0, 245, 6, 127]
1542752358161;[171, 0, 17, 255, 161, 74, 234, 101, 133, 0, 0, 4, 1, 0, 23, 1, 0, 245, 6, 127]
1542752358164;[171, 0, 17, 255, 161, 74, 234, 101, 133, 0, 0, 4, 1, 0, 25, 1, 0, 245, 6, 47]
1542752358165;[171, 0, 17, 255, 161, 74, 234, 101, 133, 0, 0, 4, 1, 0, 25, 1, 0, 245, 6, 47]
1542752358506;[171, 0, 17, 255, 161, 74, 234, 101, 133, 0, 0, 3, 1, 0, 23, 1, 0, 245, 6, 113]
1542752358508;[171, 0, 17, 255, 161, 74, 234, 101, 133, 0, 0, 3, 1, 0, 23, 1, 0, 245, 6, 113]
1542752358510;[171, 0, 17, 255, 161, 74, 234, 101, 133, 0, 0, 1, 1, 0, 24, 1, 0, 245, 6, 172]
1542752358512;[171, 0, 17, 255, 161, 74, 234, 101, 133, 0, 0, 1, 1, 0, 24, 1, 0, 245, 6, 172]
1542752358514;[171, 0, 17, 255, 161, 74, 234, 101, 133, 0, 0, 4, 1, 0, 23, 1, 0, 246, 6, 179]
1542752358516;[171, 0, 17, 255, 161, 74, 234, 101, 133, 0, 0, 4, 1, 0, 23, 1, 0, 246, 6, 179]
1542752358678;[171, 0, 17, 255, 161, 74, 234, 101, 133, 0, 0, 5, 1, 0, 22, 1, 0, 245, 6, 155]
1542752358679;[171, 0, 17, 255, 161, 74, 234, 101, 133, 0, 0, 5, 1, 0, 22, 1, 0, 245, 6, 155]
1542752358682;[171, 0, 17, 255, 161, 74, 234, 101, 133, 0, 0, 6, 1, 0, 26, 1, 0, 246, 6, 120]
1542752358684;[171, 0, 17, 255, 161, 74, 234, 101, 133, 0, 0, 6, 1, 0, 26, 1, 0, 246, 6, 120]
1542752358849;[171, 0, 17, 255, 161, 74, 234, 101, 133, 0, 0, 4, 1, 0, 25, 1, 0, 246, 6, 75]
1542752358853;[171, 0, 17, 255, 161, 74, 234, 101, 133, 0, 0, 4, 1, 0, 25, 1, 0, 246, 6, 75]
1542752358854;[171, 0, 4, 255, 132, 128, 70]
1542752358857;[171, 0, 4, 255, 132, 128, 70]
1542752359195;[171, 0, 17, 255, 161, 74, 234, 101, 133, 0, 0, 3, 1, 0, 24, 1, 0, 245, 6, 9]
1542752359197;[171, 0, 17, 255, 161, 74, 234, 101, 133, 0, 0, 3, 1, 0, 24, 1, 0, 245, 6, 9]
1542752359199;[171, 0, 17, 255, 161, 74, 234, 101, 133, 0, 0, 4, 1, 0, 22, 1, 0, 247, 5, 202]
1542752359201;[171, 0, 17, 255, 161, 74, 234, 101, 133, 0, 0, 4, 1, 0, 22, 1, 0, 247, 5, 202]
1542752359204;[171, 0, 17, 255, 161, 74, 234, 101, 134, 0, 0, 4, 1, 0, 22, 1, 0, 245, 5, 160]
1542752359206;[171, 0, 17, 255, 161, 74, 234, 101, 134, 0, 0, 4, 1, 0, 22, 1, 0, 245, 5, 160]
1542752359366;[171, 0, 17, 255, 161, 74, 234, 101, 134, 0, 0, 5, 1, 0, 25, 1, 0, 247, 5, 248]
1542752359368;[171, 0, 17, 255, 161, 74, 234, 101, 134, 0, 0, 5, 1, 0, 25, 1, 0, 247, 5, 248]
1542752359714;[171, 0, 17, 255, 161, 74, 234, 101, 134, 0, 0, 6, 1, 0, 25, 1, 0, 245, 6, 19]
1542752359718;[171, 0, 17, 255, 161, 74, 234, 101, 134, 0, 0, 6, 1, 0, 25, 1, 0, 245, 6, 19]
1542752359720;[171, 0, 17, 255, 161, 74, 234, 101, 134, 0, 0, 3, 1, 0, 25, 1, 0, 245, 6, 8]
1542752359722;[171, 0, 17, 255, 161, 74, 234, 101, 134, 0, 0, 3, 1, 0, 25, 1, 0, 245, 6, 8]
1542752359724;[171, 0, 17, 255, 161, 74, 234, 101, 134, 0, 0, 5, 1, 0, 25, 1, 0, 245, 5, 233]
1542752359727;[171, 0, 17, 255, 161, 74, 234, 101, 134, 0, 0, 5, 1, 0, 25, 1, 0, 245, 5, 233]
1542752359729;[171, 0, 17, 255, 161, 74, 234, 101, 134, 0, 0, 3, 1, 0, 25, 1, 0, 246, 5, 197]
1542752359731;[171, 0, 17, 255, 161, 74, 234, 101, 134, 0, 0, 3, 1, 0, 25, 1, 0, 246, 5, 197]
1542752359884;[171, 0, 17, 255, 161, 74, 234, 101, 134, 0, 0, 3, 1, 0, 23, 1, 0, 245, 5, 153]
1542752359886;[171, 0, 17, 255, 161, 74, 234, 101, 134, 0, 0, 3, 1, 0, 23, 1, 0, 245, 5, 153]
1542752359888;[171, 0, 17, 255, 161, 74, 234, 101, 134, 0, 0, 4, 1, 0, 23, 1, 0, 245, 5, 89]
1542752359890;[171, 0, 17, 255, 161, 74, 234, 101, 134, 0, 0, 4, 1, 0, 23, 1, 0, 245, 5, 89]
1542752360058;[171, 0, 4, 255, 132, 128, 70]
1542752360061;[171, 0, 4, 255, 132, 128, 70]
1542752360063;[171, 0, 17, 255, 161, 74, 234, 101, 134, 0, 0, 5, 1, 0, 23, 1, 0, 246, 5, 129]
1542752360065;[171, 0, 17, 255, 161, 74, 234, 101, 134, 0, 0, 5, 1, 0, 23, 1, 0, 246, 5, 129]
1542752360230;[171, 0, 17, 255, 161, 74, 234, 101, 134, 0, 0, 5, 1, 0, 22, 1, 0, 246, 5, 224]
1542752360232;[171, 0, 17, 255, 161, 74, 234, 101, 134, 0, 0, 5, 1, 0, 22, 1, 0, 246, 5, 224]
1542752360234;[171, 0, 17, 255, 161, 74, 234, 101, 135, 0, 0, 2, 1, 0, 24, 1, 0, 245, 6, 4]
1542752360236;[171, 0, 17, 255, 161, 74, 234, 101, 135, 0, 0, 2, 1, 0, 24, 1, 0, 245, 6, 4]
1542752360402;[171, 0, 17, 255, 161, 74, 234, 101, 135, 0, 0, 2, 1, 0, 25, 1, 0, 245, 5, 250]
1542752360404;[171, 0, 17, 255, 161, 74, 234, 101, 135, 0, 0, 2, 1, 0, 25, 1, 0, 245, 5, 250]
1542752360575;[171, 0, 17, 255, 161, 74, 234, 101, 135, 0, 0, 4, 1, 0, 24, 1, 0, 245, 5, 225]
1542752360579;[171, 0, 17, 255, 161, 74, 234, 101, 135, 0, 0, 4, 1, 0, 24, 1, 0, 245, 5, 225]
1542752360581;[171, 0, 17, 255, 161, 74, 234, 101, 135, 0, 0, 5, 1, 0, 26, 1, 0, 245, 5, 199]
1542752360582;[171, 0, 17, 255, 161, 74, 234, 101, 135, 0, 0, 5, 1, 0, 26, 1, 0, 245, 5, 199]
1542752360747;[171, 0, 17, 255, 161, 74, 234, 101, 135, 0, 0, 2, 1, 0, 22, 1, 0, 246, 5, 138]
1542752360750;[171, 0, 17, 255, 161, 74, 234, 101, 135, 0, 0, 2, 1, 0, 22, 1, 0, 246, 5, 138]
1542752360751;[171, 0, 17, 255, 161, 74, 234, 101, 135, 0, 0, 4, 1, 0, 24, 1, 0, 245, 5, 75]
1542752360753;[171, 0, 17, 255, 161, 74, 234, 101, 135, 0, 0, 4, 1, 0, 24, 1, 0, 245, 5, 75]
1542752361093;[171, 0, 17, 255, 161, 74, 234, 101, 135, 0, 0, 5, 1, 0, 24, 1, 0, 245, 5, 104]
1542752361094;[171, 0, 17, 255, 161, 74, 234, 101, 135, 0, 0, 5, 1, 0, 24, 1, 0, 245, 5, 104]
1542752361098;[171, 0, 17, 255, 161, 74, 234, 101, 135, 0, 0, 5, 1, 0, 23, 1, 0, 245, 5, 215]
1542752361099;[171, 0, 17, 255, 161, 74, 234, 101, 135, 0, 0, 5, 1, 0, 23, 1, 0, 245, 5, 215]
1542752361101;[171, 0, 4, 255, 132, 128, 70]
1542752361103;[171, 0, 4, 255, 132, 128, 70]
1542752361264;[171, 0, 17, 255, 161, 74, 234, 101, 135, 0, 0, 3, 1, 0, 23, 1, 0, 247, 6, 0]
1542752361266;[171, 0, 17, 255, 161, 74, 234, 101, 135, 0, 0, 3, 1, 0, 23, 1, 0, 247, 6, 0]
1542752361268;[171, 0, 17, 255, 161, 74, 234, 101, 135, 0, 0, 3, 1, 0, 22, 1, 0, 244, 5, 255]
1542752361270;[171, 0, 17, 255, 161, 74, 234, 101, 135, 0, 0, 3, 1, 0, 22, 1, 0, 244, 5, 255]
1542752361437;[171, 0, 17, 255, 161, 74, 234, 101, 136, 0, 0, 4, 1, 0, 25, 1, 0, 246, 5, 235]
1542752361439;[171, 0, 17, 255, 161, 74, 234, 101, 136, 0, 0, 4, 1, 0, 25, 1, 0, 246, 5, 235]
1542752361441;[171, 0, 17, 255, 161, 74, 234, 101, 136, 0, 0, 3, 1, 0, 23, 1, 0, 246, 5, 207]
1542752361443;[171, 0, 17, 255, 161, 74, 234, 101, 136, 0, 0, 3, 1, 0, 23, 1, 0, 246, 5, 207]
1542752361609;[171, 0, 17, 255, 161, 74, 234, 101, 136, 0, 0, 2, 1, 0, 23, 1, 0, 244, 5, 164]
1542752361611;[171, 0, 17, 255, 161, 74, 234, 101, 136, 0, 0, 2, 1, 0, 23, 1, 0, 244, 5, 164]
1542752361782;[171, 0, 17, 255, 161, 74, 234, 101, 136, 0, 0, 4, 1, 0, 23, 1, 0, 246, 5, 93]
1542752361784;[171, 0, 17, 255, 161, 74, 234, 101, 136, 0, 0, 4, 1, 0, 23, 1, 0, 246, 5, 93]
1542752361787;[171, 0, 17, 255, 161, 74, 234, 101, 136, 0, 0, 5, 1, 0, 23, 1, 0, 246, 5, 18]
1542752361789;[171, 0, 17, 255, 161, 74, 234, 101, 136, 0, 0, 5, 1, 0, 23, 1, 0, 246, 5, 18]
1542752361955;[171, 0, 17, 255, 161, 74, 234, 101, 136, 0, 0, 3, 1, 0, 22, 1, 0, 245, 5, 111]
1542752361957;[171, 0, 17, 255, 161, 74, 234, 101, 136, 0, 0, 3, 1, 0, 22, 1, 0, 245, 5, 111]
1542752361959;[171, 0, 17, 255, 161, 74, 234, 101, 136, 0, 0, 5, 1, 0, 24, 1, 0, 246, 5, 205]
1542752361961;[171, 0, 17, 255, 161, 74, 234, 101, 136, 0, 0, 5, 1, 0, 24, 1, 0, 246, 5, 205]
1542752362302;[171, 0, 17, 255, 161, 74, 234, 101, 136, 0, 0, 4, 1, 0, 23, 1, 0, 246, 5, 225]
1542752362304;[171, 0, 17, 255, 161, 74, 234, 101, 136, 0, 0, 4, 1, 0, 23, 1, 0, 246, 5, 225]
1542752362307;[171, 0, 4, 255, 132, 128, 70]
1542752362309;[171, 0, 4, 255, 132, 128, 70]
1542752362473;[171, 0, 17, 255, 161, 74, 234, 101, 136, 0, 0, 4, 1, 0, 25, 1, 0, 245, 5, 211]
1542752362474;[171, 0, 17, 255, 161, 74, 234, 101, 136, 0, 0, 4, 1, 0, 25, 1, 0, 245, 5, 211]
1542752362477;[171, 0, 17, 255, 161, 74, 234, 101, 136, 0, 0, 4, 1, 0, 22, 1, 0, 247, 5, 187]
1542752362478;[171, 0, 17, 255, 161, 74, 234, 101, 136, 0, 0, 4, 1, 0, 22, 1, 0, 247, 5, 187]
1542752362481;[171, 0, 17, 255, 161, 74, 234, 101, 137, 0, 0, 2, 1, 0, 24, 1, 0, 247, 5, 151]
1542752362483;[171, 0, 17, 255, 161, 74, 234, 101, 137, 0, 0, 2, 1, 0, 24, 1, 0, 247, 5, 151]
1542752362645;[171, 0, 17, 255, 161, 74, 234, 101, 137, 0, 0, 6, 1, 0, 23, 1, 0, 245, 5, 92]
1542752362647;[171, 0, 17, 255, 161, 74, 234, 101, 137, 0, 0, 6, 1, 0, 23, 1, 0, 245, 5, 92]
1542752362649;[171, 0, 17, 255, 161, 74, 234, 101, 137, 0, 0, 3, 1, 0, 23, 1, 0, 244, 5, 31]
1542752362651;[171, 0, 17, 255, 161, 74, 234, 101, 137, 0, 0, 3, 1, 0, 23, 1, 0, 244, 5, 31]
1542752362818;[171, 0, 17, 255, 161, 74, 234, 101, 137, 0, 0, 4, 1, 0, 23, 1, 0, 245, 5, 120]
1542752362820;[171, 0, 17, 255, 161, 74, 234, 101, 137, 0, 0, 4, 1, 0, 23, 1, 0, 245, 5, 120]
1542752362822;[171, 0, 17, 255, 161, 74, 234, 101, 137, 0, 0, 4, 1, 0, 23, 1, 0, 247, 5, 184]
1542752362823;[171, 0, 17, 255, 161, 74, 234, 101, 137, 0, 0, 4, 1, 0, 23, 1, 0, 247, 5, 184]
1542752362990;[171, 0, 17, 255, 161, 74, 234, 101, 137, 0, 0, 5, 1, 0, 24, 1, 0, 245, 5, 193]
1542752362991;[171, 0, 17, 255, 161, 74, 234, 101, 137, 0, 0, 5, 1, 0, 24, 1, 0, 245, 5, 193]
1542752363182;[171, 0, 17, 255, 161, 74, 234, 101, 137, 0, 0, 4, 1, 0, 26, 1, 0, 247, 5, 173]
1542752363183;[171, 0, 17, 255, 161, 74, 234, 101, 137, 0, 0, 4, 1, 0, 26, 1, 0, 247, 5, 173]
1542752363185;[171, 0, 17, 255, 161, 74, 234, 101, 137, 0, 0, 6, 1, 0, 23, 1, 0, 246, 5, 142]
1542752363186;[171, 0, 17, 255, 161, 74, 234, 101, 137, 0, 0, 6, 1, 0, 23, 1, 0, 246, 5, 142]
1542752363693;[171, 0, 4, 255, 132, 128, 70]
1542752363695;[171, 0, 4, 255, 132, 128, 70]
1542752363697;[171, 0, 17, 255, 161, 74, 234, 101, 137, 0, 0, 4, 1, 0, 24, 1, 0, 244, 5, 103]
1542752363698;[171, 0, 17, 255, 161, 74, 234, 101, 137, 0, 0, 4, 1, 0, 24, 1, 0, 244, 5, 103]
1542752363700;[171, 0, 17, 255, 161, 74, 234, 101, 137, 0, 0, 5, 1, 0, 24, 1, 0, 246, 5, 37]
1542752363701;[171, 0, 17, 255, 161, 74, 234, 101, 137, 0, 0, 5, 1, 0, 24, 1, 0, 246, 5, 37]
1542752363703;[171, 0, 17, 255, 161, 74, 234, 101, 138, 0, 0, 4, 1, 0, 24, 1, 0, 247, 5, 16]
1542752363704;[171, 0, 17, 255, 161, 74, 234, 101, 138, 0, 0, 4, 1, 0, 24, 1, 0, 247, 5, 16]
1542752363854;[171, 0, 17, 255, 161, 74, 234, 101, 138, 0, 0, 6, 1, 0, 24, 1, 0, 247, 5, 142]
1542752363855;[171, 0, 17, 255, 161, 74, 234, 101, 138, 0, 0, 6, 1, 0, 24, 1, 0, 247, 5, 142]
1542752363858;[171, 0, 17, 255, 161, 74, 234, 101, 138, 0, 0, 2, 1, 0, 25, 1, 0, 245, 5, 206]
1542752363861;[171, 0, 17, 255, 161, 74, 234, 101, 138, 0, 0, 2, 1, 0, 25, 1, 0, 245, 5, 206]
1542752363863;[171, 0, 17, 255, 161, 74, 234, 101, 138, 0, 0, 5, 1, 0, 22, 1, 0, 245, 5, 210]
1542752363865;[171, 0, 17, 255, 161, 74, 234, 101, 138, 0, 0, 5, 1, 0, 22, 1, 0, 245, 5, 210]
1542752364026;[171, 0, 17, 255, 161, 74, 234, 101, 138, 0, 0, 3, 1, 0, 22, 1, 0, 247, 5, 192]
1542752364028;[171, 0, 17, 255, 161, 74, 234, 101, 138, 0, 0, 3, 1, 0, 22, 1, 0, 247, 5, 192]
1542752364030;[171, 0, 17, 255, 161, 74, 234, 101, 138, 0, 0, 4, 1, 0, 25, 1, 0, 244, 5, 167]
1542752364032;[171, 0, 17, 255, 161, 74, 234, 101, 138, 0, 0, 4, 1, 0, 25, 1, 0, 244, 5, 167]
1542752364196;[171, 0, 17, 255, 161, 74, 234, 101, 138, 0, 0, 3, 1, 0, 22, 1, 0, 246, 5, 117]
1542752364198;[171, 0, 17, 255, 161, 74, 234, 101, 138, 0, 0, 3, 1, 0, 22, 1, 0, 246, 5, 117]
1542752364370;[171, 0, 17, 255, 161, 74, 234, 101, 138, 0, 0, 2, 1, 0, 23, 1, 0, 247, 5, 57]
1542752364372;[171, 0, 17, 255, 161, 74, 234, 101, 138, 0, 0, 2, 1, 0, 23, 1, 0, 247, 5, 57]
1542752364374;[171, 0, 4, 255, 132, 128, 70]
1542752364376;[171, 0, 4, 255, 132, 128, 70]
1542752364543;[171, 0, 17, 255, 161, 74, 234, 101, 138, 0, 0, 4, 1, 0, 23, 1, 0, 246, 4, 239]
1542752364545;[171, 0, 17, 255, 161, 74, 234, 101, 138, 0, 0, 4, 1, 0, 23, 1, 0, 246, 4, 239]
1542752364547;[171, 0, 17, 255, 161, 74, 234, 101, 138, 0, 0, 7, 1, 0, 23, 1, 0, 246, 4, 230]
1542752364549;[171, 0, 17, 255, 161, 74, 234, 101, 138, 0, 0, 7, 1, 0, 23, 1, 0, 246, 4, 230]
1542752364888;[171, 0, 17, 255, 161, 74, 234, 101, 139, 0, 0, 3, 1, 0, 22, 1, 0, 248, 5, 92]
1542752364890;[171, 0, 17, 255, 161, 74, 234, 101, 139, 0, 0, 3, 1, 0, 22, 1, 0, 248, 5, 92]
1542752364893;[171, 0, 17, 255, 161, 74, 234, 101, 139, 0, 0, 3, 1, 0, 23, 1, 0, 247, 5, 133]
1542752364895;[171, 0, 17, 255, 161, 74, 234, 101, 139, 0, 0, 3, 1, 0, 23, 1, 0, 247, 5, 133]
1542752364897;[171, 0, 17, 255, 161, 74, 234, 101, 139, 0, 0, 5, 1, 0, 23, 1, 0, 246, 5, 133]
1542752364899;[171, 0, 17, 255, 161, 74, 234, 101, 139, 0, 0, 5, 1, 0, 23, 1, 0, 246, 5, 133]
1542752365059;[171, 0, 17, 255, 161, 74, 234, 101, 139, 0, 0, 4, 1, 0, 23, 1, 0, 245, 5, 122]
1542752365061;[171, 0, 17, 255, 161, 74, 234, 101, 139, 0, 0, 4, 1, 0, 23, 1, 0, 245, 5, 122]
1542752365064;[171, 0, 17, 255, 161, 74, 234, 101, 139, 0, 0, 4, 1, 0, 24, 1, 0, 245, 5, 63]
1542752365066;[171, 0, 17, 255, 161, 74, 234, 101, 139, 0, 0, 4, 1, 0, 24, 1, 0, 245, 5, 63]
1542752365232;[171, 0, 17, 255, 161, 74, 234, 101, 139, 0, 0, 5, 1, 0, 23, 1, 0, 245, 5, 12]
1542752365234;[171, 0, 17, 255, 161, 74, 234, 101, 139, 0, 0, 5, 1, 0, 23, 1, 0, 245, 5, 12]
1542752365235;[171, 0, 17, 255, 161, 74, 234, 101, 139, 0, 0, 4, 1, 0, 23, 1, 0, 246, 4, 196]
1542752365237;[171, 0, 17, 255, 161, 74, 234, 101, 139, 0, 0, 4, 1, 0, 23, 1, 0, 246, 4, 196]
1542752365404;[171, 0, 17, 255, 161, 74, 234, 101, 139, 0, 0, 4, 1, 0, 24, 1, 0, 246, 4, 126]
1542752365406;[171, 0, 17, 255, 161, 74, 234, 101, 139, 0, 0, 4, 1, 0, 24, 1, 0, 246, 4, 126]
1542752365578;[171, 0, 4, 255, 132, 128, 70]
1542752365580;[171, 0, 4, 255, 132, 128, 70]
1542752365583;[171, 0, 17, 255, 161, 74, 234, 101, 139, 0, 0, 2, 1, 0, 24, 1, 0, 245, 4, 143]
1542752365585;[171, 0, 17, 255, 161, 74, 234, 101, 139, 0, 0, 2, 1, 0, 24, 1, 0, 245, 4, 143]
1542752365749;[171, 0, 17, 255, 161, 74, 234, 101, 139, 0, 0, 2, 1, 0, 23, 1, 0, 246, 4, 236]
1542752365751;[171, 0, 17, 255, 161, 74, 234, 101, 139, 0, 0, 2, 1, 0, 23, 1, 0, 246, 4, 236]
1542752365754;[171, 0, 17, 255, 161, 74, 234, 101, 140, 0, 0, 6, 1, 0, 24, 1, 0, 245, 5, 18]
1542752365755;[171, 0, 17, 255, 161, 74, 234, 101, 140, 0, 0, 6, 1, 0, 24, 1, 0, 245, 5, 18]
1542752366094;[171, 0, 17, 255, 161, 74, 234, 101, 140, 0, 0, 5, 1, 0, 25, 1, 0, 247, 5, 4]
1542752366096;[171, 0, 17, 255, 161, 74, 234, 101, 140, 0, 0, 5, 1, 0, 25, 1, 0, 247, 5, 4]
1542752366099;[171, 0, 17, 255, 161, 74, 234, 101, 140, 0, 0, 4, 1, 0, 24, 1, 0, 248, 4, 239]
1542752366101;[171, 0, 17, 255, 161, 74, 234, 101, 140, 0, 0, 4, 1, 0, 24, 1, 0, 248, 4, 239]
1542752366103;[171, 0, 17, 255, 161, 74, 234, 101, 140, 0, 0, 4, 1, 0, 25, 1, 0, 245, 4, 202]
1542752366105;[171, 0, 17, 255, 161, 74, 234, 101, 140, 0, 0, 4, 1, 0, 25, 1, 0, 245, 4, 202]
1542752366267;[171, 0, 17, 255, 161, 74, 234, 101, 140, 0, 0, 6, 1, 0, 24, 1, 0, 246, 4, 144]
1542752366269;[171, 0, 17, 255, 161, 74, 234, 101, 140, 0, 0, 6, 1, 0, 24, 1, 0, 246, 4, 144]
1542752366270;[171, 0, 17, 255, 161, 74, 234, 101, 140, 0, 0, 4, 1, 0, 21, 1, 0, 244, 4, 84]
1542752366272;[171, 0, 17, 255, 161, 74, 234, 101, 140, 0, 0, 4, 1, 0, 21, 1, 0, 244, 4, 84]
1542752366440;[171, 0, 17, 255, 161, 74, 234, 101, 140, 0, 0, 4, 1, 0, 24, 1, 0, 247, 4, 15]
1542752366443;[171, 0, 17, 255, 161, 74, 234, 101, 140, 0, 0, 4, 1, 0, 24, 1, 0, 247, 4, 15]
1542752366446;[171, 0, 17, 255, 161, 74, 234, 101, 140, 0, 0, 5, 1, 0, 21, 1, 0, 246, 4, 60]
1542752366447;[171, 0, 17, 255, 161, 74, 234, 101, 140, 0, 0, 5, 1, 0, 21, 1, 0, 246, 4, 60]
1542752366612;[171, 0, 4, 255, 132, 128, 70]
1542752366614;[171, 0, 4, 255, 132, 128, 70]
1542752366617;[171, 0, 17, 255, 161, 74, 234, 101, 140, 0, 0, 2, 1, 0, 25, 1, 0, 245, 4, 118]
1542752366619;[171, 0, 17, 255, 161, 74, 234, 101, 140, 0, 0, 2, 1, 0, 25, 1, 0, 245, 4, 118]
1542752366784;[171, 0, 17, 255, 161, 74, 234, 101, 140, 0, 0, 2, 1, 0, 25, 1, 0, 246, 4, 113]
1542752366786;[171, 0, 17, 255, 161, 74, 234, 101, 140, 0, 0, 2, 1, 0, 25, 1, 0, 246, 4, 113]
1542752366956;[171, 0, 17, 255, 161, 74, 234, 101, 141, 0, 0, 5, 1, 0, 24, 1, 0, 247, 4, 90]
1542752366958;[171, 0, 17, 255, 161, 74, 234, 101, 141, 0, 0, 5, 1, 0, 24, 1, 0, 247, 4, 90]
1542752366961;[171, 0, 17, 255, 161, 74, 234, 101, 141, 0, 0, 4, 1, 0, 22, 1, 0, 246, 4, 67]
1542752366962;[171, 0, 17, 255, 161, 74, 234, 101, 141, 0, 0, 4, 1, 0, 22, 1, 0, 246, 4, 67]
1542752367130;[171, 0, 17, 255, 161, 74, 234, 101, 141, 0, 0, 4, 1, 0, 24, 1, 0, 246, 4, 17]
1542752367132;[171, 0, 17, 255, 161, 74, 234, 101, 141, 0, 0, 4, 1, 0, 24, 1, 0, 246, 4, 17]
1542752367134;[171, 0, 17, 255, 161, 74, 234, 101, 141, 0, 0, 3, 1, 0, 25, 1, 0, 246, 3, 217]
1542752367136;[171, 0, 17, 255, 161, 74, 234, 101, 141, 0, 0, 3, 1, 0, 25, 1, 0, 246, 3, 217]
1542752367476;[171, 0, 17, 255, 161, 74, 234, 101, 141, 0, 0, 4, 1, 0, 25, 1, 0, 246, 3, 217]
1542752367479;[171, 0, 17, 255, 161, 74, 234, 101, 141, 0, 0, 4, 1, 0, 25, 1, 0, 246, 3, 217]
1542752367481;[171, 0, 17, 255, 161, 74, 234, 101, 141, 0, 0, 5, 1, 0, 24, 1, 0, 246, 4, 38]
1542752367483;[171, 0, 17, 255, 161, 74, 234, 101, 141, 0, 0, 5, 1, 0, 24, 1, 0, 246, 4, 38]
1542752367484;[171, 0, 17, 255, 161, 74, 234, 101, 141, 0, 0, 6, 1, 0, 22, 1, 0, 247, 4, 96]
1542752367486;[171, 0, 17, 255, 161, 74, 234, 101, 141, 0, 0, 6, 1, 0, 22, 1, 0, 247, 4, 96]
1542752367647;[171, 0, 17, 255, 161, 74, 234, 101, 141, 0, 0, 4, 1, 0, 22, 1, 0, 245, 4, 113]
1542752367649;[171, 0, 17, 255, 161, 74, 234, 101, 141, 0, 0, 4, 1, 0, 22, 1, 0, 245, 4, 113]
1542752367651;[171, 0, 4, 255, 132, 128, 70]
1542752367653;[171, 0, 4, 255, 132, 128, 70]
1542752367820;[171, 0, 17, 255, 161, 74, 234, 101, 141, 0, 0, 4, 1, 0, 23, 1, 0, 246, 4, 105]
1542752367822;[171, 0, 17, 255, 161, 74, 234, 101, 141, 0, 0, 4, 1, 0, 23, 1, 0, 246, 4, 105]
1542752367824;[171, 0, 17, 255, 161, 74, 234, 101, 141, 0, 0, 6, 1, 0, 24, 1, 0, 246, 4, 93]
1542752367826;[171, 0, 17, 255, 161, 74, 234, 101, 141, 0, 0, 6, 1, 0, 24, 1, 0, 246, 4, 93]
1542752367991;[171, 0, 17, 255, 161, 74, 234, 101, 142, 0, 0, 3, 1, 0, 24, 1, 0, 244, 4, 60]
1542752367993;[171, 0, 17, 255, 161, 74, 234, 101, 142, 0, 0, 3, 1, 0, 24, 1, 0, 244, 4, 60]
1542752368165;[171, 0, 17, 255, 161, 74, 234, 101, 142, 0, 0, 4, 1, 0, 23, 1, 0, 247, 4, 10]
1542752368166;[171, 0, 17, 255, 161, 74, 234, 101, 142, 0, 0, 4, 1, 0, 23, 1, 0, 247, 4, 10]
1542752368168;[171, 0, 17, 255, 161, 74, 234, 101, 142, 0, 0, 4, 1, 0, 23, 1, 0, 246, 3, 219]
1542752368170;[171, 0, 17, 255, 161, 74, 234, 101, 142, 0, 0, 4, 1, 0, 23, 1, 0, 246, 3, 219]
1542752368345;[171, 0, 17, 255, 161, 74, 234, 101, 142, 0, 0, 4, 1, 0, 23, 1, 0, 245, 4, 7]
1542752368347;[171, 0, 17, 255, 161, 74, 234, 101, 142, 0, 0, 4, 1, 0, 23, 1, 0, 245, 4, 7]
1542752368348;[171, 0, 17, 255, 161, 74, 234, 101, 142, 0, 0, 4, 1, 0, 23, 1, 0, 246, 4, 88]
1542752368350;[171, 0, 17, 255, 161, 74, 234, 101, 142, 0, 0, 4, 1, 0, 23, 1, 0, 246, 4, 88]
1542752368683;[171, 0, 17, 255, 161, 74, 234, 101, 142, 0, 0, 3, 1, 0, 24, 1, 0, 246, 4, 123]
1542752368685;[171, 0, 17, 255, 161, 74, 234, 101, 142, 0, 0, 3, 1, 0, 24, 1, 0, 246, 4, 123]
1542752368687;[171, 0, 17, 255, 161, 74, 234, 101, 142, 0, 0, 5, 1, 0, 23, 1, 0, 246, 4, 126]
1542752368689;[171, 0, 17, 255, 161, 74, 234, 101, 142, 0, 0, 5, 1, 0, 23, 1, 0, 246, 4, 126]
1542752368691;[171, 0, 17, 255, 161, 74, 234, 101, 142, 0, 0, 5, 1, 0, 24, 1, 0, 245, 4, 105]
1542752368693;[171, 0, 17, 255, 161, 74, 234, 101, 142, 0, 0, 5, 1, 0, 24, 1, 0, 245, 4, 105]
1542752368855;[171, 0, 4, 255, 132, 128, 70]
1542752368857;[171, 0, 4, 255, 132, 128, 70]
1542752368860;[171, 0, 17, 255, 161, 74, 234, 101, 142, 0, 0, 6, 1, 0, 22, 1, 0, 245, 4, 80]
1542752368862;[171, 0, 17, 255, 161, 74, 234, 101, 142, 0, 0, 6, 1, 0, 22, 1, 0, 245, 4, 80]
1542752369027;[171, 0, 17, 255, 161, 74, 234, 101, 142, 0, 0, 4, 1, 0, 24, 1, 0, 245, 4, 42]
1542752369030;[171, 0, 17, 255, 161, 74, 234, 101, 142, 0, 0, 4, 1, 0, 24, 1, 0, 245, 4, 42]
1542752369032;[171, 0, 17, 255, 161, 74, 234, 101, 143, 0, 0, 4, 1, 0, 24, 1, 0, 245, 3, 245]
1542752369034;[171, 0, 17, 255, 161, 74, 234, 101, 143, 0, 0, 4, 1, 0, 24, 1, 0, 245, 3, 245]
1542752369199;[171, 0, 17, 255, 161, 74, 234, 101, 143, 0, 0, 5, 1, 0, 23, 1, 0, 246, 3, 206]
1542752369201;[171, 0, 17, 255, 161, 74, 234, 101, 143, 0, 0, 5, 1, 0, 23, 1, 0, 246, 3, 206]
1542752369373;[171, 0, 17, 255, 161, 74, 234, 101, 143, 0, 0, 2, 1, 0, 24, 1, 0, 245, 4, 36]
1542752369375;[171, 0, 17, 255, 161, 74, 234, 101, 143, 0, 0, 2, 1, 0, 24, 1, 0, 245, 4, 36]
1542752369379;[171, 0, 17, 255, 161, 74, 234, 101, 143, 0, 0, 3, 1, 0, 25, 1, 0, 246, 4, 104]
1542752369381;[171, 0, 17, 255, 161, 74, 234, 101, 143, 0, 0, 3, 1, 0, 25, 1, 0, 246, 4, 104]
1542752370064;[171, 0, 17, 255, 161, 74, 234, 101, 143, 0, 0, 6, 1, 0, 24, 1, 0, 246, 4, 121]
1542752370066;[171, 0, 17, 255, 161, 74, 234, 101, 143, 0, 0, 6, 1, 0, 24, 1, 0, 246, 4, 121]
1542752370068;[171, 0, 17, 255, 161, 74, 234, 101, 143, 0, 0, 4, 1, 0, 22, 1, 0, 245, 4, 107]
1542752370070;[171, 0, 17, 255, 161, 74, 234, 101, 143, 0, 0, 4, 1, 0, 22, 1, 0, 245, 4, 107]
1542752370072;[171, 0, 17, 255, 161, 74, 234, 101, 143, 0, 0, 4, 1, 0, 23, 1, 0, 248, 4, 86]
1542752370074;[171, 0, 17, 255, 161, 74, 234, 101, 143, 0, 0, 4, 1, 0, 23, 1, 0, 248, 4, 86]
1542752370077;[171, 0, 17, 255, 161, 74, 234, 101, 143, 0, 0, 5, 1, 0, 23, 1, 0, 247, 4, 55]
1542752370078;[171, 0, 17, 255, 161, 74, 234, 101, 143, 0, 0, 5, 1, 0, 23, 1, 0, 247, 4, 55]
1542752370237;[171, 0, 4, 255, 132, 128, 70]
1542752370240;[171, 0, 4, 255, 132, 128, 70]
1542752370243;[171, 0, 17, 255, 161, 74, 234, 101, 143, 0, 0, 4, 1, 0, 22, 1, 0, 246, 4, 7]
1542752370245;[171, 0, 17, 255, 161, 74, 234, 101, 143, 0, 0, 4, 1, 0, 22, 1, 0, 246, 4, 7]
1542752370248;[171, 0, 17, 255, 161, 74, 234, 101, 143, 0, 0, 5, 1, 0, 23, 1, 0, 246, 3, 210]
1542752370250;[171, 0, 17, 255, 161, 74, 234, 101, 143, 0, 0, 5, 1, 0, 23, 1, 0, 246, 3, 210]
1542752370252;[171, 0, 17, 255, 161, 74, 234, 101, 144, 0, 0, 1, 1, 0, 25, 1, 0, 245, 3, 211]
1542752370253;[171, 0, 17, 255, 161, 74, 234, 101, 144, 0, 0, 1, 1, 0, 25, 1, 0, 245, 3, 211]
1542752370582;[171, 0, 17, 255, 161, 74, 234, 101, 144, 0, 0, 5, 1, 0, 23, 1, 0, 246, 4, 43]
1542752370584;[171, 0, 17, 255, 161, 74, 234, 101, 144, 0, 0, 5, 1, 0, 23, 1, 0, 246, 4, 43]
1542752370586;[171, 0, 17, 255, 161, 74, 234, 101, 144, 0, 0, 7, 1, 0, 24, 1, 0, 246, 4, 79]
1542752370588;[171, 0, 17, 255, 161, 74, 234, 101, 144, 0, 0, 7, 1, 0, 24, 1, 0, 246, 4, 79]
1542752370590;[171, 0, 17, 255, 161, 74, 234, 101, 144, 0, 0, 3, 1, 0, 23, 1, 0, 246, 4, 69]
1542752370592;[171, 0, 17, 255, 161, 74, 234, 101, 144, 0, 0, 3, 1, 0, 23, 1, 0, 246, 4, 69]
1542752370595;[171, 0, 17, 255, 161, 74, 234, 101, 144, 0, 0, 4, 1, 0, 23, 1, 0, 245, 4, 56]
1542752370597;[171, 0, 17, 255, 161, 74, 234, 101, 144, 0, 0, 4, 1, 0, 23, 1, 0, 245, 4, 56]
1542752370753;[171, 0, 17, 255, 161, 74, 234, 101, 144, 0, 0, 6, 1, 0, 23, 1, 0, 245, 4, 22]
1542752370755;[171, 0, 17, 255, 161, 74, 234, 101, 144, 0, 0, 6, 1, 0, 23, 1, 0, 245, 4, 22]
