1543011573882;[171, 0, 17, 255, 161, 74, 240, 101, 178, 1, 0, 160, 1, 0, 135, 0, 0, 150, 11, 76]
1543011573888;[171, 0, 17, 255, 161, 74, 240, 101, 178, 1, 0, 158, 1, 0, 134, 0, 0, 152, 11, 55]
1543011574052;[171, 0, 17, 255, 161, 74, 240, 101, 178, 1, 0, 160, 1, 0, 134, 0, 0, 152, 11, 32]
1543011574572;[171, 0, 17, 255, 161, 74, 240, 101, 178, 1, 0, 158, 1, 0, 134, 0, 0, 153, 11, 19]
1543011574577;[171, 0, 17, 255, 161, 74, 240, 101, 178, 1, 0, 158, 1, 0, 132, 0, 0, 153, 11, 32]
1543011574580;[171, 0, 17, 255, 161, 74, 240, 101, 178, 1, 0, 157, 1, 0, 134, 0, 0, 155, 11, 99]
1543011574584;[171, 0, 4, 255, 132, 128, 81]
1543011574745;[171, 0, 17, 255, 161, 74, 240, 101, 178, 1, 0, 156, 1, 0, 132, 0, 0, 153, 11, 115]
1543011574749;[171, 0, 17, 255, 161, 74, 240, 101, 179, 1, 0, 158, 1, 0, 132, 0, 0, 156, 11, 87]
1543011574753;[171, 0, 17, 255, 161, 74, 240, 101, 179, 1, 0, 156, 1, 0, 133, 0, 0, 156, 11, 52]
1543011574916;[171, 0, 17, 255, 161, 74, 240, 101, 179, 1, 0, 154, 1, 0, 138, 0, 0, 155, 11, 8]
1543011574920;[171, 0, 17, 255, 161, 74, 240, 101, 179, 1, 0, 156, 1, 0, 133, 0, 0, 155, 10, 237]
1543011575086;[171, 0, 17, 255, 161, 74, 240, 101, 179, 1, 0, 155, 1, 0, 134, 0, 0, 152, 11, 17]
1543011575089;[171, 0, 17, 255, 161, 74, 240, 101, 179, 1, 0, 157, 1, 0, 136, 0, 0, 155, 11, 45]
1543011575256;[171, 0, 17, 255, 161, 74, 240, 101, 179, 1, 0, 151, 1, 0, 136, 0, 0, 155, 11, 3]
1543011575608;[171, 0, 17, 255, 161, 74, 240, 101, 179, 1, 0, 153, 1, 0, 135, 0, 0, 156, 10, 201]
1543011575611;[171, 0, 17, 255, 161, 74, 240, 101, 179, 1, 0, 153, 1, 0, 137, 0, 0, 156, 10, 166]
1543011575615;[171, 0, 4, 255, 132, 128, 82]
1543011575642;[171, 0, 17, 255, 161, 74, 240, 101, 179, 1, 0, 152, 1, 0, 136, 0, 0, 158, 10, 136]
1543011575778;[171, 0, 17, 255, 161, 74, 240, 101, 180, 1, 0, 151, 1, 0, 135, 0, 0, 157, 10, 202]
1543011575782;[171, 0, 17, 255, 161, 74, 240, 101, 180, 1, 0, 153, 1, 0, 140, 0, 0, 156, 11, 5]
1543011575964;[171, 0, 17, 255, 161, 74, 240, 101, 180, 1, 0, 151, 1, 0, 140, 0, 0, 156, 10, 250]
1543011576123;[171, 0, 17, 255, 161, 74, 240, 101, 180, 1, 0, 152, 1, 0, 146, 0, 0, 156, 10, 241]
1543011576127;[171, 0, 17, 255, 161, 74, 240, 101, 180, 1, 0, 152, 1, 0, 156, 0, 0, 150, 10, 202]
1543011576295;[171, 0, 17, 255, 161, 74, 240, 101, 180, 1, 0, 146, 1, 0, 155, 0, 0, 138, 10, 185]
1543011576297;[171, 0, 17, 255, 161, 74, 240, 101, 180, 1, 0, 146, 1, 0, 162, 0, 0, 131, 10, 238]
1543011576468;[171, 0, 17, 255, 161, 74, 240, 101, 180, 1, 0, 145, 1, 0, 168, 0, 0, 127, 11, 14]
1543011576641;[171, 0, 17, 255, 161, 74, 240, 101, 180, 1, 0, 146, 1, 0, 171, 0, 0, 120, 10, 235]
1543011576645;[171, 0, 4, 255, 132, 128, 82]
1543011578870;[171, 0, 17, 255, 161, 74, 240, 101, 180, 1, 0, 146, 1, 0, 180, 0, 0, 113, 10, 167]
1543011578872;[171, 0, 17, 255, 161, 74, 240, 101, 181, 1, 0, 147, 1, 0, 192, 0, 0, 109, 10, 151]
1543011578874;[171, 0, 17, 255, 161, 74, 240, 101, 181, 1, 0, 159, 1, 0, 182, 0, 0, 92, 9, 31]
1543011578877;[171, 0, 17, 255, 161, 74, 240, 101, 181, 1, 0, 148, 1, 0, 195, 0, 0, 69, 9, 31]
1543011578887;[171, 0, 17, 255, 161, 74, 240, 101, 181, 1, 0, 117, 1, 0, 210, 0, 0, 47, 9, 31]
1543011578918;[171, 0, 17, 255, 161, 74, 240, 101, 181, 1, 0, 85, 1, 0, 228, 0, 0, 25, 7, 19]
1543011578922;[171, 0, 17, 255, 161, 74, 240, 101, 181, 1, 0, 61, 1, 0, 235, 0, 0, 14, 6, 23]
1543011578926;[171, 0, 17, 255, 161, 74, 240, 101, 181, 1, 0, 29, 1, 0, 241, 1, 0, 3, 5, 60]
1543011578928;[171, 0, 17, 255, 161, 74, 240, 101, 181, 1, 0, 14, 1, 0, 242, 1, 0, 10, 4, 162]
1543011578932;[171, 0, 17, 255, 161, 74, 240, 101, 181, 0, 0, 0, 1, 0, 249, 1, 0, 23, 3, 205]
1543011578933;[171, 0, 4, 255, 132, 128, 83]
1543011578947;[171, 0, 17, 255, 161, 74, 240, 101, 181, 0, 0, 5, 1, 0, 246, 1, 0, 16, 4, 13]
1543011578963;[171, 0, 17, 255, 161, 74, 240, 101, 182, 0, 0, 45, 1, 0, 185, 1, 0, 4, 3, 218]
1543011578964;[171, 0, 17, 255, 161, 74, 240, 101, 182, 0, 0, 27, 1, 0, 237, 1, 0, 19, 3, 217]
1543011578966;[171, 0, 17, 255, 161, 74, 240, 101, 182, 0, 0, 20, 1, 0, 238, 1, 0, 42, 3, 169]
1543011578967;[171, 0, 17, 255, 161, 74, 240, 101, 182, 0, 0, 22, 1, 0, 245, 1, 0, 32, 3, 105]
1543011579002;[171, 0, 17, 255, 161, 74, 240, 101, 182, 0, 0, 28, 1, 0, 244, 1, 0, 29, 3, 105]
1543011579003;[171, 0, 17, 255, 161, 74, 240, 101, 182, 0, 0, 27, 1, 0, 229, 1, 0, 54, 3, 143]
1543011579005;[171, 0, 17, 255, 161, 74, 240, 101, 182, 0, 0, 32, 1, 0, 231, 1, 0, 60, 3, 218]
1543011579031;[171, 0, 17, 255, 161, 74, 240, 101, 182, 0, 0, 42, 1, 0, 213, 1, 0, 73, 3, 51]
1543011579040;[171, 0, 17, 255, 161, 74, 240, 101, 184, 0, 0, 117, 1, 0, 193, 1, 0, 78, 31, 78]
1543011579041;[171, 0, 17, 255, 161, 74, 240, 101, 185, 0, 0, 110, 1, 0, 194, 1, 0, 86, 7, 208]
1543011579063;[171, 0, 17, 255, 161, 74, 240, 101, 185, 0, 0, 99, 1, 0, 210, 1, 0, 81, 7, 208]
1543011579575;[171, 0, 17, 255, 161, 74, 240, 101, 185, 0, 0, 101, 1, 0, 199, 1, 0, 95, 8, 47]
1543011579579;[171, 0, 17, 255, 161, 74, 240, 101, 185, 0, 0, 66, 1, 0, 170, 1, 0, 121, 4, 106]
1543011579583;[171, 0, 17, 255, 161, 74, 240, 101, 185, 0, 0, 87, 1, 0, 217, 1, 0, 97, 10, 221]
1543011579589;[171, 0, 17, 255, 161, 74, 240, 101, 185, 0, 0, 80, 1, 0, 161, 1, 0, 135, 11, 245]
1543011579747;[171, 0, 17, 255, 161, 74, 240, 101, 185, 0, 0, 79, 1, 0, 185, 1, 0, 124, 11, 245]
1543011579752;[171, 0, 17, 255, 161, 74, 240, 101, 185, 0, 0, 115, 1, 0, 149, 1, 0, 138, 11, 245]
1543011579756;[171, 0, 17, 255, 161, 74, 240, 101, 185, 0, 0, 78, 1, 0, 132, 1, 0, 195, 11, 245]
1543011579917;[171, 0, 4, 255, 132, 128, 88]
1543011580092;[171, 0, 17, 255, 161, 74, 240, 101, 185, 0, 0, 58, 1, 0, 120, 1, 0, 176, 11, 245]
1543011580096;[171, 0, 17, 255, 161, 74, 240, 101, 186, 0, 1, 9, 1, 0, 19, 1, 1, 8, 11, 245]
1543011580099;[171, 0, 17, 255, 161, 74, 240, 101, 186, 1, 0, 7, 1, 0, 102, 1, 1, 68, 11, 245]
1543011580265;[171, 0, 17, 255, 161, 74, 240, 101, 186, 1, 0, 175, 1, 0, 9, 1, 1, 13, 11, 245]
1543011580435;[171, 0, 17, 255, 161, 74, 240, 101, 186, 1, 0, 30, 1, 0, 75, 1, 0, 201, 11, 245]
1543011580439;[171, 0, 17, 255, 161, 74, 240, 101, 186, 0, 0, 12, 1, 0, 77, 1, 1, 29, 10, 238]
1543011580782;[171, 0, 17, 255, 161, 74, 240, 101, 186, 1, 0, 19, 0, 0, 86, 1, 0, 228, 7, 202]
1543011580786;[171, 0, 17, 255, 161, 74, 240, 101, 186, 0, 0, 132, 1, 0, 74, 1, 0, 235, 7, 202]
1543011580793;[171, 0, 17, 255, 161, 74, 240, 101, 186, 1, 0, 52, 1, 0, 11, 1, 0, 250, 7, 202]
1543011580795;[171, 0, 17, 255, 161, 74, 240, 101, 186, 0, 0, 66, 0, 0, 36, 1, 1, 17, 5, 109]
1543011581126;[171, 0, 4, 255, 132, 128, 88]
1543011581151;[171, 0, 17, 255, 161, 74, 240, 101, 186, 1, 0, 49, 1, 0, 17, 1, 0, 232, 6, 3]
1543011581153;[171, 0, 17, 255, 161, 74, 240, 101, 187, 0, 0, 9, 0, 0, 59, 1, 0, 246, 5, 160]
1543011581299;[171, 0, 17, 255, 161, 74, 240, 101, 187, 1, 0, 1, 0, 0, 30, 1, 1, 8, 5, 50]
1543011581304;[171, 0, 17, 255, 161, 74, 240, 101, 187, 0, 0, 10, 0, 0, 56, 1, 0, 239, 4, 242]
1543011581472;[171, 0, 17, 255, 161, 74, 240, 101, 187, 1, 0, 8, 0, 0, 29, 1, 1, 0, 4, 22]
1543011581643;[171, 0, 17, 255, 161, 74, 240, 101, 187, 0, 0, 28, 0, 0, 41, 1, 0, 248, 2, 64]
1543011581647;[171, 0, 17, 255, 161, 74, 240, 101, 187, 0, 0, 9, 0, 0, 48, 1, 0, 246, 1, 113]
1543011581988;[171, 0, 17, 255, 161, 74, 240, 101, 187, 1, 0, 14, 0, 0, 40, 1, 0, 244, 16, 0]
1543011581991;[171, 0, 17, 255, 161, 74, 240, 101, 187, 1, 0, 8, 0, 0, 45, 1, 1, 1, 5, 136]
1543011581994;[171, 0, 17, 255, 161, 74, 240, 101, 187, 1, 0, 44, 0, 0, 40, 1, 0, 242, 5, 136]
1543011581997;[171, 0, 4, 255, 132, 128, 88]
1543011582335;[171, 0, 17, 255, 161, 74, 240, 101, 187, 1, 0, 53, 0, 0, 132, 1, 1, 4, 4, 155]
1543011582337;[171, 0, 17, 255, 161, 74, 240, 101, 192, 1, 0, 69, 0, 0, 36, 1, 0, 219, 2, 28]
1543011582342;[171, 0, 17, 255, 161, 74, 240, 101, 192, 1, 0, 152, 0, 0, 42, 1, 0, 217, 1, 104]
1543011582506;[171, 0, 17, 255, 161, 74, 240, 101, 192, 1, 0, 134, 1, 0, 25, 1, 0, 254, 1, 100]
1543011582510;[171, 0, 17, 255, 161, 74, 240, 101, 192, 0, 0, 50, 0, 0, 15, 1, 0, 251, 6, 230]
1543011582678;[171, 0, 17, 255, 161, 74, 240, 101, 192, 0, 0, 18, 0, 0, 63, 1, 0, 241, 5, 245]
1543011582683;[171, 0, 17, 255, 161, 74, 240, 101, 192, 1, 0, 6, 0, 0, 31, 1, 1, 41, 4, 228]
1543011582850;[171, 0, 17, 255, 161, 74, 240, 101, 192, 1, 0, 82, 1, 0, 29, 1, 1, 2, 4, 4]
1543011583023;[171, 0, 17, 255, 161, 74, 240, 101, 192, 1, 0, 80, 1, 0, 62, 1, 0, 210, 3, 93]
1543011583027;[171, 0, 17, 255, 161, 74, 240, 101, 192, 1, 0, 74, 1, 0, 117, 1, 0, 205, 3, 48]
1543011583369;[171, 0, 4, 255, 132, 128, 88]
1543011583396;[171, 0, 17, 255, 161, 74, 240, 101, 192, 0, 0, 229, 1, 0, 17, 1, 0, 66, 1, 96]
1543011583398;[171, 0, 17, 255, 161, 74, 240, 101, 193, 1, 0, 21, 1, 1, 36, 1, 0, 205, 1, 96]
1543011583542;[171, 0, 17, 255, 161, 74, 240, 101, 193, 1, 1, 29, 1, 0, 253, 1, 0, 120, 1, 96]
1543011583546;[171, 0, 17, 255, 161, 74, 240, 101, 193, 1, 0, 92, 1, 0, 234, 1, 0, 84, 16, 0]
1543011583713;[171, 0, 17, 255, 161, 74, 240, 101, 193, 1, 0, 138, 1, 0, 136, 1, 0, 38, 6, 170]
1543011583717;[171, 0, 17, 255, 161, 74, 240, 101, 193, 1, 0, 200, 1, 0, 170, 1, 0, 20, 12, 243]
1543011583886;[171, 0, 17, 255, 161, 74, 240, 101, 193, 1, 1, 25, 1, 0, 85, 1, 0, 14, 12, 243]
1543011583890;[171, 0, 17, 255, 161, 74, 240, 101, 193, 1, 0, 215, 1, 0, 114, 1, 0, 56, 12, 243]
1543011584058;[171, 0, 17, 255, 161, 74, 240, 101, 193, 1, 1, 11, 1, 0, 236, 0, 0, 49, 12, 243]
1543011584230;[171, 0, 17, 255, 161, 74, 240, 101, 193, 1, 0, 166, 1, 0, 202, 0, 0, 55, 12, 243]
1543011584234;[171, 0, 4, 255, 132, 128, 88]
1543011584578;[171, 0, 17, 255, 161, 74, 240, 101, 193, 1, 0, 165, 1, 0, 229, 1, 0, 132, 12, 243]
1543011584582;[171, 0, 17, 255, 161, 74, 240, 101, 194, 1, 0, 136, 1, 0, 197, 1, 0, 7, 12, 243]
1543011584586;[171, 0, 17, 255, 161, 74, 240, 101, 194, 1, 0, 163, 1, 0, 194, 0, 0, 2, 12, 243]
1543011584590;[171, 0, 17, 255, 161, 74, 240, 101, 194, 1, 0, 166, 1, 0, 180, 0, 0, 4, 12, 243]
1543011584748;[171, 0, 17, 255, 161, 74, 240, 101, 194, 1, 0, 78, 1, 0, 250, 1, 0, 4, 12, 243]
1543011584918;[171, 0, 17, 255, 161, 74, 240, 101, 194, 1, 0, 109, 1, 0, 241, 0, 0, 33, 12, 243]
1543011584921;[171, 0, 17, 255, 161, 74, 240, 101, 194, 1, 0, 121, 1, 0, 221, 0, 0, 44, 12, 243]
1543011585090;[171, 0, 17, 255, 161, 74, 240, 101, 194, 1, 0, 107, 1, 0, 213, 0, 0, 47, 12, 14]
1543011585093;[171, 0, 17, 255, 161, 74, 240, 101, 194, 1, 0, 170, 1, 0, 40, 0, 0, 89, 12, 14]
1543011585265;[171, 0, 17, 255, 161, 74, 240, 101, 194, 0, 0, 28, 1, 1, 153, 0, 0, 67, 12, 14]
1543011585440;[171, 0, 4, 255, 132, 128, 87]
1543011585443;[171, 0, 17, 255, 161, 74, 240, 101, 194, 1, 0, 38, 1, 0, 196, 0, 0, 42, 12, 14]
1543011585611;[171, 0, 17, 255, 161, 74, 240, 101, 195, 1, 0, 12, 1, 0, 228, 0, 0, 136, 12, 14]
1543011585614;[171, 0, 17, 255, 161, 74, 240, 101, 195, 0, 0, 32, 0, 0, 67, 0, 1, 127, 12, 14]
1543011585957;[171, 0, 17, 255, 161, 74, 240, 101, 195, 1, 0, 44, 1, 0, 212, 0, 0, 152, 12, 14]
1543011585964;[171, 0, 17, 255, 161, 74, 240, 101, 195, 1, 0, 16, 1, 0, 201, 0, 0, 122, 12, 73]
1543011585984;[171, 0, 17, 255, 161, 74, 240, 101, 195, 1, 0, 5, 1, 0, 222, 0, 0, 103, 14, 75]
1543011586129;[171, 0, 17, 255, 161, 74, 240, 101, 195, 0, 0, 16, 1, 0, 232, 0, 0, 81, 31, 189]
1543011586133;[171, 0, 17, 255, 161, 74, 240, 101, 195, 0, 0, 4, 1, 1, 0, 0, 0, 24, 9, 85]
1543011586300;[171, 0, 17, 255, 161, 74, 240, 101, 195, 0, 0, 58, 1, 0, 244, 1, 0, 1, 8, 205]
1543011586310;[171, 0, 17, 255, 161, 74, 240, 101, 195, 0, 0, 61, 1, 0, 235, 1, 0, 1, 7, 169]
1543011586471;[171, 0, 4, 255, 132, 128, 87]
1543011586495;[171, 0, 17, 255, 161, 74, 240, 101, 195, 0, 0, 70, 1, 0, 237, 0, 0, 3, 6, 107]
1543011586647;[171, 0, 17, 255, 161, 74, 240, 101, 196, 0, 0, 80, 1, 0, 223, 1, 0, 3, 5, 116]
1543011586820;[171, 0, 17, 255, 161, 74, 240, 101, 196, 1, 0, 19, 1, 1, 39, 1, 0, 47, 4, 8]
1543011586824;[171, 0, 17, 255, 161, 74, 240, 101, 196, 0, 0, 45, 1, 0, 156, 0, 0, 62, 2, 173]
1543011587165;[171, 0, 17, 255, 161, 74, 240, 101, 196, 0, 0, 150, 1, 0, 162, 1, 0, 23, 3, 149]
1543011587169;[171, 0, 17, 255, 161, 74, 240, 101, 196, 0, 0, 71, 1, 1, 16, 0, 0, 23, 3, 131]
1543011587173;[171, 0, 17, 255, 161, 74, 240, 101, 196, 0, 0, 35, 1, 0, 241, 0, 0, 0, 3, 100]
1543011587335;[171, 0, 17, 255, 161, 74, 240, 101, 196, 0, 0, 88, 1, 0, 236, 1, 0, 42, 6, 16]
1543011587339;[171, 0, 17, 255, 161, 74, 240, 101, 196, 0, 0, 67, 1, 0, 234, 1, 0, 44, 5, 178]
1543011587510;[171, 0, 17, 255, 161, 74, 240, 101, 196, 0, 0, 49, 1, 0, 226, 1, 0, 63, 5, 127]
1543011587513;[171, 0, 4, 255, 132, 128, 88]
1543011587682;[171, 0, 17, 255, 161, 74, 240, 101, 196, 0, 0, 29, 1, 0, 241, 1, 0, 51, 5, 166]
1543011587686;[171, 0, 17, 255, 161, 74, 240, 101, 197, 0, 0, 26, 1, 0, 216, 1, 0, 62, 5, 42]
1543011587853;[171, 0, 17, 255, 161, 74, 240, 101, 197, 0, 0, 38, 1, 0, 249, 1, 0, 70, 3, 180]
1543011588025;[171, 0, 17, 255, 161, 74, 240, 101, 197, 0, 0, 31, 1, 0, 215, 1, 0, 58, 16, 0]
1543011588030;[171, 0, 17, 255, 161, 74, 240, 101, 197, 1, 0, 10, 1, 0, 116, 1, 0, 63, 7, 36]
1543011588544;[171, 0, 17, 255, 161, 74, 240, 101, 197, 0, 0, 35, 1, 0, 234, 1, 0, 4, 7, 36]
1543011588548;[171, 0, 17, 255, 161, 74, 240, 101, 197, 1, 0, 6, 1, 0, 230, 1, 0, 50, 7, 36]
1543011588552;[171, 0, 17, 255, 161, 74, 240, 101, 197, 1, 0, 33, 1, 0, 233, 1, 0, 18, 7, 36]
1543011588557;[171, 0, 17, 255, 161, 74, 240, 101, 197, 1, 0, 13, 1, 0, 248, 1, 0, 55, 7, 36]
1543011588717;[171, 0, 17, 255, 161, 74, 240, 101, 197, 1, 0, 33, 1, 0, 234, 1, 0, 49, 7, 36]
1543011588721;[171, 0, 4, 255, 132, 128, 88]
1543011588744;[171, 0, 17, 255, 161, 74, 240, 101, 197, 0, 0, 14, 1, 0, 244, 1, 0, 55, 7, 36]
1543011588890;[171, 0, 17, 255, 161, 74, 240, 101, 198, 1, 0, 1, 1, 0, 240, 1, 0, 47, 7, 36]
1543011588899;[171, 0, 17, 255, 161, 74, 240, 101, 198, 0, 0, 3, 1, 0, 242, 1, 0, 40, 7, 36]
1543011589060;[171, 0, 17, 255, 161, 74, 240, 101, 198, 0, 0, 2, 1, 0, 238, 1, 0, 41, 7, 36]
1543011589235;[171, 0, 17, 255, 161, 74, 240, 101, 198, 0, 0, 4, 1, 0, 237, 1, 0, 51, 7, 36]
1543011589240;[171, 0, 17, 255, 161, 74, 240, 101, 198, 0, 0, 0, 1, 0, 241, 1, 0, 47, 7, 36]
1543011589404;[171, 0, 17, 255, 161, 74, 240, 101, 198, 0, 0, 2, 1, 0, 238, 1, 0, 46, 10, 129]
1543011589407;[171, 0, 17, 255, 161, 74, 240, 101, 198, 0, 0, 4, 1, 0, 236, 1, 0, 49, 12, 229]
1543011589751;[171, 0, 17, 255, 161, 74, 240, 101, 198, 0, 0, 2, 1, 0, 237, 1, 0, 47, 15, 41]
1543011589755;[171, 0, 17, 255, 161, 74, 240, 101, 198, 0, 0, 1, 1, 0, 239, 1, 0, 49, 15, 41]
1543011589758;[171, 0, 4, 255, 132, 128, 88]
1543011589924;[171, 0, 17, 255, 161, 74, 240, 101, 198, 0, 0, 2, 1, 0, 236, 1, 0, 52, 15, 41]
1543011589927;[171, 0, 17, 255, 161, 74, 240, 101, 199, 0, 0, 3, 1, 0, 238, 1, 0, 49, 31, 255]
1543011590096;[171, 0, 17, 255, 161, 74, 240, 101, 199, 0, 0, 5, 1, 0, 241, 1, 0, 51, 11, 236]
1543011590100;[171, 0, 17, 255, 161, 74, 240, 101, 199, 0, 0, 2, 1, 0, 240, 1, 0, 53, 14, 85]
1543011590267;[171, 0, 17, 255, 161, 74, 240, 101, 199, 0, 0, 3, 1, 0, 239, 1, 0, 51, 31, 255]
1543011590441;[171, 0, 17, 255, 161, 74, 240, 101, 199, 0, 0, 5, 1, 0, 238, 1, 0, 54, 8, 63]
1543011590444;[171, 0, 17, 255, 161, 74, 240, 101, 199, 0, 0, 7, 1, 0, 238, 1, 0, 53, 11, 48]
1543011590613;[171, 0, 17, 255, 161, 74, 240, 101, 199, 0, 0, 5, 1, 0, 240, 1, 0, 53, 13, 28]
1543011590616;[171, 0, 17, 255, 161, 74, 240, 101, 199, 0, 0, 4, 1, 0, 236, 1, 0, 54, 14, 145]
1543011590959;[171, 0, 17, 255, 161, 74, 240, 101, 199, 0, 0, 5, 1, 0, 235, 1, 0, 54, 31, 255]
1543011590962;[171, 0, 4, 255, 132, 128, 89]
1543011590992;[171, 0, 17, 255, 161, 74, 240, 101, 199, 0, 0, 4, 1, 0, 237, 1, 0, 53, 9, 6]
1543011591135;[171, 0, 17, 255, 161, 74, 240, 101, 200, 0, 0, 4, 1, 0, 239, 1, 0, 54, 9, 6]
1543011591136;[171, 0, 17, 255, 161, 74, 240, 101, 200, 0, 0, 3, 1, 0, 235, 1, 0, 54, 9, 6]
1543011591304;[171, 0, 17, 255, 161, 74, 240, 101, 200, 0, 0, 5, 1, 0, 236, 1, 0, 55, 9, 244]
1543011591307;[171, 0, 17, 255, 161, 74, 240, 101, 200, 0, 0, 3, 1, 0, 238, 1, 0, 55, 11, 101]
1543011591476;[171, 0, 17, 255, 161, 74, 240, 101, 200, 0, 0, 5, 1, 0, 236, 1, 0, 54, 12, 46]
1543011591480;[171, 0, 17, 255, 161, 74, 240, 101, 200, 0, 0, 2, 1, 0, 238, 1, 0, 55, 13, 163]
1543011591666;[171, 0, 17, 255, 161, 74, 240, 101, 200, 0, 0, 4, 1, 0, 237, 1, 0, 55, 31, 121]
1543011591820;[171, 0, 17, 255, 161, 74, 240, 101, 200, 0, 0, 5, 1, 0, 238, 1, 0, 55, 8, 193]
1543011591824;[171, 0, 17, 255, 161, 74, 240, 101, 200, 0, 0, 8, 1, 0, 237, 1, 0, 56, 9, 71]
1543011592000;[171, 0, 4, 255, 132, 128, 90]
1543011592004;[171, 0, 17, 255, 161, 74, 240, 101, 200, 0, 0, 6, 1, 0, 236, 1, 0, 56, 9, 248]
1543011592337;[171, 0, 17, 255, 161, 74, 240, 101, 201, 0, 0, 4, 1, 0, 239, 1, 0, 57, 9, 248]
1543011592340;[171, 0, 17, 255, 161, 74, 240, 101, 201, 0, 0, 4, 1, 0, 237, 1, 0, 56, 11, 167]
1543011592343;[171, 0, 17, 255, 161, 74, 240, 101, 201, 0, 0, 4, 1, 0, 236, 1, 0, 55, 13, 22]
1543011592511;[171, 0, 17, 255, 161, 74, 240, 101, 201, 0, 0, 2, 1, 0, 237, 1, 0, 56, 13, 168]
1543011592515;[171, 0, 17, 255, 161, 74, 240, 101, 201, 0, 0, 4, 1, 0, 237, 1, 0, 54, 14, 31]
1543011592683;[171, 0, 17, 255, 161, 74, 240, 101, 201, 0, 0, 4, 1, 0, 238, 1, 0, 55, 14, 145]
1543011592687;[171, 0, 17, 255, 161, 74, 240, 101, 201, 0, 0, 4, 1, 0, 235, 1, 0, 56, 15, 20]
1543011592856;[171, 0, 17, 255, 161, 74, 240, 101, 201, 0, 0, 5, 1, 0, 238, 1, 0, 57, 31, 255]
1543011593029;[171, 0, 17, 255, 161, 74, 240, 101, 201, 0, 0, 4, 1, 0, 237, 1, 0, 55, 9, 23]
1543011593032;[171, 0, 4, 255, 132, 128, 85]
1543011593200;[171, 0, 17, 255, 161, 74, 240, 101, 201, 0, 0, 5, 1, 0, 236, 1, 0, 55, 9, 78]
1543011593203;[171, 0, 17, 255, 161, 74, 240, 101, 202, 0, 0, 4, 1, 0, 235, 1, 0, 56, 9, 153]
1543011593545;[171, 0, 17, 255, 161, 74, 240, 101, 202, 0, 0, 3, 1, 0, 236, 1, 0, 56, 10, 14]
1543011593720;[171, 0, 17, 255, 161, 74, 240, 101, 202, 0, 0, 3, 1, 0, 237, 1, 0, 55, 10, 67]
1543011593724;[171, 0, 17, 255, 161, 74, 240, 101, 202, 0, 0, 7, 1, 0, 238, 1, 0, 58, 11, 30]
1543011593729;[171, 0, 17, 255, 161, 74, 240, 101, 202, 0, 0, 2, 1, 0, 235, 1, 0, 55, 11, 197]
1543011593733;[171, 0, 17, 255, 161, 74, 240, 101, 202, 0, 0, 3, 1, 0, 237, 1, 0, 57, 11, 201]
1543011593891;[171, 0, 17, 255, 161, 74, 240, 101, 202, 0, 0, 1, 1, 0, 238, 1, 0, 57, 11, 201]
1543011593894;[171, 0, 17, 255, 161, 74, 240, 101, 202, 0, 0, 4, 1, 0, 239, 1, 0, 57, 11, 220]
1543011594063;[171, 0, 17, 255, 161, 74, 240, 101, 202, 0, 0, 4, 1, 0, 235, 1, 0, 57, 12, 12]
1543011594236;[171, 0, 4, 255, 132, 128, 85]
1543011594264;[171, 0, 17, 255, 161, 74, 240, 101, 202, 0, 0, 4, 1, 0, 239, 1, 0, 56, 12, 41]
1543011594408;[171, 0, 17, 255, 161, 74, 240, 101, 203, 0, 0, 4, 1, 0, 237, 1, 0, 56, 12, 238]
1543011594581;[171, 0, 17, 255, 161, 74, 240, 101, 203, 0, 0, 3, 1, 0, 236, 1, 0, 56, 13, 39]
1543011594582;[171, 0, 17, 255, 161, 74, 240, 101, 203, 0, 0, 4, 1, 0, 235, 1, 0, 56, 13, 24]
1543011594583;[171, 0, 17, 255, 161, 74, 240, 101, 203, 0, 0, 2, 1, 0, 236, 1, 0, 56, 13, 45]
1543011594924;[171, 0, 17, 255, 161, 74, 240, 101, 203, 0, 0, 4, 1, 0, 235, 1, 0, 56, 13, 35]
1543011594928;[171, 0, 17, 255, 161, 74, 240, 101, 203, 0, 0, 5, 1, 0, 238, 1, 0, 58, 13, 22]
1543011594931;[171, 0, 17, 255, 161, 74, 240, 101, 203, 0, 0, 3, 1, 0, 236, 1, 0, 58, 13, 140]
1543011595098;[171, 0, 17, 255, 161, 74, 240, 101, 203, 0, 0, 4, 1, 0, 236, 1, 0, 57, 13, 244]
1543011595102;[171, 0, 17, 255, 161, 74, 240, 101, 203, 0, 0, 4, 1, 0, 237, 1, 0, 56, 14, 23]
1543011595270;[171, 0, 4, 255, 132, 128, 80]
1543011595298;[171, 0, 17, 255, 161, 74, 240, 101, 203, 0, 0, 4, 1, 0, 236, 1, 0, 57, 14, 14]
1543011595443;[171, 0, 17, 255, 161, 74, 240, 101, 204, 0, 0, 3, 1, 0, 238, 1, 0, 56, 14, 17]
1543011595616;[171, 0, 17, 255, 161, 74, 240, 101, 204, 0, 0, 5, 1, 0, 236, 1, 0, 56, 14, 25]
1543011595620;[171, 0, 17, 255, 161, 74, 240, 101, 204, 0, 0, 5, 1, 0, 236, 1, 0, 54, 13, 255]
1543011595785;[171, 0, 17, 255, 161, 74, 240, 101, 204, 0, 0, 4, 1, 0, 236, 1, 0, 56, 14, 121]
1543011595788;[171, 0, 17, 255, 161, 74, 240, 101, 204, 0, 0, 4, 1, 0, 237, 1, 0, 57, 14, 172]
1543011596134;[171, 0, 17, 255, 161, 74, 240, 101, 204, 0, 0, 5, 1, 0, 237, 1, 0, 57, 14, 176]
1543011596138;[171, 0, 17, 255, 161, 74, 240, 101, 204, 0, 0, 2, 1, 0, 234, 1, 0, 58, 14, 155]
1543011596144;[171, 0, 17, 255, 161, 74, 240, 101, 204, 0, 0, 4, 1, 0, 239, 1, 0, 58, 14, 171]
1543011596305;[171, 0, 17, 255, 161, 74, 240, 101, 204, 0, 0, 6, 1, 0, 236, 1, 0, 57, 14, 159]
1543011596308;[171, 0, 4, 255, 132, 128, 80]
1543011596479;[171, 0, 17, 255, 161, 74, 240, 101, 204, 0, 0, 2, 1, 0, 238, 1, 0, 58, 14, 143]
1543011596483;[171, 0, 17, 255, 161, 74, 240, 101, 205, 0, 0, 3, 1, 0, 236, 1, 0, 57, 14, 137]
1543011596843;[171, 0, 17, 255, 161, 74, 240, 101, 205, 0, 0, 5, 1, 0, 236, 1, 0, 58, 15, 17]
1543011596844;[171, 0, 17, 255, 161, 74, 240, 101, 205, 0, 0, 5, 1, 0, 235, 1, 0, 56, 31, 82]
1543011596846;[171, 0, 17, 255, 161, 74, 240, 101, 205, 0, 0, 4, 1, 0, 236, 1, 0, 55, 7, 191]
1543011597012;[171, 0, 17, 255, 161, 74, 240, 101, 205, 0, 0, 3, 1, 0, 238, 1, 0, 55, 7, 170]
1543011597014;[171, 0, 17, 255, 161, 74, 240, 101, 205, 0, 0, 4, 1, 0, 235, 1, 0, 58, 7, 173]
1543011597516;[171, 0, 17, 255, 161, 74, 240, 101, 205, 0, 0, 5, 1, 0, 237, 1, 0, 57, 7, 142]
1543011597520;[171, 0, 17, 255, 161, 74, 240, 101, 205, 0, 0, 1, 1, 0, 236, 1, 0, 56, 7, 144]
1543011597524;[171, 0, 17, 255, 161, 74, 240, 101, 205, 0, 0, 3, 1, 0, 236, 1, 0, 58, 7, 116]
1543011597527;[171, 0, 4, 255, 132, 128, 82]
1543011597687;[171, 0, 17, 255, 161, 74, 240, 101, 205, 0, 0, 4, 1, 0, 236, 1, 0, 56, 7, 200]
1543011597692;[171, 0, 17, 255, 161, 74, 240, 101, 206, 0, 0, 4, 1, 0, 236, 1, 0, 57, 8, 31]
1543011597695;[171, 0, 17, 255, 161, 74, 240, 101, 206, 0, 0, 5, 1, 0, 239, 1, 0, 56, 8, 17]
1543011597858;[171, 0, 17, 255, 161, 74, 240, 101, 206, 0, 0, 3, 1, 0, 235, 1, 0, 57, 8, 7]
1543011598034;[171, 0, 17, 255, 161, 74, 240, 101, 206, 0, 0, 2, 1, 0, 235, 1, 0, 55, 8, 18]
1543011598035;[171, 0, 17, 255, 161, 74, 240, 101, 206, 0, 0, 4, 1, 0, 237, 1, 0, 57, 8, 18]
1543011598204;[171, 0, 17, 255, 161, 74, 240, 101, 206, 0, 0, 3, 1, 0, 235, 1, 0, 59, 8, 6]
1543011598209;[171, 0, 17, 255, 161, 74, 240, 101, 206, 0, 0, 3, 1, 0, 237, 1, 0, 58, 8, 60]
1543011598375;[171, 0, 17, 255, 161, 74, 240, 101, 206, 0, 0, 3, 1, 0, 237, 1, 0, 56, 8, 145]
1543011598383;[171, 0, 17, 255, 161, 74, 240, 101, 206, 0, 0, 4, 1, 0, 239, 1, 0, 56, 8, 142]
1543011598717;[171, 0, 4, 255, 132, 128, 82]
1543011598741;[171, 0, 17, 255, 161, 74, 240, 101, 206, 0, 0, 4, 1, 0, 237, 1, 0, 57, 8, 159]
1543011598742;[171, 0, 17, 255, 161, 74, 240, 101, 207, 0, 0, 4, 1, 0, 238, 1, 0, 56, 8, 145]
1543011598893;[171, 0, 17, 255, 161, 74, 240, 101, 207, 0, 0, 3, 1, 0, 238, 1, 0, 56, 8, 147]
1543011598896;[171, 0, 17, 255, 161, 74, 240, 101, 207, 0, 0, 6, 1, 0, 236, 1, 0, 57, 8, 116]
1543011599066;[171, 0, 17, 255, 161, 74, 240, 101, 207, 0, 0, 4, 1, 0, 235, 1, 0, 57, 8, 202]
1543011599238;[171, 0, 17, 255, 161, 74, 240, 101, 207, 0, 0, 5, 1, 0, 236, 1, 0, 58, 8, 253]
1543011599242;[171, 0, 17, 255, 161, 74, 240, 101, 207, 0, 0, 4, 1, 0, 238, 1, 0, 56, 8, 251]
1543011599407;[171, 0, 17, 255, 161, 74, 240, 101, 207, 0, 0, 4, 1, 0, 236, 1, 0, 58, 8, 225]
1543011599410;[171, 0, 17, 255, 161, 74, 240, 101, 207, 0, 0, 2, 1, 0, 237, 1, 0, 59, 8, 238]
1543011599583;[171, 0, 17, 255, 161, 74, 240, 101, 207, 0, 0, 5, 1, 0, 236, 1, 0, 57, 8, 224]
1543011599588;[171, 0, 4, 255, 132, 128, 82]
1543011599929;[171, 0, 17, 255, 161, 74, 240, 101, 207, 0, 0, 3, 1, 0, 234, 1, 0, 58, 9, 3]
1543011599933;[171, 0, 17, 255, 161, 74, 240, 101, 208, 0, 0, 5, 1, 0, 236, 1, 0, 58, 9, 95]
1543011599937;[171, 0, 17, 255, 161, 74, 240, 101, 208, 0, 0, 5, 1, 0, 237, 1, 0, 59, 9, 135]
1543011600292;[171, 0, 17, 255, 161, 74, 240, 101, 208, 0, 0, 4, 1, 0, 236, 1, 0, 59, 9, 142]
1543011600293;[171, 0, 17, 255, 161, 74, 240, 101, 208, 0, 0, 5, 1, 0, 235, 1, 0, 58, 9, 147]
1543011600295;[171, 0, 17, 255, 161, 74, 240, 101, 208, 0, 0, 4, 1, 0, 236, 1, 0, 58, 9, 144]
1543011600299;[171, 0, 17, 255, 161, 74, 240, 101, 208, 0, 0, 3, 1, 0, 235, 1, 0, 58, 9, 130]
1543011600445;[171, 0, 17, 255, 161, 74, 240, 101, 208, 0, 0, 3, 1, 0, 237, 1, 0, 58, 9, 118]
1543011600618;[171, 0, 17, 255, 161, 74, 240, 101, 208, 0, 0, 1, 1, 0, 236, 1, 0, 58, 9, 228]
1543011600622;[171, 0, 17, 255, 161, 74, 240, 101, 208, 0, 0, 3, 1, 0, 237, 1, 0, 59, 10, 4]
1543011600789;[171, 0, 4, 255, 132, 128, 82]
1543011600816;[171, 0, 17, 255, 161, 74, 240, 101, 208, 0, 0, 4, 1, 0, 236, 1, 0, 60, 10, 0]
1543011600963;[171, 0, 17, 255, 161, 74, 240, 101, 209, 0, 0, 4, 1, 0, 236, 1, 0, 58, 10, 1]
1543011601313;[171, 0, 17, 255, 161, 74, 240, 101, 209, 0, 0, 3, 1, 0, 237, 1, 0, 58, 9, 251]
1543011601319;[171, 0, 17, 255, 161, 74, 240, 101, 209, 0, 0, 4, 1, 0, 238, 1, 0, 60, 9, 251]
1543011601322;[171, 0, 17, 255, 161, 74, 240, 101, 209, 0, 0, 4, 1, 0, 234, 1, 0, 57, 9, 241]
1543011601323;[171, 0, 17, 255, 161, 74, 240, 101, 209, 0, 0, 3, 1, 0, 238, 1, 0, 59, 9, 213]
1543011601482;[171, 0, 17, 255, 161, 74, 240, 101, 209, 0, 0, 4, 1, 0, 234, 1, 0, 59, 9, 244]
1543011601485;[171, 0, 17, 255, 161, 74, 240, 101, 209, 0, 0, 3, 1, 0, 236, 1, 0, 58, 10, 44]
1543011601653;[171, 0, 17, 255, 161, 74, 240, 101, 209, 0, 0, 4, 1, 0, 237, 1, 0, 58, 10, 129]
1543011601825;[171, 0, 17, 255, 161, 74, 240, 101, 211, 1, 0, 33, 1, 0, 232, 1, 0, 67, 6, 97]
1543011601999;[171, 0, 17, 255, 161, 74, 240, 101, 212, 1, 0, 35, 1, 0, 232, 1, 0, 68, 5, 14]
1543011602171;[171, 0, 17, 255, 161, 74, 240, 101, 212, 1, 0, 37, 1, 0, 233, 1, 0, 68, 3, 201]
1543011602175;[171, 0, 17, 255, 161, 74, 240, 101, 212, 1, 0, 34, 1, 0, 228, 1, 0, 69, 3, 81]
1543011602179;[171, 0, 17, 255, 161, 74, 240, 101, 212, 1, 0, 35, 1, 0, 232, 1, 0, 70, 3, 37]
1543011602516;[171, 0, 17, 255, 161, 74, 240, 101, 212, 1, 0, 36, 1, 0, 231, 1, 0, 69, 3, 37]
1543011602521;[171, 0, 17, 255, 161, 74, 240, 101, 212, 1, 0, 34, 1, 0, 231, 1, 0, 66, 2, 176]
1543011602524;[171, 0, 17, 255, 161, 74, 240, 101, 212, 1, 0, 32, 1, 0, 233, 1, 0, 68, 1, 153]
1543011602690;[171, 0, 17, 255, 161, 74, 240, 101, 212, 1, 0, 35, 1, 0, 231, 1, 0, 69, 1, 131]
1543011602694;[171, 0, 17, 255, 161, 74, 240, 101, 212, 1, 0, 36, 1, 0, 232, 1, 0, 69, 1, 157]
1543011602860;[171, 0, 4, 255, 132, 128, 81]
1543011603032;[171, 0, 17, 255, 161, 74, 240, 101, 212, 1, 0, 35, 1, 0, 232, 1, 0, 67, 1, 182]
1543011603035;[171, 0, 17, 255, 161, 74, 240, 101, 213, 1, 0, 37, 1, 0, 232, 1, 0, 68, 1, 197]
1543011603206;[171, 0, 17, 255, 161, 74, 240, 101, 213, 1, 0, 35, 1, 0, 230, 1, 0, 69, 1, 203]
1543011603209;[171, 0, 17, 255, 161, 74, 240, 101, 213, 1, 0, 37, 1, 0, 231, 1, 0, 69, 1, 220]
1543011603378;[171, 0, 17, 255, 161, 74, 240, 101, 213, 1, 0, 34, 1, 0, 232, 1, 0, 69, 1, 219]
1543011603384;[171, 0, 17, 255, 161, 74, 240, 101, 213, 1, 0, 37, 1, 0, 231, 1, 0, 69, 1, 217]
1543011603899;[171, 0, 17, 255, 161, 74, 240, 101, 213, 1, 0, 35, 1, 0, 231, 1, 0, 67, 1, 217]
1543011603903;[171, 0, 17, 255, 161, 74, 240, 101, 213, 1, 0, 36, 1, 0, 233, 1, 0, 68, 1, 196]
1543011603908;[171, 0, 17, 255, 161, 74, 240, 101, 213, 1, 0, 35, 1, 0, 231, 1, 0, 69, 1, 244]
1543011603909;[171, 0, 17, 255, 161, 74, 240, 101, 213, 1, 0, 35, 1, 0, 233, 1, 0, 69, 2, 44]
1543011604069;[171, 0, 4, 255, 132, 128, 81]
1543011604094;[171, 0, 17, 255, 161, 74, 240, 101, 213, 1, 0, 36, 1, 0, 233, 1, 0, 69, 2, 70]
1543011604240;[171, 0, 17, 255, 161, 74, 240, 101, 214, 1, 0, 35, 1, 0, 232, 1, 0, 69, 2, 71]
1543011604244;[171, 0, 17, 255, 161, 74, 240, 101, 214, 1, 0, 36, 1, 0, 231, 1, 0, 68, 2, 78]
1543011604412;[171, 0, 17, 255, 161, 74, 240, 101, 214, 1, 0, 37, 1, 0, 231, 1, 0, 68, 2, 73]
1543011604414;[171, 0, 17, 255, 161, 74, 240, 101, 214, 1, 0, 33, 1, 0, 232, 1, 0, 68, 2, 71]
1543011604582;[171, 0, 17, 255, 161, 74, 240, 101, 214, 1, 0, 35, 1, 0, 231, 1, 0, 68, 2, 49]
1543011604584;[171, 0, 17, 255, 161, 74, 240, 101, 214, 1, 0, 35, 1, 0, 233, 1, 0, 69, 2, 28]
1543011604758;[171, 0, 17, 255, 161, 74, 240, 101, 214, 1, 0, 37, 1, 0, 230, 1, 0, 69, 2, 46]
1543011605105;[171, 0, 17, 255, 161, 74, 240, 101, 214, 1, 0, 35, 1, 0, 232, 1, 0, 69, 2, 109]
1543011605111;[171, 0, 17, 255, 161, 74, 240, 101, 214, 1, 0, 33, 1, 0, 230, 1, 0, 68, 2, 140]
1543011605114;[171, 0, 4, 255, 132, 128, 81]
1543011605140;[171, 0, 17, 255, 161, 74, 240, 101, 214, 1, 0, 36, 1, 0, 231, 1, 0, 68, 2, 138]
1543011605277;[171, 0, 17, 255, 161, 74, 240, 101, 215, 1, 0, 36, 1, 0, 231, 1, 0, 68, 2, 137]
1543011605282;[171, 0, 17, 255, 161, 74, 240, 101, 215, 1, 0, 35, 1, 0, 233, 1, 0, 67, 2, 127]
1543011605447;[171, 0, 17, 255, 161, 74, 240, 101, 215, 1, 0, 35, 1, 0, 231, 1, 0, 69, 2, 122]
1543011605795;[171, 0, 17, 255, 161, 74, 240, 101, 215, 1, 0, 34, 1, 0, 231, 1, 0, 69, 2, 125]
1543011605799;[171, 0, 17, 255, 161, 74, 240, 101, 215, 1, 0, 37, 1, 0, 232, 1, 0, 69, 2, 94]
1543011605803;[171, 0, 17, 255, 161, 74, 240, 101, 215, 1, 0, 36, 1, 0, 233, 1, 0, 69, 2, 115]
1543011605808;[171, 0, 17, 255, 161, 74, 240, 101, 215, 1, 0, 35, 1, 0, 233, 1, 0, 68, 2, 174]
1543011605966;[171, 0, 17, 255, 161, 74, 240, 101, 215, 1, 0, 36, 1, 0, 231, 1, 0, 69, 2, 168]
1543011606312;[171, 0, 17, 255, 161, 74, 240, 101, 215, 1, 0, 32, 1, 0, 231, 1, 0, 70, 2, 161]
1543011606316;[171, 0, 4, 255, 132, 128, 81]
1543011606342;[171, 0, 17, 255, 161, 74, 240, 101, 215, 1, 0, 37, 1, 0, 231, 1, 0, 70, 2, 154]
1543011606347;[171, 0, 17, 255, 161, 74, 240, 101, 216, 1, 0, 36, 1, 0, 232, 1, 0, 68, 2, 146]
1543011606481;[171, 0, 17, 255, 161, 74, 240, 101, 216, 1, 0, 35, 1, 0, 232, 1, 0, 68, 2, 128]
1543011606484;[171, 0, 17, 255, 161, 74, 240, 101, 216, 1, 0, 37, 1, 0, 231, 1, 0, 68, 2, 118]
1543011606656;[171, 0, 17, 255, 161, 74, 240, 101, 216, 1, 0, 33, 1, 0, 232, 1, 0, 68, 2, 163]
1543011606828;[171, 0, 17, 255, 161, 74, 240, 101, 216, 1, 0, 38, 1, 0, 231, 1, 0, 67, 2, 207]
1543011606832;[171, 0, 17, 255, 161, 74, 240, 101, 216, 1, 0, 39, 1, 0, 231, 1, 0, 69, 2, 199]
1543011607001;[171, 0, 17, 255, 161, 74, 240, 101, 216, 1, 0, 33, 1, 0, 232, 1, 0, 69, 2, 187]
1543011607005;[171, 0, 17, 255, 161, 74, 240, 101, 216, 1, 0, 36, 1, 0, 231, 1, 0, 69, 2, 184]
1543011607173;[171, 0, 17, 255, 161, 74, 240, 101, 216, 1, 0, 37, 1, 0, 232, 1, 0, 68, 2, 176]
1543011607177;[171, 0, 4, 255, 132, 128, 80]
1543011607345;[171, 0, 17, 255, 161, 74, 240, 101, 216, 1, 0, 37, 1, 0, 233, 1, 0, 70, 2, 154]
1543011607693;[171, 0, 17, 255, 161, 74, 240, 101, 217, 1, 0, 33, 1, 0, 230, 1, 0, 69, 2, 144]
1543011607697;[171, 0, 17, 255, 161, 74, 240, 101, 217, 1, 0, 37, 1, 0, 232, 1, 0, 69, 2, 152]
1543011607701;[171, 0, 17, 255, 161, 74, 240, 101, 217, 1, 0, 36, 1, 0, 231, 1, 0, 68, 2, 213]
1543011607705;[171, 0, 17, 255, 161, 74, 240, 101, 217, 1, 0, 34, 1, 0, 231, 1, 0, 69, 2, 233]
1543011607863;[171, 0, 17, 255, 161, 74, 240, 101, 217, 1, 0, 34, 1, 0, 231, 1, 0, 69, 2, 226]
1543011608039;[171, 0, 17, 255, 161, 74, 240, 101, 217, 1, 0, 35, 1, 0, 231, 1, 0, 70, 2, 218]
1543011608041;[171, 0, 17, 255, 161, 74, 240, 101, 217, 1, 0, 34, 1, 0, 231, 1, 0, 68, 2, 208]
1543011608208;[171, 0, 17, 255, 161, 74, 240, 101, 217, 1, 0, 35, 1, 0, 232, 1, 0, 69, 2, 191]
1543011608212;[171, 0, 17, 255, 161, 74, 240, 101, 217, 1, 0, 40, 1, 0, 234, 1, 0, 69, 2, 167]
1543011608378;[171, 0, 4, 255, 132, 128, 80]
1543011608402;[171, 0, 17, 255, 161, 74, 240, 101, 217, 1, 0, 34, 1, 0, 232, 1, 0, 70, 2, 150]
1543011608554;[171, 0, 17, 255, 161, 74, 240, 101, 218, 1, 0, 36, 1, 0, 230, 1, 0, 70, 2, 154]
1543011608900;[171, 0, 17, 255, 161, 74, 240, 101, 218, 1, 0, 34, 1, 0, 232, 1, 0, 70, 2, 199]
1543011608904;[171, 0, 17, 255, 161, 74, 240, 101, 218, 1, 0, 36, 1, 0, 231, 1, 0, 69, 2, 211]
1543011608910;[171, 0, 17, 255, 161, 74, 240, 101, 218, 1, 0, 37, 1, 0, 231, 1, 0, 70, 2, 203]
1543011608912;[171, 0, 17, 255, 161, 74, 240, 101, 218, 1, 0, 36, 1, 0, 231, 1, 0, 68, 2, 185]
1543011609071;[171, 0, 17, 255, 161, 74, 240, 101, 218, 1, 0, 34, 1, 0, 232, 1, 0, 68, 2, 169]
1543011609075;[171, 0, 17, 255, 161, 74, 240, 101, 218, 1, 0, 35, 1, 0, 232, 1, 0, 68, 2, 150]
1543011609242;[171, 0, 17, 255, 161, 74, 240, 101, 218, 1, 0, 34, 1, 0, 231, 1, 0, 69, 2, 133]
1543011609414;[171, 0, 17, 255, 161, 74, 240, 101, 218, 1, 0, 35, 1, 0, 232, 1, 0, 69, 2, 92]
1543011609417;[171, 0, 4, 255, 132, 128, 79]
1543011609587;[171, 0, 17, 255, 161, 74, 240, 101, 218, 1, 0, 39, 1, 0, 230, 1, 0, 68, 2, 88]
1543011609590;[171, 0, 17, 255, 161, 74, 240, 101, 219, 1, 0, 37, 1, 0, 230, 1, 0, 69, 2, 117]
1543011609761;[171, 0, 17, 255, 161, 74, 240, 101, 219, 1, 0, 36, 1, 0, 231, 1, 0, 69, 2, 132]
1543011609937;[171, 0, 17, 255, 161, 74, 240, 101, 219, 1, 0, 36, 1, 0, 231, 1, 0, 69, 2, 130]
1543011609939;[171, 0, 17, 255, 161, 74, 240, 101, 219, 1, 0, 33, 1, 0, 231, 1, 0, 70, 2, 122]
1543011610280;[171, 0, 17, 255, 161, 74, 240, 101, 219, 1, 0, 38, 1, 0, 231, 1, 0, 69, 2, 106]
1543011610285;[171, 0, 17, 255, 161, 74, 240, 101, 219, 1, 0, 35, 1, 0, 229, 1, 0, 70, 2, 92]
1543011610291;[171, 0, 17, 255, 161, 74, 240, 101, 219, 1, 0, 31, 1, 0, 230, 1, 0, 67, 2, 72]
1543011610294;[171, 0, 17, 255, 161, 74, 240, 101, 219, 1, 0, 35, 1, 0, 232, 1, 0, 70, 2, 52]
1543011610450;[171, 0, 17, 255, 161, 74, 240, 101, 219, 1, 0, 35, 1, 0, 232, 1, 0, 69, 2, 45]
1543011610622;[171, 0, 4, 255, 132, 128, 77]
1543011610649;[171, 0, 17, 255, 161, 74, 240, 101, 219, 1, 0, 35, 1, 0, 231, 1, 0, 71, 2, 51]
1543011610796;[171, 0, 17, 255, 161, 74, 240, 101, 220, 1, 0, 36, 1, 0, 231, 1, 0, 71, 2, 81]
1543011610802;[171, 0, 17, 255, 161, 74, 240, 101, 220, 1, 0, 36, 1, 0, 232, 1, 0, 69, 2, 76]
1543011610967;[171, 0, 17, 255, 161, 74, 240, 101, 220, 1, 0, 32, 1, 0, 230, 1, 0, 70, 2, 64]
1543011611140;[171, 0, 17, 255, 161, 74, 240, 101, 220, 1, 0, 34, 1, 0, 231, 1, 0, 69, 2, 72]
1543011611144;[171, 0, 17, 255, 161, 74, 240, 101, 220, 1, 0, 34, 1, 0, 233, 1, 0, 68, 2, 67]
1543011611487;[171, 0, 17, 255, 161, 74, 240, 101, 220, 1, 0, 36, 1, 0, 232, 1, 0, 69, 2, 34]
1543011611491;[171, 0, 17, 255, 161, 74, 240, 101, 220, 1, 0, 36, 1, 0, 231, 1, 0, 70, 2, 25]
1543011611494;[171, 0, 17, 255, 161, 74, 240, 101, 220, 1, 0, 37, 1, 0, 231, 1, 0, 69, 2, 17]
1543011611498;[171, 0, 17, 255, 161, 74, 240, 101, 220, 1, 0, 34, 1, 0, 231, 1, 0, 69, 2, 65]
1543011611664;[171, 0, 4, 255, 132, 128, 76]
1543011611830;[171, 0, 17, 255, 161, 74, 240, 101, 220, 1, 0, 36, 1, 0, 231, 1, 0, 69, 2, 71]
1543011611834;[171, 0, 17, 255, 161, 74, 240, 101, 221, 1, 0, 34, 1, 0, 231, 1, 0, 69, 2, 57]
1543011612003;[171, 0, 17, 255, 161, 74, 240, 101, 221, 1, 0, 35, 1, 0, 230, 1, 0, 70, 2, 27]
1543011612007;[171, 0, 17, 255, 161, 74, 240, 101, 221, 1, 0, 38, 1, 0, 232, 1, 0, 69, 2, 18]
1543011612176;[171, 0, 17, 255, 161, 74, 240, 101, 221, 1, 0, 32, 1, 0, 230, 1, 0, 68, 1, 254]
1543011612179;[171, 0, 17, 255, 161, 74, 240, 101, 221, 1, 0, 36, 1, 0, 231, 1, 0, 69, 1, 226]
1543011612347;[171, 0, 17, 255, 161, 74, 240, 101, 221, 1, 0, 38, 1, 0, 231, 1, 0, 69, 1, 218]
1543011612868;[171, 0, 17, 255, 161, 74, 240, 101, 221, 1, 0, 36, 1, 0, 232, 1, 0, 71, 1, 230]
1543011612872;[171, 0, 17, 255, 161, 74, 240, 101, 221, 1, 0, 37, 1, 0, 230, 1, 0, 69, 2, 23]
1543011612875;[171, 0, 17, 255, 161, 74, 240, 101, 221, 1, 0, 36, 1, 0, 230, 1, 0, 69, 2, 24]
1543011612879;[171, 0, 4, 255, 132, 128, 75]
1543011613043;[171, 0, 17, 255, 161, 74, 240, 101, 221, 1, 0, 37, 1, 0, 230, 1, 0, 69, 2, 12]
1543011613045;[171, 0, 17, 255, 161, 74, 240, 101, 222, 1, 0, 38, 1, 0, 232, 1, 0, 70, 1, 254]
1543011613046;[171, 0, 17, 255, 161, 74, 240, 101, 222, 1, 0, 36, 1, 0, 231, 1, 0, 70, 2, 0]
1543011613212;[171, 0, 17, 255, 161, 74, 240, 101, 222, 1, 0, 36, 1, 0, 230, 1, 0, 69, 1, 236]
1543011613215;[171, 0, 17, 255, 161, 74, 240, 101, 222, 1, 0, 33, 1, 0, 231, 1, 0, 69, 1, 226]
1543011613383;[171, 0, 17, 255, 161, 74, 240, 101, 222, 1, 0, 34, 1, 0, 230, 1, 0, 69, 1, 200]
1543011613387;[171, 0, 17, 255, 161, 74, 240, 101, 222, 1, 0, 35, 1, 0, 231, 1, 0, 70, 1, 202]
1543011613555;[171, 0, 17, 255, 161, 74, 240, 101, 222, 1, 0, 36, 1, 0, 230, 1, 0, 70, 1, 253]
1543011613728;[171, 0, 17, 255, 161, 74, 240, 101, 222, 1, 0, 37, 1, 0, 231, 1, 0, 69, 1, 247]
1543011613732;[171, 0, 17, 255, 161, 74, 240, 101, 222, 1, 0, 34, 1, 0, 232, 1, 0, 69, 1, 242]
1543011614074;[171, 0, 4, 255, 132, 128, 74]
1543011614102;[171, 0, 17, 255, 161, 74, 240, 101, 222, 1, 0, 36, 1, 0, 232, 1, 0, 69, 1, 227]
1543011614104;[171, 0, 17, 255, 161, 74, 240, 101, 223, 1, 0, 34, 1, 0, 229, 1, 0, 68, 1, 214]
1543011614106;[171, 0, 17, 255, 161, 74, 240, 101, 223, 1, 0, 37, 1, 0, 233, 1, 0, 70, 1, 201]
1543011614252;[171, 0, 17, 255, 161, 74, 240, 101, 223, 1, 0, 35, 1, 0, 232, 1, 0, 70, 1, 178]
1543011614416;[171, 0, 17, 255, 161, 74, 240, 101, 223, 1, 0, 37, 1, 0, 231, 1, 0, 70, 1, 142]
1543011614419;[171, 0, 17, 255, 161, 74, 240, 101, 223, 1, 0, 36, 1, 0, 234, 1, 0, 72, 1, 143]
1543011614589;[171, 0, 17, 255, 161, 74, 240, 101, 223, 1, 0, 36, 1, 0, 232, 1, 0, 69, 1, 174]
1543011614592;[171, 0, 17, 255, 161, 74, 240, 101, 223, 1, 0, 34, 1, 0, 230, 1, 0, 70, 1, 207]
1543011614936;[171, 0, 17, 255, 161, 74, 240, 101, 223, 1, 0, 35, 1, 0, 231, 1, 0, 71, 1, 203]
1543011614940;[171, 0, 17, 255, 161, 74, 240, 101, 223, 1, 0, 36, 1, 0, 231, 1, 0, 69, 1, 182]
1543011614949;[171, 0, 4, 255, 132, 128, 73]
1543011615283;[171, 0, 17, 255, 161, 74, 240, 101, 223, 1, 0, 34, 1, 0, 232, 1, 0, 70, 1, 179]
1543011615286;[171, 0, 17, 255, 161, 74, 240, 101, 224, 1, 0, 35, 1, 0, 233, 1, 0, 69, 1, 160]
1543011615290;[171, 0, 17, 255, 161, 74, 240, 101, 224, 1, 0, 37, 1, 0, 233, 1, 0, 70, 1, 145]
1543011615293;[171, 0, 17, 255, 161, 74, 240, 101, 224, 1, 0, 34, 1, 0, 230, 1, 0, 69, 1, 136]
1543011615453;[171, 0, 17, 255, 161, 74, 240, 101, 224, 1, 0, 35, 1, 0, 230, 1, 0, 70, 1, 120]
1543011615626;[171, 0, 17, 255, 161, 74, 240, 101, 224, 1, 0, 35, 1, 0, 231, 1, 0, 69, 1, 103]
1543011615630;[171, 0, 17, 255, 161, 74, 240, 101, 224, 1, 0, 36, 1, 0, 231, 1, 0, 71, 1, 164]
1543011615971;[171, 0, 17, 255, 161, 74, 240, 101, 224, 1, 0, 37, 1, 0, 233, 1, 0, 70, 1, 157]
1543011615975;[171, 0, 17, 255, 161, 74, 240, 101, 224, 1, 0, 35, 1, 0, 233, 1, 0, 69, 1, 161]
1543011615979;[171, 0, 17, 255, 161, 74, 240, 101, 224, 1, 0, 33, 1, 0, 230, 1, 0, 68, 1, 146]
1543011615983;[171, 0, 4, 255, 132, 128, 72]
1543011616143;[171, 0, 17, 255, 161, 74, 240, 101, 224, 1, 0, 37, 1, 0, 230, 1, 0, 69, 1, 140]
1543011616663;[171, 0, 17, 255, 161, 74, 240, 101, 225, 1, 0, 35, 1, 0, 230, 1, 0, 69, 1, 115]
1543011616667;[171, 0, 17, 255, 161, 74, 240, 101, 225, 1, 0, 33, 1, 0, 233, 1, 0, 69, 1, 93]
1543011616670;[171, 0, 17, 255, 161, 74, 240, 101, 225, 1, 0, 36, 1, 0, 230, 1, 0, 69, 1, 76]
1543011616674;[171, 0, 17, 255, 161, 74, 240, 101, 225, 1, 0, 35, 1, 0, 231, 1, 0, 68, 1, 134]
1543011616841;[171, 0, 17, 255, 161, 74, 240, 101, 225, 1, 0, 35, 1, 0, 232, 1, 0, 68, 1, 154]
1543011616843;[171, 0, 17, 255, 161, 74, 240, 101, 225, 1, 0, 35, 1, 0, 233, 1, 0, 71, 1, 151]
1543011616844;[171, 0, 17, 255, 161, 74, 240, 101, 225, 1, 0, 38, 1, 0, 229, 1, 0, 70, 1, 159]
1543011617005;[171, 0, 17, 255, 161, 74, 240, 101, 225, 1, 0, 36, 1, 0, 232, 1, 0, 68, 1, 141]
1543011617009;[171, 0, 17, 255, 161, 74, 240, 101, 225, 1, 0, 35, 1, 0, 231, 1, 0, 68, 1, 139]
1543011617182;[171, 0, 4, 255, 132, 128, 72]
1543011617208;[171, 0, 17, 255, 161, 74, 240, 101, 225, 1, 0, 34, 1, 0, 230, 1, 0, 70, 1, 123]
1543011617525;[171, 0, 17, 255, 161, 74, 240, 101, 226, 1, 0, 35, 1, 0, 232, 1, 0, 71, 1, 96]
1543011617528;[171, 0, 17, 255, 161, 74, 240, 101, 226, 1, 0, 34, 1, 0, 231, 1, 0, 70, 1, 96]
1543011617532;[171, 0, 17, 255, 161, 74, 240, 101, 226, 1, 0, 37, 1, 0, 234, 1, 0, 70, 1, 157]
1543011617871;[171, 0, 17, 255, 161, 74, 240, 101, 226, 1, 0, 36, 1, 0, 230, 1, 0, 69, 1, 203]
1543011617875;[171, 0, 17, 255, 161, 74, 240, 101, 226, 1, 0, 37, 1, 0, 229, 1, 0, 69, 1, 202]
1543011617879;[171, 0, 17, 255, 161, 74, 240, 101, 226, 1, 0, 32, 1, 0, 230, 1, 0, 70, 1, 194]
1543011617883;[171, 0, 17, 255, 161, 74, 240, 101, 226, 1, 0, 36, 1, 0, 230, 1, 0, 71, 1, 191]
1543011618057;[171, 0, 17, 255, 161, 74, 240, 101, 226, 1, 0, 35, 1, 0, 230, 1, 0, 70, 1, 175]
1543011618214;[171, 0, 17, 255, 161, 74, 240, 101, 226, 1, 0, 36, 1, 0, 229, 1, 0, 69, 1, 162]
1543011618218;[171, 0, 4, 255, 132, 128, 71]
1543011618385;[171, 0, 17, 255, 161, 74, 240, 101, 226, 1, 0, 34, 1, 0, 230, 1, 0, 71, 1, 119]
1543011618395;[171, 0, 17, 255, 161, 74, 240, 101, 227, 1, 0, 36, 1, 0, 232, 1, 0, 70, 1, 125]
1543011618559;[171, 0, 17, 255, 161, 74, 240, 101, 227, 1, 0, 34, 1, 0, 232, 1, 0, 70, 1, 164]
1543011618727;[171, 0, 17, 255, 161, 74, 240, 101, 227, 1, 0, 38, 1, 0, 230, 1, 0, 71, 1, 220]
1543011618730;[171, 0, 17, 255, 161, 74, 240, 101, 227, 1, 0, 35, 1, 0, 231, 1, 0, 70, 1, 224]
1543011618904;[171, 0, 17, 255, 161, 74, 240, 101, 227, 1, 0, 34, 1, 0, 232, 1, 0, 70, 1, 224]
1543011618908;[171, 0, 17, 255, 161, 74, 240, 101, 227, 1, 0, 35, 1, 0, 233, 1, 0, 69, 1, 226]
1543011619423;[171, 0, 17, 255, 161, 74, 240, 101, 227, 1, 0, 34, 1, 0, 232, 1, 0, 68, 1, 218]
1543011619430;[171, 0, 17, 255, 161, 74, 240, 101, 227, 1, 0, 34, 1, 0, 234, 1, 0, 70, 1, 191]
1543011619438;[171, 0, 17, 255, 161, 74, 240, 101, 227, 1, 0, 34, 1, 0, 232, 1, 0, 71, 1, 180]
1543011619441;[171, 0, 4, 255, 132, 128, 71]
1543011619593;[171, 0, 17, 255, 161, 74, 240, 101, 227, 1, 0, 35, 1, 0, 230, 1, 0, 69, 1, 166]
1543011619597;[171, 0, 17, 255, 161, 74, 240, 101, 228, 1, 0, 35, 1, 0, 232, 1, 0, 69, 1, 234]
1543011619600;[171, 0, 17, 255, 161, 74, 240, 101, 228, 1, 0, 35, 1, 0, 231, 1, 0, 71, 2, 37]
1543011619766;[171, 0, 17, 255, 161, 74, 240, 101, 228, 1, 0, 37, 1, 0, 233, 1, 0, 70, 2, 46]
1543011619940;[171, 0, 17, 255, 161, 74, 240, 101, 228, 1, 0, 37, 1, 0, 231, 1, 0, 70, 2, 42]
1543011619944;[171, 0, 17, 255, 161, 74, 240, 101, 228, 1, 0, 34, 1, 0, 232, 1, 0, 71, 2, 48]
1543011620111;[171, 0, 17, 255, 161, 74, 240, 101, 228, 1, 0, 35, 1, 0, 231, 1, 0, 69, 2, 41]
1543011620115;[171, 0, 17, 255, 161, 74, 240, 101, 228, 1, 0, 34, 1, 0, 232, 1, 0, 70, 2, 30]
1543011620454;[171, 0, 17, 255, 161, 74, 240, 101, 228, 1, 0, 36, 1, 0, 231, 1, 0, 69, 2, 19]
1543011620457;[171, 0, 17, 255, 161, 74, 240, 101, 228, 1, 0, 36, 1, 0, 234, 1, 0, 70, 2, 24]
1543011620459;[171, 0, 4, 255, 132, 128, 70]
1543011620632;[171, 0, 17, 255, 161, 74, 240, 101, 228, 1, 0, 36, 1, 0, 231, 1, 0, 70, 2, 105]
1543011620634;[171, 0, 17, 255, 161, 74, 240, 101, 229, 1, 0, 37, 1, 0, 230, 1, 0, 69, 2, 121]
1543011620804;[171, 0, 17, 255, 161, 74, 240, 101, 229, 1, 0, 35, 1, 0, 231, 1, 0, 70, 2, 125]
1543011620807;[171, 0, 17, 255, 161, 74, 240, 101, 229, 1, 0, 38, 1, 0, 231, 1, 0, 68, 2, 112]
1543011620972;[171, 0, 17, 255, 161, 74, 240, 101, 229, 1, 0, 33, 1, 0, 230, 1, 0, 70, 2, 112]
1543011620975;[171, 0, 17, 255, 161, 74, 240, 101, 229, 1, 0, 35, 1, 0, 232, 1, 0, 69, 2, 107]
1543011621145;[171, 0, 17, 255, 161, 74, 240, 101, 229, 1, 0, 35, 1, 0, 231, 1, 0, 69, 2, 96]
1543011621318;[171, 0, 17, 255, 161, 74, 240, 101, 229, 1, 0, 37, 1, 0, 230, 1, 0, 69, 2, 108]
1543011621322;[171, 0, 17, 255, 161, 74, 240, 101, 229, 1, 0, 36, 1, 0, 233, 1, 0, 69, 2, 201]
1543011621838;[171, 0, 17, 255, 161, 74, 240, 101, 229, 1, 0, 34, 1, 0, 229, 1, 0, 70, 2, 223]
1543011621841;[171, 0, 4, 255, 132, 128, 70]
1543011621868;[171, 0, 17, 255, 161, 74, 240, 101, 229, 1, 0, 35, 1, 0, 232, 1, 0, 70, 2, 232]
1543011621870;[171, 0, 17, 255, 161, 74, 240, 101, 230, 1, 0, 36, 1, 0, 231, 1, 0, 70, 2, 211]
1543011622010;[171, 0, 17, 255, 161, 74, 240, 101, 230, 1, 0, 39, 1, 0, 231, 1, 0, 69, 2, 217]
1543011622014;[171, 0, 17, 255, 161, 74, 240, 101, 230, 1, 0, 36, 1, 0, 231, 1, 0, 70, 2, 198]
1543011622018;[171, 0, 17, 255, 161, 74, 240, 101, 230, 1, 0, 37, 1, 0, 230, 1, 0, 69, 2, 186]
1543011622181;[171, 0, 17, 255, 161, 74, 240, 101, 230, 1, 0, 35, 1, 0, 230, 1, 0, 70, 2, 184]
1543011622185;[171, 0, 17, 255, 161, 74, 240, 101, 230, 1, 0, 35, 1, 0, 233, 1, 0, 71, 3, 4]
1543011622355;[171, 0, 17, 255, 161, 74, 240, 101, 230, 1, 0, 36, 1, 0, 231, 1, 0, 69, 3, 60]
1543011622526;[171, 0, 17, 255, 161, 74, 240, 101, 230, 1, 0, 36, 1, 0, 232, 1, 0, 69, 3, 58]
1543011622529;[171, 0, 17, 255, 161, 74, 240, 101, 230, 1, 0, 35, 1, 0, 232, 1, 0, 70, 3, 51]
1543011622698;[171, 0, 4, 255, 132, 128, 69]
1543011622725;[171, 0, 17, 255, 161, 74, 240, 101, 230, 1, 0, 35, 1, 0, 231, 1, 0, 70, 3, 60]
1543011623046;[171, 0, 17, 255, 161, 74, 240, 101, 231, 1, 0, 37, 1, 0, 232, 1, 0, 71, 3, 57]
1543011623068;[171, 0, 17, 255, 161, 74, 240, 101, 231, 1, 0, 33, 1, 0, 231, 1, 0, 70, 3, 39]
1543011623074;[171, 0, 17, 255, 161, 74, 240, 101, 231, 1, 0, 36, 1, 0, 230, 1, 0, 70, 3, 29]
1543011623215;[171, 0, 17, 255, 161, 74, 240, 101, 231, 1, 0, 36, 1, 0, 231, 1, 0, 70, 3, 59]
1543011623219;[171, 0, 17, 255, 161, 74, 240, 101, 231, 1, 0, 35, 1, 0, 231, 1, 0, 70, 3, 143]
1543011623393;[171, 0, 17, 255, 161, 74, 240, 101, 231, 1, 0, 33, 1, 0, 230, 1, 0, 70, 3, 150]
1543011623395;[171, 0, 17, 255, 161, 74, 240, 101, 231, 1, 0, 34, 1, 0, 230, 1, 0, 69, 3, 136]
1543011623561;[171, 0, 17, 255, 161, 74, 240, 101, 231, 1, 0, 35, 1, 0, 231, 1, 0, 69, 3, 122]
1543011623734;[171, 0, 17, 255, 161, 74, 240, 101, 231, 1, 0, 35, 1, 0, 231, 1, 0, 68, 3, 112]
1543011623737;[171, 0, 4, 255, 132, 128, 69]
1543011623906;[171, 0, 17, 255, 161, 74, 240, 101, 231, 1, 0, 34, 1, 0, 231, 1, 0, 68, 3, 93]
1543011623910;[171, 0, 17, 255, 161, 74, 240, 101, 232, 1, 0, 35, 1, 0, 231, 1, 0, 70, 3, 72]
1543011624252;[171, 0, 17, 255, 161, 74, 240, 101, 232, 1, 0, 40, 1, 0, 232, 1, 0, 69, 3, 75]
1543011624256;[171, 0, 17, 255, 161, 74, 240, 101, 232, 1, 0, 34, 1, 0, 230, 1, 0, 72, 3, 132]
1543011624259;[171, 0, 17, 255, 161, 74, 240, 101, 232, 1, 0, 36, 1, 0, 232, 1, 0, 70, 3, 169]
1543011624427;[171, 0, 17, 255, 161, 74, 240, 101, 232, 1, 0, 36, 1, 0, 230, 1, 0, 69, 3, 148]
1543011624429;[171, 0, 17, 255, 161, 74, 240, 101, 232, 1, 0, 35, 1, 0, 229, 1, 0, 70, 3, 143]
1543011624592;[171, 0, 17, 255, 161, 74, 240, 101, 232, 1, 0, 36, 1, 0, 231, 1, 0, 69, 3, 126]
1543011624594;[171, 0, 17, 255, 161, 74, 240, 101, 232, 1, 0, 33, 1, 0, 231, 1, 0, 69, 3, 119]
1543011624941;[171, 0, 17, 255, 161, 74, 240, 101, 234, 1, 0, 34, 1, 0, 231, 1, 0, 71, 3, 169]
1543011624946;[171, 0, 17, 255, 161, 74, 240, 101, 235, 1, 0, 36, 1, 0, 230, 1, 0, 71, 3, 142]
1543011625113;[171, 0, 17, 255, 161, 74, 240, 101, 235, 1, 0, 34, 1, 0, 231, 1, 0, 69, 3, 129]
1543011625287;[171, 0, 17, 255, 161, 74, 240, 101, 235, 1, 0, 36, 1, 0, 231, 1, 0, 70, 3, 96]
1543011625291;[171, 0, 17, 255, 161, 74, 240, 101, 235, 1, 0, 36, 1, 0, 230, 1, 0, 70, 3, 62]
1543011625295;[171, 0, 17, 255, 161, 74, 240, 101, 235, 1, 0, 37, 1, 0, 232, 1, 0, 68, 3, 35]
1543011625632;[171, 0, 17, 255, 161, 74, 240, 101, 235, 1, 0, 35, 1, 0, 232, 1, 0, 70, 3, 40]
1543011625636;[171, 0, 17, 255, 161, 74, 240, 101, 235, 1, 0, 37, 1, 0, 232, 1, 0, 72, 3, 84]
1543011625640;[171, 0, 17, 255, 161, 74, 240, 101, 235, 1, 0, 36, 1, 0, 231, 1, 0, 69, 3, 97]
1543011625800;[171, 0, 17, 255, 161, 74, 240, 101, 235, 1, 0, 35, 1, 0, 231, 1, 0, 69, 3, 86]
1543011625803;[171, 0, 4, 255, 132, 128, 69]
1543011625976;[171, 0, 17, 255, 161, 74, 240, 101, 235, 1, 0, 32, 1, 0, 232, 1, 0, 72, 3, 62]
1543011625979;[171, 0, 17, 255, 161, 74, 240, 101, 236, 1, 0, 36, 1, 0, 232, 1, 0, 69, 3, 66]
1543011626148;[171, 0, 17, 255, 161, 74, 240, 101, 236, 1, 0, 36, 1, 0, 231, 1, 0, 70, 3, 41]
1543011626325;[171, 0, 17, 255, 161, 74, 240, 101, 236, 1, 0, 39, 1, 0, 231, 1, 0, 70, 3, 15]
1543011626327;[171, 0, 17, 255, 161, 74, 240, 101, 236, 1, 0, 36, 1, 0, 231, 1, 0, 69, 2, 254]
1543011626492;[171, 0, 17, 255, 161, 74, 240, 101, 236, 1, 0, 34, 1, 0, 233, 1, 0, 71, 2, 244]
1543011626496;[171, 0, 17, 255, 161, 74, 240, 101, 236, 1, 0, 34, 1, 0, 229, 1, 0, 69, 3, 36]
1543011626840;[171, 0, 17, 255, 161, 74, 240, 101, 236, 1, 0, 33, 1, 0, 231, 1, 0, 68, 3, 17]
1543011626843;[171, 0, 17, 255, 161, 74, 240, 101, 236, 1, 0, 34, 1, 0, 233, 1, 0, 69, 2, 253]
1543011626848;[171, 0, 17, 255, 161, 74, 240, 101, 236, 1, 0, 38, 1, 0, 232, 1, 0, 70, 2, 235]
1543011627014;[171, 0, 4, 255, 132, 128, 69]
1543011627017;[171, 0, 17, 255, 161, 74, 240, 101, 236, 1, 0, 35, 1, 0, 231, 1, 0, 69, 2, 210]
1543011627184;[171, 0, 17, 255, 161, 74, 240, 101, 237, 1, 0, 34, 1, 0, 231, 1, 0, 70, 2, 183]
1543011627188;[171, 0, 17, 255, 161, 74, 240, 101, 237, 1, 0, 33, 1, 0, 229, 1, 0, 68, 2, 177]
1543011627355;[171, 0, 17, 255, 161, 74, 240, 101, 237, 1, 0, 35, 1, 0, 233, 1, 0, 70, 2, 200]
1543011627528;[171, 0, 17, 255, 161, 74, 240, 101, 237, 1, 0, 35, 1, 0, 229, 1, 0, 70, 2, 225]
1543011627531;[171, 0, 17, 255, 161, 74, 240, 101, 237, 1, 0, 38, 1, 0, 231, 1, 0, 69, 2, 222]
1543011627701;[171, 0, 17, 255, 161, 74, 240, 101, 237, 1, 0, 35, 1, 0, 231, 1, 0, 70, 2, 205]
1543011627706;[171, 0, 17, 255, 161, 74, 240, 101, 237, 1, 0, 34, 1, 0, 231, 1, 0, 70, 2, 182]
1543011628221;[171, 0, 17, 255, 161, 74, 240, 101, 237, 1, 0, 34, 1, 0, 232, 1, 0, 70, 2, 161]
1543011628225;[171, 0, 17, 255, 161, 74, 240, 101, 237, 1, 0, 37, 1, 0, 232, 1, 0, 69, 2, 145]
1543011628229;[171, 0, 4, 255, 132, 128, 69]
1543011628255;[171, 0, 17, 255, 161, 74, 240, 101, 237, 1, 0, 37, 1, 0, 234, 1, 0, 69, 2, 171]
1543011628389;[171, 0, 17, 255, 161, 74, 240, 101, 238, 1, 0, 33, 1, 0, 231, 1, 0, 71, 2, 220]
1543011628393;[171, 0, 17, 255, 161, 74, 240, 101, 238, 1, 0, 37, 1, 0, 231, 1, 0, 69, 2, 225]
1543011628394;[171, 0, 17, 255, 161, 74, 240, 101, 238, 1, 0, 35, 1, 0, 230, 1, 0, 69, 2, 216]
1543011628736;[171, 0, 17, 255, 161, 74, 240, 101, 238, 1, 0, 34, 1, 0, 231, 1, 0, 70, 2, 203]
1543011628739;[171, 0, 17, 255, 161, 74, 240, 101, 238, 1, 0, 34, 1, 0, 232, 1, 0, 70, 2, 188]
1543011628744;[171, 0, 17, 255, 161, 74, 240, 101, 238, 1, 0, 36, 1, 0, 231, 1, 0, 71, 2, 178]
1543011628909;[171, 0, 17, 255, 161, 74, 240, 101, 238, 1, 0, 36, 1, 0, 232, 1, 0, 68, 2, 150]
1543011628912;[171, 0, 17, 255, 161, 74, 240, 101, 238, 1, 0, 35, 1, 0, 232, 1, 0, 71, 2, 181]
1543011629429;[171, 0, 17, 255, 161, 74, 240, 101, 238, 1, 0, 36, 1, 0, 230, 1, 0, 70, 3, 2]
1543011629431;[171, 0, 4, 255, 132, 128, 70]
1543011629455;[171, 0, 17, 255, 161, 74, 240, 101, 238, 1, 0, 38, 1, 0, 232, 1, 0, 69, 3, 8]
1543011629458;[171, 0, 17, 255, 161, 74, 240, 101, 239, 1, 0, 36, 1, 0, 232, 1, 0, 71, 3, 1]
1543011629599;[171, 0, 17, 255, 161, 74, 240, 101, 239, 1, 0, 36, 1, 0, 231, 1, 0, 71, 2, 255]
1543011629603;[171, 0, 17, 255, 161, 74, 240, 101, 239, 1, 0, 36, 1, 0, 234, 1, 0, 71, 2, 233]
1543011629606;[171, 0, 17, 255, 161, 74, 240, 101, 239, 1, 0, 35, 1, 0, 231, 1, 0, 69, 2, 226]
1543011629944;[171, 0, 17, 255, 161, 74, 240, 101, 239, 1, 0, 35, 1, 0, 232, 1, 0, 70, 2, 207]
1543011629948;[171, 0, 17, 255, 161, 74, 240, 101, 239, 1, 0, 34, 1, 0, 230, 1, 0, 69, 2, 176]
1543011629951;[171, 0, 17, 255, 161, 74, 240, 101, 239, 1, 0, 36, 1, 0, 231, 1, 0, 71, 2, 183]
1543011630116;[171, 0, 17, 255, 161, 74, 240, 101, 239, 1, 0, 37, 1, 0, 231, 1, 0, 69, 3, 15]
1543011630120;[171, 0, 17, 255, 161, 74, 240, 101, 239, 1, 0, 37, 1, 0, 231, 1, 0, 71, 3, 60]
1543011630289;[171, 0, 4, 255, 132, 128, 70]
1543011630293;[171, 0, 17, 255, 161, 74, 240, 101, 239, 1, 0, 36, 1, 0, 232, 1, 0, 70, 3, 54]
1543011630633;[171, 0, 17, 255, 161, 74, 240, 101, 240, 1, 0, 35, 1, 0, 230, 1, 0, 70, 3, 42]
1543011630638;[171, 0, 17, 255, 161, 74, 240, 101, 240, 1, 0, 35, 1, 0, 232, 1, 0, 69, 3, 37]
1543011630641;[171, 0, 17, 255, 161, 74, 240, 101, 240, 1, 0, 35, 1, 0, 232, 1, 0, 70, 3, 13]
1543011630807;[171, 0, 17, 255, 161, 74, 240, 101, 240, 1, 0, 36, 1, 0, 231, 1, 0, 69, 3, 8]
1543011630811;[171, 0, 17, 255, 161, 74, 240, 101, 240, 1, 0, 38, 1, 0, 230, 1, 0, 71, 2, 231]
1543011630978;[171, 0, 17, 255, 161, 74, 240, 101, 240, 1, 0, 34, 1, 0, 230, 1, 0, 70, 2, 223]
1543011630982;[171, 0, 17, 255, 161, 74, 240, 101, 240, 1, 0, 34, 1, 0, 231, 1, 0, 70, 3, 50]
1543011631151;[171, 0, 17, 255, 161, 74, 240, 101, 240, 1, 0, 35, 1, 0, 231, 1, 0, 70, 3, 107]
1543011631323;[171, 0, 17, 255, 161, 74, 240, 101, 240, 1, 0, 36, 1, 0, 231, 1, 0, 69, 3, 113]
1543011631495;[171, 0, 4, 255, 132, 128, 70]
1543011631523;[171, 0, 17, 255, 161, 74, 240, 101, 240, 1, 0, 34, 1, 0, 232, 1, 0, 69, 3, 108]
1543011631524;[171, 0, 17, 255, 161, 74, 240, 101, 241, 1, 0, 37, 1, 0, 230, 1, 0, 70, 3, 91]
1543011631671;[171, 0, 17, 255, 161, 74, 240, 101, 241, 1, 0, 36, 1, 0, 231, 1, 0, 69, 3, 76]
1543011632015;[171, 0, 17, 255, 161, 74, 240, 101, 241, 1, 0, 35, 1, 0, 230, 1, 0, 71, 3, 59]
1543011632018;[171, 0, 17, 255, 161, 74, 240, 101, 241, 1, 0, 34, 1, 0, 232, 1, 0, 69, 3, 37]
1543011632041;[171, 0, 17, 255, 161, 74, 240, 101, 241, 1, 0, 34, 1, 0, 234, 1, 0, 69, 3, 80]
1543011632045;[171, 0, 17, 255, 161, 74, 240, 101, 241, 1, 0, 36, 1, 0, 232, 1, 0, 69, 3, 153]
1543011632183;[171, 0, 17, 255, 161, 74, 240, 101, 241, 1, 0, 36, 1, 0, 231, 1, 0, 69, 3, 150]
1543011632187;[171, 0, 17, 255, 161, 74, 240, 101, 241, 1, 0, 34, 1, 0, 231, 1, 0, 69, 3, 131]
1543011632360;[171, 0, 17, 255, 161, 74, 240, 101, 241, 1, 0, 36, 1, 0, 229, 1, 0, 70, 3, 119]
1543011632531;[171, 0, 4, 255, 132, 128, 70]
1543011632558;[171, 0, 17, 255, 161, 74, 240, 101, 241, 1, 0, 35, 1, 0, 232, 1, 0, 70, 3, 98]
1543011632702;[171, 0, 17, 255, 161, 74, 240, 101, 242, 1, 0, 35, 1, 0, 233, 1, 0, 69, 3, 84]
1543011632705;[171, 0, 17, 255, 161, 74, 240, 101, 242, 1, 0, 38, 1, 0, 232, 1, 0, 70, 3, 109]
1543011632875;[171, 0, 17, 255, 161, 74, 240, 101, 242, 1, 0, 33, 1, 0, 232, 1, 0, 70, 3, 212]
1543011632879;[171, 0, 17, 255, 161, 74, 240, 101, 242, 1, 0, 35, 1, 0, 231, 1, 0, 70, 3, 234]
1543011633224;[171, 0, 17, 255, 161, 74, 240, 101, 242, 1, 0, 35, 1, 0, 231, 1, 0, 69, 3, 209]
1543011633226;[171, 0, 17, 255, 161, 74, 240, 101, 242, 1, 0, 35, 1, 0, 232, 1, 0, 68, 3, 190]
1543011633230;[171, 0, 17, 255, 161, 74, 240, 101, 242, 1, 0, 35, 1, 0, 231, 1, 0, 69, 3, 172]
1543011633393;[171, 0, 17, 255, 161, 74, 240, 101, 242, 1, 0, 36, 1, 0, 231, 1, 0, 71, 3, 161]
1543011633397;[171, 0, 17, 255, 161, 74, 240, 101, 242, 1, 0, 36, 1, 0, 231, 1, 0, 70, 3, 134]
1543011633565;[171, 0, 4, 255, 132, 128, 70]
1543011633738;[171, 0, 17, 255, 161, 74, 240, 101, 242, 1, 0, 36, 1, 0, 231, 1, 0, 69, 3, 191]
1543011633742;[171, 0, 17, 255, 161, 74, 240, 101, 243, 1, 0, 37, 1, 0, 231, 1, 0, 70, 4, 30]
1543011633911;[171, 0, 17, 255, 161, 74, 240, 101, 243, 1, 0, 38, 1, 0, 232, 1, 0, 71, 4, 27]
1543011633915;[171, 0, 17, 255, 161, 74, 240, 101, 243, 1, 0, 33, 1, 0, 230, 1, 0, 70, 4, 12]
1543011634093;[171, 0, 17, 255, 161, 74, 240, 101, 243, 1, 0, 36, 1, 0, 232, 1, 0, 71, 3, 249]
1543011634095;[171, 0, 17, 255, 161, 74, 240, 101, 243, 1, 0, 37, 1, 0, 230, 1, 0, 70, 3, 237]
1543011634256;[171, 0, 17, 255, 161, 74, 240, 101, 243, 1, 0, 38, 1, 0, 232, 1, 0, 70, 3, 206]
1543011634601;[171, 0, 17, 255, 161, 74, 240, 101, 243, 1, 0, 36, 1, 0, 230, 1, 0, 69, 3, 166]
1543011634605;[171, 0, 17, 255, 161, 74, 240, 101, 243, 1, 0, 35, 1, 0, 231, 1, 0, 70, 3, 144]
1543011634608;[171, 0, 17, 255, 161, 74, 240, 101, 243, 1, 0, 34, 1, 0, 229, 1, 0, 70, 3, 154]
1543011634611;[171, 0, 4, 255, 132, 128, 71]
1543011634774;[171, 0, 17, 255, 161, 74, 240, 101, 243, 1, 0, 38, 1, 0, 231, 1, 0, 71, 4, 17]
1543011634778;[171, 0, 17, 255, 161, 74, 240, 101, 244, 1, 0, 35, 1, 0, 229, 1, 0, 71, 4, 37]
1543011634946;[171, 0, 17, 255, 161, 74, 240, 101, 244, 1, 0, 36, 1, 0, 229, 1, 0, 71, 4, 7]
1543011635119;[171, 0, 17, 255, 161, 74, 240, 101, 244, 1, 0, 34, 1, 0, 230, 1, 0, 69, 3, 239]
1543011635123;[171, 0, 17, 255, 161, 74, 240, 101, 244, 1, 0, 38, 1, 0, 232, 1, 0, 69, 3, 229]
1543011635291;[171, 0, 17, 255, 161, 74, 240, 101, 244, 1, 0, 32, 1, 0, 231, 1, 0, 69, 3, 209]
1543011635298;[171, 0, 17, 255, 161, 74, 240, 101, 244, 1, 0, 36, 1, 0, 234, 1, 0, 69, 3, 181]
1543011635462;[171, 0, 17, 255, 161, 74, 240, 101, 244, 1, 0, 36, 1, 0, 231, 1, 0, 69, 3, 141]
1543011635811;[171, 0, 17, 255, 161, 74, 240, 101, 244, 1, 0, 35, 1, 0, 230, 1, 0, 70, 3, 145]
1543011635815;[171, 0, 17, 255, 161, 74, 240, 101, 244, 1, 0, 35, 1, 0, 231, 1, 0, 70, 3, 252]
1543011635818;[171, 0, 4, 255, 132, 128, 71]
1543011635845;[171, 0, 17, 255, 161, 74, 240, 101, 244, 1, 0, 36, 1, 0, 231, 1, 0, 70, 4, 1]
1543011635984;[171, 0, 17, 255, 161, 74, 240, 101, 245, 1, 0, 36, 1, 0, 231, 1, 0, 69, 3, 228]
1543011635985;[171, 0, 17, 255, 161, 74, 240, 101, 245, 1, 0, 35, 1, 0, 233, 1, 0, 69, 3, 203]
1543011636153;[171, 0, 17, 255, 161, 74, 240, 101, 245, 1, 0, 39, 1, 0, 233, 1, 0, 69, 3, 194]
1543011636326;[171, 0, 17, 255, 161, 74, 240, 101, 245, 1, 0, 36, 1, 0, 231, 1, 0, 69, 3, 174]
1543011636330;[171, 0, 17, 255, 161, 74, 240, 101, 245, 1, 0, 38, 1, 0, 230, 1, 0, 69, 3, 136]
1543011636500;[171, 0, 17, 255, 161, 74, 240, 101, 245, 1, 0, 38, 1, 0, 231, 1, 0, 71, 3, 138]
1543011636504;[171, 0, 17, 255, 161, 74, 240, 101, 245, 1, 0, 35, 1, 0, 231, 1, 0, 70, 3, 229]
1543011636672;[171, 0, 17, 255, 161, 74, 240, 101, 245, 1, 0, 36, 1, 0, 231, 1, 0, 70, 3, 230]
1543011636675;[171, 0, 17, 255, 161, 74, 240, 101, 245, 1, 0, 33, 1, 0, 230, 1, 0, 70, 3, 199]
1543011637190;[171, 0, 4, 255, 132, 128, 71]
1543011637217;[171, 0, 17, 255, 161, 74, 240, 101, 245, 1, 0, 36, 1, 0, 230, 1, 0, 70, 3, 169]
1543011637219;[171, 0, 17, 255, 161, 74, 240, 101, 246, 1, 0, 38, 1, 0, 230, 1, 0, 70, 3, 156]
1543011637221;[171, 0, 17, 255, 161, 74, 240, 101, 246, 1, 0, 36, 1, 0, 229, 1, 0, 70, 3, 137]
1543011637363;[171, 0, 17, 255, 161, 74, 240, 101, 246, 1, 0, 39, 1, 0, 231, 1, 0, 70, 3, 94]
1543011637369;[171, 0, 17, 255, 161, 74, 240, 101, 246, 1, 0, 37, 1, 0, 232, 1, 0, 70, 3, 123]
1543011637533;[171, 0, 17, 255, 161, 74, 240, 101, 246, 1, 0, 34, 1, 0, 230, 1, 0, 69, 3, 203]
1543011637536;[171, 0, 17, 255, 161, 74, 240, 101, 246, 1, 0, 35, 1, 0, 233, 1, 0, 69, 3, 201]
1543011637706;[171, 0, 17, 255, 161, 74, 240, 101, 246, 1, 0, 34, 1, 0, 230, 1, 0, 71, 3, 171]
1543011637880;[171, 0, 17, 255, 161, 74, 240, 101, 246, 1, 0, 36, 1, 0, 232, 1, 0, 71, 3, 135]
1543011637884;[171, 0, 17, 255, 161, 74, 240, 101, 246, 1, 0, 37, 1, 0, 231, 1, 0, 69, 3, 119]
1543011637887;[171, 0, 4, 255, 132, 128, 71]
1543011638050;[171, 0, 17, 255, 161, 74, 240, 101, 246, 1, 0, 36, 1, 0, 231, 1, 0, 70, 3, 86]
1543011638396;[171, 0, 17, 255, 161, 74, 240, 101, 247, 1, 0, 38, 1, 0, 233, 1, 0, 70, 3, 57]
1543011638404;[171, 0, 17, 255, 161, 74, 240, 101, 247, 1, 0, 36, 1, 0, 231, 1, 0, 69, 3, 68]
1543011638570;[171, 0, 17, 255, 161, 74, 240, 101, 247, 1, 0, 38, 1, 0, 231, 1, 0, 70, 3, 155]
1543011638574;[171, 0, 17, 255, 161, 74, 240, 101, 247, 1, 0, 36, 1, 0, 231, 1, 0, 71, 3, 169]
1543011638577;[171, 0, 17, 255, 161, 74, 240, 101, 247, 1, 0, 36, 1, 0, 232, 1, 0, 69, 3, 132]
1543011638582;[171, 0, 17, 255, 161, 74, 240, 101, 247, 1, 0, 36, 1, 0, 230, 1, 0, 71, 3, 107]
1543011638737;[171, 0, 17, 255, 161, 74, 240, 101, 247, 1, 0, 35, 1, 0, 230, 1, 0, 68, 3, 78]
1543011638915;[171, 0, 17, 255, 161, 74, 240, 101, 247, 1, 0, 34, 1, 0, 230, 1, 0, 70, 3, 53]
1543011638918;[171, 0, 17, 255, 161, 74, 240, 101, 247, 1, 0, 35, 1, 0, 233, 1, 0, 69, 2, 255]
1543011639102;[171, 0, 4, 255, 132, 128, 71]
1543011639109;[171, 0, 17, 255, 161, 74, 240, 101, 247, 1, 0, 35, 1, 0, 230, 1, 0, 70, 2, 249]
1543011639258;[171, 0, 17, 255, 161, 74, 240, 101, 248, 1, 0, 35, 1, 0, 230, 1, 0, 71, 3, 64]
1543011639604;[171, 0, 17, 255, 161, 74, 240, 101, 248, 1, 0, 36, 1, 0, 231, 1, 0, 69, 3, 98]
1543011639609;[171, 0, 17, 255, 161, 74, 240, 101, 248, 1, 0, 38, 1, 0, 234, 1, 0, 71, 3, 70]
1543011639613;[171, 0, 17, 255, 161, 74, 240, 101, 248, 1, 0, 37, 1, 0, 232, 1, 0, 70, 3, 43]
1543011639616;[171, 0, 17, 255, 161, 74, 240, 101, 248, 1, 0, 37, 1, 0, 231, 1, 0, 70, 3, 18]
1543011639775;[171, 0, 17, 255, 161, 74, 240, 101, 248, 1, 0, 36, 1, 0, 232, 1, 0, 70, 2, 249]
1543011639779;[171, 0, 17, 255, 161, 74, 240, 101, 248, 1, 0, 36, 1, 0, 230, 1, 0, 70, 2, 215]
1543011639948;[171, 0, 17, 255, 161, 74, 240, 101, 248, 1, 0, 37, 1, 0, 230, 1, 0, 69, 2, 184]
1543011640120;[171, 0, 17, 255, 161, 74, 240, 101, 248, 1, 0, 36, 1, 0, 232, 1, 0, 69, 2, 194]
1543011640125;[171, 0, 4, 255, 132, 128, 71]
1543011640297;[171, 0, 17, 255, 161, 74, 240, 101, 248, 1, 0, 35, 1, 0, 232, 1, 0, 69, 3, 16]
1543011640298;[171, 0, 17, 255, 161, 74, 240, 101, 249, 1, 0, 35, 1, 0, 231, 1, 0, 69, 3, 11]
1543011640639;[171, 0, 17, 255, 161, 74, 240, 101, 249, 1, 0, 35, 1, 0, 232, 1, 0, 70, 2, 238]
1543011640643;[171, 0, 17, 255, 161, 74, 240, 101, 249, 1, 0, 36, 1, 0, 233, 1, 0, 69, 2, 208]
1543011640646;[171, 0, 17, 255, 161, 74, 240, 101, 249, 1, 0, 35, 1, 0, 231, 1, 0, 70, 2, 203]
1543011640985;[171, 0, 17, 255, 161, 74, 240, 101, 249, 1, 0, 37, 1, 0, 231, 1, 0, 69, 2, 160]
1543011640992;[171, 0, 17, 255, 161, 74, 240, 101, 249, 1, 0, 36, 1, 0, 231, 1, 0, 71, 2, 140]
1543011640997;[171, 0, 17, 255, 161, 74, 240, 101, 249, 1, 0, 34, 1, 0, 231, 1, 0, 70, 2, 137]
1543011640999;[171, 0, 17, 255, 161, 74, 240, 101, 249, 1, 0, 37, 1, 0, 233, 1, 0, 70, 2, 213]
1543011641155;[171, 0, 17, 255, 161, 74, 240, 101, 249, 1, 0, 37, 1, 0, 231, 1, 0, 70, 2, 212]
1543011641328;[171, 0, 4, 255, 132, 128, 71]
1543011641355;[171, 0, 17, 255, 161, 74, 240, 101, 249, 1, 0, 37, 1, 0, 232, 1, 0, 72, 2, 180]
1543011641499;[171, 0, 17, 255, 161, 74, 240, 101, 250, 1, 0, 34, 1, 0, 231, 1, 0, 69, 2, 148]
1543011641502;[171, 0, 17, 255, 161, 74, 240, 101, 250, 1, 0, 36, 1, 0, 231, 1, 0, 70, 2, 133]
1543011641673;[171, 0, 17, 255, 161, 74, 240, 101, 250, 1, 0, 35, 1, 0, 231, 1, 0, 70, 2, 152]
1543011641679;[171, 0, 17, 255, 161, 74, 240, 101, 250, 1, 0, 36, 1, 0, 232, 1, 0, 70, 2, 170]
1543011641846;[171, 0, 17, 255, 161, 74, 240, 101, 250, 1, 0, 35, 1, 0, 229, 1, 0, 71, 2, 199]
1543011642194;[171, 0, 17, 255, 161, 74, 240, 101, 250, 1, 0, 33, 1, 0, 233, 1, 0, 70, 2, 242]
1543011642199;[171, 0, 17, 255, 161, 74, 240, 101, 250, 1, 0, 35, 1, 0, 233, 1, 0, 70, 2, 231]
1543011642202;[171, 0, 17, 255, 161, 74, 240, 101, 250, 1, 0, 33, 1, 0, 231, 1, 0, 70, 2, 207]
1543011642207;[171, 0, 17, 255, 161, 74, 240, 101, 250, 1, 0, 37, 1, 0, 233, 1, 0, 71, 2, 180]
1543011642362;[171, 0, 4, 255, 132, 128, 71]
1543011642536;[171, 0, 17, 255, 161, 74, 240, 101, 250, 1, 0, 33, 1, 0, 230, 1, 0, 70, 2, 151]
1543011642540;[171, 0, 17, 255, 161, 74, 240, 101, 251, 1, 0, 36, 1, 0, 231, 1, 0, 70, 2, 145]
1543011642708;[171, 0, 17, 255, 161, 74, 240, 101, 251, 1, 0, 35, 1, 0, 228, 1, 0, 70, 2, 104]
1543011642712;[171, 0, 17, 255, 161, 74, 240, 101, 251, 1, 0, 34, 1, 0, 231, 1, 0, 68, 2, 174]
1543011642881;[171, 0, 17, 255, 161, 74, 240, 101, 251, 1, 0, 33, 1, 0, 232, 1, 0, 70, 2, 242]
1543011642884;[171, 0, 17, 255, 161, 74, 240, 101, 251, 1, 0, 36, 1, 0, 232, 1, 0, 70, 2, 206]
1543011643053;[171, 0, 17, 255, 161, 74, 240, 101, 251, 1, 0, 36, 1, 0, 233, 1, 0, 70, 2, 188]
1543011643573;[171, 0, 17, 255, 161, 74, 240, 101, 251, 1, 0, 37, 1, 0, 231, 1, 0, 69, 2, 170]
1543011643577;[171, 0, 17, 255, 161, 74, 240, 101, 251, 1, 0, 35, 1, 0, 231, 1, 0, 71, 2, 137]
1543011643581;[171, 0, 17, 255, 161, 74, 240, 101, 251, 1, 0, 35, 1, 0, 231, 1, 0, 70, 2, 120]
1543011643585;[171, 0, 4, 255, 132, 128, 72]
1543011643746;[171, 0, 17, 255, 161, 74, 240, 101, 251, 1, 0, 34, 1, 0, 230, 1, 0, 70, 2, 97]
1543011643749;[171, 0, 17, 255, 161, 74, 240, 102, 0, 1, 0, 35, 1, 0, 231, 1, 0, 69, 2, 172]
1543011643752;[171, 0, 17, 255, 161, 74, 240, 102, 0, 1, 0, 37, 1, 0, 232, 1, 0, 70, 2, 218]
1543011643916;[171, 0, 17, 255, 161, 74, 240, 102, 0, 1, 0, 36, 1, 0, 232, 1, 0, 71, 2, 192]
1543011643920;[171, 0, 17, 255, 161, 74, 240, 102, 0, 1, 0, 37, 1, 0, 230, 1, 0, 70, 2, 177]
1543011644090;[171, 0, 17, 255, 161, 74, 240, 102, 0, 1, 0, 34, 1, 0, 232, 1, 0, 70, 2, 158]
1543011644112;[171, 0, 17, 255, 161, 74, 240, 102, 0, 1, 0, 34, 1, 0, 232, 1, 0, 70, 2, 129]
1543011644261;[171, 0, 17, 255, 161, 74, 240, 102, 0, 1, 0, 34, 1, 0, 234, 1, 0, 70, 2, 104]
1543011644433;[171, 0, 17, 255, 161, 74, 240, 102, 0, 1, 0, 35, 1, 0, 231, 1, 0, 69, 2, 87]
1543011644441;[171, 0, 17, 255, 161, 74, 240, 102, 0, 1, 0, 34, 1, 0, 229, 1, 0, 69, 2, 179]
1543011644950;[171, 0, 4, 255, 132, 128, 72]
1543011644974;[171, 0, 17, 255, 161, 74, 240, 102, 0, 1, 0, 35, 1, 0, 231, 1, 0, 70, 2, 192]
1543011644975;[171, 0, 17, 255, 161, 74, 240, 102, 1, 1, 0, 34, 1, 0, 231, 1, 0, 70, 2, 160]
1543011644977;[171, 0, 17, 255, 161, 74, 240, 102, 1, 1, 0, 37, 1, 0, 231, 1, 0, 71, 2, 142]
1543011645123;[171, 0, 17, 255, 161, 74, 240, 102, 1, 1, 0, 36, 1, 0, 231, 1, 0, 70, 2, 130]
1543011645127;[171, 0, 17, 255, 161, 74, 240, 102, 1, 1, 0, 33, 1, 0, 231, 1, 0, 70, 2, 123]
1543011645132;[171, 0, 17, 255, 161, 74, 240, 102, 1, 1, 0, 36, 1, 0, 230, 1, 0, 71, 2, 99]
1543011645296;[171, 0, 17, 255, 161, 74, 240, 102, 1, 1, 0, 31, 1, 0, 231, 1, 0, 69, 2, 145]
1543011645300;[171, 0, 17, 255, 161, 74, 240, 102, 1, 1, 0, 38, 1, 0, 229, 1, 0, 71, 2, 123]
1543011645467;[171, 0, 17, 255, 161, 74, 240, 102, 1, 1, 0, 37, 1, 0, 231, 1, 0, 68, 2, 93]
1543011645471;[171, 0, 17, 255, 161, 74, 240, 102, 1, 1, 0, 35, 1, 0, 229, 1, 0, 71, 2, 62]
1543011645640;[171, 0, 4, 255, 132, 128, 72]
1543011646160;[171, 0, 17, 255, 161, 74, 240, 102, 1, 1, 0, 37, 1, 0, 233, 1, 0, 70, 2, 44]
1543011646163;[171, 0, 17, 255, 161, 74, 240, 102, 2, 1, 0, 36, 1, 0, 230, 1, 0, 69, 2, 23]
1543011646167;[171, 0, 17, 255, 161, 74, 240, 102, 2, 1, 0, 36, 1, 0, 231, 1, 0, 70, 1, 247]
1543011646171;[171, 0, 17, 255, 161, 74, 240, 102, 2, 1, 0, 37, 1, 0, 233, 1, 0, 71, 2, 34]
1543011646332;[171, 0, 17, 255, 161, 74, 240, 102, 2, 1, 0, 35, 1, 0, 230, 1, 0, 71, 2, 101]
1543011646335;[171, 0, 17, 255, 161, 74, 240, 102, 2, 1, 0, 33, 1, 0, 230, 1, 0, 69, 2, 86]
1543011646339;[171, 0, 17, 255, 161, 74, 240, 102, 2, 1, 0, 37, 1, 0, 232, 1, 0, 71, 2, 50]
1543011646500;[171, 0, 17, 255, 161, 74, 240, 102, 2, 1, 0, 34, 1, 0, 232, 1, 0, 70, 2, 34]
1543011646503;[171, 0, 17, 255, 161, 74, 240, 102, 2, 1, 0, 33, 1, 0, 230, 1, 0, 70, 2, 12]
1543011646677;[171, 0, 17, 255, 161, 74, 240, 102, 2, 1, 0, 34, 1, 0, 231, 1, 0, 70, 1, 241]
1543011646681;[171, 0, 4, 255, 132, 128, 72]
1543011646847;[171, 0, 17, 255, 161, 74, 240, 102, 2, 1, 0, 35, 1, 0, 232, 1, 0, 71, 1, 209]
1543011647021;[171, 0, 17, 255, 161, 74, 240, 102, 3, 1, 0, 36, 1, 0, 230, 1, 0, 70, 1, 240]
1543011647025;[171, 0, 17, 255, 161, 74, 240, 102, 3, 1, 0, 34, 1, 0, 230, 1, 0, 70, 2, 52]
1543011647367;[171, 0, 17, 255, 161, 74, 240, 102, 3, 1, 0, 38, 1, 0, 229, 1, 0, 71, 2, 49]
1543011647371;[171, 0, 17, 255, 161, 74, 240, 102, 3, 1, 0, 34, 1, 0, 231, 1, 0, 70, 2, 15]
1543011647376;[171, 0, 17, 255, 161, 74, 240, 102, 3, 1, 0, 36, 1, 0, 232, 1, 0, 70, 1, 239]
1543011647537;[171, 0, 17, 255, 161, 74, 240, 102, 3, 1, 0, 36, 1, 0, 234, 1, 0, 70, 1, 206]
1543011647541;[171, 0, 17, 255, 161, 74, 240, 102, 3, 1, 0, 36, 1, 0, 230, 1, 0, 71, 1, 160]
1543011647710;[171, 0, 17, 255, 161, 74, 240, 102, 3, 1, 0, 35, 1, 0, 233, 1, 0, 70, 1, 122]
1543011647883;[171, 0, 17, 255, 161, 74, 240, 102, 5, 1, 0, 35, 1, 0, 230, 1, 0, 70, 0, 230]
1543011647889;[171, 0, 17, 255, 161, 74, 240, 102, 6, 1, 0, 37, 1, 0, 230, 1, 0, 70, 0, 211]
1543011648056;[171, 0, 17, 255, 161, 74, 240, 102, 6, 1, 0, 38, 1, 0, 230, 1, 0, 71, 16, 173]
1543011648575;[171, 0, 17, 255, 161, 74, 240, 102, 6, 1, 0, 34, 1, 0, 231, 1, 0, 70, 7, 224]
1543011648579;[171, 0, 17, 255, 161, 74, 240, 102, 6, 1, 0, 34, 1, 0, 232, 1, 0, 71, 8, 73]
1543011648583;[171, 0, 17, 255, 161, 74, 240, 102, 6, 1, 0, 36, 1, 0, 231, 1, 0, 70, 8, 82]
1543011648587;[171, 0, 17, 255, 161, 74, 240, 102, 6, 1, 0, 36, 1, 0, 229, 1, 0, 69, 8, 66]
1543011648746;[171, 0, 17, 255, 161, 74, 240, 102, 6, 1, 0, 36, 1, 0, 230, 1, 0, 71, 8, 40]
1543011648750;[171, 0, 17, 255, 161, 74, 240, 102, 6, 1, 0, 37, 1, 0, 233, 1, 0, 70, 8, 19]
1543011648754;[171, 0, 17, 255, 161, 74, 240, 102, 6, 1, 0, 36, 1, 0, 232, 1, 0, 69, 7, 247]
1543011648918;[171, 0, 4, 255, 132, 128, 74]
1543011648946;[171, 0, 17, 255, 161, 74, 240, 102, 6, 1, 0, 35, 1, 0, 230, 1, 0, 70, 7, 209]
1543011649091;[171, 0, 17, 255, 161, 74, 240, 102, 7, 1, 0, 35, 1, 0, 232, 1, 0, 69, 7, 220]
1543011649095;[171, 0, 17, 255, 161, 74, 240, 102, 7, 1, 0, 36, 1, 0, 231, 1, 0, 71, 8, 75]
1543011649262;[171, 0, 17, 255, 161, 74, 240, 102, 7, 1, 0, 36, 1, 0, 231, 1, 0, 70, 8, 85]
1543011649437;[171, 0, 17, 255, 161, 74, 240, 102, 7, 1, 0, 34, 1, 0, 232, 1, 0, 70, 8, 81]
1543011649439;[171, 0, 17, 255, 161, 74, 240, 102, 7, 1, 0, 36, 1, 0, 230, 1, 0, 71, 8, 44]
1543011649607;[171, 0, 17, 255, 161, 74, 240, 102, 7, 1, 0, 37, 1, 0, 231, 1, 0, 70, 8, 45]
1543011649610;[171, 0, 17, 255, 161, 74, 240, 102, 7, 1, 0, 35, 1, 0, 231, 1, 0, 69, 8, 24]
1543011649955;[171, 0, 17, 255, 161, 74, 240, 102, 7, 1, 0, 35, 1, 0, 231, 1, 0, 70, 7, 233]
1543011649959;[171, 0, 17, 255, 161, 74, 240, 102, 7, 1, 0, 35, 1, 0, 230, 1, 0, 69, 7, 150]
1543011649962;[171, 0, 4, 255, 132, 128, 74]
1543011650130;[171, 0, 17, 255, 161, 74, 240, 102, 7, 1, 0, 39, 1, 0, 233, 1, 0, 71, 7, 164]
1543011650132;[171, 0, 17, 255, 161, 74, 240, 102, 8, 1, 0, 36, 1, 0, 229, 1, 0, 70, 7, 251]
1543011650298;[171, 0, 17, 255, 161, 74, 240, 102, 8, 1, 0, 37, 1, 0, 233, 1, 0, 68, 8, 15]
1543011650302;[171, 0, 17, 255, 161, 74, 240, 102, 8, 1, 0, 38, 1, 0, 229, 1, 0, 69, 8, 26]
1543011650470;[171, 0, 17, 255, 161, 74, 240, 102, 8, 1, 0, 36, 1, 0, 231, 1, 0, 70, 8, 25]
1543011650473;[171, 0, 17, 255, 161, 74, 240, 102, 8, 1, 0, 35, 1, 0, 230, 1, 0, 70, 8, 22]
1543011650643;[171, 0, 17, 255, 161, 74, 240, 102, 8, 1, 0, 37, 1, 0, 230, 1, 0, 69, 7, 235]
1543011650816;[171, 0, 17, 255, 161, 74, 240, 102, 8, 1, 0, 35, 1, 0, 231, 1, 0, 70, 7, 224]
1543011650819;[171, 0, 17, 255, 161, 74, 240, 102, 8, 1, 0, 36, 1, 0, 231, 1, 0, 69, 8, 1]
1543011651162;[171, 0, 17, 255, 161, 74, 240, 102, 8, 1, 0, 38, 1, 0, 231, 1, 0, 71, 8, 75]
1543011651167;[171, 0, 4, 255, 132, 128, 74]
1543011651194;[171, 0, 17, 255, 161, 74, 240, 102, 8, 1, 0, 31, 1, 0, 231, 1, 0, 70, 8, 45]
1543011651333;[171, 0, 17, 255, 161, 74, 240, 102, 9, 1, 0, 35, 1, 0, 232, 1, 0, 70, 8, 15]
1543011651336;[171, 0, 17, 255, 161, 74, 240, 102, 9, 1, 0, 36, 1, 0, 231, 1, 0, 70, 7, 250]
1543011651506;[171, 0, 17, 255, 161, 74, 240, 102, 9, 1, 0, 34, 1, 0, 229, 1, 0, 70, 7, 229]
1543011651510;[171, 0, 17, 255, 161, 74, 240, 102, 9, 1, 0, 34, 1, 0, 231, 1, 0, 69, 7, 196]
1543011651676;[171, 0, 17, 255, 161, 74, 240, 102, 9, 1, 0, 37, 1, 0, 233, 1, 0, 69, 7, 196]
1543011651679;[171, 0, 17, 255, 161, 74, 240, 102, 9, 1, 0, 35, 1, 0, 229, 1, 0, 70, 8, 38]
1543011651851;[171, 0, 17, 255, 161, 74, 240, 102, 9, 1, 0, 37, 1, 0, 230, 1, 0, 70, 8, 21]
1543011652040;[171, 0, 17, 255, 161, 74, 240, 102, 9, 1, 0, 36, 1, 0, 229, 1, 0, 70, 8, 1]
1543011652045;[171, 0, 17, 255, 161, 74, 240, 102, 9, 1, 0, 36, 1, 0, 232, 1, 0, 70, 7, 213]
1543011652542;[171, 0, 4, 255, 132, 128, 74]
1543011652567;[171, 0, 17, 255, 161, 74, 240, 102, 9, 1, 0, 34, 1, 0, 232, 1, 0, 70, 7, 196]
1543011652568;[171, 0, 17, 255, 161, 74, 240, 102, 10, 1, 0, 36, 1, 0, 232, 1, 0, 71, 7, 164]
1543011652570;[171, 0, 17, 255, 161, 74, 240, 102, 10, 1, 0, 34, 1, 0, 233, 1, 0, 70, 7, 111]
1543011652713;[171, 0, 17, 255, 161, 74, 240, 102, 10, 1, 0, 33, 1, 0, 230, 1, 0, 71, 7, 111]
1543011652717;[171, 0, 17, 255, 161, 74, 240, 102, 10, 1, 0, 38, 1, 0, 230, 1, 0, 70, 7, 214]
1543011652886;[171, 0, 17, 255, 161, 74, 240, 102, 10, 1, 0, 35, 1, 0, 230, 1, 0, 70, 7, 208]
1543011652890;[171, 0, 17, 255, 161, 74, 240, 102, 10, 1, 0, 37, 1, 0, 231, 1, 0, 70, 7, 163]
1543011652894;[171, 0, 17, 255, 161, 74, 240, 102, 10, 1, 0, 35, 1, 0, 231, 1, 0, 70, 7, 124]
1543011653231;[171, 0, 17, 255, 161, 74, 240, 102, 10, 1, 0, 38, 1, 0, 229, 1, 0, 71, 7, 100]
1543011653234;[171, 0, 17, 255, 161, 74, 240, 102, 10, 1, 0, 37, 1, 0, 232, 1, 0, 69, 7, 78]
1543011653236;[171, 0, 4, 255, 132, 128, 74]
1543011653406;[171, 0, 17, 255, 161, 74, 240, 102, 10, 1, 0, 37, 1, 0, 230, 1, 0, 72, 7, 35]
1543011653408;[171, 0, 17, 255, 161, 74, 240, 102, 11, 1, 0, 35, 1, 0, 231, 1, 0, 71, 7, 8]
1543011653750;[171, 0, 17, 255, 161, 74, 240, 102, 11, 1, 0, 33, 1, 0, 230, 1, 0, 70, 7, 69]
1543011653754;[171, 0, 17, 255, 161, 74, 240, 102, 11, 1, 0, 36, 1, 0, 231, 1, 0, 70, 7, 99]
1543011653757;[171, 0, 17, 255, 161, 74, 240, 102, 11, 1, 0, 36, 1, 0, 230, 1, 0, 69, 7, 72]
1543011653921;[171, 0, 17, 255, 161, 74, 240, 102, 11, 1, 0, 36, 1, 0, 232, 1, 0, 70, 7, 31]
1543011653924;[171, 0, 17, 255, 161, 74, 240, 102, 11, 1, 0, 32, 1, 0, 229, 1, 0, 71, 7, 0]
1543011654093;[171, 0, 17, 255, 161, 74, 240, 102, 11, 1, 0, 34, 1, 0, 231, 1, 0, 70, 6, 228]
1543011654097;[171, 0, 17, 255, 161, 74, 240, 102, 11, 1, 0, 35, 1, 0, 233, 1, 0, 70, 6, 203]
1543011654267;[171, 0, 17, 255, 161, 74, 240, 102, 11, 1, 0, 36, 1, 0, 232, 1, 0, 69, 6, 162]
1543011654440;[171, 0, 4, 255, 132, 128, 74]
1543011654469;[171, 0, 17, 255, 161, 74, 240, 102, 11, 1, 0, 35, 1, 0, 230, 1, 0, 72, 6, 159]
1543011654608;[171, 0, 17, 255, 161, 74, 240, 102, 12, 1, 0, 36, 1, 0, 231, 1, 0, 70, 6, 242]
1543011654610;[171, 0, 17, 255, 161, 74, 240, 102, 12, 1, 0, 38, 1, 0, 231, 1, 0, 70, 6, 219]
1543011654957;[171, 0, 17, 255, 161, 74, 240, 102, 12, 1, 0, 35, 1, 0, 232, 1, 0, 70, 6, 192]
1543011654962;[171, 0, 17, 255, 161, 74, 240, 102, 12, 1, 0, 34, 1, 0, 231, 1, 0, 70, 6, 159]
1543011654965;[171, 0, 17, 255, 161, 74, 240, 102, 12, 1, 0, 39, 1, 0, 230, 1, 0, 70, 6, 132]
1543011655144;[171, 0, 17, 255, 161, 74, 240, 102, 12, 1, 0, 36, 1, 0, 230, 1, 0, 71, 6, 106]
1543011655146;[171, 0, 17, 255, 161, 74, 240, 102, 12, 1, 0, 36, 1, 0, 230, 1, 0, 70, 6, 70]
1543011655301;[171, 0, 17, 255, 161, 74, 240, 102, 12, 1, 0, 35, 1, 0, 232, 1, 0, 71, 6, 74]
1543011655305;[171, 0, 17, 255, 161, 74, 240, 102, 12, 1, 0, 37, 1, 0, 232, 1, 0, 70, 6, 154]
1543011655473;[171, 0, 4, 255, 132, 128, 75]
1543011655499;[171, 0, 17, 255, 161, 74, 240, 102, 12, 1, 0, 37, 1, 0, 232, 1, 0, 70, 6, 138]
1543011655645;[171, 0, 17, 255, 161, 74, 240, 102, 13, 1, 0, 34, 1, 0, 233, 1, 0, 71, 6, 96]
1543011655818;[171, 0, 17, 255, 161, 74, 240, 102, 13, 1, 0, 34, 1, 0, 234, 1, 0, 70, 6, 80]
1543011655823;[171, 0, 17, 255, 161, 74, 240, 102, 13, 1, 0, 35, 1, 0, 233, 1, 0, 69, 6, 50]
1543011655991;[171, 0, 17, 255, 161, 74, 240, 102, 13, 1, 0, 37, 1, 0, 229, 1, 0, 70, 6, 33]
1543011655995;[171, 0, 17, 255, 161, 74, 240, 102, 13, 1, 0, 33, 1, 0, 231, 1, 0, 71, 5, 246]
