1542889099677;[171, 0, 17, 255, 161, 74, 237, 69, 85, 1, 0, 179, 0, 0, 193, 1, 0, 20, 7, 174]
1542889102636;[171, 0, 17, 255, 161, 74, 237, 69, 85, 1, 0, 180, 0, 0, 195, 1, 0, 21, 7, 157]
1542889102640;[171, 0, 17, 255, 161, 74, 237, 69, 85, 1, 0, 179, 0, 0, 195, 1, 0, 20, 7, 244]
1542889102641;[171, 0, 17, 255, 161, 74, 237, 69, 88, 1, 0, 207, 1, 0, 126, 0, 0, 32, 10, 168]
1542889102642;[171, 0, 4, 255, 132, 128, 108]
1542889102656;[171, 0, 17, 255, 161, 74, 237, 69, 88, 1, 0, 226, 1, 0, 116, 0, 0, 43, 10, 193]
1542889102657;[171, 0, 17, 255, 161, 74, 237, 69, 88, 1, 0, 225, 1, 0, 126, 0, 0, 33, 10, 192]
1542889102659;[171, 0, 17, 255, 161, 74, 237, 69, 88, 1, 0, 217, 1, 0, 126, 0, 0, 25, 10, 185]
1542889102660;[171, 0, 17, 255, 161, 74, 237, 69, 88, 1, 0, 206, 1, 0, 144, 0, 0, 139, 10, 132]
1542889102767;[171, 0, 17, 255, 161, 74, 237, 69, 88, 1, 0, 241, 1, 0, 73, 0, 0, 14, 10, 131]
1542889102941;[171, 0, 17, 255, 161, 74, 237, 69, 88, 1, 0, 201, 1, 0, 126, 1, 0, 16, 10, 155]
1542889102942;[171, 0, 17, 255, 161, 74, 237, 69, 88, 1, 0, 233, 1, 0, 144, 0, 0, 39, 10, 126]
1542889103290;[171, 0, 17, 255, 161, 74, 237, 69, 88, 1, 0, 236, 1, 0, 99, 0, 0, 36, 10, 107]
1542889103294;[171, 0, 17, 255, 161, 74, 237, 69, 88, 1, 0, 226, 1, 0, 114, 0, 0, 0, 10, 133]
1542889103298;[171, 0, 17, 255, 161, 74, 237, 69, 89, 1, 0, 227, 1, 0, 126, 0, 0, 15, 10, 164]
1542889103302;[171, 0, 4, 255, 132, 128, 108]
1542889104324;[171, 0, 17, 255, 161, 74, 237, 69, 89, 1, 0, 236, 1, 0, 105, 0, 0, 7, 11, 37]
1542889104328;[171, 0, 17, 255, 161, 74, 237, 69, 89, 1, 0, 236, 1, 0, 109, 0, 0, 6, 11, 161]
1542889104332;[171, 0, 17, 255, 161, 74, 237, 69, 89, 1, 0, 216, 1, 0, 102, 1, 0, 4, 11, 223]
1542889104336;[171, 0, 17, 255, 161, 74, 237, 69, 89, 1, 0, 228, 1, 0, 129, 1, 0, 11, 11, 194]
1542889104841;[171, 0, 17, 255, 161, 74, 237, 69, 91, 1, 1, 3, 1, 0, 91, 1, 0, 15, 11, 163]
1542889104845;[171, 0, 17, 255, 161, 74, 237, 69, 91, 1, 0, 237, 1, 0, 97, 1, 0, 25, 11, 186]
1542889104849;[171, 0, 17, 255, 161, 74, 237, 69, 91, 1, 0, 190, 1, 0, 104, 1, 0, 19, 12, 11]
1542889104853;[171, 0, 17, 255, 161, 74, 237, 69, 92, 1, 0, 218, 1, 0, 97, 1, 0, 7, 12, 55]
1542889105357;[171, 0, 4, 255, 132, 128, 107]
1542889106047;[171, 0, 17, 255, 161, 74, 237, 69, 92, 1, 1, 24, 1, 0, 81, 1, 0, 23, 12, 79]
1542889106055;[171, 0, 17, 255, 161, 74, 237, 69, 92, 1, 0, 250, 1, 0, 77, 1, 0, 27, 12, 81]
1542889106057;[171, 0, 17, 255, 161, 74, 237, 69, 92, 1, 0, 248, 1, 0, 94, 1, 0, 16, 12, 102]
1542889106059;[171, 0, 17, 255, 161, 74, 237, 69, 92, 1, 0, 230, 1, 0, 87, 1, 0, 31, 12, 164]
1542889108117;[171, 0, 17, 255, 161, 74, 237, 69, 92, 1, 0, 224, 1, 0, 87, 1, 0, 29, 12, 247]
1542889108807;[171, 0, 17, 255, 161, 74, 237, 69, 92, 1, 1, 20, 1, 0, 110, 0, 0, 33, 13, 1]
1542889108812;[171, 0, 17, 255, 161, 74, 237, 69, 92, 1, 0, 239, 1, 0, 102, 1, 0, 18, 13, 7]
1542889108814;[171, 0, 17, 255, 161, 74, 237, 69, 92, 1, 0, 238, 1, 0, 101, 1, 0, 27, 13, 22]
1542889109499;[171, 0, 17, 255, 161, 74, 237, 69, 92, 1, 0, 246, 1, 0, 103, 1, 0, 27, 13, 55]
1542889109503;[171, 0, 17, 255, 161, 74, 237, 69, 93, 1, 0, 241, 1, 0, 96, 1, 0, 25, 13, 155]
1542889109506;[171, 0, 4, 255, 132, 128, 107]
1542889109511;[171, 0, 17, 255, 161, 74, 237, 69, 93, 1, 0, 222, 1, 0, 115, 1, 0, 15, 13, 192]
1542889109673;[171, 0, 17, 255, 161, 74, 237, 69, 95, 1, 0, 236, 1, 0, 76, 1, 0, 59, 13, 79]
1542889109678;[171, 0, 17, 255, 161, 74, 237, 69, 95, 1, 0, 232, 1, 0, 88, 1, 0, 48, 13, 53]
1542889109683;[171, 0, 17, 255, 161, 74, 237, 69, 95, 1, 0, 232, 1, 0, 92, 1, 0, 62, 12, 255]
1542889109685;[171, 0, 17, 255, 161, 74, 237, 69, 95, 1, 0, 245, 1, 0, 53, 1, 0, 59, 12, 251]
1542889110705;[171, 0, 17, 255, 161, 74, 237, 69, 95, 1, 0, 250, 1, 0, 83, 1, 0, 46, 13, 44]
1542889110709;[171, 0, 17, 255, 161, 74, 237, 69, 95, 1, 0, 236, 1, 0, 71, 1, 0, 53, 13, 39]
1542889110713;[171, 0, 17, 255, 161, 74, 237, 69, 98, 1, 0, 249, 1, 0, 6, 1, 0, 84, 13, 79]
1542889110718;[171, 0, 17, 255, 161, 74, 237, 69, 98, 1, 0, 241, 1, 0, 5, 1, 0, 85, 13, 66]
1542889110878;[171, 0, 17, 255, 161, 74, 237, 69, 98, 1, 0, 241, 0, 0, 2, 1, 0, 65, 13, 48]
1542889110882;[171, 0, 17, 255, 161, 74, 237, 69, 98, 1, 0, 218, 0, 0, 4, 1, 0, 84, 13, 151]
1542889110886;[171, 0, 17, 255, 161, 74, 237, 69, 98, 1, 0, 228, 0, 0, 12, 1, 0, 86, 13, 175]
1542889110890;[171, 0, 17, 255, 161, 74, 237, 69, 98, 1, 0, 246, 0, 0, 36, 1, 0, 67, 13, 165]
1542889111740;[171, 0, 17, 255, 161, 74, 237, 69, 98, 1, 1, 0, 0, 0, 55, 1, 0, 59, 13, 168]
1542889111745;[171, 0, 17, 255, 161, 74, 237, 69, 98, 1, 0, 254, 0, 0, 59, 1, 0, 65, 13, 164]
1542889111751;[171, 0, 17, 255, 161, 74, 237, 69, 98, 1, 0, 240, 0, 0, 55, 1, 0, 83, 14, 10]
1542889111753;[171, 0, 17, 255, 161, 74, 237, 69, 99, 1, 0, 223, 0, 0, 62, 1, 0, 91, 14, 66]
1542889112086;[171, 0, 4, 255, 132, 128, 107]
1542889112089;[171, 0, 17, 255, 161, 74, 237, 69, 99, 1, 0, 228, 0, 0, 70, 1, 0, 79, 14, 75]
1542889112093;[171, 0, 17, 255, 161, 74, 237, 69, 99, 1, 0, 222, 0, 0, 75, 1, 0, 47, 14, 81]
1542889112097;[171, 0, 17, 255, 161, 74, 237, 69, 99, 1, 0, 232, 0, 0, 124, 1, 0, 64, 14, 99]
1542889112428;[171, 0, 17, 255, 161, 74, 237, 69, 99, 1, 0, 195, 0, 0, 99, 1, 0, 148, 14, 208]
1542889112431;[171, 0, 17, 255, 161, 74, 237, 69, 99, 1, 0, 200, 0, 0, 116, 1, 0, 101, 15, 27]
1542889113122;[171, 0, 17, 255, 161, 74, 237, 69, 99, 1, 0, 220, 0, 0, 115, 1, 0, 83, 15, 37]
1542889113127;[171, 0, 17, 255, 161, 74, 237, 69, 99, 1, 0, 208, 0, 0, 112, 1, 0, 97, 15, 41]
1542889113129;[171, 0, 17, 255, 161, 74, 237, 69, 99, 1, 0, 217, 0, 0, 115, 1, 0, 95, 15, 30]
1542889113133;[171, 0, 17, 255, 161, 74, 237, 69, 99, 1, 0, 217, 0, 0, 109, 1, 0, 93, 31, 106]
1542889113465;[171, 0, 17, 255, 161, 74, 237, 69, 100, 1, 0, 227, 0, 0, 108, 1, 0, 95, 8, 51]
1542889113469;[171, 0, 4, 255, 132, 128, 107]
1542889113474;[171, 0, 17, 255, 161, 74, 237, 69, 100, 1, 0, 208, 0, 0, 108, 1, 0, 103, 8, 76]
1542889113478;[171, 0, 17, 255, 161, 74, 237, 69, 100, 1, 0, 204, 0, 0, 98, 1, 0, 74, 8, 67]
1542889113810;[171, 0, 17, 255, 161, 74, 237, 69, 100, 1, 0, 207, 0, 0, 114, 1, 0, 103, 8, 39]
1542889113815;[171, 0, 17, 255, 161, 74, 237, 69, 100, 1, 0, 200, 0, 0, 101, 1, 0, 143, 8, 23]
1542889113817;[171, 0, 17, 255, 161, 74, 237, 69, 100, 1, 0, 212, 0, 0, 117, 1, 0, 85, 8, 89]
1542889113981;[171, 0, 17, 255, 161, 74, 237, 69, 100, 1, 0, 216, 0, 0, 112, 1, 0, 89, 8, 75]
1542889113983;[171, 0, 17, 255, 161, 74, 237, 69, 100, 1, 0, 194, 0, 0, 116, 1, 0, 101, 8, 11]
1542889113986;[171, 0, 17, 255, 161, 74, 237, 69, 100, 1, 0, 209, 0, 0, 114, 1, 0, 96, 7, 212]
1542889113989;[171, 0, 17, 255, 161, 74, 237, 69, 100, 1, 0, 215, 0, 0, 118, 1, 0, 89, 7, 156]
1542889114670;[171, 0, 17, 255, 161, 74, 237, 69, 101, 1, 0, 213, 0, 0, 122, 1, 0, 98, 7, 236]
1542889114673;[171, 0, 4, 255, 132, 128, 108]
1542889114676;[171, 0, 17, 255, 161, 74, 237, 69, 101, 1, 0, 211, 0, 0, 124, 1, 0, 95, 8, 15]
1542889114680;[171, 0, 17, 255, 161, 74, 237, 69, 101, 1, 0, 205, 0, 0, 122, 1, 0, 90, 7, 229]
1542889115191;[171, 0, 17, 255, 161, 74, 237, 69, 101, 1, 0, 208, 0, 0, 124, 1, 0, 90, 7, 199]
1542889115195;[171, 0, 17, 255, 161, 74, 237, 69, 101, 1, 0, 208, 0, 0, 129, 1, 0, 94, 7, 158]
1542889115199;[171, 0, 17, 255, 161, 74, 237, 69, 101, 1, 0, 205, 0, 0, 133, 1, 0, 85, 7, 166]
1542889115203;[171, 0, 17, 255, 161, 74, 237, 69, 101, 1, 0, 202, 0, 0, 138, 1, 0, 90, 7, 230]
1542889115711;[171, 0, 17, 255, 161, 74, 237, 69, 101, 1, 0, 201, 0, 0, 141, 1, 0, 86, 8, 16]
1542889115712;[171, 0, 17, 255, 161, 74, 237, 69, 101, 1, 0, 200, 0, 0, 141, 1, 0, 89, 7, 248]
1542889115713;[171, 0, 17, 255, 161, 74, 237, 69, 101, 1, 0, 202, 0, 0, 125, 1, 0, 76, 6, 87]
1542889115716;[171, 0, 17, 255, 161, 74, 237, 69, 102, 1, 0, 197, 0, 0, 149, 1, 0, 112, 4, 184]
1542889115877;[171, 0, 4, 255, 132, 128, 108]
1542889116053;[171, 0, 17, 255, 161, 74, 237, 69, 102, 1, 0, 205, 0, 0, 125, 1, 0, 80, 4, 236]
1542889116057;[171, 0, 17, 255, 161, 74, 237, 69, 102, 1, 0, 193, 0, 0, 135, 1, 0, 106, 5, 9]
1542889116060;[171, 0, 17, 255, 161, 74, 237, 69, 102, 1, 0, 201, 0, 0, 132, 1, 0, 98, 4, 249]
1542889116064;[171, 0, 17, 255, 161, 74, 237, 69, 102, 1, 0, 215, 0, 0, 136, 1, 0, 86, 4, 242]
1542889116571;[171, 0, 17, 255, 161, 74, 237, 69, 102, 1, 0, 190, 0, 0, 125, 1, 0, 109, 4, 239]
1542889116575;[171, 0, 17, 255, 161, 74, 237, 69, 102, 1, 0, 202, 0, 0, 128, 1, 0, 90, 5, 44]
1542889116580;[171, 0, 17, 255, 161, 74, 237, 69, 102, 1, 0, 198, 0, 0, 122, 1, 0, 92, 5, 122]
1542889117261;[171, 0, 17, 255, 161, 74, 237, 69, 102, 1, 0, 189, 0, 0, 124, 1, 0, 94, 5, 95]
1542889117265;[171, 0, 17, 255, 161, 74, 237, 69, 102, 1, 0, 207, 0, 0, 129, 1, 0, 115, 5, 71]
1542889117268;[171, 0, 17, 255, 161, 74, 237, 69, 103, 1, 1, 9, 0, 0, 129, 1, 0, 98, 5, 16]
1542889117434;[171, 0, 4, 255, 132, 128, 109]
1542889117438;[171, 0, 17, 255, 161, 74, 237, 69, 103, 0, 0, 5, 0, 0, 105, 1, 0, 86, 5, 3]
1542889117443;[171, 0, 17, 255, 161, 74, 237, 69, 103, 1, 0, 197, 0, 0, 133, 1, 0, 164, 5, 40]
1542889117446;[171, 0, 17, 255, 161, 74, 237, 69, 103, 1, 0, 228, 0, 0, 144, 1, 0, 61, 5, 95]
1542889117779;[171, 0, 17, 255, 161, 74, 237, 69, 103, 1, 0, 170, 0, 0, 123, 1, 0, 90, 5, 112]
1542889117786;[171, 0, 17, 255, 161, 74, 237, 69, 105, 1, 0, 228, 0, 0, 84, 1, 0, 89, 5, 191]
1542889117793;[171, 0, 17, 255, 161, 74, 237, 69, 105, 1, 0, 204, 0, 0, 67, 1, 0, 80, 5, 182]
1542889117795;[171, 0, 17, 255, 161, 74, 237, 69, 105, 1, 0, 236, 0, 0, 92, 1, 0, 70, 5, 207]
1542889118642;[171, 0, 17, 255, 161, 74, 237, 69, 106, 1, 0, 225, 0, 0, 97, 1, 0, 91, 6, 56]
1542889118645;[171, 0, 4, 255, 132, 128, 110]
1542889118651;[171, 0, 17, 255, 161, 74, 237, 69, 106, 1, 0, 221, 0, 0, 98, 1, 0, 97, 6, 104]
1542889118653;[171, 0, 17, 255, 161, 74, 237, 69, 106, 1, 0, 207, 0, 0, 97, 1, 0, 145, 6, 103]
1542889118814;[171, 0, 17, 255, 161, 74, 237, 69, 106, 1, 0, 204, 0, 0, 87, 1, 0, 118, 6, 41]
1542889118818;[171, 0, 17, 255, 161, 74, 237, 69, 106, 1, 0, 208, 0, 0, 82, 1, 0, 106, 5, 236]
1542889118823;[171, 0, 17, 255, 161, 74, 237, 69, 106, 1, 0, 212, 0, 0, 78, 1, 0, 107, 6, 14]
1542889118824;[171, 0, 17, 255, 161, 74, 237, 69, 106, 1, 0, 220, 0, 0, 76, 1, 0, 102, 6, 17]
1542889118983;[171, 0, 17, 255, 161, 74, 237, 69, 106, 1, 0, 219, 0, 0, 80, 1, 0, 111, 5, 255]
1542889118986;[171, 0, 17, 255, 161, 74, 237, 69, 106, 1, 0, 215, 0, 0, 82, 1, 0, 112, 5, 255]
1542889118990;[171, 0, 17, 255, 161, 74, 237, 69, 106, 1, 0, 211, 0, 0, 81, 1, 0, 115, 5, 199]
1542889119503;[171, 0, 17, 255, 161, 74, 237, 69, 107, 1, 0, 223, 0, 0, 85, 1, 0, 115, 5, 218]
1542889119507;[171, 0, 4, 255, 132, 128, 110]
1542889119511;[171, 0, 17, 255, 161, 74, 237, 69, 107, 1, 0, 216, 0, 0, 84, 1, 0, 112, 6, 24]
1542889119514;[171, 0, 17, 255, 161, 74, 237, 69, 107, 1, 0, 214, 0, 0, 84, 1, 0, 110, 6, 23]
1542889119680;[171, 0, 17, 255, 161, 74, 237, 69, 107, 1, 0, 214, 0, 0, 82, 1, 0, 117, 6, 0]
1542889119682;[171, 0, 17, 255, 161, 74, 237, 69, 107, 1, 0, 191, 0, 0, 80, 1, 0, 111, 5, 233]
1542889119685;[171, 0, 17, 255, 161, 74, 237, 69, 107, 1, 0, 196, 0, 0, 86, 1, 0, 103, 5, 191]
1542889119843;[171, 0, 17, 255, 161, 74, 237, 69, 107, 1, 0, 223, 0, 0, 96, 1, 0, 88, 5, 217]
1542889119847;[171, 0, 17, 255, 161, 74, 237, 69, 107, 1, 0, 223, 0, 0, 102, 1, 0, 107, 5, 249]
1542889120016;[171, 0, 17, 255, 161, 74, 237, 69, 107, 1, 0, 213, 0, 0, 108, 1, 0, 106, 5, 217]
1542889120191;[171, 0, 17, 255, 161, 74, 237, 69, 107, 1, 0, 214, 0, 0, 112, 1, 0, 94, 5, 177]
1542889120195;[171, 0, 17, 255, 161, 74, 237, 69, 108, 1, 0, 214, 0, 0, 116, 1, 0, 101, 5, 33]
1542889120710;[171, 0, 4, 255, 132, 128, 110]
1542889120713;[171, 0, 17, 255, 161, 74, 237, 69, 108, 1, 0, 209, 0, 0, 118, 1, 0, 89, 4, 164]
1542889120717;[171, 0, 17, 255, 161, 74, 237, 69, 108, 1, 0, 211, 0, 0, 116, 1, 0, 93, 4, 187]
1542889120720;[171, 0, 17, 255, 161, 74, 237, 69, 108, 1, 0, 211, 0, 0, 118, 1, 0, 92, 4, 200]
1542889121228;[171, 0, 17, 255, 161, 74, 237, 69, 108, 1, 0, 209, 0, 0, 120, 1, 0, 89, 4, 159]
1542889121231;[171, 0, 17, 255, 161, 74, 237, 69, 108, 1, 0, 210, 0, 0, 121, 1, 0, 87, 4, 92]
1542889121236;[171, 0, 17, 255, 161, 74, 237, 69, 108, 1, 0, 209, 0, 0, 122, 1, 0, 92, 4, 27]
1542889121240;[171, 0, 17, 255, 161, 74, 237, 69, 108, 1, 0, 213, 0, 0, 122, 1, 0, 91, 3, 217]
1542889121917;[171, 0, 17, 255, 161, 74, 237, 69, 108, 1, 0, 215, 0, 0, 121, 1, 0, 93, 3, 209]
1542889123471;[171, 0, 17, 255, 161, 74, 237, 69, 108, 1, 0, 235, 0, 0, 136, 1, 0, 168, 4, 10]
1542889123475;[171, 0, 17, 255, 161, 74, 237, 69, 109, 1, 1, 10, 0, 0, 78, 1, 0, 1, 2, 199]
1542889123479;[171, 0, 4, 255, 132, 128, 110]
1542889123483;[171, 0, 17, 255, 161, 74, 237, 69, 109, 1, 0, 222, 0, 0, 66, 0, 0, 19, 2, 109]
1542889123990;[171, 0, 17, 255, 161, 74, 237, 69, 109, 1, 0, 217, 0, 0, 38, 1, 0, 8, 2, 28]
1542889123994;[171, 0, 17, 255, 161, 74, 237, 69, 109, 1, 1, 10, 0, 0, 48, 0, 0, 3, 1, 250]
1542889123997;[171, 0, 17, 255, 161, 74, 237, 69, 109, 1, 1, 20, 0, 0, 39, 0, 0, 2, 1, 253]
1542889124001;[171, 0, 17, 255, 161, 74, 237, 69, 109, 1, 1, 5, 0, 0, 17, 1, 0, 41, 1, 208]
1542889124505;[171, 0, 17, 255, 161, 74, 237, 69, 111, 1, 0, 230, 0, 0, 69, 1, 0, 91, 1, 255]
1542889124509;[171, 0, 17, 255, 161, 74, 237, 69, 111, 1, 0, 227, 0, 0, 67, 1, 0, 98, 2, 18]
1542889125020;[171, 0, 17, 255, 161, 74, 237, 69, 112, 1, 0, 227, 0, 0, 68, 1, 0, 100, 2, 67]
1542889125024;[171, 0, 4, 255, 132, 128, 109]
1542889125027;[171, 0, 17, 255, 161, 74, 237, 69, 112, 1, 0, 221, 0, 0, 68, 1, 0, 95, 2, 186]
1542889125031;[171, 0, 17, 255, 161, 74, 237, 69, 112, 1, 0, 240, 0, 0, 67, 1, 0, 130, 2, 228]
1542889125885;[171, 0, 17, 255, 161, 74, 237, 69, 112, 1, 0, 231, 0, 0, 60, 1, 0, 65, 2, 238]
1542889125889;[171, 0, 17, 255, 161, 74, 237, 69, 112, 1, 0, 250, 0, 0, 69, 1, 0, 59, 2, 230]
1542889125893;[171, 0, 17, 255, 161, 74, 237, 69, 112, 1, 0, 232, 0, 0, 67, 1, 0, 66, 2, 224]
1542889125897;[171, 0, 17, 255, 161, 74, 237, 69, 112, 1, 0, 234, 0, 0, 64, 1, 0, 70, 3, 30]
1542889126058;[171, 0, 17, 255, 161, 74, 237, 69, 112, 1, 0, 236, 0, 0, 64, 1, 0, 75, 3, 112]
1542889126232;[171, 0, 17, 255, 161, 74, 237, 69, 112, 1, 0, 167, 0, 0, 34, 1, 0, 71, 3, 120]
1542889126235;[171, 0, 17, 255, 161, 74, 237, 69, 112, 1, 0, 243, 0, 0, 80, 1, 0, 37, 3, 124]
1542889126240;[171, 0, 17, 255, 161, 74, 237, 69, 113, 1, 0, 230, 0, 0, 42, 1, 0, 100, 3, 146]
1542889126244;[171, 0, 4, 255, 132, 128, 109]
1542889126578;[171, 0, 17, 255, 161, 74, 237, 69, 113, 1, 0, 248, 0, 0, 88, 1, 0, 53, 3, 145]
1542889126582;[171, 0, 17, 255, 161, 74, 237, 69, 113, 1, 1, 10, 0, 0, 67, 1, 0, 69, 3, 248]
1542889126586;[171, 0, 17, 255, 161, 74, 237, 69, 113, 1, 0, 246, 0, 0, 38, 1, 0, 45, 4, 8]
1542889126590;[171, 0, 17, 255, 161, 74, 237, 69, 113, 1, 0, 248, 0, 0, 46, 1, 0, 59, 3, 242]
1542889126749;[171, 0, 17, 255, 161, 74, 237, 69, 113, 1, 1, 5, 0, 0, 27, 1, 0, 36, 3, 220]
1542889126757;[171, 0, 17, 255, 161, 74, 237, 69, 113, 1, 1, 19, 0, 0, 37, 1, 0, 54, 3, 251]
1542889126759;[171, 0, 17, 255, 161, 74, 237, 69, 113, 1, 1, 11, 0, 0, 63, 1, 0, 81, 3, 132]
1542889127093;[171, 0, 17, 255, 161, 74, 237, 69, 113, 1, 0, 223, 1, 0, 31, 1, 0, 82, 3, 32]
1542889127099;[171, 0, 17, 255, 161, 74, 237, 69, 113, 1, 0, 208, 1, 0, 61, 1, 0, 88, 2, 206]
1542889127100;[171, 0, 17, 255, 161, 74, 237, 69, 114, 1, 0, 194, 1, 0, 75, 1, 0, 86, 2, 114]
1542889127264;[171, 0, 4, 255, 132, 128, 109]
1542889127269;[171, 0, 17, 255, 161, 74, 237, 69, 114, 1, 0, 209, 1, 0, 87, 1, 0, 78, 2, 42]
1542889127437;[171, 0, 17, 255, 161, 74, 237, 69, 114, 1, 0, 227, 1, 0, 101, 1, 0, 71, 2, 47]
1542889127441;[171, 0, 17, 255, 161, 74, 237, 69, 114, 1, 0, 230, 1, 0, 68, 1, 0, 92, 2, 236]
1542889127609;[171, 0, 17, 255, 161, 74, 237, 69, 114, 1, 0, 204, 1, 0, 89, 1, 0, 114, 2, 167]
1542889127955;[171, 0, 17, 255, 161, 74, 237, 69, 114, 1, 0, 207, 1, 0, 87, 1, 0, 110, 2, 79]
1542889127958;[171, 0, 17, 255, 161, 74, 237, 69, 114, 1, 0, 255, 1, 0, 67, 1, 0, 64, 2, 5]
1542889127960;[171, 0, 17, 255, 161, 74, 237, 69, 114, 1, 0, 243, 1, 0, 71, 1, 0, 58, 1, 174]
1542889127963;[171, 0, 17, 255, 161, 74, 237, 69, 114, 1, 0, 223, 1, 0, 73, 1, 0, 50, 1, 163]
1542889128474;[171, 0, 17, 255, 161, 74, 237, 69, 114, 1, 0, 216, 1, 0, 78, 1, 0, 54, 1, 114]
1542889128478;[171, 0, 17, 255, 161, 74, 237, 69, 115, 1, 0, 240, 1, 0, 74, 1, 0, 65, 1, 117]
1542889128482;[171, 0, 4, 255, 132, 128, 110]
1542889128486;[171, 0, 17, 255, 161, 74, 237, 69, 115, 1, 0, 241, 1, 0, 71, 1, 0, 68, 1, 92]
1542889128818;[171, 0, 17, 255, 161, 74, 237, 69, 115, 1, 0, 233, 1, 0, 71, 1, 0, 66, 1, 43]
1542889128822;[171, 0, 17, 255, 161, 74, 237, 69, 115, 1, 0, 229, 1, 0, 72, 1, 0, 61, 1, 33]
1542889128826;[171, 0, 17, 255, 161, 74, 237, 69, 115, 1, 0, 220, 1, 0, 70, 1, 0, 67, 0, 223]
1542889128829;[171, 0, 17, 255, 161, 74, 237, 69, 115, 1, 0, 195, 1, 0, 60, 1, 0, 83, 16, 151]
1542889128992;[171, 0, 17, 255, 161, 74, 237, 69, 115, 1, 0, 210, 1, 0, 45, 1, 0, 70, 7, 84]
1542889128995;[171, 0, 17, 255, 161, 74, 237, 69, 115, 1, 1, 25, 1, 0, 2, 1, 0, 85, 6, 241]
1542889129163;[171, 0, 17, 255, 161, 74, 237, 69, 115, 1, 1, 28, 0, 0, 11, 1, 0, 91, 6, 120]
1542889129166;[171, 0, 17, 255, 161, 74, 237, 69, 115, 1, 1, 2, 0, 0, 3, 1, 0, 65, 6, 61]
1542889129334;[171, 0, 17, 255, 161, 74, 237, 69, 116, 1, 0, 232, 0, 0, 6, 1, 0, 80, 6, 16]
1542889129338;[171, 0, 4, 255, 132, 128, 109]
1542889129853;[171, 0, 17, 255, 161, 74, 237, 69, 116, 1, 0, 200, 0, 0, 5, 1, 0, 81, 5, 220]
1542889129856;[171, 0, 17, 255, 161, 74, 237, 69, 116, 1, 0, 230, 0, 0, 26, 1, 0, 109, 5, 149]
1542889129860;[171, 0, 17, 255, 161, 74, 237, 69, 116, 1, 1, 5, 0, 0, 47, 1, 0, 101, 5, 78]
1542889129863;[171, 0, 17, 255, 161, 74, 237, 69, 116, 1, 0, 245, 0, 0, 27, 1, 0, 74, 5, 46]
1542889130022;[171, 0, 17, 255, 161, 74, 237, 69, 116, 1, 0, 246, 0, 0, 48, 1, 0, 60, 5, 26]
1542889130025;[171, 0, 17, 255, 161, 74, 237, 69, 116, 1, 0, 248, 0, 0, 48, 1, 0, 79, 5, 47]
1542889130198;[171, 0, 17, 255, 161, 74, 237, 69, 116, 1, 0, 237, 0, 0, 43, 1, 0, 86, 5, 38]
1542889130202;[171, 0, 17, 255, 161, 74, 237, 69, 116, 1, 0, 237, 0, 0, 48, 1, 0, 86, 5, 7]
1542889130885;[171, 0, 17, 255, 161, 74, 237, 69, 116, 1, 0, 242, 0, 0, 48, 1, 0, 72, 4, 232]
1542889130891;[171, 0, 17, 255, 161, 74, 237, 69, 117, 1, 0, 235, 0, 0, 58, 1, 0, 70, 4, 211]
1542889130892;[171, 0, 4, 255, 132, 128, 109]
1542889130895;[171, 0, 17, 255, 161, 74, 237, 69, 117, 1, 0, 241, 0, 0, 60, 1, 0, 73, 4, 228]
1542889131232;[171, 0, 17, 255, 161, 74, 237, 69, 117, 1, 0, 242, 0, 0, 56, 1, 0, 71, 5, 9]
1542889131234;[171, 0, 17, 255, 161, 74, 237, 69, 117, 1, 0, 239, 0, 0, 60, 1, 0, 70, 5, 20]
1542889131237;[171, 0, 17, 255, 161, 74, 237, 69, 117, 1, 0, 224, 0, 0, 55, 1, 0, 54, 5, 106]
1542889131240;[171, 0, 17, 255, 161, 74, 237, 69, 117, 1, 0, 236, 0, 0, 78, 1, 0, 87, 5, 242]
1542889131406;[171, 0, 17, 255, 161, 74, 237, 69, 117, 1, 0, 227, 0, 0, 89, 1, 0, 101, 6, 112]
1542889131410;[171, 0, 17, 255, 161, 74, 237, 69, 117, 1, 0, 228, 0, 0, 81, 1, 0, 132, 7, 69]
1542889131415;[171, 0, 17, 255, 161, 74, 237, 69, 117, 1, 0, 219, 0, 0, 61, 1, 0, 109, 7, 225]
1542889131418;[171, 0, 17, 255, 161, 74, 237, 69, 117, 1, 0, 241, 0, 0, 83, 1, 0, 92, 8, 59]
1542889131577;[171, 0, 17, 255, 161, 74, 237, 69, 118, 1, 0, 227, 0, 0, 63, 1, 0, 77, 8, 194]
1542889131580;[171, 0, 4, 255, 132, 128, 109]
1542889131750;[171, 0, 17, 255, 161, 74, 237, 69, 118, 1, 0, 239, 0, 0, 71, 1, 0, 87, 9, 23]
1542889131754;[171, 0, 17, 255, 161, 74, 237, 69, 118, 1, 0, 228, 0, 0, 70, 1, 0, 99, 9, 226]
1542889131923;[171, 0, 17, 255, 161, 74, 237, 69, 118, 1, 0, 226, 0, 0, 62, 1, 0, 109, 10, 143]
1542889132268;[171, 0, 17, 255, 161, 74, 237, 69, 118, 1, 0, 234, 0, 0, 41, 1, 0, 44, 10, 220]
1542889132273;[171, 0, 17, 255, 161, 74, 237, 69, 118, 1, 0, 243, 0, 0, 51, 1, 0, 91, 11, 11]
1542889132277;[171, 0, 17, 255, 161, 74, 237, 69, 118, 1, 0, 201, 0, 0, 49, 1, 0, 102, 11, 57]
1542889132281;[171, 0, 17, 255, 161, 74, 237, 69, 118, 1, 0, 253, 0, 0, 63, 1, 0, 111, 11, 140]
1542889132437;[171, 0, 17, 255, 161, 74, 237, 69, 118, 1, 0, 237, 0, 0, 75, 1, 0, 80, 12, 63]
1542889132440;[171, 0, 17, 255, 161, 74, 237, 69, 118, 1, 0, 225, 0, 0, 85, 1, 0, 65, 12, 181]
1542889132789;[171, 0, 17, 255, 161, 74, 237, 69, 119, 1, 0, 216, 0, 0, 68, 1, 0, 106, 12, 253]
1542889132791;[171, 0, 4, 255, 132, 128, 109]
1542889132797;[171, 0, 17, 255, 161, 74, 237, 69, 119, 1, 0, 222, 0, 0, 66, 1, 0, 128, 13, 69]
1542889132953;[171, 0, 17, 255, 161, 74, 237, 69, 119, 1, 0, 219, 0, 0, 77, 1, 0, 102, 13, 117]
1542889132956;[171, 0, 17, 255, 161, 74, 237, 69, 119, 1, 0, 221, 0, 0, 70, 1, 0, 102, 13, 247]
1542889133475;[171, 0, 17, 255, 161, 74, 237, 69, 119, 1, 0, 217, 0, 0, 70, 1, 0, 121, 14, 167]
1542889133481;[171, 0, 17, 255, 161, 74, 237, 69, 119, 1, 0, 223, 0, 0, 69, 1, 0, 112, 14, 246]
1542889133485;[171, 0, 17, 255, 161, 74, 237, 69, 119, 1, 0, 229, 0, 0, 68, 1, 0, 110, 15, 6]
1542889133489;[171, 0, 17, 255, 161, 74, 237, 69, 119, 1, 0, 140, 0, 0, 44, 1, 0, 108, 15, 2]
1542889133648;[171, 0, 17, 255, 161, 74, 237, 69, 119, 1, 0, 234, 0, 0, 82, 1, 0, 93, 14, 235]
1542889133654;[171, 0, 17, 255, 161, 74, 237, 69, 119, 1, 0, 197, 0, 0, 61, 1, 0, 150, 31, 98]
1542889133820;[171, 0, 17, 255, 161, 74, 237, 69, 120, 1, 0, 240, 0, 0, 91, 1, 0, 100, 8, 46]
1542889133991;[171, 0, 4, 255, 132, 128, 108]
1542889134511;[171, 0, 17, 255, 161, 74, 237, 69, 120, 1, 0, 210, 0, 0, 66, 1, 0, 113, 8, 50]
1542889134515;[171, 0, 17, 255, 161, 74, 237, 69, 120, 1, 0, 223, 0, 0, 80, 1, 0, 106, 8, 50]
1542889134519;[171, 0, 17, 255, 161, 74, 237, 69, 120, 1, 0, 221, 0, 0, 68, 1, 0, 108, 8, 32]
1542889134523;[171, 0, 17, 255, 161, 74, 237, 69, 120, 1, 0, 222, 0, 0, 72, 1, 0, 109, 8, 24]
1542889134853;[171, 0, 17, 255, 161, 74, 237, 69, 120, 1, 0, 220, 0, 0, 72, 1, 0, 119, 8, 158]
1542889134858;[171, 0, 17, 255, 161, 74, 237, 69, 120, 1, 0, 217, 0, 0, 69, 1, 0, 112, 8, 188]
1542889134861;[171, 0, 17, 255, 161, 74, 237, 69, 120, 1, 0, 217, 0, 0, 69, 1, 0, 110, 8, 160]
1542889134865;[171, 0, 17, 255, 161, 74, 237, 69, 120, 1, 0, 188, 0, 0, 56, 1, 0, 113, 8, 157]
1542889135026;[171, 0, 17, 255, 161, 74, 237, 69, 120, 1, 0, 220, 0, 0, 104, 1, 0, 137, 8, 133]
1542889135029;[171, 0, 17, 255, 161, 74, 237, 69, 123, 1, 0, 242, 0, 0, 72, 1, 0, 69, 7, 192]
1542889135032;[171, 0, 17, 255, 161, 74, 237, 69, 123, 1, 0, 240, 0, 0, 71, 1, 0, 64, 7, 114]
1542889135572;[171, 0, 17, 255, 161, 74, 237, 69, 123, 1, 0, 234, 0, 0, 73, 1, 0, 69, 7, 27]
1542889135573;[171, 0, 17, 255, 161, 74, 237, 69, 123, 1, 0, 230, 0, 0, 64, 1, 0, 65, 7, 8]
1542889135574;[171, 0, 17, 255, 161, 74, 237, 69, 123, 1, 0, 238, 0, 0, 67, 1, 0, 59, 7, 11]
1542889135575;[171, 0, 17, 255, 161, 74, 237, 69, 123, 1, 0, 242, 0, 0, 72, 1, 0, 36, 6, 209]
1542889135715;[171, 0, 17, 255, 161, 74, 237, 69, 123, 1, 0, 245, 0, 0, 70, 1, 0, 64, 6, 147]
1542889135719;[171, 0, 17, 255, 161, 74, 237, 69, 123, 1, 0, 241, 0, 0, 64, 1, 0, 63, 6, 84]
1542889136234;[171, 0, 17, 255, 161, 74, 237, 69, 123, 1, 0, 230, 0, 0, 72, 1, 0, 62, 6, 18]
1542889136409;[171, 0, 17, 255, 161, 74, 237, 69, 128, 1, 0, 222, 0, 0, 70, 1, 0, 65, 6, 6]
1542889136414;[171, 0, 4, 255, 132, 128, 107]
1542889136418;[171, 0, 17, 255, 161, 74, 237, 69, 128, 1, 0, 232, 0, 0, 75, 1, 0, 56, 6, 49]
1542889136422;[171, 0, 17, 255, 161, 74, 237, 69, 128, 1, 0, 237, 0, 0, 81, 1, 0, 71, 6, 43]
1542889136755;[171, 0, 17, 255, 161, 74, 237, 69, 128, 1, 0, 238, 0, 0, 74, 1, 0, 77, 6, 2]
1542889136759;[171, 0, 17, 255, 161, 74, 237, 69, 128, 1, 0, 235, 0, 0, 76, 1, 0, 68, 5, 213]
1542889136763;[171, 0, 17, 255, 161, 74, 237, 69, 128, 1, 0, 229, 0, 0, 72, 1, 0, 74, 5, 179]
1542889136767;[171, 0, 17, 255, 161, 74, 237, 69, 128, 1, 0, 245, 0, 0, 76, 1, 0, 72, 5, 172]
1542889136932;[171, 0, 17, 255, 161, 74, 237, 69, 128, 1, 0, 236, 0, 0, 73, 1, 0, 66, 5, 195]
1542889136938;[171, 0, 17, 255, 161, 74, 237, 69, 128, 1, 0, 238, 0, 0, 70, 1, 0, 67, 5, 160]
1542889136941;[171, 0, 17, 255, 161, 74, 237, 69, 128, 1, 0, 241, 0, 0, 68, 1, 0, 66, 5, 114]
1542889137443;[171, 0, 17, 255, 161, 74, 237, 69, 129, 1, 0, 242, 0, 0, 74, 1, 0, 63, 5, 63]
1542889137447;[171, 0, 4, 255, 132, 128, 107]
1542889137451;[171, 0, 17, 255, 161, 74, 237, 69, 129, 1, 0, 234, 0, 0, 69, 1, 0, 59, 4, 237]
1542889137455;[171, 0, 17, 255, 161, 74, 237, 69, 129, 1, 0, 244, 0, 0, 70, 1, 0, 61, 4, 206]
1542889137616;[171, 0, 17, 255, 161, 74, 237, 69, 129, 1, 0, 243, 0, 0, 69, 1, 0, 77, 4, 166]
1542889137620;[171, 0, 17, 255, 161, 74, 237, 69, 129, 1, 0, 239, 0, 0, 70, 1, 0, 60, 4, 112]
1542889137624;[171, 0, 17, 255, 161, 74, 237, 69, 129, 1, 0, 242, 0, 0, 67, 1, 0, 60, 4, 73]
1542889137791;[171, 0, 17, 255, 161, 74, 237, 69, 129, 1, 0, 241, 0, 0, 68, 1, 0, 68, 4, 9]
1542889137794;[171, 0, 17, 255, 161, 74, 237, 69, 129, 1, 0, 239, 0, 0, 69, 1, 0, 56, 3, 199]
1542889137957;[171, 0, 17, 255, 161, 74, 237, 69, 129, 1, 0, 242, 0, 0, 68, 1, 0, 55, 3, 190]
1542889138132;[171, 0, 17, 255, 161, 74, 237, 69, 129, 1, 0, 239, 0, 0, 67, 1, 0, 64, 3, 152]
1542889138136;[171, 0, 17, 255, 161, 74, 237, 69, 130, 1, 0, 241, 0, 0, 67, 1, 0, 61, 3, 101]
1542889138304;[171, 0, 4, 255, 132, 128, 106]
1542889138654;[171, 0, 17, 255, 161, 74, 237, 69, 130, 1, 0, 241, 0, 0, 65, 1, 0, 64, 3, 43]
1542889138658;[171, 0, 17, 255, 161, 74, 237, 69, 130, 1, 0, 239, 0, 0, 65, 1, 0, 62, 2, 248]
1542889138662;[171, 0, 17, 255, 161, 74, 237, 69, 130, 1, 0, 239, 0, 0, 67, 1, 0, 59, 2, 209]
1542889138666;[171, 0, 17, 255, 161, 74, 237, 69, 130, 1, 0, 238, 0, 0, 69, 1, 0, 60, 2, 227]
1542889138995;[171, 0, 17, 255, 161, 74, 237, 69, 130, 1, 0, 242, 0, 0, 67, 1, 0, 63, 2, 222]
1542889138997;[171, 0, 17, 255, 161, 74, 237, 69, 130, 1, 0, 238, 0, 0, 65, 1, 0, 61, 2, 193]
1542889139000;[171, 0, 17, 255, 161, 74, 237, 69, 130, 1, 0, 247, 0, 0, 79, 1, 0, 63, 2, 179]
1542889139002;[171, 0, 17, 255, 161, 74, 237, 69, 130, 1, 0, 243, 0, 0, 69, 1, 0, 65, 2, 165]
1542889139166;[171, 0, 17, 255, 161, 74, 237, 69, 130, 1, 0, 237, 0, 0, 73, 1, 0, 65, 2, 197]
1542889139170;[171, 0, 17, 255, 161, 74, 237, 69, 131, 1, 0, 228, 0, 0, 72, 1, 0, 77, 2, 252]
1542889139340;[171, 0, 4, 255, 132, 128, 105]
1542889139344;[171, 0, 17, 255, 161, 74, 237, 69, 131, 1, 0, 206, 0, 0, 67, 1, 0, 85, 3, 29]
1542889139856;[171, 0, 17, 255, 161, 74, 237, 69, 131, 1, 0, 228, 0, 0, 78, 1, 0, 93, 3, 52]
1542889139858;[171, 0, 17, 255, 161, 74, 237, 69, 131, 1, 0, 218, 0, 0, 89, 1, 0, 86, 3, 69]
1542889140030;[171, 0, 17, 255, 161, 74, 237, 69, 131, 1, 0, 226, 0, 0, 73, 1, 0, 98, 3, 96]
1542889140034;[171, 0, 17, 255, 161, 74, 237, 69, 131, 1, 1, 0, 0, 0, 98, 1, 0, 100, 3, 176]
1542889140038;[171, 0, 17, 255, 161, 74, 237, 69, 131, 1, 0, 233, 0, 0, 53, 1, 0, 67, 3, 251]
1542889140042;[171, 0, 17, 255, 161, 74, 237, 69, 131, 1, 0, 250, 0, 0, 41, 1, 0, 71, 4, 16]
1542889140376;[171, 0, 17, 255, 161, 74, 237, 69, 131, 1, 0, 232, 0, 0, 8, 1, 0, 73, 3, 238]
1542889140380;[171, 0, 17, 255, 161, 74, 237, 69, 131, 1, 0, 227, 0, 0, 11, 1, 0, 57, 3, 152]
1542889140385;[171, 0, 17, 255, 161, 74, 237, 69, 132, 1, 0, 244, 0, 0, 29, 1, 0, 60, 3, 40]
1542889140389;[171, 0, 4, 255, 132, 128, 105]
1542889140547;[171, 0, 17, 255, 161, 74, 237, 69, 132, 1, 0, 225, 0, 0, 23, 1, 0, 74, 2, 237]
1542889140550;[171, 0, 17, 255, 161, 74, 237, 69, 132, 1, 0, 251, 0, 0, 52, 1, 0, 77, 2, 190]
1542889140719;[171, 0, 17, 255, 161, 74, 237, 69, 132, 1, 0, 254, 0, 0, 60, 1, 0, 36, 2, 147]
1542889141406;[171, 0, 17, 255, 161, 74, 237, 69, 132, 1, 0, 236, 0, 0, 52, 1, 0, 61, 2, 141]
1542889141409;[171, 0, 17, 255, 161, 74, 237, 69, 132, 1, 1, 6, 0, 0, 67, 1, 0, 86, 2, 155]
1542889141410;[171, 0, 17, 255, 161, 74, 237, 69, 132, 1, 0, 240, 0, 0, 59, 1, 0, 57, 2, 224]
1542889141412;[171, 0, 17, 255, 161, 74, 237, 69, 132, 1, 0, 228, 0, 0, 61, 1, 0, 60, 3, 61]
1542889141583;[171, 0, 17, 255, 161, 74, 237, 69, 132, 1, 0, 229, 0, 0, 59, 1, 0, 93, 3, 124]
1542889141587;[171, 0, 17, 255, 161, 74, 237, 69, 132, 1, 0, 239, 0, 0, 62, 1, 0, 73, 3, 176]
1542889141591;[171, 0, 17, 255, 161, 74, 237, 69, 133, 1, 1, 16, 0, 0, 87, 1, 0, 43, 3, 224]
1542889141595;[171, 0, 4, 255, 132, 128, 104]
1542889141754;[171, 0, 17, 255, 161, 74, 237, 69, 133, 1, 0, 223, 0, 0, 62, 1, 0, 75, 4, 12]
1542889141759;[171, 0, 17, 255, 161, 74, 237, 69, 133, 1, 0, 244, 0, 0, 74, 1, 0, 83, 4, 161]
1542889141762;[171, 0, 17, 255, 161, 74, 237, 69, 133, 1, 0, 236, 0, 0, 65, 1, 0, 85, 5, 1]
1542889141930;[171, 0, 17, 255, 161, 74, 237, 69, 133, 1, 0, 246, 0, 0, 70, 1, 0, 59, 5, 53]
1542889142099;[171, 0, 17, 255, 161, 74, 237, 69, 133, 1, 0, 160, 0, 0, 69, 1, 0, 71, 5, 59]
1542889142103;[171, 0, 17, 255, 161, 74, 237, 69, 133, 1, 0, 250, 0, 0, 84, 1, 0, 71, 5, 38]
1542889142619;[171, 0, 17, 255, 161, 74, 237, 69, 133, 1, 0, 221, 0, 0, 77, 1, 0, 115, 4, 162]
1542889142623;[171, 0, 17, 255, 161, 74, 237, 69, 133, 1, 0, 230, 0, 0, 88, 1, 0, 94, 4, 223]
1542889142626;[171, 0, 17, 255, 161, 74, 237, 69, 133, 1, 0, 237, 0, 0, 100, 1, 0, 57, 5, 7]
1542889142631;[171, 0, 17, 255, 161, 74, 237, 69, 134, 1, 0, 228, 0, 0, 87, 1, 0, 73, 4, 242]
1542889142790;[171, 0, 4, 255, 132, 128, 104]
1542889142800;[171, 0, 17, 255, 161, 74, 237, 69, 134, 1, 0, 222, 0, 0, 88, 1, 0, 95, 4, 218]
1542889142802;[171, 0, 17, 255, 161, 74, 237, 69, 134, 1, 0, 220, 0, 0, 90, 1, 0, 94, 4, 242]
1542889142959;[171, 0, 17, 255, 161, 74, 237, 69, 134, 1, 0, 221, 0, 0, 87, 1, 0, 91, 5, 5]
1542889142961;[171, 0, 17, 255, 161, 74, 237, 69, 134, 1, 0, 221, 0, 0, 85, 1, 0, 91, 5, 140]
1542889143308;[171, 0, 17, 255, 161, 74, 237, 69, 134, 1, 0, 212, 0, 0, 86, 1, 0, 101, 5, 224]
1542889143311;[171, 0, 17, 255, 161, 74, 237, 69, 134, 1, 0, 197, 0, 0, 70, 1, 0, 97, 6, 16]
1542889143315;[171, 0, 17, 255, 161, 74, 237, 69, 134, 1, 0, 233, 0, 0, 123, 1, 0, 139, 6, 79]
1542889143823;[171, 0, 17, 255, 161, 74, 237, 69, 134, 1, 0, 207, 0, 0, 93, 1, 0, 87, 6, 134]
1542889143827;[171, 0, 17, 255, 161, 74, 237, 69, 134, 1, 0, 214, 0, 0, 105, 1, 0, 96, 6, 241]
1542889143829;[171, 0, 17, 255, 161, 74, 237, 69, 135, 1, 0, 212, 0, 0, 89, 1, 0, 111, 7, 142]
1542889143832;[171, 0, 4, 255, 132, 128, 104]
1542889143997;[171, 0, 17, 255, 161, 74, 237, 69, 135, 1, 0, 205, 0, 0, 99, 1, 0, 115, 7, 214]
1542889144001;[171, 0, 17, 255, 161, 74, 237, 69, 135, 1, 0, 217, 0, 0, 95, 1, 0, 103, 8, 16]
1542889144004;[171, 0, 17, 255, 161, 74, 237, 69, 135, 1, 0, 206, 0, 0, 94, 1, 0, 120, 8, 70]
1542889144171;[171, 0, 17, 255, 161, 74, 237, 69, 135, 1, 0, 211, 0, 0, 98, 1, 0, 107, 8, 118]
1542889144174;[171, 0, 17, 255, 161, 74, 237, 69, 135, 1, 0, 211, 0, 0, 102, 1, 0, 103, 8, 254]
1542889144342;[171, 0, 17, 255, 161, 74, 237, 69, 135, 1, 0, 199, 0, 0, 99, 1, 0, 130, 9, 110]
1542889144346;[171, 0, 17, 255, 161, 74, 237, 69, 135, 1, 0, 204, 0, 0, 108, 1, 0, 122, 9, 110]
1542889144515;[171, 0, 17, 255, 161, 74, 237, 69, 135, 1, 0, 198, 0, 0, 105, 1, 0, 130, 9, 171]
1542889144687;[171, 0, 17, 255, 161, 74, 237, 69, 135, 1, 0, 197, 0, 0, 107, 1, 0, 121, 9, 221]
1542889144690;[171, 0, 17, 255, 161, 74, 237, 69, 136, 1, 0, 193, 0, 0, 107, 1, 0, 120, 10, 25]
1542889145208;[171, 0, 4, 255, 132, 128, 104]
1542889145212;[171, 0, 17, 255, 161, 74, 237, 69, 136, 1, 0, 200, 0, 0, 115, 1, 0, 117, 10, 197]
1542889145216;[171, 0, 17, 255, 161, 74, 237, 69, 136, 1, 0, 183, 0, 0, 116, 1, 0, 134, 11, 35]
1542889145219;[171, 0, 17, 255, 161, 74, 237, 69, 136, 1, 0, 186, 0, 0, 110, 1, 0, 127, 11, 96]
1542889145377;[171, 0, 17, 255, 161, 74, 237, 69, 136, 1, 0, 156, 0, 0, 116, 1, 0, 83, 11, 117]
1542889145381;[171, 0, 17, 255, 161, 74, 237, 69, 136, 1, 0, 227, 0, 0, 141, 1, 0, 176, 11, 94]
1542889145385;[171, 0, 17, 255, 161, 74, 237, 69, 136, 1, 0, 189, 0, 0, 120, 1, 0, 133, 11, 73]
1542889145550;[171, 0, 17, 255, 161, 74, 237, 69, 136, 1, 0, 171, 0, 0, 137, 1, 0, 133, 11, 147]
1542889145554;[171, 0, 17, 255, 161, 74, 237, 69, 136, 1, 0, 187, 0, 0, 124, 1, 0, 121, 11, 165]
1542889145724;[171, 0, 17, 255, 161, 74, 237, 69, 136, 1, 0, 183, 0, 0, 130, 1, 0, 128, 11, 191]
1542889145893;[171, 0, 17, 255, 161, 74, 237, 69, 137, 1, 0, 188, 0, 0, 124, 1, 0, 121, 11, 212]
1542889145898;[171, 0, 4, 255, 132, 128, 104]
1542889146242;[171, 0, 17, 255, 161, 74, 237, 69, 137, 1, 0, 184, 0, 0, 127, 1, 0, 129, 11, 240]
1542889146413;[171, 0, 17, 255, 161, 74, 237, 69, 137, 1, 0, 187, 0, 0, 126, 1, 0, 120, 12, 111]
1542889146417;[171, 0, 17, 255, 161, 74, 237, 69, 137, 1, 0, 182, 0, 0, 121, 1, 0, 124, 12, 191]
1542889146421;[171, 0, 17, 255, 161, 74, 237, 69, 137, 1, 0, 188, 0, 0, 125, 1, 0, 122, 12, 218]
1542889146426;[171, 0, 17, 255, 161, 74, 237, 69, 137, 1, 0, 185, 0, 0, 126, 1, 0, 126, 12, 248]
1542889146585;[171, 0, 17, 255, 161, 74, 237, 69, 137, 1, 0, 184, 0, 0, 126, 1, 0, 128, 13, 19]
1542889146589;[171, 0, 17, 255, 161, 74, 237, 69, 137, 1, 0, 193, 0, 0, 126, 1, 0, 126, 13, 58]
1542889146757;[171, 0, 17, 255, 161, 74, 237, 69, 137, 1, 0, 181, 0, 0, 127, 1, 0, 123, 13, 169]
1542889146762;[171, 0, 17, 255, 161, 74, 237, 69, 137, 1, 0, 185, 0, 0, 126, 1, 0, 124, 13, 219]
1542889146930;[171, 0, 17, 255, 161, 74, 237, 69, 138, 1, 0, 185, 0, 0, 123, 1, 0, 122, 13, 219]
1542889147102;[171, 0, 4, 255, 132, 128, 104]
1542889147106;[171, 0, 17, 255, 161, 74, 237, 69, 138, 1, 0, 189, 0, 0, 127, 1, 0, 125, 13, 228]
1542889147274;[171, 0, 17, 255, 161, 74, 237, 69, 138, 1, 0, 184, 0, 0, 123, 1, 0, 131, 14, 5]
1542889147278;[171, 0, 17, 255, 161, 74, 237, 69, 138, 1, 0, 185, 0, 0, 125, 1, 0, 123, 14, 94]
1542889147965;[171, 0, 17, 255, 161, 74, 237, 69, 138, 1, 0, 190, 0, 0, 123, 1, 0, 128, 14, 183]
1542889147968;[171, 0, 17, 255, 161, 74, 237, 69, 138, 1, 0, 184, 0, 0, 124, 1, 0, 123, 14, 205]
1542889147971;[171, 0, 17, 255, 161, 74, 237, 69, 138, 1, 0, 187, 0, 0, 124, 1, 0, 126, 14, 220]
1542889147974;[171, 0, 17, 255, 161, 74, 237, 69, 138, 1, 0, 184, 0, 0, 121, 1, 0, 132, 14, 245]
1542889148139;[171, 0, 17, 255, 161, 74, 237, 69, 138, 1, 0, 185, 0, 0, 123, 1, 0, 127, 15, 10]
1542889148143;[171, 0, 17, 255, 161, 74, 237, 69, 138, 1, 0, 188, 0, 0, 122, 1, 0, 128, 31, 134]
1542889148151;[171, 0, 17, 255, 161, 74, 237, 69, 139, 1, 0, 185, 0, 0, 121, 1, 0, 126, 8, 33]
1542889148153;[171, 0, 4, 255, 132, 128, 105]
1542889148997;[171, 0, 17, 255, 161, 74, 237, 69, 139, 1, 0, 184, 0, 0, 122, 1, 0, 129, 8, 67]
1542889149000;[171, 0, 17, 255, 161, 74, 237, 69, 139, 1, 0, 189, 0, 0, 118, 1, 0, 129, 8, 109]
1542889149002;[171, 0, 17, 255, 161, 74, 237, 69, 139, 1, 0, 186, 0, 0, 125, 1, 0, 135, 8, 136]
1542889149005;[171, 0, 17, 255, 161, 74, 237, 69, 139, 1, 0, 186, 0, 0, 114, 1, 0, 134, 8, 161]
1542889150382;[171, 0, 17, 255, 161, 74, 237, 69, 139, 1, 0, 186, 0, 0, 129, 1, 0, 130, 9, 13]
1542889150385;[171, 0, 17, 255, 161, 74, 237, 69, 139, 1, 0, 194, 0, 0, 118, 1, 0, 127, 9, 45]
1542889150389;[171, 0, 17, 255, 161, 74, 237, 69, 139, 1, 0, 182, 0, 0, 119, 1, 0, 152, 9, 27]
1542889150393;[171, 0, 17, 255, 161, 74, 237, 69, 139, 1, 0, 194, 0, 0, 115, 1, 0, 141, 9, 28]
1542889150553;[171, 0, 17, 255, 161, 74, 237, 69, 139, 1, 0, 196, 0, 0, 141, 1, 0, 98, 8, 175]
1542889150557;[171, 0, 17, 255, 161, 74, 237, 69, 140, 1, 0, 178, 0, 0, 154, 1, 0, 81, 8, 125]
1542889150561;[171, 0, 4, 255, 132, 128, 105]
1542889150565;[171, 0, 17, 255, 161, 74, 237, 69, 140, 1, 0, 180, 0, 0, 143, 1, 0, 102, 8, 43]
1542889150725;[171, 0, 17, 255, 161, 74, 237, 69, 142, 1, 1, 5, 0, 0, 79, 1, 0, 29, 3, 81]
1542889150733;[171, 0, 17, 255, 161, 74, 237, 69, 142, 1, 0, 234, 0, 0, 87, 1, 0, 57, 2, 127]
1542889150736;[171, 0, 17, 255, 161, 74, 237, 69, 142, 1, 0, 210, 0, 0, 86, 1, 0, 94, 2, 127]
1542889150897;[171, 0, 17, 255, 161, 74, 237, 69, 142, 1, 0, 230, 0, 0, 82, 1, 0, 92, 2, 77]
1542889150900;[171, 0, 17, 255, 161, 74, 237, 69, 142, 1, 0, 230, 0, 0, 79, 1, 0, 81, 2, 38]
1542889151412;[171, 0, 17, 255, 161, 74, 237, 69, 142, 1, 0, 223, 0, 0, 82, 1, 0, 88, 2, 52]
1542889151417;[171, 0, 17, 255, 161, 74, 237, 69, 143, 1, 0, 222, 0, 0, 80, 1, 0, 94, 2, 69]
1542889151418;[171, 0, 4, 255, 132, 128, 106]
1542889151421;[171, 0, 17, 255, 161, 74, 237, 69, 143, 1, 0, 226, 0, 0, 82, 1, 0, 90, 2, 75]
1542889151585;[171, 0, 17, 255, 161, 74, 237, 69, 143, 1, 0, 219, 0, 0, 76, 1, 0, 97, 2, 81]
1542889151588;[171, 0, 17, 255, 161, 74, 237, 69, 143, 1, 0, 218, 0, 0, 80, 1, 0, 105, 2, 64]
1542889151591;[171, 0, 17, 255, 161, 74, 237, 69, 143, 1, 0, 212, 0, 0, 77, 1, 0, 114, 1, 241]
1542889151931;[171, 0, 17, 255, 161, 74, 237, 69, 143, 1, 0, 216, 0, 0, 84, 1, 0, 102, 1, 192]
1542889151936;[171, 0, 17, 255, 161, 74, 237, 69, 143, 1, 0, 217, 0, 0, 82, 1, 0, 107, 1, 121]
1542889151938;[171, 0, 17, 255, 161, 74, 237, 69, 143, 1, 0, 233, 0, 0, 83, 1, 0, 118, 1, 119]
1542889152105;[171, 0, 17, 255, 161, 74, 237, 69, 143, 1, 0, 211, 0, 0, 76, 1, 0, 108, 1, 39]
1542889152276;[171, 0, 17, 255, 161, 74, 237, 69, 143, 1, 0, 180, 0, 0, 75, 1, 0, 117, 1, 47]
1542889152795;[171, 0, 17, 255, 161, 74, 237, 69, 144, 1, 0, 219, 0, 0, 94, 1, 0, 79, 1, 22]
1542889152800;[171, 0, 4, 255, 132, 128, 106]
1542889152805;[171, 0, 17, 255, 161, 74, 237, 69, 144, 1, 0, 197, 0, 0, 88, 1, 0, 156, 16, 185]
1542889152807;[171, 0, 17, 255, 161, 74, 237, 69, 144, 1, 0, 210, 0, 0, 101, 1, 0, 137, 7, 67]
1542889152964;[171, 0, 17, 255, 161, 74, 237, 69, 144, 1, 0, 216, 0, 0, 109, 1, 0, 100, 6, 223]
1542889152968;[171, 0, 17, 255, 161, 74, 237, 69, 144, 1, 0, 210, 0, 0, 98, 1, 0, 100, 6, 142]
1542889152970;[171, 0, 17, 255, 161, 74, 237, 69, 144, 1, 0, 209, 0, 0, 96, 1, 0, 116, 6, 76]
1542889152973;[171, 0, 17, 255, 161, 74, 237, 69, 144, 1, 0, 199, 0, 0, 86, 1, 0, 133, 6, 4]
1542889153141;[171, 0, 17, 255, 161, 74, 237, 69, 144, 1, 0, 210, 0, 0, 87, 1, 0, 119, 5, 239]
1542889153144;[171, 0, 17, 255, 161, 74, 237, 69, 144, 1, 0, 206, 0, 0, 86, 1, 0, 116, 5, 228]
1542889153148;[171, 0, 17, 255, 161, 74, 237, 69, 144, 1, 0, 200, 0, 0, 85, 1, 0, 129, 5, 213]
1542889153312;[171, 0, 17, 255, 161, 74, 237, 69, 145, 1, 0, 202, 0, 0, 82, 1, 0, 135, 5, 185]
1542889153484;[171, 0, 4, 255, 132, 128, 106]
1542889153656;[171, 0, 17, 255, 161, 74, 237, 69, 145, 1, 0, 203, 0, 0, 85, 1, 0, 129, 5, 150]
1542889154015;[171, 0, 17, 255, 161, 74, 237, 69, 145, 1, 0, 201, 0, 0, 79, 1, 0, 134, 5, 130]
1542889154176;[171, 0, 17, 255, 161, 74, 237, 69, 145, 1, 0, 204, 0, 0, 76, 1, 0, 131, 5, 210]
1542889154180;[171, 0, 17, 255, 161, 74, 237, 69, 145, 1, 0, 196, 0, 0, 76, 1, 0, 137, 5, 243]
1542889154186;[171, 0, 17, 255, 161, 74, 237, 69, 145, 1, 0, 194, 0, 0, 72, 1, 0, 139, 6, 14]
1542889154189;[171, 0, 17, 255, 161, 74, 237, 69, 145, 1, 0, 193, 0, 0, 70, 1, 0, 132, 6, 30]
1542889156073;[171, 0, 17, 255, 161, 74, 237, 69, 145, 1, 0, 210, 0, 0, 94, 1, 0, 138, 6, 58]
1542889156591;[171, 0, 17, 255, 161, 74, 237, 69, 145, 1, 0, 214, 0, 0, 88, 1, 0, 116, 6, 131]
1542889156595;[171, 0, 17, 255, 161, 74, 237, 69, 145, 1, 0, 206, 0, 0, 86, 1, 0, 126, 6, 251]
1542889156599;[171, 0, 17, 255, 161, 74, 237, 69, 146, 1, 0, 202, 0, 0, 79, 1, 0, 136, 7, 75]
1542889156603;[171, 0, 4, 255, 132, 128, 105]
1542889158317;[171, 0, 17, 255, 161, 74, 237, 69, 146, 1, 0, 203, 0, 0, 85, 1, 0, 129, 7, 117]
1542889158320;[171, 0, 17, 255, 161, 74, 237, 69, 146, 1, 0, 208, 0, 0, 88, 1, 0, 125, 7, 177]
1542889158324;[171, 0, 17, 255, 161, 74, 237, 69, 146, 1, 0, 221, 0, 0, 91, 1, 0, 123, 7, 252]
1542889158329;[171, 0, 17, 255, 161, 74, 237, 69, 146, 1, 0, 240, 0, 0, 72, 1, 0, 98, 8, 151]
1542889159003;[171, 0, 17, 255, 161, 74, 237, 69, 148, 1, 0, 206, 1, 0, 74, 1, 0, 119, 5, 45]
1542889159006;[171, 0, 17, 255, 161, 74, 237, 69, 148, 1, 0, 202, 1, 0, 72, 1, 0, 117, 5, 26]
1542889159008;[171, 0, 17, 255, 161, 74, 237, 69, 148, 1, 0, 201, 1, 0, 72, 1, 0, 116, 5, 3]
1542889159011;[171, 0, 17, 255, 161, 74, 237, 69, 149, 1, 0, 207, 1, 0, 71, 1, 0, 123, 4, 237]
1542889159181;[171, 0, 4, 255, 132, 128, 105]
1542889159183;[171, 0, 17, 255, 161, 74, 237, 69, 149, 1, 0, 204, 1, 0, 56, 1, 0, 131, 4, 218]
1542889159185;[171, 0, 17, 255, 161, 74, 237, 69, 149, 1, 0, 211, 1, 0, 54, 1, 0, 124, 4, 216]
1542889159188;[171, 0, 17, 255, 161, 74, 237, 69, 149, 1, 0, 198, 1, 0, 52, 1, 0, 128, 4, 187]
1542889159350;[171, 0, 17, 255, 161, 74, 237, 69, 149, 1, 0, 199, 1, 0, 34, 1, 0, 120, 4, 222]
1542889159355;[171, 0, 17, 255, 161, 74, 237, 69, 149, 1, 0, 225, 1, 0, 16, 1, 0, 116, 4, 218]
1542889159359;[171, 0, 17, 255, 161, 74, 237, 69, 149, 1, 0, 210, 1, 0, 19, 1, 0, 149, 4, 223]
1542889159362;[171, 0, 17, 255, 161, 74, 237, 69, 149, 1, 0, 215, 1, 0, 16, 1, 0, 141, 4, 230]
1542889159522;[171, 0, 17, 255, 161, 74, 237, 69, 149, 1, 0, 202, 1, 0, 51, 1, 0, 125, 4, 225]
1542889159695;[171, 0, 17, 255, 161, 74, 237, 69, 149, 1, 0, 209, 0, 0, 1, 1, 0, 150, 4, 233]
1542889159699;[171, 0, 17, 255, 161, 74, 237, 69, 150, 1, 0, 211, 1, 0, 1, 1, 0, 145, 5, 78]
1542889159871;[171, 0, 4, 255, 132, 128, 104]
1542889160732;[171, 0, 17, 255, 161, 74, 237, 69, 150, 1, 0, 204, 1, 0, 1, 1, 0, 138, 5, 127]
1542889160735;[171, 0, 17, 255, 161, 74, 237, 69, 150, 1, 0, 203, 0, 0, 11, 1, 0, 131, 5, 158]
1542889160902;[171, 0, 17, 255, 161, 74, 237, 69, 150, 1, 0, 203, 0, 0, 20, 1, 0, 142, 5, 186]
1542889160906;[171, 0, 17, 255, 161, 74, 237, 69, 150, 1, 0, 220, 0, 0, 35, 1, 0, 143, 5, 212]
1542889161074;[171, 0, 17, 255, 161, 74, 237, 69, 150, 1, 0, 217, 0, 0, 35, 1, 0, 144, 5, 254]
1542889161934;[171, 0, 17, 255, 161, 74, 237, 69, 150, 1, 0, 206, 0, 0, 35, 1, 0, 140, 6, 112]
1542889161938;[171, 0, 17, 255, 161, 74, 237, 69, 150, 1, 0, 205, 0, 0, 46, 1, 0, 139, 7, 111]
1542889161941;[171, 0, 17, 255, 161, 74, 237, 69, 153, 1, 0, 206, 0, 0, 45, 1, 0, 136, 6, 213]
1542889161943;[171, 0, 4, 255, 132, 128, 103]
1542889162111;[171, 0, 17, 255, 161, 74, 237, 69, 153, 1, 0, 206, 0, 0, 54, 1, 0, 139, 7, 16]
1542889162115;[171, 0, 17, 255, 161, 74, 237, 69, 153, 1, 0, 202, 0, 0, 53, 1, 0, 147, 7, 65]
1542889162119;[171, 0, 17, 255, 161, 74, 237, 69, 153, 1, 0, 199, 0, 0, 56, 1, 0, 142, 7, 87]
1542889162123;[171, 0, 17, 255, 161, 74, 237, 69, 153, 1, 0, 202, 0, 0, 58, 1, 0, 141, 8, 25]
1542889162629;[171, 0, 17, 255, 161, 74, 237, 69, 153, 1, 0, 202, 0, 0, 59, 1, 0, 143, 8, 125]
1542889162633;[171, 0, 17, 255, 161, 74, 237, 69, 153, 1, 0, 199, 0, 0, 61, 1, 0, 146, 8, 138]
1542889162636;[171, 0, 17, 255, 161, 74, 237, 69, 153, 1, 0, 205, 0, 0, 62, 1, 0, 139, 8, 145]
1542889162639;[171, 0, 17, 255, 161, 74, 237, 69, 153, 1, 0, 201, 0, 0, 60, 1, 0, 143, 8, 114]
1542889163662;[171, 0, 17, 255, 161, 74, 237, 69, 153, 1, 0, 201, 0, 0, 60, 1, 0, 139, 8, 86]
1542889163837;[171, 0, 17, 255, 161, 74, 237, 69, 154, 1, 0, 209, 0, 0, 54, 1, 0, 159, 8, 197]
1542889164353;[171, 0, 4, 255, 132, 128, 103]
1542889164357;[171, 0, 17, 255, 161, 74, 237, 69, 154, 1, 0, 211, 0, 0, 62, 1, 0, 119, 8, 169]
1542889164526;[171, 0, 17, 255, 161, 74, 237, 69, 154, 1, 0, 232, 0, 0, 80, 1, 0, 129, 8, 91]
1542889164529;[171, 0, 17, 255, 161, 74, 237, 69, 154, 1, 0, 234, 0, 0, 46, 1, 0, 107, 8, 180]
1542889164533;[171, 0, 17, 255, 161, 74, 237, 69, 154, 1, 0, 211, 0, 0, 2, 1, 0, 118, 8, 212]
1542889164537;[171, 0, 17, 255, 161, 74, 237, 69, 154, 1, 0, 213, 1, 0, 11, 1, 0, 127, 9, 12]
1542889165215;[171, 0, 17, 255, 161, 74, 237, 69, 154, 1, 0, 192, 1, 0, 17, 1, 0, 142, 9, 10]
1542889165562;[171, 0, 17, 255, 161, 74, 237, 69, 154, 1, 0, 181, 1, 0, 5, 1, 0, 112, 8, 48]
1542889165566;[171, 0, 17, 255, 161, 74, 237, 69, 154, 1, 0, 192, 1, 0, 22, 1, 0, 108, 7, 83]
1542889165570;[171, 0, 17, 255, 161, 74, 237, 69, 154, 1, 0, 206, 1, 0, 5, 1, 0, 151, 6, 142]
1542889165574;[171, 0, 17, 255, 161, 74, 237, 69, 155, 1, 0, 192, 1, 0, 14, 1, 0, 173, 5, 232]
1542889165734;[171, 0, 4, 255, 132, 128, 103]
1542889165741;[171, 0, 17, 255, 161, 74, 237, 69, 155, 1, 0, 179, 0, 0, 1, 1, 0, 149, 5, 151]
1542889165744;[171, 0, 17, 255, 161, 74, 237, 69, 155, 1, 1, 42, 0, 0, 19, 1, 0, 175, 5, 89]
1542889165747;[171, 0, 17, 255, 161, 74, 237, 69, 157, 1, 0, 190, 1, 0, 28, 1, 0, 160, 1, 230]
1542889166079;[171, 0, 17, 255, 161, 74, 237, 69, 157, 1, 0, 183, 1, 0, 27, 1, 0, 140, 1, 178]
1542889166082;[171, 0, 17, 255, 161, 74, 237, 69, 157, 1, 0, 178, 1, 0, 16, 1, 0, 172, 1, 114]
1542889166085;[171, 0, 17, 255, 161, 74, 237, 69, 157, 1, 0, 190, 1, 0, 20, 1, 0, 138, 1, 81]
1542889166091;[171, 0, 17, 255, 161, 74, 237, 69, 157, 1, 0, 219, 0, 0, 24, 1, 0, 147, 1, 128]
1542889166253;[171, 0, 17, 255, 161, 74, 237, 69, 158, 1, 0, 199, 1, 0, 7, 1, 0, 148, 1, 188]
1542889166254;[171, 0, 4, 255, 132, 128, 105]
1542889166258;[171, 0, 17, 255, 161, 74, 237, 69, 158, 1, 0, 196, 0, 0, 1, 1, 0, 137, 1, 239]
1542889166770;[171, 0, 17, 255, 161, 74, 237, 69, 158, 1, 0, 219, 1, 0, 6, 1, 0, 160, 2, 10]
1542889166773;[171, 0, 17, 255, 161, 74, 237, 69, 158, 1, 0, 188, 1, 0, 11, 1, 0, 143, 2, 40]
1542889166778;[171, 0, 17, 255, 161, 74, 237, 69, 158, 1, 0, 210, 1, 0, 11, 1, 0, 154, 2, 157]
1542889166782;[171, 0, 17, 255, 161, 74, 237, 69, 158, 1, 0, 197, 1, 0, 24, 1, 0, 148, 2, 227]
1542889167113;[171, 0, 17, 255, 161, 74, 237, 69, 158, 1, 0, 197, 1, 0, 17, 1, 0, 141, 2, 241]
1542889167117;[171, 0, 17, 255, 161, 74, 237, 69, 158, 1, 0, 209, 1, 0, 36, 1, 0, 144, 2, 218]
1542889167120;[171, 0, 17, 255, 161, 74, 237, 69, 158, 1, 0, 193, 1, 0, 32, 1, 0, 162, 2, 178]
1542889167126;[171, 0, 17, 255, 161, 74, 237, 69, 158, 1, 0, 167, 1, 0, 41, 1, 0, 162, 2, 116]
1542889167286;[171, 0, 17, 255, 161, 74, 237, 69, 159, 1, 0, 190, 1, 0, 26, 1, 0, 148, 2, 33]
1542889167290;[171, 0, 4, 255, 132, 128, 105]
1542889167456;[171, 0, 17, 255, 161, 74, 237, 69, 159, 1, 0, 218, 1, 0, 35, 1, 0, 116, 1, 186]
1542889167631;[171, 0, 17, 255, 161, 74, 237, 69, 159, 1, 0, 216, 1, 0, 18, 1, 0, 139, 1, 68]
1542889167634;[171, 0, 17, 255, 161, 74, 237, 69, 159, 1, 0, 252, 1, 0, 46, 1, 0, 149, 1, 15]
1542889168148;[171, 0, 17, 255, 161, 74, 237, 69, 159, 1, 0, 142, 1, 0, 49, 1, 0, 100, 0, 228]
1542889168152;[171, 0, 17, 255, 161, 74, 237, 69, 159, 1, 0, 230, 1, 0, 33, 1, 0, 94, 0, 228]
1542889168156;[171, 0, 17, 255, 161, 74, 237, 69, 159, 1, 0, 194, 1, 0, 40, 1, 0, 143, 0, 239]
1542889169355;[171, 0, 17, 255, 161, 74, 237, 69, 159, 1, 0, 209, 1, 0, 31, 1, 0, 137, 16, 194]
1542889170737;[171, 0, 17, 255, 161, 74, 237, 69, 159, 1, 0, 195, 1, 0, 15, 1, 0, 152, 7, 168]
1542889170742;[171, 0, 17, 255, 161, 74, 237, 69, 159, 1, 0, 208, 1, 0, 33, 1, 0, 167, 7, 139]
1542889170746;[171, 0, 17, 255, 161, 74, 237, 69, 160, 1, 0, 193, 1, 0, 27, 1, 0, 139, 7, 115]
1542889170753;[171, 0, 4, 255, 132, 128, 105]
1542889170909;[171, 0, 17, 255, 161, 74, 237, 69, 160, 1, 0, 194, 1, 0, 21, 1, 0, 156, 7, 127]
1542889170913;[171, 0, 17, 255, 161, 74, 237, 69, 160, 1, 0, 164, 1, 0, 24, 1, 0, 143, 7, 123]
1542889170918;[171, 0, 17, 255, 161, 74, 237, 69, 160, 1, 0, 224, 1, 0, 32, 1, 0, 145, 7, 175]
1542889170923;[171, 0, 17, 255, 161, 74, 237, 69, 160, 1, 0, 219, 1, 0, 14, 1, 0, 129, 8, 34]
1542889171081;[171, 0, 17, 255, 161, 74, 237, 69, 162, 1, 0, 208, 1, 0, 28, 1, 0, 163, 5, 158]
1542889171085;[171, 0, 17, 255, 161, 74, 237, 69, 162, 1, 0, 204, 1, 0, 24, 1, 0, 162, 5, 29]
1542889171088;[171, 0, 17, 255, 161, 74, 237, 69, 162, 1, 0, 209, 1, 0, 27, 1, 0, 124, 4, 209]
1542889171250;[171, 0, 17, 255, 161, 74, 237, 69, 163, 1, 0, 210, 1, 0, 32, 1, 0, 127, 4, 119]
1542889171254;[171, 0, 4, 255, 132, 128, 106]
1542889171424;[171, 0, 17, 255, 161, 74, 237, 69, 163, 1, 0, 196, 1, 0, 39, 1, 0, 140, 4, 35]
1542889172116;[171, 0, 17, 255, 161, 74, 237, 69, 163, 1, 0, 202, 1, 0, 34, 1, 0, 148, 3, 218]
1542889172119;[171, 0, 17, 255, 161, 74, 237, 69, 163, 1, 0, 198, 1, 0, 40, 1, 0, 145, 3, 139]
1542889172123;[171, 0, 17, 255, 161, 74, 237, 69, 163, 1, 0, 189, 1, 0, 51, 1, 0, 135, 3, 72]
1542889172126;[171, 0, 17, 255, 161, 74, 237, 69, 163, 1, 0, 192, 1, 0, 36, 1, 0, 143, 2, 249]
1542889172290;[171, 0, 17, 255, 161, 74, 237, 69, 163, 1, 0, 134, 1, 0, 18, 1, 0, 109, 2, 165]
1542889172295;[171, 0, 17, 255, 161, 74, 237, 69, 163, 1, 0, 200, 1, 0, 3, 1, 0, 117, 3, 13]
1542889172297;[171, 0, 17, 255, 161, 74, 237, 69, 163, 1, 0, 240, 0, 0, 93, 1, 1, 62, 3, 167]
1542889172300;[171, 0, 17, 255, 161, 74, 237, 69, 163, 1, 0, 244, 0, 0, 4, 1, 0, 85, 4, 40]
1542889172458;[171, 0, 17, 255, 161, 74, 237, 69, 164, 1, 0, 177, 0, 0, 40, 1, 0, 190, 4, 220]
1542889172461;[171, 0, 4, 255, 132, 128, 106]
1542889172632;[171, 0, 17, 255, 161, 74, 237, 69, 164, 1, 0, 137, 1, 0, 22, 1, 0, 154, 5, 40]
1542889172636;[171, 0, 17, 255, 161, 74, 237, 69, 164, 1, 0, 132, 1, 0, 16, 1, 0, 126, 5, 90]
1542889172805;[171, 0, 17, 255, 161, 74, 237, 69, 164, 1, 0, 142, 0, 0, 31, 1, 0, 113, 5, 154]
1542889172812;[171, 0, 17, 255, 161, 74, 237, 69, 164, 1, 0, 249, 0, 0, 65, 1, 0, 239, 6, 2]
1542889173148;[171, 0, 17, 255, 161, 74, 237, 69, 164, 1, 0, 224, 0, 0, 37, 1, 0, 142, 6, 228]
1542889173151;[171, 0, 17, 255, 161, 74, 237, 69, 164, 1, 0, 187, 0, 0, 80, 1, 0, 162, 7, 95]
1542889173154;[171, 0, 17, 255, 161, 74, 237, 69, 164, 1, 0, 200, 0, 0, 57, 1, 0, 145, 7, 144]
1542889173156;[171, 0, 17, 255, 161, 74, 237, 69, 164, 1, 0, 199, 0, 0, 64, 1, 0, 148, 7, 208]
1542889173322;[171, 0, 17, 255, 161, 74, 237, 69, 164, 1, 0, 190, 0, 0, 63, 1, 0, 148, 7, 238]
1542889173670;[171, 0, 17, 255, 161, 74, 237, 69, 165, 1, 0, 191, 0, 0, 64, 1, 0, 147, 8, 158]
1542889173673;[171, 0, 4, 255, 132, 128, 106]
1542889173677;[171, 0, 17, 255, 161, 74, 237, 69, 165, 1, 0, 200, 0, 0, 65, 1, 0, 148, 9, 31]
1542889173681;[171, 0, 17, 255, 161, 74, 237, 69, 165, 1, 0, 197, 0, 0, 63, 1, 0, 149, 9, 67]
1542889173838;[171, 0, 17, 255, 161, 74, 237, 69, 165, 1, 0, 196, 0, 0, 67, 1, 0, 149, 9, 98]
1542889173841;[171, 0, 17, 255, 161, 74, 237, 69, 165, 1, 0, 194, 0, 0, 67, 1, 0, 146, 9, 118]
1542889174018;[171, 0, 17, 255, 161, 74, 237, 69, 165, 1, 0, 199, 0, 0, 63, 1, 0, 147, 9, 186]
1542889174532;[171, 0, 17, 255, 161, 74, 237, 69, 165, 1, 0, 196, 0, 0, 64, 1, 0, 148, 10, 87]
1542889174535;[171, 0, 17, 255, 161, 74, 237, 69, 165, 1, 0, 197, 0, 0, 66, 1, 0, 146, 10, 87]
1542889174539;[171, 0, 17, 255, 161, 74, 237, 69, 165, 1, 0, 194, 0, 0, 66, 1, 0, 140, 10, 77]
1542889174543;[171, 0, 17, 255, 161, 74, 237, 69, 165, 1, 0, 205, 0, 0, 60, 1, 0, 149, 10, 71]
1542889174702;[171, 0, 17, 255, 161, 74, 237, 69, 166, 1, 0, 206, 0, 0, 73, 1, 0, 142, 10, 34]
1542889174706;[171, 0, 4, 255, 132, 128, 106]
1542889174709;[171, 0, 17, 255, 161, 74, 237, 69, 166, 1, 0, 202, 0, 0, 78, 1, 0, 148, 10, 182]
1542889174880;[171, 0, 17, 255, 161, 74, 237, 69, 166, 1, 0, 204, 0, 0, 76, 1, 0, 162, 11, 4]
1542889174882;[171, 0, 17, 255, 161, 74, 237, 69, 166, 1, 0, 201, 0, 0, 76, 1, 0, 139, 10, 251]
1542889175047;[171, 0, 17, 255, 161, 74, 237, 69, 166, 1, 0, 180, 0, 0, 77, 1, 0, 138, 11, 3]
1542889175393;[171, 0, 17, 255, 161, 74, 237, 69, 166, 1, 0, 196, 0, 0, 81, 1, 0, 113, 10, 226]
1542889175397;[171, 0, 17, 255, 161, 74, 237, 69, 166, 1, 0, 206, 0, 0, 81, 1, 0, 144, 11, 1]
1542889175401;[171, 0, 17, 255, 161, 74, 237, 69, 166, 1, 0, 207, 0, 0, 97, 1, 0, 127, 11, 82]
1542889175404;[171, 0, 17, 255, 161, 74, 237, 69, 166, 1, 0, 200, 0, 0, 81, 1, 0, 129, 11, 70]
1542889175736;[171, 0, 17, 255, 161, 74, 237, 69, 166, 1, 0, 206, 0, 0, 89, 1, 0, 128, 11, 22]
1542889175910;[171, 0, 17, 255, 161, 74, 237, 69, 167, 1, 0, 208, 0, 0, 84, 1, 0, 127, 10, 237]
1542889175911;[171, 0, 4, 255, 132, 128, 106]
1542889176083;[171, 0, 17, 255, 161, 74, 237, 69, 167, 1, 0, 207, 0, 0, 90, 1, 0, 125, 10, 216]
1542889176087;[171, 0, 17, 255, 161, 74, 237, 69, 167, 1, 0, 213, 0, 0, 86, 1, 0, 121, 11, 105]
1542889176255;[171, 0, 17, 255, 161, 74, 237, 69, 167, 1, 0, 203, 0, 0, 99, 1, 0, 112, 11, 146]
1542889176261;[171, 0, 17, 255, 161, 74, 237, 69, 167, 1, 0, 207, 0, 0, 103, 1, 0, 114, 11, 131]
1542889176265;[171, 0, 17, 255, 161, 74, 237, 69, 167, 1, 0, 179, 0, 0, 92, 1, 0, 142, 11, 88]
1542889176431;[171, 0, 17, 255, 161, 74, 237, 69, 167, 1, 0, 204, 0, 0, 69, 1, 0, 172, 10, 231]
1542889176433;[171, 0, 17, 255, 161, 74, 237, 69, 167, 1, 0, 177, 0, 0, 11, 1, 0, 150, 10, 220]
1542889177118;[171, 0, 17, 255, 161, 74, 237, 69, 167, 1, 0, 169, 1, 0, 5, 1, 0, 130, 10, 179]
1542889177122;[171, 0, 17, 255, 161, 74, 237, 69, 167, 1, 0, 155, 0, 0, 12, 1, 0, 122, 10, 59]
1542889177126;[171, 0, 17, 255, 161, 74, 237, 69, 168, 1, 0, 155, 0, 0, 41, 1, 0, 185, 10, 38]
1542889177129;[171, 0, 4, 255, 132, 128, 106]
1542889177290;[171, 0, 17, 255, 161, 74, 237, 69, 168, 1, 0, 225, 0, 0, 12, 1, 0, 159, 9, 62]
1542889177294;[171, 0, 17, 255, 161, 74, 237, 69, 168, 1, 0, 185, 0, 0, 5, 1, 0, 166, 9, 39]
1542889177299;[171, 0, 17, 255, 161, 74, 237, 69, 168, 1, 0, 166, 0, 0, 48, 1, 0, 172, 8, 255]
1542889177303;[171, 0, 17, 255, 161, 74, 237, 69, 168, 1, 0, 225, 0, 0, 38, 1, 0, 179, 8, 160]
1542889177461;[171, 0, 17, 255, 161, 74, 237, 69, 168, 1, 0, 211, 0, 0, 2, 1, 0, 168, 8, 85]
1542889177636;[171, 0, 17, 255, 161, 74, 237, 69, 168, 1, 0, 146, 1, 0, 71, 1, 0, 102, 7, 241]
1542889177640;[171, 0, 17, 255, 161, 74, 237, 69, 168, 1, 0, 109, 1, 0, 66, 1, 0, 100, 7, 233]
1542889177644;[171, 0, 17, 255, 161, 74, 237, 69, 168, 1, 1, 20, 0, 0, 48, 1, 1, 69, 7, 196]
1542889177648;[171, 0, 17, 255, 161, 74, 237, 69, 168, 1, 0, 189, 0, 0, 42, 1, 0, 190, 7, 150]
1542889177806;[171, 0, 17, 255, 161, 74, 237, 69, 169, 1, 0, 220, 1, 0, 1, 1, 0, 133, 7, 52]
1542889177976;[171, 0, 4, 255, 132, 128, 106]
1542889178325;[171, 0, 17, 255, 161, 74, 237, 69, 169, 1, 0, 239, 1, 0, 5, 1, 0, 102, 6, 205]
1542889178329;[171, 0, 17, 255, 161, 74, 237, 69, 169, 1, 0, 214, 0, 0, 11, 1, 0, 127, 6, 223]
1542889178669;[171, 0, 17, 255, 161, 74, 237, 69, 169, 1, 0, 191, 0, 0, 7, 1, 0, 144, 6, 140]
1542889178841;[171, 0, 17, 255, 161, 74, 237, 69, 169, 1, 0, 206, 0, 0, 5, 1, 0, 154, 6, 61]
1542889179706;[171, 0, 17, 255, 161, 74, 237, 69, 169, 1, 0, 181, 1, 0, 8, 1, 0, 135, 6, 0]
1542889179710;[171, 0, 17, 255, 161, 74, 237, 69, 169, 1, 0, 210, 1, 0, 14, 1, 0, 148, 5, 175]
1542889179713;[171, 0, 17, 255, 161, 74, 237, 69, 169, 1, 0, 201, 1, 0, 4, 1, 0, 150, 5, 204]
1542889179717;[171, 0, 17, 255, 161, 74, 237, 69, 169, 1, 0, 194, 1, 0, 7, 1, 0, 167, 5, 175]
1542889179883;[171, 0, 17, 255, 161, 74, 237, 69, 169, 1, 0, 202, 1, 0, 15, 1, 0, 148, 5, 114]
1542889179887;[171, 0, 17, 255, 161, 74, 237, 69, 170, 1, 0, 210, 1, 0, 12, 1, 0, 136, 5, 83]
1542889179891;[171, 0, 4, 255, 132, 128, 106]
1542889179893;[171, 0, 17, 255, 161, 74, 237, 69, 170, 1, 0, 113, 1, 0, 2, 1, 0, 128, 5, 25]
1542889180049;[171, 0, 17, 255, 161, 74, 237, 69, 170, 1, 0, 230, 0, 0, 34, 1, 0, 154, 5, 77]
1542889180052;[171, 0, 17, 255, 161, 74, 237, 69, 170, 1, 0, 201, 1, 0, 7, 1, 0, 138, 5, 33]
1542889180055;[171, 0, 17, 255, 161, 74, 237, 69, 170, 1, 0, 193, 0, 0, 0, 1, 0, 158, 4, 255]
1542889180059;[171, 0, 17, 255, 161, 74, 237, 69, 170, 1, 0, 200, 0, 0, 13, 1, 0, 156, 4, 222]
1542889180222;[171, 0, 17, 255, 161, 74, 237, 69, 170, 1, 0, 205, 0, 0, 13, 1, 0, 143, 4, 189]
1542889180570;[171, 0, 17, 255, 161, 74, 237, 69, 170, 1, 0, 204, 0, 0, 9, 1, 0, 145, 4, 212]
1542889180574;[171, 0, 17, 255, 161, 74, 237, 69, 170, 1, 0, 203, 0, 0, 5, 1, 0, 149, 4, 188]
1542889180582;[171, 0, 17, 255, 161, 74, 237, 69, 170, 1, 0, 204, 0, 0, 5, 1, 0, 147, 4, 136]
1542889180584;[171, 0, 17, 255, 161, 74, 237, 69, 171, 1, 0, 208, 1, 0, 1, 1, 0, 159, 4, 100]
1542889180909;[171, 0, 4, 255, 132, 128, 107]
1542889181261;[171, 0, 17, 255, 161, 74, 237, 69, 171, 1, 0, 212, 0, 0, 4, 1, 0, 158, 4, 87]
1542889181345;[171, 0, 17, 255, 161, 74, 237, 69, 171, 1, 0, 159, 1, 0, 13, 1, 0, 182, 4, 135]
1542889181347;[171, 0, 17, 255, 161, 74, 237, 69, 171, 1, 0, 189, 0, 0, 36, 1, 0, 130, 4, 220]
1542889181349;[171, 0, 17, 255, 161, 74, 237, 69, 171, 1, 0, 254, 0, 0, 63, 1, 0, 140, 4, 182]
1542889181431;[171, 0, 17, 255, 161, 74, 237, 69, 171, 1, 0, 193, 1, 0, 23, 1, 0, 134, 4, 33]
1542889181435;[171, 0, 17, 255, 161, 74, 237, 69, 171, 1, 0, 230, 1, 0, 25, 1, 0, 118, 4, 37]
1542889181438;[171, 0, 17, 255, 161, 74, 237, 69, 171, 1, 0, 231, 0, 0, 35, 1, 0, 124, 4, 77]
1542889181777;[171, 0, 17, 255, 161, 74, 237, 69, 171, 1, 1, 1, 0, 0, 46, 1, 0, 95, 4, 22]
1542889181780;[171, 0, 17, 255, 161, 74, 237, 69, 171, 1, 0, 215, 0, 0, 33, 1, 0, 103, 3, 212]
1542889181784;[171, 0, 17, 255, 161, 74, 237, 69, 172, 1, 0, 154, 0, 0, 10, 1, 0, 125, 3, 218]
1542889181787;[171, 0, 4, 255, 132, 128, 108]
1542889182468;[171, 0, 17, 255, 161, 74, 237, 69, 172, 1, 0, 197, 0, 0, 6, 1, 0, 184, 3, 157]
1542889182471;[171, 0, 17, 255, 161, 74, 237, 69, 172, 1, 0, 213, 1, 0, 7, 1, 0, 151, 3, 101]
1542889182475;[171, 0, 17, 255, 161, 74, 237, 69, 172, 1, 0, 202, 1, 0, 3, 1, 0, 132, 3, 22]
1542889182479;[171, 0, 17, 255, 161, 74, 237, 69, 172, 1, 0, 156, 0, 0, 26, 1, 0, 93, 3, 20]
1542889182809;[171, 0, 17, 255, 161, 74, 237, 69, 172, 1, 0, 225, 0, 0, 19, 1, 0, 119, 3, 21]
1542889183496;[171, 0, 17, 255, 161, 74, 237, 69, 172, 1, 0, 195, 0, 0, 6, 1, 0, 139, 3, 41]
1542889183498;[171, 0, 17, 255, 161, 74, 237, 69, 172, 1, 0, 205, 0, 0, 5, 1, 0, 170, 3, 69]
1542889183501;[171, 0, 17, 255, 161, 74, 237, 69, 172, 1, 0, 179, 1, 0, 16, 1, 0, 156, 3, 53]
1542889183503;[171, 0, 17, 255, 161, 74, 237, 69, 172, 1, 0, 138, 1, 0, 12, 1, 0, 132, 3, 61]
