1542780689259;[171, 0, 17, 255, 161, 74, 234, 227, 147, 1, 0, 50, 1, 0, 239, 1, 0, 32, 5, 32]
1542780689283;[171, 0, 17, 255, 161, 74, 234, 227, 147, 1, 0, 55, 1, 0, 236, 1, 0, 26, 5, 110]
1542780689429;[171, 0, 17, 255, 161, 74, 234, 227, 147, 1, 0, 58, 1, 0, 239, 1, 0, 27, 5, 216]
1542780689604;[171, 0, 17, 255, 161, 74, 234, 227, 147, 1, 0, 60, 1, 0, 236, 1, 0, 25, 6, 27]
1542780689608;[171, 0, 17, 255, 161, 74, 234, 227, 147, 1, 0, 57, 1, 0, 242, 1, 0, 18, 6, 76]
1542780689778;[171, 0, 17, 255, 161, 74, 234, 227, 147, 1, 0, 62, 1, 0, 239, 1, 0, 12, 6, 125]
1542780689780;[171, 0, 17, 255, 161, 74, 234, 227, 147, 1, 0, 73, 1, 0, 236, 1, 0, 15, 6, 164]
1542780690122;[171, 0, 17, 255, 161, 74, 234, 227, 148, 1, 0, 97, 1, 0, 226, 1, 0, 16, 7, 27]
1542780690125;[171, 0, 4, 255, 132, 128, 98]
1542780690129;[171, 0, 17, 255, 161, 74, 234, 227, 148, 1, 0, 111, 1, 0, 224, 1, 0, 13, 7, 146]
1542780690293;[171, 0, 17, 255, 161, 74, 234, 227, 148, 1, 0, 141, 1, 0, 223, 0, 0, 25, 7, 125]
1542780690297;[171, 0, 17, 255, 161, 74, 234, 227, 148, 1, 0, 137, 1, 0, 243, 1, 0, 40, 7, 157]
1542780690467;[171, 0, 17, 255, 161, 74, 234, 227, 148, 1, 1, 2, 1, 0, 54, 1, 0, 110, 7, 29]
1542780690470;[171, 0, 17, 255, 161, 74, 234, 227, 148, 1, 0, 57, 1, 0, 223, 1, 0, 122, 7, 108]
1542780690639;[171, 0, 17, 255, 161, 74, 234, 227, 148, 1, 0, 104, 1, 0, 227, 1, 0, 56, 7, 202]
1542780690810;[171, 0, 17, 255, 161, 74, 234, 227, 148, 1, 0, 46, 1, 0, 232, 1, 0, 62, 7, 202]
1542780690984;[171, 0, 17, 255, 161, 74, 234, 227, 148, 1, 0, 55, 1, 0, 245, 1, 0, 39, 8, 27]
1542780690988;[171, 0, 17, 255, 161, 74, 234, 227, 148, 1, 0, 72, 1, 0, 241, 1, 0, 25, 7, 169]
1542780690992;[171, 0, 17, 255, 161, 74, 234, 227, 149, 1, 0, 181, 1, 0, 179, 0, 0, 55, 7, 28]
1542780691157;[171, 0, 4, 255, 132, 128, 99]
1542780691161;[171, 0, 17, 255, 161, 74, 234, 227, 149, 1, 0, 68, 1, 0, 203, 0, 0, 0, 6, 201]
1542780691503;[171, 0, 17, 255, 161, 74, 234, 227, 149, 1, 0, 1, 1, 0, 229, 0, 0, 60, 6, 229]
1542780691506;[171, 0, 17, 255, 161, 74, 234, 227, 149, 0, 0, 35, 1, 1, 29, 1, 0, 20, 6, 238]
1542780691510;[171, 0, 17, 255, 161, 74, 234, 227, 149, 0, 0, 2, 1, 1, 10, 1, 0, 87, 6, 217]
1542780691674;[171, 0, 17, 255, 161, 74, 234, 227, 149, 1, 0, 70, 1, 0, 212, 1, 0, 186, 7, 34]
1542780691678;[171, 0, 17, 255, 161, 74, 234, 227, 149, 1, 0, 150, 1, 1, 62, 1, 0, 135, 7, 41]
1542780691845;[171, 0, 17, 255, 161, 74, 234, 227, 149, 0, 0, 61, 1, 1, 31, 1, 0, 203, 7, 255]
1542780692019;[171, 0, 17, 255, 161, 74, 234, 227, 149, 0, 0, 39, 1, 0, 225, 1, 0, 30, 7, 242]
1542780692023;[171, 0, 17, 255, 161, 74, 234, 227, 149, 0, 0, 59, 1, 0, 208, 1, 0, 68, 7, 81]
1542780692191;[171, 0, 17, 255, 161, 74, 234, 227, 150, 0, 0, 5, 1, 1, 13, 1, 0, 24, 7, 67]
1542780692195;[171, 0, 4, 255, 132, 128, 99]
1542780692364;[171, 0, 17, 255, 161, 74, 234, 227, 150, 0, 0, 14, 1, 0, 254, 1, 0, 19, 7, 79]
1542780692368;[171, 0, 17, 255, 161, 74, 234, 227, 150, 0, 0, 9, 1, 1, 184, 1, 0, 25, 7, 153]
1542780692708;[171, 0, 17, 255, 161, 74, 234, 227, 150, 0, 0, 110, 1, 0, 224, 1, 0, 113, 7, 176]
1542780692712;[171, 0, 17, 255, 161, 74, 234, 227, 150, 0, 0, 101, 1, 0, 181, 1, 0, 6, 7, 129]
1542780692716;[171, 0, 17, 255, 161, 74, 234, 227, 150, 0, 0, 50, 1, 1, 69, 1, 0, 214, 7, 49]
1542780692882;[171, 0, 17, 255, 161, 74, 234, 227, 150, 0, 1, 179, 1, 0, 219, 0, 0, 47, 6, 234]
1542780692886;[171, 0, 17, 255, 161, 74, 234, 227, 150, 1, 0, 16, 1, 0, 108, 0, 3, 235, 6, 148]
1542780693054;[171, 0, 17, 255, 161, 74, 234, 227, 150, 1, 0, 78, 1, 0, 239, 1, 0, 4, 5, 250]
1542780693058;[171, 0, 17, 255, 161, 74, 234, 227, 150, 0, 0, 28, 1, 0, 214, 1, 0, 54, 5, 42]
1542780693226;[171, 0, 17, 255, 161, 74, 234, 227, 151, 1, 0, 50, 1, 1, 47, 1, 0, 62, 4, 219]
1542780693400;[171, 0, 4, 255, 132, 128, 99]
1542780693403;[171, 0, 17, 255, 161, 74, 234, 227, 151, 1, 0, 112, 1, 1, 159, 1, 0, 105, 5, 18]
1542780693572;[171, 0, 17, 255, 161, 74, 234, 227, 151, 0, 0, 38, 1, 0, 156, 1, 0, 99, 5, 99]
1542780693576;[171, 0, 17, 255, 161, 74, 234, 227, 151, 1, 0, 50, 1, 0, 107, 0, 0, 17, 5, 93]
1542780694091;[171, 0, 17, 255, 161, 74, 234, 227, 151, 0, 0, 42, 1, 2, 25, 1, 0, 29, 5, 82]
1542780694095;[171, 0, 17, 255, 161, 74, 234, 227, 151, 1, 4, 111, 1, 1, 184, 0, 0, 58, 5, 43]
1542780694099;[171, 0, 17, 255, 161, 74, 234, 227, 151, 1, 0, 64, 1, 0, 212, 0, 0, 63, 4, 178]
1542780694104;[171, 0, 17, 255, 161, 74, 234, 227, 151, 1, 0, 42, 1, 0, 225, 1, 0, 59, 3, 181]
1542780694262;[171, 0, 17, 255, 161, 74, 234, 227, 151, 1, 0, 1, 1, 0, 237, 1, 0, 33, 3, 181]
1542780694266;[171, 0, 17, 255, 161, 74, 234, 227, 151, 1, 0, 43, 1, 0, 248, 1, 0, 58, 3, 161]
1542780694270;[171, 0, 17, 255, 161, 74, 234, 227, 152, 0, 0, 40, 1, 0, 229, 1, 0, 22, 3, 93]
1542780694433;[171, 0, 4, 255, 132, 128, 100]
1542780694606;[171, 0, 17, 255, 161, 74, 234, 227, 152, 0, 0, 64, 1, 0, 243, 1, 0, 33, 3, 67]
1542780694610;[171, 0, 17, 255, 161, 74, 234, 227, 152, 0, 0, 94, 1, 0, 222, 1, 0, 19, 3, 144]
1542780694844;[171, 0, 17, 255, 161, 74, 234, 227, 152, 0, 0, 77, 1, 0, 207, 1, 0, 71, 3, 170]
1542780694846;[171, 0, 17, 255, 161, 74, 234, 227, 152, 0, 0, 68, 1, 0, 232, 0, 0, 43, 3, 242]
1542780694952;[171, 0, 17, 255, 161, 74, 234, 227, 152, 0, 0, 110, 1, 0, 244, 0, 0, 66, 4, 41]
1542780695298;[171, 0, 17, 255, 161, 74, 234, 227, 152, 0, 0, 124, 1, 0, 229, 1, 0, 9, 4, 21]
1542780695302;[171, 0, 17, 255, 161, 74, 234, 227, 152, 0, 0, 188, 1, 0, 165, 0, 0, 66, 4, 76]
1542780695306;[171, 0, 17, 255, 161, 74, 234, 227, 152, 0, 0, 114, 1, 0, 113, 0, 0, 37, 4, 98]
1542780695310;[171, 0, 17, 255, 161, 74, 234, 227, 152, 1, 0, 165, 1, 0, 109, 0, 0, 82, 3, 126]
1542780695469;[171, 0, 17, 255, 161, 74, 234, 227, 153, 0, 0, 132, 1, 0, 57, 0, 2, 104, 3, 94]
1542780695473;[171, 0, 4, 255, 132, 128, 100]
1542780695642;[171, 0, 17, 255, 161, 74, 234, 227, 153, 0, 0, 4, 1, 1, 28, 1, 0, 41, 2, 248]
1542780695814;[171, 0, 17, 255, 161, 74, 234, 227, 153, 0, 0, 53, 1, 0, 227, 1, 0, 9, 3, 11]
1542780695817;[171, 0, 17, 255, 161, 74, 234, 227, 153, 0, 0, 6, 1, 0, 236, 1, 0, 14, 2, 175]
1542780695986;[171, 0, 17, 255, 161, 74, 234, 227, 153, 1, 0, 29, 1, 1, 13, 1, 0, 7, 2, 127]
1542780695990;[171, 0, 17, 255, 161, 74, 234, 227, 153, 1, 0, 1, 1, 1, 20, 1, 0, 15, 2, 157]
1542780696159;[171, 0, 17, 255, 161, 74, 234, 227, 153, 0, 0, 10, 1, 1, 62, 0, 0, 18, 2, 187]
1542780696163;[171, 0, 17, 255, 161, 74, 234, 227, 153, 0, 0, 104, 1, 0, 140, 0, 0, 3, 2, 61]
1542780696505;[171, 0, 17, 255, 161, 74, 234, 227, 153, 1, 0, 19, 1, 0, 211, 0, 0, 100, 2, 19]
1542780696509;[171, 0, 17, 255, 161, 74, 234, 227, 153, 1, 0, 26, 1, 1, 87, 0, 0, 53, 2, 17]
1542780696513;[171, 0, 17, 255, 161, 74, 234, 227, 154, 0, 0, 65, 1, 0, 233, 1, 0, 62, 1, 224]
1542780696677;[171, 0, 4, 255, 132, 128, 100]
1542780696680;[171, 0, 17, 255, 161, 74, 234, 227, 154, 1, 0, 92, 1, 0, 239, 1, 0, 7, 2, 22]
1542780696850;[171, 0, 17, 255, 161, 74, 234, 227, 154, 1, 0, 10, 1, 0, 211, 0, 0, 16, 1, 137]
1542780697022;[171, 0, 17, 255, 161, 74, 234, 227, 154, 1, 0, 51, 1, 0, 242, 1, 0, 13, 1, 46]
1542780697025;[171, 0, 17, 255, 161, 74, 234, 227, 154, 1, 0, 68, 1, 0, 245, 1, 0, 30, 0, 203]
1542780697194;[171, 0, 17, 255, 161, 74, 234, 227, 154, 1, 0, 12, 1, 0, 235, 1, 0, 19, 16, 77]
1542780697198;[171, 0, 17, 255, 161, 74, 234, 227, 154, 1, 0, 25, 1, 0, 253, 1, 0, 25, 7, 200]
1542780697366;[171, 0, 17, 255, 161, 74, 234, 227, 154, 1, 0, 12, 1, 1, 21, 1, 0, 10, 7, 208]
1542780697370;[171, 0, 17, 255, 161, 74, 234, 227, 154, 0, 0, 8, 1, 1, 115, 1, 0, 14, 8, 54]
1542780697538;[171, 0, 17, 255, 161, 74, 234, 227, 154, 1, 0, 129, 1, 0, 138, 1, 0, 80, 8, 2]
1542780697885;[171, 0, 17, 255, 161, 74, 234, 227, 155, 0, 0, 21, 1, 0, 205, 0, 0, 13, 8, 15]
1542780697889;[171, 0, 4, 255, 132, 128, 101]
1542780697894;[171, 0, 17, 255, 161, 74, 234, 227, 155, 1, 0, 15, 1, 1, 131, 1, 0, 117, 8, 16]
1542780697897;[171, 0, 17, 255, 161, 74, 234, 227, 155, 0, 0, 181, 1, 0, 218, 1, 0, 109, 7, 182]
1542780698056;[171, 0, 17, 255, 161, 74, 234, 227, 155, 1, 0, 233, 1, 1, 38, 0, 0, 187, 7, 246]
1542780698060;[171, 0, 17, 255, 161, 74, 234, 227, 155, 0, 0, 73, 1, 0, 217, 1, 0, 88, 6, 186]
1542780698230;[171, 0, 17, 255, 161, 74, 234, 227, 155, 0, 0, 8, 1, 1, 2, 1, 0, 48, 6, 93]
1542780698402;[171, 0, 17, 255, 161, 74, 234, 227, 155, 0, 0, 45, 1, 0, 203, 1, 0, 83, 6, 1]
1542780698405;[171, 0, 17, 255, 161, 74, 234, 227, 155, 0, 0, 27, 1, 0, 238, 1, 0, 19, 5, 231]
1542780698574;[171, 0, 17, 255, 161, 74, 234, 227, 155, 0, 0, 20, 1, 0, 243, 1, 0, 27, 5, 237]
1542780698578;[171, 0, 17, 255, 161, 74, 234, 227, 155, 1, 0, 45, 1, 1, 50, 1, 0, 18, 6, 8]
1542780698747;[171, 0, 17, 255, 161, 74, 234, 227, 156, 0, 0, 101, 1, 0, 225, 1, 0, 24, 6, 59]
1542780699092;[171, 0, 4, 255, 132, 128, 101]
1542780699095;[171, 0, 17, 255, 161, 74, 234, 227, 156, 1, 0, 6, 1, 0, 108, 0, 0, 5, 6, 36]
1542780699099;[171, 0, 17, 255, 161, 74, 234, 227, 156, 1, 0, 11, 1, 0, 253, 1, 0, 28, 6, 88]
1542780699103;[171, 0, 17, 255, 161, 74, 234, 227, 156, 1, 0, 14, 1, 1, 78, 1, 0, 23, 6, 132]
1542780699264;[171, 0, 17, 255, 161, 74, 234, 227, 156, 1, 0, 25, 1, 0, 229, 0, 0, 22, 6, 134]
1542780699268;[171, 0, 17, 255, 161, 74, 234, 227, 156, 0, 0, 60, 1, 1, 15, 1, 0, 6, 6, 221]
1542780699436;[171, 0, 17, 255, 161, 74, 234, 227, 156, 1, 0, 93, 1, 0, 255, 0, 0, 22, 6, 196]
1542780699609;[171, 0, 17, 255, 161, 74, 234, 227, 156, 1, 0, 90, 1, 0, 226, 1, 0, 54, 6, 129]
1542780699612;[171, 0, 17, 255, 161, 74, 234, 227, 156, 1, 0, 41, 1, 0, 234, 1, 0, 45, 6, 134]
1542780699782;[171, 0, 17, 255, 161, 74, 234, 227, 156, 1, 0, 71, 1, 0, 237, 1, 0, 59, 7, 16]
1542780699786;[171, 0, 17, 255, 161, 74, 234, 227, 157, 1, 0, 55, 1, 0, 223, 1, 0, 47, 7, 40]
1542780699954;[171, 0, 4, 255, 132, 128, 100]
1542780699958;[171, 0, 17, 255, 161, 74, 234, 227, 157, 1, 0, 51, 1, 0, 241, 1, 0, 49, 7, 57]
1542780700124;[171, 0, 17, 255, 161, 74, 234, 227, 157, 1, 0, 55, 1, 0, 228, 1, 0, 61, 7, 25]
1542780700472;[171, 0, 17, 255, 161, 74, 234, 227, 157, 1, 0, 44, 1, 0, 249, 1, 0, 29, 7, 33]
1542780700476;[171, 0, 17, 255, 161, 74, 234, 227, 157, 1, 0, 40, 1, 0, 229, 1, 0, 24, 7, 70]
1542780700480;[171, 0, 17, 255, 161, 74, 234, 227, 157, 1, 0, 24, 1, 0, 244, 1, 0, 12, 7, 137]
1542780700484;[171, 0, 17, 255, 161, 74, 234, 227, 157, 1, 0, 6, 1, 0, 242, 0, 0, 12, 7, 193]
1542780700643;[171, 0, 17, 255, 161, 74, 234, 227, 157, 0, 0, 8, 1, 0, 255, 0, 0, 27, 7, 212]
1542780700816;[171, 0, 17, 255, 161, 74, 234, 227, 157, 1, 0, 9, 1, 0, 246, 0, 0, 70, 7, 216]
1542780700820;[171, 0, 17, 255, 161, 74, 234, 227, 157, 1, 0, 51, 1, 0, 234, 0, 0, 57, 7, 221]
1542780700988;[171, 0, 17, 255, 161, 74, 234, 227, 158, 1, 0, 44, 1, 0, 253, 0, 0, 63, 8, 21]
1542780700992;[171, 0, 4, 255, 132, 128, 100]
1542780701162;[171, 0, 17, 255, 161, 74, 234, 227, 158, 1, 0, 53, 1, 0, 234, 0, 0, 37, 8, 51]
1542780701165;[171, 0, 17, 255, 161, 74, 234, 227, 158, 1, 0, 36, 1, 0, 228, 0, 0, 93, 8, 86]
1542780701332;[171, 0, 17, 255, 161, 74, 234, 227, 158, 1, 0, 32, 1, 0, 239, 0, 0, 67, 8, 101]
1542780701680;[171, 0, 17, 255, 161, 74, 234, 227, 158, 1, 0, 26, 1, 0, 230, 0, 0, 73, 8, 122]
1542780701684;[171, 0, 17, 255, 161, 74, 234, 227, 158, 1, 0, 20, 1, 0, 234, 0, 0, 73, 8, 155]
1542780701688;[171, 0, 17, 255, 161, 74, 234, 227, 158, 1, 0, 13, 1, 0, 237, 0, 0, 72, 8, 245]
1542780701692;[171, 0, 17, 255, 161, 74, 234, 227, 158, 1, 0, 7, 1, 0, 237, 0, 0, 76, 9, 60]
1542780701851;[171, 0, 17, 255, 161, 74, 234, 227, 158, 0, 0, 1, 1, 0, 229, 0, 0, 82, 9, 120]
1542780702024;[171, 0, 17, 255, 161, 74, 234, 227, 158, 0, 0, 8, 1, 0, 242, 0, 0, 76, 9, 192]
1542780702196;[171, 0, 17, 255, 161, 74, 234, 227, 161, 0, 0, 23, 1, 0, 232, 0, 0, 79, 10, 193]
1542780702200;[171, 0, 17, 255, 161, 74, 234, 227, 161, 0, 0, 24, 1, 0, 233, 0, 0, 83, 10, 190]
1542780702370;[171, 0, 17, 255, 161, 74, 234, 227, 161, 0, 0, 24, 1, 0, 230, 0, 0, 80, 10, 187]
1542780702374;[171, 0, 17, 255, 161, 74, 234, 227, 161, 0, 0, 24, 1, 0, 231, 0, 0, 84, 10, 171]
1542780703060;[171, 0, 17, 255, 161, 74, 234, 227, 161, 0, 0, 22, 1, 0, 232, 0, 0, 82, 10, 156]
1542780703064;[171, 0, 17, 255, 161, 74, 234, 227, 161, 0, 0, 24, 1, 0, 234, 0, 0, 82, 10, 174]
1542780703068;[171, 0, 17, 255, 161, 74, 234, 227, 161, 0, 0, 20, 1, 0, 233, 0, 0, 82, 10, 189]
1542780703072;[171, 0, 17, 255, 161, 74, 234, 227, 161, 0, 0, 22, 1, 0, 230, 0, 0, 84, 10, 195]
1542780703231;[171, 0, 17, 255, 161, 74, 234, 227, 161, 0, 0, 22, 1, 0, 232, 0, 0, 82, 10, 195]
1542780703235;[171, 0, 17, 255, 161, 74, 234, 227, 162, 0, 0, 23, 1, 0, 232, 0, 0, 83, 10, 193]
1542780703238;[171, 0, 4, 255, 132, 128, 102]
1542780703404;[171, 0, 17, 255, 161, 74, 234, 227, 162, 0, 0, 26, 1, 0, 234, 0, 0, 83, 10, 192]
1542780703407;[171, 0, 17, 255, 161, 74, 234, 227, 162, 0, 0, 22, 1, 0, 233, 0, 0, 86, 10, 221]
1542780703576;[171, 0, 17, 255, 161, 74, 234, 227, 162, 0, 0, 22, 1, 0, 231, 0, 0, 85, 10, 240]
1542780703580;[171, 0, 17, 255, 161, 74, 234, 227, 162, 0, 0, 21, 1, 0, 234, 0, 0, 83, 10, 249]
1542780703750;[171, 0, 17, 255, 161, 74, 234, 227, 162, 0, 0, 21, 1, 0, 232, 0, 0, 86, 10, 252]
1542780703921;[171, 0, 17, 255, 161, 74, 234, 227, 162, 0, 0, 23, 1, 0, 232, 0, 0, 84, 11, 1]
1542780703925;[171, 0, 17, 255, 161, 74, 234, 227, 162, 0, 0, 21, 1, 0, 232, 0, 0, 86, 10, 249]
1542780704269;[171, 0, 17, 255, 161, 74, 234, 227, 162, 0, 0, 23, 1, 0, 233, 0, 0, 85, 11, 6]
1542780704273;[171, 0, 17, 255, 161, 74, 234, 227, 162, 0, 0, 26, 1, 0, 230, 0, 0, 84, 11, 25]
1542780704276;[171, 0, 17, 255, 161, 74, 234, 227, 163, 0, 0, 22, 1, 0, 231, 0, 0, 85, 11, 33]
1542780704280;[171, 0, 4, 255, 132, 128, 103]
1542780704438;[171, 0, 17, 255, 161, 74, 234, 227, 163, 0, 0, 21, 1, 0, 232, 0, 0, 84, 11, 32]
1542780704612;[171, 0, 17, 255, 161, 74, 234, 227, 163, 0, 0, 23, 1, 0, 230, 0, 0, 86, 11, 31]
1542780704616;[171, 0, 17, 255, 161, 74, 234, 227, 163, 0, 0, 22, 1, 0, 231, 0, 0, 85, 11, 25]
1542780704784;[171, 0, 17, 255, 161, 74, 234, 227, 163, 0, 0, 24, 1, 0, 232, 0, 0, 86, 11, 9]
1542780704788;[171, 0, 17, 255, 161, 74, 234, 227, 163, 0, 0, 24, 1, 0, 231, 0, 0, 86, 11, 25]
1542780704956;[171, 0, 17, 255, 161, 74, 234, 227, 163, 0, 0, 25, 1, 0, 230, 0, 0, 85, 11, 28]
1542780704959;[171, 0, 17, 255, 161, 74, 234, 227, 163, 0, 0, 22, 1, 0, 231, 0, 0, 86, 11, 24]
1542780705129;[171, 0, 17, 255, 161, 74, 234, 227, 163, 0, 0, 23, 1, 0, 233, 0, 0, 86, 11, 22]
1542780705475;[171, 0, 17, 255, 161, 74, 234, 227, 163, 0, 0, 22, 1, 0, 229, 0, 0, 86, 11, 9]
1542780705478;[171, 0, 17, 255, 161, 74, 234, 227, 164, 0, 0, 22, 1, 0, 232, 0, 0, 86, 11, 3]
1542780705483;[171, 0, 4, 255, 132, 128, 102]
1542780705487;[171, 0, 17, 255, 161, 74, 234, 227, 164, 0, 0, 27, 1, 0, 231, 0, 0, 87, 10, 243]
1542780707694;[171, 0, 17, 255, 161, 74, 234, 227, 164, 0, 0, 25, 1, 0, 232, 0, 0, 86, 10, 247]
1542780707696;[171, 0, 17, 255, 161, 74, 234, 227, 164, 0, 0, 22, 1, 0, 231, 0, 0, 86, 10, 244]
1542780707698;[171, 0, 17, 255, 161, 74, 234, 227, 164, 0, 0, 23, 1, 0, 232, 0, 0, 89, 10, 243]
1542780707699;[171, 0, 17, 255, 161, 74, 234, 227, 164, 0, 0, 24, 1, 0, 230, 0, 0, 85, 10, 244]
1542780707701;[171, 0, 17, 255, 161, 74, 234, 227, 164, 0, 0, 26, 1, 0, 229, 0, 0, 85, 10, 231]
1542780707703;[171, 0, 17, 255, 161, 74, 234, 227, 164, 0, 0, 25, 1, 0, 229, 0, 0, 86, 10, 215]
1542780707705;[171, 0, 17, 255, 161, 74, 234, 227, 164, 0, 0, 23, 1, 0, 231, 0, 0, 87, 10, 201]
1542780707707;[171, 0, 17, 255, 161, 74, 234, 227, 164, 0, 0, 23, 1, 0, 228, 0, 0, 86, 10, 185]
1542780707710;[171, 0, 17, 255, 161, 74, 234, 227, 165, 0, 0, 21, 1, 0, 232, 0, 0, 88, 10, 193]
1542780707712;[171, 0, 4, 255, 132, 128, 101]
1542780707715;[171, 0, 17, 255, 161, 74, 234, 227, 165, 0, 0, 27, 1, 0, 237, 0, 0, 87, 10, 235]
1542780707720;[171, 0, 17, 255, 161, 74, 234, 227, 165, 0, 0, 27, 1, 0, 225, 0, 0, 89, 10, 255]
1542780707725;[171, 0, 17, 255, 161, 74, 234, 227, 165, 0, 0, 23, 1, 0, 233, 0, 0, 92, 10, 255]
1542780707729;[171, 0, 17, 255, 161, 74, 234, 227, 165, 0, 0, 32, 1, 0, 226, 0, 0, 87, 10, 227]
1542780708062;[171, 0, 17, 255, 161, 74, 234, 227, 165, 0, 0, 35, 1, 0, 218, 0, 0, 87, 10, 224]
1542780708066;[171, 0, 17, 255, 161, 74, 234, 227, 165, 0, 0, 19, 1, 1, 0, 0, 0, 97, 10, 233]
1542780708070;[171, 0, 17, 255, 161, 74, 234, 227, 165, 0, 0, 8, 1, 0, 243, 0, 0, 87, 10, 254]
1542780708074;[171, 0, 17, 255, 161, 74, 234, 227, 165, 0, 0, 27, 1, 0, 220, 0, 0, 80, 11, 17]
1542780708235;[171, 0, 17, 255, 161, 74, 234, 227, 165, 0, 0, 23, 1, 0, 228, 0, 0, 83, 11, 18]
1542780708240;[171, 0, 17, 255, 161, 74, 234, 227, 166, 0, 0, 23, 1, 0, 230, 0, 0, 88, 11, 24]
1542780708243;[171, 0, 4, 255, 132, 128, 101]
1542780708406;[171, 0, 17, 255, 161, 74, 234, 227, 166, 0, 0, 13, 1, 0, 241, 0, 0, 84, 11, 29]
1542780708412;[171, 0, 17, 255, 161, 74, 234, 227, 166, 0, 0, 38, 1, 0, 210, 0, 0, 83, 10, 232]
1542780708580;[171, 0, 17, 255, 161, 74, 234, 227, 166, 0, 0, 32, 1, 0, 222, 0, 0, 89, 10, 191]
1542780708584;[171, 0, 17, 255, 161, 74, 234, 227, 166, 0, 0, 30, 1, 0, 223, 0, 0, 78, 10, 207]
1542780708751;[171, 0, 17, 255, 161, 74, 234, 227, 166, 0, 0, 16, 1, 0, 212, 0, 0, 51, 10, 211]
1542780708924;[171, 0, 17, 255, 161, 74, 234, 227, 166, 1, 0, 3, 1, 1, 14, 0, 0, 85, 10, 228]
1542780708928;[171, 0, 17, 255, 161, 74, 234, 227, 166, 0, 0, 50, 1, 0, 187, 0, 0, 80, 10, 178]
1542780709615;[171, 0, 17, 255, 161, 74, 234, 227, 166, 0, 0, 37, 1, 0, 220, 0, 0, 89, 10, 185]
1542780709620;[171, 0, 17, 255, 161, 74, 234, 227, 166, 1, 0, 93, 1, 1, 58, 0, 0, 84, 10, 199]
1542780709623;[171, 0, 17, 255, 161, 74, 234, 227, 167, 0, 0, 15, 1, 0, 246, 0, 0, 102, 10, 233]
1542780709627;[171, 0, 4, 255, 132, 128, 100]
1542780709788;[171, 0, 17, 255, 161, 74, 234, 227, 167, 0, 0, 33, 1, 0, 210, 0, 0, 90, 11, 4]
1542780709792;[171, 0, 17, 255, 161, 74, 234, 227, 167, 0, 0, 15, 1, 0, 241, 0, 0, 85, 11, 23]
1542780709796;[171, 0, 17, 255, 161, 74, 234, 227, 167, 0, 0, 19, 1, 0, 231, 0, 0, 79, 11, 36]
1542780709800;[171, 0, 17, 255, 161, 74, 234, 227, 167, 0, 0, 22, 1, 0, 230, 0, 0, 83, 11, 57]
1542780709960;[171, 0, 17, 255, 161, 74, 234, 227, 167, 0, 0, 21, 1, 0, 230, 0, 0, 86, 11, 68]
1542780709964;[171, 0, 17, 255, 161, 74, 234, 227, 167, 0, 0, 17, 1, 0, 232, 0, 0, 81, 11, 109]
1542780709968;[171, 0, 17, 255, 161, 74, 234, 227, 167, 0, 0, 21, 1, 0, 232, 0, 0, 82, 11, 148]
1542780710133;[171, 0, 17, 255, 161, 74, 234, 227, 167, 0, 0, 18, 1, 0, 234, 0, 0, 79, 11, 181]
1542780710303;[171, 0, 17, 255, 161, 74, 234, 227, 167, 0, 0, 19, 1, 0, 233, 0, 0, 85, 11, 209]
1542780710306;[171, 0, 17, 255, 161, 74, 234, 227, 168, 0, 0, 20, 1, 0, 232, 0, 0, 80, 11, 226]
1542780710649;[171, 0, 4, 255, 132, 128, 98]
1542780710653;[171, 0, 17, 255, 161, 74, 234, 227, 168, 0, 0, 17, 1, 0, 233, 0, 0, 84, 11, 240]
1542780710657;[171, 0, 17, 255, 161, 74, 234, 227, 168, 0, 0, 20, 1, 0, 236, 0, 0, 83, 12, 34]
1542780710822;[171, 0, 17, 255, 161, 74, 234, 227, 168, 0, 0, 22, 1, 0, 231, 0, 0, 83, 12, 74]
1542780710826;[171, 0, 17, 255, 161, 74, 234, 227, 168, 0, 0, 20, 1, 0, 236, 0, 0, 82, 12, 105]
1542780710994;[171, 0, 17, 255, 161, 74, 234, 227, 168, 0, 0, 18, 1, 0, 234, 0, 0, 83, 12, 129]
1542780710999;[171, 0, 17, 255, 161, 74, 234, 227, 168, 0, 0, 22, 1, 0, 235, 0, 0, 79, 12, 163]
1542780711337;[171, 0, 17, 255, 161, 74, 234, 227, 168, 0, 0, 19, 1, 0, 232, 0, 0, 83, 12, 194]
1542780711343;[171, 0, 17, 255, 161, 74, 234, 227, 168, 0, 0, 21, 1, 0, 232, 0, 0, 81, 12, 229]
1542780711345;[171, 0, 17, 255, 161, 74, 234, 227, 168, 0, 0, 21, 1, 0, 232, 0, 0, 82, 13, 24]
1542780711513;[171, 0, 17, 255, 161, 74, 234, 227, 169, 0, 0, 17, 1, 0, 234, 0, 0, 83, 13, 66]
1542780711517;[171, 0, 4, 255, 132, 128, 98]
1542780711859;[171, 0, 17, 255, 161, 74, 234, 227, 169, 0, 0, 18, 1, 0, 235, 0, 0, 82, 13, 100]
1542780711863;[171, 0, 17, 255, 161, 74, 234, 227, 169, 0, 0, 19, 1, 0, 232, 0, 0, 86, 13, 138]
1542780711867;[171, 0, 17, 255, 161, 74, 234, 227, 169, 0, 0, 20, 1, 0, 231, 0, 0, 79, 13, 160]
1542780711871;[171, 0, 17, 255, 161, 74, 234, 227, 169, 0, 0, 21, 1, 0, 236, 0, 0, 83, 13, 201]
1542780712029;[171, 0, 17, 255, 161, 74, 234, 227, 169, 0, 0, 19, 1, 0, 234, 0, 0, 83, 14, 11]
1542780712202;[171, 0, 17, 255, 161, 74, 234, 227, 169, 0, 0, 19, 1, 0, 234, 0, 0, 83, 14, 54]
1542780712206;[171, 0, 17, 255, 161, 74, 234, 227, 169, 0, 0, 18, 1, 0, 233, 0, 0, 84, 14, 95]
1542780712374;[171, 0, 17, 255, 161, 74, 234, 227, 169, 0, 0, 19, 1, 0, 234, 0, 0, 82, 14, 121]
1542780712378;[171, 0, 17, 255, 161, 74, 234, 227, 169, 0, 0, 21, 1, 0, 234, 0, 0, 83, 14, 157]
1542780712546;[171, 0, 17, 255, 161, 74, 234, 227, 170, 0, 0, 20, 1, 0, 234, 0, 0, 83, 14, 174]
1542780712718;[171, 0, 4, 255, 132, 128, 97]
1542780712722;[171, 0, 17, 255, 161, 74, 234, 227, 170, 0, 0, 19, 1, 0, 233, 0, 0, 82, 14, 226]
1542780712891;[171, 0, 17, 255, 161, 74, 234, 227, 170, 0, 0, 18, 1, 0, 234, 0, 0, 82, 15, 24]
1542780712895;[171, 0, 17, 255, 161, 74, 234, 227, 170, 0, 0, 19, 1, 0, 232, 0, 0, 82, 31, 70]
1542780713237;[171, 0, 17, 255, 161, 74, 234, 227, 170, 0, 0, 20, 1, 0, 233, 0, 0, 82, 7, 242]
1542780713241;[171, 0, 17, 255, 161, 74, 234, 227, 170, 0, 0, 20, 1, 0, 234, 0, 0, 84, 8, 23]
1542780713245;[171, 0, 17, 255, 161, 74, 234, 227, 170, 0, 0, 20, 1, 0, 231, 0, 0, 82, 8, 48]
1542780713409;[171, 0, 17, 255, 161, 74, 234, 227, 170, 0, 0, 21, 1, 0, 234, 0, 0, 82, 8, 72]
1542780713413;[171, 0, 17, 255, 161, 74, 234, 227, 170, 0, 0, 19, 1, 0, 235, 0, 0, 84, 8, 90]
1542780713582;[171, 0, 17, 255, 161, 74, 234, 227, 170, 0, 0, 20, 1, 0, 233, 0, 0, 82, 8, 144]
1542780713586;[171, 0, 17, 255, 161, 74, 234, 227, 171, 0, 0, 20, 1, 0, 234, 0, 0, 82, 8, 144]
1542780713754;[171, 0, 4, 255, 132, 128, 97]
1542780713757;[171, 0, 17, 255, 161, 74, 234, 227, 171, 0, 0, 19, 1, 0, 232, 0, 0, 83, 8, 182]
1542780713926;[171, 0, 17, 255, 161, 74, 234, 227, 171, 0, 0, 15, 1, 0, 235, 0, 0, 82, 8, 206]
1542780714099;[171, 0, 17, 255, 161, 74, 234, 227, 171, 0, 0, 17, 1, 0, 232, 0, 0, 85, 8, 235]
1542780714103;[171, 0, 17, 255, 161, 74, 234, 227, 171, 0, 0, 17, 1, 0, 231, 0, 0, 83, 8, 247]
1542780714444;[171, 0, 17, 255, 161, 74, 234, 227, 171, 0, 0, 14, 1, 0, 233, 0, 0, 82, 8, 252]
1542780714448;[171, 0, 17, 255, 161, 74, 234, 227, 171, 0, 0, 15, 1, 0, 228, 0, 0, 76, 9, 26]
1542780714451;[171, 0, 17, 255, 161, 74, 234, 227, 171, 0, 0, 12, 1, 0, 234, 0, 0, 92, 9, 67]
1542780714616;[171, 0, 17, 255, 161, 74, 234, 227, 171, 0, 0, 16, 1, 0, 233, 0, 0, 82, 9, 79]
1542780714620;[171, 0, 17, 255, 161, 74, 234, 227, 171, 0, 0, 0, 1, 0, 243, 0, 0, 87, 9, 104]
1542780714789;[171, 0, 17, 255, 161, 74, 234, 227, 172, 0, 0, 12, 1, 0, 233, 0, 0, 85, 9, 109]
1542780714793;[171, 0, 4, 255, 132, 128, 96]
1542780714961;[171, 0, 17, 255, 161, 74, 234, 227, 172, 0, 0, 13, 1, 0, 235, 0, 0, 84, 9, 100]
1542780714965;[171, 0, 17, 255, 161, 74, 234, 227, 172, 0, 0, 11, 1, 0, 235, 0, 0, 80, 9, 108]
1542780715134;[171, 0, 17, 255, 161, 74, 234, 227, 172, 0, 0, 12, 1, 0, 233, 0, 0, 83, 9, 124]
1542780715307;[171, 0, 17, 255, 161, 74, 234, 227, 172, 0, 0, 12, 1, 0, 234, 0, 0, 80, 9, 147]
1542780715311;[171, 0, 17, 255, 161, 74, 234, 227, 172, 0, 0, 9, 1, 0, 236, 0, 0, 81, 9, 156]
1542780715483;[171, 0, 17, 255, 161, 74, 234, 227, 172, 0, 0, 11, 1, 0, 232, 0, 0, 84, 9, 164]
1542780715487;[171, 0, 17, 255, 161, 74, 234, 227, 172, 0, 0, 9, 1, 0, 238, 0, 0, 86, 9, 161]
1542780715824;[171, 0, 17, 255, 161, 74, 234, 227, 172, 0, 0, 10, 1, 0, 236, 0, 0, 87, 9, 155]
1542780715827;[171, 0, 17, 255, 161, 74, 234, 227, 172, 0, 0, 10, 1, 0, 234, 0, 0, 82, 9, 160]
1542780715832;[171, 0, 17, 255, 161, 74, 234, 227, 173, 0, 0, 12, 1, 0, 232, 0, 0, 88, 9, 171]
1542780715996;[171, 0, 4, 255, 132, 128, 96]
1542780716000;[171, 0, 17, 255, 161, 74, 234, 227, 173, 0, 0, 12, 1, 0, 235, 0, 0, 80, 9, 237]
1542780716169;[171, 0, 17, 255, 161, 74, 234, 227, 173, 0, 0, 85, 1, 0, 239, 0, 0, 77, 10, 85]
1542780716172;[171, 0, 17, 255, 161, 74, 234, 227, 173, 0, 0, 160, 1, 0, 248, 0, 0, 61, 10, 146]
1542780716340;[171, 0, 17, 255, 161, 74, 234, 227, 173, 0, 0, 19, 1, 0, 221, 0, 0, 61, 10, 99]
1542780716513;[171, 0, 17, 255, 161, 74, 234, 227, 173, 1, 0, 149, 1, 0, 192, 0, 0, 55, 10, 130]
1542780716517;[171, 0, 17, 255, 161, 74, 234, 227, 173, 0, 0, 160, 1, 0, 169, 0, 0, 72, 10, 22]
1542780716686;[171, 0, 17, 255, 161, 74, 234, 227, 173, 0, 0, 161, 1, 0, 182, 0, 0, 45, 10, 17]
1542780716690;[171, 0, 17, 255, 161, 74, 234, 227, 173, 0, 0, 159, 1, 0, 176, 0, 0, 66, 10, 26]
1542780717032;[171, 0, 17, 255, 161, 74, 234, 227, 173, 0, 0, 158, 1, 0, 176, 0, 0, 56, 10, 18]
1542780717036;[171, 0, 17, 255, 161, 74, 234, 227, 174, 0, 0, 159, 1, 0, 175, 0, 0, 59, 10, 12]
1542780717039;[171, 0, 4, 255, 132, 128, 95]
1542780717204;[171, 0, 17, 255, 161, 74, 234, 227, 174, 0, 0, 160, 1, 0, 177, 0, 0, 56, 10, 5]
1542780717208;[171, 0, 17, 255, 161, 74, 234, 227, 174, 0, 0, 157, 1, 0, 176, 0, 0, 60, 9, 242]
1542780717377;[171, 0, 17, 255, 161, 74, 234, 227, 174, 0, 0, 159, 1, 0, 178, 0, 0, 60, 9, 234]
1542780717381;[171, 0, 17, 255, 161, 74, 234, 227, 174, 0, 0, 161, 1, 0, 176, 0, 0, 56, 9, 254]
1542780717549;[171, 0, 17, 255, 161, 74, 234, 227, 174, 0, 0, 158, 1, 0, 178, 0, 0, 57, 10, 11]
1542780717722;[171, 0, 17, 255, 161, 74, 234, 227, 174, 0, 0, 159, 1, 0, 177, 0, 0, 56, 10, 11]
1542780717726;[171, 0, 17, 255, 161, 74, 234, 227, 174, 0, 0, 157, 1, 0, 174, 0, 0, 56, 10, 9]
1542780717894;[171, 0, 17, 255, 161, 74, 234, 227, 174, 0, 0, 160, 1, 0, 177, 0, 0, 58, 10, 0]
1542780717898;[171, 0, 17, 255, 161, 74, 234, 227, 174, 0, 0, 159, 1, 0, 177, 0, 0, 57, 10, 1]
1542780718414;[171, 0, 17, 255, 161, 74, 234, 227, 177, 0, 0, 120, 1, 0, 164, 0, 0, 209, 10, 28]
1542780718417;[171, 0, 17, 255, 161, 74, 234, 227, 177, 0, 0, 132, 1, 0, 199, 0, 0, 65, 11, 114]
1542780718421;[171, 0, 17, 255, 161, 74, 234, 227, 177, 0, 0, 128, 1, 0, 193, 0, 0, 54, 12, 112]
1542780718425;[171, 0, 17, 255, 161, 74, 234, 227, 177, 0, 0, 112, 1, 0, 211, 0, 0, 48, 12, 11]
1542780718584;[171, 0, 17, 255, 161, 74, 234, 227, 177, 0, 0, 83, 1, 0, 238, 0, 0, 44, 11, 118]
1542780718756;[171, 0, 17, 255, 161, 74, 234, 227, 177, 0, 0, 54, 1, 0, 224, 1, 0, 16, 11, 60]
1542780718760;[171, 0, 17, 255, 161, 74, 234, 227, 177, 1, 0, 10, 1, 1, 46, 1, 0, 2, 10, 148]
1542780718928;[171, 0, 17, 255, 161, 74, 234, 227, 177, 0, 0, 3, 1, 0, 248, 1, 0, 14, 8, 123]
1542780719101;[171, 0, 17, 255, 161, 74, 234, 227, 177, 1, 0, 55, 1, 0, 235, 0, 0, 5, 6, 147]
1542780719105;[171, 0, 17, 255, 161, 74, 234, 227, 178, 1, 0, 92, 1, 0, 238, 0, 0, 36, 5, 237]
1542780719273;[171, 0, 4, 255, 132, 128, 93]
1542780719277;[171, 0, 17, 255, 161, 74, 234, 227, 178, 1, 0, 105, 1, 0, 208, 0, 0, 18, 5, 240]
1542780719619;[171, 0, 17, 255, 161, 74, 234, 227, 178, 1, 0, 122, 1, 0, 208, 0, 0, 38, 6, 21]
1542780719622;[171, 0, 17, 255, 161, 74, 234, 227, 178, 1, 0, 144, 1, 0, 213, 0, 0, 53, 6, 48]
1542780719626;[171, 0, 17, 255, 161, 74, 234, 227, 178, 1, 0, 172, 1, 0, 210, 0, 0, 75, 6, 22]
1542780719792;[171, 0, 17, 255, 161, 74, 234, 227, 178, 1, 0, 196, 1, 0, 143, 0, 0, 32, 5, 6]
1542780719796;[171, 0, 17, 255, 161, 74, 234, 227, 178, 1, 0, 142, 1, 0, 178, 0, 0, 13, 4, 84]
1542780719964;[171, 0, 17, 255, 161, 74, 234, 227, 178, 1, 0, 136, 1, 0, 224, 0, 0, 77, 4, 84]
1542780719968;[171, 0, 17, 255, 161, 74, 234, 227, 178, 1, 0, 118, 1, 0, 237, 0, 0, 45, 3, 188]
1542780720136;[171, 0, 17, 255, 161, 74, 234, 227, 178, 1, 0, 141, 1, 0, 199, 0, 0, 50, 3, 132]
1542780720309;[171, 0, 17, 255, 161, 74, 234, 227, 179, 1, 0, 140, 1, 0, 199, 0, 0, 69, 3, 115]
1542780720313;[171, 0, 4, 255, 132, 128, 92]
1542780720481;[171, 0, 17, 255, 161, 74, 234, 227, 179, 1, 0, 143, 1, 0, 199, 0, 0, 57, 3, 78]
1542780720485;[171, 0, 17, 255, 161, 74, 234, 227, 179, 1, 0, 143, 1, 0, 202, 0, 0, 57, 3, 34]
1542780720826;[171, 0, 17, 255, 161, 74, 234, 227, 179, 1, 0, 140, 1, 0, 202, 0, 0, 59, 3, 10]
1542780720830;[171, 0, 17, 255, 161, 74, 234, 227, 179, 1, 0, 142, 1, 0, 199, 0, 0, 58, 3, 0]
1542780720834;[171, 0, 17, 255, 161, 74, 234, 227, 179, 1, 0, 142, 1, 0, 200, 0, 0, 61, 2, 248]
1542780720999;[171, 0, 17, 255, 161, 74, 234, 227, 179, 1, 0, 139, 1, 0, 201, 0, 0, 61, 2, 248]
1542780721003;[171, 0, 17, 255, 161, 74, 234, 227, 179, 1, 0, 141, 1, 0, 202, 0, 0, 60, 2, 255]
1542780721172;[171, 0, 17, 255, 161, 74, 234, 227, 179, 1, 0, 142, 1, 0, 198, 0, 0, 56, 2, 245]
1542780721175;[171, 0, 17, 255, 161, 74, 234, 227, 179, 1, 0, 139, 1, 0, 203, 0, 0, 68, 2, 250]
1542780721346;[171, 0, 17, 255, 161, 74, 234, 227, 180, 1, 0, 140, 1, 0, 202, 0, 0, 61, 2, 241]
1542780721514;[171, 0, 4, 255, 132, 128, 90]
1542780721518;[171, 0, 17, 255, 161, 74, 234, 227, 180, 1, 0, 135, 1, 0, 200, 0, 0, 64, 2, 246]
1542780721689;[171, 0, 17, 255, 161, 74, 234, 227, 180, 1, 0, 138, 1, 0, 201, 0, 0, 60, 2, 241]
1542780721693;[171, 0, 17, 255, 161, 74, 234, 227, 180, 1, 0, 137, 1, 0, 199, 0, 0, 64, 2, 254]
1542780721860;[171, 0, 17, 255, 161, 74, 234, 227, 180, 1, 0, 139, 1, 0, 201, 0, 0, 63, 3, 1]
1542780721864;[171, 0, 17, 255, 161, 74, 234, 227, 180, 1, 0, 140, 1, 0, 201, 0, 0, 65, 3, 2]
1542780722206;[171, 0, 17, 255, 161, 74, 234, 227, 180, 1, 0, 141, 1, 0, 200, 0, 0, 62, 3, 7]
1542780722210;[171, 0, 17, 255, 161, 74, 234, 227, 180, 1, 0, 140, 1, 0, 203, 0, 0, 62, 3, 2]
1542780722215;[171, 0, 17, 255, 161, 74, 234, 227, 180, 1, 0, 136, 1, 0, 202, 0, 0, 66, 2, 252]
1542780722379;[171, 0, 17, 255, 161, 74, 234, 227, 180, 1, 0, 136, 1, 0, 202, 0, 0, 71, 2, 243]
1542780722383;[171, 0, 17, 255, 161, 74, 234, 227, 181, 1, 0, 155, 1, 0, 226, 0, 0, 54, 2, 182]
1542780722551;[171, 0, 4, 255, 132, 128, 89]
1542780722724;[171, 0, 17, 255, 161, 74, 234, 227, 181, 1, 2, 99, 1, 1, 35, 1, 0, 26, 2, 130]
1542780722728;[171, 0, 17, 255, 161, 74, 234, 227, 181, 1, 0, 93, 1, 0, 172, 1, 0, 7, 2, 118]
1542780722896;[171, 0, 17, 255, 161, 74, 234, 227, 181, 1, 0, 73, 1, 1, 89, 0, 0, 179, 2, 83]
1542780722900;[171, 0, 17, 255, 161, 74, 234, 227, 181, 1, 0, 7, 1, 0, 221, 0, 0, 3, 2, 74]
1542780723069;[171, 0, 17, 255, 161, 74, 234, 227, 181, 1, 0, 43, 1, 0, 239, 0, 0, 26, 2, 37]
1542780723072;[171, 0, 17, 255, 161, 74, 234, 227, 181, 1, 0, 46, 1, 0, 234, 0, 0, 34, 2, 39]
1542780723414;[171, 0, 17, 255, 161, 74, 234, 227, 181, 0, 0, 9, 1, 0, 200, 0, 0, 20, 2, 72]
1542780723419;[171, 0, 17, 255, 161, 74, 234, 227, 181, 1, 0, 65, 1, 0, 250, 0, 0, 16, 1, 239]
1542780723423;[171, 0, 17, 255, 161, 74, 234, 227, 181, 1, 0, 39, 1, 0, 206, 0, 0, 111, 1, 244]
1542780723586;[171, 0, 17, 255, 161, 74, 234, 227, 182, 1, 0, 91, 1, 0, 232, 0, 0, 4, 1, 253]
1542780723590;[171, 0, 4, 255, 132, 128, 87]
1542780723759;[171, 0, 17, 255, 161, 74, 234, 227, 182, 1, 0, 95, 1, 0, 225, 1, 0, 16, 2, 7]
1542780723763;[171, 0, 17, 255, 161, 74, 234, 227, 182, 1, 0, 91, 1, 0, 234, 1, 0, 16, 2, 44]
1542780723931;[171, 0, 17, 255, 161, 74, 234, 227, 182, 1, 0, 85, 1, 0, 235, 1, 0, 5, 2, 72]
1542780724104;[171, 0, 17, 255, 161, 74, 234, 227, 182, 1, 0, 80, 1, 0, 238, 1, 0, 2, 2, 99]
1542780724108;[171, 0, 17, 255, 161, 74, 234, 227, 182, 1, 0, 81, 1, 0, 236, 1, 0, 7, 2, 124]
1542780724277;[171, 0, 17, 255, 161, 74, 234, 227, 182, 1, 0, 83, 1, 0, 234, 1, 0, 4, 2, 156]
1542780724281;[171, 0, 17, 255, 161, 74, 234, 227, 182, 1, 0, 85, 1, 0, 233, 1, 0, 10, 2, 181]
1542780724795;[171, 0, 17, 255, 161, 74, 234, 227, 182, 1, 0, 87, 1, 0, 231, 1, 0, 14, 2, 199]
1542780724799;[171, 0, 17, 255, 161, 74, 234, 227, 182, 1, 0, 78, 1, 0, 235, 1, 0, 18, 2, 229]
1542780724803;[171, 0, 17, 255, 161, 74, 234, 227, 183, 1, 0, 76, 1, 0, 233, 1, 0, 28, 3, 7]
1542780724807;[171, 0, 4, 255, 132, 128, 86]
1542780724967;[171, 0, 17, 255, 161, 74, 234, 227, 183, 1, 0, 81, 1, 0, 230, 1, 0, 30, 3, 46]
1542780724971;[171, 0, 17, 255, 161, 74, 234, 227, 183, 1, 0, 69, 1, 0, 229, 1, 0, 34, 3, 73]
1542780724975;[171, 0, 17, 255, 161, 74, 234, 227, 183, 1, 0, 71, 1, 0, 232, 1, 0, 33, 3, 115]
1542780725139;[171, 0, 17, 255, 161, 74, 234, 227, 183, 1, 0, 85, 1, 0, 234, 1, 0, 34, 3, 160]
1542780725311;[171, 0, 17, 255, 161, 74, 234, 227, 183, 1, 0, 76, 1, 0, 229, 1, 0, 24, 3, 213]
1542780725316;[171, 0, 17, 255, 161, 74, 234, 227, 183, 1, 0, 45, 1, 0, 234, 1, 0, 41, 4, 3]
1542780725483;[171, 0, 17, 255, 161, 74, 234, 227, 183, 1, 0, 30, 1, 0, 246, 0, 0, 2, 4, 32]
1542780725487;[171, 0, 17, 255, 161, 74, 234, 227, 183, 1, 0, 12, 1, 0, 246, 1, 0, 14, 4, 59]
1542780725667;[171, 0, 17, 255, 161, 74, 234, 227, 183, 1, 0, 50, 1, 1, 4, 1, 0, 17, 4, 62]
1542780725668;[171, 0, 17, 255, 161, 74, 234, 227, 184, 1, 0, 7, 1, 0, 250, 0, 0, 21, 3, 207]
1542780726002;[171, 0, 4, 255, 132, 128, 86]
1542780726006;[171, 0, 17, 255, 161, 74, 234, 227, 184, 0, 0, 13, 1, 0, 213, 1, 0, 11, 3, 119]
1542780726009;[171, 0, 17, 255, 161, 74, 234, 227, 184, 1, 0, 12, 1, 0, 243, 1, 0, 28, 3, 108]
1542780726346;[171, 0, 17, 255, 161, 74, 234, 227, 184, 1, 0, 10, 1, 0, 253, 0, 0, 31, 3, 149]
1542780726350;[171, 0, 17, 255, 161, 74, 234, 227, 184, 1, 0, 10, 1, 0, 243, 0, 0, 5, 3, 143]
1542780726354;[171, 0, 17, 255, 161, 74, 234, 227, 184, 1, 0, 10, 1, 0, 248, 1, 0, 10, 3, 129]
1542780726520;[171, 0, 17, 255, 161, 74, 234, 227, 184, 1, 0, 10, 1, 0, 245, 0, 0, 2, 3, 124]
1542780726523;[171, 0, 17, 255, 161, 74, 234, 227, 184, 1, 0, 6, 1, 0, 241, 1, 0, 2, 3, 121]
1542780726691;[171, 0, 17, 255, 161, 74, 234, 227, 184, 1, 0, 12, 1, 0, 247, 1, 0, 5, 3, 136]
1542780726695;[171, 0, 17, 255, 161, 74, 234, 227, 184, 1, 0, 8, 1, 0, 242, 0, 0, 0, 3, 182]
1542780726862;[171, 0, 17, 255, 161, 74, 234, 227, 185, 1, 0, 8, 1, 0, 245, 1, 0, 6, 3, 202]
1542780726864;[171, 0, 4, 255, 132, 128, 84]
1542780727382;[171, 0, 17, 255, 161, 74, 234, 227, 185, 1, 0, 12, 1, 0, 247, 1, 0, 2, 3, 222]
1542780727387;[171, 0, 17, 255, 161, 74, 234, 227, 185, 1, 0, 11, 1, 0, 242, 1, 0, 3, 3, 238]
1542780727391;[171, 0, 17, 255, 161, 74, 234, 227, 185, 1, 0, 7, 1, 0, 245, 1, 0, 3, 3, 248]
1542780727395;[171, 0, 17, 255, 161, 74, 234, 227, 185, 1, 0, 9, 1, 0, 244, 1, 0, 4, 4, 18]
1542780727554;[171, 0, 17, 255, 161, 74, 234, 227, 185, 1, 0, 10, 1, 0, 245, 1, 0, 3, 4, 58]
1542780727557;[171, 0, 17, 255, 161, 74, 234, 227, 185, 1, 0, 11, 1, 0, 246, 1, 0, 2, 4, 84]
1542780727561;[171, 0, 17, 255, 161, 74, 234, 227, 185, 1, 0, 12, 1, 0, 245, 1, 0, 4, 4, 105]
1542780727726;[171, 0, 17, 255, 161, 74, 234, 227, 185, 1, 0, 8, 1, 0, 242, 1, 0, 3, 4, 112]
1542780727898;[171, 0, 17, 255, 161, 74, 234, 227, 185, 1, 0, 11, 1, 0, 246, 1, 0, 4, 4, 122]
1542780727902;[171, 0, 17, 255, 161, 74, 234, 227, 186, 1, 0, 10, 1, 0, 247, 1, 0, 5, 4, 148]
1542780728071;[171, 0, 4, 255, 132, 128, 82]
1542780728075;[171, 0, 17, 255, 161, 74, 234, 227, 186, 1, 0, 12, 1, 0, 248, 1, 0, 2, 4, 183]
1542780728243;[171, 0, 17, 255, 161, 74, 234, 227, 186, 1, 0, 12, 1, 0, 247, 1, 0, 3, 4, 213]
1542780728590;[171, 0, 17, 255, 161, 74, 234, 227, 186, 1, 0, 10, 1, 0, 246, 1, 0, 3, 4, 222]
1542780728594;[171, 0, 17, 255, 161, 74, 234, 227, 186, 1, 0, 10, 1, 0, 245, 1, 0, 5, 4, 243]
1542780728598;[171, 0, 17, 255, 161, 74, 234, 227, 186, 1, 0, 11, 1, 0, 245, 1, 0, 2, 4, 249]
1542780728602;[171, 0, 17, 255, 161, 74, 234, 227, 186, 1, 0, 9, 1, 0, 246, 1, 0, 3, 4, 252]
1542780728761;[171, 0, 17, 255, 161, 74, 234, 227, 186, 1, 0, 10, 1, 0, 244, 1, 0, 4, 5, 35]
1542780728765;[171, 0, 17, 255, 161, 74, 234, 227, 186, 1, 0, 9, 1, 0, 246, 1, 0, 2, 5, 61]
1542780728934;[171, 0, 17, 255, 161, 74, 234, 227, 186, 1, 0, 9, 1, 0, 245, 1, 0, 4, 5, 77]
1542780729106;[171, 0, 17, 255, 161, 74, 234, 227, 187, 1, 0, 11, 1, 0, 245, 1, 0, 4, 5, 92]
1542780729110;[171, 0, 4, 255, 132, 128, 83]
1542780729279;[171, 0, 17, 255, 161, 74, 234, 227, 187, 1, 0, 8, 1, 0, 243, 1, 0, 2, 5, 107]
1542780729283;[171, 0, 17, 255, 161, 74, 234, 227, 187, 1, 0, 9, 1, 0, 247, 1, 0, 5, 5, 109]
1542780729451;[171, 0, 17, 255, 161, 74, 234, 227, 187, 1, 0, 7, 1, 0, 246, 1, 0, 3, 5, 127]
1542780729799;[171, 0, 17, 255, 161, 74, 234, 227, 187, 1, 0, 11, 1, 0, 247, 1, 0, 2, 5, 158]
1542780729803;[171, 0, 17, 255, 161, 74, 234, 227, 187, 1, 0, 8, 1, 0, 245, 1, 0, 2, 5, 169]
1542780729807;[171, 0, 17, 255, 161, 74, 234, 227, 187, 1, 0, 9, 1, 0, 246, 1, 0, 5, 5, 185]
1542780729811;[171, 0, 17, 255, 161, 74, 234, 227, 187, 1, 0, 12, 1, 0, 246, 1, 0, 5, 5, 190]
1542780729969;[171, 0, 17, 255, 161, 74, 234, 227, 187, 1, 0, 9, 1, 0, 244, 1, 0, 4, 5, 208]
1542780729973;[171, 0, 17, 255, 161, 74, 234, 227, 187, 1, 0, 11, 1, 0, 246, 0, 0, 0, 5, 220]
1542780730141;[171, 0, 17, 255, 161, 74, 234, 227, 192, 1, 0, 10, 1, 0, 243, 1, 0, 5, 5, 252]
1542780730314;[171, 0, 4, 255, 132, 128, 83]
1542780730318;[171, 0, 17, 255, 161, 74, 234, 227, 192, 1, 0, 10, 1, 0, 247, 0, 0, 0, 6, 17]
1542780730486;[171, 0, 17, 255, 161, 74, 234, 227, 192, 1, 0, 11, 1, 0, 249, 1, 0, 1, 6, 22]
1542780730489;[171, 0, 17, 255, 161, 74, 234, 227, 192, 1, 0, 8, 1, 0, 245, 1, 0, 3, 6, 28]
1542780730658;[171, 0, 17, 255, 161, 74, 234, 227, 192, 1, 0, 12, 1, 0, 248, 0, 0, 0, 6, 32]
1542780730662;[171, 0, 17, 255, 161, 74, 234, 227, 192, 1, 0, 14, 1, 0, 247, 1, 0, 2, 6, 52]
1542780730832;[171, 0, 17, 255, 161, 74, 234, 227, 192, 1, 0, 14, 1, 0, 246, 1, 0, 1, 6, 78]
1542780731176;[171, 0, 17, 255, 161, 74, 234, 227, 192, 1, 0, 8, 1, 0, 240, 1, 0, 7, 6, 128]
1542780731351;[171, 0, 17, 255, 161, 74, 234, 227, 192, 1, 0, 16, 1, 0, 252, 0, 0, 2, 6, 163]
1542780731355;[171, 0, 17, 255, 161, 74, 234, 227, 192, 0, 0, 0, 1, 0, 233, 0, 0, 0, 6, 216]
1542780731359;[171, 0, 17, 255, 161, 74, 234, 227, 193, 1, 0, 15, 1, 0, 248, 1, 0, 1, 6, 150]
1542780731448;[171, 0, 4, 255, 132, 128, 85]
1542780731522;[171, 0, 17, 255, 161, 74, 234, 227, 193, 1, 0, 13, 1, 0, 246, 1, 0, 3, 6, 86]
1542780731526;[171, 0, 17, 255, 161, 74, 234, 227, 193, 1, 0, 9, 1, 0, 244, 1, 0, 9, 6, 116]
1542780731694;[171, 0, 17, 255, 161, 74, 234, 227, 193, 1, 0, 9, 1, 0, 240, 1, 0, 9, 6, 131]
1542780731697;[171, 0, 17, 255, 161, 74, 234, 227, 193, 0, 0, 12, 1, 1, 33, 1, 0, 6, 6, 179]
1542780731866;[171, 0, 17, 255, 161, 74, 234, 227, 193, 1, 0, 4, 1, 0, 171, 1, 0, 17, 7, 130]
1542780731870;[171, 0, 17, 255, 161, 74, 234, 227, 193, 1, 0, 48, 1, 1, 10, 0, 0, 34, 7, 167]
1542780732039;[171, 0, 17, 255, 161, 74, 234, 227, 193, 1, 0, 12, 1, 0, 237, 1, 0, 66, 8, 99]
1542780732386;[171, 0, 17, 255, 161, 74, 234, 227, 193, 1, 0, 85, 1, 1, 45, 1, 0, 35, 8, 59]
1542780732390;[171, 0, 17, 255, 161, 74, 234, 227, 193, 1, 0, 22, 1, 0, 235, 1, 0, 66, 7, 171]
1542780732393;[171, 0, 17, 255, 161, 74, 234, 227, 194, 1, 0, 32, 1, 0, 233, 1, 0, 59, 7, 77]
1542780732397;[171, 0, 4, 255, 132, 128, 86]
1542780732556;[171, 0, 17, 255, 161, 74, 234, 227, 194, 1, 0, 31, 1, 0, 237, 1, 0, 59, 6, 251]
1542780732560;[171, 0, 17, 255, 161, 74, 234, 227, 194, 1, 0, 30, 1, 0, 233, 1, 0, 64, 6, 155]
1542780732729;[171, 0, 17, 255, 161, 74, 234, 227, 194, 1, 0, 33, 1, 0, 238, 1, 0, 58, 6, 62]
1542780732902;[171, 0, 17, 255, 161, 74, 234, 227, 194, 1, 0, 35, 1, 0, 243, 1, 0, 54, 5, 250]
1542780732907;[171, 0, 17, 255, 161, 74, 234, 227, 194, 1, 0, 32, 1, 0, 236, 1, 0, 52, 5, 198]
1542780733074;[171, 0, 17, 255, 161, 74, 234, 227, 194, 1, 0, 38, 1, 0, 237, 1, 0, 53, 5, 154]
1542780733078;[171, 0, 17, 255, 161, 74, 234, 227, 194, 1, 0, 33, 1, 0, 238, 1, 0, 52, 5, 113]
1542780733247;[171, 0, 17, 255, 161, 74, 234, 227, 194, 1, 0, 33, 1, 0, 236, 1, 0, 53, 5, 73]
1542780733765;[171, 0, 17, 255, 161, 74, 234, 227, 194, 1, 0, 32, 1, 0, 236, 1, 0, 59, 5, 48]
1542780733769;[171, 0, 17, 255, 161, 74, 234, 227, 195, 1, 0, 23, 1, 0, 233, 1, 0, 59, 5, 14]
1542780733773;[171, 0, 4, 255, 132, 128, 87]
1542780733777;[171, 0, 17, 255, 161, 74, 234, 227, 195, 1, 0, 32, 1, 0, 233, 1, 0, 55, 4, 252]
1542780733936;[171, 0, 17, 255, 161, 74, 234, 227, 195, 1, 0, 26, 1, 0, 239, 1, 0, 55, 4, 254]
1542780733940;[171, 0, 17, 255, 161, 74, 234, 227, 195, 1, 0, 33, 1, 0, 240, 1, 0, 59, 5, 17]
1542780733944;[171, 0, 17, 255, 161, 74, 234, 227, 195, 1, 0, 37, 1, 0, 235, 1, 0, 54, 5, 3]
1542780734110;[171, 0, 17, 255, 161, 74, 234, 227, 195, 1, 0, 32, 1, 0, 237, 1, 0, 55, 4, 209]
1542780734113;[171, 0, 17, 255, 161, 74, 234, 227, 195, 1, 0, 25, 1, 0, 236, 1, 0, 51, 4, 150]
1542780734282;[171, 0, 17, 255, 161, 74, 234, 227, 195, 1, 0, 33, 1, 0, 233, 1, 0, 58, 4, 79]
1542780734286;[171, 0, 17, 255, 161, 74, 234, 227, 195, 1, 0, 43, 1, 0, 241, 1, 0, 59, 3, 224]
1542780734454;[171, 0, 17, 255, 161, 74, 234, 227, 195, 1, 0, 23, 1, 0, 232, 1, 0, 55, 3, 95]
1542780734458;[171, 0, 17, 255, 161, 74, 234, 227, 196, 1, 0, 26, 1, 0, 234, 1, 0, 62, 3, 7]
1542780734627;[171, 0, 4, 255, 132, 128, 87]
1542780734973;[171, 0, 17, 255, 161, 74, 234, 227, 196, 1, 0, 25, 1, 0, 238, 1, 0, 61, 2, 175]
1542780734977;[171, 0, 17, 255, 161, 74, 234, 227, 196, 1, 0, 17, 1, 0, 229, 1, 0, 58, 2, 76]
1542780734981;[171, 0, 17, 255, 161, 74, 234, 227, 196, 1, 0, 22, 1, 0, 235, 1, 0, 59, 2, 4]
1542780734985;[171, 0, 17, 255, 161, 74, 234, 227, 196, 1, 0, 28, 1, 0, 239, 1, 0, 57, 2, 11]
1542780735144;[171, 0, 17, 255, 161, 74, 234, 227, 196, 1, 0, 31, 1, 0, 242, 1, 0, 58, 1, 246]
1542780735316;[171, 0, 17, 255, 161, 74, 234, 227, 196, 1, 0, 27, 1, 0, 251, 1, 0, 61, 1, 7]
1542780735320;[171, 0, 17, 255, 161, 74, 234, 227, 196, 1, 0, 9, 1, 0, 216, 1, 0, 77, 16, 12]
1542780735489;[171, 0, 17, 255, 161, 74, 234, 227, 196, 1, 0, 8, 1, 0, 229, 1, 0, 65, 7, 191]
1542780735493;[171, 0, 17, 255, 161, 74, 234, 227, 196, 1, 0, 22, 1, 0, 243, 1, 0, 65, 7, 252]
1542780735661;[171, 0, 17, 255, 161, 74, 234, 227, 197, 1, 0, 16, 1, 0, 241, 1, 0, 64, 7, 217]
1542780735665;[171, 0, 4, 255, 132, 128, 87]
1542780735835;[171, 0, 17, 255, 161, 74, 234, 227, 197, 1, 0, 19, 1, 0, 245, 1, 0, 63, 7, 37]
1542780736181;[171, 0, 17, 255, 161, 74, 234, 227, 197, 1, 0, 24, 1, 0, 232, 1, 0, 69, 6, 108]
1542780736185;[171, 0, 17, 255, 161, 74, 234, 227, 197, 0, 0, 13, 1, 0, 232, 1, 0, 71, 5, 242]
1542780736189;[171, 0, 17, 255, 161, 74, 234, 227, 197, 1, 0, 11, 1, 0, 229, 1, 0, 75, 5, 183]
1542780736193;[171, 0, 17, 255, 161, 74, 234, 227, 197, 0, 0, 21, 1, 0, 207, 1, 0, 77, 5, 164]
1542780736352;[171, 0, 17, 255, 161, 74, 234, 227, 197, 1, 0, 1, 1, 0, 235, 1, 0, 48, 5, 169]
1542780736355;[171, 0, 17, 255, 161, 74, 234, 227, 197, 0, 0, 0, 1, 0, 232, 1, 0, 67, 5, 174]
1542780736523;[171, 0, 17, 255, 161, 74, 234, 227, 197, 1, 0, 4, 1, 0, 233, 1, 0, 75, 5, 178]
1542780736696;[171, 0, 17, 255, 161, 74, 234, 227, 197, 0, 0, 10, 1, 0, 255, 1, 0, 79, 5, 187]
1542780736700;[171, 0, 17, 255, 161, 74, 234, 227, 198, 1, 0, 1, 1, 0, 250, 1, 0, 103, 5, 175]
1542780736868;[171, 0, 4, 255, 132, 128, 87]
1542780736872;[171, 0, 17, 255, 161, 74, 234, 227, 198, 0, 0, 34, 1, 0, 214, 1, 0, 82, 5, 211]
1542780737043;[171, 0, 17, 255, 161, 74, 234, 227, 198, 0, 0, 39, 1, 0, 205, 1, 0, 78, 6, 16]
1542780737214;[171, 0, 17, 255, 161, 74, 234, 227, 198, 0, 0, 4, 1, 0, 231, 1, 0, 70, 6, 53]
1542780737219;[171, 0, 17, 255, 161, 74, 234, 227, 198, 0, 0, 20, 1, 0, 218, 1, 0, 84, 6, 78]
1542780737558;[171, 0, 17, 255, 161, 74, 234, 227, 198, 0, 0, 17, 1, 0, 225, 1, 0, 89, 6, 100]
1542780737562;[171, 0, 17, 255, 161, 74, 234, 227, 198, 0, 0, 5, 1, 0, 238, 1, 0, 93, 6, 130]
1542780737732;[171, 0, 17, 255, 161, 74, 234, 227, 198, 0, 0, 19, 1, 0, 222, 1, 0, 87, 6, 202]
1542780737735;[171, 0, 17, 255, 161, 74, 234, 227, 198, 0, 0, 10, 1, 0, 231, 1, 0, 93, 7, 23]
1542780737740;[171, 0, 17, 255, 161, 74, 234, 227, 198, 0, 0, 14, 1, 0, 228, 1, 0, 88, 7, 76]
1542780737904;[171, 0, 17, 255, 161, 74, 234, 227, 199, 0, 0, 16, 1, 0, 224, 1, 0, 91, 7, 101]
1542780737907;[171, 0, 4, 255, 132, 128, 87]
1542780738077;[171, 0, 17, 255, 161, 74, 234, 227, 199, 0, 0, 15, 1, 0, 224, 1, 0, 90, 7, 116]
1542780738081;[171, 0, 17, 255, 161, 74, 234, 227, 199, 0, 0, 18, 1, 0, 223, 1, 0, 93, 7, 124]
1542780738249;[171, 0, 17, 255, 161, 74, 234, 227, 199, 0, 0, 16, 1, 0, 225, 1, 0, 91, 7, 149]
1542780738421;[171, 0, 17, 255, 161, 74, 234, 227, 199, 0, 0, 18, 1, 0, 222, 1, 0, 93, 7, 164]
1542780738426;[171, 0, 17, 255, 161, 74, 234, 227, 199, 0, 0, 15, 1, 0, 225, 1, 0, 92, 7, 174]
1542780738767;[171, 0, 17, 255, 161, 74, 234, 227, 199, 0, 0, 19, 1, 0, 222, 1, 0, 92, 7, 171]
1542780738771;[171, 0, 17, 255, 161, 74, 234, 227, 199, 0, 0, 14, 1, 0, 225, 1, 0, 93, 7, 162]
1542780738775;[171, 0, 17, 255, 161, 74, 234, 227, 199, 0, 0, 17, 1, 0, 224, 1, 0, 92, 7, 163]
1542780738778;[171, 0, 17, 255, 161, 74, 234, 227, 199, 0, 0, 14, 1, 0, 224, 1, 0, 93, 7, 183]
1542780738938;[171, 0, 17, 255, 161, 74, 234, 227, 200, 0, 0, 17, 1, 0, 223, 1, 0, 93, 7, 195]
1542780739111;[171, 0, 4, 255, 132, 128, 87]
1542780739115;[171, 0, 17, 255, 161, 74, 234, 227, 200, 0, 0, 16, 1, 0, 222, 1, 0, 93, 7, 198]
1542780739284;[171, 0, 17, 255, 161, 74, 234, 227, 200, 0, 0, 16, 1, 0, 224, 1, 0, 94, 7, 205]
1542780739287;[171, 0, 17, 255, 161, 74, 234, 227, 200, 0, 0, 18, 1, 0, 222, 1, 0, 94, 7, 191]
1542780739457;[171, 0, 17, 255, 161, 74, 234, 227, 200, 0, 0, 16, 1, 0, 224, 1, 0, 94, 7, 206]
1542780739460;[171, 0, 17, 255, 161, 74, 234, 227, 200, 0, 0, 19, 1, 0, 224, 1, 0, 96, 7, 225]
1542780739630;[171, 0, 17, 255, 161, 74, 234, 227, 200, 0, 0, 34, 1, 0, 208, 1, 0, 100, 7, 214]
1542780739801;[171, 0, 17, 255, 161, 74, 234, 227, 200, 0, 0, 5, 1, 0, 243, 1, 0, 72, 8, 29]
1542780739805;[171, 0, 17, 255, 161, 74, 234, 227, 200, 1, 0, 10, 1, 0, 247, 1, 0, 39, 8, 59]
1542780740146;[171, 0, 17, 255, 161, 74, 234, 227, 200, 0, 0, 2, 1, 1, 0, 1, 0, 28, 7, 208]
1542780740150;[171, 0, 17, 255, 161, 74, 234, 227, 203, 0, 0, 18, 1, 0, 214, 1, 0, 103, 8, 228]
1542780740319;[171, 0, 17, 255, 161, 74, 234, 227, 203, 0, 0, 14, 1, 0, 210, 1, 0, 115, 9, 1]
1542780740323;[171, 0, 17, 255, 161, 74, 234, 227, 203, 0, 0, 44, 1, 0, 203, 1, 0, 133, 9, 40]
1542780740490;[171, 0, 17, 255, 161, 74, 234, 227, 203, 0, 0, 14, 1, 0, 189, 1, 0, 129, 9, 90]
1542780740664;[171, 0, 17, 255, 161, 74, 234, 227, 203, 0, 0, 15, 1, 0, 203, 1, 0, 139, 9, 130]
1542780740667;[171, 0, 17, 255, 161, 74, 234, 227, 203, 0, 0, 38, 1, 0, 200, 1, 0, 126, 9, 228]
1542780740836;[171, 0, 17, 255, 161, 74, 234, 227, 203, 0, 0, 31, 1, 0, 195, 1, 0, 143, 9, 250]
1542780741008;[171, 0, 17, 255, 161, 74, 234, 227, 203, 0, 0, 32, 1, 0, 186, 1, 0, 147, 10, 7]
1542780741012;[171, 0, 17, 255, 161, 74, 234, 227, 203, 0, 0, 27, 1, 0, 193, 1, 0, 144, 10, 55]
1542780741351;[171, 0, 17, 255, 161, 74, 234, 227, 204, 0, 0, 37, 1, 0, 194, 1, 0, 144, 10, 92]
1542780741354;[171, 0, 4, 255, 132, 128, 90]
1542780741356;[171, 0, 17, 255, 161, 74, 234, 227, 204, 0, 0, 29, 1, 0, 192, 1, 0, 144, 10, 108]
1542780741359;[171, 0, 17, 255, 161, 74, 234, 227, 204, 0, 0, 35, 1, 0, 186, 1, 0, 145, 10, 120]
1542780741526;[171, 0, 17, 255, 161, 74, 234, 227, 204, 0, 0, 33, 1, 0, 190, 1, 0, 145, 10, 136]
1542780741699;[171, 0, 17, 255, 161, 74, 234, 227, 204, 0, 0, 29, 1, 0, 195, 1, 0, 143, 10, 163]
1542780741703;[171, 0, 17, 255, 161, 74, 234, 227, 204, 0, 0, 34, 1, 0, 192, 1, 0, 144, 10, 226]
1542780741872;[171, 0, 17, 255, 161, 74, 234, 227, 204, 0, 0, 30, 1, 0, 197, 1, 0, 142, 11, 13]
1542780741876;[171, 0, 17, 255, 161, 74, 234, 227, 204, 0, 0, 32, 1, 0, 191, 1, 0, 143, 11, 50]
1542780742044;[171, 0, 17, 255, 161, 74, 234, 227, 204, 0, 0, 32, 1, 0, 192, 1, 0, 144, 11, 82]
1542780742216;[171, 0, 17, 255, 161, 74, 234, 227, 204, 0, 0, 39, 1, 0, 189, 1, 0, 144, 11, 90]
1542780742220;[171, 0, 17, 255, 161, 74, 234, 227, 205, 0, 0, 41, 1, 0, 190, 1, 0, 141, 11, 120]
1542780742736;[171, 0, 4, 255, 132, 128, 90]
1542780742740;[171, 0, 17, 255, 161, 74, 234, 227, 205, 0, 0, 36, 1, 0, 196, 1, 0, 153, 11, 147]
1542780742743;[171, 0, 17, 255, 161, 74, 234, 227, 205, 0, 0, 32, 1, 0, 197, 1, 0, 139, 11, 193]
1542780742747;[171, 0, 17, 255, 161, 74, 234, 227, 205, 0, 0, 31, 1, 0, 198, 1, 0, 138, 11, 224]
1542780742904;[171, 0, 17, 255, 161, 74, 234, 227, 205, 0, 0, 30, 1, 0, 198, 1, 0, 134, 11, 245]
1542780742906;[171, 0, 17, 255, 161, 74, 234, 227, 205, 0, 0, 28, 1, 0, 206, 1, 0, 133, 12, 24]
1542780742909;[171, 0, 17, 255, 161, 74, 234, 227, 205, 0, 0, 20, 1, 0, 217, 1, 0, 140, 12, 106]
1542780743079;[171, 0, 17, 255, 161, 74, 234, 227, 205, 0, 0, 61, 1, 0, 196, 1, 0, 142, 12, 136]
1542780743083;[171, 0, 17, 255, 161, 74, 234, 227, 205, 1, 0, 157, 1, 0, 159, 1, 0, 106, 12, 51]
1542780743251;[171, 0, 17, 255, 161, 74, 234, 227, 205, 0, 0, 30, 1, 1, 126, 1, 0, 98, 12, 87]
1542780743255;[171, 0, 17, 255, 161, 74, 234, 227, 206, 1, 0, 55, 1, 0, 217, 1, 0, 102, 12, 70]
1542780743424;[171, 0, 4, 255, 132, 128, 90]
1542780743597;[171, 0, 17, 255, 161, 74, 234, 227, 206, 1, 0, 35, 1, 0, 157, 1, 0, 49, 12, 95]
1542780743601;[171, 0, 17, 255, 161, 74, 234, 227, 206, 1, 0, 48, 1, 0, 160, 0, 0, 114, 12, 154]
1542780743943;[171, 0, 17, 255, 161, 74, 234, 227, 206, 1, 0, 74, 1, 0, 233, 0, 0, 35, 12, 87]
1542780743947;[171, 0, 17, 255, 161, 74, 234, 227, 206, 1, 0, 66, 1, 1, 2, 1, 0, 39, 12, 99]
1542780743951;[171, 0, 17, 255, 161, 74, 234, 227, 206, 1, 0, 224, 1, 0, 207, 0, 0, 45, 12, 69]
1542780744287;[171, 0, 17, 255, 161, 74, 234, 227, 206, 1, 0, 13, 1, 0, 234, 0, 0, 46, 12, 131]
1542780744290;[171, 0, 17, 255, 161, 74, 234, 227, 206, 0, 0, 33, 1, 0, 252, 1, 0, 10, 12, 161]
1542780744294;[171, 0, 17, 255, 161, 74, 234, 227, 206, 0, 0, 31, 1, 0, 252, 0, 0, 44, 13, 68]
1542780744298;[171, 0, 17, 255, 161, 74, 234, 227, 206, 0, 0, 62, 1, 0, 241, 0, 0, 40, 14, 83]
1542780744460;[171, 0, 17, 255, 161, 74, 234, 227, 207, 0, 0, 43, 1, 1, 46, 0, 0, 54, 13, 163]
1542780744463;[171, 0, 4, 255, 132, 128, 90]
1542780744631;[171, 0, 17, 255, 161, 74, 234, 227, 207, 0, 0, 15, 1, 0, 187, 1, 0, 12, 11, 251]
1542780744804;[171, 0, 17, 255, 161, 74, 234, 227, 207, 0, 0, 65, 1, 0, 215, 1, 0, 31, 11, 9]
1542780744808;[171, 0, 17, 255, 161, 74, 234, 227, 207, 0, 0, 56, 1, 0, 222, 1, 0, 23, 10, 171]
1542780745149;[171, 0, 17, 255, 161, 74, 234, 227, 207, 0, 0, 31, 1, 0, 230, 1, 0, 56, 10, 183]
1542780745153;[171, 0, 17, 255, 161, 74, 234, 227, 207, 0, 0, 5, 1, 1, 13, 1, 0, 44, 10, 239]
1542780745157;[171, 0, 17, 255, 161, 74, 234, 227, 207, 0, 0, 109, 1, 0, 194, 1, 0, 29, 11, 2]
1542780745322;[171, 0, 17, 255, 161, 74, 234, 227, 207, 0, 0, 2, 1, 0, 219, 1, 0, 33, 11, 61]
1542780745326;[171, 0, 17, 255, 161, 74, 234, 227, 207, 1, 0, 69, 1, 0, 228, 1, 0, 20, 11, 149]
1542780745492;[171, 0, 17, 255, 161, 74, 234, 227, 207, 1, 0, 42, 1, 0, 235, 1, 0, 39, 11, 245]
1542780745496;[171, 0, 17, 255, 161, 74, 234, 227, 208, 1, 0, 69, 1, 0, 245, 1, 0, 34, 12, 27]
1542780745669;[171, 0, 4, 255, 132, 128, 90]
1542780745670;[171, 0, 17, 255, 161, 74, 234, 227, 208, 1, 0, 87, 1, 0, 232, 1, 0, 27, 11, 247]
1542780745839;[171, 0, 17, 255, 161, 74, 234, 227, 208, 1, 0, 177, 1, 0, 237, 0, 0, 55, 12, 7]
1542780746011;[171, 0, 17, 255, 161, 74, 234, 227, 208, 0, 0, 93, 1, 1, 15, 0, 0, 214, 11, 223]
1542780746015;[171, 0, 17, 255, 161, 74, 234, 227, 208, 1, 0, 44, 1, 0, 189, 1, 0, 9, 11, 218]
1542780746183;[171, 0, 17, 255, 161, 74, 234, 227, 208, 0, 0, 4, 1, 1, 80, 1, 0, 36, 11, 119]
1542780746187;[171, 0, 17, 255, 161, 74, 234, 227, 208, 1, 0, 23, 1, 0, 249, 1, 0, 50, 11, 110]
1542780746530;[171, 0, 17, 255, 161, 74, 234, 227, 208, 1, 0, 34, 1, 0, 249, 1, 0, 19, 11, 144]
1542780746534;[171, 0, 17, 255, 161, 74, 234, 227, 208, 1, 0, 61, 1, 0, 237, 1, 0, 34, 11, 199]
1542780746538;[171, 0, 17, 255, 161, 74, 234, 227, 208, 1, 0, 63, 1, 0, 239, 1, 0, 24, 11, 252]
1542780746701;[171, 0, 17, 255, 161, 74, 234, 227, 209, 1, 0, 89, 1, 0, 231, 1, 0, 6, 12, 38]
1542780746705;[171, 0, 4, 255, 132, 128, 90]
1542780746873;[171, 0, 17, 255, 161, 74, 234, 227, 209, 1, 0, 100, 1, 0, 239, 1, 0, 4, 12, 26]
1542780746877;[171, 0, 17, 255, 161, 74, 234, 227, 209, 0, 0, 221, 1, 1, 25, 1, 0, 57, 12, 76]
1542780747046;[171, 0, 17, 255, 161, 74, 234, 227, 209, 1, 0, 104, 1, 0, 178, 1, 0, 73, 12, 155]
1542780747219;[171, 0, 17, 255, 161, 74, 234, 227, 209, 0, 0, 34, 1, 0, 188, 1, 0, 38, 12, 214]
1542780747223;[171, 0, 17, 255, 161, 74, 234, 227, 209, 1, 0, 59, 1, 1, 12, 1, 0, 42, 12, 183]
1542780747390;[171, 0, 17, 255, 161, 74, 234, 227, 209, 1, 0, 8, 1, 0, 255, 1, 0, 48, 12, 210]
1542780747393;[171, 0, 17, 255, 161, 74, 234, 227, 209, 1, 0, 10, 1, 0, 245, 1, 0, 15, 12, 93]
1542780747737;[171, 0, 17, 255, 161, 74, 234, 227, 209, 0, 0, 5, 1, 0, 240, 1, 0, 11, 11, 205]
1542780747741;[171, 0, 17, 255, 161, 74, 234, 227, 209, 0, 0, 8, 1, 0, 243, 1, 0, 7, 11, 180]
1542780747745;[171, 0, 17, 255, 161, 74, 234, 227, 210, 0, 0, 2, 1, 0, 246, 0, 0, 4, 11, 171]
1542780747908;[171, 0, 4, 255, 132, 128, 90]
1542780748081;[171, 0, 17, 255, 161, 74, 234, 227, 210, 0, 0, 0, 1, 0, 228, 0, 0, 0, 11, 169]
1542780748085;[171, 0, 17, 255, 161, 74, 234, 227, 210, 1, 0, 31, 1, 1, 6, 0, 0, 28, 11, 129]
1542780748089;[171, 0, 17, 255, 161, 74, 234, 227, 210, 1, 0, 95, 1, 0, 230, 1, 0, 31, 11, 168]
1542780748254;[171, 0, 17, 255, 161, 74, 234, 227, 210, 1, 0, 43, 1, 1, 53, 0, 0, 117, 11, 217]
1542780748258;[171, 0, 17, 255, 161, 74, 234, 227, 210, 1, 1, 55, 0, 0, 165, 0, 0, 63, 12, 40]
1542780748426;[171, 0, 17, 255, 161, 74, 234, 227, 210, 0, 1, 152, 0, 0, 58, 1, 0, 75, 12, 237]
1542780748599;[171, 0, 17, 255, 161, 74, 234, 227, 210, 0, 0, 54, 1, 0, 253, 0, 0, 21, 13, 43]
1542780748603;[171, 0, 17, 255, 161, 74, 234, 227, 210, 0, 0, 3, 1, 0, 243, 0, 0, 41, 12, 102]
1542780749290;[171, 0, 17, 255, 161, 74, 234, 227, 210, 1, 0, 12, 1, 0, 243, 0, 0, 63, 11, 125]
1542780749294;[171, 0, 17, 255, 161, 74, 234, 227, 211, 1, 0, 98, 1, 0, 250, 0, 0, 61, 10, 181]
1542780749298;[171, 0, 4, 255, 132, 128, 90]
1542780749302;[171, 0, 17, 255, 161, 74, 234, 227, 211, 0, 1, 116, 1, 1, 26, 1, 0, 8, 10, 153]
1542780749463;[171, 0, 17, 255, 161, 74, 234, 227, 211, 0, 3, 18, 1, 2, 122, 0, 0, 1, 10, 129]
1542780749467;[171, 0, 17, 255, 161, 74, 234, 227, 211, 0, 0, 89, 1, 0, 244, 0, 1, 27, 11, 83]
1542780749471;[171, 0, 17, 255, 161, 74, 234, 227, 211, 0, 0, 30, 1, 0, 242, 0, 0, 49, 11, 185]
1542780749474;[171, 0, 17, 255, 161, 74, 234, 227, 211, 1, 0, 17, 1, 0, 236, 0, 0, 16, 10, 173]
1542780749634;[171, 0, 17, 255, 161, 74, 234, 227, 211, 1, 0, 55, 1, 0, 240, 0, 0, 11, 9, 15]
1542780749638;[171, 0, 17, 255, 161, 74, 234, 227, 211, 1, 0, 55, 1, 0, 242, 0, 0, 26, 7, 223]
1542780749807;[171, 0, 17, 255, 161, 74, 234, 227, 211, 1, 0, 87, 1, 0, 226, 0, 0, 52, 7, 6]
1542780749811;[171, 0, 17, 255, 161, 74, 234, 227, 211, 1, 0, 82, 1, 0, 236, 0, 0, 48, 6, 102]
1542780749979;[171, 0, 17, 255, 161, 74, 234, 227, 212, 1, 0, 52, 1, 0, 229, 0, 0, 58, 5, 205]
1542780749982;[171, 0, 4, 255, 132, 128, 90]
1542780750324;[171, 0, 17, 255, 161, 74, 234, 227, 212, 1, 0, 70, 1, 0, 238, 0, 0, 73, 5, 68]
1542780750328;[171, 0, 17, 255, 161, 74, 234, 227, 212, 1, 0, 78, 1, 0, 243, 0, 0, 80, 4, 232]
1542780750332;[171, 0, 17, 255, 161, 74, 234, 227, 212, 1, 0, 76, 1, 0, 230, 0, 0, 49, 4, 114]
1542780750496;[171, 0, 17, 255, 161, 74, 234, 227, 212, 1, 0, 83, 1, 0, 233, 0, 0, 56, 4, 16]
1542780750500;[171, 0, 17, 255, 161, 74, 234, 227, 212, 1, 0, 89, 1, 0, 223, 0, 0, 53, 3, 209]
1542780750669;[171, 0, 17, 255, 161, 74, 234, 227, 212, 1, 0, 108, 1, 0, 213, 0, 0, 56, 3, 161]
1542780750672;[171, 0, 17, 255, 161, 74, 234, 227, 212, 1, 0, 115, 1, 0, 217, 0, 0, 50, 3, 143]
1542780750842;[171, 0, 17, 255, 161, 74, 234, 227, 212, 1, 0, 126, 1, 0, 214, 0, 0, 55, 3, 120]
1542780751014;[171, 0, 17, 255, 161, 74, 234, 227, 212, 1, 0, 120, 1, 0, 215, 0, 0, 51, 3, 95]
1542780751019;[171, 0, 17, 255, 161, 74, 234, 227, 213, 1, 0, 119, 1, 0, 214, 0, 0, 54, 3, 78]
1542780751187;[171, 0, 4, 255, 132, 128, 90]
1542780751191;[171, 0, 17, 255, 161, 74, 234, 227, 213, 1, 0, 123, 1, 0, 210, 0, 0, 53, 3, 40]
1542780751531;[171, 0, 17, 255, 161, 74, 234, 227, 213, 1, 0, 120, 1, 0, 212, 0, 0, 53, 3, 10]
1542780751535;[171, 0, 17, 255, 161, 74, 234, 227, 213, 1, 0, 125, 1, 0, 211, 0, 0, 52, 2, 247]
1542780751540;[171, 0, 17, 255, 161, 74, 234, 227, 213, 1, 0, 125, 1, 0, 207, 0, 0, 52, 3, 6]
1542780751703;[171, 0, 17, 255, 161, 74, 234, 227, 213, 1, 0, 147, 1, 0, 203, 0, 0, 52, 3, 56]
1542780751707;[171, 0, 17, 255, 161, 74, 234, 227, 213, 1, 0, 142, 1, 0, 197, 0, 0, 52, 3, 107]
1542780751876;[171, 0, 17, 255, 161, 74, 234, 227, 213, 1, 0, 148, 1, 0, 198, 0, 0, 51, 3, 131]
1542780751880;[171, 0, 17, 255, 161, 74, 234, 227, 213, 1, 0, 147, 1, 0, 201, 0, 0, 51, 3, 129]
1542780752049;[171, 0, 17, 255, 161, 74, 234, 227, 213, 1, 0, 146, 1, 0, 200, 0, 0, 51, 3, 138]
1542780752222;[171, 0, 17, 255, 161, 74, 234, 227, 214, 1, 0, 145, 1, 0, 203, 0, 0, 51, 3, 140]
1542780752225;[171, 0, 4, 255, 132, 128, 90]
1542780752396;[171, 0, 17, 255, 161, 74, 234, 227, 214, 1, 0, 148, 1, 0, 199, 0, 0, 49, 3, 145]
1542780752399;[171, 0, 17, 255, 161, 74, 234, 227, 214, 1, 0, 148, 1, 0, 196, 0, 0, 46, 3, 148]
1542780752565;[171, 0, 17, 255, 161, 74, 234, 227, 214, 1, 0, 149, 1, 0, 196, 0, 0, 48, 3, 156]
1542780752568;[171, 0, 17, 255, 161, 74, 234, 227, 214, 1, 0, 151, 1, 0, 196, 0, 0, 45, 3, 186]
1542780752912;[171, 0, 17, 255, 161, 74, 234, 227, 214, 1, 0, 166, 1, 0, 195, 0, 0, 45, 3, 222]
1542780752916;[171, 0, 17, 255, 161, 74, 234, 227, 214, 1, 0, 185, 1, 0, 195, 0, 0, 69, 4, 55]
1542780752919;[171, 0, 17, 255, 161, 74, 234, 227, 214, 1, 0, 163, 1, 0, 190, 0, 0, 13, 4, 110]
1542780753084;[171, 0, 17, 255, 161, 74, 234, 227, 214, 1, 0, 182, 1, 0, 162, 1, 0, 4, 4, 123]
1542780753088;[171, 0, 17, 255, 161, 74, 234, 227, 214, 1, 0, 197, 1, 0, 154, 0, 0, 23, 4, 182]
1542780753256;[171, 0, 17, 255, 161, 74, 234, 227, 215, 1, 0, 173, 1, 0, 179, 0, 0, 28, 4, 215]
1542780753260;[171, 0, 4, 255, 132, 128, 90]
1542780753430;[171, 0, 17, 255, 161, 74, 234, 227, 215, 1, 0, 181, 1, 0, 176, 0, 0, 31, 4, 252]
1542780753602;[171, 0, 17, 255, 161, 74, 234, 227, 215, 1, 0, 172, 1, 0, 174, 0, 0, 15, 4, 252]
1542780753605;[171, 0, 17, 255, 161, 74, 234, 227, 215, 1, 0, 179, 1, 0, 179, 0, 0, 15, 5, 15]
1542780753774;[171, 0, 17, 255, 161, 74, 234, 227, 215, 1, 0, 175, 1, 0, 175, 0, 0, 10, 5, 34]
1542780753778;[171, 0, 17, 255, 161, 74, 234, 227, 215, 1, 0, 177, 1, 0, 181, 0, 0, 21, 5, 64]
1542780754118;[171, 0, 17, 255, 161, 74, 234, 227, 215, 1, 0, 177, 1, 0, 174, 0, 0, 23, 5, 93]
1542780754123;[171, 0, 17, 255, 161, 74, 234, 227, 215, 1, 0, 179, 1, 0, 177, 0, 0, 16, 5, 114]
1542780754126;[171, 0, 17, 255, 161, 74, 234, 227, 215, 1, 0, 177, 1, 0, 174, 0, 0, 15, 5, 126]
1542780754292;[171, 0, 17, 255, 161, 74, 234, 227, 215, 1, 0, 177, 1, 0, 178, 0, 0, 14, 5, 134]
1542780754295;[171, 0, 17, 255, 161, 74, 234, 227, 216, 1, 0, 181, 1, 0, 176, 0, 0, 17, 5, 161]
1542780754463;[171, 0, 4, 255, 132, 128, 92]
1542780754467;[171, 0, 17, 255, 161, 74, 234, 227, 216, 1, 0, 175, 1, 0, 174, 0, 0, 15, 5, 195]
1542780754636;[171, 0, 17, 255, 161, 74, 234, 227, 216, 1, 0, 183, 1, 0, 178, 0, 0, 23, 5, 229]
1542780754809;[171, 0, 17, 255, 161, 74, 234, 227, 216, 1, 0, 179, 1, 0, 177, 0, 0, 15, 6, 5]
1542780754813;[171, 0, 17, 255, 161, 74, 234, 227, 216, 1, 0, 178, 1, 0, 176, 0, 0, 21, 6, 32]
1542780754981;[171, 0, 17, 255, 161, 74, 234, 227, 216, 1, 0, 181, 1, 0, 177, 0, 0, 16, 6, 54]
1542780754985;[171, 0, 17, 255, 161, 74, 234, 227, 216, 1, 0, 179, 1, 0, 175, 0, 0, 14, 6, 111]
1542780755154;[171, 0, 17, 255, 161, 74, 234, 227, 216, 1, 0, 181, 1, 0, 173, 0, 0, 10, 6, 144]
1542780755158;[171, 0, 17, 255, 161, 74, 234, 227, 216, 1, 0, 180, 1, 0, 174, 0, 0, 13, 6, 190]
1542780755499;[171, 0, 17, 255, 161, 74, 234, 227, 216, 1, 0, 181, 1, 0, 172, 0, 0, 10, 6, 205]
1542780755503;[171, 0, 17, 255, 161, 74, 234, 227, 217, 1, 0, 172, 1, 0, 167, 0, 0, 19, 6, 235]
1542780755507;[171, 0, 4, 255, 132, 128, 92]
1542780755671;[171, 0, 17, 255, 161, 74, 234, 227, 217, 1, 0, 179, 1, 0, 171, 0, 0, 0, 7, 30]
1542780755675;[171, 0, 17, 255, 161, 74, 234, 227, 217, 1, 0, 182, 1, 0, 171, 0, 0, 15, 7, 65]
1542780755843;[171, 0, 17, 255, 161, 74, 234, 227, 217, 1, 0, 185, 1, 0, 172, 0, 0, 11, 7, 108]
1542780756016;[171, 0, 17, 255, 161, 74, 234, 227, 217, 1, 0, 183, 1, 0, 173, 0, 0, 11, 7, 130]
1542780756020;[171, 0, 17, 255, 161, 74, 234, 227, 217, 1, 0, 181, 1, 0, 170, 0, 0, 9, 7, 145]
1542780756188;[171, 0, 17, 255, 161, 74, 234, 227, 217, 1, 0, 185, 1, 0, 168, 0, 0, 8, 7, 165]
1542780756192;[171, 0, 17, 255, 161, 74, 234, 227, 217, 1, 0, 187, 1, 0, 170, 0, 0, 16, 7, 205]
1542780756361;[171, 0, 17, 255, 161, 74, 234, 227, 217, 1, 0, 185, 1, 0, 172, 0, 0, 8, 7, 250]
1542780756365;[171, 0, 17, 255, 161, 74, 234, 227, 217, 1, 0, 183, 1, 0, 171, 0, 0, 10, 8, 37]
1542780756707;[171, 0, 17, 255, 161, 74, 234, 227, 218, 1, 0, 187, 1, 0, 170, 0, 0, 6, 8, 68]
1542780756710;[171, 0, 4, 255, 132, 128, 93]
1542780756715;[171, 0, 17, 255, 161, 74, 234, 227, 218, 1, 0, 184, 1, 0, 166, 0, 0, 12, 8, 79]
1542780756878;[171, 0, 17, 255, 161, 74, 234, 227, 218, 1, 0, 185, 1, 0, 169, 0, 0, 8, 8, 123]
1542780756882;[171, 0, 17, 255, 161, 74, 234, 227, 218, 1, 0, 185, 1, 0, 166, 0, 0, 9, 8, 158]
1542780757051;[171, 0, 17, 255, 161, 74, 234, 227, 218, 1, 0, 185, 1, 0, 170, 0, 0, 5, 8, 179]
1542780757055;[171, 0, 17, 255, 161, 74, 234, 227, 218, 1, 0, 178, 1, 0, 172, 0, 0, 5, 8, 195]
1542780757223;[171, 0, 17, 255, 161, 74, 234, 227, 218, 1, 0, 181, 1, 0, 170, 0, 0, 5, 8, 201]
1542780757396;[171, 0, 17, 255, 161, 74, 234, 227, 218, 1, 0, 183, 1, 0, 168, 0, 0, 5, 8, 225]
1542780757400;[171, 0, 17, 255, 161, 74, 234, 227, 218, 1, 0, 191, 1, 0, 168, 0, 0, 6, 9, 3]
1542780757569;[171, 0, 17, 255, 161, 74, 234, 227, 218, 1, 0, 184, 1, 0, 167, 0, 0, 3, 9, 30]
1542780757573;[171, 0, 17, 255, 161, 74, 234, 227, 219, 1, 0, 187, 1, 0, 168, 0, 0, 7, 9, 38]
1542780758088;[171, 0, 4, 255, 132, 128, 95]
1542780758092;[171, 0, 17, 255, 161, 74, 234, 227, 219, 1, 0, 192, 1, 0, 167, 0, 0, 2, 9, 51]
1542780758096;[171, 0, 17, 255, 161, 74, 234, 227, 219, 1, 0, 189, 1, 0, 164, 0, 0, 6, 9, 69]
1542780758100;[171, 0, 17, 255, 161, 74, 234, 227, 219, 1, 0, 189, 1, 0, 165, 0, 0, 3, 9, 97]
1542780758256;[171, 0, 17, 255, 161, 74, 234, 227, 219, 1, 0, 206, 1, 0, 160, 0, 0, 13, 9, 153]
1542780758259;[171, 0, 17, 255, 161, 74, 234, 227, 219, 1, 0, 182, 1, 0, 166, 1, 0, 24, 9, 65]
1542780758261;[171, 0, 17, 255, 161, 74, 234, 227, 219, 1, 0, 184, 1, 0, 166, 1, 0, 7, 8, 238]
1542780758431;[171, 0, 17, 255, 161, 74, 234, 227, 219, 1, 0, 185, 1, 0, 167, 1, 0, 10, 8, 158]
1542780758604;[171, 0, 17, 255, 161, 74, 234, 227, 219, 1, 0, 184, 1, 0, 169, 1, 0, 13, 8, 122]
1542780758607;[171, 0, 17, 255, 161, 74, 234, 227, 219, 1, 0, 186, 1, 0, 166, 1, 0, 4, 8, 126]
1542780758777;[171, 0, 17, 255, 161, 74, 234, 227, 220, 1, 0, 189, 1, 0, 168, 1, 0, 11, 8, 142]
1542780758781;[171, 0, 4, 255, 132, 128, 97]
1542780758949;[171, 0, 17, 255, 161, 74, 234, 227, 220, 1, 0, 189, 1, 0, 167, 1, 0, 7, 8, 133]
1542780759294;[171, 0, 17, 255, 161, 74, 234, 227, 220, 1, 0, 190, 1, 0, 169, 1, 0, 9, 8, 126]
1542780759298;[171, 0, 17, 255, 161, 74, 234, 227, 220, 1, 0, 186, 1, 0, 168, 1, 0, 11, 8, 132]
1542780759302;[171, 0, 17, 255, 161, 74, 234, 227, 220, 1, 0, 185, 1, 0, 167, 1, 0, 10, 8, 131]
1542780759306;[171, 0, 17, 255, 161, 74, 234, 227, 220, 1, 0, 186, 1, 0, 168, 1, 0, 11, 8, 146]
1542780759467;[171, 0, 17, 255, 161, 74, 234, 227, 220, 1, 0, 185, 1, 0, 165, 1, 0, 7, 8, 162]
1542780759470;[171, 0, 17, 255, 161, 74, 234, 227, 220, 1, 0, 191, 1, 0, 165, 1, 0, 9, 8, 163]
1542780759638;[171, 0, 17, 255, 161, 74, 234, 227, 220, 1, 0, 187, 1, 0, 166, 1, 0, 11, 8, 173]
1542780759811;[171, 0, 17, 255, 161, 74, 234, 227, 220, 1, 0, 185, 1, 0, 168, 1, 0, 7, 8, 171]
1542780759815;[171, 0, 17, 255, 161, 74, 234, 227, 221, 1, 0, 190, 1, 0, 167, 1, 0, 7, 8, 174]
1542780759983;[171, 0, 4, 255, 132, 128, 99]
1542780759987;[171, 0, 17, 255, 161, 74, 234, 227, 221, 1, 0, 186, 1, 0, 168, 1, 0, 7, 8, 193]
1542780760502;[171, 0, 17, 255, 161, 74, 234, 227, 221, 1, 0, 187, 1, 0, 172, 1, 0, 7, 8, 205]
1542780760506;[171, 0, 17, 255, 161, 74, 234, 227, 221, 1, 0, 187, 1, 0, 171, 1, 0, 5, 8, 212]
1542780760510;[171, 0, 17, 255, 161, 74, 234, 227, 221, 1, 0, 184, 1, 0, 169, 0, 0, 0, 8, 230]
1542780760514;[171, 0, 17, 255, 161, 74, 234, 227, 221, 1, 0, 186, 1, 0, 168, 1, 0, 1, 8, 237]
1542780760674;[171, 0, 17, 255, 161, 74, 234, 227, 221, 1, 0, 181, 1, 0, 171, 1, 0, 2, 8, 250]
1542780760678;[171, 0, 17, 255, 161, 74, 234, 227, 221, 1, 0, 185, 1, 0, 169, 0, 0, 0, 9, 19]
1542780760682;[171, 0, 17, 255, 161, 74, 234, 227, 221, 1, 0, 186, 1, 0, 169, 0, 0, 0, 9, 56]
1542780760846;[171, 0, 17, 255, 161, 74, 234, 227, 221, 1, 0, 185, 1, 0, 169, 0, 0, 1, 9, 69]
1542780761018;[171, 0, 17, 255, 161, 74, 234, 227, 222, 1, 0, 185, 1, 0, 170, 1, 0, 1, 9, 96]
1542780761022;[171, 0, 4, 255, 132, 128, 101]
1542780761191;[171, 0, 17, 255, 161, 74, 234, 227, 222, 1, 0, 186, 1, 0, 168, 1, 0, 1, 9, 112]
1542780761195;[171, 0, 17, 255, 161, 74, 234, 227, 222, 1, 0, 186, 1, 0, 171, 0, 0, 0, 9, 120]
1542780761363;[171, 0, 17, 255, 161, 74, 234, 227, 222, 1, 0, 184, 1, 0, 169, 1, 0, 1, 9, 162]
1542780761367;[171, 0, 17, 255, 161, 74, 234, 227, 222, 1, 0, 185, 1, 0, 168, 0, 0, 0, 9, 189]
1542780761536;[171, 0, 17, 255, 161, 74, 234, 227, 222, 1, 0, 185, 1, 0, 168, 0, 0, 0, 9, 212]
1542780761883;[171, 0, 17, 255, 161, 74, 234, 227, 222, 1, 0, 187, 1, 0, 169, 0, 0, 1, 9, 243]
1542780761887;[171, 0, 17, 255, 161, 74, 234, 227, 222, 1, 0, 184, 1, 0, 171, 0, 0, 2, 10, 5]
1542780761891;[171, 0, 17, 255, 161, 74, 234, 227, 222, 1, 0, 185, 1, 0, 170, 0, 0, 1, 10, 14]
1542780761895;[171, 0, 17, 255, 161, 74, 234, 227, 222, 1, 0, 183, 1, 0, 168, 0, 0, 1, 10, 43]
1542780762054;[171, 0, 17, 255, 161, 74, 234, 227, 225, 1, 0, 184, 1, 0, 170, 0, 0, 7, 12, 193]
1542780762226;[171, 0, 17, 255, 161, 74, 234, 227, 225, 1, 0, 183, 1, 0, 170, 0, 0, 8, 12, 215]
1542780762399;[171, 0, 17, 255, 161, 74, 234, 227, 225, 1, 0, 184, 1, 0, 171, 0, 0, 9, 12, 238]
1542780762403;[171, 0, 17, 255, 161, 74, 234, 227, 225, 1, 0, 181, 1, 0, 171, 0, 0, 9, 12, 251]
1542780762573;[171, 0, 17, 255, 161, 74, 234, 227, 225, 1, 0, 183, 1, 0, 174, 0, 0, 8, 13, 48]
1542780762744;[171, 0, 17, 255, 161, 74, 234, 227, 225, 1, 0, 181, 1, 0, 174, 0, 0, 10, 13, 90]
1542780763090;[171, 0, 17, 255, 161, 74, 234, 227, 225, 1, 0, 180, 1, 0, 171, 0, 0, 9, 13, 105]
1542780763094;[171, 0, 17, 255, 161, 74, 234, 227, 225, 1, 0, 178, 1, 0, 174, 0, 0, 8, 13, 125]
1542780763099;[171, 0, 17, 255, 161, 74, 234, 227, 225, 1, 0, 178, 1, 0, 172, 0, 0, 12, 13, 101]
1542780763102;[171, 0, 17, 255, 161, 74, 234, 227, 226, 1, 0, 175, 1, 0, 178, 0, 0, 12, 13, 60]
1542780763258;[171, 0, 4, 255, 132, 128, 103]
1542780763260;[171, 0, 17, 255, 161, 74, 234, 227, 226, 1, 0, 176, 1, 0, 182, 0, 0, 20, 13, 5]
1542780763434;[171, 0, 17, 255, 161, 74, 234, 227, 226, 1, 0, 150, 1, 0, 183, 0, 0, 17, 12, 215]
1542780763607;[171, 0, 17, 255, 161, 74, 234, 227, 226, 1, 0, 168, 1, 0, 185, 0, 0, 44, 12, 228]
1542780763611;[171, 0, 17, 255, 161, 74, 234, 227, 226, 1, 0, 163, 1, 0, 189, 0, 0, 13, 12, 239]
1542780763778;[171, 0, 17, 255, 161, 74, 234, 227, 226, 1, 0, 168, 1, 0, 189, 0, 0, 44, 13, 8]
1542780763782;[171, 0, 17, 255, 161, 74, 234, 227, 226, 1, 0, 165, 1, 0, 187, 0, 0, 25, 13, 12]
1542780763952;[171, 0, 17, 255, 161, 74, 234, 227, 226, 1, 0, 162, 1, 0, 191, 0, 0, 30, 13, 17]
1542780763955;[171, 0, 17, 255, 161, 74, 234, 227, 226, 1, 0, 156, 1, 0, 191, 0, 0, 27, 13, 19]
1542780764124;[171, 0, 17, 255, 161, 74, 234, 227, 226, 1, 0, 158, 1, 0, 194, 0, 0, 25, 13, 44]
1542780764471;[171, 0, 17, 255, 161, 74, 234, 227, 227, 1, 0, 159, 1, 0, 194, 0, 0, 24, 13, 54]
1542780764475;[171, 0, 4, 255, 132, 128, 102]
1542780764478;[171, 0, 17, 255, 161, 74, 234, 227, 227, 1, 0, 158, 1, 0, 195, 0, 0, 25, 13, 56]
1542780764482;[171, 0, 17, 255, 161, 74, 234, 227, 227, 1, 0, 156, 1, 0, 193, 0, 0, 23, 13, 72]
1542780764642;[171, 0, 17, 255, 161, 74, 234, 227, 227, 1, 0, 154, 1, 0, 197, 0, 0, 20, 13, 65]
1542780764813;[171, 0, 17, 255, 161, 74, 234, 227, 227, 1, 0, 148, 1, 0, 198, 0, 0, 22, 13, 64]
1542780764818;[171, 0, 17, 255, 161, 74, 234, 227, 227, 1, 0, 148, 1, 0, 199, 0, 0, 27, 13, 98]
1542780764987;[171, 0, 17, 255, 161, 74, 234, 227, 227, 1, 0, 151, 1, 0, 201, 0, 0, 26, 13, 122]
1542780764991;[171, 0, 17, 255, 161, 74, 234, 227, 227, 1, 0, 146, 1, 0, 203, 0, 0, 24, 13, 141]
1542780765159;[171, 0, 17, 255, 161, 74, 234, 227, 227, 1, 0, 149, 1, 0, 203, 0, 0, 23, 13, 161]
1542780765162;[171, 0, 17, 255, 161, 74, 234, 227, 227, 1, 0, 150, 1, 0, 201, 0, 0, 23, 13, 177]
1542780765331;[171, 0, 17, 255, 161, 74, 234, 227, 228, 1, 0, 147, 1, 0, 201, 0, 0, 22, 13, 187]
1542780765675;[171, 0, 4, 255, 132, 128, 101]
1542780765679;[171, 0, 17, 255, 161, 74, 234, 227, 228, 1, 0, 144, 1, 0, 202, 0, 0, 22, 13, 216]
1542780765683;[171, 0, 17, 255, 161, 74, 234, 227, 228, 1, 0, 143, 1, 0, 201, 0, 0, 23, 13, 252]
1542780765687;[171, 0, 17, 255, 161, 74, 234, 227, 228, 1, 0, 144, 1, 0, 202, 0, 0, 19, 14, 29]
1542780765849;[171, 0, 17, 255, 161, 74, 234, 227, 228, 1, 0, 147, 1, 0, 203, 0, 0, 22, 14, 56]
1542780766021;[171, 0, 17, 255, 161, 74, 234, 227, 228, 1, 0, 148, 1, 0, 202, 0, 0, 22, 14, 70]
1542780766026;[171, 0, 17, 255, 161, 74, 234, 227, 228, 1, 0, 146, 1, 0, 205, 0, 0, 22, 14, 88]
1542780766194;[171, 0, 17, 255, 161, 74, 234, 227, 228, 1, 0, 145, 1, 0, 202, 0, 0, 20, 14, 102]
1542780766198;[171, 0, 17, 255, 161, 74, 234, 227, 228, 1, 0, 147, 1, 0, 203, 0, 0, 23, 14, 122]
1542780766366;[171, 0, 17, 255, 161, 74, 234, 227, 228, 1, 0, 143, 1, 0, 205, 0, 0, 22, 14, 158]
1542780766371;[171, 0, 17, 255, 161, 74, 234, 227, 229, 1, 0, 145, 1, 0, 204, 0, 0, 19, 14, 195]
1542780766538;[171, 0, 4, 255, 132, 128, 100]
1542780767057;[171, 0, 17, 255, 161, 74, 234, 227, 229, 1, 0, 144, 1, 0, 204, 0, 0, 19, 14, 214]
1542780767061;[171, 0, 17, 255, 161, 74, 234, 227, 229, 1, 0, 143, 1, 0, 205, 0, 0, 18, 14, 235]
1542780767065;[171, 0, 17, 255, 161, 74, 234, 227, 229, 1, 0, 142, 1, 0, 205, 0, 0, 21, 15, 1]
1542780767069;[171, 0, 17, 255, 161, 74, 234, 227, 229, 1, 0, 141, 1, 0, 209, 0, 0, 18, 15, 11]
1542780767228;[171, 0, 17, 255, 161, 74, 234, 227, 229, 1, 0, 142, 1, 0, 204, 0, 0, 18, 15, 46]
1542780767232;[171, 0, 17, 255, 161, 74, 234, 227, 229, 1, 0, 140, 1, 0, 205, 0, 0, 19, 31, 82]
1542780767236;[171, 0, 17, 255, 161, 74, 234, 227, 229, 1, 0, 143, 1, 0, 206, 0, 0, 21, 7, 235]
1542780767401;[171, 0, 17, 255, 161, 74, 234, 227, 229, 1, 0, 141, 1, 0, 205, 0, 0, 21, 8, 2]
1542780767405;[171, 0, 17, 255, 161, 74, 234, 227, 229, 1, 0, 141, 1, 0, 209, 0, 0, 22, 8, 30]
1542780767574;[171, 0, 17, 255, 161, 74, 234, 227, 230, 1, 0, 157, 1, 0, 203, 0, 0, 13, 7, 246]
1542780767577;[171, 0, 4, 255, 132, 128, 99]
1542780767746;[171, 0, 17, 255, 161, 74, 234, 227, 230, 1, 0, 55, 1, 1, 22, 0, 0, 17, 7, 251]
1542780767918;[171, 0, 17, 255, 161, 74, 234, 227, 230, 1, 0, 72, 1, 0, 233, 0, 0, 44, 8, 34]
1542780767922;[171, 0, 17, 255, 161, 74, 234, 227, 230, 1, 0, 35, 1, 0, 210, 0, 0, 66, 8, 55]
1542780768265;[171, 0, 17, 255, 161, 74, 234, 227, 230, 0, 0, 50, 1, 1, 7, 0, 0, 1, 8, 112]
1542780768269;[171, 0, 17, 255, 161, 74, 234, 227, 230, 1, 0, 7, 1, 0, 245, 0, 0, 23, 8, 135]
1542780768273;[171, 0, 17, 255, 161, 74, 234, 227, 230, 0, 0, 6, 1, 0, 246, 0, 0, 21, 8, 174]
1542780768279;[171, 0, 17, 255, 161, 74, 234, 227, 230, 1, 0, 3, 1, 0, 248, 0, 0, 19, 8, 194]
1542780768433;[171, 0, 17, 255, 161, 74, 234, 227, 230, 0, 0, 27, 1, 0, 250, 0, 0, 11, 8, 199]
1542780768610;[171, 0, 17, 255, 161, 74, 234, 227, 230, 1, 0, 96, 1, 0, 215, 1, 0, 14, 8, 228]
1542780768614;[171, 0, 17, 255, 161, 74, 234, 227, 231, 1, 0, 146, 1, 0, 250, 1, 0, 105, 9, 4]
1542780768781;[171, 0, 4, 255, 132, 128, 99]
1542780768785;[171, 0, 17, 255, 161, 74, 234, 227, 231, 1, 0, 128, 1, 0, 202, 0, 0, 39, 9, 50]
1542780768954;[171, 0, 17, 255, 161, 74, 234, 227, 231, 1, 0, 139, 1, 0, 204, 0, 0, 29, 9, 102]
1542780768958;[171, 0, 17, 255, 161, 74, 234, 227, 231, 1, 0, 140, 1, 0, 202, 0, 0, 10, 9, 145]
1542780769127;[171, 0, 17, 255, 161, 74, 234, 227, 231, 1, 0, 141, 1, 0, 208, 0, 0, 21, 9, 151]
1542780769473;[171, 0, 17, 255, 161, 74, 234, 227, 231, 1, 0, 146, 1, 0, 199, 0, 0, 13, 9, 146]
1542780769477;[171, 0, 17, 255, 161, 74, 234, 227, 231, 1, 0, 145, 1, 0, 205, 0, 0, 16, 9, 138]
1542780769481;[171, 0, 17, 255, 161, 74, 234, 227, 231, 1, 0, 142, 1, 0, 203, 0, 0, 19, 9, 131]
1542780769485;[171, 0, 17, 255, 161, 74, 234, 227, 231, 1, 0, 141, 1, 0, 207, 0, 0, 22, 9, 138]
1542780769644;[171, 0, 17, 255, 161, 74, 234, 227, 231, 1, 0, 143, 1, 0, 202, 0, 0, 21, 9, 147]
1542780769817;[171, 0, 17, 255, 161, 74, 234, 227, 232, 1, 0, 142, 1, 0, 201, 0, 0, 22, 9, 166]
1542780769820;[171, 0, 4, 255, 132, 128, 98]
1542780769989;[171, 0, 17, 255, 161, 74, 234, 227, 232, 1, 0, 137, 1, 0, 203, 0, 0, 20, 9, 179]
1542780769993;[171, 0, 17, 255, 161, 74, 234, 227, 232, 1, 0, 149, 1, 0, 193, 0, 0, 13, 9, 200]
1542780770162;[171, 0, 17, 255, 161, 74, 234, 227, 232, 1, 0, 152, 1, 0, 206, 0, 0, 12, 9, 200]
1542780770165;[171, 0, 17, 255, 161, 74, 234, 227, 232, 1, 0, 165, 1, 0, 182, 0, 0, 9, 9, 204]
1542780770334;[171, 0, 17, 255, 161, 74, 234, 227, 232, 1, 0, 153, 1, 0, 195, 0, 0, 9, 9, 170]
1542780770505;[171, 0, 17, 255, 161, 74, 234, 227, 232, 1, 0, 160, 1, 0, 195, 0, 0, 8, 9, 184]
1542780770509;[171, 0, 17, 255, 161, 74, 234, 227, 232, 1, 0, 155, 1, 0, 192, 0, 0, 11, 9, 195]
1542780770852;[171, 0, 17, 255, 161, 74, 234, 227, 232, 1, 0, 159, 1, 0, 194, 0, 0, 9, 9, 193]
1542780770856;[171, 0, 17, 255, 161, 74, 234, 227, 232, 1, 0, 157, 1, 0, 192, 0, 0, 9, 9, 191]
1542780770860;[171, 0, 17, 255, 161, 74, 234, 227, 233, 1, 0, 156, 1, 0, 193, 0, 0, 9, 9, 187]
1542780770864;[171, 0, 4, 255, 132, 128, 96]
1542780771024;[171, 0, 17, 255, 161, 74, 234, 227, 233, 1, 0, 157, 1, 0, 192, 0, 0, 8, 9, 194]
1542780771196;[171, 0, 17, 255, 161, 74, 234, 227, 233, 1, 0, 158, 1, 0, 194, 0, 0, 11, 9, 185]
1542780771200;[171, 0, 17, 255, 161, 74, 234, 227, 233, 1, 0, 156, 1, 0, 195, 0, 0, 10, 9, 189]
1542780771369;[171, 0, 17, 255, 161, 74, 234, 227, 233, 1, 0, 152, 1, 0, 197, 0, 0, 7, 9, 191]
1542780771373;[171, 0, 17, 255, 161, 74, 234, 227, 233, 1, 0, 157, 1, 0, 193, 0, 0, 13, 9, 180]
1542780771541;[171, 0, 17, 255, 161, 74, 234, 227, 233, 1, 0, 154, 1, 0, 198, 0, 0, 17, 9, 162]
1542780771714;[171, 0, 17, 255, 161, 74, 234, 227, 233, 1, 0, 151, 1, 0, 198, 0, 0, 17, 9, 141]
1542780771718;[171, 0, 17, 255, 161, 74, 234, 227, 233, 1, 0, 149, 1, 0, 202, 0, 0, 17, 9, 127]
1542780772060;[171, 0, 17, 255, 161, 74, 234, 227, 233, 1, 0, 144, 1, 0, 201, 0, 0, 17, 9, 111]
