1542790561618;[171, 0, 17, 255, 161, 74, 235, 14, 180, 0, 0, 12, 1, 0, 237, 1, 0, 41, 12, 3]
1542790561628;[171, 0, 17, 255, 161, 74, 235, 14, 180, 0, 0, 20, 1, 0, 241, 1, 0, 53, 11, 176]
1542790561630;[171, 0, 17, 255, 161, 74, 235, 14, 180, 0, 0, 18, 1, 0, 238, 1, 0, 56, 11, 62]
1542790561789;[171, 0, 17, 255, 161, 74, 235, 14, 180, 0, 0, 16, 1, 0, 237, 1, 0, 50, 10, 218]
1542790561793;[171, 0, 17, 255, 161, 74, 235, 14, 180, 0, 0, 20, 1, 0, 236, 1, 0, 58, 10, 116]
1542790562134;[171, 0, 4, 255, 132, 128, 110]
1542790562161;[171, 0, 17, 255, 161, 74, 235, 14, 180, 0, 0, 17, 1, 0, 237, 1, 0, 56, 10, 57]
1542790562163;[171, 0, 17, 255, 161, 74, 235, 14, 181, 0, 0, 16, 1, 0, 244, 1, 0, 66, 10, 52]
1542790562306;[171, 0, 17, 255, 161, 74, 235, 14, 181, 0, 0, 19, 1, 0, 245, 1, 0, 26, 10, 83]
1542790562310;[171, 0, 17, 255, 161, 74, 235, 14, 181, 0, 0, 18, 1, 0, 242, 1, 0, 65, 10, 138]
1542790562478;[171, 0, 17, 255, 161, 74, 235, 14, 181, 0, 0, 19, 1, 0, 234, 1, 0, 65, 10, 135]
1542790562482;[171, 0, 17, 255, 161, 74, 235, 14, 181, 0, 0, 18, 1, 0, 242, 1, 0, 40, 10, 166]
1542790562824;[171, 0, 17, 255, 161, 74, 235, 14, 181, 0, 0, 28, 1, 0, 227, 1, 0, 50, 10, 237]
1542790562828;[171, 0, 17, 255, 161, 74, 235, 14, 181, 0, 0, 14, 1, 0, 237, 1, 0, 48, 10, 254]
1542790562995;[171, 0, 17, 255, 161, 74, 235, 14, 181, 0, 0, 17, 1, 0, 237, 1, 0, 60, 10, 248]
1542790563170;[171, 0, 17, 255, 161, 74, 235, 14, 181, 0, 0, 15, 1, 0, 235, 1, 0, 68, 10, 216]
1542790563174;[171, 0, 4, 255, 132, 128, 110]
1542790563200;[171, 0, 17, 255, 161, 74, 235, 14, 181, 0, 0, 13, 1, 0, 233, 1, 0, 56, 10, 208]
1542790563202;[171, 0, 17, 255, 161, 74, 235, 14, 182, 0, 0, 17, 1, 0, 238, 1, 0, 56, 10, 224]
1542790563341;[171, 0, 17, 255, 161, 74, 235, 14, 182, 0, 0, 9, 1, 0, 237, 1, 0, 54, 10, 229]
1542790563688;[171, 0, 17, 255, 161, 74, 235, 14, 182, 0, 0, 12, 1, 0, 238, 1, 0, 53, 10, 239]
1542790563692;[171, 0, 17, 255, 161, 74, 235, 14, 182, 0, 0, 9, 1, 0, 239, 1, 0, 55, 10, 232]
1542790563696;[171, 0, 17, 255, 161, 74, 235, 14, 182, 0, 0, 8, 1, 0, 238, 1, 0, 54, 11, 0]
1542790563700;[171, 0, 17, 255, 161, 74, 235, 14, 182, 0, 0, 7, 1, 0, 239, 1, 0, 51, 11, 44]
1542790563858;[171, 0, 17, 255, 161, 74, 235, 14, 182, 0, 0, 11, 1, 0, 238, 1, 0, 53, 11, 97]
1542790563863;[171, 0, 17, 255, 161, 74, 235, 14, 182, 0, 0, 14, 1, 0, 237, 1, 0, 53, 11, 149]
1542790564204;[171, 0, 17, 255, 161, 74, 235, 14, 182, 0, 0, 10, 1, 0, 237, 1, 0, 53, 11, 181]
1542790564208;[171, 0, 4, 255, 132, 128, 110]
1542790564235;[171, 0, 17, 255, 161, 74, 235, 14, 182, 0, 0, 13, 1, 0, 242, 1, 0, 53, 11, 208]
1542790566396;[171, 0, 17, 255, 161, 74, 235, 14, 183, 0, 0, 14, 1, 0, 237, 1, 0, 58, 11, 225]
1542790566397;[171, 0, 17, 255, 161, 74, 235, 14, 183, 0, 0, 18, 1, 0, 239, 1, 0, 50, 11, 247]
1542790566399;[171, 0, 17, 255, 161, 74, 235, 14, 183, 0, 0, 18, 1, 0, 240, 1, 0, 48, 11, 253]
1542790566401;[171, 0, 17, 255, 161, 74, 235, 14, 183, 0, 0, 22, 1, 0, 238, 1, 0, 47, 11, 246]
1542790566406;[171, 0, 17, 255, 161, 74, 235, 14, 183, 0, 0, 21, 1, 0, 238, 1, 0, 48, 11, 236]
1542790566408;[171, 0, 17, 255, 161, 74, 235, 14, 183, 0, 0, 22, 1, 0, 236, 1, 0, 48, 11, 229]
1542790566410;[171, 0, 17, 255, 161, 74, 235, 14, 183, 0, 0, 18, 1, 0, 240, 1, 0, 40, 11, 249]
1542790566412;[171, 0, 17, 255, 161, 74, 235, 14, 183, 0, 0, 15, 1, 0, 241, 1, 0, 39, 12, 12]
1542790566413;[171, 0, 17, 255, 161, 74, 235, 14, 183, 0, 0, 32, 1, 0, 240, 1, 0, 45, 12, 33]
1542790566421;[171, 0, 4, 255, 132, 128, 109]
1542790566423;[171, 0, 17, 255, 161, 74, 235, 14, 183, 0, 0, 30, 1, 0, 240, 1, 0, 49, 12, 37]
1542790566425;[171, 0, 17, 255, 161, 74, 235, 14, 184, 0, 0, 29, 1, 0, 236, 1, 0, 32, 12, 42]
1542790566436;[171, 0, 17, 255, 161, 74, 235, 14, 184, 0, 0, 16, 1, 0, 240, 1, 0, 37, 12, 56]
1542790566438;[171, 0, 17, 255, 161, 74, 235, 14, 184, 0, 0, 24, 1, 0, 239, 1, 0, 39, 12, 75]
1542790566442;[171, 0, 17, 255, 161, 74, 235, 14, 184, 0, 0, 20, 1, 0, 241, 1, 0, 34, 12, 93]
1542790566444;[171, 0, 17, 255, 161, 74, 235, 14, 184, 0, 0, 24, 1, 0, 236, 1, 0, 38, 12, 116]
1542790566446;[171, 0, 17, 255, 161, 74, 235, 14, 184, 0, 0, 20, 1, 0, 239, 1, 0, 31, 12, 111]
1542790566468;[171, 0, 17, 255, 161, 74, 235, 14, 184, 0, 0, 14, 1, 0, 239, 1, 0, 52, 12, 72]
1542790566470;[171, 0, 17, 255, 161, 74, 235, 14, 184, 0, 0, 8, 1, 0, 222, 1, 0, 40, 12, 5]
1542790566487;[171, 0, 17, 255, 161, 74, 235, 14, 184, 1, 0, 3, 1, 0, 233, 1, 0, 61, 10, 194]
1542790566488;[171, 0, 4, 255, 132, 128, 109]
1542790566793;[171, 0, 17, 255, 161, 74, 235, 14, 184, 1, 0, 1, 1, 0, 219, 1, 0, 60, 9, 28]
1542790566797;[171, 0, 17, 255, 161, 74, 235, 14, 185, 0, 0, 0, 1, 0, 237, 1, 0, 58, 8, 18]
1542790566801;[171, 0, 17, 255, 161, 74, 235, 14, 185, 1, 0, 9, 1, 0, 217, 1, 0, 22, 7, 90]
1542790566805;[171, 0, 17, 255, 161, 74, 235, 14, 185, 1, 0, 11, 1, 0, 240, 1, 0, 69, 6, 174]
1542790566964;[171, 0, 17, 255, 161, 74, 235, 14, 185, 0, 0, 4, 1, 0, 230, 1, 0, 67, 6, 64]
1542790566968;[171, 0, 17, 255, 161, 74, 235, 14, 185, 0, 0, 7, 1, 0, 241, 1, 0, 51, 6, 16]
1542790566972;[171, 0, 17, 255, 161, 74, 235, 14, 185, 0, 0, 22, 1, 0, 242, 1, 0, 52, 5, 253]
1542790567135;[171, 0, 17, 255, 161, 74, 235, 14, 185, 0, 0, 23, 1, 0, 239, 1, 0, 27, 5, 252]
1542790567307;[171, 0, 17, 255, 161, 74, 235, 14, 185, 0, 0, 16, 1, 0, 241, 1, 0, 41, 5, 244]
1542790567311;[171, 0, 17, 255, 161, 74, 235, 14, 185, 0, 0, 9, 1, 0, 239, 1, 0, 47, 6, 10]
1542790567482;[171, 0, 4, 255, 132, 128, 109]
1542790567655;[171, 0, 17, 255, 161, 74, 235, 14, 185, 0, 0, 10, 1, 0, 242, 1, 0, 64, 6, 58]
1542790567658;[171, 0, 17, 255, 161, 74, 235, 14, 186, 0, 0, 9, 1, 0, 242, 1, 0, 41, 6, 120]
1542790567662;[171, 0, 17, 255, 161, 74, 235, 14, 186, 0, 0, 11, 1, 0, 239, 1, 0, 48, 6, 186]
1542790567999;[171, 0, 17, 255, 161, 74, 235, 14, 186, 0, 0, 12, 1, 0, 243, 1, 0, 42, 7, 3]
1542790568003;[171, 0, 17, 255, 161, 74, 235, 14, 186, 0, 0, 8, 1, 0, 240, 1, 0, 48, 7, 83]
1542790568007;[171, 0, 17, 255, 161, 74, 235, 14, 186, 0, 0, 16, 1, 0, 237, 1, 0, 47, 7, 237]
1542790568172;[171, 0, 17, 255, 161, 74, 235, 14, 186, 0, 0, 11, 1, 0, 239, 1, 0, 56, 8, 121]
1542790568176;[171, 0, 17, 255, 161, 74, 235, 14, 186, 0, 0, 6, 1, 0, 238, 1, 0, 56, 8, 212]
1542790568343;[171, 0, 17, 255, 161, 74, 235, 14, 186, 0, 0, 8, 1, 0, 238, 1, 0, 63, 9, 44]
1542790568347;[171, 0, 17, 255, 161, 74, 235, 14, 186, 1, 0, 4, 1, 0, 240, 1, 0, 47, 9, 136]
1542790568515;[171, 0, 4, 255, 132, 128, 110]
1542790568689;[171, 0, 17, 255, 161, 74, 235, 14, 186, 1, 0, 6, 1, 0, 227, 1, 0, 63, 9, 240]
1542790568693;[171, 0, 17, 255, 161, 74, 235, 14, 187, 1, 0, 4, 1, 0, 233, 1, 0, 71, 10, 140]
1542790568861;[171, 0, 17, 255, 161, 74, 235, 14, 187, 1, 0, 3, 1, 0, 236, 1, 0, 69, 11, 0]
1542790568865;[171, 0, 17, 255, 161, 74, 235, 14, 187, 1, 0, 3, 1, 0, 232, 1, 0, 75, 11, 112]
1542790569207;[171, 0, 17, 255, 161, 74, 235, 14, 187, 1, 0, 4, 1, 0, 229, 1, 0, 69, 11, 196]
1542790569211;[171, 0, 17, 255, 161, 74, 235, 14, 187, 1, 0, 2, 1, 0, 231, 1, 0, 81, 12, 9]
1542790569215;[171, 0, 17, 255, 161, 74, 235, 14, 187, 1, 0, 2, 1, 0, 230, 1, 0, 81, 12, 141]
1542790569378;[171, 0, 17, 255, 161, 74, 235, 14, 187, 1, 0, 3, 1, 0, 230, 1, 0, 80, 12, 249]
1542790569382;[171, 0, 17, 255, 161, 74, 235, 14, 187, 0, 0, 4, 1, 0, 222, 1, 0, 75, 13, 52]
1542790569550;[171, 0, 17, 255, 161, 74, 235, 14, 187, 1, 0, 5, 1, 0, 229, 1, 0, 107, 13, 94]
1542790569554;[171, 0, 4, 255, 132, 128, 110]
1542790569723;[171, 0, 17, 255, 161, 74, 235, 14, 187, 1, 0, 11, 1, 0, 226, 1, 0, 82, 13, 117]
1542790569898;[171, 0, 17, 255, 161, 74, 235, 14, 192, 1, 0, 15, 1, 0, 230, 1, 0, 81, 13, 154]
1542790569902;[171, 0, 17, 255, 161, 74, 235, 14, 192, 1, 0, 15, 1, 0, 232, 1, 0, 64, 13, 86]
1542790570069;[171, 0, 17, 255, 161, 74, 235, 14, 192, 1, 0, 14, 1, 0, 230, 1, 0, 63, 12, 169]
1542790570073;[171, 0, 17, 255, 161, 74, 235, 14, 192, 1, 0, 14, 1, 0, 236, 1, 0, 65, 11, 219]
1542790570242;[171, 0, 17, 255, 161, 74, 235, 14, 192, 1, 0, 13, 1, 0, 242, 1, 0, 69, 10, 227]
1542790570587;[171, 0, 17, 255, 161, 74, 235, 14, 192, 1, 0, 15, 1, 0, 237, 1, 0, 65, 10, 35]
1542790570591;[171, 0, 17, 255, 161, 74, 235, 14, 192, 1, 0, 15, 1, 0, 237, 1, 0, 62, 9, 191]
1542790570595;[171, 0, 17, 255, 161, 74, 235, 14, 192, 1, 0, 11, 1, 0, 237, 1, 0, 58, 9, 117]
1542790570758;[171, 0, 17, 255, 161, 74, 235, 14, 194, 0, 0, 27, 1, 0, 236, 1, 0, 48, 9, 213]
1542790570930;[171, 0, 17, 255, 161, 74, 235, 14, 195, 0, 0, 24, 1, 0, 240, 1, 0, 48, 9, 227]
1542790571103;[171, 0, 17, 255, 161, 74, 235, 14, 195, 0, 0, 27, 1, 0, 239, 1, 0, 38, 9, 244]
1542790571107;[171, 0, 17, 255, 161, 74, 235, 14, 195, 0, 0, 27, 1, 0, 238, 1, 0, 37, 10, 1]
1542790571277;[171, 0, 17, 255, 161, 74, 235, 14, 195, 0, 0, 17, 1, 0, 238, 1, 0, 44, 9, 254]
1542790571281;[171, 0, 17, 255, 161, 74, 235, 14, 195, 0, 0, 13, 1, 0, 237, 1, 0, 44, 9, 236]
1542790571451;[171, 0, 17, 255, 161, 74, 235, 14, 195, 0, 0, 14, 1, 0, 242, 1, 0, 44, 9, 241]
1542790571455;[171, 0, 17, 255, 161, 74, 235, 14, 195, 0, 0, 3, 1, 0, 239, 1, 0, 40, 9, 224]
1542790571794;[171, 0, 17, 255, 161, 74, 235, 14, 195, 1, 0, 4, 1, 0, 241, 1, 0, 44, 9, 196]
1542790571798;[171, 0, 17, 255, 161, 74, 235, 14, 195, 0, 0, 24, 1, 0, 241, 1, 0, 30, 9, 176]
1542790571802;[171, 0, 4, 255, 132, 128, 110]
1542790571966;[171, 0, 17, 255, 161, 74, 235, 14, 195, 0, 0, 17, 1, 0, 241, 0, 0, 7, 9, 161]
1542790571970;[171, 0, 17, 255, 161, 74, 235, 14, 196, 0, 0, 8, 1, 0, 241, 1, 0, 36, 9, 164]
1542790572138;[171, 0, 17, 255, 161, 74, 235, 14, 196, 0, 0, 5, 1, 0, 236, 1, 0, 42, 9, 196]
1542790572311;[171, 0, 17, 255, 161, 74, 235, 14, 196, 0, 0, 5, 1, 0, 238, 1, 0, 45, 9, 201]
1542790572315;[171, 0, 17, 255, 161, 74, 235, 14, 196, 1, 0, 9, 1, 0, 241, 1, 0, 41, 9, 155]
1542790572483;[171, 0, 17, 255, 161, 74, 235, 14, 196, 0, 0, 12, 1, 1, 9, 1, 0, 53, 9, 117]
1542790572487;[171, 0, 17, 255, 161, 74, 235, 14, 196, 1, 0, 9, 1, 0, 241, 1, 0, 43, 9, 68]
1542790572678;[171, 0, 17, 255, 161, 74, 235, 14, 196, 0, 0, 14, 1, 0, 241, 1, 0, 37, 9, 90]
1542790572681;[171, 0, 17, 255, 161, 74, 235, 14, 196, 0, 0, 7, 1, 0, 240, 1, 0, 37, 9, 114]
1542790572829;[171, 0, 17, 255, 161, 74, 235, 14, 196, 0, 0, 9, 1, 0, 241, 1, 0, 40, 9, 118]
1542790573174;[171, 0, 4, 255, 132, 128, 110]
1542790573201;[171, 0, 17, 255, 161, 74, 235, 14, 196, 0, 0, 6, 1, 0, 242, 1, 0, 41, 9, 131]
1542790573203;[171, 0, 17, 255, 161, 74, 235, 14, 197, 0, 0, 12, 1, 0, 241, 1, 0, 35, 9, 148]
1542790573205;[171, 0, 17, 255, 161, 74, 235, 14, 197, 0, 0, 9, 1, 0, 242, 1, 0, 41, 9, 160]
1542790573347;[171, 0, 17, 255, 161, 74, 235, 14, 197, 0, 0, 9, 1, 0, 244, 1, 0, 39, 9, 192]
1542790573350;[171, 0, 17, 255, 161, 74, 235, 14, 197, 0, 0, 10, 1, 0, 233, 1, 0, 42, 9, 211]
1542790573518;[171, 0, 17, 255, 161, 74, 235, 14, 197, 1, 0, 4, 1, 0, 239, 1, 0, 71, 9, 199]
1542790573692;[171, 0, 17, 255, 161, 74, 235, 14, 197, 0, 0, 5, 1, 0, 232, 1, 0, 68, 9, 163]
1542790573695;[171, 0, 17, 255, 161, 74, 235, 14, 197, 0, 0, 23, 1, 0, 238, 1, 0, 45, 9, 160]
1542790573865;[171, 0, 17, 255, 161, 74, 235, 14, 197, 0, 0, 0, 1, 0, 231, 1, 0, 65, 9, 145]
1542790573869;[171, 0, 17, 255, 161, 74, 235, 14, 197, 0, 0, 1, 1, 0, 224, 1, 0, 48, 9, 134]
1542790574035;[171, 0, 4, 255, 132, 128, 110]
1542790574382;[171, 0, 17, 255, 161, 74, 235, 14, 197, 1, 0, 9, 1, 0, 240, 1, 0, 89, 9, 62]
1542790574386;[171, 0, 17, 255, 161, 74, 235, 14, 198, 1, 0, 4, 1, 0, 236, 1, 0, 91, 8, 196]
1542790574390;[171, 0, 17, 255, 161, 74, 235, 14, 198, 0, 0, 4, 1, 0, 214, 1, 0, 44, 8, 109]
1542790574394;[171, 0, 17, 255, 161, 74, 235, 14, 198, 1, 0, 40, 1, 0, 228, 1, 0, 56, 8, 62]
1542790574555;[171, 0, 17, 255, 161, 74, 235, 14, 198, 1, 0, 15, 1, 0, 233, 1, 0, 70, 7, 224]
1542790574558;[171, 0, 17, 255, 161, 74, 235, 14, 198, 1, 0, 53, 1, 0, 234, 1, 0, 65, 7, 149]
1542790574726;[171, 0, 17, 255, 161, 74, 235, 14, 198, 1, 0, 36, 1, 0, 237, 1, 0, 58, 7, 120]
1542790574898;[171, 0, 17, 255, 161, 74, 235, 14, 198, 1, 0, 27, 1, 0, 240, 1, 0, 54, 7, 135]
1542790574902;[171, 0, 17, 255, 161, 74, 235, 14, 198, 0, 0, 4, 1, 0, 246, 1, 0, 62, 7, 165]
1542790575071;[171, 0, 17, 255, 161, 74, 235, 14, 198, 0, 0, 27, 1, 0, 238, 1, 0, 60, 7, 204]
1542790575074;[171, 0, 4, 255, 132, 128, 109]
1542790575243;[171, 0, 17, 255, 161, 74, 235, 14, 198, 0, 0, 1, 1, 0, 235, 1, 0, 68, 8, 6]
1542790575247;[171, 0, 17, 255, 161, 74, 235, 14, 199, 0, 0, 8, 1, 1, 4, 1, 0, 99, 8, 31]
1542790575762;[171, 0, 17, 255, 161, 74, 235, 14, 199, 0, 0, 13, 1, 0, 236, 0, 0, 53, 8, 91]
1542790575766;[171, 0, 17, 255, 161, 74, 235, 14, 199, 1, 0, 17, 1, 1, 20, 1, 0, 117, 8, 145]
1542790575770;[171, 0, 17, 255, 161, 74, 235, 14, 199, 0, 0, 78, 1, 0, 211, 0, 0, 57, 8, 203]
1542790575774;[171, 0, 17, 255, 161, 74, 235, 14, 199, 1, 0, 6, 1, 0, 240, 1, 0, 90, 9, 14]
1542790575934;[171, 0, 17, 255, 161, 74, 235, 14, 199, 1, 0, 6, 1, 0, 239, 1, 0, 49, 9, 97]
1542790575938;[171, 0, 17, 255, 161, 74, 235, 14, 199, 1, 0, 6, 1, 0, 236, 1, 0, 54, 9, 176]
1542790576107;[171, 0, 17, 255, 161, 74, 235, 14, 199, 0, 0, 0, 1, 0, 237, 1, 0, 45, 9, 232]
1542790576111;[171, 0, 17, 255, 161, 74, 235, 14, 199, 0, 0, 2, 1, 0, 243, 1, 0, 45, 10, 24]
1542790576278;[171, 0, 4, 255, 132, 128, 109]
1542790576304;[171, 0, 17, 255, 161, 74, 235, 14, 199, 0, 0, 0, 1, 0, 238, 1, 0, 42, 10, 56]
1542790576451;[171, 0, 17, 255, 161, 74, 235, 14, 200, 1, 0, 46, 1, 0, 237, 1, 0, 48, 10, 48]
1542790576455;[171, 0, 17, 255, 161, 74, 235, 14, 200, 1, 0, 43, 1, 0, 248, 1, 0, 68, 10, 87]
1542790576624;[171, 0, 17, 255, 161, 74, 235, 14, 200, 1, 0, 165, 1, 1, 25, 0, 0, 19, 10, 142]
1542790576970;[171, 0, 17, 255, 161, 74, 235, 14, 200, 0, 0, 1, 1, 0, 246, 1, 0, 9, 10, 190]
1542790576974;[171, 0, 17, 255, 161, 74, 235, 14, 200, 0, 0, 11, 1, 0, 245, 1, 0, 57, 11, 4]
1542790576978;[171, 0, 17, 255, 161, 74, 235, 14, 200, 1, 0, 5, 1, 0, 244, 1, 0, 42, 11, 78]
1542790576983;[171, 0, 17, 255, 161, 74, 235, 14, 200, 0, 0, 16, 1, 0, 243, 1, 0, 35, 11, 166]
1542790577314;[171, 0, 17, 255, 161, 74, 235, 14, 200, 0, 0, 7, 1, 0, 241, 1, 0, 38, 12, 30]
1542790577318;[171, 0, 17, 255, 161, 74, 235, 14, 200, 0, 0, 3, 1, 0, 240, 1, 0, 40, 12, 101]
1542790577322;[171, 0, 4, 255, 132, 128, 110]
1542790577486;[171, 0, 17, 255, 161, 74, 235, 14, 200, 0, 0, 4, 1, 0, 245, 1, 0, 37, 12, 152]
1542790577490;[171, 0, 17, 255, 161, 74, 235, 14, 201, 1, 0, 8, 1, 0, 241, 1, 0, 36, 12, 188]
1542790577664;[171, 0, 17, 255, 161, 74, 235, 14, 201, 1, 0, 5, 1, 0, 243, 1, 0, 42, 12, 211]
1542790577665;[171, 0, 17, 255, 161, 74, 235, 14, 201, 1, 0, 5, 1, 0, 239, 1, 0, 47, 12, 255]
1542790577830;[171, 0, 17, 255, 161, 74, 235, 14, 201, 1, 0, 7, 1, 0, 243, 1, 0, 69, 13, 85]
1542790578178;[171, 0, 17, 255, 161, 74, 235, 14, 201, 0, 0, 1, 1, 0, 242, 1, 0, 52, 13, 157]
1542790578183;[171, 0, 17, 255, 161, 74, 235, 14, 201, 1, 0, 3, 1, 0, 239, 1, 0, 47, 13, 204]
1542790578187;[171, 0, 17, 255, 161, 74, 235, 14, 201, 1, 0, 1, 1, 0, 245, 1, 0, 41, 13, 237]
1542790578191;[171, 0, 17, 255, 161, 74, 235, 14, 201, 0, 0, 2, 1, 0, 241, 1, 0, 53, 14, 15]
1542790578349;[171, 0, 17, 255, 161, 74, 235, 14, 201, 0, 0, 1, 1, 0, 239, 1, 0, 42, 14, 84]
1542790578352;[171, 0, 4, 255, 132, 128, 110]
1542790578520;[171, 0, 17, 255, 161, 74, 235, 14, 201, 0, 0, 4, 1, 0, 241, 1, 0, 50, 14, 181]
1542790578867;[171, 0, 17, 255, 161, 74, 235, 14, 202, 0, 0, 9, 1, 0, 242, 1, 0, 43, 14, 232]
1542790578871;[171, 0, 17, 255, 161, 74, 235, 14, 202, 0, 0, 9, 1, 0, 243, 1, 0, 45, 14, 232]
1542790578875;[171, 0, 17, 255, 161, 74, 235, 14, 202, 0, 0, 9, 1, 0, 239, 1, 0, 40, 15, 43]
1542790578879;[171, 0, 17, 255, 161, 74, 235, 14, 202, 0, 0, 17, 1, 0, 239, 1, 0, 42, 31, 106]
1542790579038;[171, 0, 17, 255, 161, 74, 235, 14, 202, 0, 0, 21, 1, 0, 241, 1, 0, 39, 8, 63]
1542790579561;[171, 0, 17, 255, 161, 74, 235, 14, 202, 0, 0, 22, 1, 0, 241, 1, 0, 40, 8, 213]
1542790579563;[171, 0, 17, 255, 161, 74, 235, 14, 202, 0, 0, 20, 1, 0, 241, 1, 0, 37, 9, 63]
1542790579566;[171, 0, 17, 255, 161, 74, 235, 14, 202, 0, 0, 16, 1, 0, 240, 1, 0, 39, 9, 126]
1542790579570;[171, 0, 17, 255, 161, 74, 235, 14, 202, 0, 0, 9, 1, 0, 242, 1, 0, 39, 9, 165]
1542790579730;[171, 0, 4, 255, 132, 128, 109]
1542790579757;[171, 0, 17, 255, 161, 74, 235, 14, 202, 0, 0, 10, 1, 0, 240, 1, 0, 44, 9, 127]
1542790579900;[171, 0, 17, 255, 161, 74, 235, 14, 203, 0, 0, 9, 1, 0, 242, 1, 0, 40, 9, 181]
1542790580075;[171, 0, 17, 255, 161, 74, 235, 14, 203, 0, 0, 14, 1, 0, 240, 1, 0, 38, 10, 29]
1542790580079;[171, 0, 17, 255, 161, 74, 235, 14, 203, 0, 0, 13, 1, 0, 241, 1, 0, 36, 10, 84]
1542790580083;[171, 0, 17, 255, 161, 74, 235, 14, 203, 0, 0, 12, 1, 0, 238, 1, 0, 40, 10, 123]
1542790580087;[171, 0, 17, 255, 161, 74, 235, 14, 203, 0, 0, 10, 1, 0, 240, 1, 0, 45, 10, 124]
1542790580246;[171, 0, 17, 255, 161, 74, 235, 14, 203, 0, 0, 10, 1, 0, 240, 1, 0, 43, 10, 126]
1542790580250;[171, 0, 17, 255, 161, 74, 235, 14, 203, 0, 0, 9, 1, 0, 238, 1, 0, 42, 10, 193]
1542790580418;[171, 0, 17, 255, 161, 74, 235, 14, 203, 0, 0, 11, 1, 0, 238, 1, 0, 44, 10, 252]
1542790580766;[171, 0, 17, 255, 161, 74, 235, 14, 203, 0, 0, 11, 1, 0, 241, 1, 0, 44, 11, 11]
1542790580769;[171, 0, 4, 255, 132, 128, 109]
1542790580796;[171, 0, 17, 255, 161, 74, 235, 14, 203, 0, 0, 10, 1, 0, 238, 1, 0, 50, 10, 244]
1542790580798;[171, 0, 17, 255, 161, 74, 235, 14, 204, 0, 0, 11, 1, 1, 2, 1, 0, 65, 10, 213]
1542790580936;[171, 0, 17, 255, 161, 74, 235, 14, 204, 0, 0, 8, 1, 0, 237, 1, 0, 77, 10, 215]
1542790581109;[171, 0, 17, 255, 161, 74, 235, 14, 204, 0, 0, 2, 1, 0, 234, 1, 0, 77, 11, 0]
1542790581114;[171, 0, 17, 255, 161, 74, 235, 14, 204, 0, 0, 7, 1, 0, 234, 1, 0, 45, 11, 43]
1542790581281;[171, 0, 17, 255, 161, 74, 235, 14, 204, 0, 0, 26, 1, 0, 230, 1, 0, 64, 11, 92]
1542790581284;[171, 0, 17, 255, 161, 74, 235, 14, 204, 0, 0, 23, 1, 0, 238, 1, 0, 72, 11, 155]
1542790581454;[171, 0, 17, 255, 161, 74, 235, 14, 204, 0, 0, 20, 1, 0, 236, 1, 0, 64, 11, 207]
1542790581458;[171, 0, 17, 255, 161, 74, 235, 14, 204, 0, 0, 21, 1, 0, 237, 1, 0, 67, 12, 44]
1542790582145;[171, 0, 17, 255, 161, 74, 235, 14, 204, 0, 0, 30, 1, 0, 240, 1, 0, 49, 12, 140]
1542790582150;[171, 0, 4, 255, 132, 128, 108]
1542790582176;[171, 0, 17, 255, 161, 74, 235, 14, 204, 0, 0, 21, 1, 0, 238, 1, 0, 49, 12, 174]
1542790582178;[171, 0, 17, 255, 161, 74, 235, 14, 205, 0, 0, 19, 1, 0, 238, 1, 0, 45, 12, 186]
1542790582320;[171, 0, 17, 255, 161, 74, 235, 14, 205, 0, 0, 22, 1, 0, 236, 1, 0, 47, 12, 197]
1542790582323;[171, 0, 17, 255, 161, 74, 235, 14, 205, 0, 0, 17, 1, 0, 238, 1, 0, 49, 12, 195]
1542790582327;[171, 0, 17, 255, 161, 74, 235, 14, 205, 0, 0, 22, 1, 0, 236, 1, 0, 49, 12, 229]
1542790582331;[171, 0, 17, 255, 161, 74, 235, 14, 205, 0, 0, 19, 1, 0, 237, 1, 0, 49, 12, 251]
1542790582488;[171, 0, 17, 255, 161, 74, 235, 14, 205, 0, 0, 22, 1, 0, 238, 1, 0, 50, 12, 254]
1542790582492;[171, 0, 17, 255, 161, 74, 235, 14, 205, 0, 0, 17, 1, 0, 238, 1, 0, 48, 12, 210]
1542790582661;[171, 0, 17, 255, 161, 74, 235, 14, 205, 0, 0, 12, 1, 0, 240, 1, 0, 41, 12, 147]
1542790582665;[171, 0, 17, 255, 161, 74, 235, 14, 205, 0, 0, 16, 1, 0, 239, 1, 0, 42, 12, 124]
1542790582833;[171, 0, 4, 255, 132, 128, 107]
1542790583008;[171, 0, 17, 255, 161, 74, 235, 14, 205, 0, 0, 14, 1, 0, 240, 1, 0, 38, 12, 138]
1542790583012;[171, 0, 17, 255, 161, 74, 235, 14, 206, 0, 0, 11, 1, 0, 237, 1, 0, 45, 12, 128]
1542790583353;[171, 0, 17, 255, 161, 74, 235, 14, 206, 0, 0, 12, 1, 0, 242, 1, 0, 44, 12, 108]
1542790583356;[171, 0, 17, 255, 161, 74, 235, 14, 206, 0, 0, 21, 1, 0, 240, 1, 0, 29, 12, 110]
1542790583360;[171, 0, 17, 255, 161, 74, 235, 14, 206, 0, 0, 8, 1, 0, 245, 1, 0, 27, 11, 247]
1542790583364;[171, 0, 17, 255, 161, 74, 235, 14, 206, 0, 0, 2, 1, 0, 241, 1, 0, 44, 11, 196]
1542790583523;[171, 0, 17, 255, 161, 74, 235, 14, 206, 0, 0, 11, 1, 0, 240, 1, 0, 42, 11, 224]
1542790583696;[171, 0, 17, 255, 161, 74, 235, 14, 206, 0, 0, 7, 1, 0, 236, 1, 0, 47, 11, 223]
1542790583700;[171, 0, 17, 255, 161, 74, 235, 14, 206, 0, 0, 10, 1, 0, 238, 1, 0, 55, 11, 211]
1542790583869;[171, 0, 17, 255, 161, 74, 235, 14, 206, 0, 0, 8, 1, 0, 240, 1, 0, 51, 11, 174]
1542790583873;[171, 0, 4, 255, 132, 128, 106]
1542790584041;[171, 0, 17, 255, 161, 74, 235, 14, 206, 1, 0, 17, 1, 1, 12, 1, 0, 51, 11, 95]
1542790584213;[171, 0, 17, 255, 161, 74, 235, 14, 207, 0, 0, 7, 1, 0, 238, 1, 0, 5, 11, 92]
1542790584217;[171, 0, 17, 255, 161, 74, 235, 14, 207, 0, 0, 4, 1, 0, 238, 1, 0, 32, 11, 89]
1542790584732;[171, 0, 17, 255, 161, 74, 235, 14, 207, 0, 0, 8, 1, 0, 241, 1, 0, 37, 11, 84]
1542790584736;[171, 0, 17, 255, 161, 74, 235, 14, 207, 0, 0, 14, 1, 0, 240, 1, 0, 47, 11, 92]
1542790584740;[171, 0, 17, 255, 161, 74, 235, 14, 207, 0, 0, 11, 1, 0, 241, 1, 0, 42, 11, 109]
1542790584744;[171, 0, 17, 255, 161, 74, 235, 14, 207, 0, 0, 8, 1, 0, 238, 1, 0, 50, 11, 123]
1542790584905;[171, 0, 17, 255, 161, 74, 235, 14, 207, 0, 0, 12, 1, 0, 240, 1, 0, 58, 11, 161]
1542790584912;[171, 0, 17, 255, 161, 74, 235, 14, 207, 0, 0, 21, 1, 0, 235, 1, 0, 48, 11, 182]
1542790584916;[171, 0, 17, 255, 161, 74, 235, 14, 207, 0, 0, 12, 1, 0, 239, 1, 0, 46, 11, 191]
1542790585076;[171, 0, 4, 255, 132, 128, 106]
1542790585103;[171, 0, 17, 255, 161, 74, 235, 14, 207, 0, 0, 16, 1, 0, 242, 1, 0, 42, 11, 194]
1542790585248;[171, 0, 17, 255, 161, 74, 235, 14, 208, 0, 0, 18, 1, 0, 229, 1, 0, 42, 11, 171]
1542790585251;[171, 0, 17, 255, 161, 74, 235, 14, 208, 0, 0, 20, 1, 0, 239, 1, 0, 40, 11, 182]
1542790585420;[171, 0, 17, 255, 161, 74, 235, 14, 208, 0, 0, 18, 1, 0, 238, 1, 0, 45, 11, 193]
1542790585594;[171, 0, 17, 255, 161, 74, 235, 14, 208, 0, 0, 17, 1, 0, 236, 1, 0, 43, 11, 218]
1542790585597;[171, 0, 17, 255, 161, 74, 235, 14, 208, 0, 0, 7, 1, 0, 241, 1, 0, 50, 11, 203]
1542790585940;[171, 0, 17, 255, 161, 74, 235, 14, 208, 0, 0, 11, 1, 0, 239, 1, 0, 53, 11, 216]
1542790585944;[171, 0, 17, 255, 161, 74, 235, 14, 208, 1, 0, 5, 1, 0, 241, 1, 0, 38, 11, 241]
1542790585948;[171, 0, 17, 255, 161, 74, 235, 14, 208, 0, 0, 27, 1, 0, 240, 1, 0, 37, 11, 253]
1542790586112;[171, 0, 17, 255, 161, 74, 235, 14, 208, 0, 0, 18, 1, 0, 242, 1, 0, 35, 12, 2]
1542790586116;[171, 0, 4, 255, 132, 128, 105]
1542790586283;[171, 0, 17, 255, 161, 74, 235, 14, 208, 0, 0, 15, 1, 0, 244, 1, 0, 43, 11, 248]
1542790586287;[171, 0, 17, 255, 161, 74, 235, 14, 209, 0, 0, 12, 1, 1, 23, 1, 0, 46, 12, 0]
1542790586457;[171, 0, 17, 255, 161, 74, 235, 14, 209, 0, 0, 8, 1, 0, 253, 1, 0, 60, 9, 155]
1542790586461;[171, 0, 17, 255, 161, 74, 235, 14, 209, 1, 0, 11, 1, 0, 234, 1, 0, 46, 7, 199]
1542790586628;[171, 0, 17, 255, 161, 74, 235, 14, 209, 0, 0, 4, 1, 0, 234, 1, 0, 56, 6, 230]
1542790586801;[171, 0, 17, 255, 161, 74, 235, 14, 209, 1, 0, 17, 1, 0, 239, 1, 0, 51, 6, 169]
1542790586805;[171, 0, 17, 255, 161, 74, 235, 14, 209, 1, 0, 9, 1, 0, 239, 1, 0, 50, 6, 154]
1542790587148;[171, 0, 17, 255, 161, 74, 235, 14, 209, 1, 0, 10, 1, 0, 243, 1, 0, 51, 6, 157]
1542790587152;[171, 0, 17, 255, 161, 74, 235, 14, 209, 0, 0, 0, 1, 0, 241, 1, 0, 47, 6, 155]
1542790587156;[171, 0, 17, 255, 161, 74, 235, 14, 209, 1, 0, 9, 1, 0, 245, 0, 0, 36, 6, 119]
1542790587160;[171, 0, 4, 255, 132, 128, 105]
1542790587318;[171, 0, 17, 255, 161, 74, 235, 14, 209, 1, 0, 26, 1, 0, 228, 1, 0, 134, 5, 213]
1542790587491;[171, 0, 17, 255, 161, 74, 235, 14, 210, 1, 0, 7, 1, 0, 244, 1, 0, 96, 5, 167]
1542790587495;[171, 0, 17, 255, 161, 74, 235, 14, 210, 0, 0, 62, 1, 0, 214, 0, 0, 28, 5, 71]
1542790587663;[171, 0, 17, 255, 161, 74, 235, 14, 210, 1, 0, 101, 1, 1, 14, 1, 0, 97, 4, 114]
1542790587667;[171, 0, 17, 255, 161, 74, 235, 14, 210, 0, 0, 39, 1, 0, 243, 1, 0, 37, 3, 230]
1542790587835;[171, 0, 17, 255, 161, 74, 235, 14, 210, 0, 0, 31, 1, 0, 204, 1, 0, 52, 3, 170]
1542790588008;[171, 0, 17, 255, 161, 74, 235, 14, 210, 0, 0, 61, 1, 0, 244, 1, 0, 12, 3, 175]
1542790588012;[171, 0, 17, 255, 161, 74, 235, 14, 210, 0, 0, 46, 1, 0, 235, 1, 0, 56, 3, 190]
1542790588180;[171, 0, 17, 255, 161, 74, 235, 14, 210, 0, 0, 45, 1, 0, 211, 1, 0, 41, 3, 221]
1542790588184;[171, 0, 17, 255, 161, 74, 235, 14, 210, 0, 0, 34, 1, 0, 187, 1, 0, 36, 3, 249]
1542790588699;[171, 0, 4, 255, 132, 128, 105]
1542790588726;[171, 0, 17, 255, 161, 74, 235, 14, 210, 0, 0, 55, 1, 1, 9, 0, 0, 69, 3, 213]
1542790588727;[171, 0, 17, 255, 161, 74, 235, 14, 211, 1, 0, 38, 1, 1, 7, 1, 0, 66, 3, 105]
1542790588729;[171, 0, 17, 255, 161, 74, 235, 14, 211, 1, 0, 62, 1, 0, 232, 1, 0, 71, 2, 207]
1542790588891;[171, 0, 17, 255, 161, 74, 235, 14, 211, 1, 0, 38, 1, 0, 253, 1, 0, 34, 2, 151]
1542790588893;[171, 0, 17, 255, 161, 74, 235, 14, 211, 1, 0, 51, 1, 0, 245, 1, 0, 12, 2, 155]
1542790589044;[171, 0, 17, 255, 161, 74, 235, 14, 211, 1, 0, 44, 1, 0, 234, 1, 0, 7, 2, 187]
1542790589048;[171, 0, 17, 255, 161, 74, 235, 14, 211, 1, 0, 38, 1, 0, 242, 1, 0, 1, 2, 208]
1542790589052;[171, 0, 17, 255, 161, 74, 235, 14, 211, 1, 0, 33, 1, 0, 245, 0, 0, 0, 2, 231]
1542790589216;[171, 0, 17, 255, 161, 74, 235, 14, 211, 1, 0, 46, 1, 0, 248, 1, 0, 9, 2, 246]
1542790589735;[171, 0, 17, 255, 161, 74, 235, 14, 211, 1, 0, 31, 1, 0, 241, 1, 0, 5, 3, 10]
1542790589738;[171, 0, 4, 255, 132, 128, 105]
1542790589764;[171, 0, 17, 255, 161, 74, 235, 14, 211, 1, 0, 14, 1, 0, 254, 1, 0, 9, 3, 61]
1542790589766;[171, 0, 17, 255, 161, 74, 235, 14, 212, 0, 0, 6, 1, 0, 237, 1, 0, 1, 3, 121]
1542790589905;[171, 0, 17, 255, 161, 74, 235, 14, 212, 0, 0, 15, 1, 0, 243, 1, 0, 9, 3, 182]
1542790589908;[171, 0, 17, 255, 161, 74, 235, 14, 212, 1, 0, 7, 1, 1, 27, 1, 0, 4, 3, 237]
1542790589911;[171, 0, 17, 255, 161, 74, 235, 14, 212, 0, 0, 28, 1, 1, 31, 1, 0, 46, 4, 47]
1542790590078;[171, 0, 17, 255, 161, 74, 235, 14, 212, 0, 0, 130, 1, 0, 92, 1, 0, 60, 4, 135]
1542790590082;[171, 0, 17, 255, 161, 74, 235, 14, 212, 0, 0, 24, 1, 0, 193, 1, 0, 28, 4, 211]
1542790590251;[171, 0, 17, 255, 161, 74, 235, 14, 212, 0, 0, 54, 1, 1, 52, 0, 0, 245, 5, 51]
1542790590254;[171, 0, 17, 255, 161, 74, 235, 14, 212, 0, 0, 143, 1, 0, 174, 0, 0, 52, 5, 143]
1542790590424;[171, 0, 17, 255, 161, 74, 235, 14, 212, 0, 0, 35, 1, 0, 246, 1, 0, 34, 5, 53]
1542790590596;[171, 0, 4, 255, 132, 128, 105]
1542790590623;[171, 0, 17, 255, 161, 74, 235, 14, 212, 0, 0, 9, 1, 0, 250, 1, 0, 31, 5, 18]
1542790591116;[171, 0, 17, 255, 161, 74, 235, 14, 213, 0, 0, 8, 1, 0, 247, 1, 0, 26, 4, 213]
1542790591120;[171, 0, 17, 255, 161, 74, 235, 14, 213, 1, 0, 5, 1, 0, 239, 1, 0, 24, 4, 56]
1542790591124;[171, 0, 17, 255, 161, 74, 235, 14, 213, 1, 0, 7, 1, 0, 243, 1, 0, 39, 3, 160]
1542790591129;[171, 0, 17, 255, 161, 74, 235, 14, 213, 0, 0, 2, 1, 0, 244, 1, 0, 39, 3, 181]
1542790591287;[171, 0, 17, 255, 161, 74, 235, 14, 213, 1, 0, 3, 1, 0, 240, 1, 0, 40, 3, 243]
1542790591291;[171, 0, 17, 255, 161, 74, 235, 14, 213, 1, 0, 12, 1, 0, 239, 1, 0, 47, 3, 254]
1542790591295;[171, 0, 17, 255, 161, 74, 235, 14, 213, 1, 0, 11, 1, 0, 240, 1, 0, 45, 4, 5]
1542790591458;[171, 0, 17, 255, 161, 74, 235, 14, 213, 0, 0, 0, 1, 0, 243, 1, 0, 30, 4, 8]
1542790591462;[171, 0, 17, 255, 161, 74, 235, 14, 213, 1, 0, 28, 1, 0, 239, 1, 0, 25, 4, 91]
1542790591630;[171, 0, 4, 255, 132, 128, 105]
1542790591803;[171, 0, 17, 255, 161, 74, 235, 14, 213, 1, 0, 14, 1, 0, 241, 1, 0, 23, 4, 189]
1542790591977;[171, 0, 17, 255, 161, 74, 235, 14, 214, 1, 0, 16, 1, 0, 245, 1, 0, 26, 4, 207]
1542790591981;[171, 0, 17, 255, 161, 74, 235, 14, 214, 1, 0, 3, 1, 0, 248, 1, 0, 30, 5, 10]
1542790591985;[171, 0, 17, 255, 161, 74, 235, 14, 214, 1, 0, 4, 1, 0, 241, 1, 0, 22, 5, 74]
1542790592322;[171, 0, 17, 255, 161, 74, 235, 14, 214, 1, 0, 32, 1, 0, 236, 1, 0, 24, 5, 115]
1542790592326;[171, 0, 17, 255, 161, 74, 235, 14, 214, 1, 0, 13, 1, 0, 242, 1, 0, 30, 5, 161]
1542790592333;[171, 0, 17, 255, 161, 74, 235, 14, 214, 1, 0, 9, 1, 0, 244, 1, 0, 41, 6, 7]
1542790592494;[171, 0, 17, 255, 161, 74, 235, 14, 214, 1, 0, 12, 1, 0, 245, 1, 0, 25, 6, 84]
1542790592498;[171, 0, 17, 255, 161, 74, 235, 14, 214, 1, 0, 15, 1, 0, 244, 1, 0, 12, 6, 141]
1542790592666;[171, 0, 17, 255, 161, 74, 235, 14, 216, 1, 0, 81, 1, 0, 232, 0, 0, 51, 16, 172]
1542790593011;[171, 0, 17, 255, 161, 74, 235, 14, 217, 1, 0, 56, 1, 1, 10, 1, 0, 1, 7, 124]
1542790593015;[171, 0, 17, 255, 161, 74, 235, 14, 217, 1, 0, 128, 1, 0, 238, 0, 0, 17, 7, 49]
1542790593183;[171, 0, 17, 255, 161, 74, 235, 14, 217, 1, 0, 59, 1, 0, 250, 0, 0, 39, 6, 228]
1542790593187;[171, 0, 17, 255, 161, 74, 235, 14, 217, 1, 0, 127, 1, 0, 90, 0, 0, 2, 6, 194]
1542790593530;[171, 0, 17, 255, 161, 74, 235, 14, 217, 0, 0, 170, 1, 0, 219, 1, 0, 23, 6, 194]
1542790593534;[171, 0, 17, 255, 161, 74, 235, 14, 217, 0, 0, 54, 1, 0, 233, 1, 0, 12, 7, 178]
1542790593538;[171, 0, 17, 255, 161, 74, 235, 14, 217, 1, 0, 19, 1, 0, 233, 1, 0, 61, 6, 196]
1542790593877;[171, 0, 17, 255, 161, 74, 235, 14, 217, 0, 0, 40, 1, 0, 236, 1, 0, 32, 6, 41]
1542790593881;[171, 0, 17, 255, 161, 74, 235, 14, 217, 0, 0, 60, 1, 0, 194, 1, 0, 48, 5, 151]
1542790593885;[171, 0, 4, 255, 132, 128, 103]
1542790593911;[171, 0, 17, 255, 161, 74, 235, 14, 217, 0, 0, 44, 1, 0, 241, 1, 0, 45, 5, 49]
1542790594045;[171, 0, 17, 255, 161, 74, 235, 14, 218, 1, 0, 47, 1, 1, 36, 0, 0, 13, 4, 206]
1542790594049;[171, 0, 17, 255, 161, 74, 235, 14, 218, 0, 0, 58, 1, 1, 13, 1, 0, 54, 4, 126]
1542790594218;[171, 0, 17, 255, 161, 74, 235, 14, 218, 0, 0, 55, 1, 0, 47, 1, 0, 48, 4, 188]
1542790594392;[171, 0, 17, 255, 161, 74, 235, 14, 218, 1, 0, 63, 1, 1, 210, 1, 0, 15, 4, 222]
1542790594396;[171, 0, 17, 255, 161, 74, 235, 14, 218, 0, 0, 43, 1, 1, 201, 1, 0, 96, 4, 163]
1542790594585;[171, 0, 17, 255, 161, 74, 235, 14, 218, 0, 0, 86, 1, 0, 208, 1, 0, 16, 4, 202]
1542790594590;[171, 0, 17, 255, 161, 74, 235, 14, 218, 1, 5, 4, 1, 3, 33, 0, 0, 79, 4, 21]
1542790594910;[171, 0, 17, 255, 161, 74, 235, 14, 218, 0, 1, 15, 1, 0, 145, 0, 0, 44, 4, 118]
1542790594914;[171, 0, 17, 255, 161, 74, 235, 14, 218, 1, 0, 85, 1, 0, 253, 1, 0, 71, 4, 164]
1542790594918;[171, 0, 4, 255, 132, 128, 103]
1542790595081;[171, 0, 17, 255, 161, 74, 235, 14, 218, 1, 0, 101, 1, 0, 223, 1, 0, 89, 4, 167]
1542790595085;[171, 0, 17, 255, 161, 74, 235, 14, 219, 1, 0, 57, 1, 0, 250, 1, 0, 68, 4, 152]
1542790595254;[171, 0, 17, 255, 161, 74, 235, 14, 219, 0, 0, 1, 1, 1, 39, 1, 0, 36, 5, 223]
1542790595258;[171, 0, 17, 255, 161, 74, 235, 14, 219, 0, 0, 143, 1, 0, 240, 1, 0, 42, 5, 11]
1542790595425;[171, 0, 17, 255, 161, 74, 235, 14, 219, 1, 0, 19, 1, 0, 30, 0, 0, 52, 4, 151]
1542790595598;[171, 0, 17, 255, 161, 74, 235, 14, 219, 0, 0, 22, 1, 0, 161, 0, 0, 1, 4, 128]
1542790595602;[171, 0, 17, 255, 161, 74, 235, 14, 219, 0, 0, 115, 1, 2, 58, 1, 0, 161, 4, 81]
1542790595770;[171, 0, 17, 255, 161, 74, 235, 14, 219, 0, 0, 95, 1, 1, 110, 1, 0, 27, 4, 77]
1542790596118;[171, 0, 17, 255, 161, 74, 235, 14, 219, 0, 0, 85, 1, 1, 42, 1, 0, 113, 4, 10]
1542790596122;[171, 0, 17, 255, 161, 74, 235, 14, 219, 0, 0, 47, 1, 1, 5, 1, 0, 23, 3, 209]
1542790596126;[171, 0, 4, 255, 132, 128, 103]
1542790596152;[171, 0, 17, 255, 161, 74, 235, 14, 219, 0, 0, 36, 1, 0, 228, 0, 0, 3, 3, 170]
1542790596290;[171, 0, 17, 255, 161, 74, 235, 14, 220, 1, 0, 69, 1, 1, 80, 0, 0, 49, 3, 207]
1542790596294;[171, 0, 17, 255, 161, 74, 235, 14, 220, 0, 0, 232, 1, 0, 207, 1, 0, 5, 3, 193]
1542790596460;[171, 0, 17, 255, 161, 74, 235, 14, 220, 0, 0, 15, 1, 0, 50, 0, 0, 23, 3, 246]
1542790596464;[171, 0, 17, 255, 161, 74, 235, 14, 220, 0, 0, 116, 1, 1, 193, 0, 0, 57, 4, 7]
1542790596634;[171, 0, 17, 255, 161, 74, 235, 14, 220, 0, 0, 90, 1, 0, 154, 1, 0, 31, 3, 197]
1542790596981;[171, 0, 17, 255, 161, 74, 235, 14, 220, 1, 0, 19, 1, 0, 231, 0, 0, 197, 3, 255]
1542790596985;[171, 0, 17, 255, 161, 74, 235, 14, 220, 1, 0, 109, 1, 1, 137, 0, 0, 39, 3, 219]
1542790596989;[171, 0, 17, 255, 161, 74, 235, 14, 220, 1, 0, 38, 1, 0, 243, 0, 0, 44, 3, 152]
1542790596993;[171, 0, 17, 255, 161, 74, 235, 14, 220, 1, 0, 67, 1, 0, 242, 0, 0, 7, 3, 103]
1542790597150;[171, 0, 4, 255, 132, 128, 103]
1542790597176;[171, 0, 17, 255, 161, 74, 235, 14, 220, 1, 0, 53, 1, 0, 240, 1, 0, 1, 3, 39]
1542790597497;[171, 0, 17, 255, 161, 74, 235, 14, 221, 1, 0, 53, 1, 0, 241, 0, 0, 5, 3, 2]
1542790597501;[171, 0, 17, 255, 161, 74, 235, 14, 221, 1, 0, 49, 1, 0, 242, 0, 0, 2, 2, 247]
1542790597505;[171, 0, 17, 255, 161, 74, 235, 14, 221, 1, 0, 52, 1, 0, 237, 1, 0, 4, 2, 218]
1542790597669;[171, 0, 17, 255, 161, 74, 235, 14, 221, 1, 0, 33, 1, 0, 243, 0, 0, 6, 2, 208]
1542790598016;[171, 0, 17, 255, 161, 74, 235, 14, 221, 1, 0, 27, 1, 0, 243, 0, 0, 9, 2, 195]
1542790598020;[171, 0, 17, 255, 161, 74, 235, 14, 221, 1, 0, 41, 1, 0, 243, 0, 0, 6, 2, 190]
1542790598024;[171, 0, 17, 255, 161, 74, 235, 14, 221, 1, 0, 44, 1, 0, 242, 0, 0, 7, 2, 221]
1542790598028;[171, 0, 17, 255, 161, 74, 235, 14, 221, 1, 0, 61, 1, 0, 239, 1, 0, 3, 2, 236]
1542790598186;[171, 0, 17, 255, 161, 74, 235, 14, 221, 1, 0, 68, 1, 0, 237, 1, 0, 2, 2, 203]
1542790598190;[171, 0, 4, 255, 132, 128, 100]
1542790598704;[171, 0, 17, 255, 161, 74, 235, 14, 221, 1, 0, 78, 1, 0, 234, 1, 0, 7, 2, 161]
1542790598708;[171, 0, 17, 255, 161, 74, 235, 14, 222, 1, 0, 76, 1, 0, 235, 1, 0, 6, 2, 102]
1542790598712;[171, 0, 17, 255, 161, 74, 235, 14, 222, 1, 0, 71, 1, 0, 236, 1, 0, 2, 2, 46]
1542790599050;[171, 0, 17, 255, 161, 74, 235, 14, 222, 1, 0, 59, 1, 0, 242, 1, 0, 2, 2, 16]
1542790599055;[171, 0, 17, 255, 161, 74, 235, 14, 222, 1, 0, 22, 1, 0, 245, 0, 0, 16, 1, 234]
1542790599059;[171, 0, 17, 255, 161, 74, 235, 14, 222, 1, 0, 230, 1, 0, 198, 1, 0, 15, 1, 243]
1542790599063;[171, 0, 17, 255, 161, 74, 235, 14, 222, 1, 0, 44, 1, 0, 235, 1, 0, 9, 1, 194]
1542790599222;[171, 0, 17, 255, 161, 74, 235, 14, 222, 1, 0, 63, 1, 0, 240, 0, 0, 1, 1, 139]
1542790599226;[171, 0, 17, 255, 161, 74, 235, 14, 222, 1, 0, 24, 1, 0, 245, 0, 0, 7, 1, 135]
1542790599230;[171, 0, 17, 255, 161, 74, 235, 14, 222, 1, 0, 37, 1, 0, 243, 0, 0, 3, 1, 118]
1542790599393;[171, 0, 4, 255, 132, 128, 97]
1542790599420;[171, 0, 17, 255, 161, 74, 235, 14, 222, 1, 0, 27, 1, 0, 242, 0, 0, 5, 1, 101]
1542790599568;[171, 0, 17, 255, 161, 74, 235, 14, 223, 1, 0, 19, 1, 0, 234, 0, 0, 7, 1, 82]
1542790599594;[171, 0, 17, 255, 161, 74, 235, 14, 223, 1, 0, 18, 1, 0, 249, 0, 0, 2, 1, 87]
1542790600086;[171, 0, 17, 255, 161, 74, 235, 14, 223, 1, 0, 17, 1, 0, 245, 0, 0, 2, 1, 101]
1542790600090;[171, 0, 17, 255, 161, 74, 235, 14, 223, 1, 0, 20, 1, 0, 245, 0, 0, 3, 1, 123]
1542790600095;[171, 0, 17, 255, 161, 74, 235, 14, 223, 1, 0, 20, 1, 0, 245, 0, 0, 2, 1, 121]
1542790600100;[171, 0, 17, 255, 161, 74, 235, 14, 223, 1, 0, 13, 1, 0, 247, 0, 0, 9, 1, 100]
1542790600256;[171, 0, 17, 255, 161, 74, 235, 14, 223, 1, 0, 28, 1, 0, 240, 0, 0, 11, 1, 75]
1542790600260;[171, 0, 17, 255, 161, 74, 235, 14, 223, 1, 0, 12, 1, 0, 240, 0, 0, 18, 1, 49]
1542790600264;[171, 0, 17, 255, 161, 74, 235, 14, 223, 1, 0, 25, 1, 0, 243, 0, 0, 18, 1, 53]
1542790600428;[171, 0, 4, 255, 132, 128, 95]
1542790600601;[171, 0, 17, 255, 161, 74, 235, 14, 223, 1, 0, 18, 1, 0, 244, 0, 0, 22, 1, 58]
1542790600605;[171, 0, 17, 255, 161, 74, 235, 14, 224, 1, 0, 15, 1, 0, 246, 0, 0, 12, 1, 48]
1542790600774;[171, 0, 17, 255, 161, 74, 235, 14, 224, 1, 0, 14, 1, 0, 245, 0, 0, 12, 1, 58]
1542790600778;[171, 0, 17, 255, 161, 74, 235, 14, 224, 1, 0, 16, 1, 0, 247, 0, 0, 10, 1, 59]
1542790600946;[171, 0, 17, 255, 161, 74, 235, 14, 224, 1, 0, 18, 1, 0, 245, 0, 0, 12, 1, 100]
1542790600950;[171, 0, 17, 255, 161, 74, 235, 14, 224, 1, 0, 13, 1, 0, 246, 0, 0, 15, 1, 122]
1542790601292;[171, 0, 17, 255, 161, 74, 235, 14, 224, 1, 0, 17, 1, 0, 243, 0, 0, 20, 1, 147]
1542790601296;[171, 0, 17, 255, 161, 74, 235, 14, 224, 1, 0, 15, 1, 0, 248, 0, 0, 21, 1, 177]
1542790601299;[171, 0, 17, 255, 161, 74, 235, 14, 224, 1, 0, 15, 1, 0, 245, 0, 0, 16, 1, 203]
1542790601463;[171, 0, 17, 255, 161, 74, 235, 14, 224, 1, 0, 12, 1, 0, 247, 0, 0, 22, 2, 7]
1542790601467;[171, 0, 4, 255, 132, 128, 93]
1542790601636;[171, 0, 17, 255, 161, 74, 235, 14, 224, 1, 0, 12, 1, 0, 243, 0, 0, 10, 2, 105]
1542790601808;[171, 0, 17, 255, 161, 74, 235, 14, 225, 1, 0, 10, 1, 0, 245, 0, 0, 7, 2, 176]
1542790601812;[171, 0, 17, 255, 161, 74, 235, 14, 225, 1, 0, 14, 1, 0, 245, 0, 0, 7, 2, 229]
1542790602152;[171, 0, 17, 255, 161, 74, 235, 14, 225, 1, 0, 10, 1, 0, 245, 0, 0, 2, 3, 18]
1542790602499;[171, 0, 17, 255, 161, 74, 235, 14, 225, 1, 0, 5, 1, 0, 245, 0, 0, 5, 3, 68]
1542790602504;[171, 0, 17, 255, 161, 74, 235, 14, 225, 1, 0, 14, 1, 0, 244, 0, 0, 4, 3, 151]
1542790602508;[171, 0, 17, 255, 161, 74, 235, 14, 225, 1, 0, 10, 1, 0, 245, 0, 0, 2, 3, 247]
1542790602511;[171, 0, 17, 255, 161, 74, 235, 14, 225, 1, 0, 15, 1, 0, 245, 1, 0, 2, 4, 46]
1542790602672;[171, 0, 17, 255, 161, 74, 235, 14, 225, 1, 0, 11, 1, 0, 244, 1, 0, 6, 4, 100]
1542790602675;[171, 0, 17, 255, 161, 74, 235, 14, 225, 1, 0, 11, 1, 0, 244, 1, 0, 2, 4, 153]
1542790602680;[171, 0, 4, 255, 132, 128, 91]
1542790602706;[171, 0, 17, 255, 161, 74, 235, 14, 225, 1, 0, 13, 1, 0, 243, 1, 0, 10, 4, 217]
1542790602846;[171, 0, 17, 255, 161, 74, 235, 14, 226, 1, 0, 9, 1, 0, 245, 1, 0, 18, 5, 75]
1542790602849;[171, 0, 17, 255, 161, 74, 235, 14, 226, 1, 0, 9, 1, 0, 242, 1, 0, 26, 5, 161]
1542790603016;[171, 0, 17, 255, 161, 74, 235, 14, 226, 1, 0, 13, 1, 0, 242, 1, 0, 31, 5, 197]
1542790603363;[171, 0, 17, 255, 161, 74, 235, 14, 226, 1, 0, 16, 1, 0, 241, 1, 0, 33, 5, 187]
1542790603367;[171, 0, 17, 255, 161, 74, 235, 14, 226, 1, 0, 34, 1, 0, 247, 1, 0, 34, 5, 152]
1542790603370;[171, 0, 17, 255, 161, 74, 235, 14, 226, 1, 0, 22, 1, 0, 248, 1, 0, 26, 5, 160]
1542790603534;[171, 0, 17, 255, 161, 74, 235, 14, 226, 1, 0, 39, 1, 0, 241, 1, 0, 16, 5, 199]
1542790603541;[171, 0, 17, 255, 161, 74, 235, 14, 226, 1, 0, 40, 1, 0, 244, 1, 0, 7, 5, 233]
1542790603880;[171, 0, 17, 255, 161, 74, 235, 14, 226, 1, 0, 49, 1, 0, 238, 1, 0, 9, 6, 6]
1542790603883;[171, 0, 4, 255, 132, 128, 91]
1542790603910;[171, 0, 17, 255, 161, 74, 235, 14, 226, 1, 0, 47, 1, 0, 250, 1, 0, 19, 6, 0]
1542790603912;[171, 0, 17, 255, 161, 74, 235, 14, 227, 1, 0, 104, 1, 0, 231, 1, 0, 10, 5, 236]
1542790604051;[171, 0, 17, 255, 161, 74, 235, 14, 227, 1, 0, 62, 1, 0, 241, 1, 0, 4, 6, 59]
1542790604055;[171, 0, 17, 255, 161, 74, 235, 14, 227, 1, 0, 161, 1, 0, 192, 1, 0, 27, 6, 134]
1542790604223;[171, 0, 17, 255, 161, 74, 235, 14, 227, 0, 0, 48, 1, 1, 93, 1, 0, 8, 6, 90]
1542790604570;[171, 0, 17, 255, 161, 74, 235, 14, 227, 0, 0, 47, 1, 1, 42, 1, 0, 29, 6, 6]
1542790604576;[171, 0, 17, 255, 161, 74, 235, 14, 227, 1, 0, 191, 1, 1, 190, 1, 0, 65, 6, 101]
1542790604598;[171, 0, 17, 255, 161, 74, 235, 14, 227, 1, 0, 27, 1, 0, 247, 1, 0, 13, 6, 166]
1542790604600;[171, 0, 17, 255, 161, 74, 235, 14, 227, 0, 0, 229, 1, 0, 54, 1, 0, 45, 7, 43]
1542790604740;[171, 0, 17, 255, 161, 74, 235, 14, 227, 1, 7, 101, 1, 1, 87, 0, 2, 236, 7, 161]
1542790605088;[171, 0, 4, 255, 132, 128, 91]
1542790605115;[171, 0, 17, 255, 161, 74, 235, 14, 227, 0, 0, 62, 1, 1, 50, 0, 0, 3, 7, 59]
1542790605117;[171, 0, 17, 255, 161, 74, 235, 14, 228, 0, 0, 111, 1, 1, 37, 0, 0, 33, 6, 229]
1542790605119;[171, 0, 17, 255, 161, 74, 235, 14, 228, 0, 0, 123, 1, 1, 114, 1, 0, 43, 6, 135]
1542790605432;[171, 0, 17, 255, 161, 74, 235, 14, 228, 1, 1, 40, 1, 0, 28, 1, 0, 115, 5, 148]
1542790605605;[171, 0, 17, 255, 161, 74, 235, 14, 228, 1, 0, 24, 1, 2, 238, 0, 4, 104, 5, 157]
1542790605609;[171, 0, 17, 255, 161, 74, 235, 14, 228, 0, 1, 30, 1, 0, 171, 1, 0, 55, 6, 24]
1542790605613;[171, 0, 17, 255, 161, 74, 235, 14, 228, 0, 0, 120, 1, 1, 77, 1, 0, 33, 6, 125]
1542790605617;[171, 0, 17, 255, 161, 74, 235, 14, 228, 1, 0, 142, 1, 0, 63, 1, 0, 33, 6, 78]
1542790605776;[171, 0, 17, 255, 161, 74, 235, 14, 228, 1, 0, 36, 1, 0, 25, 0, 0, 39, 6, 64]
1542790605780;[171, 0, 17, 255, 161, 74, 235, 14, 228, 0, 0, 112, 1, 0, 59, 0, 0, 122, 6, 26]
1542790605948;[171, 0, 4, 255, 132, 128, 94]
1542790605974;[171, 0, 17, 255, 161, 74, 235, 14, 228, 1, 1, 129, 1, 2, 66, 0, 0, 63, 6, 21]
1542790606119;[171, 0, 17, 255, 161, 74, 235, 14, 229, 0, 0, 83, 1, 1, 48, 1, 0, 31, 6, 141]
1542790606467;[171, 0, 17, 255, 161, 74, 235, 14, 229, 1, 0, 69, 1, 0, 221, 1, 0, 74, 6, 136]
1542790606471;[171, 0, 17, 255, 161, 74, 235, 14, 229, 1, 1, 73, 0, 1, 45, 1, 0, 141, 6, 75]
1542790606475;[171, 0, 17, 255, 161, 74, 235, 14, 229, 0, 2, 92, 1, 5, 241, 0, 1, 166, 6, 216]
1542790606479;[171, 0, 17, 255, 161, 74, 235, 14, 229, 0, 0, 123, 1, 1, 72, 0, 0, 105, 6, 69]
1542790606638;[171, 0, 17, 255, 161, 74, 235, 14, 229, 0, 0, 50, 1, 0, 66, 1, 0, 223, 6, 124]
1542790606812;[171, 0, 17, 255, 161, 74, 235, 14, 229, 1, 0, 58, 0, 0, 9, 0, 0, 107, 6, 40]
1542790606816;[171, 0, 17, 255, 161, 74, 235, 14, 229, 0, 1, 1, 1, 1, 209, 0, 0, 46, 5, 145]
1542790607158;[171, 0, 17, 255, 161, 74, 235, 14, 229, 1, 0, 93, 1, 1, 237, 0, 0, 101, 5, 90]
1542790607162;[171, 0, 4, 255, 132, 128, 97]
1542790607190;[171, 0, 17, 255, 161, 74, 235, 14, 229, 1, 0, 3, 1, 0, 51, 1, 0, 67, 5, 213]
1542790607192;[171, 0, 17, 255, 161, 74, 235, 14, 230, 0, 0, 125, 1, 0, 111, 1, 0, 90, 5, 189]
1542790607325;[171, 0, 17, 255, 161, 74, 235, 14, 230, 0, 4, 2, 1, 0, 198, 0, 0, 117, 5, 188]
1542790607848;[171, 0, 17, 255, 161, 74, 235, 14, 230, 0, 0, 101, 1, 0, 187, 1, 0, 50, 5, 129]
1542790607852;[171, 0, 17, 255, 161, 74, 235, 14, 230, 1, 0, 8, 1, 0, 164, 1, 0, 31, 5, 189]
1542790607857;[171, 0, 17, 255, 161, 74, 235, 14, 230, 0, 0, 65, 1, 0, 227, 1, 0, 15, 5, 155]
1542790607860;[171, 0, 17, 255, 161, 74, 235, 14, 230, 0, 0, 5, 1, 1, 54, 1, 0, 53, 5, 116]
1542790608019;[171, 0, 17, 255, 161, 74, 235, 14, 230, 1, 0, 6, 1, 0, 207, 1, 0, 21, 5, 217]
1542790608023;[171, 0, 17, 255, 161, 74, 235, 14, 230, 0, 0, 44, 1, 0, 223, 1, 0, 16, 5, 250]
1542790608027;[171, 0, 17, 255, 161, 74, 235, 14, 230, 0, 0, 41, 1, 0, 236, 1, 0, 15, 5, 189]
1542790608364;[171, 0, 4, 255, 132, 128, 98]
1542790608391;[171, 0, 17, 255, 161, 74, 235, 14, 230, 1, 0, 39, 1, 1, 3, 1, 0, 48, 5, 134]
1542790608392;[171, 0, 17, 255, 161, 74, 235, 14, 231, 1, 0, 21, 1, 1, 10, 1, 0, 42, 5, 115]
1542790608394;[171, 0, 17, 255, 161, 74, 235, 14, 231, 0, 0, 89, 1, 0, 170, 1, 0, 12, 5, 157]
1542790608895;[171, 0, 17, 255, 161, 74, 235, 14, 231, 0, 0, 6, 1, 1, 28, 1, 0, 49, 5, 153]
1542790608897;[171, 0, 17, 255, 161, 74, 235, 14, 231, 0, 0, 114, 1, 1, 20, 1, 0, 60, 5, 175]
1542790608898;[171, 0, 17, 255, 161, 74, 235, 14, 231, 0, 0, 66, 1, 0, 165, 1, 0, 68, 5, 184]
1542790608900;[171, 0, 17, 255, 161, 74, 235, 14, 231, 0, 1, 137, 1, 1, 224, 0, 0, 12, 5, 178]
1542790609054;[171, 0, 17, 255, 161, 74, 235, 14, 231, 0, 0, 76, 1, 0, 210, 1, 0, 34, 5, 135]
1542790609058;[171, 0, 17, 255, 161, 74, 235, 14, 231, 0, 0, 40, 1, 0, 250, 1, 0, 59, 5, 93]
1542790609062;[171, 0, 17, 255, 161, 74, 235, 14, 231, 0, 0, 59, 1, 0, 234, 1, 0, 52, 5, 28]
1542790609571;[171, 0, 4, 255, 132, 128, 98]
1542790609598;[171, 0, 17, 255, 161, 74, 235, 14, 231, 0, 0, 68, 1, 0, 240, 1, 0, 32, 4, 179]
1542790609600;[171, 0, 17, 255, 161, 74, 235, 14, 232, 0, 0, 60, 1, 0, 222, 1, 0, 65, 4, 38]
1542790609605;[171, 0, 17, 255, 161, 74, 235, 14, 232, 0, 0, 59, 1, 0, 232, 1, 0, 62, 3, 156]
1542790609744;[171, 0, 17, 255, 161, 74, 235, 14, 232, 0, 0, 48, 1, 0, 225, 1, 0, 67, 3, 62]
1542790609748;[171, 0, 17, 255, 161, 74, 235, 14, 232, 0, 0, 57, 1, 0, 228, 1, 0, 48, 2, 227]
1542790609753;[171, 0, 17, 255, 161, 74, 235, 14, 232, 0, 0, 28, 1, 0, 240, 1, 0, 62, 2, 164]
1542790609918;[171, 0, 17, 255, 161, 74, 235, 14, 232, 0, 0, 0, 1, 0, 244, 1, 0, 35, 2, 132]
1542790610263;[171, 0, 17, 255, 161, 74, 235, 14, 232, 1, 0, 14, 1, 0, 234, 1, 0, 60, 2, 105]
1542790610267;[171, 0, 17, 255, 161, 74, 235, 14, 232, 1, 0, 11, 1, 0, 245, 1, 0, 53, 2, 74]
1542790610271;[171, 0, 17, 255, 161, 74, 235, 14, 232, 1, 0, 6, 1, 0, 232, 1, 0, 44, 2, 31]
1542790610274;[171, 0, 4, 255, 132, 128, 95]
1542790610434;[171, 0, 17, 255, 161, 74, 235, 14, 232, 1, 0, 24, 1, 0, 240, 1, 0, 40, 1, 230]
1542790610611;[171, 0, 17, 255, 161, 74, 235, 14, 233, 1, 0, 20, 1, 0, 239, 1, 0, 50, 1, 154]
1542790610612;[171, 0, 17, 255, 161, 74, 235, 14, 233, 1, 0, 17, 1, 0, 239, 1, 0, 49, 1, 67]
1542790610778;[171, 0, 17, 255, 161, 74, 235, 14, 233, 1, 0, 25, 1, 0, 234, 1, 0, 61, 0, 245]
1542790610782;[171, 0, 17, 255, 161, 74, 235, 14, 233, 1, 0, 47, 1, 0, 238, 1, 0, 38, 16, 199]
1542790611124;[171, 0, 17, 255, 161, 74, 235, 14, 233, 0, 0, 67, 1, 0, 216, 1, 0, 86, 7, 72]
1542790611128;[171, 0, 17, 255, 161, 74, 235, 14, 233, 1, 0, 66, 1, 0, 235, 1, 0, 85, 6, 97]
1542790611132;[171, 0, 17, 255, 161, 74, 235, 14, 233, 1, 0, 25, 1, 0, 233, 1, 0, 73, 5, 239]
1542790611472;[171, 0, 17, 255, 161, 74, 235, 14, 233, 1, 0, 27, 1, 0, 225, 1, 0, 67, 5, 239]
1542790611474;[171, 0, 17, 255, 161, 74, 235, 14, 233, 1, 0, 42, 1, 0, 233, 1, 0, 75, 5, 182]
1542790611478;[171, 0, 4, 255, 132, 128, 95]
1542790611505;[171, 0, 17, 255, 161, 74, 235, 14, 233, 1, 0, 48, 1, 0, 236, 1, 0, 42, 5, 156]
1542790611642;[171, 0, 17, 255, 161, 74, 235, 14, 234, 1, 0, 52, 1, 0, 235, 1, 0, 53, 5, 149]
1542790611815;[171, 0, 17, 255, 161, 74, 235, 14, 234, 1, 0, 65, 1, 0, 231, 1, 0, 51, 5, 164]
1542790611819;[171, 0, 17, 255, 161, 74, 235, 14, 234, 1, 0, 69, 1, 0, 212, 1, 0, 109, 5, 165]
1542790611985;[171, 0, 17, 255, 161, 74, 235, 14, 234, 1, 0, 98, 1, 0, 233, 1, 0, 102, 5, 159]
1542790611989;[171, 0, 17, 255, 161, 74, 235, 14, 234, 1, 0, 81, 1, 0, 201, 1, 0, 80, 5, 146]
1542790612160;[171, 0, 17, 255, 161, 74, 235, 14, 234, 1, 0, 89, 1, 0, 225, 1, 0, 71, 5, 140]
1542790612163;[171, 0, 17, 255, 161, 74, 235, 14, 234, 1, 0, 89, 1, 0, 218, 1, 0, 73, 5, 128]
1542790612330;[171, 0, 17, 255, 161, 74, 235, 14, 234, 1, 0, 88, 1, 0, 217, 1, 0, 74, 5, 113]
1542790612850;[171, 0, 17, 255, 161, 74, 235, 14, 234, 1, 0, 88, 1, 0, 218, 1, 0, 75, 5, 107]
1542790612854;[171, 0, 4, 255, 132, 128, 95]
1542790612881;[171, 0, 17, 255, 161, 74, 235, 14, 234, 1, 0, 85, 1, 0, 216, 1, 0, 73, 5, 105]
1542790612883;[171, 0, 17, 255, 161, 74, 235, 14, 235, 1, 0, 80, 1, 0, 216, 1, 0, 73, 5, 101]
1542790613022;[171, 0, 17, 255, 161, 74, 235, 14, 235, 1, 0, 85, 1, 0, 217, 1, 0, 75, 5, 89]
1542790613026;[171, 0, 17, 255, 161, 74, 235, 14, 235, 1, 0, 80, 1, 0, 220, 1, 0, 68, 5, 75]
1542790613030;[171, 0, 17, 255, 161, 74, 235, 14, 235, 1, 0, 83, 1, 0, 219, 1, 0, 65, 5, 30]
1542790613194;[171, 0, 17, 255, 161, 74, 235, 14, 235, 1, 0, 80, 1, 0, 222, 1, 0, 69, 4, 229]
1542790613199;[171, 0, 17, 255, 161, 74, 235, 14, 235, 1, 0, 80, 1, 0, 215, 1, 0, 103, 4, 172]
1542790613367;[171, 0, 17, 255, 161, 74, 235, 14, 235, 1, 0, 84, 1, 0, 227, 1, 0, 59, 4, 165]
1542790613371;[171, 0, 17, 255, 161, 74, 235, 14, 235, 1, 0, 81, 1, 0, 223, 1, 0, 64, 4, 161]
1542790613538;[171, 0, 17, 255, 161, 74, 235, 14, 235, 1, 0, 78, 1, 0, 222, 1, 0, 82, 4, 130]
1542790613714;[171, 0, 4, 255, 132, 128, 96]
1542790613717;[171, 0, 17, 255, 161, 74, 235, 14, 235, 1, 0, 79, 1, 0, 218, 1, 0, 68, 4, 132]
1542790614230;[171, 0, 17, 255, 161, 74, 235, 14, 236, 1, 0, 79, 1, 0, 220, 1, 0, 70, 4, 140]
1542790614234;[171, 0, 17, 255, 161, 74, 235, 14, 236, 1, 0, 83, 1, 0, 223, 1, 0, 70, 4, 160]
1542790614238;[171, 0, 17, 255, 161, 74, 235, 14, 236, 1, 0, 80, 1, 0, 220, 1, 0, 67, 4, 166]
1542790614242;[171, 0, 17, 255, 161, 74, 235, 14, 236, 1, 0, 83, 1, 0, 221, 1, 0, 66, 4, 174]
1542790614401;[171, 0, 17, 255, 161, 74, 235, 14, 236, 1, 0, 82, 1, 0, 224, 1, 0, 65, 4, 189]
1542790614405;[171, 0, 17, 255, 161, 74, 235, 14, 236, 1, 0, 75, 1, 0, 219, 1, 0, 70, 4, 202]
1542790614409;[171, 0, 17, 255, 161, 74, 235, 14, 236, 1, 0, 87, 1, 0, 218, 1, 0, 72, 4, 174]
1542790614573;[171, 0, 17, 255, 161, 74, 235, 14, 236, 1, 0, 70, 1, 0, 237, 1, 0, 92, 4, 87]
1542790614746;[171, 0, 17, 255, 161, 74, 235, 14, 238, 0, 0, 29, 1, 0, 236, 1, 0, 64, 8, 186]
1542790614917;[171, 0, 17, 255, 161, 74, 235, 14, 239, 0, 0, 32, 1, 0, 232, 1, 0, 57, 9, 124]
1542790615620;[171, 0, 17, 255, 161, 74, 235, 14, 239, 0, 0, 19, 1, 0, 240, 1, 0, 47, 9, 248]
1542790615622;[171, 0, 17, 255, 161, 74, 235, 14, 239, 0, 0, 28, 1, 0, 228, 1, 0, 72, 10, 107]
1542790615624;[171, 0, 17, 255, 161, 74, 235, 14, 239, 0, 0, 0, 1, 0, 223, 1, 0, 78, 10, 210]
1542790615626;[171, 0, 17, 255, 161, 74, 235, 14, 239, 0, 0, 12, 1, 0, 231, 1, 0, 78, 11, 30]
1542790615781;[171, 0, 17, 255, 161, 74, 235, 14, 239, 0, 0, 13, 1, 0, 234, 1, 0, 70, 11, 154]
1542790615956;[171, 0, 17, 255, 161, 74, 235, 14, 239, 0, 0, 20, 1, 0, 234, 1, 0, 64, 12, 68]
1542790615960;[171, 0, 17, 255, 161, 74, 235, 14, 239, 0, 0, 13, 1, 0, 235, 1, 0, 62, 12, 172]
1542790615965;[171, 0, 17, 255, 161, 74, 235, 14, 239, 0, 0, 9, 1, 0, 239, 1, 0, 62, 13, 13]
1542790615968;[171, 0, 4, 255, 132, 128, 98]
1542790616127;[171, 0, 17, 255, 161, 74, 235, 14, 239, 0, 0, 11, 1, 0, 232, 1, 0, 64, 13, 91]
1542790616131;[171, 0, 17, 255, 161, 74, 235, 14, 240, 0, 0, 3, 1, 0, 240, 1, 0, 61, 13, 146]
1542790616135;[171, 0, 17, 255, 161, 74, 235, 14, 240, 0, 0, 9, 1, 0, 233, 1, 0, 65, 13, 146]
1542790616301;[171, 0, 17, 255, 161, 74, 235, 14, 240, 0, 0, 0, 1, 0, 236, 1, 0, 57, 14, 29]
1542790616305;[171, 0, 17, 255, 161, 74, 235, 14, 240, 1, 0, 11, 1, 0, 237, 1, 0, 51, 14, 119]
1542790616646;[171, 0, 17, 255, 161, 74, 235, 14, 240, 1, 0, 13, 1, 0, 236, 1, 0, 65, 14, 190]
1542790616650;[171, 0, 17, 255, 161, 74, 235, 14, 240, 1, 0, 13, 1, 0, 237, 1, 0, 58, 14, 248]
1542790616653;[171, 0, 17, 255, 161, 74, 235, 14, 240, 1, 0, 12, 1, 0, 237, 1, 0, 58, 31, 77]
1542790616657;[171, 0, 17, 255, 161, 74, 235, 14, 240, 1, 0, 4, 1, 0, 237, 1, 0, 59, 8, 89]
1542790616816;[171, 0, 17, 255, 161, 74, 235, 14, 240, 1, 0, 1, 1, 0, 238, 1, 0, 55, 8, 178]
1542790616990;[171, 0, 4, 255, 132, 128, 100]
1542790617018;[171, 0, 17, 255, 161, 74, 235, 14, 240, 0, 0, 0, 1, 0, 236, 1, 0, 57, 8, 243]
1542790617161;[171, 0, 17, 255, 161, 74, 235, 14, 241, 0, 0, 2, 1, 0, 234, 1, 0, 57, 9, 46]
1542790617167;[171, 0, 17, 255, 161, 74, 235, 14, 241, 1, 0, 1, 1, 0, 239, 1, 0, 63, 9, 101]
1542790617332;[171, 0, 17, 255, 161, 74, 235, 14, 241, 1, 0, 4, 1, 0, 233, 1, 0, 61, 9, 211]
1542790617505;[171, 0, 17, 255, 161, 74, 235, 14, 241, 0, 0, 1, 1, 0, 234, 1, 0, 61, 10, 74]
1542790617509;[171, 0, 17, 255, 161, 74, 235, 14, 241, 1, 0, 3, 1, 0, 236, 1, 0, 59, 10, 152]
1542790617854;[171, 0, 17, 255, 161, 74, 235, 14, 241, 1, 0, 4, 1, 0, 236, 1, 0, 64, 10, 200]
1542790617858;[171, 0, 17, 255, 161, 74, 235, 14, 241, 1, 0, 6, 1, 0, 237, 1, 0, 65, 10, 255]
1542790617861;[171, 0, 17, 255, 161, 74, 235, 14, 241, 1, 0, 6, 1, 0, 236, 1, 0, 62, 11, 44]
1542790617865;[171, 0, 17, 255, 161, 74, 235, 14, 241, 1, 0, 6, 1, 0, 236, 1, 0, 59, 11, 152]
1542790618023;[171, 0, 4, 255, 132, 128, 100]
1542790618197;[171, 0, 17, 255, 161, 74, 235, 14, 241, 1, 0, 11, 1, 0, 235, 1, 0, 59, 11, 240]
1542790618200;[171, 0, 17, 255, 161, 74, 235, 14, 242, 1, 0, 6, 1, 0, 236, 1, 0, 59, 12, 33]
1542790618543;[171, 0, 17, 255, 161, 74, 235, 14, 242, 1, 0, 12, 1, 0, 235, 1, 0, 61, 12, 78]
1542790618547;[171, 0, 17, 255, 161, 74, 235, 14, 242, 1, 0, 21, 1, 0, 234, 1, 0, 53, 12, 130]
1542790618551;[171, 0, 17, 255, 161, 74, 235, 14, 242, 1, 0, 15, 1, 0, 240, 1, 0, 65, 12, 174]
1542790618555;[171, 0, 17, 255, 161, 74, 235, 14, 242, 1, 0, 27, 1, 0, 234, 1, 0, 71, 13, 20]
1542790618714;[171, 0, 17, 255, 161, 74, 235, 14, 242, 1, 0, 23, 1, 0, 231, 1, 0, 54, 13, 20]
1542790619232;[171, 0, 17, 255, 161, 74, 235, 14, 242, 1, 0, 22, 1, 0, 232, 1, 0, 71, 13, 41]
1542790619236;[171, 0, 17, 255, 161, 74, 235, 14, 242, 1, 0, 70, 1, 0, 233, 1, 0, 73, 13, 23]
1542790619240;[171, 0, 17, 255, 161, 74, 235, 14, 242, 1, 0, 87, 1, 0, 249, 1, 0, 65, 12, 52]
1542790619243;[171, 0, 4, 255, 132, 128, 100]
1542790619404;[171, 0, 17, 255, 161, 74, 235, 14, 242, 1, 0, 75, 1, 0, 215, 1, 0, 60, 11, 104]
1542790619408;[171, 0, 17, 255, 161, 74, 235, 14, 243, 1, 0, 63, 1, 0, 232, 1, 0, 53, 11, 9]
1542790619577;[171, 0, 17, 255, 161, 74, 235, 14, 243, 1, 0, 45, 1, 0, 223, 1, 0, 61, 10, 213]
1542790619581;[171, 0, 17, 255, 161, 74, 235, 14, 243, 1, 0, 39, 1, 0, 235, 1, 0, 61, 10, 193]
1542790619585;[171, 0, 17, 255, 161, 74, 235, 14, 243, 1, 0, 44, 1, 0, 238, 1, 0, 63, 10, 207]
1542790619748;[171, 0, 17, 255, 161, 74, 235, 14, 243, 1, 0, 45, 1, 0, 235, 1, 0, 49, 10, 211]
1542790620000;[171, 0, 17, 255, 161, 74, 235, 14, 243, 1, 0, 36, 1, 0, 236, 1, 0, 44, 10, 226]
1542790620001;[171, 0, 17, 255, 161, 74, 235, 14, 243, 1, 0, 42, 1, 0, 235, 1, 0, 56, 11, 24]
1542790620093;[171, 0, 17, 255, 161, 74, 235, 14, 243, 1, 0, 46, 1, 0, 226, 1, 0, 63, 11, 52]
1542790620097;[171, 0, 17, 255, 161, 74, 235, 14, 243, 1, 0, 55, 1, 0, 229, 1, 0, 61, 11, 58]
1542790620623;[171, 0, 4, 255, 132, 128, 101]
1542790620786;[171, 0, 17, 255, 161, 74, 235, 14, 243, 1, 0, 57, 1, 0, 227, 1, 0, 50, 11, 30]
1542790620790;[171, 0, 17, 255, 161, 74, 235, 14, 244, 1, 0, 62, 1, 0, 227, 1, 0, 54, 10, 216]
1542790620794;[171, 0, 17, 255, 161, 74, 235, 14, 244, 1, 0, 75, 1, 0, 230, 1, 0, 52, 10, 136]
1542790620799;[171, 0, 17, 255, 161, 74, 235, 14, 244, 1, 0, 68, 1, 0, 227, 1, 0, 60, 10, 57]
1542790620958;[171, 0, 17, 255, 161, 74, 235, 14, 244, 1, 0, 69, 1, 0, 228, 1, 0, 67, 9, 241]
1542790620962;[171, 0, 17, 255, 161, 74, 235, 14, 244, 1, 0, 62, 1, 0, 229, 1, 0, 63, 9, 221]
1542790620966;[171, 0, 17, 255, 161, 74, 235, 14, 244, 1, 0, 59, 1, 0, 232, 1, 0, 55, 9, 206]
1542790620970;[171, 0, 17, 255, 161, 74, 235, 14, 244, 1, 0, 49, 1, 0, 240, 1, 0, 35, 9, 187]
1542790621128;[171, 0, 17, 255, 161, 74, 235, 14, 244, 1, 0, 41, 1, 0, 237, 1, 0, 62, 9, 199]
1542790621474;[171, 0, 17, 255, 161, 74, 235, 14, 244, 1, 0, 34, 1, 0, 235, 1, 0, 58, 9, 231]
1542790621478;[171, 0, 4, 255, 132, 128, 103]
1542790621506;[171, 0, 17, 255, 161, 74, 235, 14, 244, 1, 0, 31, 1, 0, 232, 1, 0, 61, 9, 250]
1542790621508;[171, 0, 17, 255, 161, 74, 235, 14, 245, 1, 0, 30, 1, 0, 229, 1, 0, 61, 9, 250]
1542790621819;[171, 0, 17, 255, 161, 74, 235, 14, 245, 1, 0, 34, 1, 0, 233, 1, 0, 62, 9, 220]
1542790621823;[171, 0, 17, 255, 161, 74, 235, 14, 245, 1, 0, 32, 1, 0, 240, 1, 0, 53, 9, 180]
1542790621827;[171, 0, 17, 255, 161, 74, 235, 14, 245, 1, 0, 43, 1, 0, 237, 1, 0, 53, 9, 159]
1542790621991;[171, 0, 17, 255, 161, 74, 235, 14, 245, 1, 0, 51, 1, 0, 234, 1, 0, 53, 9, 116]
1542790621995;[171, 0, 17, 255, 161, 74, 235, 14, 245, 1, 0, 60, 1, 0, 234, 1, 0, 51, 9, 30]
1542790622163;[171, 0, 17, 255, 161, 74, 235, 14, 245, 1, 0, 72, 1, 0, 238, 1, 0, 47, 8, 184]
1542790622167;[171, 0, 17, 255, 161, 74, 235, 14, 245, 1, 0, 66, 1, 0, 232, 1, 0, 48, 8, 115]
1542790622681;[171, 0, 17, 255, 161, 74, 235, 14, 245, 1, 0, 62, 1, 0, 233, 1, 0, 46, 8, 75]
1542790622685;[171, 0, 4, 255, 132, 128, 104]
1542790622712;[171, 0, 17, 255, 161, 74, 235, 14, 245, 1, 0, 53, 1, 0, 234, 1, 0, 46, 8, 58]
1542790622714;[171, 0, 17, 255, 161, 74, 235, 14, 246, 1, 0, 43, 1, 0, 234, 1, 0, 56, 8, 75]
1542790623028;[171, 0, 17, 255, 161, 74, 235, 14, 246, 1, 0, 50, 1, 0, 236, 1, 0, 53, 8, 84]
1542790623032;[171, 0, 17, 255, 161, 74, 235, 14, 246, 1, 0, 46, 1, 0, 232, 1, 0, 59, 8, 96]
1542790623036;[171, 0, 17, 255, 161, 74, 235, 14, 246, 1, 0, 52, 1, 0, 232, 1, 0, 55, 8, 111]
1542790623041;[171, 0, 17, 255, 161, 74, 235, 14, 246, 1, 0, 59, 1, 0, 232, 1, 0, 60, 8, 112]
1542790623200;[171, 0, 17, 255, 161, 74, 235, 14, 246, 1, 0, 56, 1, 0, 233, 1, 0, 53, 8, 123]
1542790623204;[171, 0, 17, 255, 161, 74, 235, 14, 246, 1, 0, 57, 1, 0, 230, 1, 0, 53, 8, 133]
1542790623371;[171, 0, 17, 255, 161, 74, 235, 14, 246, 1, 0, 57, 1, 0, 232, 1, 0, 60, 8, 139]
1542790623375;[171, 0, 17, 255, 161, 74, 235, 14, 246, 1, 0, 55, 1, 0, 229, 1, 0, 57, 8, 149]
1542790623544;[171, 0, 4, 255, 132, 128, 103]
1542790623571;[171, 0, 17, 255, 161, 74, 235, 14, 246, 1, 0, 54, 1, 0, 232, 1, 0, 53, 8, 143]
1542790623716;[171, 0, 17, 255, 161, 74, 235, 14, 247, 1, 0, 53, 1, 0, 233, 1, 0, 55, 8, 142]
1542790624407;[171, 0, 17, 255, 161, 74, 235, 14, 247, 1, 0, 51, 1, 0, 231, 1, 0, 54, 8, 156]
1542790624412;[171, 0, 17, 255, 161, 74, 235, 14, 247, 1, 0, 57, 1, 0, 226, 1, 0, 59, 8, 169]
1542790624416;[171, 0, 17, 255, 161, 74, 235, 14, 247, 1, 0, 61, 1, 0, 231, 1, 0, 59, 8, 160]
1542790624419;[171, 0, 17, 255, 161, 74, 235, 14, 247, 1, 0, 58, 1, 0, 232, 1, 0, 61, 8, 149]
1542790624581;[171, 0, 17, 255, 161, 74, 235, 14, 247, 1, 0, 55, 1, 0, 231, 1, 0, 59, 8, 132]
1542790624588;[171, 0, 17, 255, 161, 74, 235, 14, 247, 1, 0, 56, 1, 0, 232, 1, 0, 59, 8, 109]
1542790624593;[171, 0, 17, 255, 161, 74, 235, 14, 247, 1, 0, 55, 1, 0, 231, 1, 0, 63, 8, 93]
1542790624597;[171, 0, 17, 255, 161, 74, 235, 14, 247, 1, 0, 57, 1, 0, 231, 1, 0, 57, 8, 96]
1542790624755;[171, 0, 4, 255, 132, 128, 104]
1542790624757;[171, 0, 17, 255, 161, 74, 235, 14, 247, 1, 0, 59, 1, 0, 236, 1, 0, 60, 8, 65]
1542790624765;[171, 0, 17, 255, 161, 74, 235, 14, 248, 1, 0, 60, 1, 0, 239, 1, 0, 45, 8, 25]
1542790624924;[171, 0, 17, 255, 161, 74, 235, 14, 248, 1, 0, 51, 1, 0, 229, 1, 0, 91, 8, 6]
1542790625097;[171, 0, 17, 255, 161, 74, 235, 14, 248, 1, 0, 34, 1, 0, 240, 1, 0, 51, 8, 20]
1542790625101;[171, 0, 17, 255, 161, 74, 235, 14, 248, 1, 0, 60, 1, 0, 221, 1, 0, 14, 8, 33]
1542790625269;[171, 0, 17, 255, 161, 74, 235, 14, 248, 1, 0, 81, 1, 0, 239, 1, 0, 61, 8, 77]
1542790625633;[171, 0, 17, 255, 161, 74, 235, 14, 248, 1, 0, 44, 1, 0, 226, 1, 0, 62, 8, 109]
1542790625635;[171, 0, 17, 255, 161, 74, 235, 14, 248, 1, 0, 50, 1, 0, 237, 1, 0, 40, 8, 132]
1542790625636;[171, 0, 17, 255, 161, 74, 235, 14, 248, 1, 0, 36, 1, 0, 237, 1, 0, 58, 8, 156]
1542790625638;[171, 0, 17, 255, 161, 74, 235, 14, 248, 1, 0, 18, 1, 0, 238, 1, 0, 51, 8, 191]
1542790625959;[171, 0, 4, 255, 132, 128, 104]
1542790625986;[171, 0, 17, 255, 161, 74, 235, 14, 248, 1, 0, 31, 1, 0, 238, 1, 0, 47, 8, 234]
1542790625987;[171, 0, 17, 255, 161, 74, 235, 14, 249, 1, 0, 39, 1, 0, 234, 1, 0, 55, 9, 59]
1542790625989;[171, 0, 17, 255, 161, 74, 235, 14, 249, 0, 0, 2, 1, 0, 220, 1, 0, 56, 9, 118]
1542790626305;[171, 0, 17, 255, 161, 74, 235, 14, 249, 1, 0, 54, 1, 0, 247, 1, 0, 27, 9, 144]
1542790626309;[171, 0, 17, 255, 161, 74, 235, 14, 249, 1, 0, 51, 1, 0, 247, 1, 0, 40, 9, 106]
1542790626313;[171, 0, 17, 255, 161, 74, 235, 14, 249, 1, 0, 50, 1, 0, 231, 1, 0, 49, 9, 49]
1542790626476;[171, 0, 17, 255, 161, 74, 235, 14, 249, 1, 0, 47, 1, 0, 241, 1, 0, 45, 8, 212]
1542790626480;[171, 0, 17, 255, 161, 74, 235, 14, 249, 1, 0, 47, 1, 0, 232, 1, 0, 42, 8, 169]
1542790626821;[171, 0, 17, 255, 161, 74, 235, 14, 249, 1, 0, 52, 1, 0, 241, 1, 0, 55, 8, 101]
1542790626825;[171, 0, 17, 255, 161, 74, 235, 14, 249, 1, 0, 58, 1, 0, 234, 1, 0, 39, 8, 1]
1542790626829;[171, 0, 4, 255, 132, 128, 104]
1542790626993;[171, 0, 17, 255, 161, 74, 235, 14, 249, 1, 0, 58, 1, 0, 237, 1, 0, 41, 7, 150]
1542790626997;[171, 0, 17, 255, 161, 74, 235, 14, 250, 1, 0, 61, 1, 0, 237, 1, 0, 39, 7, 46]
1542790627165;[171, 0, 17, 255, 161, 74, 235, 14, 250, 1, 0, 63, 1, 0, 233, 1, 0, 43, 6, 221]
1542790627170;[171, 0, 17, 255, 161, 74, 235, 14, 250, 1, 0, 61, 1, 0, 237, 1, 0, 46, 6, 182]
1542790627338;[171, 0, 17, 255, 161, 74, 235, 14, 250, 1, 0, 60, 1, 0, 235, 1, 0, 43, 6, 152]
1542790627512;[171, 0, 17, 255, 161, 74, 235, 14, 250, 1, 0, 59, 1, 0, 237, 1, 0, 42, 6, 106]
1542790627515;[171, 0, 17, 255, 161, 74, 235, 14, 250, 1, 0, 62, 1, 0, 234, 1, 0, 45, 6, 51]
1542790627684;[171, 0, 17, 255, 161, 74, 235, 14, 250, 1, 0, 64, 1, 0, 236, 1, 0, 41, 5, 246]
1542790627688;[171, 0, 17, 255, 161, 74, 235, 14, 250, 1, 0, 61, 1, 0, 234, 1, 0, 41, 5, 182]
1542790628376;[171, 0, 17, 255, 161, 74, 235, 14, 250, 1, 0, 64, 1, 0, 234, 1, 0, 43, 5, 145]
1542790628380;[171, 0, 4, 255, 132, 128, 103]
1542790628406;[171, 0, 17, 255, 161, 74, 235, 14, 250, 1, 0, 63, 1, 0, 236, 1, 0, 45, 5, 133]
1542790628411;[171, 0, 17, 255, 161, 74, 235, 14, 251, 1, 0, 64, 1, 0, 235, 1, 0, 44, 5, 93]
1542790628549;[171, 0, 17, 255, 161, 74, 235, 14, 251, 1, 0, 62, 1, 0, 235, 1, 0, 40, 5, 65]
1542790628551;[171, 0, 17, 255, 161, 74, 235, 14, 251, 1, 0, 65, 1, 0, 235, 1, 0, 43, 5, 27]
1542790628555;[171, 0, 17, 255, 161, 74, 235, 14, 251, 1, 0, 64, 1, 0, 234, 1, 0, 43, 5, 27]
1542790628558;[171, 0, 17, 255, 161, 74, 235, 14, 251, 1, 0, 64, 1, 0, 234, 1, 0, 45, 4, 253]
1542790628718;[171, 0, 17, 255, 161, 74, 235, 14, 251, 1, 0, 64, 1, 0, 233, 1, 0, 41, 5, 2]
1542790628722;[171, 0, 17, 255, 161, 74, 235, 14, 251, 1, 0, 63, 1, 0, 237, 1, 0, 41, 4, 247]
1542790628894;[171, 0, 17, 255, 161, 74, 235, 14, 251, 1, 0, 61, 1, 0, 233, 1, 0, 43, 4, 245]
1542790628896;[171, 0, 17, 255, 161, 74, 235, 14, 251, 1, 0, 61, 1, 0, 235, 1, 0, 42, 5, 1]
1542790629408;[171, 0, 4, 255, 132, 128, 103]
1542790629585;[171, 0, 17, 255, 161, 74, 235, 14, 251, 1, 0, 60, 1, 0, 235, 1, 0, 43, 5, 8]
1542790629588;[171, 0, 17, 255, 161, 74, 235, 16, 0, 1, 0, 62, 1, 0, 236, 1, 0, 41, 5, 14]
1542790629592;[171, 0, 17, 255, 161, 74, 235, 16, 0, 1, 0, 60, 1, 0, 234, 1, 0, 42, 5, 56]
1542790629596;[171, 0, 17, 255, 161, 74, 235, 16, 0, 1, 0, 58, 1, 0, 237, 1, 0, 41, 5, 80]
1542790629754;[171, 0, 17, 255, 161, 74, 235, 16, 0, 1, 0, 58, 1, 0, 234, 1, 0, 42, 5, 84]
1542790629758;[171, 0, 17, 255, 161, 74, 235, 16, 0, 1, 0, 60, 1, 0, 234, 1, 0, 41, 5, 88]
1542790629762;[171, 0, 17, 255, 161, 74, 235, 16, 0, 1, 0, 61, 1, 0, 234, 1, 0, 42, 5, 84]
1542790629926;[171, 0, 17, 255, 161, 74, 235, 16, 0, 1, 0, 61, 1, 0, 236, 1, 0, 43, 5, 71]
1542790629930;[171, 0, 17, 255, 161, 74, 235, 16, 0, 1, 0, 60, 1, 0, 236, 1, 0, 41, 5, 83]
1542790630790;[171, 0, 17, 255, 161, 74, 235, 16, 0, 1, 0, 60, 1, 0, 233, 1, 0, 43, 5, 119]
1542790630794;[171, 0, 4, 255, 132, 128, 102]
1542790630821;[171, 0, 17, 255, 161, 74, 235, 16, 0, 1, 0, 60, 1, 0, 236, 1, 0, 44, 5, 134]
1542790630823;[171, 0, 17, 255, 161, 74, 235, 16, 1, 1, 0, 58, 1, 0, 235, 1, 0, 43, 5, 142]
1542790631136;[171, 0, 17, 255, 161, 74, 235, 16, 1, 1, 0, 60, 1, 0, 234, 1, 0, 41, 5, 147]
1542790631140;[171, 0, 17, 255, 161, 74, 235, 16, 1, 1, 0, 60, 1, 0, 236, 1, 0, 40, 5, 143]
1542790631145;[171, 0, 17, 255, 161, 74, 235, 16, 1, 1, 0, 57, 1, 0, 236, 1, 0, 41, 5, 127]
1542790631149;[171, 0, 17, 255, 161, 74, 235, 16, 1, 1, 0, 60, 1, 0, 233, 1, 0, 41, 5, 163]
1542790631307;[171, 0, 17, 255, 161, 74, 235, 16, 1, 1, 0, 60, 1, 0, 234, 1, 0, 43, 5, 193]
1542790631311;[171, 0, 17, 255, 161, 74, 235, 16, 1, 1, 0, 60, 1, 0, 234, 1, 0, 42, 5, 206]
1542790631316;[171, 0, 17, 255, 161, 74, 235, 16, 1, 1, 0, 61, 1, 0, 234, 1, 0, 41, 5, 218]
1542790631320;[171, 0, 17, 255, 161, 74, 235, 16, 1, 1, 0, 60, 1, 0, 234, 1, 0, 43, 5, 223]
1542790631479;[171, 0, 4, 255, 132, 128, 101]
1542790631507;[171, 0, 17, 255, 161, 74, 235, 16, 1, 1, 0, 58, 1, 0, 234, 1, 0, 38, 5, 234]
1542790631509;[171, 0, 17, 255, 161, 74, 235, 16, 2, 1, 0, 58, 1, 0, 234, 1, 0, 41, 5, 240]
1542790631997;[171, 0, 17, 255, 161, 74, 235, 16, 2, 1, 0, 59, 1, 0, 234, 1, 0, 41, 6, 57]
1542790632001;[171, 0, 17, 255, 161, 74, 235, 16, 2, 1, 0, 55, 1, 0, 235, 1, 0, 45, 6, 126]
1542790632005;[171, 0, 17, 255, 161, 74, 235, 16, 2, 1, 0, 50, 1, 0, 236, 1, 0, 43, 6, 171]
1542790632009;[171, 0, 17, 255, 161, 74, 235, 16, 2, 1, 0, 51, 1, 0, 235, 1, 0, 46, 6, 220]
1542790632170;[171, 0, 17, 255, 161, 74, 235, 16, 2, 1, 0, 50, 1, 0, 235, 1, 0, 46, 7, 6]
1542790632175;[171, 0, 17, 255, 161, 74, 235, 16, 2, 1, 0, 42, 1, 0, 235, 1, 0, 44, 7, 33]
1542790632179;[171, 0, 17, 255, 161, 74, 235, 16, 2, 1, 0, 44, 1, 0, 237, 1, 0, 47, 7, 121]
1542790632342;[171, 0, 17, 255, 161, 74, 235, 16, 2, 1, 0, 43, 1, 0, 235, 1, 0, 46, 7, 198]
1542790632346;[171, 0, 4, 255, 132, 128, 101]
1542790632513;[171, 0, 17, 255, 161, 74, 235, 16, 2, 1, 0, 39, 1, 0, 237, 1, 0, 42, 7, 251]
1542790632861;[171, 0, 17, 255, 161, 74, 235, 16, 3, 1, 0, 46, 1, 0, 237, 1, 0, 43, 8, 35]
1542790632865;[171, 0, 17, 255, 161, 74, 235, 16, 3, 1, 0, 44, 1, 0, 237, 1, 0, 54, 8, 55]
1542790632869;[171, 0, 17, 255, 161, 74, 235, 16, 3, 1, 0, 39, 1, 0, 239, 1, 0, 46, 8, 70]
1542790632873;[171, 0, 17, 255, 161, 74, 235, 16, 3, 1, 0, 45, 1, 0, 238, 1, 0, 47, 8, 110]
1542790633378;[171, 0, 17, 255, 161, 74, 235, 16, 3, 1, 0, 95, 1, 1, 34, 1, 0, 63, 8, 218]
1542790633382;[171, 0, 17, 255, 161, 74, 235, 16, 3, 1, 1, 215, 1, 2, 38, 0, 0, 146, 9, 0]
1542790633386;[171, 0, 17, 255, 161, 74, 235, 16, 3, 0, 0, 95, 1, 0, 250, 1, 0, 137, 7, 98]
1542790633390;[171, 0, 17, 255, 161, 74, 235, 16, 3, 0, 0, 2, 1, 0, 204, 0, 0, 14, 6, 106]
1542790633549;[171, 0, 17, 255, 161, 74, 235, 16, 3, 1, 0, 185, 1, 0, 231, 1, 0, 19, 5, 188]
1542790633553;[171, 0, 4, 255, 132, 128, 99]
1542790633580;[171, 0, 17, 255, 161, 74, 235, 16, 3, 0, 0, 22, 1, 1, 23, 1, 0, 18, 5, 194]
1542790633721;[171, 0, 17, 255, 161, 74, 235, 16, 4, 0, 0, 16, 1, 0, 247, 1, 0, 95, 6, 69]
1542790633894;[171, 0, 17, 255, 161, 74, 235, 16, 4, 0, 0, 68, 1, 0, 162, 1, 0, 59, 7, 15]
1542790633898;[171, 0, 17, 255, 161, 74, 235, 16, 4, 0, 0, 39, 1, 0, 238, 1, 0, 82, 7, 131]
1542790634065;[171, 0, 17, 255, 161, 74, 235, 16, 4, 0, 0, 14, 1, 0, 244, 1, 0, 82, 7, 207]
1542790634070;[171, 0, 17, 255, 161, 74, 235, 16, 4, 0, 0, 14, 1, 0, 233, 1, 0, 63, 7, 184]
1542790634237;[171, 0, 17, 255, 161, 74, 235, 16, 4, 1, 0, 89, 1, 1, 44, 1, 0, 56, 7, 82]
1542790634585;[171, 0, 17, 255, 161, 74, 235, 16, 4, 0, 0, 176, 1, 1, 14, 0, 0, 35, 7, 152]
1542790634592;[171, 0, 17, 255, 161, 74, 235, 16, 4, 1, 0, 129, 1, 0, 44, 0, 0, 148, 8, 24]
1542790634594;[171, 0, 17, 255, 161, 74, 235, 16, 4, 1, 0, 201, 1, 1, 155, 0, 0, 145, 7, 83]
1542790634597;[171, 0, 4, 255, 132, 128, 98]
1542790634755;[171, 0, 17, 255, 161, 74, 235, 16, 4, 1, 0, 31, 1, 1, 22, 0, 0, 87, 7, 62]
1542790634759;[171, 0, 17, 255, 161, 74, 235, 16, 5, 1, 0, 21, 1, 1, 16, 1, 0, 59, 7, 105]
1542790634928;[171, 0, 17, 255, 161, 74, 235, 16, 5, 1, 0, 13, 1, 0, 194, 0, 0, 21, 7, 187]
1542790635102;[171, 0, 17, 255, 161, 74, 235, 16, 5, 1, 0, 136, 1, 1, 72, 1, 0, 32, 8, 59]
1542790635106;[171, 0, 17, 255, 161, 74, 235, 16, 5, 1, 0, 51, 1, 1, 94, 0, 0, 40, 8, 207]
1542790635274;[171, 0, 17, 255, 161, 74, 235, 16, 5, 0, 0, 158, 1, 0, 95, 0, 0, 34, 9, 65]
1542790635278;[171, 0, 17, 255, 161, 74, 235, 16, 5, 0, 0, 93, 1, 0, 115, 0, 0, 11, 8, 239]
1542790635966;[171, 0, 17, 255, 161, 74, 235, 16, 5, 1, 0, 111, 1, 1, 91, 0, 0, 121, 8, 236]
1542790635970;[171, 0, 17, 255, 161, 74, 235, 16, 5, 1, 0, 35, 1, 1, 27, 0, 0, 64, 9, 79]
1542790635974;[171, 0, 17, 255, 161, 74, 235, 16, 7, 0, 0, 2, 1, 0, 228, 0, 0, 58, 6, 15]
1542790635978;[171, 0, 17, 255, 161, 74, 235, 16, 8, 0, 0, 8, 1, 0, 233, 1, 0, 27, 5, 222]
1542790636310;[171, 0, 17, 255, 161, 74, 235, 16, 8, 1, 0, 11, 1, 1, 1, 0, 0, 32, 5, 249]
1542790636313;[171, 0, 17, 255, 161, 74, 235, 16, 8, 0, 0, 31, 1, 0, 233, 0, 0, 15, 5, 205]
1542790636317;[171, 0, 17, 255, 161, 74, 235, 16, 8, 0, 0, 22, 1, 0, 238, 0, 0, 14, 5, 111]
1542790636321;[171, 0, 17, 255, 161, 74, 235, 16, 8, 0, 0, 5, 1, 0, 244, 0, 0, 6, 4, 225]
1542790636828;[171, 0, 17, 255, 161, 74, 235, 16, 8, 1, 0, 1, 1, 0, 254, 0, 0, 1, 4, 55]
1542790636832;[171, 0, 17, 255, 161, 74, 235, 16, 8, 1, 0, 1, 1, 0, 246, 0, 0, 10, 3, 243]
1542790636836;[171, 0, 17, 255, 161, 74, 235, 16, 8, 1, 0, 25, 1, 0, 242, 1, 0, 11, 3, 64]
1542790636840;[171, 0, 17, 255, 161, 74, 235, 16, 8, 1, 0, 9, 1, 0, 254, 0, 0, 10, 2, 122]
1542790637170;[171, 0, 4, 255, 132, 128, 95]
1542790637517;[171, 0, 17, 255, 161, 74, 235, 16, 8, 0, 0, 15, 1, 0, 242, 1, 0, 27, 1, 226]
1542790637521;[171, 0, 17, 255, 161, 74, 235, 16, 9, 0, 0, 1, 1, 0, 248, 1, 0, 39, 1, 58]
1542790637525;[171, 0, 17, 255, 161, 74, 235, 16, 9, 0, 0, 10, 1, 0, 239, 1, 0, 37, 16, 186]
1542790637529;[171, 0, 17, 255, 161, 74, 235, 16, 9, 0, 0, 5, 1, 0, 244, 1, 0, 31, 7, 102]
1542790637689;[171, 0, 17, 255, 161, 74, 235, 16, 9, 0, 0, 12, 1, 0, 220, 0, 0, 4, 7, 16]
1542790637694;[171, 0, 17, 255, 161, 74, 235, 16, 9, 0, 0, 8, 1, 1, 27, 1, 0, 52, 7, 7]
1542790637698;[171, 0, 17, 255, 161, 74, 235, 16, 9, 0, 0, 2, 1, 0, 208, 1, 0, 15, 6, 204]
1542790637701;[171, 0, 17, 255, 161, 74, 235, 16, 9, 1, 0, 16, 1, 0, 251, 1, 0, 22, 6, 219]
1542790637861;[171, 0, 17, 255, 161, 74, 235, 16, 9, 1, 0, 13, 1, 0, 246, 1, 0, 26, 6, 255]
1542790637865;[171, 0, 17, 255, 161, 74, 235, 16, 9, 1, 0, 77, 1, 0, 234, 1, 0, 30, 6, 251]
1542790637869;[171, 0, 4, 255, 132, 128, 95]
1542790638033;[171, 0, 17, 255, 161, 74, 235, 16, 9, 1, 0, 34, 1, 0, 242, 1, 0, 37, 6, 186]
1542790638380;[171, 0, 17, 255, 161, 74, 235, 16, 10, 1, 0, 27, 1, 0, 245, 1, 0, 21, 6, 117]
1542790638384;[171, 0, 17, 255, 161, 74, 235, 16, 10, 1, 0, 22, 1, 0, 241, 1, 0, 20, 6, 71]
1542790638389;[171, 0, 17, 255, 161, 74, 235, 16, 10, 1, 0, 18, 1, 0, 244, 1, 0, 14, 6, 42]
1542790638393;[171, 0, 17, 255, 161, 74, 235, 16, 10, 1, 0, 15, 1, 0, 243, 1, 0, 10, 5, 245]
1542790638551;[171, 0, 17, 255, 161, 74, 235, 16, 10, 0, 0, 1, 1, 0, 246, 1, 0, 18, 5, 205]
1542790638555;[171, 0, 17, 255, 161, 74, 235, 16, 10, 1, 0, 51, 1, 1, 81, 1, 0, 7, 5, 215]
1542790638723;[171, 0, 17, 255, 161, 74, 235, 16, 10, 1, 0, 16, 1, 1, 41, 1, 0, 170, 5, 188]
1542790638897;[171, 0, 17, 255, 161, 74, 235, 16, 10, 0, 0, 37, 1, 0, 241, 1, 0, 31, 5, 180]
1542790638901;[171, 0, 17, 255, 161, 74, 235, 16, 10, 1, 0, 85, 1, 1, 2, 1, 0, 13, 5, 131]
1542790639068;[171, 0, 4, 255, 132, 128, 94]
1542790639094;[171, 0, 17, 255, 161, 74, 235, 16, 10, 1, 0, 51, 1, 1, 38, 1, 0, 82, 5, 96]
1542790639243;[171, 0, 17, 255, 161, 74, 235, 16, 11, 1, 0, 23, 1, 0, 236, 1, 0, 43, 5, 59]
1542790639247;[171, 0, 17, 255, 161, 74, 235, 16, 11, 1, 0, 39, 1, 1, 74, 0, 0, 17, 5, 87]
1542790639761;[171, 0, 17, 255, 161, 74, 235, 16, 11, 0, 1, 70, 1, 0, 56, 0, 0, 39, 5, 114]
1542790639765;[171, 0, 17, 255, 161, 74, 235, 16, 11, 0, 0, 177, 1, 0, 239, 0, 0, 23, 5, 128]
1542790639769;[171, 0, 17, 255, 161, 74, 235, 16, 11, 1, 0, 69, 1, 1, 127, 0, 1, 202, 5, 165]
1542790639773;[171, 0, 17, 255, 161, 74, 235, 16, 11, 1, 0, 106, 1, 0, 250, 1, 0, 14, 5, 164]
1542790639931;[171, 0, 17, 255, 161, 74, 235, 16, 11, 0, 1, 50, 1, 0, 207, 1, 0, 100, 5, 160]
1542790639935;[171, 0, 17, 255, 161, 74, 235, 16, 11, 0, 0, 11, 1, 1, 125, 0, 1, 0, 5, 98]
1542790640103;[171, 0, 17, 255, 161, 74, 235, 16, 11, 0, 0, 56, 1, 0, 245, 1, 0, 45, 5, 99]
1542790640106;[171, 0, 4, 255, 132, 128, 93]
1542790640276;[171, 0, 17, 255, 161, 74, 235, 16, 11, 0, 0, 23, 1, 0, 238, 1, 0, 7, 5, 133]
1542790640280;[171, 0, 17, 255, 161, 74, 235, 16, 12, 1, 0, 37, 1, 0, 223, 1, 0, 8, 5, 119]
1542790640450;[171, 0, 17, 255, 161, 74, 235, 16, 12, 1, 0, 7, 1, 0, 227, 1, 0, 10, 5, 78]
1542790640453;[171, 0, 17, 255, 161, 74, 235, 16, 12, 0, 0, 48, 1, 1, 47, 1, 0, 21, 5, 102]
1542790640621;[171, 0, 17, 255, 161, 74, 235, 16, 12, 0, 0, 8, 1, 1, 95, 0, 0, 34, 5, 163]
1542790640968;[171, 0, 17, 255, 161, 74, 235, 16, 12, 0, 0, 75, 1, 0, 139, 1, 0, 13, 5, 227]
1542790640972;[171, 0, 17, 255, 161, 74, 235, 16, 12, 0, 0, 18, 1, 0, 120, 1, 0, 19, 6, 29]
1542790640976;[171, 0, 17, 255, 161, 74, 235, 16, 12, 0, 0, 186, 1, 0, 235, 1, 0, 28, 6, 12]
1542790640980;[171, 0, 17, 255, 161, 74, 235, 16, 12, 1, 0, 186, 1, 0, 85, 1, 0, 100, 5, 170]
1542790641139;[171, 0, 17, 255, 161, 74, 235, 16, 12, 1, 0, 22, 1, 1, 75, 0, 0, 22, 5, 134]
1542790641310;[171, 0, 4, 255, 132, 128, 92]
1542790641338;[171, 0, 17, 255, 161, 74, 235, 16, 12, 0, 0, 27, 1, 0, 221, 1, 0, 25, 5, 134]
1542790641484;[171, 0, 17, 255, 161, 74, 235, 16, 13, 0, 0, 132, 1, 0, 203, 1, 0, 18, 5, 134]
1542790641487;[171, 0, 17, 255, 161, 74, 235, 16, 13, 0, 0, 201, 1, 0, 170, 1, 0, 31, 5, 31]
1542790641657;[171, 0, 17, 255, 161, 74, 235, 16, 13, 0, 0, 144, 1, 0, 107, 1, 0, 66, 5, 29]
1542790641659;[171, 0, 17, 255, 161, 74, 235, 16, 13, 0, 0, 144, 1, 1, 13, 0, 0, 74, 5, 73]
1542790641829;[171, 0, 17, 255, 161, 74, 235, 16, 13, 1, 0, 79, 1, 0, 254, 1, 0, 122, 5, 92]
1542790642175;[171, 0, 17, 255, 161, 74, 235, 16, 13, 1, 1, 157, 0, 0, 109, 1, 0, 83, 5, 82]
1542790642179;[171, 0, 17, 255, 161, 74, 235, 16, 13, 1, 0, 112, 1, 1, 158, 0, 0, 53, 5, 175]
1542790642183;[171, 0, 17, 255, 161, 74, 235, 16, 13, 0, 5, 70, 1, 1, 51, 1, 0, 149, 5, 158]
1542790642187;[171, 0, 17, 255, 161, 74, 235, 16, 13, 0, 0, 95, 1, 1, 49, 1, 1, 125, 5, 222]
1542790642519;[171, 0, 4, 255, 132, 128, 93]
1542790642546;[171, 0, 17, 255, 161, 74, 235, 16, 13, 1, 0, 2, 1, 1, 27, 1, 0, 31, 5, 169]
1542790642548;[171, 0, 17, 255, 161, 74, 235, 16, 14, 0, 0, 174, 1, 0, 255, 1, 0, 40, 5, 63]
1542790642692;[171, 0, 17, 255, 161, 74, 235, 16, 14, 1, 0, 95, 1, 1, 52, 0, 0, 59, 5, 70]
1542790642693;[171, 0, 17, 255, 161, 74, 235, 16, 14, 0, 0, 122, 1, 1, 45, 1, 0, 50, 5, 159]
1542790642861;[171, 0, 17, 255, 161, 74, 235, 16, 14, 0, 0, 18, 1, 0, 96, 1, 0, 1, 5, 243]
1542790642864;[171, 0, 17, 255, 161, 74, 235, 16, 14, 0, 0, 195, 1, 1, 32, 1, 0, 14, 6, 52]
1542790643036;[171, 0, 17, 255, 161, 74, 235, 16, 14, 0, 2, 82, 1, 0, 38, 0, 2, 170, 6, 135]
1542790643209;[171, 0, 17, 255, 161, 74, 235, 16, 14, 0, 0, 61, 1, 1, 29, 0, 0, 64, 6, 187]
1542790643213;[171, 0, 17, 255, 161, 74, 235, 16, 14, 0, 0, 66, 1, 0, 176, 1, 0, 54, 6, 173]
1542790643555;[171, 0, 17, 255, 161, 74, 235, 16, 14, 1, 0, 5, 1, 1, 0, 0, 0, 26, 6, 185]
1542790643559;[171, 0, 4, 255, 132, 128, 93]
1542790643585;[171, 0, 17, 255, 161, 74, 235, 16, 14, 0, 0, 80, 1, 1, 174, 1, 0, 139, 6, 215]
1542790643587;[171, 0, 17, 255, 161, 74, 235, 16, 15, 1, 0, 36, 1, 0, 36, 1, 0, 88, 6, 251]
1542790643726;[171, 0, 17, 255, 161, 74, 235, 16, 15, 0, 0, 119, 1, 0, 248, 0, 0, 22, 7, 101]
1542790643899;[171, 0, 17, 255, 161, 74, 235, 16, 15, 0, 4, 190, 0, 2, 250, 1, 0, 11, 7, 183]
1542790643902;[171, 0, 17, 255, 161, 74, 235, 16, 15, 0, 0, 246, 1, 0, 171, 0, 0, 99, 9, 1]
1542790644071;[171, 0, 17, 255, 161, 74, 235, 16, 15, 0, 0, 125, 1, 0, 179, 0, 0, 9, 10, 66]
1542790644075;[171, 0, 17, 255, 161, 74, 235, 16, 15, 0, 0, 125, 1, 0, 210, 1, 0, 16, 10, 253]
1542790644245;[171, 0, 17, 255, 161, 74, 235, 16, 15, 0, 0, 136, 1, 0, 247, 0, 0, 68, 10, 166]
1542790644250;[171, 0, 17, 255, 161, 74, 235, 16, 15, 0, 1, 231, 1, 1, 121, 0, 1, 238, 9, 160]
1542790644763;[171, 0, 17, 255, 161, 74, 235, 16, 15, 0, 0, 188, 1, 1, 75, 0, 0, 33, 9, 88]
1542790644767;[171, 0, 4, 255, 132, 128, 93]
1542790644794;[171, 0, 17, 255, 161, 74, 235, 16, 15, 1, 0, 13, 1, 0, 66, 1, 0, 10, 9, 1]
1542790644795;[171, 0, 17, 255, 161, 74, 235, 16, 16, 0, 0, 9, 0, 1, 40, 1, 0, 21, 8, 142]
1542790644934;[171, 0, 17, 255, 161, 74, 235, 16, 16, 0, 0, 53, 0, 0, 106, 0, 0, 19, 8, 30]
1542790644939;[171, 0, 17, 255, 161, 74, 235, 16, 16, 0, 0, 77, 1, 0, 152, 1, 0, 5, 7, 188]
