1542791078785;[171, 0, 17, 255, 161, 74, 235, 17, 221, 0, 0, 255, 0, 0, 90, 1, 0, 11, 8, 187]
1542791078943;[171, 0, 17, 255, 161, 74, 235, 17, 222, 0, 0, 248, 0, 0, 80, 1, 0, 13, 7, 248]
1542791078947;[171, 0, 4, 255, 132, 128, 103]
1542791079112;[171, 0, 17, 255, 161, 74, 235, 17, 222, 0, 0, 245, 0, 0, 74, 0, 0, 28, 7, 224]
1542791081190;[171, 0, 17, 255, 161, 74, 235, 17, 222, 0, 0, 224, 0, 0, 85, 0, 0, 18, 8, 9]
1542791081194;[171, 0, 17, 255, 161, 74, 235, 17, 222, 0, 0, 250, 0, 0, 90, 0, 0, 47, 8, 112]
1542791081206;[171, 0, 17, 255, 161, 74, 235, 17, 222, 0, 0, 219, 0, 0, 76, 0, 0, 43, 9, 29]
1542791081207;[171, 0, 17, 255, 161, 74, 235, 17, 222, 0, 1, 5, 0, 0, 68, 0, 0, 5, 9, 144]
1542791081209;[171, 0, 17, 255, 161, 74, 235, 17, 222, 0, 0, 253, 0, 0, 75, 0, 0, 36, 9, 202]
1542791081211;[171, 0, 17, 255, 161, 74, 235, 17, 222, 0, 0, 239, 0, 0, 73, 0, 0, 27, 9, 199]
1542791081216;[171, 0, 17, 255, 161, 74, 235, 17, 222, 0, 0, 250, 0, 0, 82, 0, 0, 43, 9, 184]
1542791081218;[171, 0, 17, 255, 161, 74, 235, 17, 222, 0, 0, 232, 0, 0, 76, 0, 0, 47, 10, 22]
1542791081220;[171, 0, 17, 255, 161, 74, 235, 17, 223, 0, 0, 229, 0, 0, 72, 0, 0, 27, 10, 102]
1542791081224;[171, 0, 4, 255, 132, 128, 103]
1542791081227;[171, 0, 17, 255, 161, 74, 235, 17, 223, 0, 0, 241, 0, 0, 72, 0, 0, 44, 10, 106]
1542791081237;[171, 0, 17, 255, 161, 74, 235, 17, 223, 0, 0, 247, 0, 0, 72, 0, 0, 40, 10, 50]
1542791081242;[171, 0, 17, 255, 161, 74, 235, 17, 223, 0, 0, 242, 0, 0, 71, 0, 0, 41, 9, 218]
1542791081244;[171, 0, 17, 255, 161, 74, 235, 17, 223, 0, 0, 246, 0, 0, 73, 0, 0, 47, 9, 176]
1542791081246;[171, 0, 17, 255, 161, 74, 235, 17, 223, 0, 1, 2, 0, 0, 77, 0, 0, 43, 9, 233]
1542791081248;[171, 0, 17, 255, 161, 74, 235, 17, 223, 0, 0, 233, 0, 0, 72, 0, 0, 28, 10, 4]
1542791081360;[171, 0, 17, 255, 161, 74, 235, 17, 223, 0, 0, 249, 0, 0, 78, 0, 0, 45, 9, 220]
1542791081364;[171, 0, 17, 255, 161, 74, 235, 17, 223, 0, 0, 240, 0, 0, 83, 0, 0, 28, 9, 199]
1542791081368;[171, 0, 17, 255, 161, 74, 235, 17, 223, 0, 0, 227, 0, 0, 83, 0, 0, 41, 9, 202]
1542791081372;[171, 0, 17, 255, 161, 74, 235, 17, 224, 0, 0, 248, 0, 0, 84, 0, 0, 29, 10, 29]
1542791081533;[171, 0, 4, 255, 132, 128, 102]
1542791081560;[171, 0, 17, 255, 161, 74, 235, 17, 224, 0, 0, 34, 0, 0, 178, 0, 0, 78, 10, 82]
1542791081562;[171, 0, 17, 255, 161, 74, 235, 17, 224, 0, 1, 2, 0, 0, 84, 0, 0, 110, 10, 90]
1542791081563;[171, 0, 17, 255, 161, 74, 235, 17, 224, 0, 0, 234, 0, 0, 82, 0, 0, 21, 10, 74]
1542791081704;[171, 0, 17, 255, 161, 74, 235, 17, 224, 0, 0, 219, 0, 0, 85, 0, 0, 48, 10, 54]
1542791081707;[171, 0, 17, 255, 161, 74, 235, 17, 224, 0, 0, 236, 0, 0, 87, 0, 0, 65, 10, 161]
1542791081876;[171, 0, 17, 255, 161, 74, 235, 17, 224, 0, 0, 239, 0, 0, 81, 0, 0, 70, 10, 190]
1542791081879;[171, 0, 17, 255, 161, 74, 235, 17, 224, 0, 0, 236, 0, 0, 89, 0, 0, 44, 10, 135]
1542791082049;[171, 0, 17, 255, 161, 74, 235, 17, 224, 0, 0, 235, 0, 0, 80, 0, 0, 56, 10, 7]
1542791082053;[171, 0, 17, 255, 161, 74, 235, 17, 224, 0, 0, 236, 0, 0, 92, 0, 0, 55, 9, 141]
1542791082221;[171, 0, 17, 255, 161, 74, 235, 17, 225, 0, 1, 94, 0, 0, 68, 0, 0, 60, 9, 190]
1542791082569;[171, 0, 4, 255, 132, 128, 101]
1542791082595;[171, 0, 17, 255, 161, 74, 235, 17, 225, 0, 1, 18, 0, 0, 54, 0, 0, 84, 9, 243]
1542791082597;[171, 0, 17, 255, 161, 74, 235, 17, 225, 0, 0, 223, 0, 0, 59, 0, 0, 63, 9, 227]
1542791082599;[171, 0, 17, 255, 161, 74, 235, 17, 225, 0, 0, 255, 0, 0, 59, 0, 0, 63, 9, 177]
1542791082739;[171, 0, 17, 255, 161, 74, 235, 17, 225, 0, 1, 1, 0, 0, 45, 0, 0, 90, 9, 133]
1542791082743;[171, 0, 17, 255, 161, 74, 235, 17, 225, 0, 0, 225, 0, 0, 40, 0, 0, 81, 9, 125]
1542791082911;[171, 0, 17, 255, 161, 74, 235, 17, 225, 0, 0, 233, 0, 0, 44, 0, 0, 81, 9, 101]
1542791083083;[171, 0, 17, 255, 161, 74, 235, 17, 225, 0, 0, 249, 0, 0, 17, 0, 0, 86, 9, 47]
1542791083087;[171, 0, 17, 255, 161, 74, 235, 17, 225, 0, 1, 7, 0, 0, 23, 0, 0, 79, 8, 230]
1542791083431;[171, 0, 17, 255, 161, 74, 235, 17, 225, 0, 0, 242, 0, 0, 41, 0, 0, 69, 8, 152]
1542791083435;[171, 0, 17, 255, 161, 74, 235, 17, 226, 0, 0, 248, 0, 0, 36, 0, 0, 45, 8, 185]
1542791083439;[171, 0, 4, 255, 132, 128, 101]
1542791083465;[171, 0, 17, 255, 161, 74, 235, 17, 226, 0, 0, 245, 0, 0, 36, 0, 0, 32, 8, 177]
1542791083774;[171, 0, 17, 255, 161, 74, 235, 17, 226, 0, 0, 247, 0, 0, 31, 0, 0, 22, 8, 101]
1542791083779;[171, 0, 17, 255, 161, 74, 235, 17, 226, 0, 0, 253, 0, 0, 40, 0, 0, 14, 7, 254]
1542791083783;[171, 0, 17, 255, 161, 74, 235, 17, 226, 0, 0, 254, 0, 0, 38, 0, 0, 12, 7, 154]
1542791083946;[171, 0, 17, 255, 161, 74, 235, 17, 226, 0, 0, 250, 0, 0, 41, 0, 0, 12, 7, 159]
1542791083950;[171, 0, 17, 255, 161, 74, 235, 17, 226, 0, 0, 249, 0, 0, 40, 0, 0, 11, 7, 111]
1542791084118;[171, 0, 17, 255, 161, 74, 235, 17, 226, 0, 0, 251, 0, 0, 39, 0, 0, 8, 7, 41]
1542791084291;[171, 0, 17, 255, 161, 74, 235, 17, 226, 0, 0, 252, 0, 0, 40, 0, 0, 9, 6, 232]
1542791084295;[171, 0, 17, 255, 161, 74, 235, 17, 226, 0, 0, 248, 0, 0, 41, 0, 0, 7, 6, 201]
1542791084463;[171, 0, 17, 255, 161, 74, 235, 17, 227, 0, 0, 251, 0, 0, 37, 0, 0, 8, 6, 233]
1542791084466;[171, 0, 4, 255, 132, 128, 102]
1542791084636;[171, 0, 17, 255, 161, 74, 235, 17, 227, 0, 0, 253, 0, 0, 38, 0, 0, 8, 6, 217]
1542791084640;[171, 0, 17, 255, 161, 74, 235, 17, 227, 0, 0, 252, 0, 0, 38, 0, 0, 7, 6, 177]
1542791084808;[171, 0, 17, 255, 161, 74, 235, 17, 227, 0, 0, 251, 0, 0, 41, 0, 0, 6, 6, 127]
1542791085156;[171, 0, 17, 255, 161, 74, 235, 17, 227, 0, 0, 250, 0, 0, 36, 0, 0, 4, 6, 166]
1542791085160;[171, 0, 17, 255, 161, 74, 235, 17, 227, 0, 0, 254, 0, 0, 39, 0, 0, 5, 6, 239]
1542791085164;[171, 0, 17, 255, 161, 74, 235, 17, 227, 0, 0, 251, 0, 0, 40, 0, 0, 4, 6, 242]
1542791085168;[171, 0, 17, 255, 161, 74, 235, 17, 227, 0, 0, 254, 0, 0, 39, 0, 0, 1, 6, 222]
1542791085335;[171, 0, 17, 255, 161, 74, 235, 17, 227, 0, 0, 242, 0, 0, 41, 1, 0, 1, 6, 201]
1542791085337;[171, 0, 17, 255, 161, 74, 235, 17, 227, 0, 0, 251, 0, 0, 43, 1, 0, 2, 7, 48]
1542791085499;[171, 0, 17, 255, 161, 74, 235, 17, 228, 0, 0, 253, 0, 0, 40, 1, 0, 2, 7, 177]
1542791085670;[171, 0, 4, 255, 132, 128, 103]
1542791085697;[171, 0, 17, 255, 161, 74, 235, 17, 228, 0, 0, 252, 0, 0, 40, 1, 0, 3, 7, 207]
1542791085843;[171, 0, 17, 255, 161, 74, 235, 17, 228, 0, 0, 252, 0, 0, 43, 1, 0, 3, 7, 197]
1542791085847;[171, 0, 17, 255, 161, 74, 235, 17, 228, 0, 1, 2, 0, 0, 39, 1, 0, 3, 7, 180]
1542791086015;[171, 0, 17, 255, 161, 74, 235, 17, 228, 0, 0, 249, 0, 0, 37, 1, 0, 4, 7, 250]
1542791086363;[171, 0, 17, 255, 161, 74, 235, 17, 228, 0, 0, 254, 0, 0, 42, 1, 0, 4, 8, 123]
1542791086367;[171, 0, 17, 255, 161, 74, 235, 17, 228, 0, 0, 250, 0, 0, 39, 1, 0, 4, 8, 137]
1542791086371;[171, 0, 17, 255, 161, 74, 235, 17, 228, 0, 0, 251, 0, 0, 39, 1, 0, 5, 8, 118]
1542791086375;[171, 0, 17, 255, 161, 74, 235, 17, 228, 0, 0, 250, 0, 0, 39, 1, 0, 2, 8, 98]
1542791086533;[171, 0, 17, 255, 161, 74, 235, 17, 228, 0, 0, 252, 0, 0, 41, 1, 0, 1, 8, 86]
1542791086537;[171, 0, 17, 255, 161, 74, 235, 17, 229, 0, 0, 250, 0, 0, 38, 1, 0, 4, 8, 246]
1542791086705;[171, 0, 4, 255, 132, 128, 104]
1542791086878;[171, 0, 17, 255, 161, 74, 235, 17, 229, 0, 0, 249, 0, 0, 39, 1, 0, 4, 9, 58]
1542791086883;[171, 0, 17, 255, 161, 74, 235, 17, 229, 0, 0, 252, 0, 0, 38, 1, 0, 4, 9, 42]
1542791087051;[171, 0, 17, 255, 161, 74, 235, 17, 229, 0, 0, 254, 0, 0, 40, 1, 0, 4, 9, 21]
1542791087055;[171, 0, 17, 255, 161, 74, 235, 17, 229, 0, 0, 252, 0, 0, 39, 1, 0, 3, 8, 254]
1542791087396;[171, 0, 17, 255, 161, 74, 235, 17, 229, 0, 0, 253, 0, 0, 40, 1, 0, 2, 9, 179]
1542791087743;[171, 0, 17, 255, 161, 74, 235, 17, 229, 0, 0, 251, 0, 0, 39, 1, 0, 4, 10, 35]
1542791087747;[171, 0, 17, 255, 161, 74, 235, 17, 229, 0, 0, 252, 0, 0, 39, 1, 0, 4, 10, 49]
1542791087751;[171, 0, 17, 255, 161, 74, 235, 17, 229, 0, 0, 250, 0, 0, 41, 1, 0, 4, 10, 23]
1542791087755;[171, 0, 17, 255, 161, 74, 235, 17, 229, 0, 0, 250, 0, 0, 39, 1, 0, 4, 9, 247]
1542791087914;[171, 0, 17, 255, 161, 74, 235, 17, 232, 0, 0, 253, 0, 0, 37, 1, 0, 16, 12, 231]
1542791087918;[171, 0, 17, 255, 161, 74, 235, 17, 232, 0, 0, 254, 0, 0, 39, 1, 0, 16, 12, 176]
1542791088259;[171, 0, 17, 255, 161, 74, 235, 17, 232, 0, 0, 253, 0, 0, 42, 1, 0, 16, 12, 90]
1542791088264;[171, 0, 17, 255, 161, 74, 235, 17, 232, 0, 0, 249, 0, 0, 43, 1, 0, 15, 12, 150]
1542791088267;[171, 0, 17, 255, 161, 74, 235, 17, 232, 0, 0, 250, 0, 0, 43, 1, 0, 13, 13, 20]
1542791088431;[171, 0, 17, 255, 161, 74, 235, 17, 232, 0, 0, 251, 0, 0, 42, 1, 0, 16, 13, 12]
1542791088437;[171, 0, 17, 255, 161, 74, 235, 17, 232, 0, 0, 251, 0, 0, 42, 1, 0, 14, 12, 210]
1542791088603;[171, 0, 17, 255, 161, 74, 235, 17, 232, 0, 0, 248, 0, 0, 38, 1, 0, 14, 12, 153]
1542791088949;[171, 0, 17, 255, 161, 74, 235, 17, 232, 0, 0, 251, 0, 0, 39, 1, 0, 16, 12, 76]
1542791088953;[171, 0, 17, 255, 161, 74, 235, 17, 233, 0, 0, 252, 0, 0, 41, 1, 0, 17, 11, 248]
1542791088957;[171, 0, 4, 255, 132, 128, 108]
1542791088983;[171, 0, 17, 255, 161, 74, 235, 17, 233, 0, 0, 250, 0, 0, 41, 1, 0, 16, 12, 121]
1542791089120;[171, 0, 17, 255, 161, 74, 235, 17, 233, 0, 0, 250, 0, 0, 41, 1, 0, 17, 12, 180]
1542791089294;[171, 0, 17, 255, 161, 74, 235, 17, 233, 0, 0, 250, 0, 0, 41, 1, 0, 16, 12, 132]
1542791089298;[171, 0, 17, 255, 161, 74, 235, 17, 233, 0, 0, 252, 0, 0, 42, 1, 0, 16, 12, 77]
1542791089813;[171, 0, 17, 255, 161, 74, 235, 17, 233, 0, 0, 252, 0, 0, 42, 1, 0, 17, 12, 16]
1542791089817;[171, 0, 17, 255, 161, 74, 235, 17, 233, 0, 0, 252, 0, 0, 43, 1, 0, 15, 11, 202]
1542791089821;[171, 0, 17, 255, 161, 74, 235, 17, 233, 0, 0, 249, 0, 0, 42, 1, 0, 15, 11, 208]
1542791089825;[171, 0, 17, 255, 161, 74, 235, 17, 233, 0, 0, 251, 0, 0, 40, 1, 0, 16, 12, 49]
1542791090346;[171, 0, 17, 255, 161, 74, 235, 17, 233, 0, 0, 251, 0, 0, 43, 1, 0, 16, 12, 22]
1542791090348;[171, 0, 17, 255, 161, 74, 235, 17, 234, 0, 0, 250, 0, 0, 40, 1, 0, 17, 11, 212]
1542791090350;[171, 0, 4, 255, 132, 128, 109]
1542791090353;[171, 0, 17, 255, 161, 74, 235, 17, 234, 0, 0, 252, 0, 0, 41, 1, 0, 15, 11, 154]
1542791090504;[171, 0, 17, 255, 161, 74, 235, 17, 234, 0, 0, 251, 0, 0, 41, 1, 0, 17, 11, 77]
1542791090507;[171, 0, 17, 255, 161, 74, 235, 17, 234, 0, 0, 249, 0, 0, 40, 1, 0, 17, 11, 53]
1542791090511;[171, 0, 17, 255, 161, 74, 235, 17, 234, 0, 0, 252, 0, 0, 41, 1, 0, 16, 11, 173]
1542791090516;[171, 0, 17, 255, 161, 74, 235, 17, 234, 0, 0, 251, 0, 0, 40, 1, 0, 17, 11, 182]
1542791090848;[171, 0, 17, 255, 161, 74, 235, 17, 234, 0, 0, 250, 0, 0, 40, 1, 0, 16, 11, 133]
1542791090852;[171, 0, 17, 255, 161, 74, 235, 17, 234, 0, 0, 248, 0, 0, 41, 1, 0, 17, 11, 84]
1542791090856;[171, 0, 17, 255, 161, 74, 235, 17, 234, 0, 0, 247, 0, 0, 46, 1, 0, 22, 11, 22]
1542791090860;[171, 0, 17, 255, 161, 74, 235, 17, 234, 0, 0, 253, 0, 0, 45, 1, 0, 13, 10, 225]
1542791091018;[171, 0, 17, 255, 161, 74, 235, 17, 235, 0, 0, 247, 0, 0, 51, 1, 0, 20, 11, 53]
1542791091192;[171, 0, 4, 255, 132, 128, 109]
1542791091219;[171, 0, 17, 255, 161, 74, 235, 17, 235, 0, 0, 247, 0, 0, 49, 1, 0, 32, 11, 24]
1542791091711;[171, 0, 17, 255, 161, 74, 235, 17, 235, 0, 0, 246, 0, 0, 48, 1, 0, 42, 10, 127]
1542791091715;[171, 0, 17, 255, 161, 74, 235, 17, 235, 0, 0, 240, 0, 0, 53, 1, 0, 56, 9, 183]
1542791091719;[171, 0, 17, 255, 161, 74, 235, 17, 235, 0, 0, 243, 0, 0, 51, 1, 0, 72, 8, 248]
1542791091723;[171, 0, 17, 255, 161, 74, 235, 17, 235, 0, 0, 230, 0, 0, 58, 1, 0, 73, 8, 33]
1542791091883;[171, 0, 17, 255, 161, 74, 235, 17, 235, 0, 0, 236, 0, 0, 58, 1, 0, 75, 7, 175]
1542791091889;[171, 0, 17, 255, 161, 74, 235, 17, 235, 0, 0, 236, 0, 0, 57, 1, 0, 78, 7, 75]
1542791091891;[171, 0, 17, 255, 161, 74, 235, 17, 235, 0, 0, 235, 0, 0, 55, 1, 0, 78, 6, 229]
1542791092053;[171, 0, 17, 255, 161, 74, 235, 17, 235, 0, 0, 226, 0, 0, 53, 1, 0, 85, 6, 128]
1542791092057;[171, 0, 17, 255, 161, 74, 235, 17, 236, 0, 0, 234, 0, 0, 56, 1, 0, 83, 6, 7]
1542791092225;[171, 0, 4, 255, 132, 128, 108]
1542791092252;[171, 0, 17, 255, 161, 74, 235, 17, 236, 0, 0, 245, 0, 0, 56, 1, 0, 85, 5, 150]
1542791092399;[171, 0, 17, 255, 161, 74, 235, 17, 236, 0, 0, 233, 0, 0, 62, 1, 0, 89, 5, 129]
1542791092744;[171, 0, 17, 255, 161, 74, 235, 17, 236, 0, 1, 7, 0, 0, 56, 1, 0, 96, 5, 141]
1542791092749;[171, 0, 17, 255, 161, 74, 235, 17, 236, 0, 0, 207, 0, 0, 64, 1, 0, 177, 5, 202]
1542791092753;[171, 0, 17, 255, 161, 74, 235, 17, 236, 0, 1, 120, 0, 0, 117, 0, 0, 14, 4, 95]
1542791092757;[171, 0, 17, 255, 161, 74, 235, 17, 236, 0, 0, 194, 0, 0, 65, 1, 0, 154, 5, 40]
1542791092915;[171, 0, 17, 255, 161, 74, 235, 17, 236, 0, 0, 205, 0, 0, 67, 1, 0, 151, 5, 189]
1542791093088;[171, 0, 17, 255, 161, 74, 235, 17, 236, 0, 0, 179, 0, 0, 74, 1, 0, 154, 6, 101]
1542791093092;[171, 0, 17, 255, 161, 74, 235, 17, 236, 0, 0, 198, 0, 0, 60, 1, 0, 167, 6, 148]
1542791093262;[171, 0, 17, 255, 161, 74, 235, 17, 237, 0, 0, 190, 0, 0, 60, 1, 0, 152, 6, 132]
1542791093266;[171, 0, 4, 255, 132, 128, 107]
1542791093434;[171, 0, 17, 255, 161, 74, 235, 17, 237, 0, 0, 191, 0, 0, 57, 1, 0, 158, 6, 90]
1542791093438;[171, 0, 17, 255, 161, 74, 235, 17, 237, 0, 0, 190, 0, 0, 57, 1, 0, 157, 6, 19]
1542791093606;[171, 0, 17, 255, 161, 74, 235, 17, 237, 0, 0, 195, 0, 0, 53, 1, 0, 156, 5, 165]
1542791093778;[171, 0, 17, 255, 161, 74, 235, 17, 237, 0, 0, 194, 0, 0, 50, 1, 0, 155, 5, 176]
1542791094125;[171, 0, 17, 255, 161, 74, 235, 17, 237, 0, 0, 195, 0, 0, 48, 1, 0, 156, 5, 167]
1542791094128;[171, 0, 17, 255, 161, 74, 235, 17, 237, 0, 0, 195, 0, 0, 46, 1, 0, 156, 5, 82]
1542791094133;[171, 0, 17, 255, 161, 74, 235, 17, 237, 0, 0, 197, 0, 0, 46, 1, 0, 155, 4, 246]
1542791094297;[171, 0, 17, 255, 161, 74, 235, 17, 237, 0, 0, 194, 0, 0, 46, 1, 0, 157, 4, 156]
1542791094301;[171, 0, 17, 255, 161, 74, 235, 17, 237, 0, 0, 195, 0, 0, 47, 1, 0, 155, 4, 59]
1542791094305;[171, 0, 17, 255, 161, 74, 235, 17, 238, 0, 0, 196, 0, 0, 47, 1, 0, 156, 4, 34]
1542791094468;[171, 0, 4, 255, 132, 128, 106]
1542791094494;[171, 0, 17, 255, 161, 74, 235, 17, 238, 0, 0, 196, 0, 0, 47, 1, 0, 156, 4, 85]
1542791094640;[171, 0, 17, 255, 161, 74, 235, 17, 238, 0, 0, 194, 0, 0, 48, 1, 0, 157, 4, 72]
1542791094644;[171, 0, 17, 255, 161, 74, 235, 17, 238, 0, 0, 196, 0, 0, 48, 1, 0, 156, 4, 31]
1542791094813;[171, 0, 17, 255, 161, 74, 235, 17, 238, 0, 0, 195, 0, 0, 47, 1, 0, 156, 3, 234]
1542791094985;[171, 0, 17, 255, 161, 74, 235, 17, 238, 0, 0, 198, 0, 0, 49, 1, 0, 155, 3, 164]
1542791094989;[171, 0, 17, 255, 161, 74, 235, 17, 238, 0, 0, 195, 0, 0, 48, 1, 0, 155, 3, 191]
1542791095354;[171, 0, 17, 255, 161, 74, 235, 17, 238, 0, 0, 195, 0, 0, 44, 1, 0, 156, 3, 222]
1542791095356;[171, 0, 17, 255, 161, 74, 235, 17, 238, 0, 0, 194, 0, 0, 46, 1, 0, 155, 3, 182]
1542791095358;[171, 0, 17, 255, 161, 74, 235, 17, 238, 0, 0, 195, 0, 0, 46, 1, 0, 157, 3, 119]
1542791095360;[171, 0, 17, 255, 161, 74, 235, 17, 239, 0, 0, 193, 0, 0, 44, 1, 0, 156, 3, 64]
1542791095503;[171, 0, 4, 255, 132, 128, 106]
1542791095855;[171, 0, 17, 255, 161, 74, 235, 17, 239, 0, 0, 196, 0, 0, 44, 1, 0, 156, 2, 252]
1542791095857;[171, 0, 17, 255, 161, 74, 235, 17, 239, 0, 0, 193, 0, 0, 45, 1, 0, 157, 2, 252]
1542791095863;[171, 0, 17, 255, 161, 74, 235, 17, 239, 0, 0, 196, 0, 0, 48, 1, 0, 156, 3, 47]
1542791095866;[171, 0, 17, 255, 161, 74, 235, 17, 239, 0, 0, 193, 0, 0, 45, 1, 0, 158, 3, 38]
1542791096016;[171, 0, 17, 255, 161, 74, 235, 17, 239, 0, 0, 196, 0, 0, 48, 1, 0, 157, 3, 13]
1542791096194;[171, 0, 17, 255, 161, 74, 235, 17, 239, 0, 0, 193, 0, 0, 45, 1, 0, 157, 2, 238]
1542791096201;[171, 0, 17, 255, 161, 74, 235, 17, 239, 0, 0, 197, 0, 0, 45, 1, 0, 157, 2, 184]
1542791096366;[171, 0, 17, 255, 161, 74, 235, 17, 239, 0, 0, 193, 0, 0, 48, 1, 0, 157, 2, 255]
1542791096370;[171, 0, 17, 255, 161, 74, 235, 17, 239, 0, 0, 193, 0, 0, 49, 1, 0, 156, 3, 38]
1542791096711;[171, 0, 17, 255, 161, 74, 235, 17, 240, 0, 0, 192, 0, 0, 47, 1, 0, 156, 3, 17]
1542791096715;[171, 0, 4, 255, 132, 128, 106]
1542791096741;[171, 0, 17, 255, 161, 74, 235, 17, 240, 0, 0, 195, 0, 0, 47, 1, 0, 157, 2, 237]
1542791096884;[171, 0, 17, 255, 161, 74, 235, 17, 240, 0, 0, 194, 0, 0, 45, 1, 0, 156, 2, 184]
1542791096888;[171, 0, 17, 255, 161, 74, 235, 17, 240, 0, 0, 195, 0, 0, 48, 1, 0, 157, 2, 141]
1542791097056;[171, 0, 17, 255, 161, 74, 235, 17, 240, 0, 0, 194, 0, 0, 46, 1, 0, 158, 2, 208]
1542791097060;[171, 0, 17, 255, 161, 74, 235, 17, 240, 0, 0, 193, 0, 0, 46, 1, 0, 157, 2, 221]
1542791097229;[171, 0, 17, 255, 161, 74, 235, 17, 240, 0, 0, 193, 0, 0, 46, 1, 0, 158, 2, 197]
1542791097233;[171, 0, 17, 255, 161, 74, 235, 17, 240, 0, 0, 195, 0, 0, 47, 1, 0, 156, 2, 165]
1542791097401;[171, 0, 17, 255, 161, 74, 235, 17, 240, 0, 0, 196, 0, 0, 47, 1, 0, 157, 2, 116]
1542791097573;[171, 0, 17, 255, 161, 74, 235, 17, 240, 0, 0, 197, 0, 0, 43, 1, 0, 158, 2, 122]
1542791097577;[171, 0, 17, 255, 161, 74, 235, 17, 241, 0, 0, 194, 0, 0, 45, 1, 0, 157, 2, 195]
1542791097919;[171, 0, 4, 255, 132, 128, 105]
1542791097945;[171, 0, 17, 255, 161, 74, 235, 17, 241, 0, 0, 193, 0, 0, 47, 1, 0, 158, 2, 203]
1542791097947;[171, 0, 17, 255, 161, 74, 235, 17, 241, 0, 0, 193, 0, 0, 46, 1, 0, 157, 2, 166]
1542791098090;[171, 0, 17, 255, 161, 74, 235, 17, 241, 0, 0, 193, 0, 0, 46, 1, 0, 158, 2, 135]
1542791098094;[171, 0, 17, 255, 161, 74, 235, 17, 241, 0, 0, 195, 0, 0, 46, 1, 0, 157, 2, 79]
1542791098264;[171, 0, 17, 255, 161, 74, 235, 17, 241, 0, 0, 195, 0, 0, 46, 1, 0, 158, 2, 157]
1542791098268;[171, 0, 17, 255, 161, 74, 235, 17, 241, 0, 0, 193, 0, 0, 46, 1, 0, 157, 2, 223]
1542791098609;[171, 0, 17, 255, 161, 74, 235, 17, 241, 0, 0, 194, 0, 0, 46, 1, 0, 156, 2, 210]
1542791098613;[171, 0, 17, 255, 161, 74, 235, 17, 241, 0, 0, 191, 0, 0, 46, 1, 0, 156, 2, 181]
1542791098617;[171, 0, 17, 255, 161, 74, 235, 17, 241, 0, 0, 195, 0, 0, 47, 1, 0, 158, 2, 134]
1542791098782;[171, 0, 17, 255, 161, 74, 235, 17, 242, 0, 0, 191, 0, 0, 44, 1, 0, 157, 2, 135]
1542791098786;[171, 0, 4, 255, 132, 128, 105]
1542791099131;[171, 0, 17, 255, 161, 74, 235, 17, 242, 0, 0, 195, 0, 0, 45, 1, 0, 158, 2, 230]
1542791099133;[171, 0, 17, 255, 161, 74, 235, 17, 242, 0, 0, 192, 0, 0, 44, 1, 0, 156, 3, 5]
1542791099136;[171, 0, 17, 255, 161, 74, 235, 17, 242, 0, 0, 196, 0, 0, 43, 1, 0, 158, 2, 239]
1542791099140;[171, 0, 17, 255, 161, 74, 235, 17, 242, 0, 0, 200, 0, 0, 54, 1, 0, 158, 2, 242]
1542791099298;[171, 0, 17, 255, 161, 74, 235, 17, 242, 0, 0, 192, 0, 0, 50, 1, 0, 159, 2, 232]
1542791099470;[171, 0, 17, 255, 161, 74, 235, 17, 242, 0, 0, 189, 0, 0, 52, 1, 0, 158, 3, 117]
1542791099474;[171, 0, 17, 255, 161, 74, 235, 17, 242, 0, 0, 192, 0, 0, 52, 1, 0, 162, 3, 242]
1542791099644;[171, 0, 17, 255, 161, 74, 235, 17, 242, 0, 0, 189, 0, 0, 54, 1, 0, 159, 4, 39]
1542791099647;[171, 0, 17, 255, 161, 74, 235, 17, 242, 0, 0, 193, 0, 0, 50, 1, 0, 160, 4, 76]
1542791099815;[171, 0, 17, 255, 161, 74, 235, 17, 243, 0, 0, 193, 0, 0, 50, 1, 0, 158, 4, 102]
1542791099988;[171, 0, 4, 255, 132, 128, 104]
1542791100014;[171, 0, 17, 255, 161, 74, 235, 17, 243, 0, 0, 194, 0, 0, 52, 1, 0, 162, 4, 166]
1542791100162;[171, 0, 17, 255, 161, 74, 235, 17, 243, 0, 0, 189, 0, 0, 49, 1, 0, 163, 5, 129]
1542791100166;[171, 0, 17, 255, 161, 74, 235, 17, 243, 0, 0, 192, 0, 0, 58, 1, 0, 158, 6, 37]
1542791100506;[171, 0, 17, 255, 161, 74, 235, 17, 243, 0, 0, 188, 0, 0, 60, 1, 0, 162, 6, 136]
1542791100511;[171, 0, 17, 255, 161, 74, 235, 17, 243, 0, 0, 191, 0, 0, 58, 1, 0, 166, 6, 207]
1542791100515;[171, 0, 17, 255, 161, 74, 235, 17, 243, 0, 0, 191, 0, 0, 56, 1, 0, 164, 6, 239]
1542791100679;[171, 0, 17, 255, 161, 74, 235, 17, 243, 0, 0, 190, 0, 0, 56, 1, 0, 160, 7, 82]
1542791100683;[171, 0, 17, 255, 161, 74, 235, 17, 243, 0, 0, 189, 0, 0, 58, 1, 0, 158, 8, 10]
1542791100851;[171, 0, 17, 255, 161, 74, 235, 17, 243, 0, 0, 190, 0, 0, 58, 1, 0, 160, 8, 63]
1542791100855;[171, 0, 17, 255, 161, 74, 235, 17, 244, 0, 0, 190, 0, 0, 57, 1, 0, 159, 8, 60]
1542791101024;[171, 0, 4, 255, 132, 128, 104]
1542791101276;[171, 0, 17, 255, 161, 74, 235, 17, 244, 0, 0, 189, 0, 0, 53, 1, 0, 160, 8, 35]
1542791101278;[171, 0, 17, 255, 161, 74, 235, 17, 244, 0, 0, 191, 0, 0, 56, 1, 0, 160, 7, 241]
1542791101369;[171, 0, 17, 255, 161, 74, 235, 17, 244, 0, 0, 191, 0, 0, 56, 1, 0, 159, 8, 56]
1542791101373;[171, 0, 17, 255, 161, 74, 235, 17, 244, 0, 0, 188, 0, 0, 56, 1, 0, 159, 8, 169]
1542791101714;[171, 0, 17, 255, 161, 74, 235, 17, 244, 0, 0, 190, 0, 0, 55, 1, 0, 160, 8, 182]
1542791101718;[171, 0, 17, 255, 161, 74, 235, 17, 244, 0, 0, 191, 0, 0, 56, 1, 0, 160, 8, 155]
1542791101722;[171, 0, 17, 255, 161, 74, 235, 17, 244, 0, 0, 189, 0, 0, 56, 1, 0, 160, 8, 115]
1542791102060;[171, 0, 17, 255, 161, 74, 235, 17, 244, 0, 0, 193, 0, 0, 58, 1, 0, 160, 8, 48]
1542791102064;[171, 0, 17, 255, 161, 74, 235, 17, 244, 0, 0, 192, 0, 0, 53, 1, 0, 160, 8, 144]
1542791102068;[171, 0, 17, 255, 161, 74, 235, 17, 245, 0, 0, 190, 0, 0, 55, 1, 0, 161, 8, 239]
1542791102072;[171, 0, 4, 255, 132, 128, 104]
1542791102231;[171, 0, 17, 255, 161, 74, 235, 17, 245, 0, 0, 191, 0, 0, 56, 1, 0, 160, 8, 226]
1542791102235;[171, 0, 17, 255, 161, 74, 235, 17, 245, 0, 0, 189, 0, 0, 54, 1, 0, 159, 8, 187]
1542791102404;[171, 0, 17, 255, 161, 74, 235, 17, 245, 0, 0, 190, 0, 0, 56, 1, 0, 160, 8, 136]
1542791102578;[171, 0, 17, 255, 161, 74, 235, 17, 245, 0, 0, 188, 0, 0, 54, 1, 0, 161, 8, 152]
1542791102582;[171, 0, 17, 255, 161, 74, 235, 17, 245, 0, 0, 188, 0, 0, 57, 1, 0, 161, 9, 22]
1542791102749;[171, 0, 17, 255, 161, 74, 235, 17, 245, 0, 0, 189, 0, 0, 55, 1, 0, 160, 9, 21]
1542791102753;[171, 0, 17, 255, 161, 74, 235, 17, 245, 0, 0, 191, 0, 0, 55, 1, 0, 159, 8, 245]
1542791103094;[171, 0, 17, 255, 161, 74, 235, 17, 245, 0, 0, 190, 0, 0, 57, 1, 0, 160, 8, 193]
1542791103098;[171, 0, 17, 255, 161, 74, 235, 17, 246, 0, 0, 190, 0, 0, 54, 1, 0, 159, 8, 119]
1542791103102;[171, 0, 17, 255, 161, 74, 235, 17, 246, 0, 0, 191, 0, 0, 53, 1, 0, 160, 8, 90]
1542791103266;[171, 0, 4, 255, 132, 128, 104]
1542791103292;[171, 0, 17, 255, 161, 74, 235, 17, 246, 0, 0, 189, 0, 0, 54, 1, 0, 160, 8, 217]
1542791103440;[171, 0, 17, 255, 161, 74, 235, 17, 246, 0, 0, 189, 0, 0, 55, 1, 0, 159, 8, 248]
1542791103444;[171, 0, 17, 255, 161, 74, 235, 17, 246, 0, 0, 192, 0, 0, 52, 1, 0, 159, 8, 203]
1542791103611;[171, 0, 17, 255, 161, 74, 235, 17, 246, 0, 0, 190, 0, 0, 55, 1, 0, 161, 8, 163]
1542791103784;[171, 0, 17, 255, 161, 74, 235, 17, 246, 0, 0, 188, 0, 0, 55, 1, 0, 160, 8, 101]
1542791103788;[171, 0, 17, 255, 161, 74, 235, 17, 246, 0, 0, 191, 0, 0, 55, 1, 0, 160, 8, 36]
1542791103956;[171, 0, 17, 255, 161, 74, 235, 17, 246, 0, 0, 190, 0, 0, 55, 1, 0, 159, 8, 109]
1542791103960;[171, 0, 17, 255, 161, 74, 235, 17, 246, 0, 0, 195, 0, 0, 58, 1, 0, 160, 8, 152]
1542791104302;[171, 0, 17, 255, 161, 74, 235, 17, 247, 0, 0, 191, 0, 0, 55, 1, 0, 160, 8, 109]
1542791104306;[171, 0, 17, 255, 161, 74, 235, 17, 247, 0, 0, 189, 0, 0, 56, 1, 0, 159, 8, 64]
1542791104473;[171, 0, 4, 255, 132, 128, 104]
1542791104499;[171, 0, 17, 255, 161, 74, 235, 17, 247, 0, 0, 190, 0, 0, 54, 1, 0, 159, 8, 3]
1542791104501;[171, 0, 17, 255, 161, 74, 235, 17, 247, 0, 0, 191, 0, 0, 55, 1, 0, 160, 7, 186]
1542791104646;[171, 0, 17, 255, 161, 74, 235, 17, 247, 0, 0, 187, 0, 0, 55, 1, 0, 161, 7, 208]
1542791104650;[171, 0, 17, 255, 161, 74, 235, 17, 247, 0, 0, 191, 0, 0, 55, 1, 0, 161, 8, 18]
1542791104818;[171, 0, 17, 255, 161, 74, 235, 17, 247, 0, 0, 192, 0, 0, 54, 1, 0, 158, 7, 243]
1542791104991;[171, 0, 17, 255, 161, 74, 235, 17, 247, 0, 0, 191, 0, 0, 54, 1, 0, 159, 7, 197]
1542791104995;[171, 0, 17, 255, 161, 74, 235, 17, 247, 0, 0, 192, 0, 0, 57, 1, 0, 160, 7, 147]
1542791105163;[171, 0, 17, 255, 161, 74, 235, 17, 247, 0, 0, 191, 0, 0, 55, 1, 0, 161, 7, 88]
1542791105167;[171, 0, 17, 255, 161, 74, 235, 17, 248, 0, 0, 190, 0, 0, 56, 1, 0, 161, 7, 40]
1542791105683;[171, 0, 17, 255, 161, 74, 235, 17, 248, 0, 0, 189, 0, 0, 55, 1, 0, 160, 7, 109]
1542791105687;[171, 0, 4, 255, 132, 128, 104]
1542791105714;[171, 0, 17, 255, 161, 74, 235, 17, 248, 0, 0, 193, 0, 0, 54, 1, 0, 161, 7, 110]
1542791105716;[171, 0, 17, 255, 161, 74, 235, 17, 248, 0, 0, 190, 0, 0, 54, 1, 0, 159, 7, 72]
1542791105854;[171, 0, 17, 255, 161, 74, 235, 17, 248, 0, 0, 199, 0, 0, 62, 1, 0, 157, 7, 20]
1542791105858;[171, 0, 17, 255, 161, 74, 235, 17, 248, 0, 0, 178, 0, 0, 39, 1, 0, 135, 6, 164]
1542791105861;[171, 0, 17, 255, 161, 74, 235, 17, 248, 0, 0, 184, 0, 0, 46, 1, 0, 177, 6, 94]
1542791106026;[171, 0, 17, 255, 161, 74, 235, 17, 248, 0, 0, 171, 0, 0, 39, 1, 0, 176, 6, 119]
1542791106030;[171, 0, 17, 255, 161, 74, 235, 17, 248, 0, 0, 167, 0, 0, 35, 1, 0, 175, 6, 253]
1542791106208;[171, 0, 17, 255, 161, 74, 235, 17, 248, 0, 0, 176, 0, 0, 32, 1, 0, 183, 6, 255]
1542791106370;[171, 0, 17, 255, 161, 74, 235, 17, 249, 0, 0, 192, 0, 0, 31, 1, 0, 166, 6, 212]
1542791106374;[171, 0, 17, 255, 161, 74, 235, 17, 249, 0, 0, 195, 0, 0, 18, 1, 0, 165, 6, 120]
1542791106543;[171, 0, 4, 255, 132, 128, 103]
1542791106570;[171, 0, 17, 255, 161, 74, 235, 17, 249, 0, 0, 197, 0, 0, 18, 1, 0, 160, 6, 58]
1542791106890;[171, 0, 17, 255, 161, 74, 235, 17, 249, 0, 0, 198, 0, 0, 22, 1, 0, 153, 6, 69]
1542791106894;[171, 0, 17, 255, 161, 74, 235, 17, 249, 0, 0, 210, 0, 0, 25, 1, 0, 146, 6, 253]
1542791106899;[171, 0, 17, 255, 161, 74, 235, 17, 249, 0, 0, 238, 0, 0, 30, 1, 0, 113, 7, 60]
1542791107061;[171, 0, 17, 255, 161, 74, 235, 17, 249, 0, 1, 1, 0, 0, 37, 1, 0, 98, 7, 3]
1542791107065;[171, 0, 17, 255, 161, 74, 235, 17, 249, 0, 0, 249, 0, 0, 41, 1, 0, 62, 6, 176]
1542791107234;[171, 0, 17, 255, 161, 74, 235, 17, 249, 0, 1, 12, 0, 0, 64, 1, 0, 60, 6, 132]
1542791107238;[171, 0, 17, 255, 161, 74, 235, 17, 249, 0, 1, 21, 0, 0, 60, 1, 0, 42, 6, 153]
1542791107406;[171, 0, 17, 255, 161, 74, 235, 17, 250, 0, 0, 240, 0, 0, 78, 1, 0, 54, 6, 248]
1542791107577;[171, 0, 17, 255, 161, 74, 235, 17, 250, 0, 1, 161, 0, 0, 108, 1, 0, 51, 7, 4]
1542791107581;[171, 0, 4, 255, 132, 128, 103]
1542791107751;[171, 0, 17, 255, 161, 74, 235, 17, 250, 0, 0, 178, 0, 0, 94, 0, 0, 38, 6, 145]
1542791107755;[171, 0, 17, 255, 161, 74, 235, 17, 250, 1, 0, 55, 0, 0, 231, 0, 0, 1, 6, 94]
1542791108098;[171, 0, 17, 255, 161, 74, 235, 17, 250, 0, 0, 194, 0, 0, 254, 1, 0, 216, 5, 132]
1542791108102;[171, 0, 17, 255, 161, 74, 235, 17, 250, 0, 0, 61, 0, 0, 253, 0, 0, 40, 5, 0]
1542791108106;[171, 0, 17, 255, 161, 74, 235, 17, 250, 0, 0, 108, 0, 0, 236, 0, 0, 0, 4, 165]
1542791108269;[171, 0, 17, 255, 161, 74, 235, 17, 250, 0, 0, 59, 0, 0, 249, 1, 0, 181, 4, 78]
1542791108273;[171, 0, 17, 255, 161, 74, 235, 17, 250, 0, 0, 68, 0, 0, 254, 1, 0, 84, 3, 253]
1542791108441;[171, 0, 17, 255, 161, 74, 235, 17, 250, 0, 0, 70, 0, 0, 244, 1, 0, 71, 3, 187]
1542791108445;[171, 0, 17, 255, 161, 74, 235, 17, 251, 0, 0, 55, 0, 0, 242, 1, 0, 91, 3, 153]
1542791108614;[171, 0, 17, 255, 161, 74, 235, 17, 251, 0, 0, 55, 0, 0, 245, 1, 0, 89, 3, 118]
1542791108786;[171, 0, 4, 255, 132, 128, 102]
1542791108813;[171, 0, 17, 255, 161, 74, 235, 17, 251, 0, 0, 53, 0, 0, 242, 1, 0, 93, 3, 108]
1542791108958;[171, 0, 17, 255, 161, 74, 235, 17, 251, 0, 0, 54, 0, 0, 243, 1, 0, 95, 3, 170]
1542791108962;[171, 0, 17, 255, 161, 74, 235, 17, 251, 0, 0, 54, 0, 0, 246, 1, 0, 91, 3, 179]
1542791109131;[171, 0, 17, 255, 161, 74, 235, 17, 251, 0, 0, 52, 0, 0, 243, 1, 0, 93, 3, 180]
1542791109135;[171, 0, 17, 255, 161, 74, 235, 17, 251, 0, 0, 52, 0, 0, 244, 1, 0, 94, 3, 157]
1542791109650;[171, 0, 17, 255, 161, 74, 235, 17, 251, 0, 0, 55, 0, 0, 244, 1, 0, 92, 3, 135]
1542791109654;[171, 0, 17, 255, 161, 74, 235, 17, 251, 0, 0, 54, 0, 0, 244, 1, 0, 93, 3, 103]
1542791109657;[171, 0, 17, 255, 161, 74, 235, 17, 251, 0, 0, 51, 0, 0, 244, 1, 0, 93, 3, 155]
1542791109821;[171, 0, 17, 255, 161, 74, 235, 18, 0, 0, 0, 48, 0, 0, 244, 1, 0, 95, 3, 184]
1542791109826;[171, 0, 17, 255, 161, 74, 235, 18, 0, 0, 0, 51, 0, 0, 245, 1, 0, 94, 3, 178]
1542791109829;[171, 0, 4, 255, 132, 128, 102]
1542791109994;[171, 0, 17, 255, 161, 74, 235, 18, 0, 0, 0, 47, 0, 0, 244, 1, 0, 93, 3, 159]
1542791109998;[171, 0, 17, 255, 161, 74, 235, 18, 0, 0, 0, 47, 0, 0, 244, 1, 0, 97, 3, 137]
1542791110167;[171, 0, 17, 255, 161, 74, 235, 18, 0, 0, 0, 44, 0, 0, 246, 1, 0, 97, 3, 117]
1542791110170;[171, 0, 17, 255, 161, 74, 235, 18, 0, 0, 0, 41, 0, 0, 244, 1, 0, 100, 3, 157]
1542791110338;[171, 0, 17, 255, 161, 74, 235, 18, 0, 0, 0, 40, 0, 0, 244, 1, 0, 100, 3, 197]
1542791110342;[171, 0, 17, 255, 161, 74, 235, 18, 0, 0, 0, 41, 0, 0, 244, 1, 0, 101, 3, 211]
1542791110686;[171, 0, 17, 255, 161, 74, 235, 18, 0, 0, 0, 39, 0, 0, 243, 1, 0, 102, 3, 205]
1542791110690;[171, 0, 17, 255, 161, 74, 235, 18, 0, 0, 0, 42, 0, 0, 241, 1, 0, 101, 3, 196]
1542791110694;[171, 0, 17, 255, 161, 74, 235, 18, 1, 0, 0, 40, 0, 0, 242, 1, 0, 101, 3, 188]
1542791110856;[171, 0, 17, 255, 161, 74, 235, 18, 3, 0, 0, 40, 0, 0, 243, 1, 0, 101, 5, 200]
1542791111028;[171, 0, 17, 255, 161, 74, 235, 18, 3, 0, 0, 37, 0, 0, 242, 1, 0, 105, 5, 176]
1542791111032;[171, 0, 17, 255, 161, 74, 235, 18, 3, 0, 0, 40, 0, 0, 241, 1, 0, 103, 5, 143]
1542791111379;[171, 0, 17, 255, 161, 74, 235, 18, 3, 0, 0, 42, 0, 0, 244, 1, 0, 103, 5, 229]
1542791111381;[171, 0, 17, 255, 161, 74, 235, 18, 3, 0, 0, 39, 0, 0, 243, 1, 0, 102, 6, 64]
1542791111546;[171, 0, 17, 255, 161, 74, 235, 18, 3, 0, 0, 37, 0, 0, 242, 1, 0, 101, 6, 67]
1542791111551;[171, 0, 17, 255, 161, 74, 235, 18, 3, 0, 0, 43, 0, 0, 244, 1, 0, 102, 6, 70]
1542791111718;[171, 0, 17, 255, 161, 74, 235, 18, 3, 0, 0, 41, 0, 0, 241, 1, 0, 102, 6, 30]
1542791112066;[171, 0, 17, 255, 161, 74, 235, 18, 4, 0, 0, 40, 0, 0, 243, 1, 0, 102, 5, 234]
1542791112070;[171, 0, 17, 255, 161, 74, 235, 18, 4, 0, 0, 40, 0, 0, 242, 1, 0, 102, 6, 36]
1542791112074;[171, 0, 4, 255, 132, 128, 100]
1542791112100;[171, 0, 17, 255, 161, 74, 235, 18, 4, 0, 0, 40, 0, 0, 240, 1, 0, 101, 6, 129]
1542791112236;[171, 0, 17, 255, 161, 74, 235, 18, 4, 0, 0, 41, 0, 0, 243, 1, 0, 102, 6, 135]
1542791112240;[171, 0, 17, 255, 161, 74, 235, 18, 4, 0, 0, 39, 0, 0, 242, 1, 0, 104, 6, 112]
1542791112408;[171, 0, 17, 255, 161, 74, 235, 18, 4, 0, 0, 42, 0, 0, 242, 1, 0, 104, 6, 80]
1542791112581;[171, 0, 17, 255, 161, 74, 235, 18, 4, 0, 0, 37, 0, 0, 243, 1, 0, 102, 6, 21]
1542791112585;[171, 0, 17, 255, 161, 74, 235, 18, 4, 0, 0, 40, 0, 0, 243, 1, 0, 104, 6, 48]
1542791112753;[171, 0, 17, 255, 161, 74, 235, 18, 4, 0, 0, 39, 0, 0, 242, 1, 0, 103, 6, 133]
1542791112757;[171, 0, 17, 255, 161, 74, 235, 18, 4, 0, 0, 43, 0, 0, 242, 1, 0, 105, 6, 148]
1542791112926;[171, 0, 17, 255, 161, 74, 235, 18, 5, 0, 0, 41, 0, 0, 244, 1, 0, 103, 6, 129]
1542791112930;[171, 0, 17, 255, 161, 74, 235, 18, 5, 0, 0, 41, 0, 0, 242, 1, 0, 102, 6, 93]
1542791113271;[171, 0, 4, 255, 132, 128, 100]
1542791113297;[171, 0, 17, 255, 161, 74, 235, 18, 5, 0, 0, 42, 0, 0, 244, 1, 0, 103, 6, 42]
1542791113300;[171, 0, 17, 255, 161, 74, 235, 18, 5, 0, 0, 42, 0, 0, 241, 1, 0, 103, 6, 97]
1542791113440;[171, 0, 17, 255, 161, 74, 235, 18, 5, 0, 0, 41, 0, 0, 242, 1, 0, 103, 6, 187]
1542791113443;[171, 0, 17, 255, 161, 74, 235, 18, 5, 0, 0, 40, 0, 0, 242, 1, 0, 105, 6, 208]
1542791113616;[171, 0, 17, 255, 161, 74, 235, 18, 5, 0, 0, 43, 0, 0, 245, 1, 0, 104, 6, 183]
1542791113790;[171, 0, 17, 255, 161, 74, 235, 18, 5, 0, 0, 40, 0, 0, 242, 1, 0, 104, 6, 144]
1542791113794;[171, 0, 17, 255, 161, 74, 235, 18, 5, 0, 0, 40, 0, 0, 243, 1, 0, 103, 6, 102]
1542791113962;[171, 0, 17, 255, 161, 74, 235, 18, 5, 0, 0, 41, 0, 0, 241, 1, 0, 102, 6, 128]
1542791113966;[171, 0, 17, 255, 161, 74, 235, 18, 6, 0, 0, 39, 0, 0, 243, 1, 0, 103, 6, 249]
1542791114133;[171, 0, 17, 255, 161, 74, 235, 18, 6, 0, 0, 40, 0, 0, 242, 1, 0, 103, 7, 27]
1542791114137;[171, 0, 4, 255, 132, 128, 99]
1542791114652;[171, 0, 17, 255, 161, 74, 235, 18, 6, 0, 0, 39, 0, 0, 244, 1, 0, 105, 7, 7]
1542791114656;[171, 0, 17, 255, 161, 74, 235, 18, 6, 0, 0, 38, 0, 0, 241, 1, 0, 102, 6, 237]
1542791114660;[171, 0, 17, 255, 161, 74, 235, 18, 6, 0, 0, 39, 0, 0, 244, 1, 0, 104, 6, 189]
1542791114664;[171, 0, 17, 255, 161, 74, 235, 18, 6, 0, 0, 41, 0, 0, 242, 1, 0, 105, 6, 149]
1542791114823;[171, 0, 17, 255, 161, 74, 235, 18, 6, 0, 0, 41, 0, 0, 244, 1, 0, 103, 7, 21]
1542791114827;[171, 0, 17, 255, 161, 74, 235, 18, 6, 0, 0, 40, 0, 0, 242, 1, 0, 103, 7, 71]
1542791114996;[171, 0, 17, 255, 161, 74, 235, 18, 6, 0, 0, 40, 0, 0, 242, 1, 0, 102, 7, 54]
1542791115000;[171, 0, 17, 255, 161, 74, 235, 18, 6, 0, 0, 40, 0, 0, 244, 1, 0, 104, 7, 21]
1542791115168;[171, 0, 17, 255, 161, 74, 235, 18, 7, 0, 0, 43, 0, 0, 242, 1, 0, 102, 6, 229]
1542791115172;[171, 0, 17, 255, 161, 74, 235, 18, 7, 0, 0, 42, 0, 0, 241, 1, 0, 105, 6, 177]
1542791115341;[171, 0, 4, 255, 132, 128, 99]
1542791115368;[171, 0, 17, 255, 161, 74, 235, 18, 7, 0, 0, 38, 0, 0, 244, 1, 0, 103, 7, 11]
1542791115513;[171, 0, 17, 255, 161, 74, 235, 18, 7, 0, 0, 37, 0, 0, 241, 1, 0, 101, 7, 71]
1542791115860;[171, 0, 17, 255, 161, 74, 235, 18, 7, 0, 0, 38, 0, 0, 241, 1, 0, 103, 7, 63]
1542791115864;[171, 0, 17, 255, 161, 74, 235, 18, 7, 0, 0, 35, 0, 0, 236, 1, 0, 98, 7, 45]
1542791115868;[171, 0, 17, 255, 161, 74, 235, 18, 7, 0, 0, 42, 0, 0, 243, 1, 0, 110, 7, 36]
1542791115872;[171, 0, 17, 255, 161, 74, 235, 18, 7, 0, 0, 40, 0, 0, 242, 1, 0, 106, 6, 245]
1542791116031;[171, 0, 17, 255, 161, 74, 235, 18, 7, 0, 0, 49, 0, 0, 241, 1, 0, 103, 7, 22]
1542791116035;[171, 0, 17, 255, 161, 74, 235, 18, 7, 0, 0, 49, 0, 0, 242, 1, 0, 97, 7, 38]
1542791116203;[171, 0, 17, 255, 161, 74, 235, 18, 8, 0, 0, 53, 0, 0, 240, 1, 0, 91, 7, 9]
1542791116386;[171, 0, 17, 255, 161, 74, 235, 18, 8, 0, 0, 64, 0, 0, 246, 1, 0, 86, 6, 168]
1542791116388;[171, 0, 4, 255, 132, 128, 99]
1542791116549;[171, 0, 17, 255, 161, 74, 235, 18, 8, 0, 0, 93, 0, 0, 246, 1, 0, 83, 5, 249]
1542791116553;[171, 0, 17, 255, 161, 74, 235, 18, 8, 0, 0, 105, 0, 0, 250, 1, 0, 84, 5, 71]
1542791116721;[171, 0, 17, 255, 161, 74, 235, 18, 8, 0, 0, 77, 0, 1, 38, 1, 0, 87, 4, 249]
1542791117068;[171, 0, 17, 255, 161, 74, 235, 18, 8, 0, 0, 13, 0, 1, 1, 1, 0, 39, 5, 16]
1542791117072;[171, 0, 17, 255, 161, 74, 235, 18, 8, 0, 0, 13, 0, 0, 163, 0, 0, 28, 5, 41]
1542791117076;[171, 0, 17, 255, 161, 74, 235, 18, 8, 0, 0, 31, 0, 1, 70, 0, 0, 16, 5, 10]
1542791117080;[171, 0, 17, 255, 161, 74, 235, 18, 8, 0, 0, 6, 0, 1, 13, 1, 0, 31, 4, 182]
1542791117239;[171, 0, 17, 255, 161, 74, 235, 18, 8, 1, 0, 4, 0, 1, 12, 1, 0, 16, 4, 90]
1542791117242;[171, 0, 17, 255, 161, 74, 235, 18, 9, 0, 0, 8, 0, 1, 15, 1, 0, 20, 4, 42]
1542791117412;[171, 0, 17, 255, 161, 74, 235, 18, 9, 0, 0, 3, 0, 1, 15, 0, 0, 1, 4, 141]
1542791117584;[171, 0, 4, 255, 132, 128, 99]
1542791117610;[171, 0, 17, 255, 161, 74, 235, 18, 9, 0, 0, 1, 0, 1, 14, 1, 0, 11, 4, 137]
1542791117756;[171, 0, 17, 255, 161, 74, 235, 18, 9, 1, 0, 14, 0, 1, 4, 1, 0, 23, 4, 94]
1542791117760;[171, 0, 17, 255, 161, 74, 235, 18, 9, 1, 0, 43, 0, 1, 23, 1, 0, 20, 4, 10]
1542791117928;[171, 0, 17, 255, 161, 74, 235, 18, 9, 0, 1, 160, 0, 0, 245, 1, 0, 100, 4, 77]
1542791117934;[171, 0, 17, 255, 161, 74, 235, 18, 9, 1, 0, 4, 0, 1, 16, 1, 0, 24, 4, 220]
1542791118102;[171, 0, 17, 255, 161, 74, 235, 18, 9, 0, 0, 57, 0, 1, 8, 1, 0, 19, 5, 232]
1542791118447;[171, 0, 17, 255, 161, 74, 235, 18, 9, 0, 0, 66, 0, 1, 13, 1, 0, 15, 6, 88]
1542791118451;[171, 0, 17, 255, 161, 74, 235, 18, 9, 0, 0, 43, 0, 1, 13, 1, 0, 20, 6, 45]
1542791118455;[171, 0, 17, 255, 161, 74, 235, 18, 10, 0, 0, 32, 0, 1, 13, 1, 0, 10, 6, 32]
1542791118459;[171, 0, 17, 255, 161, 74, 235, 18, 10, 0, 0, 43, 0, 1, 19, 0, 0, 1, 6, 115]
1542791118618;[171, 0, 4, 255, 132, 128, 99]
1542791118791;[171, 0, 17, 255, 161, 74, 235, 18, 10, 0, 0, 7, 0, 1, 14, 1, 0, 33, 7, 54]
1542791118795;[171, 0, 17, 255, 161, 74, 235, 18, 10, 0, 0, 36, 0, 1, 5, 1, 0, 18, 8, 149]
1542791118964;[171, 0, 17, 255, 161, 74, 235, 18, 10, 0, 0, 14, 0, 1, 9, 1, 0, 19, 9, 32]
1542791118968;[171, 0, 17, 255, 161, 74, 235, 18, 10, 0, 0, 23, 0, 1, 12, 1, 0, 20, 9, 51]
1542791119136;[171, 0, 17, 255, 161, 74, 235, 18, 10, 0, 0, 20, 0, 1, 14, 1, 0, 24, 9, 44]
1542791119139;[171, 0, 17, 255, 161, 74, 235, 18, 10, 0, 0, 18, 0, 1, 11, 1, 0, 27, 9, 2]
1542791119309;[171, 0, 17, 255, 161, 74, 235, 18, 10, 0, 0, 17, 0, 1, 11, 1, 0, 25, 9, 35]
1542791119656;[171, 0, 17, 255, 161, 74, 235, 18, 10, 0, 0, 15, 0, 1, 13, 1, 0, 27, 9, 223]
1542791119660;[171, 0, 17, 255, 161, 74, 235, 18, 11, 0, 0, 19, 0, 1, 14, 1, 0, 27, 10, 27]
1542791119664;[171, 0, 17, 255, 161, 74, 235, 18, 11, 0, 0, 17, 0, 1, 12, 1, 0, 25, 10, 5]
1542791119668;[171, 0, 4, 255, 132, 128, 99]
1542791119826;[171, 0, 17, 255, 161, 74, 235, 18, 11, 0, 0, 17, 0, 1, 13, 1, 0, 26, 9, 243]
1542791119830;[171, 0, 17, 255, 161, 74, 235, 18, 11, 0, 0, 18, 0, 1, 13, 1, 0, 25, 9, 201]
1542791119998;[171, 0, 17, 255, 161, 74, 235, 18, 11, 0, 0, 20, 0, 1, 11, 1, 0, 27, 10, 30]
1542791120170;[171, 0, 17, 255, 161, 74, 235, 18, 11, 0, 0, 17, 0, 1, 12, 1, 0, 28, 10, 220]
1542791120174;[171, 0, 17, 255, 161, 74, 235, 18, 11, 0, 0, 15, 0, 1, 12, 1, 0, 27, 10, 220]
1542791120343;[171, 0, 17, 255, 161, 74, 235, 18, 11, 0, 0, 17, 0, 1, 10, 1, 0, 25, 10, 182]
1542791120347;[171, 0, 17, 255, 161, 74, 235, 18, 11, 0, 0, 18, 0, 1, 14, 1, 0, 27, 10, 123]
1542791120516;[171, 0, 17, 255, 161, 74, 235, 18, 11, 0, 0, 17, 0, 1, 12, 1, 0, 25, 10, 56]
1542791121035;[171, 0, 17, 255, 161, 74, 235, 18, 12, 0, 0, 19, 0, 1, 12, 1, 0, 27, 10, 46]
1542791121039;[171, 0, 17, 255, 161, 74, 235, 18, 12, 0, 0, 17, 0, 1, 13, 1, 0, 25, 11, 12]
1542791121043;[171, 0, 4, 255, 132, 128, 99]
1542791121069;[171, 0, 17, 255, 161, 74, 235, 18, 12, 0, 0, 17, 0, 1, 12, 1, 0, 27, 11, 66]
1542791121207;[171, 0, 17, 255, 161, 74, 235, 18, 12, 0, 0, 17, 0, 1, 13, 1, 0, 26, 11, 11]
1542791121211;[171, 0, 17, 255, 161, 74, 235, 18, 12, 0, 0, 17, 0, 1, 11, 1, 0, 27, 10, 208]
1542791121215;[171, 0, 17, 255, 161, 74, 235, 18, 12, 0, 0, 17, 0, 1, 11, 1, 0, 28, 10, 121]
1542791121393;[171, 0, 17, 255, 161, 74, 235, 18, 12, 0, 0, 16, 0, 1, 11, 1, 0, 27, 10, 28]
1542791121394;[171, 0, 17, 255, 161, 74, 235, 18, 12, 0, 0, 18, 0, 1, 13, 1, 0, 26, 10, 158]
1542791121725;[171, 0, 17, 255, 161, 74, 235, 18, 12, 0, 0, 18, 0, 1, 13, 1, 0, 27, 11, 4]
1542791121728;[171, 0, 17, 255, 161, 74, 235, 18, 12, 0, 0, 16, 0, 1, 9, 1, 0, 28, 10, 203]
1542791121733;[171, 0, 17, 255, 161, 74, 235, 18, 13, 0, 0, 19, 0, 1, 14, 1, 0, 25, 10, 122]
1542791121737;[171, 0, 17, 255, 161, 74, 235, 18, 13, 0, 0, 17, 0, 1, 13, 1, 0, 27, 10, 21]
1542791122242;[171, 0, 4, 255, 132, 128, 99]
1542791122268;[171, 0, 17, 255, 161, 74, 235, 18, 13, 0, 0, 19, 0, 1, 12, 1, 0, 26, 9, 169]
1542791122270;[171, 0, 17, 255, 161, 74, 235, 18, 13, 0, 0, 18, 0, 1, 10, 1, 0, 28, 9, 124]
1542791122272;[171, 0, 17, 255, 161, 74, 235, 18, 13, 0, 0, 18, 0, 1, 10, 1, 0, 27, 9, 234]
1542791122414;[171, 0, 17, 255, 161, 74, 235, 18, 13, 0, 0, 19, 0, 1, 12, 1, 0, 27, 9, 222]
1542791122417;[171, 0, 17, 255, 161, 74, 235, 18, 13, 0, 0, 18, 0, 1, 12, 1, 0, 26, 9, 131]
1542791122589;[171, 0, 17, 255, 161, 74, 235, 18, 13, 0, 0, 18, 0, 1, 10, 1, 0, 27, 9, 56]
1542791122593;[171, 0, 17, 255, 161, 74, 235, 18, 13, 0, 0, 22, 0, 1, 11, 1, 0, 27, 8, 219]
1542791122932;[171, 0, 17, 255, 161, 74, 235, 18, 13, 0, 0, 18, 0, 1, 11, 1, 0, 27, 8, 184]
1542791122936;[171, 0, 17, 255, 161, 74, 235, 18, 14, 0, 0, 15, 0, 1, 12, 1, 0, 31, 9, 17]
1542791122942;[171, 0, 17, 255, 161, 74, 235, 18, 14, 0, 0, 18, 0, 1, 11, 1, 0, 25, 8, 250]
1542791122944;[171, 0, 4, 255, 132, 128, 99]
1542791123103;[171, 0, 17, 255, 161, 74, 235, 18, 14, 0, 0, 19, 0, 1, 14, 1, 0, 25, 8, 172]
1542791123452;[171, 0, 17, 255, 161, 74, 235, 18, 14, 0, 0, 16, 0, 1, 12, 1, 0, 28, 8, 89]
1542791123456;[171, 0, 17, 255, 161, 74, 235, 18, 14, 0, 0, 22, 0, 1, 13, 1, 0, 27, 7, 251]
1542791123460;[171, 0, 17, 255, 161, 74, 235, 18, 14, 0, 0, 17, 0, 1, 12, 1, 0, 30, 7, 180]
1542791123464;[171, 0, 17, 255, 161, 74, 235, 18, 14, 0, 0, 20, 0, 1, 12, 1, 0, 27, 8, 4]
1542791123794;[171, 0, 17, 255, 161, 74, 235, 18, 14, 0, 0, 22, 0, 1, 10, 1, 0, 27, 7, 235]
1542791123798;[171, 0, 17, 255, 161, 74, 235, 18, 14, 0, 0, 13, 0, 1, 11, 1, 0, 28, 7, 155]
1542791123802;[171, 0, 17, 255, 161, 74, 235, 18, 14, 0, 0, 19, 0, 1, 13, 1, 0, 27, 7, 67]
1542791123966;[171, 0, 17, 255, 161, 74, 235, 18, 15, 0, 0, 23, 0, 1, 14, 1, 0, 27, 6, 246]
1542791123970;[171, 0, 17, 255, 161, 74, 235, 18, 15, 0, 0, 12, 0, 1, 12, 1, 0, 29, 6, 187]
1542791124138;[171, 0, 4, 255, 132, 128, 98]
1542791124164;[171, 0, 17, 255, 161, 74, 235, 18, 15, 0, 0, 23, 0, 1, 11, 1, 0, 24, 6, 225]
1542791124310;[171, 0, 17, 255, 161, 74, 235, 18, 15, 0, 0, 22, 0, 1, 11, 1, 0, 29, 6, 186]
1542791124483;[171, 0, 17, 255, 161, 74, 235, 18, 15, 0, 0, 16, 0, 1, 11, 1, 0, 29, 6, 133]
1542791124487;[171, 0, 17, 255, 161, 74, 235, 18, 15, 0, 0, 20, 0, 1, 14, 1, 0, 26, 6, 69]
1542791124830;[171, 0, 17, 255, 161, 74, 235, 18, 15, 0, 0, 18, 0, 1, 14, 1, 0, 27, 5, 252]
1542791124836;[171, 0, 17, 255, 161, 74, 235, 18, 15, 0, 0, 19, 0, 1, 14, 1, 0, 27, 5, 232]
1542791124840;[171, 0, 17, 255, 161, 74, 235, 18, 15, 0, 0, 18, 0, 1, 16, 1, 0, 30, 5, 252]
1542791124843;[171, 0, 17, 255, 161, 74, 235, 18, 15, 0, 0, 18, 0, 1, 12, 1, 0, 29, 5, 200]
1542791125000;[171, 0, 17, 255, 161, 74, 235, 18, 16, 0, 0, 20, 0, 1, 13, 1, 0, 26, 5, 145]
1542791125173;[171, 0, 17, 255, 161, 74, 235, 18, 16, 0, 0, 17, 0, 1, 11, 1, 0, 27, 5, 78]
1542791125177;[171, 0, 4, 255, 132, 128, 98]
1542791125346;[171, 0, 17, 255, 161, 74, 235, 18, 16, 0, 0, 15, 0, 1, 9, 1, 0, 26, 4, 255]
1542791125350;[171, 0, 17, 255, 161, 74, 235, 18, 16, 0, 0, 16, 0, 1, 12, 1, 0, 26, 5, 7]
1542791125518;[171, 0, 17, 255, 161, 74, 235, 18, 16, 0, 0, 20, 0, 1, 11, 1, 0, 26, 5, 14]
1542791125690;[171, 0, 17, 255, 161, 74, 235, 18, 16, 0, 0, 20, 0, 1, 13, 1, 0, 28, 4, 229]
1542791125694;[171, 0, 17, 255, 161, 74, 235, 18, 16, 0, 0, 17, 0, 1, 9, 1, 0, 28, 4, 169]
1542791126038;[171, 0, 17, 255, 161, 74, 235, 18, 16, 0, 0, 21, 0, 1, 10, 1, 0, 28, 4, 113]
1542791126042;[171, 0, 17, 255, 161, 74, 235, 18, 16, 0, 0, 15, 0, 1, 10, 1, 0, 29, 4, 58]
1542791126046;[171, 0, 17, 255, 161, 74, 235, 18, 16, 0, 0, 20, 0, 1, 15, 1, 0, 26, 4, 97]
1542791126050;[171, 0, 17, 255, 161, 74, 235, 18, 17, 0, 0, 18, 0, 1, 16, 1, 0, 24, 4, 85]
1542791126210;[171, 0, 17, 255, 161, 74, 235, 18, 17, 0, 0, 19, 0, 1, 13, 1, 0, 23, 4, 35]
1542791126382;[171, 0, 4, 255, 132, 128, 98]
1542791126406;[171, 0, 17, 255, 161, 74, 235, 18, 17, 0, 0, 19, 0, 1, 13, 1, 0, 27, 3, 228]
1542791126555;[171, 0, 17, 255, 161, 74, 235, 18, 17, 0, 0, 21, 0, 1, 14, 1, 0, 27, 3, 164]
1542791126558;[171, 0, 17, 255, 161, 74, 235, 18, 17, 0, 0, 16, 0, 1, 9, 1, 0, 29, 3, 144]
1542791126726;[171, 0, 17, 255, 161, 74, 235, 18, 17, 0, 0, 18, 0, 1, 11, 1, 0, 29, 3, 188]
1542791126730;[171, 0, 17, 255, 161, 74, 235, 18, 17, 0, 0, 17, 0, 1, 10, 1, 0, 26, 3, 176]
1542791126898;[171, 0, 17, 255, 161, 74, 235, 18, 17, 0, 0, 16, 0, 1, 12, 1, 0, 28, 3, 148]
1542791127072;[171, 0, 17, 255, 161, 74, 235, 18, 17, 0, 0, 18, 0, 1, 12, 1, 0, 28, 3, 120]
1542791127075;[171, 0, 17, 255, 161, 74, 235, 18, 17, 0, 0, 18, 0, 1, 11, 1, 0, 29, 3, 92]
1542791127417;[171, 0, 17, 255, 161, 74, 235, 18, 18, 0, 0, 21, 0, 1, 12, 1, 0, 27, 3, 181]
1542791127420;[171, 0, 17, 255, 161, 74, 235, 18, 18, 0, 0, 18, 0, 1, 11, 1, 0, 29, 4, 10]
1542791127425;[171, 0, 4, 255, 132, 128, 98]
1542791127590;[171, 0, 17, 255, 161, 74, 235, 18, 18, 0, 0, 18, 0, 1, 11, 1, 0, 29, 4, 27]
1542791127594;[171, 0, 17, 255, 161, 74, 235, 18, 18, 0, 0, 17, 0, 1, 13, 1, 0, 28, 4, 31]
1542791127761;[171, 0, 17, 255, 161, 74, 235, 18, 18, 0, 0, 19, 0, 1, 10, 1, 0, 29, 4, 26]
1542791127764;[171, 0, 17, 255, 161, 74, 235, 18, 18, 0, 0, 20, 0, 1, 12, 1, 0, 30, 4, 26]
1542791128106;[171, 0, 17, 255, 161, 74, 235, 18, 18, 0, 0, 17, 0, 1, 13, 1, 0, 29, 4, 197]
1542791128110;[171, 0, 17, 255, 161, 74, 235, 18, 18, 0, 0, 19, 0, 1, 11, 1, 0, 29, 5, 21]
1542791128280;[171, 0, 17, 255, 161, 74, 235, 18, 18, 0, 0, 18, 0, 1, 10, 1, 0, 27, 5, 50]
1542791128284;[171, 0, 17, 255, 161, 74, 235, 18, 18, 0, 0, 17, 0, 1, 10, 1, 0, 28, 5, 60]
1542791128288;[171, 0, 17, 255, 161, 74, 235, 18, 19, 0, 0, 18, 0, 1, 11, 1, 0, 29, 5, 40]
1542791128970;[171, 0, 17, 255, 161, 74, 235, 18, 19, 0, 0, 18, 0, 1, 14, 1, 0, 29, 5, 130]
1542791128974;[171, 0, 4, 255, 132, 128, 98]
1542791129000;[171, 0, 17, 255, 161, 74, 235, 18, 19, 0, 0, 18, 0, 1, 12, 1, 0, 29, 6, 54]
1542791129143;[171, 0, 17, 255, 161, 74, 235, 18, 19, 0, 0, 18, 0, 1, 12, 1, 0, 30, 6, 106]
1542791129147;[171, 0, 17, 255, 161, 74, 235, 18, 19, 0, 0, 15, 0, 1, 13, 1, 0, 28, 6, 121]
1542791129151;[171, 0, 17, 255, 161, 74, 235, 18, 19, 0, 0, 19, 0, 1, 13, 1, 0, 28, 6, 124]
1542791129155;[171, 0, 17, 255, 161, 74, 235, 18, 19, 0, 0, 20, 0, 1, 11, 1, 0, 29, 6, 107]
1542791129315;[171, 0, 17, 255, 161, 74, 235, 18, 19, 0, 0, 19, 0, 1, 13, 1, 0, 30, 7, 80]
1542791129319;[171, 0, 17, 255, 161, 74, 235, 18, 19, 0, 0, 19, 0, 1, 13, 1, 0, 30, 7, 218]
1542791129323;[171, 0, 17, 255, 161, 74, 235, 18, 19, 0, 0, 18, 0, 1, 12, 1, 0, 28, 7, 247]
1542791129487;[171, 0, 17, 255, 161, 74, 235, 18, 20, 0, 0, 17, 0, 1, 11, 1, 0, 28, 7, 253]
1542791129490;[171, 0, 17, 255, 161, 74, 235, 18, 20, 0, 0, 19, 0, 1, 9, 1, 0, 28, 7, 234]
1542791130005;[171, 0, 4, 255, 132, 128, 98]
1542791130031;[171, 0, 17, 255, 161, 74, 235, 18, 20, 0, 0, 19, 0, 1, 11, 1, 0, 28, 8, 7]
1542791130033;[171, 0, 17, 255, 161, 74, 235, 18, 20, 0, 0, 19, 0, 1, 11, 1, 0, 27, 9, 10]
1542791130035;[171, 0, 17, 255, 161, 74, 235, 18, 20, 0, 0, 18, 0, 1, 12, 1, 0, 26, 9, 94]
1542791130177;[171, 0, 17, 255, 161, 74, 235, 18, 20, 0, 0, 17, 0, 1, 13, 1, 0, 28, 9, 82]
1542791130180;[171, 0, 17, 255, 161, 74, 235, 18, 20, 0, 0, 18, 0, 1, 13, 1, 0, 29, 9, 57]
1542791130184;[171, 0, 17, 255, 161, 74, 235, 18, 20, 0, 0, 21, 0, 1, 13, 1, 0, 27, 9, 4]
1542791130348;[171, 0, 17, 255, 161, 74, 235, 18, 20, 0, 0, 21, 0, 1, 11, 1, 0, 29, 9, 26]
1542791130352;[171, 0, 17, 255, 161, 74, 235, 18, 20, 0, 0, 18, 0, 1, 14, 1, 0, 28, 10, 9]
1542791130695;[171, 0, 17, 255, 161, 74, 235, 18, 21, 0, 0, 21, 0, 1, 11, 1, 0, 29, 10, 73]
1542791130698;[171, 0, 17, 255, 161, 74, 235, 18, 21, 0, 0, 18, 0, 1, 14, 1, 0, 28, 10, 43]
1542791130700;[171, 0, 4, 255, 132, 128, 99]
1542791130865;[171, 0, 17, 255, 161, 74, 235, 18, 21, 0, 0, 17, 0, 1, 11, 1, 0, 28, 10, 13]
1542791130869;[171, 0, 17, 255, 161, 74, 235, 18, 21, 0, 0, 18, 0, 1, 12, 1, 0, 28, 9, 213]
1542791131279;[171, 0, 17, 255, 161, 74, 235, 18, 21, 0, 0, 18, 0, 1, 11, 1, 0, 28, 10, 46]
1542791131280;[171, 0, 17, 255, 161, 74, 235, 18, 21, 0, 0, 21, 0, 1, 14, 1, 0, 27, 10, 227]
1542791131281;[171, 0, 17, 255, 161, 74, 235, 18, 21, 0, 0, 19, 0, 1, 11, 1, 0, 27, 10, 234]
1542791131389;[171, 0, 17, 255, 161, 74, 235, 18, 21, 0, 0, 19, 0, 1, 12, 1, 0, 29, 10, 176]
1542791131411;[171, 0, 17, 255, 161, 74, 235, 18, 21, 0, 0, 19, 0, 1, 11, 1, 0, 29, 10, 115]
1542791131557;[171, 0, 17, 255, 161, 74, 235, 18, 21, 0, 0, 18, 0, 1, 14, 1, 0, 27, 10, 32]
1542791131561;[171, 0, 17, 255, 161, 74, 235, 18, 22, 0, 0, 18, 0, 1, 10, 1, 0, 27, 10, 176]
1542791131730;[171, 0, 17, 255, 161, 74, 235, 18, 22, 0, 0, 19, 0, 1, 9, 1, 0, 28, 11, 66]
1542791131733;[171, 0, 4, 255, 132, 128, 99]
1542791131901;[171, 0, 17, 255, 161, 74, 235, 18, 22, 0, 0, 19, 0, 1, 12, 1, 0, 29, 11, 38]
1542791132074;[171, 0, 17, 255, 161, 74, 235, 18, 22, 0, 0, 19, 0, 1, 11, 1, 0, 29, 10, 228]
1542791132078;[171, 0, 17, 255, 161, 74, 235, 18, 22, 0, 0, 17, 0, 1, 13, 1, 0, 28, 10, 157]
1542791132419;[171, 0, 17, 255, 161, 74, 235, 18, 22, 0, 0, 19, 0, 1, 10, 1, 0, 29, 10, 52]
1542791132594;[171, 0, 17, 255, 161, 74, 235, 18, 22, 0, 0, 18, 0, 1, 11, 1, 0, 29, 10, 152]
1542791132597;[171, 0, 17, 255, 161, 74, 235, 18, 22, 0, 0, 18, 0, 1, 11, 1, 0, 28, 11, 8]
1542791132601;[171, 0, 17, 255, 161, 74, 235, 18, 22, 0, 0, 16, 0, 1, 11, 1, 0, 28, 10, 215]
1542791132605;[171, 0, 17, 255, 161, 74, 235, 18, 22, 0, 0, 20, 0, 1, 12, 1, 0, 28, 10, 133]
1542791132762;[171, 0, 17, 255, 161, 74, 235, 18, 23, 0, 0, 18, 0, 1, 12, 1, 0, 28, 10, 50]
1542791133109;[171, 0, 17, 255, 161, 74, 235, 18, 25, 0, 0, 79, 0, 0, 236, 0, 0, 74, 6, 185]
1542791133113;[171, 0, 17, 255, 161, 74, 235, 18, 25, 0, 0, 27, 0, 0, 192, 0, 0, 50, 6, 163]
1542791133117;[171, 0, 17, 255, 161, 74, 235, 18, 25, 0, 1, 92, 0, 1, 29, 0, 0, 105, 6, 104]
1542791133281;[171, 0, 17, 255, 161, 74, 235, 18, 25, 0, 1, 115, 0, 0, 122, 0, 0, 137, 6, 50]
1542791133798;[171, 0, 17, 255, 161, 74, 235, 18, 25, 0, 0, 211, 0, 0, 149, 0, 0, 32, 6, 35]
1542791133972;[171, 0, 17, 255, 161, 74, 235, 18, 25, 0, 0, 152, 0, 0, 112, 0, 0, 87, 6, 176]
1542791133976;[171, 0, 17, 255, 161, 74, 235, 18, 25, 0, 0, 104, 0, 1, 1, 0, 0, 154, 6, 170]
1542791133981;[171, 0, 17, 255, 161, 74, 235, 18, 25, 0, 0, 138, 0, 0, 173, 1, 0, 31, 5, 191]
1542791133985;[171, 0, 17, 255, 161, 74, 235, 18, 26, 0, 0, 151, 0, 0, 190, 0, 0, 123, 5, 94]
1542791134146;[171, 0, 17, 255, 161, 74, 235, 18, 26, 0, 0, 144, 0, 0, 208, 0, 0, 59, 4, 219]
1542791134150;[171, 0, 4, 255, 132, 128, 101]
1542791134177;[171, 0, 17, 255, 161, 74, 235, 18, 26, 0, 0, 145, 0, 0, 199, 0, 0, 64, 4, 105]
1542791134179;[171, 0, 17, 255, 161, 74, 235, 18, 26, 0, 0, 169, 0, 0, 185, 0, 0, 138, 4, 150]
1542791134489;[171, 0, 17, 255, 161, 74, 235, 18, 26, 0, 0, 144, 0, 0, 189, 0, 0, 134, 4, 143]
1542791134494;[171, 0, 17, 255, 161, 74, 235, 18, 26, 0, 0, 150, 0, 0, 189, 0, 0, 101, 4, 73]
1542791134497;[171, 0, 17, 255, 161, 74, 235, 18, 26, 0, 0, 148, 0, 0, 190, 0, 0, 123, 4, 17]
1542791134660;[171, 0, 17, 255, 161, 74, 235, 18, 26, 0, 0, 150, 0, 0, 190, 0, 0, 114, 3, 203]
1542791134664;[171, 0, 17, 255, 161, 74, 235, 18, 26, 0, 0, 150, 0, 0, 192, 0, 0, 116, 3, 158]
1542791135007;[171, 0, 17, 255, 161, 74, 235, 18, 26, 0, 0, 153, 0, 0, 194, 0, 0, 130, 3, 199]
1542791135011;[171, 0, 17, 255, 161, 74, 235, 18, 27, 0, 0, 145, 0, 0, 208, 0, 0, 99, 3, 189]
1542791135015;[171, 0, 17, 255, 161, 74, 235, 18, 27, 0, 0, 143, 0, 0, 202, 0, 0, 68, 3, 116]
1542791135179;[171, 0, 4, 255, 132, 128, 101]
1542791135205;[171, 0, 17, 255, 161, 74, 235, 18, 27, 0, 0, 152, 0, 0, 201, 0, 0, 90, 3, 44]
1542791135351;[171, 0, 17, 255, 161, 74, 235, 18, 27, 0, 0, 146, 0, 0, 199, 0, 0, 95, 2, 229]
1542791135355;[171, 0, 17, 255, 161, 74, 235, 18, 27, 0, 0, 146, 0, 0, 195, 0, 0, 92, 2, 229]
1542791135523;[171, 0, 17, 255, 161, 74, 235, 18, 27, 0, 0, 155, 0, 0, 193, 0, 0, 136, 3, 24]
1542791135695;[171, 0, 17, 255, 161, 74, 235, 18, 27, 0, 0, 144, 0, 0, 193, 0, 0, 101, 3, 22]
1542791135699;[171, 0, 17, 255, 161, 74, 235, 18, 27, 0, 0, 150, 0, 0, 191, 0, 0, 124, 2, 250]
1542791135868;[171, 0, 17, 255, 161, 74, 235, 18, 27, 0, 0, 147, 0, 0, 196, 0, 0, 108, 2, 208]
1542791135871;[171, 0, 17, 255, 161, 74, 235, 18, 27, 0, 0, 148, 0, 0, 188, 0, 0, 97, 2, 152]
1542791136391;[171, 0, 17, 255, 161, 74, 235, 18, 28, 0, 0, 169, 0, 0, 180, 0, 0, 126, 2, 161]
1542791136400;[171, 0, 17, 255, 161, 74, 235, 18, 28, 0, 0, 146, 0, 0, 194, 0, 0, 107, 2, 214]
1542791136401;[171, 0, 4, 255, 132, 128, 100]
1542791136423;[171, 0, 17, 255, 161, 74, 235, 18, 28, 0, 0, 150, 0, 0, 191, 0, 0, 109, 2, 225]
1542791136560;[171, 0, 17, 255, 161, 74, 235, 18, 28, 0, 0, 152, 0, 0, 191, 0, 0, 112, 2, 190]
1542791136564;[171, 0, 17, 255, 161, 74, 235, 18, 28, 0, 0, 152, 0, 0, 190, 0, 0, 108, 2, 159]
1542791136568;[171, 0, 17, 255, 161, 74, 235, 18, 28, 0, 0, 150, 0, 0, 193, 0, 0, 107, 2, 121]
1542791136731;[171, 0, 17, 255, 161, 74, 235, 18, 28, 0, 0, 152, 0, 0, 192, 0, 0, 109, 2, 138]
1542791136735;[171, 0, 17, 255, 161, 74, 235, 18, 28, 0, 0, 151, 0, 0, 191, 0, 0, 107, 2, 232]
1542791136903;[171, 0, 17, 255, 161, 74, 235, 18, 28, 0, 0, 153, 0, 0, 192, 0, 0, 105, 3, 2]
1542791137076;[171, 0, 17, 255, 161, 74, 235, 18, 28, 0, 0, 152, 0, 0, 192, 0, 0, 108, 2, 242]
1542791137080;[171, 0, 17, 255, 161, 74, 235, 18, 29, 0, 0, 152, 0, 0, 194, 0, 0, 108, 2, 218]
1542791137249;[171, 0, 17, 255, 161, 74, 235, 18, 29, 0, 0, 151, 0, 0, 190, 0, 0, 108, 2, 178]
1542791137252;[171, 0, 4, 255, 132, 128, 100]
1542791137767;[171, 0, 17, 255, 161, 74, 235, 18, 29, 0, 0, 149, 0, 0, 192, 0, 0, 108, 2, 240]
1542791137772;[171, 0, 17, 255, 161, 74, 235, 18, 29, 0, 0, 153, 0, 0, 190, 0, 0, 107, 3, 75]
1542791137776;[171, 0, 17, 255, 161, 74, 235, 18, 29, 0, 0, 154, 0, 0, 192, 0, 0, 107, 3, 84]
1542791137780;[171, 0, 17, 255, 161, 74, 235, 18, 29, 0, 0, 153, 0, 0, 191, 0, 0, 109, 3, 69]
1542791137940;[171, 0, 17, 255, 161, 74, 235, 18, 29, 0, 0, 153, 0, 0, 191, 0, 0, 108, 3, 45]
1542791137944;[171, 0, 17, 255, 161, 74, 235, 18, 29, 0, 0, 152, 0, 0, 190, 0, 0, 107, 3, 22]
1542791137948;[171, 0, 17, 255, 161, 74, 235, 18, 29, 0, 0, 154, 0, 0, 191, 0, 0, 108, 3, 184]
1542791138113;[171, 0, 17, 255, 161, 74, 235, 18, 29, 0, 0, 154, 0, 0, 192, 0, 0, 109, 4, 13]
1542791138284;[171, 0, 17, 255, 161, 74, 235, 18, 30, 0, 0, 152, 0, 0, 192, 0, 0, 107, 4, 10]
1542791138288;[171, 0, 17, 255, 161, 74, 235, 18, 30, 0, 0, 152, 0, 0, 191, 0, 0, 109, 3, 255]
1542791138455;[171, 0, 4, 255, 132, 128, 100]
1542791138482;[171, 0, 17, 255, 161, 74, 235, 18, 30, 0, 0, 154, 0, 0, 189, 0, 0, 107, 3, 230]
1542791138974;[171, 0, 17, 255, 161, 74, 235, 18, 30, 0, 0, 154, 0, 0, 190, 0, 0, 110, 4, 21]
1542791138978;[171, 0, 17, 255, 161, 74, 235, 18, 30, 0, 0, 152, 0, 0, 189, 0, 0, 107, 4, 224]
1542791138982;[171, 0, 17, 255, 161, 74, 235, 18, 30, 0, 0, 153, 0, 0, 191, 0, 0, 110, 5, 49]
1542791138986;[171, 0, 17, 255, 161, 74, 235, 18, 30, 0, 0, 151, 0, 0, 191, 0, 0, 106, 5, 55]
1542791139320;[171, 0, 17, 255, 161, 74, 235, 18, 30, 0, 0, 157, 0, 0, 190, 0, 0, 109, 5, 68]
1542791139324;[171, 0, 17, 255, 161, 74, 235, 18, 30, 0, 0, 152, 0, 0, 190, 0, 0, 108, 5, 36]
1542791139329;[171, 0, 17, 255, 161, 74, 235, 18, 30, 0, 0, 156, 0, 0, 187, 0, 0, 107, 5, 165]
1542791139332;[171, 0, 17, 255, 161, 74, 235, 18, 31, 0, 0, 155, 0, 0, 187, 0, 0, 111, 6, 85]
1542791139491;[171, 0, 17, 255, 161, 74, 235, 18, 31, 0, 0, 152, 0, 0, 189, 0, 0, 109, 6, 130]
1542791139495;[171, 0, 4, 255, 132, 128, 100]
1542791139665;[171, 0, 17, 255, 161, 74, 235, 18, 31, 0, 0, 153, 0, 0, 189, 0, 0, 110, 6, 110]
1542791139668;[171, 0, 17, 255, 161, 74, 235, 18, 31, 0, 0, 150, 0, 0, 189, 0, 0, 110, 6, 95]
1542791139837;[171, 0, 17, 255, 161, 74, 235, 18, 31, 0, 0, 155, 0, 0, 188, 0, 0, 110, 6, 45]
1542791139841;[171, 0, 17, 255, 161, 74, 235, 18, 31, 0, 0, 151, 0, 0, 189, 0, 0, 107, 6, 195]
1542791140182;[171, 0, 17, 255, 161, 74, 235, 18, 31, 0, 0, 155, 0, 0, 187, 0, 0, 109, 7, 47]
1542791140186;[171, 0, 17, 255, 161, 74, 235, 18, 31, 0, 0, 155, 0, 0, 189, 0, 0, 112, 7, 34]
1542791140190;[171, 0, 17, 255, 161, 74, 235, 18, 31, 0, 0, 151, 0, 0, 184, 0, 0, 113, 6, 254]
1542791140355;[171, 0, 17, 255, 161, 74, 235, 18, 31, 0, 0, 159, 0, 0, 183, 0, 0, 130, 6, 228]
1542791140359;[171, 0, 17, 255, 161, 74, 235, 18, 32, 0, 0, 150, 0, 0, 186, 0, 0, 114, 6, 218]
1542791140526;[171, 0, 17, 255, 161, 74, 235, 18, 32, 0, 0, 160, 0, 0, 185, 0, 0, 132, 7, 178]
1542791140529;[171, 0, 4, 255, 132, 128, 100]
1542791140698;[171, 0, 17, 255, 161, 74, 235, 18, 32, 0, 0, 153, 0, 0, 184, 0, 0, 116, 7, 241]
1542791140871;[171, 0, 17, 255, 161, 74, 235, 18, 32, 0, 0, 154, 0, 0, 193, 0, 0, 102, 7, 198]
1542791140875;[171, 0, 17, 255, 161, 74, 235, 18, 32, 0, 0, 85, 0, 0, 207, 1, 0, 71, 7, 132]
1542791141044;[171, 0, 17, 255, 161, 74, 235, 18, 32, 0, 0, 157, 0, 0, 190, 0, 0, 150, 7, 130]
1542791141048;[171, 0, 17, 255, 161, 74, 235, 18, 32, 0, 0, 141, 0, 0, 194, 0, 0, 82, 7, 206]
1542791141565;[171, 0, 17, 255, 161, 74, 235, 18, 32, 0, 0, 161, 0, 0, 190, 0, 0, 109, 8, 121]
1542791141569;[171, 0, 17, 255, 161, 74, 235, 18, 32, 0, 0, 157, 0, 0, 189, 0, 0, 92, 8, 121]
1542791141573;[171, 0, 17, 255, 161, 74, 235, 18, 32, 0, 0, 162, 0, 0, 186, 0, 0, 112, 8, 73]
1542791141577;[171, 0, 17, 255, 161, 74, 235, 18, 33, 0, 0, 157, 0, 0, 185, 0, 0, 105, 8, 27]
1542791141735;[171, 0, 17, 255, 161, 74, 235, 18, 33, 0, 0, 160, 0, 0, 187, 0, 0, 106, 7, 201]
1542791141739;[171, 0, 4, 255, 132, 128, 101]
1542791141765;[171, 0, 17, 255, 161, 74, 235, 18, 33, 0, 0, 157, 0, 0, 183, 0, 0, 109, 8, 22]
1542791141905;[171, 0, 17, 255, 161, 74, 235, 18, 33, 0, 0, 160, 0, 0, 185, 0, 0, 103, 8, 155]
1542791142080;[171, 0, 17, 255, 161, 74, 235, 18, 33, 0, 0, 158, 0, 0, 184, 0, 0, 111, 8, 132]
1542791142084;[171, 0, 17, 255, 161, 74, 235, 18, 33, 0, 0, 156, 0, 0, 187, 0, 0, 140, 8, 87]
1542791142425;[171, 0, 17, 255, 161, 74, 235, 18, 33, 0, 0, 164, 0, 0, 187, 0, 0, 90, 8, 5]
1542791142429;[171, 0, 17, 255, 161, 74, 235, 18, 33, 0, 0, 149, 0, 0, 186, 0, 0, 122, 7, 179]
1542791142433;[171, 0, 17, 255, 161, 74, 235, 18, 33, 0, 0, 161, 0, 0, 179, 0, 0, 119, 7, 127]
1542791142437;[171, 0, 17, 255, 161, 74, 235, 18, 33, 0, 0, 238, 0, 0, 232, 0, 0, 142, 8, 33]
1542791142770;[171, 0, 17, 255, 161, 74, 235, 18, 34, 0, 0, 178, 0, 0, 189, 0, 0, 168, 8, 46]
1542791142774;[171, 0, 17, 255, 161, 74, 235, 18, 34, 0, 0, 140, 0, 0, 177, 0, 0, 89, 7, 236]
1542791142778;[171, 0, 4, 255, 132, 128, 101]
1542791142940;[171, 0, 17, 255, 161, 74, 235, 18, 34, 0, 0, 156, 0, 0, 183, 0, 0, 106, 7, 187]
1542791142944;[171, 0, 17, 255, 161, 74, 235, 18, 34, 0, 0, 162, 0, 0, 182, 0, 0, 109, 7, 108]
1542791143287;[171, 0, 17, 255, 161, 74, 235, 18, 34, 0, 0, 161, 0, 0, 182, 0, 0, 107, 7, 58]
1542791143291;[171, 0, 17, 255, 161, 74, 235, 18, 34, 0, 0, 161, 0, 0, 181, 0, 0, 106, 7, 158]
1542791143295;[171, 0, 17, 255, 161, 74, 235, 18, 34, 0, 0, 161, 0, 0, 184, 0, 0, 107, 7, 166]
1542791143458;[171, 0, 17, 255, 161, 74, 235, 18, 34, 0, 0, 161, 0, 0, 182, 0, 0, 110, 7, 108]
1542791143462;[171, 0, 17, 255, 161, 74, 235, 18, 34, 0, 0, 159, 0, 0, 186, 0, 0, 109, 7, 45]
1542791143631;[171, 0, 17, 255, 161, 74, 235, 18, 34, 0, 0, 160, 0, 0, 184, 0, 0, 107, 6, 212]
1542791143635;[171, 0, 17, 255, 161, 74, 235, 18, 35, 0, 0, 161, 0, 0, 181, 0, 0, 107, 6, 124]
1542791143978;[171, 0, 17, 255, 161, 74, 235, 18, 35, 0, 0, 160, 0, 0, 181, 0, 0, 107, 6, 198]
1542791143981;[171, 0, 4, 255, 132, 128, 101]
1542791144008;[171, 0, 17, 255, 161, 74, 235, 18, 35, 0, 0, 160, 0, 0, 183, 0, 0, 108, 6, 240]
1542791144149;[171, 0, 17, 255, 161, 74, 235, 18, 35, 0, 0, 166, 0, 0, 182, 0, 0, 107, 6, 193]
1542791144154;[171, 0, 17, 255, 161, 74, 235, 18, 35, 0, 0, 162, 0, 0, 182, 0, 0, 108, 6, 128]
1542791144495;[171, 0, 17, 255, 161, 74, 235, 18, 35, 0, 0, 162, 0, 0, 183, 0, 0, 108, 6, 63]
1542791144499;[171, 0, 17, 255, 161, 74, 235, 18, 35, 0, 0, 161, 0, 0, 181, 0, 0, 107, 5, 237]
1542791144505;[171, 0, 17, 255, 161, 74, 235, 18, 35, 0, 0, 162, 0, 0, 184, 0, 0, 106, 5, 182]
1542791144666;[171, 0, 17, 255, 161, 74, 235, 18, 35, 0, 0, 163, 0, 0, 183, 0, 0, 107, 6, 2]
1542791144670;[171, 0, 17, 255, 161, 74, 235, 18, 35, 0, 0, 161, 0, 0, 183, 0, 0, 117, 6, 21]
1542791144838;[171, 0, 17, 255, 161, 74, 235, 18, 36, 0, 0, 172, 0, 0, 187, 0, 0, 110, 5, 238]
1542791144842;[171, 0, 17, 255, 161, 74, 235, 18, 36, 0, 0, 156, 0, 0, 194, 0, 0, 76, 5, 193]
1542791145355;[171, 0, 4, 255, 132, 128, 101]
1542791145875;[171, 0, 17, 255, 161, 74, 235, 18, 36, 0, 0, 172, 0, 0, 193, 0, 0, 59, 5, 119]
1542791145879;[171, 0, 17, 255, 161, 74, 235, 18, 36, 0, 0, 85, 0, 0, 200, 0, 0, 87, 5, 15]
1542791145883;[171, 0, 17, 255, 161, 74, 235, 18, 36, 0, 0, 109, 0, 0, 254, 0, 0, 1, 4, 229]
1542791145887;[171, 0, 17, 255, 161, 74, 235, 18, 36, 0, 1, 16, 0, 0, 170, 0, 0, 63, 5, 44]
1542791146048;[171, 0, 17, 255, 161, 74, 235, 18, 36, 0, 0, 186, 0, 0, 165, 0, 0, 49, 5, 56]
1542791146052;[171, 0, 17, 255, 161, 74, 235, 18, 36, 0, 0, 198, 0, 0, 169, 0, 0, 33, 5, 40]
1542791146056;[171, 0, 17, 255, 161, 74, 235, 18, 36, 0, 0, 206, 0, 0, 168, 0, 0, 39, 5, 13]
1542791146060;[171, 0, 17, 255, 161, 74, 235, 18, 36, 0, 0, 198, 0, 0, 168, 0, 0, 39, 4, 221]
1542791146217;[171, 0, 17, 255, 161, 74, 235, 18, 37, 0, 0, 200, 0, 0, 167, 0, 0, 38, 4, 165]
1542791146222;[171, 0, 17, 255, 161, 74, 235, 18, 37, 0, 0, 207, 0, 0, 164, 0, 0, 44, 4, 227]
1542791146738;[171, 0, 4, 255, 132, 128, 101]
1542791146764;[171, 0, 17, 255, 161, 74, 235, 18, 37, 0, 0, 205, 0, 0, 164, 0, 0, 45, 4, 250]
1542791146766;[171, 0, 17, 255, 161, 74, 235, 18, 37, 0, 0, 196, 0, 0, 163, 0, 0, 45, 4, 199]
1542791146768;[171, 0, 17, 255, 161, 74, 235, 18, 37, 0, 0, 201, 0, 0, 162, 0, 0, 43, 4, 139]
1542791146909;[171, 0, 17, 255, 161, 74, 235, 18, 37, 0, 0, 206, 0, 0, 161, 0, 0, 54, 4, 68]
1542791146913;[171, 0, 17, 255, 161, 74, 235, 18, 37, 0, 0, 204, 0, 0, 163, 0, 0, 49, 3, 247]
1542791146917;[171, 0, 17, 255, 161, 74, 235, 18, 37, 0, 0, 201, 0, 0, 162, 0, 0, 47, 4, 7]
1542791147082;[171, 0, 17, 255, 161, 74, 235, 18, 37, 0, 0, 199, 0, 0, 163, 0, 0, 49, 4, 36]
1542791147086;[171, 0, 17, 255, 161, 74, 235, 18, 37, 0, 0, 203, 0, 0, 163, 0, 0, 49, 4, 13]
1542791147253;[171, 0, 17, 255, 161, 74, 235, 18, 38, 0, 0, 202, 0, 0, 164, 0, 0, 49, 3, 227]
1542791147257;[171, 0, 17, 255, 161, 74, 235, 18, 38, 0, 0, 201, 0, 0, 162, 0, 0, 49, 3, 183]
1542791147432;[171, 0, 4, 255, 132, 128, 101]
1542791147435;[171, 0, 17, 255, 161, 74, 235, 18, 38, 0, 0, 202, 0, 0, 163, 0, 0, 50, 3, 119]
1542791147772;[171, 0, 17, 255, 161, 74, 235, 18, 38, 0, 0, 200, 0, 0, 160, 0, 0, 50, 3, 169]
1542791147775;[171, 0, 17, 255, 161, 74, 235, 18, 38, 0, 0, 200, 0, 0, 161, 0, 0, 57, 3, 238]
1542791147779;[171, 0, 17, 255, 161, 74, 235, 18, 38, 0, 0, 203, 0, 0, 162, 0, 0, 55, 3, 245]
1542791147944;[171, 0, 17, 255, 161, 74, 235, 18, 38, 0, 0, 202, 0, 0, 160, 0, 0, 52, 3, 230]
1542791148114;[171, 0, 17, 255, 161, 74, 235, 18, 38, 0, 0, 210, 0, 0, 163, 0, 0, 46, 3, 197]
1542791148118;[171, 0, 17, 255, 161, 74, 235, 18, 38, 0, 0, 204, 0, 0, 164, 0, 0, 53, 3, 148]
1542791148289;[171, 0, 17, 255, 161, 74, 235, 18, 38, 0, 0, 200, 0, 0, 160, 0, 0, 55, 3, 102]
1542791148293;[171, 0, 17, 255, 161, 74, 235, 18, 39, 0, 0, 203, 0, 0, 161, 0, 0, 58, 3, 228]
1542791148461;[171, 0, 17, 255, 161, 74, 235, 18, 39, 0, 0, 202, 0, 0, 161, 0, 0, 55, 4, 57]
1542791148464;[171, 0, 4, 255, 132, 128, 100]
1542791148633;[171, 0, 17, 255, 161, 74, 235, 18, 39, 0, 0, 199, 0, 0, 160, 0, 0, 56, 4, 67]
1542791148636;[171, 0, 17, 255, 161, 74, 235, 18, 39, 0, 0, 201, 0, 0, 161, 0, 0, 56, 4, 62]
1542791148806;[171, 0, 17, 255, 161, 74, 235, 18, 39, 0, 0, 202, 0, 0, 160, 0, 0, 56, 4, 35]
1542791149152;[171, 0, 17, 255, 161, 74, 235, 18, 39, 0, 0, 200, 0, 0, 160, 0, 0, 55, 3, 250]
1542791149156;[171, 0, 17, 255, 161, 74, 235, 18, 39, 0, 0, 201, 0, 0, 158, 0, 0, 54, 3, 202]
1542791149160;[171, 0, 17, 255, 161, 74, 235, 18, 39, 0, 0, 200, 0, 0, 162, 0, 0, 53, 4, 103]
1542791149164;[171, 0, 17, 255, 161, 74, 235, 18, 39, 0, 0, 204, 0, 0, 157, 0, 0, 54, 4, 204]
1542791149324;[171, 0, 17, 255, 161, 74, 235, 18, 39, 0, 0, 203, 0, 0, 163, 0, 0, 52, 4, 220]
1542791149497;[171, 0, 17, 255, 161, 74, 235, 18, 40, 0, 0, 202, 0, 0, 162, 0, 0, 53, 4, 218]
1542791149501;[171, 0, 17, 255, 161, 74, 235, 18, 40, 0, 0, 203, 0, 0, 159, 0, 0, 53, 4, 200]
1542791149842;[171, 0, 4, 255, 132, 128, 100]
1542791149869;[171, 0, 17, 255, 161, 74, 235, 18, 40, 0, 0, 201, 0, 0, 160, 0, 0, 53, 4, 164]
1542791149871;[171, 0, 17, 255, 161, 74, 235, 18, 40, 0, 0, 204, 0, 0, 161, 0, 0, 53, 4, 184]
1542791149872;[171, 0, 17, 255, 161, 74, 235, 18, 40, 0, 0, 203, 0, 0, 161, 0, 0, 53, 5, 105]
1542791150013;[171, 0, 17, 255, 161, 74, 235, 18, 40, 0, 0, 202, 0, 0, 161, 0, 0, 54, 5, 179]
1542791150360;[171, 0, 17, 255, 161, 74, 235, 18, 40, 0, 0, 203, 0, 0, 159, 0, 0, 53, 5, 169]
1542791150364;[171, 0, 17, 255, 161, 74, 235, 18, 40, 0, 0, 202, 0, 0, 161, 0, 0, 52, 5, 158]
1542791150369;[171, 0, 17, 255, 161, 74, 235, 18, 40, 0, 0, 201, 0, 0, 159, 0, 0, 52, 5, 130]
1542791150373;[171, 0, 17, 255, 161, 74, 235, 18, 40, 0, 0, 202, 0, 0, 160, 0, 0, 53, 5, 82]
1542791150704;[171, 0, 17, 255, 161, 74, 235, 18, 41, 0, 0, 204, 0, 0, 160, 0, 0, 52, 6, 30]
1542791150709;[171, 0, 17, 255, 161, 74, 235, 18, 41, 0, 0, 202, 0, 0, 158, 0, 0, 53, 6, 170]
1542791150712;[171, 0, 4, 255, 132, 128, 99]
1542791150877;[171, 0, 17, 255, 161, 74, 235, 18, 41, 0, 0, 206, 0, 0, 159, 0, 0, 55, 6, 193]
1542791150881;[171, 0, 17, 255, 161, 74, 235, 18, 41, 0, 0, 202, 0, 0, 163, 0, 0, 53, 6, 193]
1542791151048;[171, 0, 17, 255, 161, 74, 235, 18, 41, 0, 0, 203, 0, 0, 160, 0, 0, 52, 6, 175]
1542791151051;[171, 0, 17, 255, 161, 74, 235, 18, 41, 0, 0, 205, 0, 0, 160, 0, 0, 52, 6, 116]
1542791151394;[171, 0, 17, 255, 161, 74, 235, 18, 41, 0, 0, 201, 0, 0, 159, 0, 0, 52, 6, 71]
1542791151398;[171, 0, 17, 255, 161, 74, 235, 18, 41, 0, 0, 203, 0, 0, 158, 0, 0, 52, 7, 32]
1542791151402;[171, 0, 17, 255, 161, 74, 235, 18, 41, 0, 0, 206, 0, 0, 160, 0, 0, 51, 7, 170]
1542791151741;[171, 0, 17, 255, 161, 74, 235, 18, 41, 0, 0, 199, 0, 0, 159, 0, 0, 53, 7, 180]
1542791151745;[171, 0, 17, 255, 161, 74, 235, 18, 42, 0, 0, 202, 0, 0, 160, 0, 0, 53, 7, 174]
1542791151749;[171, 0, 17, 255, 161, 74, 235, 18, 42, 0, 0, 203, 0, 0, 161, 0, 0, 52, 7, 139]
1542791151753;[171, 0, 4, 255, 132, 128, 99]
1542791151911;[171, 0, 17, 255, 161, 74, 235, 18, 42, 0, 0, 202, 0, 0, 160, 0, 0, 51, 7, 85]
1542791152083;[171, 0, 17, 255, 161, 74, 235, 18, 42, 0, 0, 205, 0, 0, 160, 0, 0, 52, 7, 17]
1542791152087;[171, 0, 17, 255, 161, 74, 235, 18, 42, 0, 0, 202, 0, 0, 158, 0, 0, 53, 7, 230]
1542791152255;[171, 0, 17, 255, 161, 74, 235, 18, 42, 0, 0, 204, 0, 0, 159, 0, 0, 53, 8, 105]
1542791152259;[171, 0, 17, 255, 161, 74, 235, 18, 42, 0, 0, 201, 0, 0, 159, 0, 0, 53, 8, 102]
1542791152439;[171, 0, 17, 255, 161, 74, 235, 18, 42, 0, 0, 205, 0, 0, 158, 0, 0, 52, 8, 79]
1542791152440;[171, 0, 17, 255, 161, 74, 235, 18, 42, 0, 0, 200, 0, 0, 161, 0, 0, 53, 8, 32]
1542791152600;[171, 0, 17, 255, 161, 74, 235, 18, 42, 0, 0, 205, 0, 0, 160, 0, 0, 51, 7, 208]
1542791152946;[171, 0, 17, 255, 161, 74, 235, 18, 43, 0, 0, 205, 0, 0, 159, 0, 0, 50, 7, 123]
1542791152951;[171, 0, 17, 255, 161, 74, 235, 18, 45, 0, 0, 175, 0, 0, 137, 0, 0, 60, 7, 106]
1542791152954;[171, 0, 17, 255, 161, 74, 235, 18, 45, 0, 0, 220, 0, 0, 128, 0, 0, 51, 7, 153]
1542791153118;[171, 0, 17, 255, 161, 74, 235, 18, 45, 0, 0, 230, 0, 0, 112, 0, 0, 63, 7, 143]
1542791153290;[171, 0, 17, 255, 161, 74, 235, 18, 45, 0, 0, 250, 0, 0, 84, 0, 0, 87, 7, 137]
1542791154328;[171, 0, 17, 255, 161, 74, 235, 18, 45, 0, 0, 225, 0, 0, 83, 0, 0, 78, 7, 105]
1542791154332;[171, 0, 17, 255, 161, 74, 235, 18, 45, 0, 1, 7, 0, 0, 66, 0, 0, 140, 7, 65]
1542791154336;[171, 0, 17, 255, 161, 74, 235, 18, 45, 0, 0, 214, 0, 0, 65, 0, 0, 148, 7, 136]
1542791154340;[171, 0, 17, 255, 161, 74, 235, 18, 45, 0, 0, 211, 0, 0, 72, 0, 0, 125, 8, 62]
1542791154500;[171, 0, 17, 255, 161, 74, 235, 18, 46, 0, 0, 218, 0, 0, 70, 0, 0, 121, 8, 113]
1542791154504;[171, 0, 17, 255, 161, 74, 235, 18, 46, 0, 0, 232, 0, 0, 68, 0, 0, 104, 8, 108]
1542791154508;[171, 0, 4, 255, 132, 128, 96]
1542791154535;[171, 0, 17, 255, 161, 74, 235, 18, 46, 0, 0, 232, 0, 0, 70, 0, 0, 84, 8, 80]
1542791154672;[171, 0, 17, 255, 161, 74, 235, 18, 46, 0, 0, 227, 0, 0, 71, 0, 0, 103, 8, 35]
1542791154676;[171, 0, 17, 255, 161, 74, 235, 18, 46, 0, 0, 228, 0, 0, 72, 0, 0, 98, 7, 226]
1542791154680;[171, 0, 17, 255, 161, 74, 235, 18, 46, 0, 0, 228, 0, 0, 72, 0, 0, 99, 8, 43]
1542791154843;[171, 0, 17, 255, 161, 74, 235, 18, 46, 0, 0, 228, 0, 0, 74, 0, 0, 97, 8, 157]
1542791154847;[171, 0, 17, 255, 161, 74, 235, 18, 46, 0, 0, 230, 0, 0, 72, 0, 0, 96, 8, 158]
1542791155188;[171, 0, 17, 255, 161, 74, 235, 18, 46, 0, 0, 230, 0, 0, 73, 0, 0, 95, 8, 123]
1542791155192;[171, 0, 17, 255, 161, 74, 235, 18, 46, 0, 0, 227, 0, 0, 72, 0, 0, 93, 8, 97]
1542791155196;[171, 0, 17, 255, 161, 74, 235, 18, 47, 0, 0, 231, 0, 0, 75, 0, 0, 93, 8, 46]
1542791155539;[171, 0, 17, 255, 161, 74, 235, 18, 47, 0, 0, 229, 0, 0, 73, 0, 0, 93, 8, 9]
1542791155541;[171, 0, 4, 255, 132, 128, 95]
1542791155568;[171, 0, 17, 255, 161, 74, 235, 18, 47, 0, 0, 228, 0, 0, 73, 0, 0, 93, 8, 153]
1542791155570;[171, 0, 17, 255, 161, 74, 235, 18, 47, 0, 0, 231, 0, 0, 73, 0, 0, 93, 8, 197]
1542791155706;[171, 0, 17, 255, 161, 74, 235, 18, 47, 0, 0, 229, 0, 0, 75, 0, 0, 93, 8, 174]
1542791155878;[171, 0, 17, 255, 161, 74, 235, 18, 47, 0, 0, 229, 0, 0, 73, 0, 0, 94, 8, 144]
1542791156052;[171, 0, 17, 255, 161, 74, 235, 18, 47, 0, 0, 228, 0, 0, 74, 0, 0, 94, 8, 103]
1542791156056;[171, 0, 17, 255, 161, 74, 235, 18, 47, 0, 0, 230, 0, 0, 74, 0, 0, 92, 8, 49]
1542791156060;[171, 0, 17, 255, 161, 74, 235, 18, 47, 0, 0, 228, 0, 0, 74, 0, 0, 95, 8, 74]
1542791156224;[171, 0, 17, 255, 161, 74, 235, 18, 47, 0, 0, 230, 0, 0, 74, 0, 0, 93, 8, 196]
1542791156228;[171, 0, 17, 255, 161, 74, 235, 18, 48, 0, 0, 230, 0, 0, 74, 0, 0, 93, 8, 224]
1542791156396;[171, 0, 17, 255, 161, 74, 235, 18, 48, 0, 0, 230, 0, 0, 74, 0, 0, 94, 8, 203]
1542791156742;[171, 0, 4, 255, 132, 128, 94]
1542791156768;[171, 0, 17, 255, 161, 74, 235, 18, 48, 0, 0, 230, 0, 0, 74, 0, 0, 92, 8, 182]
1542791156770;[171, 0, 17, 255, 161, 74, 235, 18, 48, 0, 0, 229, 0, 0, 73, 0, 0, 94, 8, 131]
1542791156772;[171, 0, 17, 255, 161, 74, 235, 18, 48, 0, 0, 231, 0, 0, 73, 0, 0, 94, 8, 89]
1542791156914;[171, 0, 17, 255, 161, 74, 235, 18, 48, 0, 0, 227, 0, 0, 73, 0, 0, 93, 8, 204]
1542791157086;[171, 0, 17, 255, 161, 74, 235, 18, 48, 0, 0, 229, 0, 0, 73, 0, 0, 93, 9, 13]
1542791157090;[171, 0, 17, 255, 161, 74, 235, 18, 48, 0, 0, 230, 0, 0, 73, 0, 0, 93, 9, 6]
1542791157258;[171, 0, 17, 255, 161, 74, 235, 18, 48, 0, 0, 231, 0, 0, 73, 0, 0, 91, 8, 233]
1542791157262;[171, 0, 17, 255, 161, 74, 235, 18, 48, 0, 0, 228, 0, 0, 74, 0, 0, 92, 8, 200]
1542791157448;[171, 0, 17, 255, 161, 74, 235, 18, 49, 0, 0, 231, 0, 0, 72, 0, 0, 93, 8, 133]
1542791157450;[171, 0, 17, 255, 161, 74, 235, 18, 49, 0, 0, 230, 0, 0, 73, 0, 0, 94, 8, 153]
1542791157602;[171, 0, 4, 255, 132, 128, 93]
1542791157776;[171, 0, 17, 255, 161, 74, 235, 18, 49, 0, 0, 230, 0, 0, 74, 0, 0, 92, 8, 243]
1542791157780;[171, 0, 17, 255, 161, 74, 235, 18, 49, 0, 0, 230, 0, 0, 71, 0, 0, 91, 8, 252]
1542791158122;[171, 0, 17, 255, 161, 74, 235, 18, 49, 0, 0, 230, 0, 0, 74, 0, 0, 92, 8, 219]
1542791158126;[171, 0, 17, 255, 161, 74, 235, 18, 49, 0, 0, 230, 0, 0, 73, 0, 0, 93, 8, 189]
1542791158130;[171, 0, 17, 255, 161, 74, 235, 18, 49, 0, 0, 228, 0, 0, 73, 0, 0, 93, 8, 144]
1542791158293;[171, 0, 17, 255, 161, 74, 235, 18, 49, 0, 0, 231, 0, 0, 73, 0, 0, 94, 8, 143]
1542791158297;[171, 0, 17, 255, 161, 74, 235, 18, 49, 0, 0, 233, 0, 0, 75, 0, 0, 94, 8, 237]
1542791158639;[171, 0, 17, 255, 161, 74, 235, 18, 49, 0, 0, 229, 0, 0, 72, 0, 0, 92, 8, 249]
1542791158644;[171, 0, 17, 255, 161, 74, 235, 18, 50, 0, 0, 230, 0, 0, 72, 0, 0, 94, 8, 219]
1542791158647;[171, 0, 17, 255, 161, 74, 235, 18, 50, 0, 0, 232, 0, 0, 72, 0, 0, 91, 8, 183]
1542791158651;[171, 0, 4, 255, 132, 128, 93]
1542791158811;[171, 0, 17, 255, 161, 74, 235, 18, 50, 0, 0, 229, 0, 0, 73, 0, 0, 94, 8, 123]
1542791158985;[171, 0, 17, 255, 161, 74, 235, 18, 50, 0, 0, 230, 0, 0, 72, 0, 0, 92, 8, 67]
1542791158988;[171, 0, 17, 255, 161, 74, 235, 18, 50, 0, 0, 229, 0, 0, 73, 0, 0, 92, 8, 155]
1542791159330;[171, 0, 17, 255, 161, 74, 235, 18, 50, 0, 0, 230, 0, 0, 73, 0, 0, 94, 8, 204]
1542791159334;[171, 0, 17, 255, 161, 74, 235, 18, 50, 0, 0, 233, 0, 0, 72, 0, 0, 93, 8, 191]
1542791159338;[171, 0, 17, 255, 161, 74, 235, 18, 50, 0, 0, 230, 0, 0, 72, 0, 0, 91, 8, 155]
1542791159342;[171, 0, 17, 255, 161, 74, 235, 18, 50, 0, 0, 229, 0, 0, 72, 0, 0, 93, 8, 114]
1542791159503;[171, 0, 17, 255, 161, 74, 235, 18, 50, 0, 0, 229, 0, 0, 73, 0, 0, 91, 8, 54]
1542791159675;[171, 0, 17, 255, 161, 74, 235, 18, 51, 0, 0, 229, 0, 0, 72, 0, 0, 91, 8, 77]
1542791159679;[171, 0, 17, 255, 161, 74, 235, 18, 51, 0, 0, 231, 0, 0, 72, 0, 0, 94, 8, 150]
1542791159846;[171, 0, 4, 255, 132, 128, 92]
1542791159872;[171, 0, 17, 255, 161, 74, 235, 18, 51, 0, 0, 229, 0, 0, 74, 0, 0, 94, 8, 163]
1542791160018;[171, 0, 17, 255, 161, 74, 235, 18, 51, 0, 0, 228, 0, 0, 75, 0, 0, 92, 8, 116]
1542791160190;[171, 0, 17, 255, 161, 74, 235, 18, 51, 0, 0, 233, 0, 0, 71, 0, 0, 93, 8, 78]
1542791160194;[171, 0, 17, 255, 161, 74, 235, 18, 51, 0, 0, 229, 0, 0, 75, 0, 0, 92, 8, 9]
1542791160708;[171, 0, 17, 255, 161, 74, 235, 18, 51, 0, 0, 229, 0, 0, 75, 0, 0, 92, 7, 233]
1542791160712;[171, 0, 17, 255, 161, 74, 235, 18, 51, 0, 0, 229, 0, 0, 74, 0, 0, 91, 8, 59]
1542791160882;[171, 0, 17, 255, 161, 74, 235, 18, 51, 0, 0, 231, 0, 0, 75, 0, 0, 92, 8, 70]
1542791161055;[171, 0, 17, 255, 161, 74, 235, 18, 51, 0, 0, 231, 0, 0, 74, 0, 0, 91, 8, 27]
1542791161058;[171, 0, 17, 255, 161, 74, 235, 18, 52, 0, 0, 230, 0, 0, 75, 0, 0, 90, 7, 245]
1542791161063;[171, 0, 17, 255, 161, 74, 235, 18, 52, 0, 0, 231, 0, 0, 73, 0, 0, 91, 7, 182]
1542791161067;[171, 0, 4, 255, 132, 128, 92]
1542791161229;[171, 0, 17, 255, 161, 74, 235, 18, 52, 0, 0, 230, 0, 0, 72, 0, 0, 92, 7, 136]
1542791161233;[171, 0, 17, 255, 161, 74, 235, 18, 52, 0, 0, 229, 0, 0, 74, 0, 0, 93, 7, 223]
1542791161237;[171, 0, 17, 255, 161, 74, 235, 18, 52, 0, 0, 231, 0, 0, 75, 0, 0, 92, 7, 250]
1542791161241;[171, 0, 17, 255, 161, 74, 235, 18, 52, 0, 0, 231, 0, 0, 74, 0, 0, 91, 7, 220]
1542791161572;[171, 0, 17, 255, 161, 74, 235, 18, 52, 0, 0, 229, 0, 0, 75, 0, 0, 91, 7, 185]
1542791161576;[171, 0, 17, 255, 161, 74, 235, 18, 52, 0, 0, 230, 0, 0, 74, 0, 0, 94, 7, 132]
1542791161580;[171, 0, 17, 255, 161, 74, 235, 18, 52, 0, 0, 231, 0, 0, 73, 0, 0, 92, 7, 71]
1542791162090;[171, 0, 17, 255, 161, 74, 235, 18, 52, 0, 0, 229, 0, 0, 74, 0, 0, 90, 7, 133]
1542791162094;[171, 0, 17, 255, 161, 74, 235, 18, 53, 0, 0, 230, 0, 0, 74, 0, 0, 91, 7, 158]
1542791162098;[171, 0, 17, 255, 161, 74, 235, 18, 53, 0, 0, 231, 0, 0, 74, 0, 0, 93, 7, 132]
1542791162102;[171, 0, 4, 255, 132, 128, 92]
1542791162260;[171, 0, 17, 255, 161, 74, 235, 18, 53, 0, 0, 231, 0, 0, 73, 0, 0, 93, 7, 93]
1542791162457;[171, 0, 17, 255, 161, 74, 235, 18, 53, 0, 0, 228, 0, 0, 74, 0, 0, 91, 7, 53]
1542791162459;[171, 0, 17, 255, 161, 74, 235, 18, 53, 0, 0, 228, 0, 0, 73, 0, 0, 91, 6, 255]
1542791162606;[171, 0, 17, 255, 161, 74, 235, 18, 53, 0, 0, 228, 0, 0, 73, 0, 0, 91, 7, 48]
1542791162610;[171, 0, 17, 255, 161, 74, 235, 18, 53, 0, 0, 232, 0, 0, 75, 0, 0, 92, 7, 116]
1542791162614;[171, 0, 17, 255, 161, 74, 235, 18, 53, 0, 0, 230, 0, 0, 73, 0, 0, 91, 7, 96]
1542791162779;[171, 0, 17, 255, 161, 74, 235, 18, 53, 0, 0, 232, 0, 0, 75, 0, 0, 90, 7, 61]
