1542741213637;[171, 0, 17, 255, 161, 74, 234, 52, 18, 0, 0, 193, 1, 0, 11, 1, 0, 155, 6, 49]
1542741213644;[171, 0, 17, 255, 161, 74, 234, 52, 18, 0, 0, 193, 1, 0, 11, 1, 0, 155, 6, 49]
1542741213646;[171, 0, 17, 255, 161, 74, 234, 52, 18, 0, 0, 193, 1, 0, 10, 1, 0, 157, 6, 43]
1542741213647;[171, 0, 17, 255, 161, 74, 234, 52, 18, 0, 0, 193, 1, 0, 10, 1, 0, 157, 6, 43]
1542741213801;[171, 0, 17, 255, 161, 74, 234, 52, 18, 0, 0, 195, 1, 0, 13, 1, 0, 153, 6, 15]
1542741213803;[171, 0, 17, 255, 161, 74, 234, 52, 18, 0, 0, 195, 1, 0, 13, 1, 0, 153, 6, 15]
1542741213805;[171, 0, 17, 255, 161, 74, 234, 52, 18, 0, 0, 195, 1, 0, 10, 1, 0, 157, 5, 250]
1542741213807;[171, 0, 17, 255, 161, 74, 234, 52, 18, 0, 0, 195, 1, 0, 10, 1, 0, 157, 5, 250]
1542741213809;[171, 0, 17, 255, 161, 74, 234, 52, 18, 0, 0, 194, 1, 0, 12, 1, 0, 156, 5, 220]
1542741213810;[171, 0, 17, 255, 161, 74, 234, 52, 18, 0, 0, 194, 1, 0, 12, 1, 0, 156, 5, 220]
1542741213970;[171, 0, 17, 255, 161, 74, 234, 52, 18, 0, 0, 194, 1, 0, 12, 1, 0, 157, 5, 192]
1542741213971;[171, 0, 17, 255, 161, 74, 234, 52, 18, 0, 0, 194, 1, 0, 12, 1, 0, 157, 5, 192]
1542741214143;[171, 0, 17, 255, 161, 74, 234, 52, 18, 0, 0, 196, 1, 0, 10, 1, 0, 157, 5, 162]
1542741214145;[171, 0, 17, 255, 161, 74, 234, 52, 18, 0, 0, 196, 1, 0, 10, 1, 0, 157, 5, 162]
1542741214148;[171, 0, 17, 255, 161, 74, 234, 52, 18, 0, 0, 196, 1, 0, 11, 1, 0, 158, 5, 184]
1542741214150;[171, 0, 17, 255, 161, 74, 234, 52, 18, 0, 0, 196, 1, 0, 11, 1, 0, 158, 5, 184]
1542741214152;[171, 0, 4, 255, 132, 128, 67]
1542741214154;[171, 0, 4, 255, 132, 128, 67]
1542741214314;[171, 0, 17, 255, 161, 74, 234, 52, 18, 0, 0, 198, 1, 0, 11, 1, 0, 157, 5, 218]
1542741214316;[171, 0, 17, 255, 161, 74, 234, 52, 18, 0, 0, 198, 1, 0, 11, 1, 0, 157, 5, 218]
1542741214833;[171, 0, 17, 255, 161, 74, 234, 52, 19, 0, 0, 193, 1, 0, 11, 1, 0, 157, 5, 198]
1542741214835;[171, 0, 17, 255, 161, 74, 234, 52, 19, 0, 0, 193, 1, 0, 11, 1, 0, 157, 5, 198]
1542741214837;[171, 0, 17, 255, 161, 74, 234, 52, 19, 0, 0, 195, 1, 0, 10, 1, 0, 155, 5, 170]
1542741214839;[171, 0, 17, 255, 161, 74, 234, 52, 19, 0, 0, 195, 1, 0, 10, 1, 0, 155, 5, 170]
1542741214841;[171, 0, 17, 255, 161, 74, 234, 52, 19, 0, 0, 197, 1, 0, 11, 1, 0, 156, 5, 164]
1542741214843;[171, 0, 17, 255, 161, 74, 234, 52, 19, 0, 0, 197, 1, 0, 11, 1, 0, 156, 5, 164]
1542741214847;[171, 0, 17, 255, 161, 74, 234, 52, 19, 0, 0, 195, 1, 0, 9, 1, 0, 157, 5, 110]
1542741214849;[171, 0, 17, 255, 161, 74, 234, 52, 19, 0, 0, 195, 1, 0, 9, 1, 0, 157, 5, 110]
1542741215006;[171, 0, 17, 255, 161, 74, 234, 52, 19, 0, 0, 197, 1, 0, 10, 1, 0, 155, 5, 70]
1542741215008;[171, 0, 17, 255, 161, 74, 234, 52, 19, 0, 0, 197, 1, 0, 10, 1, 0, 155, 5, 70]
1542741215010;[171, 0, 17, 255, 161, 74, 234, 52, 19, 0, 0, 193, 1, 0, 12, 1, 0, 157, 5, 25]
1542741215012;[171, 0, 17, 255, 161, 74, 234, 52, 19, 0, 0, 193, 1, 0, 12, 1, 0, 157, 5, 25]
1542741215018;[171, 0, 17, 255, 161, 74, 234, 52, 19, 0, 0, 195, 1, 0, 11, 1, 0, 157, 5, 9]
1542741215020;[171, 0, 17, 255, 161, 74, 234, 52, 19, 0, 0, 195, 1, 0, 11, 1, 0, 157, 5, 9]
1542741215177;[171, 0, 17, 255, 161, 74, 234, 52, 19, 0, 0, 196, 1, 0, 11, 1, 0, 155, 5, 64]
1542741215179;[171, 0, 17, 255, 161, 74, 234, 52, 19, 0, 0, 196, 1, 0, 11, 1, 0, 155, 5, 64]
1542741215181;[171, 0, 17, 255, 161, 74, 234, 52, 19, 0, 0, 193, 1, 0, 12, 1, 0, 158, 5, 80]
1542741215183;[171, 0, 17, 255, 161, 74, 234, 52, 19, 0, 0, 193, 1, 0, 12, 1, 0, 158, 5, 80]
1542741215349;[171, 0, 4, 255, 132, 128, 67]
1542741215352;[171, 0, 4, 255, 132, 128, 67]
1542741215355;[171, 0, 17, 255, 161, 74, 234, 52, 19, 0, 0, 193, 1, 0, 10, 1, 0, 157, 5, 62]
1542741215356;[171, 0, 17, 255, 161, 74, 234, 52, 19, 0, 0, 193, 1, 0, 10, 1, 0, 157, 5, 62]
1542741215521;[171, 0, 17, 255, 161, 74, 234, 52, 20, 0, 0, 193, 1, 0, 10, 1, 0, 156, 5, 42]
1542741215523;[171, 0, 17, 255, 161, 74, 234, 52, 20, 0, 0, 193, 1, 0, 10, 1, 0, 156, 5, 42]
1542741216214;[171, 0, 17, 255, 161, 74, 234, 52, 20, 0, 0, 195, 1, 0, 10, 1, 0, 156, 5, 15]
1542741216215;[171, 0, 17, 255, 161, 74, 234, 52, 20, 0, 0, 195, 1, 0, 10, 1, 0, 156, 5, 15]
1542741216218;[171, 0, 17, 255, 161, 74, 234, 52, 20, 0, 0, 195, 1, 0, 11, 1, 0, 158, 4, 244]
1542741216220;[171, 0, 17, 255, 161, 74, 234, 52, 20, 0, 0, 195, 1, 0, 11, 1, 0, 158, 4, 244]
1542741216222;[171, 0, 17, 255, 161, 74, 234, 52, 20, 0, 0, 196, 1, 0, 10, 1, 0, 157, 4, 223]
1542741216223;[171, 0, 17, 255, 161, 74, 234, 52, 20, 0, 0, 196, 1, 0, 10, 1, 0, 157, 4, 223]
1542741216226;[171, 0, 17, 255, 161, 74, 234, 52, 20, 0, 0, 197, 1, 0, 11, 1, 0, 158, 4, 186]
1542741216228;[171, 0, 17, 255, 161, 74, 234, 52, 20, 0, 0, 197, 1, 0, 11, 1, 0, 158, 4, 186]
1542741216387;[171, 0, 17, 255, 161, 74, 234, 52, 20, 0, 0, 195, 1, 0, 12, 1, 0, 158, 4, 172]
1542741216389;[171, 0, 17, 255, 161, 74, 234, 52, 20, 0, 0, 195, 1, 0, 12, 1, 0, 158, 4, 172]
1542741216391;[171, 0, 17, 255, 161, 74, 234, 52, 20, 0, 0, 196, 1, 0, 11, 1, 0, 156, 4, 231]
1542741216393;[171, 0, 17, 255, 161, 74, 234, 52, 20, 0, 0, 196, 1, 0, 11, 1, 0, 156, 4, 231]
1542741216395;[171, 0, 17, 255, 161, 74, 234, 52, 20, 0, 0, 195, 1, 0, 12, 1, 0, 158, 5, 14]
1542741216397;[171, 0, 17, 255, 161, 74, 234, 52, 20, 0, 0, 195, 1, 0, 12, 1, 0, 158, 5, 14]
1542741216399;[171, 0, 17, 255, 161, 74, 234, 52, 20, 0, 0, 195, 1, 0, 11, 1, 0, 156, 5, 3]
1542741216401;[171, 0, 17, 255, 161, 74, 234, 52, 20, 0, 0, 195, 1, 0, 11, 1, 0, 156, 5, 3]
1542741216558;[171, 0, 4, 255, 132, 128, 67]
1542741216562;[171, 0, 4, 255, 132, 128, 67]
1542741216564;[171, 0, 17, 255, 161, 74, 234, 52, 20, 0, 0, 196, 1, 0, 10, 1, 0, 157, 4, 249]
1542741216566;[171, 0, 17, 255, 161, 74, 234, 52, 20, 0, 0, 196, 1, 0, 10, 1, 0, 157, 4, 249]
1542741216568;[171, 0, 17, 255, 161, 74, 234, 52, 21, 0, 0, 197, 1, 0, 12, 1, 0, 158, 4, 244]
1542741216570;[171, 0, 17, 255, 161, 74, 234, 52, 21, 0, 0, 197, 1, 0, 12, 1, 0, 158, 4, 244]
1542741216728;[171, 0, 17, 255, 161, 74, 234, 52, 21, 0, 0, 195, 1, 0, 9, 1, 0, 156, 4, 223]
1542741216730;[171, 0, 17, 255, 161, 74, 234, 52, 21, 0, 0, 195, 1, 0, 9, 1, 0, 156, 4, 223]
1542741216903;[171, 0, 17, 255, 161, 74, 234, 52, 21, 0, 0, 196, 1, 0, 11, 1, 0, 156, 4, 210]
1542741216905;[171, 0, 17, 255, 161, 74, 234, 52, 21, 0, 0, 196, 1, 0, 11, 1, 0, 156, 4, 210]
1542741216907;[171, 0, 17, 255, 161, 74, 234, 52, 21, 0, 0, 193, 1, 0, 12, 1, 0, 157, 4, 198]
1542741216909;[171, 0, 17, 255, 161, 74, 234, 52, 21, 0, 0, 193, 1, 0, 12, 1, 0, 157, 4, 198]
1542741217421;[171, 0, 17, 255, 161, 74, 234, 52, 21, 0, 0, 194, 1, 0, 9, 1, 0, 158, 4, 248]
1542741217423;[171, 0, 17, 255, 161, 74, 234, 52, 21, 0, 0, 194, 1, 0, 9, 1, 0, 158, 4, 248]
1542741217425;[171, 0, 17, 255, 161, 74, 234, 52, 21, 0, 0, 193, 1, 0, 11, 1, 0, 157, 5, 65]
1542741217427;[171, 0, 17, 255, 161, 74, 234, 52, 21, 0, 0, 193, 1, 0, 11, 1, 0, 157, 5, 65]
1542741217430;[171, 0, 17, 255, 161, 74, 234, 52, 21, 0, 0, 195, 1, 0, 12, 1, 0, 158, 5, 90]
1542741217432;[171, 0, 17, 255, 161, 74, 234, 52, 21, 0, 0, 195, 1, 0, 12, 1, 0, 158, 5, 90]
1542741217434;[171, 0, 17, 255, 161, 74, 234, 52, 21, 0, 0, 193, 1, 0, 10, 1, 0, 156, 5, 81]
1542741217436;[171, 0, 17, 255, 161, 74, 234, 52, 21, 0, 0, 193, 1, 0, 10, 1, 0, 156, 5, 81]
1542741217593;[171, 0, 17, 255, 161, 74, 234, 52, 21, 0, 0, 193, 1, 0, 13, 1, 0, 156, 5, 83]
1542741217595;[171, 0, 17, 255, 161, 74, 234, 52, 21, 0, 0, 193, 1, 0, 13, 1, 0, 156, 5, 83]
1542741217598;[171, 0, 4, 255, 132, 128, 67]
1542741217600;[171, 0, 4, 255, 132, 128, 67]
1542741217602;[171, 0, 17, 255, 161, 74, 234, 52, 21, 0, 0, 195, 1, 0, 10, 1, 0, 157, 5, 62]
1542741217603;[171, 0, 17, 255, 161, 74, 234, 52, 21, 0, 0, 195, 1, 0, 10, 1, 0, 157, 5, 62]
1542741217781;[171, 0, 17, 255, 161, 74, 234, 52, 22, 0, 0, 197, 1, 0, 11, 1, 0, 157, 5, 47]
1542741217782;[171, 0, 17, 255, 161, 74, 234, 52, 22, 0, 0, 197, 1, 0, 11, 1, 0, 157, 5, 47]
1542741217784;[171, 0, 17, 255, 161, 74, 234, 52, 22, 0, 0, 195, 1, 0, 11, 1, 0, 157, 5, 14]
1542741217785;[171, 0, 17, 255, 161, 74, 234, 52, 22, 0, 0, 195, 1, 0, 11, 1, 0, 157, 5, 14]
1542741217936;[171, 0, 17, 255, 161, 74, 234, 52, 22, 0, 0, 195, 1, 0, 11, 1, 0, 156, 5, 26]
1542741217938;[171, 0, 17, 255, 161, 74, 234, 52, 22, 0, 0, 195, 1, 0, 11, 1, 0, 156, 5, 26]
1542741217941;[171, 0, 17, 255, 161, 74, 234, 52, 22, 0, 0, 197, 1, 0, 10, 1, 0, 156, 5, 139]
1542741217943;[171, 0, 17, 255, 161, 74, 234, 52, 22, 0, 0, 197, 1, 0, 10, 1, 0, 156, 5, 139]
1542741218108;[171, 0, 17, 255, 161, 74, 234, 52, 22, 0, 0, 192, 1, 0, 13, 1, 0, 156, 5, 170]
1542741218110;[171, 0, 17, 255, 161, 74, 234, 52, 22, 0, 0, 192, 1, 0, 13, 1, 0, 156, 5, 170]
1542741218630;[171, 0, 17, 255, 161, 74, 234, 52, 22, 0, 0, 195, 1, 0, 12, 1, 0, 156, 5, 170]
1542741218633;[171, 0, 17, 255, 161, 74, 234, 52, 22, 0, 0, 195, 1, 0, 12, 1, 0, 156, 5, 170]
1542741218635;[171, 0, 17, 255, 161, 74, 234, 52, 22, 0, 0, 196, 1, 0, 12, 1, 0, 156, 5, 152]
1542741218638;[171, 0, 17, 255, 161, 74, 234, 52, 22, 0, 0, 196, 1, 0, 12, 1, 0, 156, 5, 152]
1542741218640;[171, 0, 17, 255, 161, 74, 234, 52, 22, 0, 0, 193, 1, 0, 12, 1, 0, 156, 5, 144]
1542741218642;[171, 0, 17, 255, 161, 74, 234, 52, 22, 0, 0, 193, 1, 0, 12, 1, 0, 156, 5, 144]
1542741218643;[171, 0, 17, 255, 161, 74, 234, 52, 22, 0, 0, 196, 1, 0, 12, 1, 0, 157, 5, 119]
1542741218645;[171, 0, 17, 255, 161, 74, 234, 52, 22, 0, 0, 196, 1, 0, 12, 1, 0, 157, 5, 119]
1542741218799;[171, 0, 4, 255, 132, 128, 67]
1542741218802;[171, 0, 4, 255, 132, 128, 67]
1542741218811;[171, 0, 17, 255, 161, 74, 234, 52, 22, 0, 0, 194, 1, 0, 11, 1, 0, 157, 5, 97]
1542741218813;[171, 0, 17, 255, 161, 74, 234, 52, 22, 0, 0, 194, 1, 0, 11, 1, 0, 157, 5, 97]
1542741218815;[171, 0, 17, 255, 161, 74, 234, 52, 23, 0, 0, 194, 1, 0, 11, 1, 0, 158, 5, 71]
1542741218817;[171, 0, 17, 255, 161, 74, 234, 52, 23, 0, 0, 194, 1, 0, 11, 1, 0, 158, 5, 71]
1542741219147;[171, 0, 17, 255, 161, 74, 234, 52, 23, 0, 0, 194, 1, 0, 10, 1, 0, 157, 5, 42]
1542741219149;[171, 0, 17, 255, 161, 74, 234, 52, 23, 0, 0, 194, 1, 0, 10, 1, 0, 157, 5, 42]
1542741219151;[171, 0, 17, 255, 161, 74, 234, 52, 23, 0, 0, 194, 1, 0, 11, 1, 0, 156, 5, 130]
1542741219153;[171, 0, 17, 255, 161, 74, 234, 52, 23, 0, 0, 194, 1, 0, 11, 1, 0, 156, 5, 130]
1542741219156;[171, 0, 17, 255, 161, 74, 234, 52, 23, 0, 0, 191, 1, 0, 11, 1, 0, 157, 5, 180]
1542741219158;[171, 0, 17, 255, 161, 74, 234, 52, 23, 0, 0, 191, 1, 0, 11, 1, 0, 157, 5, 180]
1542741219160;[171, 0, 17, 255, 161, 74, 234, 52, 23, 0, 0, 196, 1, 0, 13, 1, 0, 157, 5, 164]
1542741219161;[171, 0, 17, 255, 161, 74, 234, 52, 23, 0, 0, 196, 1, 0, 13, 1, 0, 157, 5, 164]
1542741219491;[171, 0, 17, 255, 161, 74, 234, 52, 23, 0, 0, 197, 1, 0, 10, 1, 0, 155, 5, 144]
1542741219493;[171, 0, 17, 255, 161, 74, 234, 52, 23, 0, 0, 197, 1, 0, 10, 1, 0, 155, 5, 144]
1542741219496;[171, 0, 17, 255, 161, 74, 234, 52, 23, 0, 0, 196, 1, 0, 13, 1, 0, 156, 5, 127]
1542741219499;[171, 0, 17, 255, 161, 74, 234, 52, 23, 0, 0, 196, 1, 0, 13, 1, 0, 156, 5, 127]
1542741219509;[171, 0, 17, 255, 161, 74, 234, 52, 23, 0, 0, 195, 1, 0, 11, 1, 0, 156, 5, 93]
1542741219511;[171, 0, 17, 255, 161, 74, 234, 52, 23, 0, 0, 195, 1, 0, 11, 1, 0, 156, 5, 93]
1542741220008;[171, 0, 17, 255, 161, 74, 234, 52, 25, 0, 0, 197, 1, 0, 11, 1, 0, 157, 5, 1]
1542741220010;[171, 0, 17, 255, 161, 74, 234, 52, 25, 0, 0, 197, 1, 0, 11, 1, 0, 157, 5, 1]
1542741220012;[171, 0, 17, 255, 161, 74, 234, 52, 26, 0, 0, 195, 1, 0, 11, 1, 0, 156, 4, 248]
1542741220014;[171, 0, 17, 255, 161, 74, 234, 52, 26, 0, 0, 195, 1, 0, 11, 1, 0, 156, 4, 248]
1542741220016;[171, 0, 17, 255, 161, 74, 234, 52, 26, 0, 0, 194, 1, 0, 13, 1, 0, 156, 4, 227]
1542741220018;[171, 0, 17, 255, 161, 74, 234, 52, 26, 0, 0, 194, 1, 0, 13, 1, 0, 156, 4, 227]
1542741220179;[171, 0, 17, 255, 161, 74, 234, 52, 26, 0, 0, 194, 1, 0, 10, 1, 0, 157, 4, 197]
1542741220182;[171, 0, 17, 255, 161, 74, 234, 52, 26, 0, 0, 194, 1, 0, 10, 1, 0, 157, 4, 197]
1542741220184;[171, 0, 17, 255, 161, 74, 234, 52, 26, 0, 0, 193, 1, 0, 12, 1, 0, 157, 4, 177]
1542741220186;[171, 0, 17, 255, 161, 74, 234, 52, 26, 0, 0, 193, 1, 0, 12, 1, 0, 157, 4, 177]
1542741220353;[171, 0, 17, 255, 161, 74, 234, 52, 26, 0, 0, 194, 1, 0, 10, 1, 0, 157, 4, 145]
1542741220355;[171, 0, 17, 255, 161, 74, 234, 52, 26, 0, 0, 194, 1, 0, 10, 1, 0, 157, 4, 145]
1542741220357;[171, 0, 17, 255, 161, 74, 234, 52, 26, 0, 0, 194, 1, 0, 13, 1, 0, 156, 4, 111]
1542741220358;[171, 0, 17, 255, 161, 74, 234, 52, 26, 0, 0, 194, 1, 0, 13, 1, 0, 156, 4, 111]
1542741222445;[171, 0, 17, 255, 161, 74, 234, 52, 26, 0, 0, 195, 1, 0, 10, 1, 0, 157, 4, 107]
1542741222447;[171, 0, 17, 255, 161, 74, 234, 52, 26, 0, 0, 195, 1, 0, 10, 1, 0, 157, 4, 107]
1542741222448;[171, 0, 17, 255, 161, 74, 234, 52, 26, 0, 0, 194, 1, 0, 9, 1, 0, 156, 4, 171]
1542741222450;[171, 0, 17, 255, 161, 74, 234, 52, 26, 0, 0, 194, 1, 0, 9, 1, 0, 156, 4, 171]
1542741222451;[171, 0, 17, 255, 161, 74, 234, 52, 26, 0, 0, 197, 1, 0, 12, 1, 0, 156, 4, 212]
1542741222453;[171, 0, 17, 255, 161, 74, 234, 52, 26, 0, 0, 197, 1, 0, 12, 1, 0, 156, 4, 212]
1542741222479;[171, 0, 4, 255, 132, 128, 68]
1542741222481;[171, 0, 4, 255, 132, 128, 68]
1542741222484;[171, 0, 17, 255, 161, 74, 234, 52, 26, 0, 0, 195, 1, 0, 11, 1, 0, 156, 4, 210]
1542741222486;[171, 0, 17, 255, 161, 74, 234, 52, 26, 0, 0, 195, 1, 0, 11, 1, 0, 156, 4, 210]
1542741222487;[171, 0, 17, 255, 161, 74, 234, 52, 27, 0, 0, 194, 1, 0, 11, 1, 0, 157, 4, 201]
1542741222489;[171, 0, 17, 255, 161, 74, 234, 52, 27, 0, 0, 194, 1, 0, 11, 1, 0, 157, 4, 201]
1542741222491;[171, 0, 17, 255, 161, 74, 234, 52, 27, 0, 0, 194, 1, 0, 12, 1, 0, 156, 4, 181]
1542741222493;[171, 0, 17, 255, 161, 74, 234, 52, 27, 0, 0, 194, 1, 0, 12, 1, 0, 156, 4, 181]
1542741222494;[171, 0, 17, 255, 161, 74, 234, 52, 27, 0, 0, 195, 1, 0, 13, 1, 0, 156, 4, 162]
1542741222496;[171, 0, 17, 255, 161, 74, 234, 52, 27, 0, 0, 195, 1, 0, 13, 1, 0, 156, 4, 162]
1542741222498;[171, 0, 17, 255, 161, 74, 234, 52, 27, 0, 0, 193, 1, 0, 13, 1, 0, 155, 4, 148]
1542741222500;[171, 0, 17, 255, 161, 74, 234, 52, 27, 0, 0, 193, 1, 0, 13, 1, 0, 155, 4, 148]
1542741222502;[171, 0, 17, 255, 161, 74, 234, 52, 27, 0, 0, 196, 1, 0, 11, 1, 0, 158, 4, 124]
1542741222504;[171, 0, 17, 255, 161, 74, 234, 52, 27, 0, 0, 196, 1, 0, 11, 1, 0, 158, 4, 124]
1542741222505;[171, 0, 17, 255, 161, 74, 234, 52, 27, 0, 0, 196, 1, 0, 13, 1, 0, 156, 4, 168]
1542741222507;[171, 0, 17, 255, 161, 74, 234, 52, 27, 0, 0, 196, 1, 0, 13, 1, 0, 156, 4, 168]
1542741222509;[171, 0, 17, 255, 161, 74, 234, 52, 27, 0, 0, 193, 1, 0, 10, 1, 0, 156, 4, 227]
1542741222511;[171, 0, 17, 255, 161, 74, 234, 52, 27, 0, 0, 193, 1, 0, 10, 1, 0, 156, 4, 227]
1542741222519;[171, 0, 17, 255, 161, 74, 234, 52, 27, 0, 0, 193, 1, 0, 13, 1, 0, 157, 4, 219]
1542741222520;[171, 0, 17, 255, 161, 74, 234, 52, 27, 0, 0, 193, 1, 0, 13, 1, 0, 157, 4, 219]
1542741222530;[171, 0, 17, 255, 161, 74, 234, 52, 27, 0, 0, 196, 1, 0, 10, 1, 0, 156, 4, 199]
1542741222532;[171, 0, 17, 255, 161, 74, 234, 52, 27, 0, 0, 196, 1, 0, 10, 1, 0, 156, 4, 199]
1542741222533;[171, 0, 4, 255, 132, 128, 68]
1542741222536;[171, 0, 4, 255, 132, 128, 68]
1542741222544;[171, 0, 17, 255, 161, 74, 234, 52, 27, 0, 0, 196, 1, 0, 12, 1, 0, 156, 4, 185]
1542741222546;[171, 0, 17, 255, 161, 74, 234, 52, 27, 0, 0, 196, 1, 0, 12, 1, 0, 156, 4, 185]
1542741222547;[171, 0, 17, 255, 161, 74, 234, 52, 28, 0, 0, 194, 1, 0, 11, 1, 0, 157, 4, 138]
1542741222549;[171, 0, 17, 255, 161, 74, 234, 52, 28, 0, 0, 194, 1, 0, 11, 1, 0, 157, 4, 138]
1542741222550;[171, 0, 17, 255, 161, 74, 234, 52, 28, 0, 0, 195, 1, 0, 8, 1, 0, 156, 4, 110]
1542741222551;[171, 0, 17, 255, 161, 74, 234, 52, 28, 0, 0, 195, 1, 0, 8, 1, 0, 156, 4, 110]
1542741222553;[171, 0, 17, 255, 161, 74, 234, 52, 28, 0, 0, 196, 1, 0, 12, 1, 0, 156, 4, 99]
1542741222554;[171, 0, 17, 255, 161, 74, 234, 52, 28, 0, 0, 196, 1, 0, 12, 1, 0, 156, 4, 99]
1542741222555;[171, 0, 17, 255, 161, 74, 234, 52, 28, 0, 0, 193, 1, 0, 12, 1, 0, 157, 4, 169]
1542741222557;[171, 0, 17, 255, 161, 74, 234, 52, 28, 0, 0, 193, 1, 0, 12, 1, 0, 157, 4, 169]
1542741222769;[171, 0, 17, 255, 161, 74, 234, 52, 28, 0, 0, 193, 1, 0, 10, 1, 0, 157, 4, 216]
1542741222771;[171, 0, 17, 255, 161, 74, 234, 52, 28, 0, 0, 193, 1, 0, 10, 1, 0, 157, 4, 216]
1542741222773;[171, 0, 17, 255, 161, 74, 234, 52, 28, 0, 0, 198, 1, 0, 11, 1, 0, 156, 4, 217]
1542741222775;[171, 0, 17, 255, 161, 74, 234, 52, 28, 0, 0, 198, 1, 0, 11, 1, 0, 156, 4, 217]
1542741222778;[171, 0, 17, 255, 161, 74, 234, 52, 28, 0, 0, 193, 1, 0, 11, 1, 0, 157, 4, 200]
1542741222781;[171, 0, 17, 255, 161, 74, 234, 52, 28, 0, 0, 193, 1, 0, 11, 1, 0, 157, 4, 200]
1542741222783;[171, 0, 17, 255, 161, 74, 234, 52, 28, 0, 0, 192, 1, 0, 12, 1, 0, 157, 4, 181]
1542741222784;[171, 0, 17, 255, 161, 74, 234, 52, 28, 0, 0, 192, 1, 0, 12, 1, 0, 157, 4, 181]
1542741222940;[171, 0, 17, 255, 161, 74, 234, 52, 28, 0, 0, 195, 1, 0, 11, 1, 0, 157, 4, 159]
1542741222942;[171, 0, 17, 255, 161, 74, 234, 52, 28, 0, 0, 195, 1, 0, 11, 1, 0, 157, 4, 159]
1542741222944;[171, 0, 4, 255, 132, 128, 68]
1542741222946;[171, 0, 4, 255, 132, 128, 68]
1542741223112;[171, 0, 17, 255, 161, 74, 234, 52, 29, 0, 0, 195, 1, 0, 12, 1, 0, 157, 4, 130]
1542741223114;[171, 0, 17, 255, 161, 74, 234, 52, 29, 0, 0, 195, 1, 0, 12, 1, 0, 157, 4, 130]
1542741223285;[171, 0, 17, 255, 161, 74, 234, 52, 29, 0, 0, 195, 1, 0, 12, 1, 0, 157, 4, 105]
1542741223287;[171, 0, 17, 255, 161, 74, 234, 52, 29, 0, 0, 195, 1, 0, 12, 1, 0, 157, 4, 105]
1542741223290;[171, 0, 17, 255, 161, 74, 234, 52, 29, 0, 0, 196, 1, 0, 13, 1, 0, 157, 4, 80]
1542741223291;[171, 0, 17, 255, 161, 74, 234, 52, 29, 0, 0, 196, 1, 0, 13, 1, 0, 157, 4, 80]
1542741223805;[171, 0, 17, 255, 161, 74, 234, 52, 29, 0, 0, 196, 1, 0, 11, 1, 0, 157, 4, 154]
1542741223807;[171, 0, 17, 255, 161, 74, 234, 52, 29, 0, 0, 196, 1, 0, 11, 1, 0, 157, 4, 154]
1542741223816;[171, 0, 17, 255, 161, 74, 234, 52, 29, 0, 0, 193, 1, 0, 10, 1, 0, 156, 4, 215]
1542741223818;[171, 0, 17, 255, 161, 74, 234, 52, 29, 0, 0, 193, 1, 0, 10, 1, 0, 156, 4, 215]
1542741223820;[171, 0, 17, 255, 161, 74, 234, 52, 29, 0, 0, 193, 1, 0, 13, 1, 0, 157, 4, 221]
1542741223821;[171, 0, 17, 255, 161, 74, 234, 52, 29, 0, 0, 193, 1, 0, 13, 1, 0, 157, 4, 221]
1542741223823;[171, 0, 17, 255, 161, 74, 234, 52, 29, 0, 0, 195, 1, 0, 13, 1, 0, 155, 4, 211]
1542741223825;[171, 0, 17, 255, 161, 74, 234, 52, 29, 0, 0, 195, 1, 0, 13, 1, 0, 155, 4, 211]
1542741223976;[171, 0, 17, 255, 161, 74, 234, 52, 29, 0, 0, 194, 1, 0, 12, 1, 0, 157, 4, 199]
1542741223978;[171, 0, 17, 255, 161, 74, 234, 52, 29, 0, 0, 194, 1, 0, 12, 1, 0, 157, 4, 199]
1542741223981;[171, 0, 17, 255, 161, 74, 234, 52, 29, 0, 0, 197, 1, 0, 11, 1, 0, 157, 4, 191]
1542741223983;[171, 0, 17, 255, 161, 74, 234, 52, 29, 0, 0, 197, 1, 0, 11, 1, 0, 157, 4, 191]
1542741223985;[171, 0, 17, 255, 161, 74, 234, 52, 29, 0, 0, 195, 1, 0, 12, 1, 0, 156, 4, 169]
1542741223986;[171, 0, 17, 255, 161, 74, 234, 52, 29, 0, 0, 195, 1, 0, 12, 1, 0, 156, 4, 169]
1542741224147;[171, 0, 4, 255, 132, 128, 68]
1542741224150;[171, 0, 4, 255, 132, 128, 68]
1542741224152;[171, 0, 17, 255, 161, 74, 234, 52, 30, 0, 0, 194, 1, 0, 11, 1, 0, 157, 4, 147]
1542741224154;[171, 0, 17, 255, 161, 74, 234, 52, 30, 0, 0, 194, 1, 0, 11, 1, 0, 157, 4, 147]
1542741224320;[171, 0, 17, 255, 161, 74, 234, 52, 30, 0, 0, 193, 1, 0, 11, 1, 0, 155, 4, 175]
1542741224322;[171, 0, 17, 255, 161, 74, 234, 52, 30, 0, 0, 193, 1, 0, 11, 1, 0, 155, 4, 175]
1542741224494;[171, 0, 17, 255, 161, 74, 234, 52, 30, 0, 0, 193, 1, 0, 11, 1, 0, 156, 5, 5]
1542741224496;[171, 0, 17, 255, 161, 74, 234, 52, 30, 0, 0, 193, 1, 0, 11, 1, 0, 156, 5, 5]
1542741224499;[171, 0, 17, 255, 161, 74, 234, 52, 30, 0, 0, 196, 1, 0, 13, 1, 0, 158, 5, 20]
1542741224501;[171, 0, 17, 255, 161, 74, 234, 52, 30, 0, 0, 196, 1, 0, 13, 1, 0, 158, 5, 20]
1542741225011;[171, 0, 17, 255, 161, 74, 234, 52, 30, 0, 0, 198, 1, 0, 10, 1, 0, 157, 5, 8]
1542741225013;[171, 0, 17, 255, 161, 74, 234, 52, 30, 0, 0, 198, 1, 0, 10, 1, 0, 157, 5, 8]
1542741225016;[171, 0, 17, 255, 161, 74, 234, 52, 30, 0, 0, 194, 1, 0, 12, 1, 0, 157, 4, 240]
1542741225018;[171, 0, 17, 255, 161, 74, 234, 52, 30, 0, 0, 194, 1, 0, 12, 1, 0, 157, 4, 240]
1542741225020;[171, 0, 17, 255, 161, 74, 234, 52, 30, 0, 0, 193, 1, 0, 11, 1, 0, 157, 4, 215]
1542741225022;[171, 0, 17, 255, 161, 74, 234, 52, 30, 0, 0, 193, 1, 0, 11, 1, 0, 157, 4, 215]
1542741225024;[171, 0, 17, 255, 161, 74, 234, 52, 30, 0, 0, 193, 1, 0, 11, 1, 0, 157, 4, 190]
1542741225026;[171, 0, 17, 255, 161, 74, 234, 52, 30, 0, 0, 193, 1, 0, 11, 1, 0, 157, 4, 190]
1542741225183;[171, 0, 17, 255, 161, 74, 234, 52, 30, 0, 0, 197, 1, 0, 13, 1, 0, 156, 4, 156]
1542741225185;[171, 0, 17, 255, 161, 74, 234, 52, 30, 0, 0, 197, 1, 0, 13, 1, 0, 156, 4, 156]
1542741225187;[171, 0, 17, 255, 161, 74, 234, 52, 30, 0, 0, 193, 1, 0, 11, 1, 0, 156, 4, 110]
1542741225189;[171, 0, 17, 255, 161, 74, 234, 52, 30, 0, 0, 193, 1, 0, 11, 1, 0, 156, 4, 110]
1542741225191;[171, 0, 4, 255, 132, 128, 68]
1542741225193;[171, 0, 4, 255, 132, 128, 68]
1542741225354;[171, 0, 17, 255, 161, 74, 234, 52, 31, 0, 0, 195, 1, 0, 12, 1, 0, 158, 4, 141]
1542741225356;[171, 0, 17, 255, 161, 74, 234, 52, 31, 0, 0, 195, 1, 0, 12, 1, 0, 158, 4, 141]
1542741225358;[171, 0, 17, 255, 161, 74, 234, 52, 31, 0, 0, 196, 1, 0, 13, 1, 0, 157, 4, 221]
1542741225360;[171, 0, 17, 255, 161, 74, 234, 52, 31, 0, 0, 196, 1, 0, 13, 1, 0, 157, 4, 221]
1542741225526;[171, 0, 17, 255, 161, 74, 234, 52, 31, 0, 0, 194, 1, 0, 11, 1, 0, 157, 4, 241]
1542741225528;[171, 0, 17, 255, 161, 74, 234, 52, 31, 0, 0, 194, 1, 0, 11, 1, 0, 157, 4, 241]
1542741225873;[171, 0, 17, 255, 161, 74, 234, 52, 31, 0, 0, 195, 1, 0, 12, 1, 0, 156, 4, 219]
1542741225875;[171, 0, 17, 255, 161, 74, 234, 52, 31, 0, 0, 195, 1, 0, 12, 1, 0, 156, 4, 219]
1542741225878;[171, 0, 17, 255, 161, 74, 234, 52, 31, 0, 0, 194, 1, 0, 10, 1, 0, 156, 4, 197]
1542741225880;[171, 0, 17, 255, 161, 74, 234, 52, 31, 0, 0, 194, 1, 0, 10, 1, 0, 156, 4, 197]
1542741225882;[171, 0, 17, 255, 161, 74, 234, 52, 31, 0, 0, 197, 1, 0, 10, 1, 0, 156, 4, 160]
1542741225884;[171, 0, 17, 255, 161, 74, 234, 52, 31, 0, 0, 197, 1, 0, 10, 1, 0, 156, 4, 160]
1542741225886;[171, 0, 17, 255, 161, 74, 234, 52, 31, 0, 0, 193, 1, 0, 13, 1, 0, 157, 4, 138]
1542741225888;[171, 0, 17, 255, 161, 74, 234, 52, 31, 0, 0, 193, 1, 0, 13, 1, 0, 157, 4, 138]
1542741226391;[171, 0, 17, 255, 161, 74, 234, 52, 31, 0, 0, 196, 1, 0, 13, 1, 0, 156, 4, 94]
1542741226393;[171, 0, 17, 255, 161, 74, 234, 52, 31, 0, 0, 196, 1, 0, 13, 1, 0, 156, 4, 94]
1542741226395;[171, 0, 17, 255, 161, 74, 234, 52, 31, 0, 0, 195, 1, 0, 11, 1, 0, 156, 4, 62]
1542741226397;[171, 0, 17, 255, 161, 74, 234, 52, 31, 0, 0, 195, 1, 0, 11, 1, 0, 156, 4, 62]
1542741226400;[171, 0, 17, 255, 161, 74, 234, 52, 31, 0, 0, 195, 1, 0, 11, 1, 0, 157, 4, 32]
1542741226402;[171, 0, 17, 255, 161, 74, 234, 52, 31, 0, 0, 195, 1, 0, 11, 1, 0, 157, 4, 32]
1542741226403;[171, 0, 4, 255, 132, 128, 68]
1542741226406;[171, 0, 4, 255, 132, 128, 68]
1542741226563;[171, 0, 17, 255, 161, 74, 234, 52, 32, 0, 0, 193, 1, 0, 11, 1, 0, 158, 4, 110]
1542741226566;[171, 0, 17, 255, 161, 74, 234, 52, 32, 0, 0, 193, 1, 0, 11, 1, 0, 158, 4, 110]
1542741226568;[171, 0, 17, 255, 161, 74, 234, 52, 32, 0, 0, 194, 1, 0, 10, 1, 0, 157, 4, 164]
1542741226571;[171, 0, 17, 255, 161, 74, 234, 52, 32, 0, 0, 194, 1, 0, 10, 1, 0, 157, 4, 164]
1542741226573;[171, 0, 17, 255, 161, 74, 234, 52, 32, 0, 0, 196, 1, 0, 9, 1, 0, 157, 4, 144]
1542741226574;[171, 0, 17, 255, 161, 74, 234, 52, 32, 0, 0, 196, 1, 0, 9, 1, 0, 157, 4, 144]
1542741226734;[171, 0, 17, 255, 161, 74, 234, 52, 32, 0, 0, 196, 1, 0, 12, 1, 0, 157, 4, 125]
1542741226736;[171, 0, 17, 255, 161, 74, 234, 52, 32, 0, 0, 196, 1, 0, 12, 1, 0, 157, 4, 125]
1542741226739;[171, 0, 17, 255, 161, 74, 234, 52, 32, 0, 0, 196, 1, 0, 13, 1, 0, 156, 4, 105]
1542741226740;[171, 0, 17, 255, 161, 74, 234, 52, 32, 0, 0, 196, 1, 0, 13, 1, 0, 156, 4, 105]
1542741226907;[171, 0, 17, 255, 161, 74, 234, 52, 32, 0, 0, 194, 1, 0, 11, 1, 0, 157, 4, 76]
1542741226909;[171, 0, 17, 255, 161, 74, 234, 52, 32, 0, 0, 194, 1, 0, 11, 1, 0, 157, 4, 76]
1542741227080;[171, 0, 17, 255, 161, 74, 234, 52, 32, 0, 0, 193, 1, 0, 10, 1, 0, 157, 4, 58]
1542741227083;[171, 0, 17, 255, 161, 74, 234, 52, 32, 0, 0, 193, 1, 0, 10, 1, 0, 157, 4, 58]
1542741227085;[171, 0, 17, 255, 161, 74, 234, 52, 32, 0, 0, 195, 1, 0, 10, 1, 0, 156, 4, 25]
1542741227086;[171, 0, 17, 255, 161, 74, 234, 52, 32, 0, 0, 195, 1, 0, 10, 1, 0, 156, 4, 25]
1542741227599;[171, 0, 17, 255, 161, 74, 234, 52, 32, 0, 0, 193, 1, 0, 10, 1, 0, 156, 4, 47]
1542741227602;[171, 0, 17, 255, 161, 74, 234, 52, 32, 0, 0, 193, 1, 0, 10, 1, 0, 156, 4, 47]
1542741227605;[171, 0, 17, 255, 161, 74, 234, 52, 32, 0, 0, 194, 1, 0, 10, 1, 0, 157, 4, 124]
1542741227606;[171, 0, 17, 255, 161, 74, 234, 52, 32, 0, 0, 194, 1, 0, 10, 1, 0, 157, 4, 124]
1542741227608;[171, 0, 4, 255, 132, 128, 68]
1542741227611;[171, 0, 4, 255, 132, 128, 68]
1542741227613;[171, 0, 17, 255, 161, 74, 234, 52, 33, 0, 0, 197, 1, 0, 11, 1, 0, 158, 4, 151]
1542741227615;[171, 0, 17, 255, 161, 74, 234, 52, 33, 0, 0, 197, 1, 0, 11, 1, 0, 158, 4, 151]
1542741227769;[171, 0, 17, 255, 161, 74, 234, 52, 33, 0, 0, 195, 1, 0, 10, 1, 0, 156, 4, 129]
1542741227771;[171, 0, 17, 255, 161, 74, 234, 52, 33, 0, 0, 195, 1, 0, 10, 1, 0, 156, 4, 129]
1542741227774;[171, 0, 17, 255, 161, 74, 234, 52, 33, 0, 0, 194, 1, 0, 12, 1, 0, 157, 4, 122]
1542741227776;[171, 0, 17, 255, 161, 74, 234, 52, 33, 0, 0, 194, 1, 0, 12, 1, 0, 157, 4, 122]
1542741227942;[171, 0, 17, 255, 161, 74, 234, 52, 33, 0, 0, 193, 1, 0, 11, 1, 0, 157, 4, 96]
1542741227945;[171, 0, 17, 255, 161, 74, 234, 52, 33, 0, 0, 193, 1, 0, 11, 1, 0, 157, 4, 96]
1542741227947;[171, 0, 17, 255, 161, 74, 234, 52, 33, 0, 0, 193, 1, 0, 12, 1, 0, 157, 4, 71]
1542741227950;[171, 0, 17, 255, 161, 74, 234, 52, 33, 0, 0, 193, 1, 0, 12, 1, 0, 157, 4, 71]
1542741227951;[171, 0, 17, 255, 161, 74, 234, 52, 33, 0, 0, 196, 1, 0, 13, 1, 0, 158, 4, 30]
1542741227953;[171, 0, 17, 255, 161, 74, 234, 52, 33, 0, 0, 196, 1, 0, 13, 1, 0, 158, 4, 30]
1542741228114;[171, 0, 17, 255, 161, 74, 234, 52, 33, 0, 0, 196, 1, 0, 13, 1, 0, 156, 4, 34]
1542741228116;[171, 0, 17, 255, 161, 74, 234, 52, 33, 0, 0, 196, 1, 0, 13, 1, 0, 156, 4, 34]
1542741228287;[171, 0, 17, 255, 161, 74, 234, 52, 33, 0, 0, 194, 1, 0, 12, 1, 0, 157, 4, 103]
1542741228289;[171, 0, 17, 255, 161, 74, 234, 52, 33, 0, 0, 194, 1, 0, 12, 1, 0, 157, 4, 103]
1542741228292;[171, 0, 17, 255, 161, 74, 234, 52, 33, 0, 0, 195, 1, 0, 10, 1, 0, 157, 4, 114]
1542741228293;[171, 0, 17, 255, 161, 74, 234, 52, 33, 0, 0, 195, 1, 0, 10, 1, 0, 157, 4, 114]
1542741228459;[171, 0, 17, 255, 161, 74, 234, 52, 33, 0, 0, 193, 1, 0, 11, 1, 0, 155, 4, 85]
1542741228462;[171, 0, 17, 255, 161, 74, 234, 52, 33, 0, 0, 193, 1, 0, 11, 1, 0, 155, 4, 85]
1542741228464;[171, 0, 4, 255, 132, 128, 68]
1542741228466;[171, 0, 4, 255, 132, 128, 68]
1542741228981;[171, 0, 17, 255, 161, 74, 234, 52, 34, 0, 0, 196, 1, 0, 12, 1, 0, 156, 4, 58]
1542741228983;[171, 0, 17, 255, 161, 74, 234, 52, 34, 0, 0, 196, 1, 0, 12, 1, 0, 156, 4, 58]
1542741228985;[171, 0, 17, 255, 161, 74, 234, 52, 34, 0, 0, 196, 1, 0, 10, 1, 0, 157, 4, 35]
1542741228987;[171, 0, 17, 255, 161, 74, 234, 52, 34, 0, 0, 196, 1, 0, 10, 1, 0, 157, 4, 35]
1542741228991;[171, 0, 17, 255, 161, 74, 234, 52, 34, 0, 0, 197, 1, 0, 11, 1, 0, 156, 3, 252]
1542741228993;[171, 0, 17, 255, 161, 74, 234, 52, 34, 0, 0, 197, 1, 0, 11, 1, 0, 156, 3, 252]
1542741228994;[171, 0, 17, 255, 161, 74, 234, 52, 34, 0, 0, 194, 1, 0, 11, 1, 0, 157, 3, 224]
1542741228996;[171, 0, 17, 255, 161, 74, 234, 52, 34, 0, 0, 194, 1, 0, 11, 1, 0, 157, 3, 224]
1542741229150;[171, 0, 17, 255, 161, 74, 234, 52, 34, 0, 0, 195, 1, 0, 10, 1, 0, 157, 3, 184]
1542741229152;[171, 0, 17, 255, 161, 74, 234, 52, 34, 0, 0, 195, 1, 0, 10, 1, 0, 157, 3, 184]
1542741229154;[171, 0, 17, 255, 161, 74, 234, 52, 34, 0, 0, 195, 1, 0, 12, 1, 0, 156, 3, 194]
1542741229156;[171, 0, 17, 255, 161, 74, 234, 52, 34, 0, 0, 195, 1, 0, 12, 1, 0, 156, 3, 194]
1542741229158;[171, 0, 17, 255, 161, 74, 234, 52, 34, 0, 0, 195, 1, 0, 11, 1, 0, 156, 4, 3]
1542741229160;[171, 0, 17, 255, 161, 74, 234, 52, 34, 0, 0, 195, 1, 0, 11, 1, 0, 156, 4, 3]
1542741229322;[171, 0, 17, 255, 161, 74, 234, 52, 34, 0, 0, 195, 1, 0, 11, 1, 0, 158, 4, 18]
1542741229323;[171, 0, 17, 255, 161, 74, 234, 52, 34, 0, 0, 195, 1, 0, 11, 1, 0, 158, 4, 18]
1542741229494;[171, 0, 17, 255, 161, 74, 234, 52, 34, 0, 0, 194, 1, 0, 11, 1, 0, 157, 3, 252]
1542741229496;[171, 0, 17, 255, 161, 74, 234, 52, 34, 0, 0, 194, 1, 0, 11, 1, 0, 157, 3, 252]
1542741229498;[171, 0, 17, 255, 161, 74, 234, 52, 34, 0, 0, 191, 1, 0, 10, 1, 0, 157, 3, 220]
1542741229500;[171, 0, 17, 255, 161, 74, 234, 52, 34, 0, 0, 191, 1, 0, 10, 1, 0, 157, 3, 220]
1542741229667;[171, 0, 4, 255, 132, 128, 69]
1542741229670;[171, 0, 4, 255, 132, 128, 69]
1542741229672;[171, 0, 17, 255, 161, 74, 234, 52, 35, 0, 0, 195, 1, 0, 10, 1, 0, 158, 3, 189]
1542741229674;[171, 0, 17, 255, 161, 74, 234, 52, 35, 0, 0, 195, 1, 0, 10, 1, 0, 158, 3, 189]
1542741230186;[171, 0, 17, 255, 161, 74, 234, 52, 35, 0, 0, 194, 1, 0, 11, 1, 0, 156, 3, 150]
1542741230188;[171, 0, 17, 255, 161, 74, 234, 52, 35, 0, 0, 194, 1, 0, 11, 1, 0, 156, 3, 150]
1542741230190;[171, 0, 17, 255, 161, 74, 234, 52, 35, 0, 0, 194, 1, 0, 10, 1, 0, 157, 3, 115]
1542741230193;[171, 0, 17, 255, 161, 74, 234, 52, 35, 0, 0, 194, 1, 0, 10, 1, 0, 157, 3, 115]
1542741230195;[171, 0, 17, 255, 161, 74, 234, 52, 35, 0, 0, 196, 1, 0, 10, 1, 0, 157, 3, 84]
1542741230197;[171, 0, 17, 255, 161, 74, 234, 52, 35, 0, 0, 196, 1, 0, 10, 1, 0, 157, 3, 84]
1542741230199;[171, 0, 17, 255, 161, 74, 234, 52, 35, 0, 0, 193, 1, 0, 12, 1, 0, 157, 3, 87]
1542741230201;[171, 0, 17, 255, 161, 74, 234, 52, 35, 0, 0, 193, 1, 0, 12, 1, 0, 157, 3, 87]
1542741230358;[171, 0, 17, 255, 161, 74, 234, 52, 35, 0, 0, 195, 1, 0, 10, 1, 0, 157, 3, 156]
1542741230359;[171, 0, 17, 255, 161, 74, 234, 52, 35, 0, 0, 195, 1, 0, 10, 1, 0, 157, 3, 156]
1542741230364;[171, 0, 17, 255, 161, 74, 234, 52, 35, 0, 0, 195, 1, 0, 10, 1, 0, 156, 3, 179]
1542741230366;[171, 0, 17, 255, 161, 74, 234, 52, 35, 0, 0, 195, 1, 0, 10, 1, 0, 156, 3, 179]
1542741230367;[171, 0, 17, 255, 161, 74, 234, 52, 35, 0, 0, 195, 1, 0, 11, 1, 0, 158, 3, 178]
1542741230369;[171, 0, 17, 255, 161, 74, 234, 52, 35, 0, 0, 195, 1, 0, 11, 1, 0, 158, 3, 178]
1542741230530;[171, 0, 17, 255, 161, 74, 234, 52, 35, 0, 0, 192, 1, 0, 10, 1, 0, 157, 3, 152]
1542741230532;[171, 0, 17, 255, 161, 74, 234, 52, 35, 0, 0, 192, 1, 0, 10, 1, 0, 157, 3, 152]
1542741230702;[171, 0, 17, 255, 161, 74, 234, 52, 35, 0, 0, 194, 1, 0, 12, 1, 0, 156, 3, 147]
1542741230704;[171, 0, 17, 255, 161, 74, 234, 52, 35, 0, 0, 194, 1, 0, 12, 1, 0, 156, 3, 147]
1542741230706;[171, 0, 4, 255, 132, 128, 69]
1542741230708;[171, 0, 4, 255, 132, 128, 69]
1542741230875;[171, 0, 17, 255, 161, 74, 234, 52, 36, 0, 0, 193, 1, 0, 12, 1, 0, 156, 3, 127]
1542741230877;[171, 0, 17, 255, 161, 74, 234, 52, 36, 0, 0, 193, 1, 0, 12, 1, 0, 156, 3, 127]
1542741230879;[171, 0, 17, 255, 161, 74, 234, 52, 36, 0, 0, 196, 1, 0, 10, 1, 0, 156, 3, 108]
1542741230881;[171, 0, 17, 255, 161, 74, 234, 52, 36, 0, 0, 196, 1, 0, 10, 1, 0, 156, 3, 108]
1542741231047;[171, 0, 17, 255, 161, 74, 234, 52, 36, 0, 0, 194, 1, 0, 10, 1, 0, 157, 3, 113]
1542741231049;[171, 0, 17, 255, 161, 74, 234, 52, 36, 0, 0, 194, 1, 0, 10, 1, 0, 157, 3, 113]
1542741231051;[171, 0, 17, 255, 161, 74, 234, 52, 36, 0, 0, 195, 1, 0, 10, 1, 0, 156, 3, 195]
1542741231053;[171, 0, 17, 255, 161, 74, 234, 52, 36, 0, 0, 195, 1, 0, 10, 1, 0, 156, 3, 195]
1542741231391;[171, 0, 17, 255, 161, 74, 234, 52, 36, 0, 0, 193, 1, 0, 12, 1, 0, 157, 3, 226]
1542741231393;[171, 0, 17, 255, 161, 74, 234, 52, 36, 0, 0, 193, 1, 0, 12, 1, 0, 157, 3, 226]
1542741231567;[171, 0, 17, 255, 161, 74, 234, 52, 36, 0, 0, 193, 1, 0, 11, 1, 0, 157, 3, 202]
1542741231569;[171, 0, 17, 255, 161, 74, 234, 52, 36, 0, 0, 193, 1, 0, 11, 1, 0, 157, 3, 202]
1542741231571;[171, 0, 17, 255, 161, 74, 234, 52, 36, 0, 0, 195, 1, 0, 10, 1, 0, 156, 3, 178]
1542741231573;[171, 0, 17, 255, 161, 74, 234, 52, 36, 0, 0, 195, 1, 0, 10, 1, 0, 156, 3, 178]
1542741231575;[171, 0, 17, 255, 161, 74, 234, 52, 36, 0, 0, 192, 1, 0, 11, 1, 0, 159, 3, 160]
1542741231577;[171, 0, 17, 255, 161, 74, 234, 52, 36, 0, 0, 192, 1, 0, 11, 1, 0, 159, 3, 160]
1542741231579;[171, 0, 17, 255, 161, 74, 234, 52, 36, 0, 0, 195, 1, 0, 11, 1, 0, 157, 3, 130]
1542741231581;[171, 0, 17, 255, 161, 74, 234, 52, 36, 0, 0, 195, 1, 0, 11, 1, 0, 157, 3, 130]
1542741231741;[171, 0, 17, 255, 161, 74, 234, 52, 36, 0, 0, 193, 1, 0, 11, 1, 0, 158, 3, 105]
1542741231743;[171, 0, 17, 255, 161, 74, 234, 52, 36, 0, 0, 193, 1, 0, 11, 1, 0, 158, 3, 105]
1542741231744;[171, 0, 4, 255, 132, 128, 68]
1542741231746;[171, 0, 4, 255, 132, 128, 68]
1542741231909;[171, 0, 17, 255, 161, 74, 234, 52, 37, 0, 0, 196, 1, 0, 12, 1, 0, 157, 3, 76]
1542741231912;[171, 0, 17, 255, 161, 74, 234, 52, 37, 0, 0, 196, 1, 0, 12, 1, 0, 157, 3, 76]
1542741232082;[171, 0, 17, 255, 161, 74, 234, 52, 37, 0, 0, 195, 1, 0, 13, 1, 0, 156, 3, 156]
1542741232084;[171, 0, 17, 255, 161, 74, 234, 52, 37, 0, 0, 195, 1, 0, 13, 1, 0, 156, 3, 156]
1542741232086;[171, 0, 17, 255, 161, 74, 234, 52, 37, 0, 0, 196, 1, 0, 10, 1, 0, 157, 3, 222]
1542741232088;[171, 0, 17, 255, 161, 74, 234, 52, 37, 0, 0, 196, 1, 0, 10, 1, 0, 157, 3, 222]
1542741232255;[171, 0, 17, 255, 161, 74, 234, 52, 37, 0, 0, 196, 1, 0, 11, 1, 0, 156, 3, 230]
1542741232257;[171, 0, 17, 255, 161, 74, 234, 52, 37, 0, 0, 196, 1, 0, 11, 1, 0, 156, 3, 230]
1542741232259;[171, 0, 17, 255, 161, 74, 234, 52, 37, 0, 0, 193, 1, 0, 10, 1, 0, 158, 3, 204]
1542741232261;[171, 0, 17, 255, 161, 74, 234, 52, 37, 0, 0, 193, 1, 0, 10, 1, 0, 158, 3, 204]
1542741232775;[171, 0, 17, 255, 161, 74, 234, 52, 37, 0, 0, 195, 1, 0, 11, 1, 0, 156, 3, 194]
1542741232777;[171, 0, 17, 255, 161, 74, 234, 52, 37, 0, 0, 195, 1, 0, 11, 1, 0, 156, 3, 194]
1542741232779;[171, 0, 17, 255, 161, 74, 234, 52, 37, 0, 0, 194, 1, 0, 11, 1, 0, 158, 3, 171]
1542741232781;[171, 0, 17, 255, 161, 74, 234, 52, 37, 0, 0, 194, 1, 0, 11, 1, 0, 158, 3, 171]
1542741232784;[171, 0, 17, 255, 161, 74, 234, 52, 37, 0, 0, 196, 1, 0, 13, 1, 0, 157, 3, 140]
1542741232786;[171, 0, 17, 255, 161, 74, 234, 52, 37, 0, 0, 196, 1, 0, 13, 1, 0, 157, 3, 140]
1542741232788;[171, 0, 17, 255, 161, 74, 234, 52, 37, 0, 0, 193, 1, 0, 11, 1, 0, 157, 3, 109]
1542741232790;[171, 0, 17, 255, 161, 74, 234, 52, 37, 0, 0, 193, 1, 0, 11, 1, 0, 157, 3, 109]
1542741232946;[171, 0, 17, 255, 161, 74, 234, 52, 37, 0, 0, 197, 1, 0, 11, 1, 0, 156, 3, 109]
1542741232948;[171, 0, 17, 255, 161, 74, 234, 52, 37, 0, 0, 197, 1, 0, 11, 1, 0, 156, 3, 109]
1542741232950;[171, 0, 4, 255, 132, 128, 69]
1542741232953;[171, 0, 4, 255, 132, 128, 69]
1542741232955;[171, 0, 17, 255, 161, 74, 234, 52, 38, 0, 0, 195, 1, 0, 11, 1, 0, 155, 3, 185]
1542741232957;[171, 0, 17, 255, 161, 74, 234, 52, 38, 0, 0, 195, 1, 0, 11, 1, 0, 155, 3, 185]
1542741233117;[171, 0, 17, 255, 161, 74, 234, 52, 38, 0, 0, 195, 1, 0, 12, 1, 0, 156, 3, 221]
1542741233118;[171, 0, 17, 255, 161, 74, 234, 52, 38, 0, 0, 195, 1, 0, 12, 1, 0, 156, 3, 221]
1542741233290;[171, 0, 17, 255, 161, 74, 234, 52, 38, 0, 0, 192, 1, 0, 11, 1, 0, 157, 3, 215]
1542741233292;[171, 0, 17, 255, 161, 74, 234, 52, 38, 0, 0, 192, 1, 0, 11, 1, 0, 157, 3, 215]
1542741233294;[171, 0, 17, 255, 161, 74, 234, 52, 38, 0, 0, 193, 1, 0, 11, 1, 0, 156, 3, 188]
1542741233295;[171, 0, 17, 255, 161, 74, 234, 52, 38, 0, 0, 193, 1, 0, 11, 1, 0, 156, 3, 188]
1542741233462;[171, 0, 17, 255, 161, 74, 234, 52, 38, 0, 0, 196, 1, 0, 12, 1, 0, 156, 3, 166]
1542741233464;[171, 0, 17, 255, 161, 74, 234, 52, 38, 0, 0, 196, 1, 0, 12, 1, 0, 156, 3, 166]
1542741233466;[171, 0, 17, 255, 161, 74, 234, 52, 38, 0, 0, 196, 1, 0, 11, 1, 0, 156, 3, 139]
1542741233468;[171, 0, 17, 255, 161, 74, 234, 52, 38, 0, 0, 196, 1, 0, 11, 1, 0, 156, 3, 139]
1542741233984;[171, 0, 17, 255, 161, 74, 234, 52, 38, 0, 0, 196, 1, 0, 12, 1, 0, 157, 3, 111]
1542741233986;[171, 0, 17, 255, 161, 74, 234, 52, 38, 0, 0, 196, 1, 0, 12, 1, 0, 157, 3, 111]
1542741233991;[171, 0, 17, 255, 161, 74, 234, 52, 38, 0, 0, 195, 1, 0, 11, 1, 0, 155, 3, 96]
1542741233993;[171, 0, 17, 255, 161, 74, 234, 52, 38, 0, 0, 195, 1, 0, 11, 1, 0, 155, 3, 96]
1542741233995;[171, 0, 17, 255, 161, 74, 234, 52, 38, 0, 0, 194, 1, 0, 9, 1, 0, 157, 3, 163]
1542741233997;[171, 0, 17, 255, 161, 74, 234, 52, 38, 0, 0, 194, 1, 0, 9, 1, 0, 157, 3, 163]
1542741233999;[171, 0, 17, 255, 161, 74, 234, 52, 38, 0, 0, 195, 1, 0, 10, 1, 0, 157, 3, 219]
1542741234000;[171, 0, 17, 255, 161, 74, 234, 52, 38, 0, 0, 195, 1, 0, 10, 1, 0, 157, 3, 219]
1542741234154;[171, 0, 4, 255, 132, 128, 69]
1542741234156;[171, 0, 4, 255, 132, 128, 69]
1542741234159;[171, 0, 17, 255, 161, 74, 234, 52, 39, 0, 0, 195, 1, 0, 11, 1, 0, 156, 3, 217]
1542741234161;[171, 0, 17, 255, 161, 74, 234, 52, 39, 0, 0, 195, 1, 0, 11, 1, 0, 156, 3, 217]
1542741234163;[171, 0, 17, 255, 161, 74, 234, 52, 39, 0, 0, 197, 1, 0, 10, 1, 0, 158, 3, 202]
1542741234165;[171, 0, 17, 255, 161, 74, 234, 52, 39, 0, 0, 197, 1, 0, 10, 1, 0, 158, 3, 202]
1542741234322;[171, 0, 17, 255, 161, 74, 234, 52, 39, 0, 0, 194, 1, 0, 11, 1, 0, 157, 3, 180]
1542741234323;[171, 0, 17, 255, 161, 74, 234, 52, 39, 0, 0, 194, 1, 0, 11, 1, 0, 157, 3, 180]
1542741234498;[171, 0, 17, 255, 161, 74, 234, 52, 39, 0, 0, 194, 1, 0, 10, 1, 0, 156, 3, 163]
1542741234501;[171, 0, 17, 255, 161, 74, 234, 52, 39, 0, 0, 194, 1, 0, 10, 1, 0, 156, 3, 163]
1542741234502;[171, 0, 17, 255, 161, 74, 234, 52, 39, 0, 0, 194, 1, 0, 11, 1, 0, 158, 3, 132]
1542741234504;[171, 0, 17, 255, 161, 74, 234, 52, 39, 0, 0, 194, 1, 0, 11, 1, 0, 158, 3, 132]
1542741234671;[171, 0, 17, 255, 161, 74, 234, 52, 39, 0, 0, 195, 1, 0, 12, 1, 0, 156, 3, 142]
1542741234673;[171, 0, 17, 255, 161, 74, 234, 52, 39, 0, 0, 195, 1, 0, 12, 1, 0, 156, 3, 142]
1542741234675;[171, 0, 17, 255, 161, 74, 234, 52, 39, 0, 0, 195, 1, 0, 12, 1, 0, 156, 3, 214]
1542741234676;[171, 0, 17, 255, 161, 74, 234, 52, 39, 0, 0, 195, 1, 0, 12, 1, 0, 156, 3, 214]
1542741234841;[171, 0, 17, 255, 161, 74, 234, 52, 39, 0, 0, 195, 1, 0, 11, 1, 0, 158, 3, 231]
1542741234843;[171, 0, 17, 255, 161, 74, 234, 52, 39, 0, 0, 195, 1, 0, 11, 1, 0, 158, 3, 231]
1542741234845;[171, 0, 17, 255, 161, 74, 234, 52, 39, 0, 0, 195, 1, 0, 10, 1, 0, 157, 3, 198]
1542741234847;[171, 0, 17, 255, 161, 74, 234, 52, 39, 0, 0, 195, 1, 0, 10, 1, 0, 157, 3, 198]
1542741235187;[171, 0, 17, 255, 161, 74, 234, 52, 39, 0, 0, 193, 1, 0, 12, 1, 0, 156, 3, 175]
1542741235190;[171, 0, 17, 255, 161, 74, 234, 52, 39, 0, 0, 193, 1, 0, 12, 1, 0, 156, 3, 175]
1542741235192;[171, 0, 4, 255, 132, 128, 69]
1542741235194;[171, 0, 4, 255, 132, 128, 69]
1542741235361;[171, 0, 17, 255, 161, 74, 234, 52, 40, 0, 0, 195, 1, 0, 11, 1, 0, 157, 3, 144]
1542741235362;[171, 0, 17, 255, 161, 74, 234, 52, 40, 0, 0, 195, 1, 0, 11, 1, 0, 157, 3, 144]
1542741235366;[171, 0, 17, 255, 161, 74, 234, 52, 40, 0, 0, 195, 1, 0, 11, 1, 0, 157, 3, 126]
1542741235369;[171, 0, 17, 255, 161, 74, 234, 52, 40, 0, 0, 195, 1, 0, 11, 1, 0, 157, 3, 126]
1542741235371;[171, 0, 17, 255, 161, 74, 234, 52, 40, 0, 0, 194, 1, 0, 10, 1, 0, 157, 3, 83]
1542741235372;[171, 0, 17, 255, 161, 74, 234, 52, 40, 0, 0, 194, 1, 0, 10, 1, 0, 157, 3, 83]
1542741235532;[171, 0, 17, 255, 161, 74, 234, 52, 40, 0, 0, 193, 1, 0, 12, 1, 0, 156, 3, 75]
1542741235534;[171, 0, 17, 255, 161, 74, 234, 52, 40, 0, 0, 193, 1, 0, 12, 1, 0, 156, 3, 75]
1542741235704;[171, 0, 17, 255, 161, 74, 234, 52, 40, 0, 0, 193, 1, 0, 13, 1, 0, 157, 3, 145]
1542741235706;[171, 0, 17, 255, 161, 74, 234, 52, 40, 0, 0, 193, 1, 0, 13, 1, 0, 157, 3, 145]
1542741235709;[171, 0, 17, 255, 161, 74, 234, 52, 40, 0, 0, 196, 1, 0, 10, 1, 0, 156, 3, 177]
1542741235711;[171, 0, 17, 255, 161, 74, 234, 52, 40, 0, 0, 196, 1, 0, 10, 1, 0, 156, 3, 177]
1542741235877;[171, 0, 17, 255, 161, 74, 234, 52, 40, 0, 0, 195, 1, 0, 11, 1, 0, 156, 3, 160]
1542741235879;[171, 0, 17, 255, 161, 74, 234, 52, 40, 0, 0, 195, 1, 0, 11, 1, 0, 156, 3, 160]
1542741235882;[171, 0, 17, 255, 161, 74, 234, 52, 40, 0, 0, 193, 1, 0, 10, 1, 0, 155, 3, 138]
1542741235884;[171, 0, 17, 255, 161, 74, 234, 52, 40, 0, 0, 193, 1, 0, 10, 1, 0, 155, 3, 138]
1542741236054;[171, 0, 17, 255, 161, 74, 234, 52, 40, 0, 0, 196, 1, 0, 11, 1, 0, 156, 3, 103]
1542741236055;[171, 0, 17, 255, 161, 74, 234, 52, 40, 0, 0, 196, 1, 0, 11, 1, 0, 156, 3, 103]
1542741236057;[171, 0, 17, 255, 161, 74, 234, 52, 40, 0, 0, 196, 1, 0, 10, 1, 0, 158, 3, 70]
1542741236059;[171, 0, 17, 255, 161, 74, 234, 52, 40, 0, 0, 196, 1, 0, 10, 1, 0, 158, 3, 70]
1542741236570;[171, 0, 4, 255, 132, 128, 69]
1542741236573;[171, 0, 4, 255, 132, 128, 69]
1542741236575;[171, 0, 17, 255, 161, 74, 234, 52, 41, 0, 0, 195, 1, 0, 11, 1, 0, 158, 3, 41]
1542741236578;[171, 0, 17, 255, 161, 74, 234, 52, 41, 0, 0, 195, 1, 0, 11, 1, 0, 158, 3, 41]
1542741236580;[171, 0, 17, 255, 161, 74, 234, 52, 41, 0, 0, 196, 1, 0, 11, 1, 0, 156, 2, 249]
1542741236582;[171, 0, 17, 255, 161, 74, 234, 52, 41, 0, 0, 196, 1, 0, 11, 1, 0, 156, 2, 249]
1542741236584;[171, 0, 17, 255, 161, 74, 234, 52, 41, 0, 0, 194, 1, 0, 12, 1, 0, 156, 3, 24]
1542741236586;[171, 0, 17, 255, 161, 74, 234, 52, 41, 0, 0, 194, 1, 0, 12, 1, 0, 156, 3, 24]
1542741236745;[171, 0, 17, 255, 161, 74, 234, 52, 41, 0, 0, 196, 1, 0, 10, 1, 0, 154, 3, 90]
1542741236746;[171, 0, 17, 255, 161, 74, 234, 52, 41, 0, 0, 196, 1, 0, 10, 1, 0, 154, 3, 90]
1542741236748;[171, 0, 17, 255, 161, 74, 234, 52, 41, 0, 0, 194, 1, 0, 13, 1, 0, 155, 3, 100]
1542741236750;[171, 0, 17, 255, 161, 74, 234, 52, 41, 0, 0, 194, 1, 0, 13, 1, 0, 155, 3, 100]
1542741236753;[171, 0, 17, 255, 161, 74, 234, 52, 41, 0, 0, 196, 1, 0, 11, 1, 0, 156, 3, 76]
1542741236755;[171, 0, 17, 255, 161, 74, 234, 52, 41, 0, 0, 196, 1, 0, 11, 1, 0, 156, 3, 76]
1542741236913;[171, 0, 17, 255, 161, 74, 234, 52, 41, 0, 0, 194, 1, 0, 13, 1, 0, 157, 3, 68]
1542741236914;[171, 0, 17, 255, 161, 74, 234, 52, 41, 0, 0, 194, 1, 0, 13, 1, 0, 157, 3, 68]
1542741237086;[171, 0, 17, 255, 161, 74, 234, 52, 41, 0, 0, 195, 1, 0, 11, 1, 0, 157, 3, 63]
1542741237088;[171, 0, 17, 255, 161, 74, 234, 52, 41, 0, 0, 195, 1, 0, 11, 1, 0, 157, 3, 63]
1542741237097;[171, 0, 17, 255, 161, 74, 234, 52, 41, 0, 0, 195, 1, 0, 11, 1, 0, 155, 3, 42]
1542741237099;[171, 0, 17, 255, 161, 74, 234, 52, 41, 0, 0, 195, 1, 0, 11, 1, 0, 155, 3, 42]
1542741237257;[171, 0, 17, 255, 161, 74, 234, 52, 41, 0, 0, 196, 1, 0, 12, 1, 0, 155, 3, 19]
1542741237259;[171, 0, 17, 255, 161, 74, 234, 52, 41, 0, 0, 196, 1, 0, 12, 1, 0, 155, 3, 19]
1542741237261;[171, 0, 4, 255, 132, 128, 69]
1542741237263;[171, 0, 4, 255, 132, 128, 69]
1542741237429;[171, 0, 17, 255, 161, 74, 234, 52, 42, 0, 0, 195, 1, 0, 11, 1, 0, 157, 3, 47]
1542741237431;[171, 0, 17, 255, 161, 74, 234, 52, 42, 0, 0, 195, 1, 0, 11, 1, 0, 157, 3, 47]
1542741237775;[171, 0, 17, 255, 161, 74, 234, 52, 42, 0, 0, 195, 1, 0, 12, 1, 0, 156, 3, 113]
1542741237777;[171, 0, 17, 255, 161, 74, 234, 52, 42, 0, 0, 195, 1, 0, 12, 1, 0, 156, 3, 113]
1542741237780;[171, 0, 17, 255, 161, 74, 234, 52, 42, 0, 0, 195, 1, 0, 10, 1, 0, 156, 3, 123]
1542741237782;[171, 0, 17, 255, 161, 74, 234, 52, 42, 0, 0, 195, 1, 0, 10, 1, 0, 156, 3, 123]
1542741237785;[171, 0, 17, 255, 161, 74, 234, 52, 42, 0, 0, 194, 1, 0, 12, 1, 0, 157, 3, 111]
1542741237786;[171, 0, 17, 255, 161, 74, 234, 52, 42, 0, 0, 194, 1, 0, 12, 1, 0, 157, 3, 111]
1542741237788;[171, 0, 17, 255, 161, 74, 234, 52, 42, 0, 0, 195, 1, 0, 11, 1, 0, 157, 3, 79]
1542741237790;[171, 0, 17, 255, 161, 74, 234, 52, 42, 0, 0, 195, 1, 0, 11, 1, 0, 157, 3, 79]
1542741237947;[171, 0, 17, 255, 161, 74, 234, 52, 42, 0, 0, 196, 1, 0, 10, 1, 0, 156, 3, 58]
1542741237949;[171, 0, 17, 255, 161, 74, 234, 52, 42, 0, 0, 196, 1, 0, 10, 1, 0, 156, 3, 58]
1542741237951;[171, 0, 17, 255, 161, 74, 234, 52, 42, 0, 0, 194, 1, 0, 13, 1, 0, 156, 3, 25]
1542741237953;[171, 0, 17, 255, 161, 74, 234, 52, 42, 0, 0, 194, 1, 0, 13, 1, 0, 156, 3, 25]
1542741238120;[171, 0, 17, 255, 161, 74, 234, 52, 42, 0, 0, 196, 1, 0, 10, 1, 0, 156, 2, 246]
1542741238122;[171, 0, 17, 255, 161, 74, 234, 52, 42, 0, 0, 196, 1, 0, 10, 1, 0, 156, 2, 246]
1542741238292;[171, 0, 17, 255, 161, 74, 234, 52, 42, 0, 0, 195, 1, 0, 12, 1, 0, 156, 2, 244]
1542741238294;[171, 0, 17, 255, 161, 74, 234, 52, 42, 0, 0, 195, 1, 0, 12, 1, 0, 156, 2, 244]
1542741238297;[171, 0, 17, 255, 161, 74, 234, 52, 42, 0, 0, 195, 1, 0, 11, 1, 0, 154, 3, 67]
1542741238299;[171, 0, 17, 255, 161, 74, 234, 52, 42, 0, 0, 195, 1, 0, 11, 1, 0, 154, 3, 67]
1542741238464;[171, 0, 4, 255, 132, 128, 69]
1542741238466;[171, 0, 4, 255, 132, 128, 69]
1542741238641;[171, 0, 17, 255, 161, 74, 234, 52, 43, 0, 0, 195, 1, 0, 10, 1, 0, 154, 3, 92]
1542741238643;[171, 0, 17, 255, 161, 74, 234, 52, 43, 0, 0, 195, 1, 0, 10, 1, 0, 154, 3, 92]
1542741238645;[171, 0, 17, 255, 161, 74, 234, 52, 43, 0, 0, 195, 1, 0, 13, 1, 0, 156, 3, 82]
1542741238647;[171, 0, 17, 255, 161, 74, 234, 52, 43, 0, 0, 195, 1, 0, 13, 1, 0, 156, 3, 82]
1542741238649;[171, 0, 17, 255, 161, 74, 234, 52, 43, 0, 0, 195, 1, 0, 12, 1, 0, 155, 3, 62]
1542741238651;[171, 0, 17, 255, 161, 74, 234, 52, 43, 0, 0, 195, 1, 0, 12, 1, 0, 155, 3, 62]
1542741239157;[171, 0, 17, 255, 161, 74, 234, 52, 43, 0, 0, 193, 1, 0, 12, 1, 0, 156, 3, 36]
1542741239159;[171, 0, 17, 255, 161, 74, 234, 52, 43, 0, 0, 193, 1, 0, 12, 1, 0, 156, 3, 36]
1542741239162;[171, 0, 17, 255, 161, 74, 234, 52, 43, 0, 0, 195, 1, 0, 12, 1, 0, 155, 3, 3]
1542741239164;[171, 0, 17, 255, 161, 74, 234, 52, 43, 0, 0, 195, 1, 0, 12, 1, 0, 155, 3, 3]
1542741239166;[171, 0, 17, 255, 161, 74, 234, 52, 43, 0, 0, 196, 1, 0, 12, 1, 0, 156, 2, 223]
1542741239168;[171, 0, 17, 255, 161, 74, 234, 52, 43, 0, 0, 196, 1, 0, 12, 1, 0, 156, 2, 223]
1542741239170;[171, 0, 17, 255, 161, 74, 234, 52, 43, 0, 0, 196, 1, 0, 10, 1, 0, 156, 2, 187]
1542741239172;[171, 0, 17, 255, 161, 74, 234, 52, 43, 0, 0, 196, 1, 0, 10, 1, 0, 156, 2, 187]
1542741239327;[171, 0, 17, 255, 161, 74, 234, 52, 43, 0, 0, 193, 1, 0, 10, 1, 0, 158, 2, 196]
1542741239329;[171, 0, 17, 255, 161, 74, 234, 52, 43, 0, 0, 193, 1, 0, 10, 1, 0, 158, 2, 196]
1542741239331;[171, 0, 17, 255, 161, 74, 234, 52, 43, 0, 0, 193, 1, 0, 11, 1, 0, 156, 3, 21]
1542741239333;[171, 0, 17, 255, 161, 74, 234, 52, 43, 0, 0, 193, 1, 0, 11, 1, 0, 156, 3, 21]
1542741239500;[171, 0, 17, 255, 161, 74, 234, 52, 43, 0, 0, 196, 1, 0, 12, 1, 0, 156, 3, 55]
1542741239502;[171, 0, 17, 255, 161, 74, 234, 52, 43, 0, 0, 196, 1, 0, 12, 1, 0, 156, 3, 55]
1542741239504;[171, 0, 4, 255, 132, 128, 70]
1542741239506;[171, 0, 4, 255, 132, 128, 70]
1542741239675;[171, 0, 17, 255, 161, 74, 234, 52, 44, 0, 0, 193, 1, 0, 10, 1, 0, 156, 3, 36]
1542741239676;[171, 0, 17, 255, 161, 74, 234, 52, 44, 0, 0, 193, 1, 0, 10, 1, 0, 156, 3, 36]
1542741239681;[171, 0, 17, 255, 161, 74, 234, 52, 44, 0, 0, 197, 1, 0, 9, 1, 0, 157, 3, 33]
1542741239682;[171, 0, 17, 255, 161, 74, 234, 52, 44, 0, 0, 197, 1, 0, 9, 1, 0, 157, 3, 33]
1542741239847;[171, 0, 17, 255, 161, 74, 234, 52, 44, 0, 0, 194, 1, 0, 13, 1, 0, 157, 3, 4]
1542741239849;[171, 0, 17, 255, 161, 74, 234, 52, 44, 0, 0, 194, 1, 0, 13, 1, 0, 157, 3, 4]
1542741239851;[171, 0, 17, 255, 161, 74, 234, 52, 44, 0, 0, 198, 1, 0, 11, 1, 0, 156, 2, 245]
1542741239852;[171, 0, 17, 255, 161, 74, 234, 52, 44, 0, 0, 198, 1, 0, 11, 1, 0, 156, 2, 245]
1542741240366;[171, 0, 17, 255, 161, 74, 234, 52, 44, 0, 0, 197, 1, 0, 13, 1, 0, 157, 2, 225]
1542741240368;[171, 0, 17, 255, 161, 74, 234, 52, 44, 0, 0, 197, 1, 0, 13, 1, 0, 157, 2, 225]
1542741240371;[171, 0, 17, 255, 161, 74, 234, 52, 44, 0, 0, 195, 1, 0, 11, 1, 0, 156, 2, 217]
1542741240373;[171, 0, 17, 255, 161, 74, 234, 52, 44, 0, 0, 195, 1, 0, 11, 1, 0, 156, 2, 217]
1542741240377;[171, 0, 17, 255, 161, 74, 234, 52, 44, 0, 0, 195, 1, 0, 12, 1, 0, 156, 3, 54]
1542741240381;[171, 0, 17, 255, 161, 74, 234, 52, 44, 0, 0, 195, 1, 0, 12, 1, 0, 156, 3, 54]
1542741240383;[171, 0, 17, 255, 161, 74, 234, 52, 44, 0, 0, 196, 1, 0, 12, 1, 0, 156, 3, 104]
1542741240384;[171, 0, 17, 255, 161, 74, 234, 52, 44, 0, 0, 196, 1, 0, 12, 1, 0, 156, 3, 104]
1542741240536;[171, 0, 17, 255, 161, 74, 234, 52, 44, 0, 0, 193, 1, 0, 10, 1, 0, 158, 3, 111]
1542741240539;[171, 0, 17, 255, 161, 74, 234, 52, 44, 0, 0, 193, 1, 0, 10, 1, 0, 158, 3, 111]
1542741240541;[171, 0, 17, 255, 161, 74, 234, 52, 44, 0, 0, 195, 1, 0, 11, 1, 0, 158, 3, 95]
1542741240543;[171, 0, 17, 255, 161, 74, 234, 52, 44, 0, 0, 195, 1, 0, 11, 1, 0, 158, 3, 95]
1542741240544;[171, 0, 4, 255, 132, 128, 70]
1542741240547;[171, 0, 4, 255, 132, 128, 70]
1542741240706;[171, 0, 17, 255, 161, 74, 234, 52, 45, 0, 0, 193, 1, 0, 11, 1, 0, 157, 3, 82]
1542741240708;[171, 0, 17, 255, 161, 74, 234, 52, 45, 0, 0, 193, 1, 0, 11, 1, 0, 157, 3, 82]
1542741240880;[171, 0, 17, 255, 161, 74, 234, 52, 45, 0, 0, 196, 1, 0, 10, 1, 0, 157, 3, 58]
1542741240882;[171, 0, 17, 255, 161, 74, 234, 52, 45, 0, 0, 196, 1, 0, 10, 1, 0, 157, 3, 58]
1542741240885;[171, 0, 17, 255, 161, 74, 234, 52, 45, 0, 0, 194, 1, 0, 11, 1, 0, 155, 3, 38]
1542741240887;[171, 0, 17, 255, 161, 74, 234, 52, 45, 0, 0, 194, 1, 0, 11, 1, 0, 155, 3, 38]
1542741241225;[171, 0, 17, 255, 161, 74, 234, 52, 45, 0, 0, 195, 1, 0, 12, 1, 0, 155, 3, 12]
1542741241227;[171, 0, 17, 255, 161, 74, 234, 52, 45, 0, 0, 195, 1, 0, 12, 1, 0, 155, 3, 12]
1542741241230;[171, 0, 17, 255, 161, 74, 234, 52, 45, 0, 0, 197, 1, 0, 14, 1, 0, 156, 3, 108]
1542741241232;[171, 0, 17, 255, 161, 74, 234, 52, 45, 0, 0, 197, 1, 0, 14, 1, 0, 156, 3, 108]
1542741241234;[171, 0, 17, 255, 161, 74, 234, 52, 45, 0, 0, 195, 1, 0, 12, 1, 0, 155, 3, 179]
1542741241236;[171, 0, 17, 255, 161, 74, 234, 52, 45, 0, 0, 195, 1, 0, 12, 1, 0, 155, 3, 179]
1542741241916;[171, 0, 17, 255, 161, 74, 234, 52, 45, 0, 0, 195, 1, 0, 11, 1, 0, 158, 3, 187]
1542741241918;[171, 0, 17, 255, 161, 74, 234, 52, 45, 0, 0, 195, 1, 0, 11, 1, 0, 158, 3, 187]
1542741241921;[171, 0, 17, 255, 161, 74, 234, 52, 45, 0, 0, 194, 1, 0, 9, 1, 0, 157, 3, 165]
1542741241922;[171, 0, 17, 255, 161, 74, 234, 52, 45, 0, 0, 194, 1, 0, 9, 1, 0, 157, 3, 165]
1542741241925;[171, 0, 17, 255, 161, 74, 234, 52, 45, 0, 0, 194, 1, 0, 12, 1, 0, 157, 3, 147]
1542741241926;[171, 0, 17, 255, 161, 74, 234, 52, 45, 0, 0, 194, 1, 0, 12, 1, 0, 157, 3, 147]
1542741242088;[171, 0, 17, 255, 161, 74, 234, 52, 45, 0, 0, 195, 1, 0, 11, 1, 0, 157, 3, 125]
1542741242091;[171, 0, 17, 255, 161, 74, 234, 52, 45, 0, 0, 195, 1, 0, 11, 1, 0, 157, 3, 125]
1542741242093;[171, 0, 4, 255, 132, 128, 70]
1542741242096;[171, 0, 4, 255, 132, 128, 70]
1542741242098;[171, 0, 17, 255, 161, 74, 234, 52, 46, 0, 0, 194, 1, 0, 10, 1, 0, 156, 3, 90]
1542741242100;[171, 0, 17, 255, 161, 74, 234, 52, 46, 0, 0, 194, 1, 0, 10, 1, 0, 156, 3, 90]
1542741242102;[171, 0, 17, 255, 161, 74, 234, 52, 46, 0, 0, 198, 1, 0, 11, 1, 0, 157, 3, 57]
1542741242104;[171, 0, 17, 255, 161, 74, 234, 52, 46, 0, 0, 198, 1, 0, 11, 1, 0, 157, 3, 57]
1542741242261;[171, 0, 17, 255, 161, 74, 234, 52, 46, 0, 0, 196, 1, 0, 12, 1, 0, 158, 3, 53]
1542741242263;[171, 0, 17, 255, 161, 74, 234, 52, 46, 0, 0, 196, 1, 0, 12, 1, 0, 158, 3, 53]
1542741242266;[171, 0, 17, 255, 161, 74, 234, 52, 46, 0, 0, 195, 1, 0, 13, 1, 0, 156, 3, 157]
1542741242268;[171, 0, 17, 255, 161, 74, 234, 52, 46, 0, 0, 195, 1, 0, 13, 1, 0, 156, 3, 157]
1542741242271;[171, 0, 17, 255, 161, 74, 234, 52, 46, 0, 0, 197, 1, 0, 11, 1, 0, 156, 3, 205]
1542741242273;[171, 0, 17, 255, 161, 74, 234, 52, 46, 0, 0, 197, 1, 0, 11, 1, 0, 156, 3, 205]
1542741242275;[171, 0, 17, 255, 161, 74, 234, 52, 46, 0, 0, 193, 1, 0, 8, 1, 0, 159, 3, 195]
1542741242277;[171, 0, 17, 255, 161, 74, 234, 52, 46, 0, 0, 193, 1, 0, 8, 1, 0, 159, 3, 195]
1542741242432;[171, 0, 17, 255, 161, 74, 234, 52, 46, 0, 0, 193, 1, 0, 11, 1, 0, 156, 3, 166]
1542741242433;[171, 0, 17, 255, 161, 74, 234, 52, 46, 0, 0, 193, 1, 0, 11, 1, 0, 156, 3, 166]
1542741242951;[171, 0, 17, 255, 161, 74, 234, 52, 46, 0, 0, 195, 1, 0, 11, 1, 0, 157, 3, 144]
1542741242953;[171, 0, 17, 255, 161, 74, 234, 52, 46, 0, 0, 195, 1, 0, 11, 1, 0, 157, 3, 144]
1542741242955;[171, 0, 17, 255, 161, 74, 234, 52, 46, 0, 0, 194, 1, 0, 15, 1, 0, 157, 3, 124]
1542741242957;[171, 0, 17, 255, 161, 74, 234, 52, 46, 0, 0, 194, 1, 0, 15, 1, 0, 157, 3, 124]
1542741242961;[171, 0, 17, 255, 161, 74, 234, 52, 49, 0, 0, 195, 1, 0, 12, 1, 0, 158, 3, 171]
1542741242962;[171, 0, 17, 255, 161, 74, 234, 52, 49, 0, 0, 195, 1, 0, 12, 1, 0, 158, 3, 171]
1542741242964;[171, 0, 17, 255, 161, 74, 234, 52, 49, 0, 0, 193, 1, 0, 11, 1, 0, 157, 3, 132]
1542741242965;[171, 0, 17, 255, 161, 74, 234, 52, 49, 0, 0, 193, 1, 0, 11, 1, 0, 157, 3, 132]
1542741243122;[171, 0, 17, 255, 161, 74, 234, 52, 49, 0, 0, 194, 1, 0, 12, 1, 0, 156, 3, 100]
1542741243123;[171, 0, 17, 255, 161, 74, 234, 52, 49, 0, 0, 194, 1, 0, 12, 1, 0, 156, 3, 100]
1542741243294;[171, 0, 17, 255, 161, 74, 234, 52, 49, 0, 0, 194, 1, 0, 13, 1, 0, 156, 3, 66]
1542741243296;[171, 0, 17, 255, 161, 74, 234, 52, 49, 0, 0, 194, 1, 0, 13, 1, 0, 156, 3, 66]
1542741243298;[171, 0, 17, 255, 161, 74, 234, 52, 49, 0, 0, 194, 1, 0, 11, 1, 0, 157, 3, 29]
1542741243300;[171, 0, 17, 255, 161, 74, 234, 52, 49, 0, 0, 194, 1, 0, 11, 1, 0, 157, 3, 29]
1542741243467;[171, 0, 17, 255, 161, 74, 234, 52, 49, 0, 0, 196, 1, 0, 12, 1, 0, 158, 2, 227]
1542741243469;[171, 0, 17, 255, 161, 74, 234, 52, 49, 0, 0, 196, 1, 0, 12, 1, 0, 158, 2, 227]
1542741243472;[171, 0, 17, 255, 161, 74, 234, 52, 49, 0, 0, 196, 1, 0, 9, 1, 0, 156, 2, 216]
1542741243474;[171, 0, 17, 255, 161, 74, 234, 52, 49, 0, 0, 196, 1, 0, 9, 1, 0, 156, 2, 216]
1542741243640;[171, 0, 17, 255, 161, 74, 234, 52, 49, 0, 0, 195, 1, 0, 9, 1, 0, 159, 3, 28]
1542741243642;[171, 0, 17, 255, 161, 74, 234, 52, 49, 0, 0, 195, 1, 0, 9, 1, 0, 159, 3, 28]
1542741243645;[171, 0, 17, 255, 161, 74, 234, 52, 49, 0, 0, 196, 1, 0, 12, 1, 0, 156, 3, 47]
1542741243646;[171, 0, 17, 255, 161, 74, 234, 52, 49, 0, 0, 196, 1, 0, 12, 1, 0, 156, 3, 47]
1542741243811;[171, 0, 17, 255, 161, 74, 234, 52, 49, 0, 0, 196, 1, 0, 11, 1, 0, 157, 3, 12]
1542741243813;[171, 0, 17, 255, 161, 74, 234, 52, 49, 0, 0, 196, 1, 0, 11, 1, 0, 157, 3, 12]
1542741244159;[171, 0, 4, 255, 132, 128, 70]
1542741244162;[171, 0, 4, 255, 132, 128, 70]
1542741244164;[171, 0, 17, 255, 161, 74, 234, 52, 50, 0, 0, 196, 1, 0, 12, 1, 0, 157, 2, 242]
1542741244166;[171, 0, 17, 255, 161, 74, 234, 52, 50, 0, 0, 196, 1, 0, 12, 1, 0, 157, 2, 242]
1542741244168;[171, 0, 17, 255, 161, 74, 234, 52, 50, 0, 0, 194, 1, 0, 11, 1, 0, 156, 2, 221]
1542741244170;[171, 0, 17, 255, 161, 74, 234, 52, 50, 0, 0, 194, 1, 0, 11, 1, 0, 156, 2, 221]
1542741244172;[171, 0, 17, 255, 161, 74, 234, 52, 50, 0, 0, 196, 1, 0, 9, 1, 0, 156, 2, 193]
1542741244174;[171, 0, 17, 255, 161, 74, 234, 52, 50, 0, 0, 196, 1, 0, 9, 1, 0, 156, 2, 193]
1542741244329;[171, 0, 17, 255, 161, 74, 234, 52, 50, 0, 0, 195, 1, 0, 9, 1, 0, 157, 2, 162]
1542741244331;[171, 0, 17, 255, 161, 74, 234, 52, 50, 0, 0, 195, 1, 0, 9, 1, 0, 157, 2, 162]
1542741244502;[171, 0, 17, 255, 161, 74, 234, 52, 50, 0, 0, 193, 1, 0, 12, 1, 0, 156, 2, 177]
1542741244504;[171, 0, 17, 255, 161, 74, 234, 52, 50, 0, 0, 193, 1, 0, 12, 1, 0, 156, 2, 177]
1542741244507;[171, 0, 17, 255, 161, 74, 234, 52, 50, 0, 0, 197, 1, 0, 11, 1, 0, 156, 2, 242]
1542741244509;[171, 0, 17, 255, 161, 74, 234, 52, 50, 0, 0, 197, 1, 0, 11, 1, 0, 156, 2, 242]
1542741244674;[171, 0, 17, 255, 161, 74, 234, 52, 50, 0, 0, 196, 1, 0, 11, 1, 0, 157, 2, 255]
1542741244676;[171, 0, 17, 255, 161, 74, 234, 52, 50, 0, 0, 196, 1, 0, 11, 1, 0, 157, 2, 255]
1542741244678;[171, 0, 17, 255, 161, 74, 234, 52, 50, 0, 0, 196, 1, 0, 11, 1, 0, 158, 2, 221]
1542741244680;[171, 0, 17, 255, 161, 74, 234, 52, 50, 0, 0, 196, 1, 0, 11, 1, 0, 158, 2, 221]
1542741244853;[171, 0, 17, 255, 161, 74, 234, 52, 50, 0, 0, 195, 1, 0, 9, 1, 0, 157, 2, 200]
1542741244854;[171, 0, 17, 255, 161, 74, 234, 52, 50, 0, 0, 195, 1, 0, 9, 1, 0, 157, 2, 200]
1542741244856;[171, 0, 17, 255, 161, 74, 234, 52, 50, 0, 0, 195, 1, 0, 12, 1, 0, 157, 2, 164]
1542741244858;[171, 0, 17, 255, 161, 74, 234, 52, 50, 0, 0, 195, 1, 0, 12, 1, 0, 157, 2, 164]
1542741245019;[171, 0, 4, 255, 132, 128, 70]
1542741245021;[171, 0, 4, 255, 132, 128, 70]
1542741245539;[171, 0, 17, 255, 161, 74, 234, 52, 51, 0, 0, 195, 1, 0, 11, 1, 0, 157, 2, 135]
1542741245541;[171, 0, 17, 255, 161, 74, 234, 52, 51, 0, 0, 195, 1, 0, 11, 1, 0, 157, 2, 135]
1542741245543;[171, 0, 17, 255, 161, 74, 234, 52, 51, 0, 0, 197, 1, 0, 11, 1, 0, 156, 2, 104]
1542741245545;[171, 0, 17, 255, 161, 74, 234, 52, 51, 0, 0, 197, 1, 0, 11, 1, 0, 156, 2, 104]
1542741245548;[171, 0, 17, 255, 161, 74, 234, 52, 51, 0, 0, 195, 1, 0, 9, 1, 0, 157, 2, 160]
1542741245550;[171, 0, 17, 255, 161, 74, 234, 52, 51, 0, 0, 195, 1, 0, 9, 1, 0, 157, 2, 160]
1542741245552;[171, 0, 17, 255, 161, 74, 234, 52, 51, 0, 0, 195, 1, 0, 11, 1, 0, 157, 2, 206]
1542741245554;[171, 0, 17, 255, 161, 74, 234, 52, 51, 0, 0, 195, 1, 0, 11, 1, 0, 157, 2, 206]
1542741245710;[171, 0, 17, 255, 161, 74, 234, 52, 51, 0, 0, 197, 1, 0, 11, 1, 0, 157, 2, 192]
1542741245712;[171, 0, 17, 255, 161, 74, 234, 52, 51, 0, 0, 197, 1, 0, 11, 1, 0, 157, 2, 192]
1542741245715;[171, 0, 17, 255, 161, 74, 234, 52, 51, 0, 0, 195, 1, 0, 12, 1, 0, 157, 2, 166]
1542741245717;[171, 0, 17, 255, 161, 74, 234, 52, 51, 0, 0, 195, 1, 0, 12, 1, 0, 157, 2, 166]
1542741245720;[171, 0, 17, 255, 161, 74, 234, 52, 51, 0, 0, 194, 1, 0, 11, 1, 0, 157, 2, 136]
1542741245722;[171, 0, 17, 255, 161, 74, 234, 52, 51, 0, 0, 194, 1, 0, 11, 1, 0, 157, 2, 136]
1542741245883;[171, 0, 17, 255, 161, 74, 234, 52, 51, 0, 0, 195, 1, 0, 11, 1, 0, 157, 2, 103]
1542741245886;[171, 0, 17, 255, 161, 74, 234, 52, 51, 0, 0, 195, 1, 0, 11, 1, 0, 157, 2, 103]
1542741245888;[171, 0, 17, 255, 161, 74, 234, 52, 51, 0, 0, 194, 1, 0, 11, 1, 0, 158, 2, 69]
1542741245890;[171, 0, 17, 255, 161, 74, 234, 52, 51, 0, 0, 194, 1, 0, 11, 1, 0, 158, 2, 69]
1542741246055;[171, 0, 17, 255, 161, 74, 234, 52, 51, 0, 0, 194, 1, 0, 11, 1, 0, 158, 2, 30]
1542741246057;[171, 0, 17, 255, 161, 74, 234, 52, 51, 0, 0, 194, 1, 0, 11, 1, 0, 158, 2, 30]
1542741246059;[171, 0, 4, 255, 132, 128, 71]
1542741246061;[171, 0, 4, 255, 132, 128, 71]
1542741246226;[171, 0, 17, 255, 161, 74, 234, 52, 52, 0, 0, 196, 1, 0, 10, 1, 0, 156, 2, 56]
1542741246228;[171, 0, 17, 255, 161, 74, 234, 52, 52, 0, 0, 196, 1, 0, 10, 1, 0, 156, 2, 56]
1542741246400;[171, 0, 17, 255, 161, 74, 234, 52, 52, 0, 0, 197, 1, 0, 11, 1, 0, 157, 2, 106]
1542741246402;[171, 0, 17, 255, 161, 74, 234, 52, 52, 0, 0, 197, 1, 0, 11, 1, 0, 157, 2, 106]
1542741246404;[171, 0, 17, 255, 161, 74, 234, 52, 52, 0, 0, 195, 1, 0, 12, 1, 0, 157, 2, 109]
1542741246406;[171, 0, 17, 255, 161, 74, 234, 52, 52, 0, 0, 195, 1, 0, 12, 1, 0, 157, 2, 109]
1542741246748;[171, 0, 17, 255, 161, 74, 234, 52, 52, 0, 0, 195, 1, 0, 11, 1, 0, 158, 2, 77]
1542741246750;[171, 0, 17, 255, 161, 74, 234, 52, 52, 0, 0, 195, 1, 0, 11, 1, 0, 158, 2, 77]
1542741246757;[171, 0, 17, 255, 161, 74, 234, 52, 52, 0, 0, 198, 1, 0, 11, 1, 0, 156, 2, 54]
1542741246763;[171, 0, 17, 255, 161, 74, 234, 52, 52, 0, 0, 198, 1, 0, 11, 1, 0, 156, 2, 54]
1542741246765;[171, 0, 17, 255, 161, 74, 234, 52, 52, 0, 0, 196, 1, 0, 11, 1, 0, 157, 2, 25]
1542741246767;[171, 0, 17, 255, 161, 74, 234, 52, 52, 0, 0, 196, 1, 0, 11, 1, 0, 157, 2, 25]
1542741246768;[171, 0, 17, 255, 161, 74, 234, 52, 52, 0, 0, 196, 1, 0, 12, 1, 0, 156, 1, 247]
1542741246770;[171, 0, 17, 255, 161, 74, 234, 52, 52, 0, 0, 196, 1, 0, 12, 1, 0, 156, 1, 247]
1542741246917;[171, 0, 17, 255, 161, 74, 234, 52, 52, 0, 0, 195, 1, 0, 12, 1, 0, 157, 1, 217]
1542741246919;[171, 0, 17, 255, 161, 74, 234, 52, 52, 0, 0, 195, 1, 0, 12, 1, 0, 157, 1, 217]
1542741247090;[171, 0, 17, 255, 161, 74, 234, 52, 52, 0, 0, 193, 1, 0, 11, 1, 0, 157, 1, 200]
1542741247092;[171, 0, 17, 255, 161, 74, 234, 52, 52, 0, 0, 193, 1, 0, 11, 1, 0, 157, 1, 200]
1542741247094;[171, 0, 17, 255, 161, 74, 234, 52, 52, 0, 0, 196, 1, 0, 10, 1, 0, 157, 1, 255]
1542741247096;[171, 0, 17, 255, 161, 74, 234, 52, 52, 0, 0, 196, 1, 0, 10, 1, 0, 157, 1, 255]
1542741247262;[171, 0, 4, 255, 132, 128, 71]
1542741247264;[171, 0, 4, 255, 132, 128, 71]
1542741247267;[171, 0, 17, 255, 161, 74, 234, 52, 53, 0, 0, 195, 1, 0, 11, 1, 0, 157, 2, 2]
1542741247269;[171, 0, 17, 255, 161, 74, 234, 52, 53, 0, 0, 195, 1, 0, 11, 1, 0, 157, 2, 2]
1542741247435;[171, 0, 17, 255, 161, 74, 234, 52, 53, 0, 0, 195, 1, 0, 10, 1, 0, 155, 1, 247]
1542741247438;[171, 0, 17, 255, 161, 74, 234, 52, 53, 0, 0, 195, 1, 0, 10, 1, 0, 155, 1, 247]
1542741247440;[171, 0, 17, 255, 161, 74, 234, 52, 53, 0, 0, 195, 1, 0, 11, 1, 0, 156, 1, 229]
1542741247442;[171, 0, 17, 255, 161, 74, 234, 52, 53, 0, 0, 195, 1, 0, 11, 1, 0, 156, 1, 229]
1542741247608;[171, 0, 17, 255, 161, 74, 234, 52, 53, 0, 0, 194, 1, 0, 11, 1, 0, 156, 1, 224]
1542741247610;[171, 0, 17, 255, 161, 74, 234, 52, 53, 0, 0, 194, 1, 0, 11, 1, 0, 156, 1, 224]
1542741247954;[171, 0, 17, 255, 161, 74, 234, 52, 53, 0, 0, 194, 1, 0, 13, 1, 0, 156, 1, 188]
1542741247956;[171, 0, 17, 255, 161, 74, 234, 52, 53, 0, 0, 194, 1, 0, 13, 1, 0, 156, 1, 188]
1542741247959;[171, 0, 17, 255, 161, 74, 234, 52, 53, 0, 0, 195, 1, 0, 10, 1, 0, 156, 1, 157]
1542741247960;[171, 0, 17, 255, 161, 74, 234, 52, 53, 0, 0, 195, 1, 0, 10, 1, 0, 156, 1, 157]
1542741247964;[171, 0, 17, 255, 161, 74, 234, 52, 53, 0, 0, 195, 1, 0, 11, 1, 0, 156, 1, 156]
1542741247966;[171, 0, 17, 255, 161, 74, 234, 52, 53, 0, 0, 195, 1, 0, 11, 1, 0, 156, 1, 156]
1542741247967;[171, 0, 17, 255, 161, 74, 234, 52, 53, 0, 0, 196, 1, 0, 10, 1, 0, 157, 1, 203]
1542741247969;[171, 0, 17, 255, 161, 74, 234, 52, 53, 0, 0, 196, 1, 0, 10, 1, 0, 157, 1, 203]
1542741248123;[171, 0, 17, 255, 161, 74, 234, 52, 53, 0, 0, 195, 1, 0, 10, 1, 0, 156, 1, 199]
1542741248125;[171, 0, 17, 255, 161, 74, 234, 52, 53, 0, 0, 195, 1, 0, 10, 1, 0, 156, 1, 199]
1542741248472;[171, 0, 17, 255, 161, 74, 234, 52, 53, 0, 0, 194, 1, 0, 12, 1, 0, 158, 1, 172]
1542741248474;[171, 0, 17, 255, 161, 74, 234, 52, 53, 0, 0, 194, 1, 0, 12, 1, 0, 158, 1, 172]
1542741248476;[171, 0, 4, 255, 132, 128, 71]
1542741248479;[171, 0, 4, 255, 132, 128, 71]
1542741248481;[171, 0, 17, 255, 161, 74, 234, 52, 54, 0, 0, 194, 1, 0, 11, 1, 0, 157, 1, 136]
1542741248483;[171, 0, 17, 255, 161, 74, 234, 52, 54, 0, 0, 194, 1, 0, 11, 1, 0, 157, 1, 136]
1542741248485;[171, 0, 17, 255, 161, 74, 234, 52, 54, 0, 0, 195, 1, 0, 10, 1, 0, 156, 1, 98]
1542741248487;[171, 0, 17, 255, 161, 74, 234, 52, 54, 0, 0, 195, 1, 0, 10, 1, 0, 156, 1, 98]
1542741248642;[171, 0, 17, 255, 161, 74, 234, 52, 54, 0, 0, 196, 1, 0, 11, 1, 0, 156, 1, 61]
1542741248644;[171, 0, 17, 255, 161, 74, 234, 52, 54, 0, 0, 196, 1, 0, 11, 1, 0, 156, 1, 61]
1542741248646;[171, 0, 17, 255, 161, 74, 234, 52, 54, 0, 0, 194, 1, 0, 12, 1, 0, 156, 1, 35]
1542741248648;[171, 0, 17, 255, 161, 74, 234, 52, 54, 0, 0, 194, 1, 0, 12, 1, 0, 156, 1, 35]
1542741249334;[171, 0, 17, 255, 161, 74, 234, 52, 54, 0, 0, 193, 1, 0, 10, 1, 0, 157, 0, 233]
1542741249335;[171, 0, 17, 255, 161, 74, 234, 52, 54, 0, 0, 193, 1, 0, 10, 1, 0, 157, 0, 233]
1542741249338;[171, 0, 17, 255, 161, 74, 234, 52, 54, 0, 0, 195, 1, 0, 11, 1, 0, 157, 0, 247]
1542741249340;[171, 0, 17, 255, 161, 74, 234, 52, 54, 0, 0, 195, 1, 0, 11, 1, 0, 157, 0, 247]
1542741249342;[171, 0, 17, 255, 161, 74, 234, 52, 54, 0, 0, 197, 1, 0, 12, 1, 0, 157, 1, 20]
1542741249344;[171, 0, 17, 255, 161, 74, 234, 52, 54, 0, 0, 197, 1, 0, 12, 1, 0, 157, 1, 20]
1542741249507;[171, 0, 17, 255, 161, 74, 234, 52, 54, 0, 0, 193, 1, 0, 10, 1, 0, 156, 1, 17]
1542741249509;[171, 0, 17, 255, 161, 74, 234, 52, 54, 0, 0, 193, 1, 0, 10, 1, 0, 156, 1, 17]
1542741249511;[171, 0, 17, 255, 161, 74, 234, 52, 54, 0, 0, 194, 1, 0, 11, 1, 0, 156, 0, 248]
1542741249514;[171, 0, 17, 255, 161, 74, 234, 52, 54, 0, 0, 194, 1, 0, 11, 1, 0, 156, 0, 248]
1542741249516;[171, 0, 17, 255, 161, 74, 234, 52, 54, 0, 0, 195, 1, 0, 9, 1, 0, 157, 0, 223]
1542741249518;[171, 0, 17, 255, 161, 74, 234, 52, 54, 0, 0, 195, 1, 0, 9, 1, 0, 157, 0, 223]
1542741249520;[171, 0, 4, 255, 132, 128, 71]
1542741249522;[171, 0, 4, 255, 132, 128, 71]
1542741249849;[171, 0, 17, 255, 161, 74, 234, 52, 55, 0, 0, 194, 1, 0, 10, 1, 0, 157, 16, 193]
1542741249851;[171, 0, 17, 255, 161, 74, 234, 52, 55, 0, 0, 194, 1, 0, 10, 1, 0, 157, 16, 193]
1542741250022;[171, 0, 17, 255, 161, 74, 234, 52, 55, 0, 0, 196, 1, 0, 12, 1, 0, 157, 7, 180]
1542741250024;[171, 0, 17, 255, 161, 74, 234, 52, 55, 0, 0, 196, 1, 0, 12, 1, 0, 157, 7, 180]
1542741250027;[171, 0, 17, 255, 161, 74, 234, 52, 55, 0, 0, 195, 1, 0, 10, 1, 0, 157, 7, 141]
1542741250030;[171, 0, 17, 255, 161, 74, 234, 52, 55, 0, 0, 195, 1, 0, 10, 1, 0, 157, 7, 141]
1542741250032;[171, 0, 17, 255, 161, 74, 234, 52, 55, 0, 0, 195, 1, 0, 11, 1, 0, 156, 7, 111]
1542741250035;[171, 0, 17, 255, 161, 74, 234, 52, 55, 0, 0, 195, 1, 0, 11, 1, 0, 156, 7, 111]
1542741250037;[171, 0, 17, 255, 161, 74, 234, 52, 55, 0, 0, 195, 1, 0, 10, 1, 0, 157, 7, 111]
1542741250038;[171, 0, 17, 255, 161, 74, 234, 52, 55, 0, 0, 195, 1, 0, 10, 1, 0, 157, 7, 111]
1542741250195;[171, 0, 17, 255, 161, 74, 234, 52, 55, 0, 0, 195, 1, 0, 12, 1, 0, 158, 7, 149]
1542741250197;[171, 0, 17, 255, 161, 74, 234, 52, 55, 0, 0, 195, 1, 0, 12, 1, 0, 158, 7, 149]
1542741250200;[171, 0, 17, 255, 161, 74, 234, 52, 55, 0, 0, 194, 1, 0, 12, 1, 0, 158, 7, 158]
1542741250202;[171, 0, 17, 255, 161, 74, 234, 52, 55, 0, 0, 194, 1, 0, 12, 1, 0, 158, 7, 158]
1542741250204;[171, 0, 17, 255, 161, 74, 234, 52, 55, 0, 0, 197, 1, 0, 13, 1, 0, 155, 7, 137]
1542741250206;[171, 0, 17, 255, 161, 74, 234, 52, 55, 0, 0, 197, 1, 0, 13, 1, 0, 155, 7, 137]
1542741250714;[171, 0, 17, 255, 161, 74, 234, 52, 55, 0, 0, 196, 1, 0, 10, 1, 0, 156, 7, 136]
1542741250716;[171, 0, 17, 255, 161, 74, 234, 52, 55, 0, 0, 196, 1, 0, 10, 1, 0, 156, 7, 136]
1542741250718;[171, 0, 17, 255, 161, 74, 234, 52, 55, 0, 0, 195, 1, 0, 9, 1, 0, 157, 7, 126]
1542741250720;[171, 0, 17, 255, 161, 74, 234, 52, 55, 0, 0, 195, 1, 0, 9, 1, 0, 157, 7, 126]
1542741250722;[171, 0, 4, 255, 132, 128, 71]
1542741250724;[171, 0, 4, 255, 132, 128, 71]
1542741250727;[171, 0, 17, 255, 161, 74, 234, 52, 56, 0, 0, 196, 1, 0, 12, 1, 0, 156, 7, 118]
1542741250728;[171, 0, 17, 255, 161, 74, 234, 52, 56, 0, 0, 196, 1, 0, 12, 1, 0, 156, 7, 118]
1542741251061;[171, 0, 17, 255, 161, 74, 234, 52, 56, 0, 0, 196, 1, 0, 10, 1, 0, 157, 7, 101]
1542741251063;[171, 0, 17, 255, 161, 74, 234, 52, 56, 0, 0, 196, 1, 0, 10, 1, 0, 157, 7, 101]
1542741251066;[171, 0, 17, 255, 161, 74, 234, 52, 56, 0, 0, 195, 1, 0, 11, 1, 0, 156, 7, 100]
1542741251068;[171, 0, 17, 255, 161, 74, 234, 52, 56, 0, 0, 195, 1, 0, 11, 1, 0, 156, 7, 100]
1542741251070;[171, 0, 17, 255, 161, 74, 234, 52, 56, 0, 0, 194, 1, 0, 13, 1, 0, 157, 7, 177]
1542741251072;[171, 0, 17, 255, 161, 74, 234, 52, 56, 0, 0, 194, 1, 0, 13, 1, 0, 157, 7, 177]
1542741251077;[171, 0, 17, 255, 161, 74, 234, 52, 56, 0, 0, 196, 1, 0, 11, 1, 0, 156, 7, 230]
1542741251079;[171, 0, 17, 255, 161, 74, 234, 52, 56, 0, 0, 196, 1, 0, 11, 1, 0, 156, 7, 230]
1542741251230;[171, 0, 17, 255, 161, 74, 234, 52, 56, 0, 0, 195, 1, 0, 11, 1, 0, 157, 7, 234]
1542741251232;[171, 0, 17, 255, 161, 74, 234, 52, 56, 0, 0, 195, 1, 0, 11, 1, 0, 157, 7, 234]
1542741251234;[171, 0, 17, 255, 161, 74, 234, 52, 56, 0, 0, 193, 1, 0, 11, 1, 0, 157, 7, 226]
1542741251236;[171, 0, 17, 255, 161, 74, 234, 52, 56, 0, 0, 193, 1, 0, 11, 1, 0, 157, 7, 226]
1542741251402;[171, 0, 17, 255, 161, 74, 234, 52, 56, 0, 0, 195, 1, 0, 9, 1, 0, 158, 7, 226]
1542741251404;[171, 0, 17, 255, 161, 74, 234, 52, 56, 0, 0, 195, 1, 0, 9, 1, 0, 158, 7, 226]
1542741251406;[171, 0, 17, 255, 161, 74, 234, 52, 56, 0, 0, 195, 1, 0, 11, 1, 0, 157, 7, 223]
1542741251408;[171, 0, 17, 255, 161, 74, 234, 52, 56, 0, 0, 195, 1, 0, 11, 1, 0, 157, 7, 223]
1542741251922;[171, 0, 17, 255, 161, 74, 234, 52, 56, 0, 0, 197, 1, 0, 11, 1, 0, 158, 7, 205]
1542741251924;[171, 0, 17, 255, 161, 74, 234, 52, 56, 0, 0, 197, 1, 0, 11, 1, 0, 158, 7, 205]
1542741251926;[171, 0, 4, 255, 132, 128, 71]
1542741251928;[171, 0, 4, 255, 132, 128, 71]
1542741251931;[171, 0, 17, 255, 161, 74, 234, 52, 57, 0, 0, 194, 1, 0, 10, 1, 0, 158, 7, 183]
1542741251933;[171, 0, 17, 255, 161, 74, 234, 52, 57, 0, 0, 194, 1, 0, 10, 1, 0, 158, 7, 183]
1542741251935;[171, 0, 17, 255, 161, 74, 234, 52, 57, 0, 0, 197, 1, 0, 12, 1, 0, 157, 7, 192]
1542741251936;[171, 0, 17, 255, 161, 74, 234, 52, 57, 0, 0, 197, 1, 0, 12, 1, 0, 157, 7, 192]
1542741252093;[171, 0, 17, 255, 161, 74, 234, 52, 57, 0, 0, 194, 1, 0, 10, 1, 0, 156, 8, 66]
1542741252095;[171, 0, 17, 255, 161, 74, 234, 52, 57, 0, 0, 194, 1, 0, 10, 1, 0, 156, 8, 66]
1542741252097;[171, 0, 17, 255, 161, 74, 234, 52, 57, 0, 0, 193, 1, 0, 14, 1, 0, 156, 8, 148]
1542741252099;[171, 0, 17, 255, 161, 74, 234, 52, 57, 0, 0, 193, 1, 0, 14, 1, 0, 156, 8, 148]
1542741252101;[171, 0, 17, 255, 161, 74, 234, 52, 57, 0, 0, 197, 1, 0, 10, 1, 0, 155, 8, 169]
1542741252103;[171, 0, 17, 255, 161, 74, 234, 52, 57, 0, 0, 197, 1, 0, 10, 1, 0, 155, 8, 169]
1542741252470;[171, 0, 17, 255, 161, 74, 234, 52, 57, 0, 0, 196, 1, 0, 10, 1, 0, 156, 8, 190]
1542741252471;[171, 0, 17, 255, 161, 74, 234, 52, 57, 0, 0, 196, 1, 0, 10, 1, 0, 156, 8, 190]
1542741252473;[171, 0, 17, 255, 161, 74, 234, 52, 57, 0, 0, 193, 1, 0, 12, 1, 0, 158, 8, 205]
1542741252474;[171, 0, 17, 255, 161, 74, 234, 52, 57, 0, 0, 193, 1, 0, 12, 1, 0, 158, 8, 205]
1542741252476;[171, 0, 17, 255, 161, 74, 234, 52, 57, 0, 0, 194, 1, 0, 10, 1, 0, 155, 8, 195]
1542741252477;[171, 0, 17, 255, 161, 74, 234, 52, 57, 0, 0, 194, 1, 0, 10, 1, 0, 155, 8, 195]
1542741252478;[171, 0, 17, 255, 161, 74, 234, 52, 57, 0, 0, 196, 1, 0, 11, 1, 0, 157, 8, 176]
1542741252480;[171, 0, 17, 255, 161, 74, 234, 52, 57, 0, 0, 196, 1, 0, 11, 1, 0, 157, 8, 176]
1542741252609;[171, 0, 17, 255, 161, 74, 234, 52, 57, 0, 0, 196, 1, 0, 10, 1, 0, 158, 8, 164]
1542741252611;[171, 0, 17, 255, 161, 74, 234, 52, 57, 0, 0, 196, 1, 0, 10, 1, 0, 158, 8, 164]
1542741252781;[171, 0, 4, 255, 132, 128, 71]
1542741252784;[171, 0, 4, 255, 132, 128, 71]
1542741252786;[171, 0, 17, 255, 161, 74, 234, 52, 58, 0, 0, 195, 1, 0, 10, 1, 0, 155, 8, 143]
1542741252788;[171, 0, 17, 255, 161, 74, 234, 52, 58, 0, 0, 195, 1, 0, 10, 1, 0, 155, 8, 143]
1542741253128;[171, 0, 17, 255, 161, 74, 234, 52, 58, 0, 0, 194, 1, 0, 11, 1, 0, 156, 8, 169]
1542741253130;[171, 0, 17, 255, 161, 74, 234, 52, 58, 0, 0, 194, 1, 0, 11, 1, 0, 156, 8, 169]
1542741253132;[171, 0, 17, 255, 161, 74, 234, 52, 58, 0, 0, 193, 1, 0, 11, 1, 0, 156, 9, 24]
1542741253133;[171, 0, 17, 255, 161, 74, 234, 52, 58, 0, 0, 193, 1, 0, 11, 1, 0, 156, 9, 24]
1542741253301;[171, 0, 17, 255, 161, 74, 234, 52, 58, 0, 0, 196, 1, 0, 11, 1, 0, 157, 9, 70]
1542741253303;[171, 0, 17, 255, 161, 74, 234, 52, 58, 0, 0, 196, 1, 0, 11, 1, 0, 157, 9, 70]
1542741253305;[171, 0, 17, 255, 161, 74, 234, 52, 58, 0, 0, 193, 1, 0, 11, 1, 0, 158, 9, 53]
1542741253308;[171, 0, 17, 255, 161, 74, 234, 52, 58, 0, 0, 193, 1, 0, 11, 1, 0, 158, 9, 53]
1542741253310;[171, 0, 17, 255, 161, 74, 234, 52, 58, 0, 0, 198, 1, 0, 10, 1, 0, 155, 9, 30]
1542741253311;[171, 0, 17, 255, 161, 74, 234, 52, 58, 0, 0, 198, 1, 0, 10, 1, 0, 155, 9, 30]
1542741253473;[171, 0, 17, 255, 161, 74, 234, 52, 58, 0, 0, 194, 1, 0, 11, 1, 0, 155, 9, 13]
1542741253476;[171, 0, 17, 255, 161, 74, 234, 52, 58, 0, 0, 194, 1, 0, 11, 1, 0, 155, 9, 13]
1542741253478;[171, 0, 17, 255, 161, 74, 234, 52, 58, 0, 0, 194, 1, 0, 10, 1, 0, 156, 8, 252]
1542741253479;[171, 0, 17, 255, 161, 74, 234, 52, 58, 0, 0, 194, 1, 0, 10, 1, 0, 156, 8, 252]
1542741253644;[171, 0, 17, 255, 161, 74, 234, 52, 58, 0, 0, 195, 1, 0, 11, 1, 0, 157, 8, 247]
1542741253646;[171, 0, 17, 255, 161, 74, 234, 52, 58, 0, 0, 195, 1, 0, 11, 1, 0, 157, 8, 247]
1542741253649;[171, 0, 17, 255, 161, 74, 234, 52, 58, 0, 0, 198, 1, 0, 14, 1, 0, 157, 8, 211]
1542741253651;[171, 0, 17, 255, 161, 74, 234, 52, 58, 0, 0, 198, 1, 0, 14, 1, 0, 157, 8, 211]
1542741253816;[171, 0, 4, 255, 132, 128, 71]
1542741253819;[171, 0, 4, 255, 132, 128, 71]
1542741253989;[171, 0, 17, 255, 161, 74, 234, 52, 59, 0, 0, 195, 1, 0, 10, 1, 0, 156, 8, 252]
1542741253991;[171, 0, 17, 255, 161, 74, 234, 52, 59, 0, 0, 195, 1, 0, 10, 1, 0, 156, 8, 252]
1542741253994;[171, 0, 17, 255, 161, 74, 234, 52, 59, 0, 0, 195, 1, 0, 11, 1, 0, 156, 9, 98]
1542741253995;[171, 0, 17, 255, 161, 74, 234, 52, 59, 0, 0, 195, 1, 0, 11, 1, 0, 156, 9, 98]
1542741254509;[171, 0, 17, 255, 161, 74, 234, 52, 59, 0, 0, 192, 1, 0, 11, 1, 0, 157, 9, 135]
1542741254511;[171, 0, 17, 255, 161, 74, 234, 52, 59, 0, 0, 192, 1, 0, 11, 1, 0, 157, 9, 135]
1542741254514;[171, 0, 17, 255, 161, 74, 234, 52, 59, 0, 0, 196, 1, 0, 11, 1, 0, 156, 9, 116]
1542741254516;[171, 0, 17, 255, 161, 74, 234, 52, 59, 0, 0, 196, 1, 0, 11, 1, 0, 156, 9, 116]
1542741254518;[171, 0, 17, 255, 161, 74, 234, 52, 59, 0, 0, 194, 1, 0, 11, 1, 0, 155, 9, 93]
1542741254520;[171, 0, 17, 255, 161, 74, 234, 52, 59, 0, 0, 194, 1, 0, 11, 1, 0, 155, 9, 93]
1542741254522;[171, 0, 17, 255, 161, 74, 234, 52, 59, 0, 0, 197, 1, 0, 11, 1, 0, 155, 9, 79]
1542741254524;[171, 0, 17, 255, 161, 74, 234, 52, 59, 0, 0, 197, 1, 0, 11, 1, 0, 155, 9, 79]
1542741254680;[171, 0, 17, 255, 161, 74, 234, 52, 59, 0, 0, 196, 1, 0, 11, 1, 0, 157, 9, 54]
1542741254682;[171, 0, 17, 255, 161, 74, 234, 52, 59, 0, 0, 196, 1, 0, 11, 1, 0, 157, 9, 54]
1542741254859;[171, 0, 17, 255, 161, 74, 234, 52, 59, 0, 0, 196, 1, 0, 12, 1, 0, 156, 9, 21]
1542741254865;[171, 0, 17, 255, 161, 74, 234, 52, 59, 0, 0, 196, 1, 0, 12, 1, 0, 156, 9, 21]
1542741254871;[171, 0, 17, 255, 161, 74, 234, 52, 59, 0, 0, 196, 1, 0, 13, 1, 0, 157, 9, 3]
1542741254873;[171, 0, 17, 255, 161, 74, 234, 52, 59, 0, 0, 196, 1, 0, 13, 1, 0, 157, 9, 3]
1542741254874;[171, 0, 17, 255, 161, 74, 234, 52, 59, 0, 0, 195, 1, 0, 11, 1, 0, 159, 9, 112]
1542741254876;[171, 0, 17, 255, 161, 74, 234, 52, 59, 0, 0, 195, 1, 0, 11, 1, 0, 159, 9, 112]
1542741254881;[171, 0, 4, 255, 132, 128, 71]
1542741254883;[171, 0, 4, 255, 132, 128, 71]
1542741255199;[171, 0, 17, 255, 161, 74, 234, 52, 64, 0, 0, 194, 1, 0, 12, 1, 0, 156, 9, 163]
