1542739755140;[171, 0, 17, 255, 161, 74, 234, 44, 251, 0, 0, 198, 1, 0, 11, 1, 0, 153, 7, 213]
1542739755146;[171, 0, 17, 255, 161, 74, 234, 44, 251, 0, 0, 198, 1, 0, 11, 1, 0, 153, 8, 2]
1542739755148;[171, 0, 17, 255, 161, 74, 234, 44, 251, 0, 0, 198, 1, 0, 11, 1, 0, 153, 8, 2]
1542739755485;[171, 0, 17, 255, 161, 74, 234, 44, 251, 0, 0, 198, 1, 0, 10, 1, 0, 152, 7, 236]
1542739755487;[171, 0, 17, 255, 161, 74, 234, 44, 251, 0, 0, 198, 1, 0, 10, 1, 0, 152, 7, 236]
1542739755489;[171, 0, 17, 255, 161, 74, 234, 45, 0, 0, 0, 201, 1, 0, 10, 1, 0, 154, 7, 199]
1542739755491;[171, 0, 17, 255, 161, 74, 234, 45, 0, 0, 0, 201, 1, 0, 10, 1, 0, 154, 7, 199]
1542739755493;[171, 0, 17, 255, 161, 74, 234, 45, 0, 0, 0, 197, 1, 0, 10, 1, 0, 151, 7, 174]
1542739755495;[171, 0, 17, 255, 161, 74, 234, 45, 0, 0, 0, 197, 1, 0, 10, 1, 0, 151, 7, 174]
1542739755497;[171, 0, 17, 255, 161, 74, 234, 45, 0, 0, 0, 199, 1, 0, 10, 1, 0, 152, 7, 148]
1542739755499;[171, 0, 17, 255, 161, 74, 234, 45, 0, 0, 0, 199, 1, 0, 10, 1, 0, 152, 7, 148]
1542739755654;[171, 0, 17, 255, 161, 74, 234, 45, 0, 0, 0, 200, 1, 0, 9, 1, 0, 151, 7, 117]
1542739755656;[171, 0, 17, 255, 161, 74, 234, 45, 0, 0, 0, 200, 1, 0, 9, 1, 0, 151, 7, 117]
1542739755828;[171, 0, 17, 255, 161, 74, 234, 45, 0, 0, 0, 198, 1, 0, 11, 1, 0, 152, 7, 86]
1542739755830;[171, 0, 17, 255, 161, 74, 234, 45, 0, 0, 0, 198, 1, 0, 11, 1, 0, 152, 7, 86]
1542739755832;[171, 0, 17, 255, 161, 74, 234, 45, 0, 0, 0, 197, 1, 0, 11, 1, 0, 151, 7, 114]
1542739755834;[171, 0, 17, 255, 161, 74, 234, 45, 0, 0, 0, 197, 1, 0, 11, 1, 0, 151, 7, 114]
1542739755999;[171, 0, 4, 255, 132, 128, 70]
1542739756002;[171, 0, 4, 255, 132, 128, 70]
1542739756005;[171, 0, 17, 255, 161, 74, 234, 45, 0, 0, 0, 197, 1, 0, 10, 1, 0, 152, 7, 182]
1542739756006;[171, 0, 17, 255, 161, 74, 234, 45, 0, 0, 0, 197, 1, 0, 10, 1, 0, 152, 7, 182]
1542739756171;[171, 0, 17, 255, 161, 74, 234, 45, 0, 0, 0, 197, 1, 0, 8, 1, 0, 153, 7, 213]
1542739756173;[171, 0, 17, 255, 161, 74, 234, 45, 0, 0, 0, 197, 1, 0, 8, 1, 0, 153, 7, 213]
1542739756345;[171, 0, 17, 255, 161, 74, 234, 45, 0, 0, 0, 196, 1, 0, 12, 1, 0, 152, 7, 195]
1542739756347;[171, 0, 17, 255, 161, 74, 234, 45, 0, 0, 0, 196, 1, 0, 12, 1, 0, 152, 7, 195]
1542739756350;[171, 0, 17, 255, 161, 74, 234, 45, 0, 0, 0, 201, 1, 0, 12, 1, 0, 152, 7, 180]
1542739756352;[171, 0, 17, 255, 161, 74, 234, 45, 0, 0, 0, 201, 1, 0, 12, 1, 0, 152, 7, 180]
1542739756691;[171, 0, 17, 255, 161, 74, 234, 45, 1, 0, 0, 198, 1, 0, 10, 1, 0, 152, 7, 160]
1542739756693;[171, 0, 17, 255, 161, 74, 234, 45, 1, 0, 0, 198, 1, 0, 10, 1, 0, 152, 7, 160]
1542739756695;[171, 0, 17, 255, 161, 74, 234, 45, 1, 0, 0, 198, 1, 0, 11, 1, 0, 152, 7, 126]
1542739756697;[171, 0, 17, 255, 161, 74, 234, 45, 1, 0, 0, 198, 1, 0, 11, 1, 0, 152, 7, 126]
1542739756701;[171, 0, 17, 255, 161, 74, 234, 45, 1, 0, 0, 200, 1, 0, 9, 1, 0, 153, 7, 104]
1542739756703;[171, 0, 17, 255, 161, 74, 234, 45, 1, 0, 0, 200, 1, 0, 9, 1, 0, 153, 7, 104]
1542739756705;[171, 0, 17, 255, 161, 74, 234, 45, 1, 0, 0, 196, 1, 0, 8, 1, 0, 153, 7, 62]
1542739756706;[171, 0, 17, 255, 161, 74, 234, 45, 1, 0, 0, 196, 1, 0, 8, 1, 0, 153, 7, 62]
1542739757037;[171, 0, 17, 255, 161, 74, 234, 45, 1, 0, 0, 197, 1, 0, 8, 1, 0, 152, 7, 82]
1542739757039;[171, 0, 17, 255, 161, 74, 234, 45, 1, 0, 0, 197, 1, 0, 8, 1, 0, 152, 7, 82]
1542739757042;[171, 0, 17, 255, 161, 74, 234, 45, 1, 0, 0, 199, 1, 0, 11, 1, 0, 151, 7, 133]
1542739757043;[171, 0, 17, 255, 161, 74, 234, 45, 1, 0, 0, 199, 1, 0, 11, 1, 0, 151, 7, 133]
1542739757045;[171, 0, 4, 255, 132, 128, 70]
1542739757048;[171, 0, 4, 255, 132, 128, 70]
1542739757207;[171, 0, 17, 255, 161, 74, 234, 45, 1, 0, 0, 198, 1, 0, 8, 1, 0, 151, 7, 136]
1542739757209;[171, 0, 17, 255, 161, 74, 234, 45, 1, 0, 0, 198, 1, 0, 8, 1, 0, 151, 7, 136]
1542739757211;[171, 0, 17, 255, 161, 74, 234, 45, 1, 0, 0, 196, 1, 0, 11, 1, 0, 152, 7, 109]
1542739757213;[171, 0, 17, 255, 161, 74, 234, 45, 1, 0, 0, 196, 1, 0, 11, 1, 0, 152, 7, 109]
1542739757380;[171, 0, 17, 255, 161, 74, 234, 45, 1, 0, 0, 198, 1, 0, 12, 1, 0, 151, 7, 92]
1542739757382;[171, 0, 17, 255, 161, 74, 234, 45, 1, 0, 0, 198, 1, 0, 12, 1, 0, 151, 7, 92]
1542739757391;[171, 0, 17, 255, 161, 74, 234, 45, 1, 0, 0, 197, 1, 0, 10, 1, 0, 154, 7, 57]
1542739757396;[171, 0, 17, 255, 161, 74, 234, 45, 1, 0, 0, 197, 1, 0, 10, 1, 0, 154, 7, 57]
1542739757553;[171, 0, 17, 255, 161, 74, 234, 45, 2, 0, 0, 200, 1, 0, 11, 1, 0, 153, 7, 32]
1542739757555;[171, 0, 17, 255, 161, 74, 234, 45, 2, 0, 0, 200, 1, 0, 11, 1, 0, 153, 7, 32]
1542739757726;[171, 0, 17, 255, 161, 74, 234, 45, 2, 0, 0, 198, 1, 0, 12, 1, 0, 153, 7, 8]
1542739757728;[171, 0, 17, 255, 161, 74, 234, 45, 2, 0, 0, 198, 1, 0, 12, 1, 0, 153, 7, 8]
1542739757730;[171, 0, 17, 255, 161, 74, 234, 45, 2, 0, 0, 198, 1, 0, 10, 1, 0, 152, 6, 245]
1542739757732;[171, 0, 17, 255, 161, 74, 234, 45, 2, 0, 0, 198, 1, 0, 10, 1, 0, 152, 6, 245]
1542739758071;[171, 0, 17, 255, 161, 74, 234, 45, 2, 0, 0, 200, 1, 0, 9, 1, 0, 153, 7, 47]
1542739758073;[171, 0, 17, 255, 161, 74, 234, 45, 2, 0, 0, 200, 1, 0, 9, 1, 0, 153, 7, 47]
1542739758076;[171, 0, 17, 255, 161, 74, 234, 45, 2, 0, 0, 196, 1, 0, 10, 1, 0, 153, 7, 84]
1542739758078;[171, 0, 17, 255, 161, 74, 234, 45, 2, 0, 0, 196, 1, 0, 10, 1, 0, 153, 7, 84]
1542739758081;[171, 0, 17, 255, 161, 74, 234, 45, 2, 0, 0, 197, 1, 0, 12, 1, 0, 150, 7, 83]
1542739758083;[171, 0, 17, 255, 161, 74, 234, 45, 2, 0, 0, 197, 1, 0, 12, 1, 0, 150, 7, 83]
1542739758243;[171, 0, 4, 255, 132, 128, 70]
1542739758245;[171, 0, 4, 255, 132, 128, 70]
1542739758248;[171, 0, 17, 255, 161, 74, 234, 45, 2, 0, 0, 197, 1, 0, 11, 1, 0, 152, 7, 77]
1542739758250;[171, 0, 17, 255, 161, 74, 234, 45, 2, 0, 0, 197, 1, 0, 11, 1, 0, 152, 7, 77]
1542739758414;[171, 0, 17, 255, 161, 74, 234, 45, 2, 0, 0, 197, 1, 0, 11, 1, 0, 153, 7, 71]
1542739758416;[171, 0, 17, 255, 161, 74, 234, 45, 2, 0, 0, 197, 1, 0, 11, 1, 0, 153, 7, 71]
1542739758419;[171, 0, 17, 255, 161, 74, 234, 45, 2, 0, 0, 199, 1, 0, 10, 1, 0, 152, 7, 48]
1542739758421;[171, 0, 17, 255, 161, 74, 234, 45, 2, 0, 0, 199, 1, 0, 10, 1, 0, 152, 7, 48]
1542739758586;[171, 0, 17, 255, 161, 74, 234, 45, 2, 0, 0, 199, 1, 0, 8, 1, 0, 154, 7, 33]
1542739758589;[171, 0, 17, 255, 161, 74, 234, 45, 2, 0, 0, 199, 1, 0, 8, 1, 0, 154, 7, 33]
1542739758591;[171, 0, 17, 255, 161, 74, 234, 45, 3, 0, 0, 198, 1, 0, 12, 1, 0, 153, 7, 22]
1542739758593;[171, 0, 17, 255, 161, 74, 234, 45, 3, 0, 0, 198, 1, 0, 12, 1, 0, 153, 7, 22]
1542739758761;[171, 0, 17, 255, 161, 74, 234, 45, 3, 0, 0, 198, 1, 0, 11, 1, 0, 153, 7, 86]
1542739758762;[171, 0, 17, 255, 161, 74, 234, 45, 3, 0, 0, 198, 1, 0, 11, 1, 0, 153, 7, 86]
1542739758932;[171, 0, 17, 255, 161, 74, 234, 45, 3, 0, 0, 196, 1, 0, 11, 1, 0, 153, 7, 126]
1542739758934;[171, 0, 17, 255, 161, 74, 234, 45, 3, 0, 0, 196, 1, 0, 11, 1, 0, 153, 7, 126]
1542739758936;[171, 0, 17, 255, 161, 74, 234, 45, 3, 0, 0, 197, 1, 0, 9, 1, 0, 152, 7, 109]
1542739758938;[171, 0, 17, 255, 161, 74, 234, 45, 3, 0, 0, 197, 1, 0, 9, 1, 0, 152, 7, 109]
1542739759278;[171, 0, 17, 255, 161, 74, 234, 45, 3, 0, 0, 199, 1, 0, 11, 1, 0, 153, 7, 94]
1542739759280;[171, 0, 17, 255, 161, 74, 234, 45, 3, 0, 0, 199, 1, 0, 11, 1, 0, 153, 7, 94]
1542739759282;[171, 0, 17, 255, 161, 74, 234, 45, 3, 0, 0, 198, 1, 0, 9, 1, 0, 153, 7, 72]
1542739759284;[171, 0, 17, 255, 161, 74, 234, 45, 3, 0, 0, 198, 1, 0, 9, 1, 0, 153, 7, 72]
1542739759286;[171, 0, 4, 255, 132, 128, 70]
1542739759289;[171, 0, 4, 255, 132, 128, 70]
1542739759291;[171, 0, 17, 255, 161, 74, 234, 45, 3, 0, 0, 197, 1, 0, 9, 1, 0, 151, 7, 45]
1542739759293;[171, 0, 17, 255, 161, 74, 234, 45, 3, 0, 0, 197, 1, 0, 9, 1, 0, 151, 7, 45]
1542739759625;[171, 0, 17, 255, 161, 74, 234, 45, 3, 0, 0, 197, 1, 0, 10, 1, 0, 151, 7, 3]
1542739759627;[171, 0, 17, 255, 161, 74, 234, 45, 3, 0, 0, 197, 1, 0, 10, 1, 0, 151, 7, 3]
1542739759631;[171, 0, 17, 255, 161, 74, 234, 45, 3, 0, 0, 200, 1, 0, 10, 1, 0, 152, 6, 226]
1542739759632;[171, 0, 17, 255, 161, 74, 234, 45, 3, 0, 0, 200, 1, 0, 10, 1, 0, 152, 6, 226]
1542739759635;[171, 0, 17, 255, 161, 74, 234, 45, 3, 0, 0, 198, 1, 0, 10, 1, 0, 152, 6, 242]
1542739759637;[171, 0, 17, 255, 161, 74, 234, 45, 3, 0, 0, 198, 1, 0, 10, 1, 0, 152, 6, 242]
1542739759794;[171, 0, 17, 255, 161, 74, 234, 45, 4, 0, 0, 197, 1, 0, 11, 1, 0, 152, 7, 48]
1542739759796;[171, 0, 17, 255, 161, 74, 234, 45, 4, 0, 0, 197, 1, 0, 11, 1, 0, 152, 7, 48]
1542739759967;[171, 0, 17, 255, 161, 74, 234, 45, 4, 0, 0, 198, 1, 0, 11, 1, 0, 152, 7, 58]
1542739759968;[171, 0, 17, 255, 161, 74, 234, 45, 4, 0, 0, 198, 1, 0, 11, 1, 0, 152, 7, 58]
1542739759971;[171, 0, 17, 255, 161, 74, 234, 45, 4, 0, 0, 200, 1, 0, 11, 1, 0, 153, 7, 40]
1542739759972;[171, 0, 17, 255, 161, 74, 234, 45, 4, 0, 0, 200, 1, 0, 11, 1, 0, 153, 7, 40]
1542739760141;[171, 0, 17, 255, 161, 74, 234, 45, 4, 0, 0, 199, 1, 0, 11, 1, 0, 151, 7, 13]
1542739760143;[171, 0, 17, 255, 161, 74, 234, 45, 4, 0, 0, 199, 1, 0, 11, 1, 0, 151, 7, 13]
1542739760145;[171, 0, 17, 255, 161, 74, 234, 45, 4, 0, 0, 197, 1, 0, 11, 1, 0, 151, 6, 241]
1542739760147;[171, 0, 17, 255, 161, 74, 234, 45, 4, 0, 0, 197, 1, 0, 11, 1, 0, 151, 6, 241]
1542739760312;[171, 0, 17, 255, 161, 74, 234, 45, 4, 0, 0, 197, 1, 0, 10, 1, 0, 152, 6, 215]
1542739760314;[171, 0, 17, 255, 161, 74, 234, 45, 4, 0, 0, 197, 1, 0, 10, 1, 0, 152, 6, 215]
1542739760316;[171, 0, 4, 255, 132, 128, 70]
1542739760319;[171, 0, 4, 255, 132, 128, 70]
1542739762397;[171, 0, 17, 255, 161, 74, 234, 45, 4, 0, 0, 200, 1, 0, 11, 1, 0, 151, 6, 191]
1542739762398;[171, 0, 17, 255, 161, 74, 234, 45, 4, 0, 0, 200, 1, 0, 11, 1, 0, 151, 6, 191]
1542739762400;[171, 0, 17, 255, 161, 74, 234, 45, 4, 0, 0, 199, 1, 0, 11, 1, 0, 151, 6, 159]
1542739762402;[171, 0, 17, 255, 161, 74, 234, 45, 4, 0, 0, 199, 1, 0, 11, 1, 0, 151, 6, 159]
1542739762404;[171, 0, 17, 255, 161, 74, 234, 45, 4, 0, 0, 196, 1, 0, 10, 1, 0, 151, 6, 150]
1542739762406;[171, 0, 17, 255, 161, 74, 234, 45, 4, 0, 0, 196, 1, 0, 10, 1, 0, 151, 6, 150]
1542739762407;[171, 0, 17, 255, 161, 74, 234, 45, 4, 0, 0, 197, 1, 0, 11, 1, 0, 151, 6, 219]
1542739762409;[171, 0, 17, 255, 161, 74, 234, 45, 4, 0, 0, 197, 1, 0, 11, 1, 0, 151, 6, 219]
1542739762411;[171, 0, 17, 255, 161, 74, 234, 45, 5, 0, 0, 195, 1, 0, 11, 1, 0, 152, 7, 4]
1542739762413;[171, 0, 17, 255, 161, 74, 234, 45, 5, 0, 0, 195, 1, 0, 11, 1, 0, 152, 7, 4]
1542739762414;[171, 0, 17, 255, 161, 74, 234, 45, 5, 0, 0, 198, 1, 0, 11, 1, 0, 153, 6, 252]
1542739762416;[171, 0, 17, 255, 161, 74, 234, 45, 5, 0, 0, 198, 1, 0, 11, 1, 0, 153, 6, 252]
1542739762418;[171, 0, 17, 255, 161, 74, 234, 45, 5, 0, 0, 197, 1, 0, 11, 1, 0, 153, 6, 240]
1542739762420;[171, 0, 17, 255, 161, 74, 234, 45, 5, 0, 0, 197, 1, 0, 11, 1, 0, 153, 6, 240]
1542739762428;[171, 0, 17, 255, 161, 74, 234, 45, 5, 0, 0, 197, 1, 0, 10, 1, 0, 153, 6, 231]
1542739762430;[171, 0, 17, 255, 161, 74, 234, 45, 5, 0, 0, 197, 1, 0, 10, 1, 0, 153, 6, 231]
1542739762431;[171, 0, 17, 255, 161, 74, 234, 45, 5, 0, 0, 196, 1, 0, 11, 1, 0, 152, 6, 216]
1542739762433;[171, 0, 17, 255, 161, 74, 234, 45, 5, 0, 0, 196, 1, 0, 11, 1, 0, 152, 6, 216]
1542739762435;[171, 0, 17, 255, 161, 74, 234, 45, 5, 0, 0, 198, 1, 0, 9, 1, 0, 151, 6, 187]
1542739762437;[171, 0, 17, 255, 161, 74, 234, 45, 5, 0, 0, 198, 1, 0, 9, 1, 0, 151, 6, 187]
1542739762447;[171, 0, 4, 255, 132, 128, 70]
1542739762450;[171, 0, 4, 255, 132, 128, 70]
1542739762452;[171, 0, 17, 255, 161, 74, 234, 45, 5, 0, 0, 200, 1, 0, 11, 1, 0, 153, 6, 168]
1542739762454;[171, 0, 17, 255, 161, 74, 234, 45, 5, 0, 0, 200, 1, 0, 11, 1, 0, 153, 6, 168]
1542739762464;[171, 0, 17, 255, 161, 74, 234, 45, 5, 0, 0, 199, 1, 0, 9, 1, 0, 152, 6, 149]
1542739762466;[171, 0, 17, 255, 161, 74, 234, 45, 5, 0, 0, 199, 1, 0, 9, 1, 0, 152, 6, 149]
1542739762467;[171, 0, 17, 255, 161, 74, 234, 45, 5, 0, 0, 201, 1, 0, 11, 1, 0, 152, 6, 217]
1542739762469;[171, 0, 17, 255, 161, 74, 234, 45, 5, 0, 0, 201, 1, 0, 11, 1, 0, 152, 6, 217]
1542739762470;[171, 0, 17, 255, 161, 74, 234, 45, 5, 0, 0, 200, 1, 0, 8, 1, 0, 150, 7, 27]
1542739762472;[171, 0, 17, 255, 161, 74, 234, 45, 5, 0, 0, 200, 1, 0, 8, 1, 0, 150, 7, 27]
1542739762474;[171, 0, 17, 255, 161, 74, 234, 45, 6, 0, 0, 198, 1, 0, 10, 1, 0, 154, 7, 25]
1542739762475;[171, 0, 17, 255, 161, 74, 234, 45, 6, 0, 0, 198, 1, 0, 10, 1, 0, 154, 7, 25]
1542739762477;[171, 0, 17, 255, 161, 74, 234, 45, 6, 0, 0, 199, 1, 0, 9, 1, 0, 152, 7, 23]
1542739762478;[171, 0, 17, 255, 161, 74, 234, 45, 6, 0, 0, 199, 1, 0, 9, 1, 0, 152, 7, 23]
1542739762480;[171, 0, 17, 255, 161, 74, 234, 45, 6, 0, 0, 199, 1, 0, 9, 1, 0, 151, 7, 34]
1542739762481;[171, 0, 17, 255, 161, 74, 234, 45, 6, 0, 0, 199, 1, 0, 9, 1, 0, 151, 7, 34]
1542739762482;[171, 0, 17, 255, 161, 74, 234, 45, 6, 0, 0, 198, 1, 0, 10, 1, 0, 152, 7, 31]
1542739762484;[171, 0, 17, 255, 161, 74, 234, 45, 6, 0, 0, 198, 1, 0, 10, 1, 0, 152, 7, 31]
1542739762490;[171, 0, 17, 255, 161, 74, 234, 45, 6, 0, 0, 199, 1, 0, 9, 1, 0, 151, 7, 28]
1542739762491;[171, 0, 17, 255, 161, 74, 234, 45, 6, 0, 0, 199, 1, 0, 9, 1, 0, 151, 7, 28]
1542739762555;[171, 0, 17, 255, 161, 74, 234, 45, 8, 0, 0, 199, 1, 0, 11, 1, 0, 152, 6, 181]
1542739762556;[171, 0, 17, 255, 161, 74, 234, 45, 8, 0, 0, 199, 1, 0, 11, 1, 0, 152, 6, 181]
1542739762727;[171, 0, 17, 255, 161, 74, 234, 45, 8, 0, 0, 197, 1, 0, 12, 1, 0, 153, 6, 142]
1542739762729;[171, 0, 17, 255, 161, 74, 234, 45, 8, 0, 0, 197, 1, 0, 12, 1, 0, 153, 6, 142]
1542739762731;[171, 0, 17, 255, 161, 74, 234, 45, 8, 0, 0, 199, 1, 0, 11, 1, 0, 151, 6, 100]
1542739762733;[171, 0, 17, 255, 161, 74, 234, 45, 8, 0, 0, 199, 1, 0, 11, 1, 0, 151, 6, 100]
1542739763072;[171, 0, 17, 255, 161, 74, 234, 45, 8, 0, 0, 198, 1, 0, 11, 1, 0, 153, 6, 59]
1542739763074;[171, 0, 17, 255, 161, 74, 234, 45, 8, 0, 0, 198, 1, 0, 11, 1, 0, 153, 6, 59]
1542739763077;[171, 0, 17, 255, 161, 74, 234, 45, 9, 0, 0, 198, 1, 0, 10, 1, 0, 153, 6, 17]
1542739763078;[171, 0, 17, 255, 161, 74, 234, 45, 9, 0, 0, 198, 1, 0, 10, 1, 0, 153, 6, 17]
1542739763419;[171, 0, 17, 255, 161, 74, 234, 45, 9, 0, 0, 197, 1, 0, 11, 1, 0, 152, 5, 233]
1542739763421;[171, 0, 17, 255, 161, 74, 234, 45, 9, 0, 0, 197, 1, 0, 11, 1, 0, 152, 5, 233]
1542739763423;[171, 0, 17, 255, 161, 74, 234, 45, 9, 0, 0, 200, 1, 0, 12, 1, 0, 154, 5, 191]
1542739763425;[171, 0, 17, 255, 161, 74, 234, 45, 9, 0, 0, 200, 1, 0, 12, 1, 0, 154, 5, 191]
1542739763428;[171, 0, 17, 255, 161, 74, 234, 45, 9, 0, 0, 196, 1, 0, 10, 1, 0, 151, 5, 178]
1542739763430;[171, 0, 17, 255, 161, 74, 234, 45, 9, 0, 0, 196, 1, 0, 10, 1, 0, 151, 5, 178]
1542739763432;[171, 0, 17, 255, 161, 74, 234, 45, 9, 0, 0, 197, 1, 0, 11, 1, 0, 152, 5, 195]
1542739763434;[171, 0, 17, 255, 161, 74, 234, 45, 9, 0, 0, 197, 1, 0, 11, 1, 0, 152, 5, 195]
1542739763590;[171, 0, 17, 255, 161, 74, 234, 45, 9, 0, 0, 200, 1, 0, 10, 1, 0, 152, 5, 181]
1542739763592;[171, 0, 17, 255, 161, 74, 234, 45, 9, 0, 0, 200, 1, 0, 10, 1, 0, 152, 5, 181]
1542739763595;[171, 0, 4, 255, 132, 128, 70]
1542739763597;[171, 0, 4, 255, 132, 128, 70]
1542739763761;[171, 0, 17, 255, 161, 74, 234, 45, 9, 0, 0, 197, 1, 0, 10, 1, 0, 152, 5, 170]
1542739763763;[171, 0, 17, 255, 161, 74, 234, 45, 9, 0, 0, 197, 1, 0, 10, 1, 0, 152, 5, 170]
1542739763934;[171, 0, 17, 255, 161, 74, 234, 45, 9, 0, 0, 198, 1, 0, 10, 1, 0, 151, 5, 152]
1542739763936;[171, 0, 17, 255, 161, 74, 234, 45, 9, 0, 0, 198, 1, 0, 10, 1, 0, 151, 5, 152]
1542739763938;[171, 0, 17, 255, 161, 74, 234, 45, 9, 0, 0, 198, 1, 0, 10, 1, 0, 151, 5, 129]
1542739763939;[171, 0, 17, 255, 161, 74, 234, 45, 9, 0, 0, 198, 1, 0, 10, 1, 0, 151, 5, 129]
1542739764106;[171, 0, 17, 255, 161, 74, 234, 45, 9, 0, 0, 197, 1, 0, 10, 1, 0, 151, 5, 116]
1542739764108;[171, 0, 17, 255, 161, 74, 234, 45, 9, 0, 0, 197, 1, 0, 10, 1, 0, 151, 5, 116]
1542739764455;[171, 0, 17, 255, 161, 74, 234, 45, 10, 0, 0, 198, 1, 0, 9, 1, 0, 153, 5, 100]
1542739764457;[171, 0, 17, 255, 161, 74, 234, 45, 10, 0, 0, 198, 1, 0, 9, 1, 0, 153, 5, 100]
1542739764460;[171, 0, 17, 255, 161, 74, 234, 45, 10, 0, 0, 202, 1, 0, 8, 1, 0, 152, 5, 119]
1542739764462;[171, 0, 17, 255, 161, 74, 234, 45, 10, 0, 0, 202, 1, 0, 8, 1, 0, 152, 5, 119]
1542739764464;[171, 0, 17, 255, 161, 74, 234, 45, 10, 0, 0, 196, 1, 0, 13, 1, 0, 153, 5, 136]
1542739764466;[171, 0, 17, 255, 161, 74, 234, 45, 10, 0, 0, 196, 1, 0, 13, 1, 0, 153, 5, 136]
1542739764468;[171, 0, 17, 255, 161, 74, 234, 45, 10, 0, 0, 199, 1, 0, 10, 1, 0, 152, 5, 116]
1542739764470;[171, 0, 17, 255, 161, 74, 234, 45, 10, 0, 0, 199, 1, 0, 10, 1, 0, 152, 5, 116]
1542739764624;[171, 0, 17, 255, 161, 74, 234, 45, 10, 0, 0, 199, 1, 0, 11, 1, 0, 151, 5, 107]
1542739764626;[171, 0, 17, 255, 161, 74, 234, 45, 10, 0, 0, 199, 1, 0, 11, 1, 0, 151, 5, 107]
1542739764628;[171, 0, 17, 255, 161, 74, 234, 45, 10, 0, 0, 198, 1, 0, 12, 1, 0, 152, 5, 99]
1542739764630;[171, 0, 17, 255, 161, 74, 234, 45, 10, 0, 0, 198, 1, 0, 12, 1, 0, 152, 5, 99]
1542739764797;[171, 0, 4, 255, 132, 128, 69]
1542739764799;[171, 0, 4, 255, 132, 128, 69]
1542739764802;[171, 0, 17, 255, 161, 74, 234, 45, 10, 0, 0, 197, 1, 0, 9, 1, 0, 154, 5, 80]
1542739764803;[171, 0, 17, 255, 161, 74, 234, 45, 10, 0, 0, 197, 1, 0, 9, 1, 0, 154, 5, 80]
1542739764969;[171, 0, 17, 255, 161, 74, 234, 45, 10, 0, 0, 196, 1, 0, 11, 1, 0, 153, 5, 53]
1542739764971;[171, 0, 17, 255, 161, 74, 234, 45, 10, 0, 0, 196, 1, 0, 11, 1, 0, 153, 5, 53]
1542739765142;[171, 0, 17, 255, 161, 74, 234, 45, 10, 0, 0, 197, 1, 0, 10, 1, 0, 151, 5, 35]
1542739765143;[171, 0, 17, 255, 161, 74, 234, 45, 10, 0, 0, 197, 1, 0, 10, 1, 0, 151, 5, 35]
1542739765146;[171, 0, 17, 255, 161, 74, 234, 45, 10, 0, 0, 198, 1, 0, 12, 1, 0, 153, 5, 26]
1542739765147;[171, 0, 17, 255, 161, 74, 234, 45, 10, 0, 0, 198, 1, 0, 12, 1, 0, 153, 5, 26]
1542739765333;[171, 0, 17, 255, 161, 74, 234, 45, 11, 0, 0, 199, 1, 0, 10, 1, 0, 152, 5, 45]
1542739765335;[171, 0, 17, 255, 161, 74, 234, 45, 11, 0, 0, 199, 1, 0, 10, 1, 0, 152, 5, 45]
1542739765340;[171, 0, 17, 255, 161, 74, 234, 45, 11, 0, 0, 198, 1, 0, 11, 1, 0, 152, 5, 38]
1542739765342;[171, 0, 17, 255, 161, 74, 234, 45, 11, 0, 0, 198, 1, 0, 11, 1, 0, 152, 5, 38]
1542739765660;[171, 0, 17, 255, 161, 74, 234, 45, 11, 0, 0, 200, 1, 0, 10, 1, 0, 150, 5, 19]
1542739765662;[171, 0, 17, 255, 161, 74, 234, 45, 11, 0, 0, 200, 1, 0, 10, 1, 0, 150, 5, 19]
1542739765665;[171, 0, 17, 255, 161, 74, 234, 45, 11, 0, 0, 197, 1, 0, 11, 1, 0, 153, 5, 4]
1542739765666;[171, 0, 17, 255, 161, 74, 234, 45, 11, 0, 0, 197, 1, 0, 11, 1, 0, 153, 5, 4]
1542739765669;[171, 0, 17, 255, 161, 74, 234, 45, 11, 0, 0, 198, 1, 0, 12, 1, 0, 151, 4, 233]
1542739765671;[171, 0, 17, 255, 161, 74, 234, 45, 11, 0, 0, 198, 1, 0, 12, 1, 0, 151, 4, 233]
1542739766007;[171, 0, 17, 255, 161, 74, 234, 45, 11, 0, 0, 200, 1, 0, 11, 1, 0, 153, 4, 198]
1542739766010;[171, 0, 17, 255, 161, 74, 234, 45, 11, 0, 0, 200, 1, 0, 11, 1, 0, 153, 4, 198]
1542739766012;[171, 0, 4, 255, 132, 128, 69]
1542739766016;[171, 0, 4, 255, 132, 128, 69]
1542739766018;[171, 0, 17, 255, 161, 74, 234, 45, 11, 0, 0, 197, 1, 0, 10, 1, 0, 153, 4, 172]
1542739766020;[171, 0, 17, 255, 161, 74, 234, 45, 11, 0, 0, 197, 1, 0, 10, 1, 0, 153, 4, 172]
1542739766022;[171, 0, 17, 255, 161, 74, 234, 45, 11, 0, 0, 200, 1, 0, 11, 1, 0, 151, 4, 157]
1542739766024;[171, 0, 17, 255, 161, 74, 234, 45, 11, 0, 0, 200, 1, 0, 11, 1, 0, 151, 4, 157]
1542739766184;[171, 0, 17, 255, 161, 74, 234, 45, 11, 0, 0, 199, 1, 0, 9, 1, 0, 151, 4, 137]
1542739766186;[171, 0, 17, 255, 161, 74, 234, 45, 11, 0, 0, 199, 1, 0, 9, 1, 0, 151, 4, 137]
1542739766187;[171, 0, 17, 255, 161, 74, 234, 45, 11, 0, 0, 199, 1, 0, 10, 1, 0, 152, 4, 147]
1542739766189;[171, 0, 17, 255, 161, 74, 234, 45, 11, 0, 0, 199, 1, 0, 10, 1, 0, 152, 4, 147]
1542739766351;[171, 0, 17, 255, 161, 74, 234, 45, 12, 0, 0, 196, 1, 0, 10, 1, 0, 153, 4, 131]
1542739766352;[171, 0, 17, 255, 161, 74, 234, 45, 12, 0, 0, 196, 1, 0, 10, 1, 0, 153, 4, 131]
1542739766522;[171, 0, 17, 255, 161, 74, 234, 45, 12, 0, 0, 198, 1, 0, 10, 1, 0, 151, 4, 100]
1542739766524;[171, 0, 17, 255, 161, 74, 234, 45, 12, 0, 0, 198, 1, 0, 10, 1, 0, 151, 4, 100]
1542739766526;[171, 0, 17, 255, 161, 74, 234, 45, 12, 0, 0, 198, 1, 0, 10, 1, 0, 151, 4, 90]
1542739766527;[171, 0, 17, 255, 161, 74, 234, 45, 12, 0, 0, 198, 1, 0, 10, 1, 0, 151, 4, 90]
1542739766694;[171, 0, 17, 255, 161, 74, 234, 45, 12, 0, 0, 198, 1, 0, 8, 1, 0, 151, 4, 89]
1542739766696;[171, 0, 17, 255, 161, 74, 234, 45, 12, 0, 0, 198, 1, 0, 8, 1, 0, 151, 4, 89]
1542739766699;[171, 0, 17, 255, 161, 74, 234, 45, 12, 0, 0, 199, 1, 0, 10, 1, 0, 151, 4, 83]
1542739766700;[171, 0, 17, 255, 161, 74, 234, 45, 12, 0, 0, 199, 1, 0, 10, 1, 0, 151, 4, 83]
1542739767039;[171, 0, 17, 255, 161, 74, 234, 45, 12, 0, 0, 198, 1, 0, 11, 1, 0, 153, 4, 79]
1542739767041;[171, 0, 17, 255, 161, 74, 234, 45, 12, 0, 0, 198, 1, 0, 11, 1, 0, 153, 4, 79]
1542739767213;[171, 0, 4, 255, 132, 128, 69]
1542739767214;[171, 0, 4, 255, 132, 128, 69]
1542739767216;[171, 0, 17, 255, 161, 74, 234, 45, 12, 0, 0, 198, 1, 0, 10, 1, 0, 152, 4, 82]
1542739767218;[171, 0, 17, 255, 161, 74, 234, 45, 12, 0, 0, 198, 1, 0, 10, 1, 0, 152, 4, 82]
1542739767220;[171, 0, 17, 255, 161, 74, 234, 45, 12, 0, 0, 198, 1, 0, 10, 1, 0, 152, 4, 95]
1542739767221;[171, 0, 17, 255, 161, 74, 234, 45, 12, 0, 0, 198, 1, 0, 10, 1, 0, 152, 4, 95]
1542739767223;[171, 0, 17, 255, 161, 74, 234, 45, 12, 0, 0, 197, 1, 0, 11, 1, 0, 152, 4, 105]
1542739767225;[171, 0, 17, 255, 161, 74, 234, 45, 12, 0, 0, 197, 1, 0, 11, 1, 0, 152, 4, 105]
1542739767385;[171, 0, 17, 255, 161, 74, 234, 45, 12, 0, 0, 198, 1, 0, 10, 1, 0, 152, 4, 82]
1542739767387;[171, 0, 17, 255, 161, 74, 234, 45, 12, 0, 0, 198, 1, 0, 10, 1, 0, 152, 4, 82]
1542739767391;[171, 0, 17, 255, 161, 74, 234, 45, 13, 0, 0, 198, 1, 0, 10, 1, 0, 152, 4, 73]
1542739767393;[171, 0, 17, 255, 161, 74, 234, 45, 13, 0, 0, 198, 1, 0, 10, 1, 0, 152, 4, 73]
1542739767557;[171, 0, 17, 255, 161, 74, 234, 45, 13, 0, 0, 199, 1, 0, 10, 1, 0, 152, 4, 55]
1542739767562;[171, 0, 17, 255, 161, 74, 234, 45, 13, 0, 0, 199, 1, 0, 10, 1, 0, 152, 4, 55]
1542739767730;[171, 0, 17, 255, 161, 74, 234, 45, 13, 0, 0, 195, 1, 0, 10, 1, 0, 150, 4, 32]
1542739767733;[171, 0, 17, 255, 161, 74, 234, 45, 13, 0, 0, 195, 1, 0, 10, 1, 0, 150, 4, 32]
1542739767735;[171, 0, 17, 255, 161, 74, 234, 45, 13, 0, 0, 200, 1, 0, 10, 1, 0, 153, 4, 5]
1542739767736;[171, 0, 17, 255, 161, 74, 234, 45, 13, 0, 0, 200, 1, 0, 10, 1, 0, 153, 4, 5]
1542739767902;[171, 0, 17, 255, 161, 74, 234, 45, 13, 0, 0, 198, 1, 0, 10, 1, 0, 151, 3, 235]
1542739767904;[171, 0, 17, 255, 161, 74, 234, 45, 13, 0, 0, 198, 1, 0, 10, 1, 0, 151, 3, 235]
1542739767907;[171, 0, 17, 255, 161, 74, 234, 45, 13, 0, 0, 198, 1, 0, 11, 1, 0, 152, 3, 226]
1542739767908;[171, 0, 17, 255, 161, 74, 234, 45, 13, 0, 0, 198, 1, 0, 11, 1, 0, 152, 3, 226]
1542739768250;[171, 0, 4, 255, 132, 128, 69]
1542739768252;[171, 0, 4, 255, 132, 128, 69]
1542739768255;[171, 0, 17, 255, 161, 74, 234, 45, 13, 0, 0, 198, 1, 0, 10, 1, 0, 153, 3, 227]
1542739768257;[171, 0, 17, 255, 161, 74, 234, 45, 13, 0, 0, 198, 1, 0, 10, 1, 0, 153, 3, 227]
1542739768259;[171, 0, 17, 255, 161, 74, 234, 45, 13, 0, 0, 197, 1, 0, 10, 1, 0, 153, 3, 207]
1542739768261;[171, 0, 17, 255, 161, 74, 234, 45, 13, 0, 0, 197, 1, 0, 10, 1, 0, 153, 3, 207]
1542739768419;[171, 0, 17, 255, 161, 74, 234, 45, 13, 0, 0, 197, 1, 0, 10, 1, 0, 153, 3, 188]
1542739768421;[171, 0, 17, 255, 161, 74, 234, 45, 13, 0, 0, 197, 1, 0, 10, 1, 0, 153, 3, 188]
1542739768423;[171, 0, 17, 255, 161, 74, 234, 45, 13, 0, 0, 199, 1, 0, 10, 1, 0, 150, 3, 180]
1542739768425;[171, 0, 17, 255, 161, 74, 234, 45, 13, 0, 0, 199, 1, 0, 10, 1, 0, 150, 3, 180]
1542739768591;[171, 0, 17, 255, 161, 74, 234, 45, 14, 0, 0, 199, 1, 0, 12, 1, 0, 152, 3, 150]
1542739768593;[171, 0, 17, 255, 161, 74, 234, 45, 14, 0, 0, 199, 1, 0, 12, 1, 0, 152, 3, 150]
1542739768596;[171, 0, 17, 255, 161, 74, 234, 45, 14, 0, 0, 199, 1, 0, 10, 1, 0, 151, 3, 125]
1542739768598;[171, 0, 17, 255, 161, 74, 234, 45, 14, 0, 0, 199, 1, 0, 10, 1, 0, 151, 3, 125]
1542739768765;[171, 0, 17, 255, 161, 74, 234, 45, 14, 0, 0, 197, 1, 0, 12, 1, 0, 153, 3, 96]
1542739768766;[171, 0, 17, 255, 161, 74, 234, 45, 14, 0, 0, 197, 1, 0, 12, 1, 0, 153, 3, 96]
1542739768937;[171, 0, 17, 255, 161, 74, 234, 45, 14, 0, 0, 199, 1, 0, 10, 1, 0, 152, 3, 71]
1542739768939;[171, 0, 17, 255, 161, 74, 234, 45, 14, 0, 0, 199, 1, 0, 10, 1, 0, 152, 3, 71]
1542739768942;[171, 0, 17, 255, 161, 74, 234, 45, 14, 0, 0, 199, 1, 0, 10, 1, 0, 152, 3, 39]
1542739768944;[171, 0, 17, 255, 161, 74, 234, 45, 14, 0, 0, 199, 1, 0, 10, 1, 0, 152, 3, 39]
1542739769110;[171, 0, 17, 255, 161, 74, 234, 45, 14, 0, 0, 197, 1, 0, 10, 1, 0, 153, 3, 18]
1542739769112;[171, 0, 17, 255, 161, 74, 234, 45, 14, 0, 0, 197, 1, 0, 10, 1, 0, 153, 3, 18]
1542739769114;[171, 0, 4, 255, 132, 128, 69]
1542739769117;[171, 0, 4, 255, 132, 128, 69]
1542739769627;[171, 0, 17, 255, 161, 74, 234, 45, 14, 0, 0, 197, 1, 0, 13, 1, 0, 152, 3, 27]
1542739769629;[171, 0, 17, 255, 161, 74, 234, 45, 14, 0, 0, 197, 1, 0, 13, 1, 0, 152, 3, 27]
1542739769631;[171, 0, 17, 255, 161, 74, 234, 45, 14, 0, 0, 200, 1, 0, 11, 1, 0, 153, 3, 27]
1542739769633;[171, 0, 17, 255, 161, 74, 234, 45, 14, 0, 0, 200, 1, 0, 11, 1, 0, 153, 3, 27]
1542739769800;[171, 0, 17, 255, 161, 74, 234, 45, 14, 0, 0, 198, 1, 0, 10, 1, 0, 150, 3, 15]
1542739769802;[171, 0, 17, 255, 161, 74, 234, 45, 14, 0, 0, 198, 1, 0, 10, 1, 0, 150, 3, 15]
1542739769805;[171, 0, 17, 255, 161, 74, 234, 45, 14, 0, 0, 197, 1, 0, 10, 1, 0, 152, 3, 2]
1542739769807;[171, 0, 17, 255, 161, 74, 234, 45, 14, 0, 0, 197, 1, 0, 10, 1, 0, 152, 3, 2]
1542739769809;[171, 0, 17, 255, 161, 74, 234, 45, 15, 0, 0, 197, 1, 0, 11, 1, 0, 152, 2, 253]
1542739769811;[171, 0, 17, 255, 161, 74, 234, 45, 15, 0, 0, 197, 1, 0, 11, 1, 0, 152, 2, 253]
1542739769812;[171, 0, 17, 255, 161, 74, 234, 45, 15, 0, 0, 197, 1, 0, 10, 1, 0, 153, 3, 8]
1542739769814;[171, 0, 17, 255, 161, 74, 234, 45, 15, 0, 0, 197, 1, 0, 10, 1, 0, 153, 3, 8]
1542739769971;[171, 0, 17, 255, 161, 74, 234, 45, 15, 0, 0, 198, 1, 0, 11, 1, 0, 152, 3, 13]
1542739769973;[171, 0, 17, 255, 161, 74, 234, 45, 15, 0, 0, 198, 1, 0, 11, 1, 0, 152, 3, 13]
1542739769976;[171, 0, 17, 255, 161, 74, 234, 45, 15, 0, 0, 197, 1, 0, 9, 1, 0, 154, 3, 18]
1542739769978;[171, 0, 17, 255, 161, 74, 234, 45, 15, 0, 0, 197, 1, 0, 9, 1, 0, 154, 3, 18]
1542739770144;[171, 0, 17, 255, 161, 74, 234, 45, 15, 0, 0, 199, 1, 0, 11, 1, 0, 154, 3, 31]
1542739770146;[171, 0, 17, 255, 161, 74, 234, 45, 15, 0, 0, 199, 1, 0, 11, 1, 0, 154, 3, 31]
1542739770148;[171, 0, 17, 255, 161, 74, 234, 45, 15, 0, 0, 199, 1, 0, 12, 1, 0, 152, 3, 33]
1542739770150;[171, 0, 17, 255, 161, 74, 234, 45, 15, 0, 0, 199, 1, 0, 12, 1, 0, 152, 3, 33]
1542739770317;[171, 0, 4, 255, 132, 128, 69]
1542739770319;[171, 0, 4, 255, 132, 128, 69]
1542739770322;[171, 0, 17, 255, 161, 74, 234, 45, 15, 0, 0, 197, 1, 0, 10, 1, 0, 153, 3, 97]
1542739770323;[171, 0, 17, 255, 161, 74, 234, 45, 15, 0, 0, 197, 1, 0, 10, 1, 0, 153, 3, 97]
1542739770489;[171, 0, 17, 255, 161, 74, 234, 45, 15, 0, 0, 198, 1, 0, 10, 1, 0, 154, 3, 120]
1542739770491;[171, 0, 17, 255, 161, 74, 234, 45, 15, 0, 0, 198, 1, 0, 10, 1, 0, 154, 3, 120]
1542739770493;[171, 0, 17, 255, 161, 74, 234, 45, 15, 0, 0, 199, 1, 0, 11, 1, 0, 154, 3, 136]
1542739770495;[171, 0, 17, 255, 161, 74, 234, 45, 15, 0, 0, 199, 1, 0, 11, 1, 0, 154, 3, 136]
1542739770838;[171, 0, 17, 255, 161, 74, 234, 45, 15, 0, 0, 198, 1, 0, 11, 1, 0, 152, 3, 157]
1542739770840;[171, 0, 17, 255, 161, 74, 234, 45, 15, 0, 0, 198, 1, 0, 11, 1, 0, 152, 3, 157]
1542739770842;[171, 0, 17, 255, 161, 74, 234, 45, 16, 0, 0, 199, 1, 0, 10, 1, 0, 153, 3, 168]
1542739770844;[171, 0, 17, 255, 161, 74, 234, 45, 16, 0, 0, 199, 1, 0, 10, 1, 0, 153, 3, 168]
1542739770846;[171, 0, 17, 255, 161, 74, 234, 45, 16, 0, 0, 195, 1, 0, 11, 1, 0, 152, 3, 159]
1542739770848;[171, 0, 17, 255, 161, 74, 234, 45, 16, 0, 0, 195, 1, 0, 11, 1, 0, 152, 3, 159]
1542739771007;[171, 0, 17, 255, 161, 74, 234, 45, 16, 0, 0, 196, 1, 0, 10, 1, 0, 153, 3, 161]
1542739771009;[171, 0, 17, 255, 161, 74, 234, 45, 16, 0, 0, 196, 1, 0, 10, 1, 0, 153, 3, 161]
1542739771011;[171, 0, 17, 255, 161, 74, 234, 45, 16, 0, 0, 199, 1, 0, 9, 1, 0, 154, 3, 154]
1542739771013;[171, 0, 17, 255, 161, 74, 234, 45, 16, 0, 0, 199, 1, 0, 9, 1, 0, 154, 3, 154]
1542739771180;[171, 0, 17, 255, 161, 74, 234, 45, 16, 0, 0, 197, 1, 0, 10, 1, 0, 153, 3, 158]
1542739771182;[171, 0, 17, 255, 161, 74, 234, 45, 16, 0, 0, 197, 1, 0, 10, 1, 0, 153, 3, 158]
1542739771185;[171, 0, 17, 255, 161, 74, 234, 45, 16, 0, 0, 202, 1, 0, 11, 1, 0, 153, 3, 182]
1542739771186;[171, 0, 17, 255, 161, 74, 234, 45, 16, 0, 0, 202, 1, 0, 11, 1, 0, 153, 3, 182]
1542739771525;[171, 0, 4, 255, 132, 128, 69]
1542739771528;[171, 0, 4, 255, 132, 128, 69]
1542739771531;[171, 0, 17, 255, 161, 74, 234, 45, 16, 0, 0, 199, 1, 0, 10, 1, 0, 153, 4, 7]
1542739771533;[171, 0, 17, 255, 161, 74, 234, 45, 16, 0, 0, 199, 1, 0, 10, 1, 0, 153, 4, 7]
1542739771535;[171, 0, 17, 255, 161, 74, 234, 45, 16, 0, 0, 195, 1, 0, 9, 1, 0, 152, 4, 42]
1542739771536;[171, 0, 17, 255, 161, 74, 234, 45, 16, 0, 0, 195, 1, 0, 9, 1, 0, 152, 4, 42]
1542739771698;[171, 0, 17, 255, 161, 74, 234, 45, 16, 0, 0, 197, 1, 0, 8, 1, 0, 152, 4, 52]
1542739771700;[171, 0, 17, 255, 161, 74, 234, 45, 16, 0, 0, 197, 1, 0, 8, 1, 0, 152, 4, 52]
1542739771702;[171, 0, 17, 255, 161, 74, 234, 45, 16, 0, 0, 198, 1, 0, 8, 1, 0, 152, 4, 63]
1542739771703;[171, 0, 17, 255, 161, 74, 234, 45, 16, 0, 0, 198, 1, 0, 8, 1, 0, 152, 4, 63]
1542739772044;[171, 0, 17, 255, 161, 74, 234, 45, 17, 0, 0, 198, 1, 0, 11, 1, 0, 152, 4, 59]
1542739772046;[171, 0, 17, 255, 161, 74, 234, 45, 17, 0, 0, 198, 1, 0, 11, 1, 0, 152, 4, 59]
1542739772049;[171, 0, 17, 255, 161, 74, 234, 45, 17, 0, 0, 195, 1, 0, 12, 1, 0, 150, 4, 53]
1542739772051;[171, 0, 17, 255, 161, 74, 234, 45, 17, 0, 0, 195, 1, 0, 12, 1, 0, 150, 4, 53]
1542739772053;[171, 0, 17, 255, 161, 74, 234, 45, 17, 0, 0, 199, 1, 0, 12, 1, 0, 152, 4, 40]
1542739772055;[171, 0, 17, 255, 161, 74, 234, 45, 17, 0, 0, 199, 1, 0, 12, 1, 0, 152, 4, 40]
1542739772407;[171, 0, 17, 255, 161, 74, 234, 45, 17, 0, 0, 199, 1, 0, 8, 1, 0, 152, 4, 27]
1542739772408;[171, 0, 17, 255, 161, 74, 234, 45, 17, 0, 0, 199, 1, 0, 8, 1, 0, 152, 4, 27]
1542739772410;[171, 0, 17, 255, 161, 74, 234, 45, 17, 0, 0, 199, 1, 0, 10, 1, 0, 152, 3, 254]
1542739772411;[171, 0, 17, 255, 161, 74, 234, 45, 17, 0, 0, 199, 1, 0, 10, 1, 0, 152, 3, 254]
1542739772413;[171, 0, 17, 255, 161, 74, 234, 45, 17, 0, 0, 198, 1, 0, 11, 1, 0, 151, 4, 35]
1542739772414;[171, 0, 17, 255, 161, 74, 234, 45, 17, 0, 0, 198, 1, 0, 11, 1, 0, 151, 4, 35]
1542739772415;[171, 0, 4, 255, 132, 128, 69]
1542739772417;[171, 0, 4, 255, 132, 128, 69]
1542739772560;[171, 0, 17, 255, 161, 74, 234, 45, 17, 0, 0, 196, 1, 0, 10, 1, 0, 153, 4, 117]
1542739772562;[171, 0, 17, 255, 161, 74, 234, 45, 17, 0, 0, 196, 1, 0, 10, 1, 0, 153, 4, 117]
1542739772732;[171, 0, 17, 255, 161, 74, 234, 45, 17, 0, 0, 199, 1, 0, 10, 1, 0, 152, 4, 130]
1542739772734;[171, 0, 17, 255, 161, 74, 234, 45, 17, 0, 0, 199, 1, 0, 10, 1, 0, 152, 4, 130]
1542739772736;[171, 0, 17, 255, 161, 74, 234, 45, 17, 0, 0, 197, 1, 0, 8, 1, 0, 153, 4, 119]
1542739772738;[171, 0, 17, 255, 161, 74, 234, 45, 17, 0, 0, 197, 1, 0, 8, 1, 0, 153, 4, 119]
1542739772906;[171, 0, 17, 255, 161, 74, 234, 45, 17, 0, 0, 200, 1, 0, 10, 1, 0, 153, 4, 110]
1542739772908;[171, 0, 17, 255, 161, 74, 234, 45, 17, 0, 0, 200, 1, 0, 10, 1, 0, 153, 4, 110]
1542739772910;[171, 0, 17, 255, 161, 74, 234, 45, 18, 0, 0, 197, 1, 0, 10, 1, 0, 152, 4, 91]
1542739772912;[171, 0, 17, 255, 161, 74, 234, 45, 18, 0, 0, 197, 1, 0, 10, 1, 0, 152, 4, 91]
1542739773078;[171, 0, 17, 255, 161, 74, 234, 45, 18, 0, 0, 202, 1, 0, 9, 1, 0, 153, 4, 72]
1542739773079;[171, 0, 17, 255, 161, 74, 234, 45, 18, 0, 0, 202, 1, 0, 9, 1, 0, 153, 4, 72]
1542739773082;[171, 0, 17, 255, 161, 74, 234, 45, 18, 0, 0, 198, 1, 0, 10, 1, 0, 152, 4, 47]
1542739773084;[171, 0, 17, 255, 161, 74, 234, 45, 18, 0, 0, 198, 1, 0, 10, 1, 0, 152, 4, 47]
1542739773423;[171, 0, 17, 255, 161, 74, 234, 45, 18, 0, 0, 199, 1, 0, 10, 1, 0, 152, 4, 27]
1542739773424;[171, 0, 17, 255, 161, 74, 234, 45, 18, 0, 0, 199, 1, 0, 10, 1, 0, 152, 4, 27]
1542739773427;[171, 0, 17, 255, 161, 74, 234, 45, 18, 0, 0, 198, 1, 0, 11, 1, 0, 152, 4, 86]
1542739773429;[171, 0, 17, 255, 161, 74, 234, 45, 18, 0, 0, 198, 1, 0, 11, 1, 0, 152, 4, 86]
1542739773432;[171, 0, 17, 255, 161, 74, 234, 45, 18, 0, 0, 198, 1, 0, 9, 1, 0, 152, 4, 164]
1542739773433;[171, 0, 17, 255, 161, 74, 234, 45, 18, 0, 0, 198, 1, 0, 9, 1, 0, 152, 4, 164]
1542739773594;[171, 0, 4, 255, 132, 128, 68]
1542739773596;[171, 0, 4, 255, 132, 128, 68]
1542739773598;[171, 0, 17, 255, 161, 74, 234, 45, 18, 0, 0, 197, 1, 0, 11, 1, 0, 153, 4, 197]
1542739773600;[171, 0, 17, 255, 161, 74, 234, 45, 18, 0, 0, 197, 1, 0, 11, 1, 0, 153, 4, 197]
1542739773767;[171, 0, 17, 255, 161, 74, 234, 45, 18, 0, 0, 197, 1, 0, 11, 1, 0, 151, 4, 191]
1542739773770;[171, 0, 17, 255, 161, 74, 234, 45, 18, 0, 0, 197, 1, 0, 11, 1, 0, 151, 4, 191]
1542739773940;[171, 0, 17, 255, 161, 74, 234, 45, 18, 0, 0, 199, 1, 0, 9, 1, 0, 153, 4, 218]
1542739773942;[171, 0, 17, 255, 161, 74, 234, 45, 18, 0, 0, 199, 1, 0, 9, 1, 0, 153, 4, 218]
1542739773944;[171, 0, 17, 255, 161, 74, 234, 45, 18, 0, 0, 199, 1, 0, 7, 1, 0, 152, 4, 206]
1542739773946;[171, 0, 17, 255, 161, 74, 234, 45, 18, 0, 0, 199, 1, 0, 7, 1, 0, 152, 4, 206]
1542739774112;[171, 0, 17, 255, 161, 74, 234, 45, 19, 0, 0, 197, 1, 0, 9, 1, 0, 152, 4, 205]
1542739774114;[171, 0, 17, 255, 161, 74, 234, 45, 19, 0, 0, 197, 1, 0, 9, 1, 0, 152, 4, 205]
1542739774116;[171, 0, 17, 255, 161, 74, 234, 45, 19, 0, 0, 198, 1, 0, 10, 1, 0, 153, 4, 185]
1542739774118;[171, 0, 17, 255, 161, 74, 234, 45, 19, 0, 0, 198, 1, 0, 10, 1, 0, 153, 4, 185]
1542739774291;[171, 0, 17, 255, 161, 74, 234, 45, 19, 0, 0, 198, 1, 0, 10, 1, 0, 153, 4, 246]
1542739774292;[171, 0, 17, 255, 161, 74, 234, 45, 19, 0, 0, 198, 1, 0, 10, 1, 0, 153, 4, 246]
1542739774294;[171, 0, 17, 255, 161, 74, 234, 45, 19, 0, 0, 197, 1, 0, 11, 1, 0, 153, 5, 44]
1542739774296;[171, 0, 17, 255, 161, 74, 234, 45, 19, 0, 0, 197, 1, 0, 11, 1, 0, 153, 5, 44]
1542739774630;[171, 0, 17, 255, 161, 74, 234, 45, 19, 0, 0, 196, 1, 0, 10, 1, 0, 153, 5, 46]
1542739774632;[171, 0, 17, 255, 161, 74, 234, 45, 19, 0, 0, 196, 1, 0, 10, 1, 0, 153, 5, 46]
1542739774634;[171, 0, 17, 255, 161, 74, 234, 45, 19, 0, 0, 197, 1, 0, 9, 1, 0, 151, 5, 19]
1542739774636;[171, 0, 17, 255, 161, 74, 234, 45, 19, 0, 0, 197, 1, 0, 9, 1, 0, 151, 5, 19]
1542739774638;[171, 0, 4, 255, 132, 128, 67]
1542739774641;[171, 0, 4, 255, 132, 128, 67]
1542739774802;[171, 0, 17, 255, 161, 74, 234, 45, 19, 0, 0, 197, 1, 0, 12, 1, 0, 153, 5, 12]
1542739774804;[171, 0, 17, 255, 161, 74, 234, 45, 19, 0, 0, 197, 1, 0, 12, 1, 0, 153, 5, 12]
1542739774807;[171, 0, 17, 255, 161, 74, 234, 45, 19, 0, 0, 197, 1, 0, 10, 1, 0, 154, 4, 246]
1542739774809;[171, 0, 17, 255, 161, 74, 234, 45, 19, 0, 0, 197, 1, 0, 10, 1, 0, 154, 4, 246]
1542739774974;[171, 0, 17, 255, 161, 74, 234, 45, 19, 0, 0, 198, 1, 0, 11, 1, 0, 153, 4, 223]
1542739774975;[171, 0, 17, 255, 161, 74, 234, 45, 19, 0, 0, 198, 1, 0, 11, 1, 0, 153, 4, 223]
1542739775147;[171, 0, 17, 255, 161, 74, 234, 45, 19, 0, 0, 199, 1, 0, 9, 1, 0, 150, 4, 198]
1542739775149;[171, 0, 17, 255, 161, 74, 234, 45, 19, 0, 0, 199, 1, 0, 9, 1, 0, 150, 4, 198]
1542739775151;[171, 0, 17, 255, 161, 74, 234, 45, 20, 0, 0, 197, 1, 0, 9, 1, 0, 153, 4, 179]
1542739775153;[171, 0, 17, 255, 161, 74, 234, 45, 20, 0, 0, 197, 1, 0, 9, 1, 0, 153, 4, 179]
1542739775319;[171, 0, 17, 255, 161, 74, 234, 45, 20, 0, 0, 197, 1, 0, 12, 1, 0, 153, 4, 233]
1542739775321;[171, 0, 17, 255, 161, 74, 234, 45, 20, 0, 0, 197, 1, 0, 12, 1, 0, 153, 4, 233]
1542739775323;[171, 0, 17, 255, 161, 74, 234, 45, 20, 0, 0, 198, 1, 0, 10, 1, 0, 153, 5, 15]
1542739775325;[171, 0, 17, 255, 161, 74, 234, 45, 20, 0, 0, 198, 1, 0, 10, 1, 0, 153, 5, 15]
1542739775492;[171, 0, 17, 255, 161, 74, 234, 45, 20, 0, 0, 197, 1, 0, 10, 1, 0, 153, 4, 248]
1542739775494;[171, 0, 17, 255, 161, 74, 234, 45, 20, 0, 0, 197, 1, 0, 10, 1, 0, 153, 4, 248]
1542739775497;[171, 0, 17, 255, 161, 74, 234, 45, 20, 0, 0, 198, 1, 0, 11, 1, 0, 150, 4, 212]
1542739775499;[171, 0, 17, 255, 161, 74, 234, 45, 20, 0, 0, 198, 1, 0, 11, 1, 0, 150, 4, 212]
1542739775665;[171, 0, 17, 255, 161, 74, 234, 45, 20, 0, 0, 199, 1, 0, 11, 1, 0, 152, 4, 188]
1542739775667;[171, 0, 17, 255, 161, 74, 234, 45, 20, 0, 0, 199, 1, 0, 11, 1, 0, 152, 4, 188]
1542739776010;[171, 0, 4, 255, 132, 128, 67]
1542739776013;[171, 0, 4, 255, 132, 128, 67]
1542739776017;[171, 0, 17, 255, 161, 74, 234, 45, 20, 0, 0, 199, 1, 0, 11, 1, 0, 151, 4, 155]
1542739776020;[171, 0, 17, 255, 161, 74, 234, 45, 20, 0, 0, 199, 1, 0, 11, 1, 0, 151, 4, 155]
1542739776022;[171, 0, 17, 255, 161, 74, 234, 45, 20, 0, 0, 197, 1, 0, 9, 1, 0, 153, 4, 116]
1542739776023;[171, 0, 17, 255, 161, 74, 234, 45, 20, 0, 0, 197, 1, 0, 9, 1, 0, 153, 4, 116]
1542739776025;[171, 0, 17, 255, 161, 74, 234, 45, 20, 0, 0, 198, 1, 0, 11, 1, 0, 154, 4, 86]
1542739776027;[171, 0, 17, 255, 161, 74, 234, 45, 20, 0, 0, 198, 1, 0, 11, 1, 0, 154, 4, 86]
1542739776182;[171, 0, 17, 255, 161, 74, 234, 45, 20, 0, 0, 196, 1, 0, 12, 1, 0, 151, 4, 52]
1542739776184;[171, 0, 17, 255, 161, 74, 234, 45, 20, 0, 0, 196, 1, 0, 12, 1, 0, 151, 4, 52]
1542739776186;[171, 0, 17, 255, 161, 74, 234, 45, 21, 0, 0, 197, 1, 0, 10, 1, 0, 152, 4, 88]
1542739776188;[171, 0, 17, 255, 161, 74, 234, 45, 21, 0, 0, 197, 1, 0, 10, 1, 0, 152, 4, 88]
1542739776354;[171, 0, 17, 255, 161, 74, 234, 45, 21, 0, 0, 198, 1, 0, 8, 1, 0, 152, 4, 102]
1542739776356;[171, 0, 17, 255, 161, 74, 234, 45, 21, 0, 0, 198, 1, 0, 8, 1, 0, 152, 4, 102]
1542739776526;[171, 0, 17, 255, 161, 74, 234, 45, 21, 0, 0, 198, 1, 0, 11, 1, 0, 153, 4, 91]
1542739776528;[171, 0, 17, 255, 161, 74, 234, 45, 21, 0, 0, 198, 1, 0, 11, 1, 0, 153, 4, 91]
1542739776530;[171, 0, 17, 255, 161, 74, 234, 45, 21, 0, 0, 199, 1, 0, 10, 1, 0, 152, 4, 65]
1542739776532;[171, 0, 17, 255, 161, 74, 234, 45, 21, 0, 0, 199, 1, 0, 10, 1, 0, 152, 4, 65]
1542739776701;[171, 0, 17, 255, 161, 74, 234, 45, 21, 0, 0, 199, 1, 0, 9, 1, 0, 152, 4, 58]
1542739776703;[171, 0, 17, 255, 161, 74, 234, 45, 21, 0, 0, 199, 1, 0, 9, 1, 0, 152, 4, 58]
1542739776705;[171, 0, 17, 255, 161, 74, 234, 45, 21, 0, 0, 195, 1, 0, 9, 1, 0, 153, 4, 40]
1542739776707;[171, 0, 17, 255, 161, 74, 234, 45, 21, 0, 0, 195, 1, 0, 9, 1, 0, 153, 4, 40]
1542739776872;[171, 0, 4, 255, 132, 128, 67]
1542739776874;[171, 0, 4, 255, 132, 128, 67]
1542739777218;[171, 0, 17, 255, 161, 74, 234, 45, 21, 0, 0, 195, 1, 0, 10, 1, 0, 152, 4, 18]
1542739777220;[171, 0, 17, 255, 161, 74, 234, 45, 21, 0, 0, 195, 1, 0, 10, 1, 0, 152, 4, 18]
1542739777223;[171, 0, 17, 255, 161, 74, 234, 45, 21, 0, 0, 197, 1, 0, 10, 1, 0, 153, 4, 1]
1542739777225;[171, 0, 17, 255, 161, 74, 234, 45, 21, 0, 0, 197, 1, 0, 10, 1, 0, 153, 4, 1]
1542739777227;[171, 0, 17, 255, 161, 74, 234, 45, 21, 0, 0, 200, 1, 0, 11, 1, 0, 152, 4, 37]
1542739777229;[171, 0, 17, 255, 161, 74, 234, 45, 21, 0, 0, 200, 1, 0, 11, 1, 0, 152, 4, 37]
1542739777232;[171, 0, 17, 255, 161, 74, 234, 45, 21, 0, 0, 197, 1, 0, 10, 1, 0, 153, 4, 56]
1542739777234;[171, 0, 17, 255, 161, 74, 234, 45, 21, 0, 0, 197, 1, 0, 10, 1, 0, 153, 4, 56]
1542739777390;[171, 0, 17, 255, 161, 74, 234, 45, 22, 0, 0, 196, 1, 0, 10, 1, 0, 153, 4, 57]
1542739777392;[171, 0, 17, 255, 161, 74, 234, 45, 22, 0, 0, 196, 1, 0, 10, 1, 0, 153, 4, 57]
1542739777395;[171, 0, 17, 255, 161, 74, 234, 45, 22, 0, 0, 197, 1, 0, 10, 1, 0, 151, 4, 36]
1542739777397;[171, 0, 17, 255, 161, 74, 234, 45, 22, 0, 0, 197, 1, 0, 10, 1, 0, 151, 4, 36]
1542739777562;[171, 0, 17, 255, 161, 74, 234, 45, 22, 0, 0, 199, 1, 0, 10, 1, 0, 151, 4, 16]
1542739777563;[171, 0, 17, 255, 161, 74, 234, 45, 22, 0, 0, 199, 1, 0, 10, 1, 0, 151, 4, 16]
1542739777757;[171, 0, 17, 255, 161, 74, 234, 45, 22, 0, 0, 198, 1, 0, 9, 1, 0, 151, 3, 237]
1542739777758;[171, 0, 17, 255, 161, 74, 234, 45, 22, 0, 0, 198, 1, 0, 9, 1, 0, 151, 3, 237]
1542739777760;[171, 0, 17, 255, 161, 74, 234, 45, 22, 0, 0, 200, 1, 0, 9, 1, 0, 153, 3, 209]
1542739777761;[171, 0, 17, 255, 161, 74, 234, 45, 22, 0, 0, 200, 1, 0, 9, 1, 0, 153, 3, 209]
1542739777907;[171, 0, 17, 255, 161, 74, 234, 45, 22, 0, 0, 197, 1, 0, 12, 1, 0, 153, 3, 179]
1542739777909;[171, 0, 17, 255, 161, 74, 234, 45, 22, 0, 0, 197, 1, 0, 12, 1, 0, 153, 3, 179]
1542739777911;[171, 0, 4, 255, 132, 128, 67]
1542739777914;[171, 0, 4, 255, 132, 128, 67]
1542739778081;[171, 0, 17, 255, 161, 74, 234, 45, 22, 0, 0, 198, 1, 0, 11, 1, 0, 153, 3, 186]
1542739778083;[171, 0, 17, 255, 161, 74, 234, 45, 22, 0, 0, 198, 1, 0, 11, 1, 0, 153, 3, 186]
1542739778085;[171, 0, 17, 255, 161, 74, 234, 45, 22, 0, 0, 198, 1, 0, 9, 1, 0, 152, 3, 208]
1542739778087;[171, 0, 17, 255, 161, 74, 234, 45, 22, 0, 0, 198, 1, 0, 9, 1, 0, 152, 3, 208]
1542739778598;[171, 0, 17, 255, 161, 74, 234, 45, 22, 0, 0, 201, 1, 0, 11, 1, 0, 152, 3, 196]
1542739778600;[171, 0, 17, 255, 161, 74, 234, 45, 22, 0, 0, 201, 1, 0, 11, 1, 0, 152, 3, 196]
1542739778605;[171, 0, 17, 255, 161, 74, 234, 45, 22, 0, 0, 198, 1, 0, 12, 1, 0, 150, 3, 169]
1542739778608;[171, 0, 17, 255, 161, 74, 234, 45, 22, 0, 0, 198, 1, 0, 12, 1, 0, 150, 3, 169]
1542739778610;[171, 0, 17, 255, 161, 74, 234, 45, 23, 0, 0, 199, 1, 0, 9, 1, 0, 153, 3, 132]
1542739778612;[171, 0, 17, 255, 161, 74, 234, 45, 23, 0, 0, 199, 1, 0, 9, 1, 0, 153, 3, 132]
1542739778614;[171, 0, 17, 255, 161, 74, 234, 45, 23, 0, 0, 198, 1, 0, 10, 1, 0, 152, 3, 111]
1542739778615;[171, 0, 17, 255, 161, 74, 234, 45, 23, 0, 0, 198, 1, 0, 10, 1, 0, 152, 3, 111]
1542739778769;[171, 0, 17, 255, 161, 74, 234, 45, 23, 0, 0, 198, 1, 0, 10, 1, 0, 151, 3, 62]
1542739778771;[171, 0, 17, 255, 161, 74, 234, 45, 23, 0, 0, 198, 1, 0, 10, 1, 0, 151, 3, 62]
1542739778774;[171, 0, 17, 255, 161, 74, 234, 45, 23, 0, 0, 196, 1, 0, 9, 1, 0, 152, 3, 26]
1542739778775;[171, 0, 17, 255, 161, 74, 234, 45, 23, 0, 0, 196, 1, 0, 9, 1, 0, 152, 3, 26]
1542739778942;[171, 0, 17, 255, 161, 74, 234, 45, 23, 0, 0, 195, 1, 0, 11, 1, 0, 151, 3, 2]
1542739778943;[171, 0, 17, 255, 161, 74, 234, 45, 23, 0, 0, 195, 1, 0, 11, 1, 0, 151, 3, 2]
1542739778946;[171, 0, 17, 255, 161, 74, 234, 45, 23, 0, 0, 198, 1, 0, 12, 1, 0, 151, 3, 22]
1542739778948;[171, 0, 17, 255, 161, 74, 234, 45, 23, 0, 0, 198, 1, 0, 12, 1, 0, 151, 3, 22]
1542739779114;[171, 0, 4, 255, 132, 128, 67]
1542739779118;[171, 0, 4, 255, 132, 128, 67]
1542739779120;[171, 0, 17, 255, 161, 74, 234, 45, 23, 0, 0, 199, 1, 0, 12, 1, 0, 152, 3, 50]
1542739779122;[171, 0, 17, 255, 161, 74, 234, 45, 23, 0, 0, 199, 1, 0, 12, 1, 0, 152, 3, 50]
1542739779288;[171, 0, 17, 255, 161, 74, 234, 45, 23, 0, 0, 199, 1, 0, 10, 1, 0, 152, 3, 55]
1542739779290;[171, 0, 17, 255, 161, 74, 234, 45, 23, 0, 0, 199, 1, 0, 10, 1, 0, 152, 3, 55]
1542739779295;[171, 0, 17, 255, 161, 74, 234, 45, 23, 0, 0, 199, 1, 0, 10, 1, 0, 153, 3, 52]
1542739779297;[171, 0, 17, 255, 161, 74, 234, 45, 23, 0, 0, 199, 1, 0, 10, 1, 0, 153, 3, 52]
1542739779460;[171, 0, 17, 255, 161, 74, 234, 45, 23, 0, 0, 198, 1, 0, 11, 1, 0, 155, 3, 60]
1542739779462;[171, 0, 17, 255, 161, 74, 234, 45, 23, 0, 0, 198, 1, 0, 11, 1, 0, 155, 3, 60]
1542739779806;[171, 0, 17, 255, 161, 74, 234, 45, 24, 0, 0, 200, 1, 0, 9, 1, 0, 152, 3, 41]
1542739779807;[171, 0, 17, 255, 161, 74, 234, 45, 24, 0, 0, 200, 1, 0, 9, 1, 0, 152, 3, 41]
1542739779810;[171, 0, 17, 255, 161, 74, 234, 45, 24, 0, 0, 197, 1, 0, 10, 1, 0, 150, 3, 31]
1542739779811;[171, 0, 17, 255, 161, 74, 234, 45, 24, 0, 0, 197, 1, 0, 10, 1, 0, 150, 3, 31]
1542739779814;[171, 0, 17, 255, 161, 74, 234, 45, 24, 0, 0, 198, 1, 0, 10, 1, 0, 152, 3, 28]
1542739779815;[171, 0, 17, 255, 161, 74, 234, 45, 24, 0, 0, 198, 1, 0, 10, 1, 0, 152, 3, 28]
1542739779818;[171, 0, 17, 255, 161, 74, 234, 45, 24, 0, 0, 197, 1, 0, 10, 1, 0, 154, 3, 50]
1542739779819;[171, 0, 17, 255, 161, 74, 234, 45, 24, 0, 0, 197, 1, 0, 10, 1, 0, 154, 3, 50]
1542739779978;[171, 0, 17, 255, 161, 74, 234, 45, 24, 0, 0, 197, 1, 0, 12, 1, 0, 152, 3, 81]
1542739779980;[171, 0, 17, 255, 161, 74, 234, 45, 24, 0, 0, 197, 1, 0, 12, 1, 0, 152, 3, 81]
1542739779982;[171, 0, 17, 255, 161, 74, 234, 45, 24, 0, 0, 198, 1, 0, 10, 1, 0, 153, 3, 76]
1542739779983;[171, 0, 17, 255, 161, 74, 234, 45, 24, 0, 0, 198, 1, 0, 10, 1, 0, 153, 3, 76]
1542739780149;[171, 0, 4, 255, 132, 128, 67]
1542739780151;[171, 0, 4, 255, 132, 128, 67]
1542739780322;[171, 0, 17, 255, 161, 74, 234, 45, 24, 0, 0, 200, 1, 0, 11, 1, 0, 152, 3, 69]
1542739780324;[171, 0, 17, 255, 161, 74, 234, 45, 24, 0, 0, 200, 1, 0, 11, 1, 0, 152, 3, 69]
1542739780327;[171, 0, 17, 255, 161, 74, 234, 45, 24, 0, 0, 200, 1, 0, 12, 1, 0, 151, 3, 51]
1542739780329;[171, 0, 17, 255, 161, 74, 234, 45, 24, 0, 0, 200, 1, 0, 12, 1, 0, 151, 3, 51]
1542739780495;[171, 0, 17, 255, 161, 74, 234, 45, 24, 0, 0, 197, 1, 0, 10, 1, 0, 150, 3, 25]
1542739780497;[171, 0, 17, 255, 161, 74, 234, 45, 24, 0, 0, 197, 1, 0, 10, 1, 0, 150, 3, 25]
1542739780499;[171, 0, 17, 255, 161, 74, 234, 45, 24, 0, 0, 197, 1, 0, 12, 1, 0, 152, 3, 2]
1542739780501;[171, 0, 17, 255, 161, 74, 234, 45, 24, 0, 0, 197, 1, 0, 12, 1, 0, 152, 3, 2]
1542739780667;[171, 0, 17, 255, 161, 74, 234, 45, 25, 0, 0, 197, 1, 0, 12, 1, 0, 153, 2, 224]
1542739780669;[171, 0, 17, 255, 161, 74, 234, 45, 25, 0, 0, 197, 1, 0, 12, 1, 0, 153, 2, 224]
1542739781013;[171, 0, 17, 255, 161, 74, 234, 45, 25, 0, 0, 197, 1, 0, 8, 1, 0, 152, 2, 198]
1542739781014;[171, 0, 17, 255, 161, 74, 234, 45, 25, 0, 0, 197, 1, 0, 8, 1, 0, 152, 2, 198]
1542739781017;[171, 0, 17, 255, 161, 74, 234, 45, 25, 0, 0, 199, 1, 0, 12, 1, 0, 152, 2, 215]
1542739781019;[171, 0, 17, 255, 161, 74, 234, 45, 25, 0, 0, 199, 1, 0, 12, 1, 0, 152, 2, 215]
1542739781022;[171, 0, 17, 255, 161, 74, 234, 45, 25, 0, 0, 195, 1, 0, 10, 1, 0, 154, 2, 225]
1542739781024;[171, 0, 17, 255, 161, 74, 234, 45, 25, 0, 0, 195, 1, 0, 10, 1, 0, 154, 2, 225]
1542739781027;[171, 0, 17, 255, 161, 74, 234, 45, 25, 0, 0, 199, 1, 0, 10, 1, 0, 153, 2, 203]
1542739781028;[171, 0, 17, 255, 161, 74, 234, 45, 25, 0, 0, 199, 1, 0, 10, 1, 0, 153, 2, 203]
1542739781358;[171, 0, 17, 255, 161, 74, 234, 45, 25, 0, 0, 197, 1, 0, 9, 1, 0, 152, 2, 172]
1542739781360;[171, 0, 17, 255, 161, 74, 234, 45, 25, 0, 0, 197, 1, 0, 9, 1, 0, 152, 2, 172]
1542739781362;[171, 0, 4, 255, 132, 128, 67]
1542739781365;[171, 0, 4, 255, 132, 128, 67]
1542739781367;[171, 0, 17, 255, 161, 74, 234, 45, 25, 0, 0, 198, 1, 0, 10, 1, 0, 152, 2, 149]
1542739781369;[171, 0, 17, 255, 161, 74, 234, 45, 25, 0, 0, 198, 1, 0, 10, 1, 0, 152, 2, 149]
1542739781529;[171, 0, 17, 255, 161, 74, 234, 45, 25, 0, 0, 196, 1, 0, 8, 1, 0, 152, 2, 115]
1542739781531;[171, 0, 17, 255, 161, 74, 234, 45, 25, 0, 0, 196, 1, 0, 8, 1, 0, 152, 2, 115]
1542739781534;[171, 0, 17, 255, 161, 74, 234, 45, 25, 0, 0, 199, 1, 0, 10, 1, 0, 152, 2, 88]
1542739781535;[171, 0, 17, 255, 161, 74, 234, 45, 25, 0, 0, 199, 1, 0, 10, 1, 0, 152, 2, 88]
1542739781701;[171, 0, 17, 255, 161, 74, 234, 45, 25, 0, 0, 196, 1, 0, 10, 1, 0, 152, 2, 58]
1542739781702;[171, 0, 17, 255, 161, 74, 234, 45, 25, 0, 0, 196, 1, 0, 10, 1, 0, 152, 2, 58]
1542739781705;[171, 0, 17, 255, 161, 74, 234, 45, 26, 0, 0, 199, 1, 0, 12, 1, 0, 152, 2, 24]
1542739781706;[171, 0, 17, 255, 161, 74, 234, 45, 26, 0, 0, 199, 1, 0, 12, 1, 0, 152, 2, 24]
1542739781874;[171, 0, 17, 255, 161, 74, 234, 45, 26, 0, 0, 198, 1, 0, 10, 1, 0, 153, 2, 33]
1542739781875;[171, 0, 17, 255, 161, 74, 234, 45, 26, 0, 0, 198, 1, 0, 10, 1, 0, 153, 2, 33]
1542739782047;[171, 0, 17, 255, 161, 74, 234, 45, 26, 0, 0, 200, 1, 0, 11, 1, 0, 151, 2, 40]
1542739782048;[171, 0, 17, 255, 161, 74, 234, 45, 26, 0, 0, 200, 1, 0, 11, 1, 0, 151, 2, 40]
1542739782051;[171, 0, 17, 255, 161, 74, 234, 45, 26, 0, 0, 201, 1, 0, 12, 1, 0, 153, 2, 19]
1542739782053;[171, 0, 17, 255, 161, 74, 234, 45, 26, 0, 0, 201, 1, 0, 12, 1, 0, 153, 2, 19]
1542739782393;[171, 0, 17, 255, 161, 74, 234, 45, 26, 0, 0, 197, 1, 0, 11, 1, 0, 153, 1, 253]
1542739782395;[171, 0, 17, 255, 161, 74, 234, 45, 26, 0, 0, 197, 1, 0, 11, 1, 0, 153, 1, 253]
1542739782398;[171, 0, 17, 255, 161, 74, 234, 45, 26, 0, 0, 200, 1, 0, 8, 1, 0, 152, 1, 241]
1542739782399;[171, 0, 17, 255, 161, 74, 234, 45, 26, 0, 0, 200, 1, 0, 8, 1, 0, 152, 1, 241]
1542739782401;[171, 0, 4, 255, 132, 128, 67]
1542739782403;[171, 0, 4, 255, 132, 128, 67]
1542739782566;[171, 0, 17, 255, 161, 74, 234, 45, 26, 0, 0, 197, 1, 0, 10, 1, 0, 150, 1, 232]
1542739782568;[171, 0, 17, 255, 161, 74, 234, 45, 26, 0, 0, 197, 1, 0, 10, 1, 0, 150, 1, 232]
1542739782570;[171, 0, 17, 255, 161, 74, 234, 45, 26, 0, 0, 199, 1, 0, 10, 1, 0, 151, 1, 215]
1542739782572;[171, 0, 17, 255, 161, 74, 234, 45, 26, 0, 0, 199, 1, 0, 10, 1, 0, 151, 1, 215]
1542739782737;[171, 0, 17, 255, 161, 74, 234, 45, 26, 0, 0, 197, 1, 0, 10, 1, 0, 150, 1, 195]
1542739782739;[171, 0, 17, 255, 161, 74, 234, 45, 26, 0, 0, 197, 1, 0, 10, 1, 0, 150, 1, 195]
1542739782742;[171, 0, 17, 255, 161, 74, 234, 45, 26, 0, 0, 197, 1, 0, 10, 1, 0, 152, 1, 212]
1542739782744;[171, 0, 17, 255, 161, 74, 234, 45, 26, 0, 0, 197, 1, 0, 10, 1, 0, 152, 1, 212]
1542739782910;[171, 0, 17, 255, 161, 74, 234, 45, 27, 0, 0, 199, 1, 0, 13, 1, 0, 153, 1, 229]
1542739782911;[171, 0, 17, 255, 161, 74, 234, 45, 27, 0, 0, 199, 1, 0, 13, 1, 0, 153, 1, 229]
1542739782914;[171, 0, 17, 255, 161, 74, 234, 45, 27, 0, 0, 201, 1, 0, 10, 1, 0, 152, 1, 239]
1542739782917;[171, 0, 17, 255, 161, 74, 234, 45, 27, 0, 0, 201, 1, 0, 10, 1, 0, 152, 1, 239]
1542739783082;[171, 0, 17, 255, 161, 74, 234, 45, 27, 0, 0, 200, 1, 0, 11, 1, 0, 154, 1, 222]
1542739783085;[171, 0, 17, 255, 161, 74, 234, 45, 27, 0, 0, 200, 1, 0, 11, 1, 0, 154, 1, 222]
1542739783086;[171, 0, 17, 255, 161, 74, 234, 45, 27, 0, 0, 198, 1, 0, 12, 1, 0, 152, 1, 206]
1542739783088;[171, 0, 17, 255, 161, 74, 234, 45, 27, 0, 0, 198, 1, 0, 12, 1, 0, 152, 1, 206]
1542739783255;[171, 0, 17, 255, 161, 74, 234, 45, 27, 0, 0, 198, 1, 0, 10, 1, 0, 153, 1, 171]
1542739783257;[171, 0, 17, 255, 161, 74, 234, 45, 27, 0, 0, 198, 1, 0, 10, 1, 0, 153, 1, 171]
1542739783600;[171, 0, 17, 255, 161, 74, 234, 45, 27, 0, 0, 199, 1, 0, 11, 1, 0, 154, 1, 156]
1542739783602;[171, 0, 17, 255, 161, 74, 234, 45, 27, 0, 0, 199, 1, 0, 11, 1, 0, 154, 1, 156]
1542739783605;[171, 0, 4, 255, 132, 128, 67]
1542739783607;[171, 0, 4, 255, 132, 128, 67]
1542739783610;[171, 0, 17, 255, 161, 74, 234, 45, 27, 0, 0, 200, 1, 0, 13, 1, 0, 152, 1, 124]
1542739783612;[171, 0, 17, 255, 161, 74, 234, 45, 27, 0, 0, 200, 1, 0, 13, 1, 0, 152, 1, 124]
1542739783614;[171, 0, 17, 255, 161, 74, 234, 45, 27, 0, 0, 197, 1, 0, 11, 1, 0, 154, 1, 111]
1542739783616;[171, 0, 17, 255, 161, 74, 234, 45, 27, 0, 0, 197, 1, 0, 11, 1, 0, 154, 1, 111]
1542739783771;[171, 0, 17, 255, 161, 74, 234, 45, 27, 0, 0, 197, 1, 0, 10, 1, 0, 152, 1, 135]
1542739783773;[171, 0, 17, 255, 161, 74, 234, 45, 27, 0, 0, 197, 1, 0, 10, 1, 0, 152, 1, 135]
1542739783944;[171, 0, 17, 255, 161, 74, 234, 45, 27, 0, 0, 196, 1, 0, 10, 1, 0, 151, 1, 170]
1542739783946;[171, 0, 17, 255, 161, 74, 234, 45, 27, 0, 0, 196, 1, 0, 10, 1, 0, 151, 1, 170]
1542739783950;[171, 0, 17, 255, 161, 74, 234, 45, 28, 0, 0, 197, 1, 0, 8, 1, 0, 150, 1, 189]
1542739783951;[171, 0, 17, 255, 161, 74, 234, 45, 28, 0, 0, 197, 1, 0, 8, 1, 0, 150, 1, 189]
1542739784117;[171, 0, 17, 255, 161, 74, 234, 45, 28, 0, 0, 200, 1, 0, 11, 1, 0, 151, 1, 180]
1542739784119;[171, 0, 17, 255, 161, 74, 234, 45, 28, 0, 0, 200, 1, 0, 11, 1, 0, 151, 1, 180]
1542739784122;[171, 0, 17, 255, 161, 74, 234, 45, 28, 0, 0, 200, 1, 0, 12, 1, 0, 152, 1, 184]
1542739784124;[171, 0, 17, 255, 161, 74, 234, 45, 28, 0, 0, 200, 1, 0, 12, 1, 0, 152, 1, 184]
1542739784290;[171, 0, 17, 255, 161, 74, 234, 45, 28, 0, 0, 197, 1, 0, 9, 1, 0, 152, 1, 174]
1542739784292;[171, 0, 17, 255, 161, 74, 234, 45, 28, 0, 0, 197, 1, 0, 9, 1, 0, 152, 1, 174]
1542739784294;[171, 0, 17, 255, 161, 74, 234, 45, 28, 0, 0, 198, 1, 0, 10, 1, 0, 153, 1, 172]
1542739784296;[171, 0, 17, 255, 161, 74, 234, 45, 28, 0, 0, 198, 1, 0, 10, 1, 0, 153, 1, 172]
1542739785153;[171, 0, 17, 255, 161, 74, 234, 45, 30, 0, 0, 197, 1, 0, 11, 1, 0, 152, 3, 133]
1542739785155;[171, 0, 17, 255, 161, 74, 234, 45, 30, 0, 0, 197, 1, 0, 11, 1, 0, 152, 3, 133]
1542739785158;[171, 0, 17, 255, 161, 74, 234, 45, 30, 0, 0, 202, 1, 0, 11, 1, 0, 151, 3, 124]
1542739785159;[171, 0, 17, 255, 161, 74, 234, 45, 30, 0, 0, 202, 1, 0, 11, 1, 0, 151, 3, 124]
1542739785163;[171, 0, 17, 255, 161, 74, 234, 45, 30, 0, 0, 196, 1, 0, 11, 1, 0, 151, 3, 120]
1542739785164;[171, 0, 17, 255, 161, 74, 234, 45, 30, 0, 0, 196, 1, 0, 11, 1, 0, 151, 3, 120]
1542739785166;[171, 0, 17, 255, 161, 74, 234, 45, 30, 0, 0, 197, 1, 0, 11, 1, 0, 153, 3, 110]
1542739785168;[171, 0, 17, 255, 161, 74, 234, 45, 30, 0, 0, 197, 1, 0, 11, 1, 0, 153, 3, 110]
1542739785335;[171, 0, 17, 255, 161, 74, 234, 45, 31, 0, 0, 198, 1, 0, 10, 1, 0, 153, 3, 108]
1542739785337;[171, 0, 17, 255, 161, 74, 234, 45, 31, 0, 0, 198, 1, 0, 10, 1, 0, 153, 3, 108]
1542739785339;[171, 0, 17, 255, 161, 74, 234, 45, 31, 0, 0, 198, 1, 0, 9, 1, 0, 151, 3, 81]
1542739785341;[171, 0, 17, 255, 161, 74, 234, 45, 31, 0, 0, 198, 1, 0, 9, 1, 0, 151, 3, 81]
1542739785342;[171, 0, 17, 255, 161, 74, 234, 45, 31, 0, 0, 198, 1, 0, 12, 1, 0, 154, 3, 50]
1542739785344;[171, 0, 17, 255, 161, 74, 234, 45, 31, 0, 0, 198, 1, 0, 12, 1, 0, 154, 3, 50]
1542739785345;[171, 0, 17, 255, 161, 74, 234, 45, 31, 0, 0, 197, 1, 0, 10, 1, 0, 153, 3, 22]
1542739785347;[171, 0, 17, 255, 161, 74, 234, 45, 31, 0, 0, 197, 1, 0, 10, 1, 0, 153, 3, 22]
1542739785499;[171, 0, 17, 255, 161, 74, 234, 45, 31, 0, 0, 200, 1, 0, 10, 1, 0, 154, 3, 30]
1542739785501;[171, 0, 17, 255, 161, 74, 234, 45, 31, 0, 0, 200, 1, 0, 10, 1, 0, 154, 3, 30]
1542739785503;[171, 0, 17, 255, 161, 74, 234, 45, 31, 0, 0, 197, 1, 0, 10, 1, 0, 153, 3, 118]
1542739785505;[171, 0, 17, 255, 161, 74, 234, 45, 31, 0, 0, 197, 1, 0, 10, 1, 0, 153, 3, 118]
1542739785669;[171, 0, 4, 255, 132, 128, 68]
1542739785672;[171, 0, 4, 255, 132, 128, 68]
1542739785842;[171, 0, 17, 255, 161, 74, 234, 45, 31, 0, 0, 199, 1, 0, 12, 1, 0, 152, 3, 144]
1542739785844;[171, 0, 17, 255, 161, 74, 234, 45, 31, 0, 0, 199, 1, 0, 12, 1, 0, 152, 3, 144]
1542739785846;[171, 0, 17, 255, 161, 74, 234, 45, 31, 0, 0, 199, 1, 0, 11, 1, 0, 153, 3, 126]
1542739785848;[171, 0, 17, 255, 161, 74, 234, 45, 31, 0, 0, 199, 1, 0, 11, 1, 0, 153, 3, 126]
1542739786188;[171, 0, 17, 255, 161, 74, 234, 45, 31, 0, 0, 198, 1, 0, 10, 1, 0, 154, 3, 114]
1542739786190;[171, 0, 17, 255, 161, 74, 234, 45, 31, 0, 0, 198, 1, 0, 10, 1, 0, 154, 3, 114]
1542739786193;[171, 0, 17, 255, 161, 74, 234, 45, 31, 0, 0, 197, 1, 0, 10, 1, 0, 151, 3, 102]
1542739786195;[171, 0, 17, 255, 161, 74, 234, 45, 31, 0, 0, 197, 1, 0, 10, 1, 0, 151, 3, 102]
1542739786197;[171, 0, 17, 255, 161, 74, 234, 45, 32, 0, 0, 199, 1, 0, 11, 1, 0, 152, 3, 74]
1542739786199;[171, 0, 17, 255, 161, 74, 234, 45, 32, 0, 0, 199, 1, 0, 11, 1, 0, 152, 3, 74]
1542739786201;[171, 0, 17, 255, 161, 74, 234, 45, 32, 0, 0, 199, 1, 0, 10, 1, 0, 153, 3, 53]
1542739786202;[171, 0, 17, 255, 161, 74, 234, 45, 32, 0, 0, 199, 1, 0, 10, 1, 0, 153, 3, 53]
1542739786359;[171, 0, 17, 255, 161, 74, 234, 45, 32, 0, 0, 197, 1, 0, 10, 1, 0, 152, 3, 37]
1542739786361;[171, 0, 17, 255, 161, 74, 234, 45, 32, 0, 0, 197, 1, 0, 10, 1, 0, 152, 3, 37]
1542739786533;[171, 0, 17, 255, 161, 74, 234, 45, 32, 0, 0, 199, 1, 0, 10, 1, 0, 153, 3, 16]
1542739786535;[171, 0, 17, 255, 161, 74, 234, 45, 32, 0, 0, 199, 1, 0, 10, 1, 0, 153, 3, 16]
1542739786538;[171, 0, 17, 255, 161, 74, 234, 45, 32, 0, 0, 199, 1, 0, 10, 1, 0, 152, 3, 48]
1542739786539;[171, 0, 17, 255, 161, 74, 234, 45, 32, 0, 0, 199, 1, 0, 10, 1, 0, 152, 3, 48]
1542739786880;[171, 0, 17, 255, 161, 74, 234, 45, 32, 0, 0, 197, 1, 0, 12, 1, 0, 153, 3, 110]
1542739786882;[171, 0, 17, 255, 161, 74, 234, 45, 32, 0, 0, 197, 1, 0, 12, 1, 0, 153, 3, 110]
1542739786884;[171, 0, 4, 255, 132, 128, 68]
1542739786891;[171, 0, 4, 255, 132, 128, 68]
1542739786893;[171, 0, 17, 255, 161, 74, 234, 45, 32, 0, 0, 197, 1, 0, 9, 1, 0, 152, 3, 115]
1542739786895;[171, 0, 17, 255, 161, 74, 234, 45, 32, 0, 0, 197, 1, 0, 9, 1, 0, 152, 3, 115]
1542739786897;[171, 0, 17, 255, 161, 74, 234, 45, 32, 0, 0, 197, 1, 0, 12, 1, 0, 153, 3, 103]
1542739786898;[171, 0, 17, 255, 161, 74, 234, 45, 32, 0, 0, 197, 1, 0, 12, 1, 0, 153, 3, 103]
1542739787049;[171, 0, 17, 255, 161, 74, 234, 45, 32, 0, 0, 200, 1, 0, 11, 1, 0, 153, 3, 101]
1542739787051;[171, 0, 17, 255, 161, 74, 234, 45, 32, 0, 0, 200, 1, 0, 11, 1, 0, 153, 3, 101]
1542739787395;[171, 0, 17, 255, 161, 74, 234, 45, 32, 0, 0, 199, 1, 0, 11, 1, 0, 153, 3, 80]
1542739787397;[171, 0, 17, 255, 161, 74, 234, 45, 32, 0, 0, 199, 1, 0, 11, 1, 0, 153, 3, 80]
1542739787400;[171, 0, 17, 255, 161, 74, 234, 45, 33, 0, 0, 198, 1, 0, 9, 1, 0, 153, 3, 58]
1542739787402;[171, 0, 17, 255, 161, 74, 234, 45, 33, 0, 0, 198, 1, 0, 9, 1, 0, 153, 3, 58]
1542739787403;[171, 0, 17, 255, 161, 74, 234, 45, 33, 0, 0, 200, 1, 0, 10, 1, 0, 154, 3, 35]
1542739787405;[171, 0, 17, 255, 161, 74, 234, 45, 33, 0, 0, 200, 1, 0, 10, 1, 0, 154, 3, 35]
1542739787408;[171, 0, 17, 255, 161, 74, 234, 45, 33, 0, 0, 199, 1, 0, 10, 1, 0, 153, 3, 16]
1542739787409;[171, 0, 17, 255, 161, 74, 234, 45, 33, 0, 0, 199, 1, 0, 10, 1, 0, 153, 3, 16]
1542739787741;[171, 0, 17, 255, 161, 74, 234, 45, 33, 0, 0, 196, 1, 0, 10, 1, 0, 151, 3, 35]
1542739787743;[171, 0, 17, 255, 161, 74, 234, 45, 33, 0, 0, 196, 1, 0, 10, 1, 0, 151, 3, 35]
1542739787745;[171, 0, 17, 255, 161, 74, 234, 45, 33, 0, 0, 197, 1, 0, 11, 1, 0, 151, 3, 98]
1542739787747;[171, 0, 17, 255, 161, 74, 234, 45, 33, 0, 0, 197, 1, 0, 11, 1, 0, 151, 3, 98]
1542739787750;[171, 0, 17, 255, 161, 74, 234, 45, 33, 0, 0, 201, 1, 0, 10, 1, 0, 154, 3, 123]
1542739787751;[171, 0, 17, 255, 161, 74, 234, 45, 33, 0, 0, 201, 1, 0, 10, 1, 0, 154, 3, 123]
1542739787912;[171, 0, 4, 255, 132, 128, 68]
1542739787914;[171, 0, 4, 255, 132, 128, 68]
1542739787917;[171, 0, 17, 255, 161, 74, 234, 45, 33, 0, 0, 198, 1, 0, 11, 1, 0, 152, 3, 117]
1542739787918;[171, 0, 17, 255, 161, 74, 234, 45, 33, 0, 0, 198, 1, 0, 11, 1, 0, 152, 3, 117]
1542739788085;[171, 0, 17, 255, 161, 74, 234, 45, 33, 0, 0, 199, 1, 0, 11, 1, 0, 153, 3, 112]
1542739788086;[171, 0, 17, 255, 161, 74, 234, 45, 33, 0, 0, 199, 1, 0, 11, 1, 0, 153, 3, 112]
1542739788089;[171, 0, 17, 255, 161, 74, 234, 45, 33, 0, 0, 200, 1, 0, 11, 1, 0, 152, 3, 95]
1542739788090;[171, 0, 17, 255, 161, 74, 234, 45, 33, 0, 0, 200, 1, 0, 11, 1, 0, 152, 3, 95]
1542739788257;[171, 0, 17, 255, 161, 74, 234, 45, 33, 0, 0, 198, 1, 0, 11, 1, 0, 153, 3, 82]
1542739788259;[171, 0, 17, 255, 161, 74, 234, 45, 33, 0, 0, 198, 1, 0, 11, 1, 0, 153, 3, 82]
1542739788430;[171, 0, 17, 255, 161, 74, 234, 45, 34, 0, 0, 196, 1, 0, 10, 1, 0, 154, 3, 69]
1542739788432;[171, 0, 17, 255, 161, 74, 234, 45, 34, 0, 0, 196, 1, 0, 10, 1, 0, 154, 3, 69]
1542739788948;[171, 0, 17, 255, 161, 74, 234, 45, 34, 0, 0, 198, 1, 0, 11, 1, 0, 153, 3, 62]
1542739788950;[171, 0, 17, 255, 161, 74, 234, 45, 34, 0, 0, 198, 1, 0, 11, 1, 0, 153, 3, 62]
1542739788952;[171, 0, 17, 255, 161, 74, 234, 45, 34, 0, 0, 199, 1, 0, 10, 1, 0, 154, 3, 122]
1542739788954;[171, 0, 17, 255, 161, 74, 234, 45, 34, 0, 0, 199, 1, 0, 10, 1, 0, 154, 3, 122]
1542739788957;[171, 0, 17, 255, 161, 74, 234, 45, 34, 0, 0, 198, 1, 0, 11, 1, 0, 151, 3, 139]
1542739788959;[171, 0, 17, 255, 161, 74, 234, 45, 34, 0, 0, 198, 1, 0, 11, 1, 0, 151, 3, 139]
1542739788961;[171, 0, 17, 255, 161, 74, 234, 45, 34, 0, 0, 199, 1, 0, 10, 1, 0, 153, 3, 125]
1542739788963;[171, 0, 17, 255, 161, 74, 234, 45, 34, 0, 0, 199, 1, 0, 10, 1, 0, 153, 3, 125]
1542739789121;[171, 0, 17, 255, 161, 74, 234, 45, 34, 0, 0, 197, 1, 0, 12, 1, 0, 151, 3, 106]
1542739789123;[171, 0, 17, 255, 161, 74, 234, 45, 34, 0, 0, 197, 1, 0, 12, 1, 0, 151, 3, 106]
1542739789126;[171, 0, 4, 255, 132, 128, 67]
1542739789129;[171, 0, 4, 255, 132, 128, 67]
1542739789133;[171, 0, 17, 255, 161, 74, 234, 45, 34, 0, 0, 199, 1, 0, 10, 1, 0, 152, 3, 96]
1542739789135;[171, 0, 17, 255, 161, 74, 234, 45, 34, 0, 0, 199, 1, 0, 10, 1, 0, 152, 3, 96]
1542739789137;[171, 0, 17, 255, 161, 74, 234, 45, 34, 0, 0, 199, 1, 0, 9, 1, 0, 153, 3, 61]
1542739789138;[171, 0, 17, 255, 161, 74, 234, 45, 34, 0, 0, 199, 1, 0, 9, 1, 0, 153, 3, 61]
1542739789291;[171, 0, 17, 255, 161, 74, 234, 45, 34, 0, 0, 199, 1, 0, 12, 1, 0, 153, 3, 43]
1542739789293;[171, 0, 17, 255, 161, 74, 234, 45, 34, 0, 0, 199, 1, 0, 12, 1, 0, 153, 3, 43]
1542739789296;[171, 0, 17, 255, 161, 74, 234, 45, 34, 0, 0, 198, 1, 0, 12, 1, 0, 152, 3, 27]
1542739789298;[171, 0, 17, 255, 161, 74, 234, 45, 34, 0, 0, 198, 1, 0, 12, 1, 0, 152, 3, 27]
1542739789464;[171, 0, 17, 255, 161, 74, 234, 45, 35, 0, 0, 195, 1, 0, 13, 1, 0, 153, 2, 250]
1542739789466;[171, 0, 17, 255, 161, 74, 234, 45, 35, 0, 0, 195, 1, 0, 13, 1, 0, 153, 2, 250]
1542739789637;[171, 0, 17, 255, 161, 74, 234, 45, 35, 0, 0, 201, 1, 0, 11, 1, 0, 152, 3, 41]
1542739789638;[171, 0, 17, 255, 161, 74, 234, 45, 35, 0, 0, 201, 1, 0, 11, 1, 0, 152, 3, 41]
1542739789984;[171, 0, 17, 255, 161, 74, 234, 45, 35, 0, 0, 198, 1, 0, 10, 1, 0, 152, 3, 79]
1542739789986;[171, 0, 17, 255, 161, 74, 234, 45, 35, 0, 0, 198, 1, 0, 10, 1, 0, 152, 3, 79]
1542739789989;[171, 0, 17, 255, 161, 74, 234, 45, 35, 0, 0, 201, 1, 0, 10, 1, 0, 153, 3, 68]
1542739789990;[171, 0, 17, 255, 161, 74, 234, 45, 35, 0, 0, 201, 1, 0, 10, 1, 0, 153, 3, 68]
1542739789996;[171, 0, 17, 255, 161, 74, 234, 45, 35, 0, 0, 199, 1, 0, 12, 1, 0, 152, 3, 33]
1542739789998;[171, 0, 17, 255, 161, 74, 234, 45, 35, 0, 0, 199, 1, 0, 12, 1, 0, 152, 3, 33]
1542739790001;[171, 0, 17, 255, 161, 74, 234, 45, 35, 0, 0, 197, 1, 0, 12, 1, 0, 151, 3, 6]
1542739790002;[171, 0, 17, 255, 161, 74, 234, 45, 35, 0, 0, 197, 1, 0, 12, 1, 0, 151, 3, 6]
1542739790154;[171, 0, 4, 255, 132, 128, 67]
1542739790157;[171, 0, 4, 255, 132, 128, 67]
1542739790159;[171, 0, 17, 255, 161, 74, 234, 45, 35, 0, 0, 201, 1, 0, 11, 1, 0, 151, 2, 228]
1542739790161;[171, 0, 17, 255, 161, 74, 234, 45, 35, 0, 0, 201, 1, 0, 11, 1, 0, 151, 2, 228]
1542739790327;[171, 0, 17, 255, 161, 74, 234, 45, 35, 0, 0, 199, 1, 0, 13, 1, 0, 152, 2, 192]
1542739790329;[171, 0, 17, 255, 161, 74, 234, 45, 35, 0, 0, 199, 1, 0, 13, 1, 0, 152, 2, 192]
1542739790331;[171, 0, 17, 255, 161, 74, 234, 45, 35, 0, 0, 199, 1, 0, 11, 1, 0, 152, 2, 157]
1542739790333;[171, 0, 17, 255, 161, 74, 234, 45, 35, 0, 0, 199, 1, 0, 11, 1, 0, 152, 2, 157]
1542739790500;[171, 0, 17, 255, 161, 74, 234, 45, 35, 0, 0, 198, 1, 0, 11, 1, 0, 152, 2, 128]
1542739790502;[171, 0, 17, 255, 161, 74, 234, 45, 35, 0, 0, 198, 1, 0, 11, 1, 0, 152, 2, 128]
1542739790846;[171, 0, 17, 255, 161, 74, 234, 45, 36, 0, 0, 201, 1, 0, 10, 1, 0, 154, 2, 157]
1542739790847;[171, 0, 17, 255, 161, 74, 234, 45, 36, 0, 0, 201, 1, 0, 10, 1, 0, 154, 2, 157]
1542739790850;[171, 0, 17, 255, 161, 74, 234, 45, 36, 0, 0, 198, 1, 0, 11, 1, 0, 151, 2, 205]
1542739790851;[171, 0, 17, 255, 161, 74, 234, 45, 36, 0, 0, 198, 1, 0, 11, 1, 0, 151, 2, 205]
1542739790854;[171, 0, 17, 255, 161, 74, 234, 45, 36, 0, 0, 198, 1, 0, 11, 1, 0, 152, 2, 208]
1542739790856;[171, 0, 17, 255, 161, 74, 234, 45, 36, 0, 0, 198, 1, 0, 11, 1, 0, 152, 2, 208]
1542739790858;[171, 0, 17, 255, 161, 74, 234, 45, 36, 0, 0, 197, 1, 0, 12, 1, 0, 151, 2, 209]
1542739790860;[171, 0, 17, 255, 161, 74, 234, 45, 36, 0, 0, 197, 1, 0, 12, 1, 0, 151, 2, 209]
1542739791017;[171, 0, 17, 255, 161, 74, 234, 45, 36, 0, 0, 198, 1, 0, 9, 1, 0, 155, 2, 212]
1542739791019;[171, 0, 17, 255, 161, 74, 234, 45, 36, 0, 0, 198, 1, 0, 9, 1, 0, 155, 2, 212]
1542739791021;[171, 0, 17, 255, 161, 74, 234, 45, 36, 0, 0, 197, 1, 0, 12, 1, 0, 153, 2, 197]
1542739791023;[171, 0, 17, 255, 161, 74, 234, 45, 36, 0, 0, 197, 1, 0, 12, 1, 0, 153, 2, 197]
1542739791363;[171, 0, 4, 255, 132, 128, 67]
1542739791369;[171, 0, 4, 255, 132, 128, 67]
1542739791372;[171, 0, 17, 255, 161, 74, 234, 45, 36, 0, 0, 200, 1, 0, 11, 1, 0, 152, 2, 185]
1542739791373;[171, 0, 17, 255, 161, 74, 234, 45, 36, 0, 0, 200, 1, 0, 11, 1, 0, 152, 2, 185]
1542739791375;[171, 0, 17, 255, 161, 74, 234, 45, 36, 0, 0, 199, 1, 0, 9, 1, 0, 151, 2, 163]
1542739791377;[171, 0, 17, 255, 161, 74, 234, 45, 36, 0, 0, 199, 1, 0, 9, 1, 0, 151, 2, 163]
1542739791535;[171, 0, 17, 255, 161, 74, 234, 45, 36, 0, 0, 199, 1, 0, 10, 1, 0, 152, 2, 198]
1542739791538;[171, 0, 17, 255, 161, 74, 234, 45, 36, 0, 0, 199, 1, 0, 10, 1, 0, 152, 2, 198]
1542739791540;[171, 0, 17, 255, 161, 74, 234, 45, 36, 0, 0, 197, 1, 0, 10, 1, 0, 152, 3, 3]
1542739791542;[171, 0, 17, 255, 161, 74, 234, 45, 36, 0, 0, 197, 1, 0, 10, 1, 0, 152, 3, 3]
1542739791710;[171, 0, 17, 255, 161, 74, 234, 45, 37, 0, 0, 198, 1, 0, 10, 1, 0, 152, 3, 25]
1542739791712;[171, 0, 17, 255, 161, 74, 234, 45, 37, 0, 0, 198, 1, 0, 10, 1, 0, 152, 3, 25]
1542739791714;[171, 0, 17, 255, 161, 74, 234, 45, 37, 0, 0, 197, 1, 0, 11, 1, 0, 153, 3, 24]
1542739791715;[171, 0, 17, 255, 161, 74, 234, 45, 37, 0, 0, 197, 1, 0, 11, 1, 0, 153, 3, 24]
1542739791879;[171, 0, 17, 255, 161, 74, 234, 45, 37, 0, 0, 197, 1, 0, 11, 1, 0, 151, 3, 16]
1542739791881;[171, 0, 17, 255, 161, 74, 234, 45, 37, 0, 0, 197, 1, 0, 11, 1, 0, 151, 3, 16]
1542739791884;[171, 0, 17, 255, 161, 74, 234, 45, 37, 0, 0, 198, 1, 0, 10, 1, 0, 153, 3, 3]
1542739791885;[171, 0, 17, 255, 161, 74, 234, 45, 37, 0, 0, 198, 1, 0, 10, 1, 0, 153, 3, 3]
1542739792053;[171, 0, 17, 255, 161, 74, 234, 45, 37, 0, 0, 199, 1, 0, 9, 1, 0, 152, 2, 250]
1542739792055;[171, 0, 17, 255, 161, 74, 234, 45, 37, 0, 0, 199, 1, 0, 9, 1, 0, 152, 2, 250]
1542739792225;[171, 0, 17, 255, 161, 74, 234, 45, 37, 0, 0, 198, 1, 0, 11, 1, 0, 151, 2, 241]
1542739792227;[171, 0, 17, 255, 161, 74, 234, 45, 37, 0, 0, 198, 1, 0, 11, 1, 0, 151, 2, 241]
1542739792229;[171, 0, 4, 255, 132, 128, 67]
1542739792231;[171, 0, 4, 255, 132, 128, 67]
1542739792570;[171, 0, 17, 255, 161, 74, 234, 45, 37, 0, 0, 201, 1, 0, 10, 1, 0, 151, 2, 219]
1542739792573;[171, 0, 17, 255, 161, 74, 234, 45, 37, 0, 0, 201, 1, 0, 10, 1, 0, 151, 2, 219]
1542739792575;[171, 0, 17, 255, 161, 74, 234, 45, 37, 0, 0, 197, 1, 0, 11, 1, 0, 153, 3, 21]
1542739792577;[171, 0, 17, 255, 161, 74, 234, 45, 37, 0, 0, 197, 1, 0, 11, 1, 0, 153, 3, 21]
1542739792579;[171, 0, 17, 255, 161, 74, 234, 45, 37, 0, 0, 199, 1, 0, 10, 1, 0, 153, 3, 72]
1542739792581;[171, 0, 17, 255, 161, 74, 234, 45, 37, 0, 0, 199, 1, 0, 10, 1, 0, 153, 3, 72]
1542739792741;[171, 0, 17, 255, 161, 74, 234, 45, 37, 0, 0, 198, 1, 0, 12, 1, 0, 152, 3, 77]
1542739792743;[171, 0, 17, 255, 161, 74, 234, 45, 37, 0, 0, 198, 1, 0, 12, 1, 0, 152, 3, 77]
1542739792745;[171, 0, 17, 255, 161, 74, 234, 45, 38, 0, 0, 198, 1, 0, 10, 1, 0, 153, 3, 64]
1542739792747;[171, 0, 17, 255, 161, 74, 234, 45, 38, 0, 0, 198, 1, 0, 10, 1, 0, 153, 3, 64]
1542739792915;[171, 0, 17, 255, 161, 74, 234, 45, 38, 0, 0, 198, 1, 0, 8, 1, 0, 151, 3, 44]
1542739792918;[171, 0, 17, 255, 161, 74, 234, 45, 38, 0, 0, 198, 1, 0, 8, 1, 0, 151, 3, 44]
1542739792920;[171, 0, 17, 255, 161, 74, 234, 45, 38, 0, 0, 196, 1, 0, 11, 1, 0, 153, 3, 31]
1542739792922;[171, 0, 17, 255, 161, 74, 234, 45, 38, 0, 0, 196, 1, 0, 11, 1, 0, 153, 3, 31]
1542739793087;[171, 0, 17, 255, 161, 74, 234, 45, 38, 0, 0, 198, 1, 0, 9, 1, 0, 153, 3, 0]
1542739793090;[171, 0, 17, 255, 161, 74, 234, 45, 38, 0, 0, 198, 1, 0, 9, 1, 0, 153, 3, 0]
1542739793092;[171, 0, 17, 255, 161, 74, 234, 45, 38, 0, 0, 196, 1, 0, 11, 1, 0, 153, 2, 233]
1542739793094;[171, 0, 17, 255, 161, 74, 234, 45, 38, 0, 0, 196, 1, 0, 11, 1, 0, 153, 2, 233]
1542739793260;[171, 0, 17, 255, 161, 74, 234, 45, 38, 0, 0, 197, 1, 0, 10, 1, 0, 152, 2, 201]
1542739793262;[171, 0, 17, 255, 161, 74, 234, 45, 38, 0, 0, 197, 1, 0, 10, 1, 0, 152, 2, 201]
1542739793432;[171, 0, 4, 255, 132, 128, 67]
1542739793435;[171, 0, 4, 255, 132, 128, 67]
1542739793437;[171, 0, 17, 255, 161, 74, 234, 45, 38, 0, 0, 197, 1, 0, 9, 1, 0, 153, 3, 5]
1542739793439;[171, 0, 17, 255, 161, 74, 234, 45, 38, 0, 0, 197, 1, 0, 9, 1, 0, 153, 3, 5]
1542739793949;[171, 0, 17, 255, 161, 74, 234, 45, 38, 0, 0, 198, 1, 0, 12, 1, 0, 153, 3, 68]
1542739793951;[171, 0, 17, 255, 161, 74, 234, 45, 38, 0, 0, 198, 1, 0, 12, 1, 0, 153, 3, 68]
1542739793953;[171, 0, 17, 255, 161, 74, 234, 45, 38, 0, 0, 199, 1, 0, 12, 1, 0, 152, 3, 88]
1542739793956;[171, 0, 17, 255, 161, 74, 234, 45, 38, 0, 0, 199, 1, 0, 12, 1, 0, 152, 3, 88]
1542739793958;[171, 0, 17, 255, 161, 74, 234, 45, 38, 0, 0, 197, 1, 0, 9, 1, 0, 153, 3, 91]
1542739793959;[171, 0, 17, 255, 161, 74, 234, 45, 38, 0, 0, 197, 1, 0, 9, 1, 0, 153, 3, 91]
1542739794124;[171, 0, 17, 255, 161, 74, 234, 45, 39, 0, 0, 199, 1, 0, 10, 1, 0, 152, 3, 87]
1542739794126;[171, 0, 17, 255, 161, 74, 234, 45, 39, 0, 0, 199, 1, 0, 10, 1, 0, 152, 3, 87]
1542739794128;[171, 0, 17, 255, 161, 74, 234, 45, 39, 0, 0, 198, 1, 0, 11, 1, 0, 151, 3, 88]
1542739794130;[171, 0, 17, 255, 161, 74, 234, 45, 39, 0, 0, 198, 1, 0, 11, 1, 0, 151, 3, 88]
1542739794132;[171, 0, 17, 255, 161, 74, 234, 45, 39, 0, 0, 197, 1, 0, 10, 1, 0, 153, 3, 75]
1542739794134;[171, 0, 17, 255, 161, 74, 234, 45, 39, 0, 0, 197, 1, 0, 10, 1, 0, 153, 3, 75]
1542739794137;[171, 0, 17, 255, 161, 74, 234, 45, 39, 0, 0, 199, 1, 0, 12, 1, 0, 152, 3, 58]
1542739794138;[171, 0, 17, 255, 161, 74, 234, 45, 39, 0, 0, 199, 1, 0, 12, 1, 0, 152, 3, 58]
1542739794296;[171, 0, 17, 255, 161, 74, 234, 45, 39, 0, 0, 198, 1, 0, 10, 1, 0, 153, 3, 109]
1542739794298;[171, 0, 17, 255, 161, 74, 234, 45, 39, 0, 0, 198, 1, 0, 10, 1, 0, 153, 3, 109]
1542739794300;[171, 0, 17, 255, 161, 74, 234, 45, 39, 0, 0, 198, 1, 0, 13, 1, 0, 152, 3, 183]
1542739794302;[171, 0, 17, 255, 161, 74, 234, 45, 39, 0, 0, 198, 1, 0, 13, 1, 0, 152, 3, 183]
1542739794465;[171, 0, 4, 255, 132, 128, 67]
1542739794468;[171, 0, 4, 255, 132, 128, 67]
1542739794640;[171, 0, 17, 255, 161, 74, 234, 45, 39, 0, 0, 195, 1, 0, 12, 1, 0, 153, 3, 204]
1542739794642;[171, 0, 17, 255, 161, 74, 234, 45, 39, 0, 0, 195, 1, 0, 12, 1, 0, 153, 3, 204]
1542739794644;[171, 0, 17, 255, 161, 74, 234, 45, 39, 0, 0, 198, 1, 0, 10, 1, 0, 153, 3, 189]
1542739794646;[171, 0, 17, 255, 161, 74, 234, 45, 39, 0, 0, 198, 1, 0, 10, 1, 0, 153, 3, 189]
1542739794812;[171, 0, 17, 255, 161, 74, 234, 45, 39, 0, 0, 199, 1, 0, 10, 1, 0, 151, 3, 171]
1542739794815;[171, 0, 17, 255, 161, 74, 234, 45, 39, 0, 0, 199, 1, 0, 10, 1, 0, 151, 3, 171]
1542739794817;[171, 0, 17, 255, 161, 74, 234, 45, 39, 0, 0, 198, 1, 0, 10, 1, 0, 153, 3, 170]
1542739794818;[171, 0, 17, 255, 161, 74, 234, 45, 39, 0, 0, 198, 1, 0, 10, 1, 0, 153, 3, 170]
1542739795504;[171, 0, 17, 255, 161, 74, 234, 45, 40, 0, 0, 198, 1, 0, 8, 1, 0, 153, 3, 139]
1542739795506;[171, 0, 17, 255, 161, 74, 234, 45, 40, 0, 0, 198, 1, 0, 8, 1, 0, 153, 3, 139]
1542739795508;[171, 0, 17, 255, 161, 74, 234, 45, 40, 0, 0, 195, 1, 0, 11, 1, 0, 153, 3, 114]
1542739795510;[171, 0, 17, 255, 161, 74, 234, 45, 40, 0, 0, 195, 1, 0, 11, 1, 0, 153, 3, 114]
1542739795514;[171, 0, 17, 255, 161, 74, 234, 45, 40, 0, 0, 198, 1, 0, 11, 1, 0, 152, 3, 85]
1542739795516;[171, 0, 17, 255, 161, 74, 234, 45, 40, 0, 0, 198, 1, 0, 11, 1, 0, 152, 3, 85]
1542739795518;[171, 0, 17, 255, 161, 74, 234, 45, 40, 0, 0, 197, 1, 0, 10, 1, 0, 152, 3, 136]
1542739795519;[171, 0, 17, 255, 161, 74, 234, 45, 40, 0, 0, 197, 1, 0, 10, 1, 0, 152, 3, 136]
1542739795677;[171, 0, 17, 255, 161, 74, 234, 45, 40, 0, 0, 199, 1, 0, 10, 1, 0, 154, 3, 191]
1542739795680;[171, 0, 17, 255, 161, 74, 234, 45, 40, 0, 0, 199, 1, 0, 10, 1, 0, 154, 3, 191]
1542739795682;[171, 0, 17, 255, 161, 74, 234, 45, 40, 0, 0, 198, 1, 0, 10, 1, 0, 152, 3, 190]
1542739795684;[171, 0, 17, 255, 161, 74, 234, 45, 40, 0, 0, 198, 1, 0, 10, 1, 0, 152, 3, 190]
1542739795686;[171, 0, 4, 255, 132, 128, 67]
1542739795688;[171, 0, 4, 255, 132, 128, 67]
1542739795691;[171, 0, 17, 255, 161, 74, 234, 45, 40, 0, 0, 201, 1, 0, 10, 1, 0, 154, 3, 167]
1542739795693;[171, 0, 17, 255, 161, 74, 234, 45, 40, 0, 0, 201, 1, 0, 10, 1, 0, 154, 3, 167]
1542739795847;[171, 0, 17, 255, 161, 74, 234, 45, 40, 0, 0, 199, 1, 0, 10, 1, 0, 150, 3, 136]
1542739795849;[171, 0, 17, 255, 161, 74, 234, 45, 40, 0, 0, 199, 1, 0, 10, 1, 0, 150, 3, 136]
1542739795852;[171, 0, 17, 255, 161, 74, 234, 45, 40, 0, 0, 195, 1, 0, 10, 1, 0, 152, 3, 115]
1542739795854;[171, 0, 17, 255, 161, 74, 234, 45, 40, 0, 0, 195, 1, 0, 10, 1, 0, 152, 3, 115]
1542739796019;[171, 0, 17, 255, 161, 74, 234, 45, 40, 0, 0, 200, 1, 0, 9, 1, 0, 153, 3, 87]
1542739796021;[171, 0, 17, 255, 161, 74, 234, 45, 40, 0, 0, 200, 1, 0, 9, 1, 0, 153, 3, 87]
1542739796023;[171, 0, 17, 255, 161, 74, 234, 45, 41, 0, 0, 199, 1, 0, 10, 1, 0, 151, 3, 50]
1542739796024;[171, 0, 17, 255, 161, 74, 234, 45, 41, 0, 0, 199, 1, 0, 10, 1, 0, 151, 3, 50]
1542739796366;[171, 0, 17, 255, 161, 74, 234, 45, 41, 0, 0, 202, 1, 0, 11, 1, 0, 151, 3, 18]
1542739796367;[171, 0, 17, 255, 161, 74, 234, 45, 41, 0, 0, 202, 1, 0, 11, 1, 0, 151, 3, 18]
1542739796370;[171, 0, 17, 255, 161, 74, 234, 45, 41, 0, 0, 201, 1, 0, 12, 1, 0, 151, 3, 25]
1542739796372;[171, 0, 17, 255, 161, 74, 234, 45, 41, 0, 0, 201, 1, 0, 12, 1, 0, 151, 3, 25]
1542739796377;[171, 0, 17, 255, 161, 74, 234, 45, 41, 0, 0, 199, 1, 0, 9, 1, 0, 151, 3, 89]
1542739796379;[171, 0, 17, 255, 161, 74, 234, 45, 41, 0, 0, 199, 1, 0, 9, 1, 0, 151, 3, 89]
1542739796537;[171, 0, 17, 255, 161, 74, 234, 45, 41, 0, 0, 197, 1, 0, 10, 1, 0, 152, 3, 108]
1542739796539;[171, 0, 17, 255, 161, 74, 234, 45, 41, 0, 0, 197, 1, 0, 10, 1, 0, 152, 3, 108]
1542739796541;[171, 0, 17, 255, 161, 74, 234, 45, 41, 0, 0, 197, 1, 0, 11, 1, 0, 152, 3, 117]
1542739796543;[171, 0, 17, 255, 161, 74, 234, 45, 41, 0, 0, 197, 1, 0, 11, 1, 0, 152, 3, 117]
1542739796709;[171, 0, 4, 255, 132, 128, 67]
1542739796712;[171, 0, 4, 255, 132, 128, 67]
1542739796718;[171, 0, 17, 255, 161, 74, 234, 45, 41, 0, 0, 198, 1, 0, 9, 1, 0, 151, 3, 117]
1542739796720;[171, 0, 17, 255, 161, 74, 234, 45, 41, 0, 0, 198, 1, 0, 9, 1, 0, 151, 3, 117]
1542739797228;[171, 0, 17, 255, 161, 74, 234, 45, 41, 0, 0, 200, 1, 0, 9, 1, 0, 152, 3, 117]
1542739797230;[171, 0, 17, 255, 161, 74, 234, 45, 41, 0, 0, 200, 1, 0, 9, 1, 0, 152, 3, 117]
1542739797232;[171, 0, 17, 255, 161, 74, 234, 45, 41, 0, 0, 201, 1, 0, 9, 1, 0, 153, 3, 125]
