1542700835743;[171, 0, 17, 255, 161, 74, 233, 0, 207, 1, 0, 5, 1, 1, 15, 1, 0, 36, 8, 232]
1542700835748;[171, 0, 17, 255, 161, 74, 233, 0, 207, 1, 0, 22, 1, 0, 200, 1, 0, 31, 8, 253]
1542700835749;[171, 0, 17, 255, 161, 74, 233, 0, 207, 1, 0, 22, 1, 0, 200, 1, 0, 31, 8, 253]
1542700835911;[171, 0, 17, 255, 161, 74, 233, 0, 208, 0, 0, 14, 1, 0, 236, 1, 0, 22, 9, 1]
1542700835912;[171, 0, 17, 255, 161, 74, 233, 0, 208, 0, 0, 14, 1, 0, 236, 1, 0, 22, 9, 1]
1542700835913;[171, 0, 17, 255, 161, 74, 233, 0, 208, 0, 0, 27, 1, 0, 253, 1, 0, 50, 8, 255]
1542700835914;[171, 0, 17, 255, 161, 74, 233, 0, 208, 0, 0, 27, 1, 0, 253, 1, 0, 50, 8, 255]
1542700836084;[171, 0, 17, 255, 161, 74, 233, 0, 208, 1, 0, 45, 1, 1, 9, 1, 0, 47, 9, 12]
1542700836103;[171, 0, 17, 255, 161, 74, 233, 0, 208, 1, 0, 45, 1, 1, 9, 1, 0, 47, 9, 12]
1542700836103;[171, 0, 17, 255, 161, 74, 233, 0, 208, 1, 0, 19, 1, 0, 214, 1, 0, 67, 9, 12]
1542700836104;[171, 0, 17, 255, 161, 74, 233, 0, 208, 1, 0, 19, 1, 0, 214, 1, 0, 67, 9, 12]
1542700836256;[171, 0, 17, 255, 161, 74, 233, 0, 208, 1, 0, 15, 1, 1, 3, 1, 0, 48, 9, 25]
1542700836256;[171, 0, 17, 255, 161, 74, 233, 0, 208, 1, 0, 15, 1, 1, 3, 1, 0, 48, 9, 25]
1542700836429;[171, 0, 17, 255, 161, 74, 233, 0, 208, 0, 0, 47, 1, 1, 16, 1, 0, 39, 9, 28]
1542700836430;[171, 0, 17, 255, 161, 74, 233, 0, 208, 0, 0, 47, 1, 1, 16, 1, 0, 39, 9, 28]
1542700836431;[171, 0, 17, 255, 161, 74, 233, 0, 208, 0, 0, 3, 1, 0, 246, 1, 0, 43, 9, 39]
1542700836432;[171, 0, 17, 255, 161, 74, 233, 0, 208, 0, 0, 3, 1, 0, 246, 1, 0, 43, 9, 39]
1542700836601;[171, 0, 4, 255, 132, 128, 83]
1542700836603;[171, 0, 4, 255, 132, 128, 83]
1542700836621;[171, 0, 17, 255, 161, 74, 233, 0, 208, 1, 0, 10, 1, 1, 1, 1, 0, 56, 9, 45]
1542700836622;[171, 0, 17, 255, 161, 74, 233, 0, 208, 1, 0, 10, 1, 1, 1, 1, 0, 56, 9, 45]
1542700836947;[171, 0, 17, 255, 161, 74, 233, 0, 208, 0, 0, 12, 1, 1, 1, 1, 0, 46, 9, 59]
1542700836948;[171, 0, 17, 255, 161, 74, 233, 0, 208, 0, 0, 12, 1, 1, 1, 1, 0, 46, 9, 59]
1542700836949;[171, 0, 17, 255, 161, 74, 233, 0, 208, 0, 0, 39, 1, 0, 253, 1, 0, 46, 9, 66]
1542700836950;[171, 0, 17, 255, 161, 74, 233, 0, 208, 0, 0, 39, 1, 0, 253, 1, 0, 46, 9, 66]
1542700836951;[171, 0, 17, 255, 161, 74, 233, 0, 209, 0, 0, 28, 1, 0, 238, 1, 0, 65, 9, 68]
1542700836952;[171, 0, 17, 255, 161, 74, 233, 0, 209, 0, 0, 28, 1, 0, 238, 1, 0, 65, 9, 68]
1542700837118;[171, 0, 17, 255, 161, 74, 233, 0, 209, 1, 0, 3, 1, 0, 246, 1, 0, 38, 9, 75]
1542700837119;[171, 0, 17, 255, 161, 74, 233, 0, 209, 1, 0, 3, 1, 0, 246, 1, 0, 38, 9, 75]
1542700837120;[171, 0, 17, 255, 161, 74, 233, 0, 209, 0, 0, 22, 1, 0, 240, 1, 0, 37, 9, 80]
1542700837121;[171, 0, 17, 255, 161, 74, 233, 0, 209, 0, 0, 22, 1, 0, 240, 1, 0, 37, 9, 80]
1542700837292;[171, 0, 17, 255, 161, 74, 233, 0, 209, 0, 0, 33, 1, 0, 194, 1, 0, 48, 9, 89]
1542700837293;[171, 0, 17, 255, 161, 74, 233, 0, 209, 0, 0, 33, 1, 0, 194, 1, 0, 48, 9, 89]
1542700837294;[171, 0, 17, 255, 161, 74, 233, 0, 209, 0, 0, 24, 1, 0, 238, 1, 0, 31, 9, 94]
1542700837294;[171, 0, 17, 255, 161, 74, 233, 0, 209, 0, 0, 24, 1, 0, 238, 1, 0, 31, 9, 94]
1542700837463;[171, 0, 17, 255, 161, 74, 233, 0, 209, 0, 0, 30, 1, 0, 242, 1, 0, 46, 9, 101]
1542700837464;[171, 0, 17, 255, 161, 74, 233, 0, 209, 0, 0, 30, 1, 0, 242, 1, 0, 46, 9, 101]
1542700837467;[171, 0, 17, 255, 161, 74, 233, 0, 209, 0, 0, 44, 1, 0, 224, 1, 0, 40, 9, 109]
1542700837467;[171, 0, 17, 255, 161, 74, 233, 0, 209, 0, 0, 44, 1, 0, 224, 1, 0, 40, 9, 109]
1542700837635;[171, 0, 4, 255, 132, 128, 83]
1542700837637;[171, 0, 4, 255, 132, 128, 83]
1542700837809;[171, 0, 17, 255, 161, 74, 233, 0, 209, 1, 0, 9, 1, 0, 247, 1, 0, 51, 9, 117]
1542700837810;[171, 0, 17, 255, 161, 74, 233, 0, 209, 1, 0, 9, 1, 0, 247, 1, 0, 51, 9, 117]
1542700837811;[171, 0, 17, 255, 161, 74, 233, 0, 209, 0, 0, 44, 1, 0, 237, 1, 0, 47, 9, 121]
1542700837812;[171, 0, 17, 255, 161, 74, 233, 0, 209, 0, 0, 44, 1, 0, 237, 1, 0, 47, 9, 121]
1542700837982;[171, 0, 17, 255, 161, 74, 233, 0, 209, 0, 0, 18, 1, 0, 219, 1, 0, 23, 9, 125]
1542700837984;[171, 0, 17, 255, 161, 74, 233, 0, 209, 0, 0, 18, 1, 0, 219, 1, 0, 23, 9, 125]
1542700837984;[171, 0, 17, 255, 161, 74, 233, 0, 210, 0, 0, 23, 1, 0, 227, 1, 0, 48, 9, 137]
1542700837985;[171, 0, 17, 255, 161, 74, 233, 0, 210, 0, 0, 23, 1, 0, 227, 1, 0, 48, 9, 137]
1542700838327;[171, 0, 17, 255, 161, 74, 233, 0, 210, 0, 0, 19, 1, 0, 245, 1, 0, 59, 9, 132]
1542700838328;[171, 0, 17, 255, 161, 74, 233, 0, 210, 0, 0, 19, 1, 0, 245, 1, 0, 59, 9, 132]
1542700838331;[171, 0, 17, 255, 161, 74, 233, 0, 210, 0, 0, 59, 1, 0, 254, 1, 0, 48, 9, 139]
1542700838332;[171, 0, 17, 255, 161, 74, 233, 0, 210, 0, 0, 59, 1, 0, 254, 1, 0, 48, 9, 139]
1542700838333;[171, 0, 17, 255, 161, 74, 233, 0, 210, 0, 0, 24, 1, 0, 252, 1, 0, 50, 9, 153]
1542700838334;[171, 0, 17, 255, 161, 74, 233, 0, 210, 0, 0, 24, 1, 0, 252, 1, 0, 50, 9, 153]
1542700838499;[171, 0, 17, 255, 161, 74, 233, 0, 210, 0, 0, 39, 1, 0, 239, 1, 0, 50, 9, 151]
1542700838500;[171, 0, 17, 255, 161, 74, 233, 0, 210, 0, 0, 39, 1, 0, 239, 1, 0, 50, 9, 151]
1542700838501;[171, 0, 17, 255, 161, 74, 233, 0, 210, 0, 0, 52, 1, 0, 226, 1, 0, 56, 9, 155]
1542700838501;[171, 0, 17, 255, 161, 74, 233, 0, 210, 0, 0, 52, 1, 0, 226, 1, 0, 56, 9, 155]
1542700838671;[171, 0, 17, 255, 161, 74, 233, 0, 210, 0, 0, 30, 1, 0, 227, 1, 0, 40, 9, 150]
1542700838672;[171, 0, 17, 255, 161, 74, 233, 0, 210, 0, 0, 30, 1, 0, 227, 1, 0, 40, 9, 150]
1542700838674;[171, 0, 4, 255, 132, 128, 83]
1542700838675;[171, 0, 4, 255, 132, 128, 83]
1542700838844;[171, 0, 17, 255, 161, 74, 233, 0, 210, 0, 0, 27, 1, 0, 237, 1, 0, 43, 9, 162]
1542700838845;[171, 0, 17, 255, 161, 74, 233, 0, 210, 0, 0, 27, 1, 0, 237, 1, 0, 43, 9, 162]
1542700839017;[171, 0, 17, 255, 161, 74, 233, 0, 210, 0, 0, 25, 1, 0, 235, 1, 0, 42, 9, 178]
1542700839018;[171, 0, 17, 255, 161, 74, 233, 0, 210, 0, 0, 25, 1, 0, 235, 1, 0, 42, 9, 178]
1542700839019;[171, 0, 17, 255, 161, 74, 233, 0, 210, 0, 0, 14, 1, 0, 239, 1, 0, 52, 9, 188]
1542700839020;[171, 0, 17, 255, 161, 74, 233, 0, 210, 0, 0, 14, 1, 0, 239, 1, 0, 52, 9, 188]
1542700839188;[171, 0, 17, 255, 161, 74, 233, 0, 211, 0, 0, 27, 1, 0, 197, 1, 0, 34, 9, 183]
1542700839189;[171, 0, 17, 255, 161, 74, 233, 0, 211, 0, 0, 27, 1, 0, 197, 1, 0, 34, 9, 183]
1542700839192;[171, 0, 17, 255, 161, 74, 233, 0, 211, 0, 0, 55, 1, 0, 255, 1, 0, 55, 9, 185]
1542700839192;[171, 0, 17, 255, 161, 74, 233, 0, 211, 0, 0, 55, 1, 0, 255, 1, 0, 55, 9, 185]
1542700839534;[171, 0, 17, 255, 161, 74, 233, 0, 211, 0, 0, 12, 1, 0, 208, 1, 0, 63, 9, 189]
1542700839535;[171, 0, 17, 255, 161, 74, 233, 0, 211, 0, 0, 12, 1, 0, 208, 1, 0, 63, 9, 189]
1542700839536;[171, 0, 17, 255, 161, 74, 233, 0, 211, 0, 0, 18, 1, 1, 11, 1, 0, 38, 9, 197]
1542700839537;[171, 0, 17, 255, 161, 74, 233, 0, 211, 0, 0, 18, 1, 1, 11, 1, 0, 38, 9, 197]
1542700839539;[171, 0, 17, 255, 161, 74, 233, 0, 211, 0, 0, 5, 1, 0, 229, 1, 0, 42, 9, 191]
1542700839540;[171, 0, 17, 255, 161, 74, 233, 0, 211, 0, 0, 5, 1, 0, 229, 1, 0, 42, 9, 191]
1542700839706;[171, 0, 17, 255, 161, 74, 233, 0, 211, 0, 0, 19, 1, 0, 211, 1, 0, 36, 9, 214]
1542700839707;[171, 0, 17, 255, 161, 74, 233, 0, 211, 0, 0, 19, 1, 0, 211, 1, 0, 36, 9, 214]
1542700839708;[171, 0, 17, 255, 161, 74, 233, 0, 211, 0, 0, 59, 1, 0, 247, 1, 0, 56, 9, 197]
1542700839709;[171, 0, 17, 255, 161, 74, 233, 0, 211, 0, 0, 59, 1, 0, 247, 1, 0, 56, 9, 197]
1542700839879;[171, 0, 4, 255, 132, 128, 83]
1542700839880;[171, 0, 4, 255, 132, 128, 83]
1542700839899;[171, 0, 17, 255, 161, 74, 233, 0, 211, 0, 0, 23, 1, 0, 231, 1, 0, 52, 9, 185]
1542700839900;[171, 0, 17, 255, 161, 74, 233, 0, 211, 0, 0, 23, 1, 0, 231, 1, 0, 52, 9, 185]
1542700840050;[171, 0, 17, 255, 161, 74, 233, 0, 211, 0, 0, 5, 1, 1, 14, 1, 0, 57, 9, 185]
1542700840051;[171, 0, 17, 255, 161, 74, 233, 0, 211, 0, 0, 5, 1, 1, 14, 1, 0, 57, 9, 185]
1542700840224;[171, 0, 17, 255, 161, 74, 233, 0, 211, 1, 0, 27, 1, 1, 4, 1, 0, 58, 9, 180]
1542700840225;[171, 0, 17, 255, 161, 74, 233, 0, 211, 1, 0, 27, 1, 1, 4, 1, 0, 58, 9, 180]
1542700840226;[171, 0, 17, 255, 161, 74, 233, 0, 212, 0, 0, 36, 1, 0, 247, 1, 0, 49, 9, 180]
1542700840227;[171, 0, 17, 255, 161, 74, 233, 0, 212, 0, 0, 36, 1, 0, 247, 1, 0, 49, 9, 180]
1542700840398;[171, 0, 17, 255, 161, 74, 233, 0, 212, 0, 0, 67, 1, 0, 238, 1, 0, 102, 9, 184]
1542700840400;[171, 0, 17, 255, 161, 74, 233, 0, 212, 0, 0, 67, 1, 0, 238, 1, 0, 102, 9, 184]
1542700840400;[171, 0, 17, 255, 161, 74, 233, 0, 212, 0, 0, 34, 1, 0, 243, 1, 0, 63, 9, 177]
1542700840401;[171, 0, 17, 255, 161, 74, 233, 0, 212, 0, 0, 34, 1, 0, 243, 1, 0, 63, 9, 177]
1542700840918;[171, 0, 17, 255, 161, 74, 233, 0, 212, 0, 0, 8, 1, 0, 219, 1, 0, 46, 9, 196]
1542700840919;[171, 0, 17, 255, 161, 74, 233, 0, 212, 0, 0, 8, 1, 0, 219, 1, 0, 46, 9, 196]
1542700840920;[171, 0, 17, 255, 161, 74, 233, 0, 212, 0, 0, 16, 1, 0, 165, 1, 0, 24, 9, 207]
1542700840921;[171, 0, 17, 255, 161, 74, 233, 0, 212, 0, 0, 16, 1, 0, 165, 1, 0, 24, 9, 207]
1542700840922;[171, 0, 17, 255, 161, 74, 233, 0, 212, 1, 0, 47, 1, 0, 231, 1, 0, 39, 9, 202]
1542700840923;[171, 0, 17, 255, 161, 74, 233, 0, 212, 1, 0, 47, 1, 0, 231, 1, 0, 39, 9, 202]
1542700840926;[171, 0, 17, 255, 161, 74, 233, 0, 212, 0, 0, 47, 1, 0, 237, 1, 0, 71, 9, 207]
1542700840926;[171, 0, 17, 255, 161, 74, 233, 0, 212, 0, 0, 47, 1, 0, 237, 1, 0, 71, 9, 207]
1542700841089;[171, 0, 4, 255, 132, 128, 83]
1542700841090;[171, 0, 4, 255, 132, 128, 83]
1542700841110;[171, 0, 17, 255, 161, 74, 233, 0, 212, 1, 0, 7, 1, 0, 242, 1, 0, 24, 9, 200]
1542700841111;[171, 0, 17, 255, 161, 74, 233, 0, 212, 1, 0, 7, 1, 0, 242, 1, 0, 24, 9, 200]
1542700841111;[171, 0, 17, 255, 161, 74, 233, 0, 212, 0, 0, 28, 1, 1, 70, 1, 0, 78, 9, 122]
1542700841112;[171, 0, 17, 255, 161, 74, 233, 0, 212, 0, 0, 28, 1, 1, 70, 1, 0, 78, 9, 122]
1542700841259;[171, 0, 17, 255, 161, 74, 233, 0, 212, 0, 0, 43, 1, 1, 7, 1, 0, 87, 9, 11]
1542700841259;[171, 0, 17, 255, 161, 74, 233, 0, 212, 0, 0, 43, 1, 1, 7, 1, 0, 87, 9, 11]
1542700841262;[171, 0, 17, 255, 161, 74, 233, 0, 213, 0, 0, 58, 1, 0, 241, 1, 0, 73, 8, 163]
1542700841263;[171, 0, 17, 255, 161, 74, 233, 0, 213, 0, 0, 58, 1, 0, 241, 1, 0, 73, 8, 163]
1542700841430;[171, 0, 17, 255, 161, 74, 233, 0, 213, 1, 0, 27, 1, 0, 218, 1, 0, 37, 8, 116]
1542700841431;[171, 0, 17, 255, 161, 74, 233, 0, 213, 1, 0, 27, 1, 0, 218, 1, 0, 37, 8, 116]
1542700841604;[171, 0, 17, 255, 161, 74, 233, 0, 213, 0, 0, 78, 1, 1, 4, 1, 0, 37, 8, 110]
1542700841604;[171, 0, 17, 255, 161, 74, 233, 0, 213, 0, 0, 78, 1, 1, 4, 1, 0, 37, 8, 110]
1542700841606;[171, 0, 17, 255, 161, 74, 233, 0, 213, 0, 0, 17, 1, 0, 185, 1, 0, 93, 8, 64]
1542700841607;[171, 0, 17, 255, 161, 74, 233, 0, 213, 0, 0, 17, 1, 0, 185, 1, 0, 93, 8, 64]
1542700841776;[171, 0, 17, 255, 161, 74, 233, 0, 213, 1, 0, 11, 1, 0, 224, 1, 0, 56, 8, 74]
1542700841777;[171, 0, 17, 255, 161, 74, 233, 0, 213, 1, 0, 11, 1, 0, 224, 1, 0, 56, 8, 74]
1542700841778;[171, 0, 17, 255, 161, 74, 233, 0, 213, 0, 0, 3, 1, 1, 8, 1, 0, 58, 8, 100]
1542700841779;[171, 0, 17, 255, 161, 74, 233, 0, 213, 0, 0, 3, 1, 1, 8, 1, 0, 58, 8, 100]
1542700842129;[171, 0, 17, 255, 161, 74, 233, 0, 213, 0, 0, 52, 1, 0, 221, 1, 0, 64, 8, 92]
1542700842129;[171, 0, 17, 255, 161, 74, 233, 0, 213, 0, 0, 52, 1, 0, 221, 1, 0, 64, 8, 92]
1542700842130;[171, 0, 4, 255, 132, 128, 83]
1542700842131;[171, 0, 4, 255, 132, 128, 83]
1542700842149;[171, 0, 17, 255, 161, 74, 233, 0, 213, 0, 0, 16, 1, 0, 218, 1, 0, 38, 8, 90]
1542700842150;[171, 0, 17, 255, 161, 74, 233, 0, 213, 0, 0, 16, 1, 0, 218, 1, 0, 38, 8, 90]
1542700842293;[171, 0, 17, 255, 161, 74, 233, 0, 213, 0, 0, 15, 1, 0, 231, 1, 0, 57, 8, 88]
1542700842294;[171, 0, 17, 255, 161, 74, 233, 0, 213, 0, 0, 15, 1, 0, 231, 1, 0, 57, 8, 88]
1542700842295;[171, 0, 17, 255, 161, 74, 233, 0, 213, 1, 0, 6, 1, 0, 226, 1, 0, 56, 8, 100]
1542700842296;[171, 0, 17, 255, 161, 74, 233, 0, 213, 1, 0, 6, 1, 0, 226, 1, 0, 56, 8, 100]
1542700842466;[171, 0, 17, 255, 161, 74, 233, 0, 214, 0, 0, 147, 1, 0, 129, 0, 0, 243, 8, 125]
1542700842467;[171, 0, 17, 255, 161, 74, 233, 0, 214, 0, 0, 147, 1, 0, 129, 0, 0, 243, 8, 125]
1542700842469;[171, 0, 17, 255, 161, 74, 233, 0, 214, 1, 0, 15, 1, 1, 11, 1, 0, 33, 8, 7]
1542700842469;[171, 0, 17, 255, 161, 74, 233, 0, 214, 1, 0, 15, 1, 1, 11, 1, 0, 33, 8, 7]
1542700842645;[171, 0, 17, 255, 161, 74, 233, 0, 214, 0, 0, 37, 1, 0, 231, 1, 0, 70, 7, 168]
1542700842645;[171, 0, 17, 255, 161, 74, 233, 0, 214, 0, 0, 37, 1, 0, 231, 1, 0, 70, 7, 168]
1542700842811;[171, 0, 17, 255, 161, 74, 233, 0, 214, 1, 0, 31, 1, 1, 0, 1, 0, 45, 7, 92]
1542700842812;[171, 0, 17, 255, 161, 74, 233, 0, 214, 1, 0, 31, 1, 1, 0, 1, 0, 45, 7, 92]
1542700842814;[171, 0, 17, 255, 161, 74, 233, 0, 214, 0, 0, 54, 1, 0, 252, 1, 0, 56, 7, 23]
1542700842814;[171, 0, 17, 255, 161, 74, 233, 0, 214, 0, 0, 54, 1, 0, 252, 1, 0, 56, 7, 23]
1542700842984;[171, 0, 17, 255, 161, 74, 233, 0, 214, 0, 0, 32, 1, 0, 221, 1, 0, 72, 6, 222]
1542700842984;[171, 0, 17, 255, 161, 74, 233, 0, 214, 0, 0, 32, 1, 0, 221, 1, 0, 72, 6, 222]
1542700842986;[171, 0, 17, 255, 161, 74, 233, 0, 214, 0, 0, 44, 1, 0, 245, 1, 0, 52, 6, 191]
1542700842986;[171, 0, 17, 255, 161, 74, 233, 0, 214, 0, 0, 44, 1, 0, 245, 1, 0, 52, 6, 191]
1542700843330;[171, 0, 4, 255, 132, 128, 83]
1542700843331;[171, 0, 4, 255, 132, 128, 83]
1542700843332;[171, 0, 17, 255, 161, 74, 233, 0, 214, 0, 0, 63, 1, 0, 252, 1, 0, 62, 6, 154]
1542700843350;[171, 0, 17, 255, 161, 74, 233, 0, 214, 0, 0, 63, 1, 0, 252, 1, 0, 62, 6, 154]
1542700843351;[171, 0, 17, 255, 161, 74, 233, 0, 214, 0, 0, 31, 1, 0, 232, 1, 0, 68, 6, 127]
1542700843351;[171, 0, 17, 255, 161, 74, 233, 0, 214, 0, 0, 31, 1, 0, 232, 1, 0, 68, 6, 127]
1542700843502;[171, 0, 17, 255, 161, 74, 233, 0, 214, 0, 0, 5, 1, 0, 226, 1, 0, 55, 6, 91]
1542700843503;[171, 0, 17, 255, 161, 74, 233, 0, 214, 0, 0, 5, 1, 0, 226, 1, 0, 55, 6, 91]
1542700843505;[171, 0, 17, 255, 161, 74, 233, 0, 215, 0, 0, 19, 1, 0, 201, 1, 0, 41, 6, 87]
1542700843505;[171, 0, 17, 255, 161, 74, 233, 0, 215, 0, 0, 19, 1, 0, 201, 1, 0, 41, 6, 87]
1542700843674;[171, 0, 17, 255, 161, 74, 233, 0, 215, 0, 0, 33, 1, 0, 222, 1, 0, 46, 6, 81]
1542700843675;[171, 0, 17, 255, 161, 74, 233, 0, 215, 0, 0, 33, 1, 0, 222, 1, 0, 46, 6, 81]
1542700843676;[171, 0, 17, 255, 161, 74, 233, 0, 215, 0, 0, 12, 1, 0, 227, 1, 0, 44, 6, 59]
1542700843677;[171, 0, 17, 255, 161, 74, 233, 0, 215, 0, 0, 12, 1, 0, 227, 1, 0, 44, 6, 59]
1542700843845;[171, 0, 17, 255, 161, 74, 233, 0, 215, 1, 0, 23, 1, 1, 2, 1, 0, 65, 6, 42]
1542700843846;[171, 0, 17, 255, 161, 74, 233, 0, 215, 1, 0, 23, 1, 1, 2, 1, 0, 65, 6, 42]
1542700844019;[171, 0, 17, 255, 161, 74, 233, 0, 215, 0, 0, 35, 1, 1, 11, 1, 0, 57, 6, 44]
1542700844020;[171, 0, 17, 255, 161, 74, 233, 0, 215, 0, 0, 35, 1, 1, 11, 1, 0, 57, 6, 44]
1542700844022;[171, 0, 17, 255, 161, 74, 233, 0, 215, 1, 0, 19, 1, 0, 242, 1, 0, 52, 6, 56]
1542700844023;[171, 0, 17, 255, 161, 74, 233, 0, 215, 1, 0, 19, 1, 0, 242, 1, 0, 52, 6, 56]
1542700844192;[171, 0, 17, 255, 161, 74, 233, 0, 215, 0, 0, 6, 1, 0, 239, 1, 0, 51, 6, 40]
1542700844192;[171, 0, 17, 255, 161, 74, 233, 0, 215, 0, 0, 6, 1, 0, 239, 1, 0, 51, 6, 40]
1542700844194;[171, 0, 4, 255, 132, 128, 83]
1542700844195;[171, 0, 4, 255, 132, 128, 83]
1542700844364;[171, 0, 17, 255, 161, 74, 233, 0, 215, 1, 0, 11, 1, 0, 230, 1, 0, 60, 6, 49]
1542700844365;[171, 0, 17, 255, 161, 74, 233, 0, 215, 1, 0, 11, 1, 0, 230, 1, 0, 60, 6, 49]
1542700844366;[171, 0, 17, 255, 161, 74, 233, 0, 215, 0, 0, 24, 1, 0, 219, 1, 0, 53, 6, 11]
1542700844367;[171, 0, 17, 255, 161, 74, 233, 0, 215, 0, 0, 24, 1, 0, 219, 1, 0, 53, 6, 11]
1542700844710;[171, 0, 17, 255, 161, 74, 233, 0, 215, 1, 0, 13, 1, 0, 230, 1, 0, 47, 5, 238]
1542700844711;[171, 0, 17, 255, 161, 74, 233, 0, 215, 1, 0, 13, 1, 0, 230, 1, 0, 47, 5, 238]
1542700844712;[171, 0, 17, 255, 161, 74, 233, 0, 216, 0, 0, 29, 1, 0, 230, 1, 0, 33, 5, 209]
1542700844713;[171, 0, 17, 255, 161, 74, 233, 0, 216, 0, 0, 29, 1, 0, 230, 1, 0, 33, 5, 209]
1542700844715;[171, 0, 17, 255, 161, 74, 233, 0, 216, 0, 0, 13, 1, 0, 230, 1, 0, 56, 5, 168]
1542700844716;[171, 0, 17, 255, 161, 74, 233, 0, 216, 0, 0, 13, 1, 0, 230, 1, 0, 56, 5, 168]
1542700844882;[171, 0, 17, 255, 161, 74, 233, 0, 216, 0, 0, 18, 1, 0, 234, 1, 0, 53, 5, 128]
1542700844883;[171, 0, 17, 255, 161, 74, 233, 0, 216, 0, 0, 18, 1, 0, 234, 1, 0, 53, 5, 128]
1542700844885;[171, 0, 17, 255, 161, 74, 233, 0, 216, 0, 0, 41, 1, 0, 238, 1, 0, 56, 5, 58]
1542700844886;[171, 0, 17, 255, 161, 74, 233, 0, 216, 0, 0, 41, 1, 0, 238, 1, 0, 56, 5, 58]
1542700845053;[171, 0, 17, 255, 161, 74, 233, 0, 216, 0, 0, 19, 1, 0, 250, 1, 0, 58, 4, 155]
1542700845054;[171, 0, 17, 255, 161, 74, 233, 0, 216, 0, 0, 19, 1, 0, 250, 1, 0, 58, 4, 155]
1542700845226;[171, 0, 17, 255, 161, 74, 233, 0, 216, 0, 0, 15, 1, 0, 238, 1, 0, 63, 3, 218]
1542700845227;[171, 0, 17, 255, 161, 74, 233, 0, 216, 0, 0, 15, 1, 0, 238, 1, 0, 63, 3, 218]
1542700845228;[171, 0, 17, 255, 161, 74, 233, 0, 216, 0, 0, 19, 1, 0, 240, 1, 0, 58, 3, 44]
1542700845229;[171, 0, 17, 255, 161, 74, 233, 0, 216, 0, 0, 19, 1, 0, 240, 1, 0, 58, 3, 44]
1542700845399;[171, 0, 4, 255, 132, 128, 81]
1542700845401;[171, 0, 4, 255, 132, 128, 81]
1542700845419;[171, 0, 17, 255, 161, 74, 233, 0, 216, 0, 0, 23, 1, 0, 244, 1, 0, 61, 2, 168]
1542700845420;[171, 0, 17, 255, 161, 74, 233, 0, 216, 0, 0, 23, 1, 0, 244, 1, 0, 61, 2, 168]
1542700845572;[171, 0, 17, 255, 161, 74, 233, 0, 216, 0, 0, 43, 1, 0, 230, 1, 0, 61, 2, 89]
1542700845573;[171, 0, 17, 255, 161, 74, 233, 0, 216, 0, 0, 43, 1, 0, 230, 1, 0, 61, 2, 89]
1542700845574;[171, 0, 17, 255, 161, 74, 233, 0, 216, 0, 0, 1, 1, 0, 231, 1, 0, 58, 1, 240]
1542700845574;[171, 0, 17, 255, 161, 74, 233, 0, 216, 0, 0, 1, 1, 0, 231, 1, 0, 58, 1, 240]
1542700845917;[171, 0, 17, 255, 161, 74, 233, 0, 217, 0, 0, 30, 1, 0, 233, 1, 0, 52, 1, 158]
1542700845918;[171, 0, 17, 255, 161, 74, 233, 0, 217, 0, 0, 30, 1, 0, 233, 1, 0, 52, 1, 158]
1542700845919;[171, 0, 17, 255, 161, 74, 233, 0, 217, 0, 0, 50, 1, 0, 229, 1, 0, 49, 1, 60]
1542700845920;[171, 0, 17, 255, 161, 74, 233, 0, 217, 0, 0, 50, 1, 0, 229, 1, 0, 49, 1, 60]
1542700845921;[171, 0, 17, 255, 161, 74, 233, 0, 217, 1, 0, 1, 1, 0, 244, 1, 0, 53, 0, 233]
1542700845922;[171, 0, 17, 255, 161, 74, 233, 0, 217, 1, 0, 1, 1, 0, 244, 1, 0, 53, 0, 233]
1542700846088;[171, 0, 17, 255, 161, 74, 233, 0, 217, 0, 0, 4, 1, 0, 240, 1, 0, 59, 16, 133]
1542700846089;[171, 0, 17, 255, 161, 74, 233, 0, 217, 0, 0, 4, 1, 0, 240, 1, 0, 59, 16, 133]
1542700846091;[171, 0, 17, 255, 161, 74, 233, 0, 217, 0, 0, 10, 1, 0, 214, 1, 0, 42, 7, 144]
1542700846092;[171, 0, 17, 255, 161, 74, 233, 0, 217, 0, 0, 10, 1, 0, 214, 1, 0, 42, 7, 144]
1542700846261;[171, 0, 17, 255, 161, 74, 233, 0, 217, 0, 0, 51, 1, 0, 245, 1, 0, 41, 7, 79]
1542700846262;[171, 0, 17, 255, 161, 74, 233, 0, 217, 0, 0, 51, 1, 0, 245, 1, 0, 41, 7, 79]
1542700846263;[171, 0, 17, 255, 161, 74, 233, 0, 217, 0, 0, 10, 1, 0, 223, 1, 0, 41, 7, 44]
1542700846264;[171, 0, 17, 255, 161, 74, 233, 0, 217, 0, 0, 10, 1, 0, 223, 1, 0, 41, 7, 44]
1542700846433;[171, 0, 4, 255, 132, 128, 81]
1542700846434;[171, 0, 4, 255, 132, 128, 81]
1542700846606;[171, 0, 17, 255, 161, 74, 233, 0, 217, 0, 0, 115, 1, 0, 233, 1, 0, 35, 7, 22]
1542700846607;[171, 0, 17, 255, 161, 74, 233, 0, 217, 0, 0, 115, 1, 0, 233, 1, 0, 35, 7, 22]
1542700846608;[171, 0, 17, 255, 161, 74, 233, 0, 217, 1, 0, 25, 1, 0, 217, 1, 0, 56, 6, 170]
1542700846609;[171, 0, 17, 255, 161, 74, 233, 0, 217, 1, 0, 25, 1, 0, 217, 1, 0, 56, 6, 170]
1542700846779;[171, 0, 17, 255, 161, 74, 233, 0, 217, 0, 0, 19, 1, 0, 249, 1, 0, 53, 6, 88]
1542700846780;[171, 0, 17, 255, 161, 74, 233, 0, 217, 0, 0, 19, 1, 0, 249, 1, 0, 53, 6, 88]
1542700846781;[171, 0, 17, 255, 161, 74, 233, 0, 218, 1, 0, 34, 1, 1, 13, 1, 0, 68, 6, 88]
1542700846782;[171, 0, 17, 255, 161, 74, 233, 0, 218, 1, 0, 34, 1, 1, 13, 1, 0, 68, 6, 88]
1542700847297;[171, 0, 17, 255, 161, 74, 233, 0, 218, 0, 0, 30, 1, 0, 243, 1, 0, 63, 6, 46]
1542700847299;[171, 0, 17, 255, 161, 74, 233, 0, 218, 0, 0, 30, 1, 0, 243, 1, 0, 63, 6, 46]
1542700847300;[171, 0, 17, 255, 161, 74, 233, 0, 218, 0, 0, 23, 1, 1, 11, 1, 0, 64, 6, 79]
1542700847301;[171, 0, 17, 255, 161, 74, 233, 0, 218, 0, 0, 23, 1, 1, 11, 1, 0, 64, 6, 79]
1542700847303;[171, 0, 17, 255, 161, 74, 233, 0, 218, 1, 0, 1, 1, 1, 4, 1, 0, 27, 6, 56]
1542700847304;[171, 0, 17, 255, 161, 74, 233, 0, 218, 1, 0, 1, 1, 1, 4, 1, 0, 27, 6, 56]
1542700847305;[171, 0, 17, 255, 161, 74, 233, 0, 218, 0, 0, 30, 1, 0, 245, 1, 0, 44, 6, 63]
1542700847306;[171, 0, 17, 255, 161, 74, 233, 0, 218, 0, 0, 30, 1, 0, 245, 1, 0, 44, 6, 63]
1542700847469;[171, 0, 17, 255, 161, 74, 233, 0, 218, 0, 0, 17, 1, 0, 230, 1, 0, 39, 6, 78]
1542700847470;[171, 0, 17, 255, 161, 74, 233, 0, 218, 0, 0, 17, 1, 0, 230, 1, 0, 39, 6, 78]
1542700847471;[171, 0, 17, 255, 161, 74, 233, 0, 218, 1, 0, 7, 1, 0, 216, 1, 0, 67, 6, 89]
1542700847473;[171, 0, 17, 255, 161, 74, 233, 0, 218, 1, 0, 7, 1, 0, 216, 1, 0, 67, 6, 89]
1542700847473;[171, 0, 4, 255, 132, 128, 81]
1542700847475;[171, 0, 4, 255, 132, 128, 81]
1542700847641;[171, 0, 17, 255, 161, 74, 233, 0, 218, 1, 0, 10, 1, 0, 234, 1, 0, 52, 6, 84]
1542700847642;[171, 0, 17, 255, 161, 74, 233, 0, 218, 1, 0, 10, 1, 0, 234, 1, 0, 52, 6, 84]
1542700847814;[171, 0, 17, 255, 161, 74, 233, 0, 218, 0, 0, 32, 1, 0, 231, 1, 0, 50, 6, 72]
1542700847815;[171, 0, 17, 255, 161, 74, 233, 0, 218, 0, 0, 32, 1, 0, 231, 1, 0, 50, 6, 72]
1542700847816;[171, 0, 17, 255, 161, 74, 233, 0, 218, 1, 0, 2, 1, 1, 10, 1, 0, 46, 6, 77]
1542700847817;[171, 0, 17, 255, 161, 74, 233, 0, 218, 1, 0, 2, 1, 1, 10, 1, 0, 46, 6, 77]
1542700847986;[171, 0, 17, 255, 161, 74, 233, 0, 219, 0, 0, 4, 1, 0, 248, 1, 0, 50, 6, 64]
1542700847987;[171, 0, 17, 255, 161, 74, 233, 0, 219, 0, 0, 4, 1, 0, 248, 1, 0, 50, 6, 64]
1542700847988;[171, 0, 17, 255, 161, 74, 233, 0, 219, 1, 0, 7, 1, 0, 236, 1, 0, 46, 6, 72]
1542700847989;[171, 0, 17, 255, 161, 74, 233, 0, 219, 1, 0, 7, 1, 0, 236, 1, 0, 46, 6, 72]
1542700850091;[171, 0, 17, 255, 161, 74, 233, 0, 219, 1, 0, 2, 1, 0, 222, 1, 0, 53, 6, 81]
1542700850092;[171, 0, 17, 255, 161, 74, 233, 0, 219, 1, 0, 2, 1, 0, 222, 1, 0, 53, 6, 81]
1542700850092;[171, 0, 17, 255, 161, 74, 233, 0, 219, 0, 0, 33, 1, 0, 241, 1, 0, 50, 6, 99]
1542700850093;[171, 0, 17, 255, 161, 74, 233, 0, 219, 0, 0, 33, 1, 0, 241, 1, 0, 50, 6, 99]
1542700850094;[171, 0, 17, 255, 161, 74, 233, 0, 219, 1, 0, 1, 1, 0, 245, 1, 0, 48, 6, 96]
1542700850095;[171, 0, 17, 255, 161, 74, 233, 0, 219, 1, 0, 1, 1, 0, 245, 1, 0, 48, 6, 96]
1542700850095;[171, 0, 17, 255, 161, 74, 233, 0, 219, 0, 0, 12, 1, 0, 241, 1, 0, 75, 6, 114]
1542700850096;[171, 0, 17, 255, 161, 74, 233, 0, 219, 0, 0, 12, 1, 0, 241, 1, 0, 75, 6, 114]
1542700850096;[171, 0, 17, 255, 161, 74, 233, 0, 219, 0, 0, 44, 1, 0, 250, 1, 0, 61, 6, 133]
1542700850097;[171, 0, 17, 255, 161, 74, 233, 0, 219, 0, 0, 44, 1, 0, 250, 1, 0, 61, 6, 133]
1542700850098;[171, 0, 4, 255, 132, 128, 80]
1542700850099;[171, 0, 4, 255, 132, 128, 80]
1542700850100;[171, 0, 17, 255, 161, 74, 233, 0, 219, 0, 0, 42, 1, 0, 245, 1, 0, 75, 6, 120]
1542700850100;[171, 0, 17, 255, 161, 74, 233, 0, 219, 0, 0, 42, 1, 0, 245, 1, 0, 75, 6, 120]
1542700850101;[171, 0, 17, 255, 161, 74, 233, 0, 219, 0, 0, 34, 1, 0, 241, 1, 0, 94, 6, 127]
1542700850101;[171, 0, 17, 255, 161, 74, 233, 0, 219, 0, 0, 34, 1, 0, 241, 1, 0, 94, 6, 127]
1542700850102;[171, 0, 17, 255, 161, 74, 233, 0, 219, 0, 0, 50, 1, 0, 234, 1, 0, 57, 6, 135]
1542700850102;[171, 0, 17, 255, 161, 74, 233, 0, 219, 0, 0, 50, 1, 0, 234, 1, 0, 57, 6, 135]
1542700850103;[171, 0, 17, 255, 161, 74, 233, 0, 220, 0, 0, 25, 1, 0, 240, 1, 0, 62, 6, 163]
1542700850103;[171, 0, 17, 255, 161, 74, 233, 0, 220, 0, 0, 25, 1, 0, 240, 1, 0, 62, 6, 163]
1542700850105;[171, 0, 17, 255, 161, 74, 233, 0, 220, 0, 0, 36, 1, 0, 236, 1, 0, 50, 6, 178]
1542700850106;[171, 0, 17, 255, 161, 74, 233, 0, 220, 0, 0, 36, 1, 0, 236, 1, 0, 50, 6, 178]
1542700850107;[171, 0, 17, 255, 161, 74, 233, 0, 220, 0, 0, 9, 1, 0, 233, 1, 0, 46, 6, 190]
1542700850107;[171, 0, 17, 255, 161, 74, 233, 0, 220, 0, 0, 9, 1, 0, 233, 1, 0, 46, 6, 190]
1542700850109;[171, 0, 17, 255, 161, 74, 233, 0, 220, 0, 0, 8, 1, 0, 242, 1, 0, 38, 6, 204]
1542700850109;[171, 0, 17, 255, 161, 74, 233, 0, 220, 0, 0, 8, 1, 0, 242, 1, 0, 38, 6, 204]
1542700850109;[171, 0, 17, 255, 161, 74, 233, 0, 220, 0, 0, 19, 1, 0, 224, 1, 0, 54, 6, 228]
1542700850110;[171, 0, 17, 255, 161, 74, 233, 0, 220, 0, 0, 19, 1, 0, 224, 1, 0, 54, 6, 228]
1542700850112;[171, 0, 17, 255, 161, 74, 233, 0, 220, 0, 0, 5, 1, 0, 230, 1, 0, 49, 6, 240]
1542700850113;[171, 0, 17, 255, 161, 74, 233, 0, 220, 0, 0, 5, 1, 0, 230, 1, 0, 49, 6, 240]
1542700850114;[171, 0, 17, 255, 161, 74, 233, 0, 222, 0, 0, 71, 1, 1, 6, 1, 0, 47, 8, 204]
1542700850115;[171, 0, 17, 255, 161, 74, 233, 0, 222, 0, 0, 71, 1, 1, 6, 1, 0, 47, 8, 204]
1542700850115;[171, 0, 17, 255, 161, 74, 233, 0, 222, 0, 0, 15, 1, 0, 220, 1, 0, 69, 8, 243]
1542700850116;[171, 0, 17, 255, 161, 74, 233, 0, 222, 0, 0, 15, 1, 0, 220, 1, 0, 69, 8, 243]
1542700850117;[171, 0, 17, 255, 161, 74, 233, 0, 222, 0, 0, 19, 1, 0, 233, 1, 0, 58, 9, 30]
1542700850118;[171, 0, 17, 255, 161, 74, 233, 0, 222, 0, 0, 19, 1, 0, 233, 1, 0, 58, 9, 30]
1542700850229;[171, 0, 17, 255, 161, 74, 233, 0, 223, 0, 0, 63, 1, 0, 255, 1, 0, 61, 9, 62]
1542700850230;[171, 0, 17, 255, 161, 74, 233, 0, 223, 0, 0, 63, 1, 0, 255, 1, 0, 61, 9, 62]
1542700850231;[171, 0, 17, 255, 161, 74, 233, 0, 223, 0, 0, 36, 1, 0, 214, 1, 0, 55, 9, 92]
1542700850232;[171, 0, 17, 255, 161, 74, 233, 0, 223, 0, 0, 36, 1, 0, 214, 1, 0, 55, 9, 92]
1542700850401;[171, 0, 17, 255, 161, 74, 233, 0, 223, 0, 0, 16, 1, 0, 208, 1, 0, 55, 9, 124]
1542700850402;[171, 0, 17, 255, 161, 74, 233, 0, 223, 0, 0, 16, 1, 0, 208, 1, 0, 55, 9, 124]
1542700850403;[171, 0, 17, 255, 161, 74, 233, 0, 223, 0, 0, 40, 1, 0, 224, 1, 0, 50, 9, 153]
1542700850404;[171, 0, 17, 255, 161, 74, 233, 0, 223, 0, 0, 40, 1, 0, 224, 1, 0, 50, 9, 153]
1542700850574;[171, 0, 17, 255, 161, 74, 233, 0, 223, 0, 0, 33, 1, 0, 219, 1, 0, 48, 9, 209]
1542700850575;[171, 0, 17, 255, 161, 74, 233, 0, 223, 0, 0, 33, 1, 0, 219, 1, 0, 48, 9, 209]
1542700850578;[171, 0, 17, 255, 161, 74, 233, 0, 223, 0, 0, 1, 1, 0, 242, 1, 0, 50, 10, 10]
1542700850579;[171, 0, 17, 255, 161, 74, 233, 0, 223, 0, 0, 1, 1, 0, 242, 1, 0, 50, 10, 10]
1542700850746;[171, 0, 17, 255, 161, 74, 233, 0, 223, 0, 0, 16, 1, 1, 0, 1, 0, 35, 10, 48]
1542700850747;[171, 0, 17, 255, 161, 74, 233, 0, 223, 0, 0, 16, 1, 1, 0, 1, 0, 35, 10, 48]
1542700851093;[171, 0, 4, 255, 132, 128, 80]
1542700851095;[171, 0, 4, 255, 132, 128, 80]
1542700851114;[171, 0, 17, 255, 161, 74, 233, 0, 223, 1, 0, 6, 1, 0, 205, 1, 0, 60, 10, 86]
1542700851114;[171, 0, 17, 255, 161, 74, 233, 0, 223, 1, 0, 6, 1, 0, 205, 1, 0, 60, 10, 86]
1542700851115;[171, 0, 17, 255, 161, 74, 233, 0, 223, 0, 0, 0, 1, 0, 245, 1, 0, 46, 10, 129]
1542700851116;[171, 0, 17, 255, 161, 74, 233, 0, 223, 0, 0, 0, 1, 0, 245, 1, 0, 46, 10, 129]
1542700851117;[171, 0, 17, 255, 161, 74, 233, 0, 223, 0, 0, 32, 1, 0, 237, 1, 0, 38, 10, 147]
1542700851117;[171, 0, 17, 255, 161, 74, 233, 0, 223, 0, 0, 32, 1, 0, 237, 1, 0, 38, 10, 147]
1542700851265;[171, 0, 17, 255, 161, 74, 233, 0, 224, 0, 0, 9, 1, 1, 10, 1, 0, 35, 10, 175]
1542700851265;[171, 0, 17, 255, 161, 74, 233, 0, 224, 0, 0, 9, 1, 1, 10, 1, 0, 35, 10, 175]
1542700851267;[171, 0, 17, 255, 161, 74, 233, 0, 224, 0, 0, 42, 1, 0, 221, 1, 0, 83, 10, 248]
1542700851267;[171, 0, 17, 255, 161, 74, 233, 0, 224, 0, 0, 42, 1, 0, 221, 1, 0, 83, 10, 248]
1542700851436;[171, 0, 17, 255, 161, 74, 233, 0, 224, 1, 0, 5, 1, 0, 224, 1, 0, 45, 11, 49]
1542700851437;[171, 0, 17, 255, 161, 74, 233, 0, 224, 1, 0, 5, 1, 0, 224, 1, 0, 45, 11, 49]
1542700851609;[171, 0, 17, 255, 161, 74, 233, 0, 224, 0, 0, 31, 1, 0, 231, 1, 0, 40, 11, 95]
1542700851610;[171, 0, 17, 255, 161, 74, 233, 0, 224, 0, 0, 31, 1, 0, 231, 1, 0, 40, 11, 95]
1542700851611;[171, 0, 17, 255, 161, 74, 233, 0, 224, 0, 0, 34, 1, 0, 237, 1, 0, 57, 11, 143]
1542700851611;[171, 0, 17, 255, 161, 74, 233, 0, 224, 0, 0, 34, 1, 0, 237, 1, 0, 57, 11, 143]
1542700851781;[171, 0, 17, 255, 161, 74, 233, 0, 224, 0, 0, 7, 1, 0, 225, 1, 0, 51, 11, 179]
1542700851782;[171, 0, 17, 255, 161, 74, 233, 0, 224, 0, 0, 7, 1, 0, 225, 1, 0, 51, 11, 179]
1542700851783;[171, 0, 17, 255, 161, 74, 233, 0, 224, 0, 0, 25, 1, 0, 245, 1, 0, 58, 11, 200]
1542700851784;[171, 0, 17, 255, 161, 74, 233, 0, 224, 0, 0, 25, 1, 0, 245, 1, 0, 58, 11, 200]
1542700851953;[171, 0, 4, 255, 132, 128, 80]
1542700851955;[171, 0, 4, 255, 132, 128, 80]
1542700852301;[171, 0, 17, 255, 161, 74, 233, 0, 224, 0, 0, 2, 1, 0, 240, 1, 0, 57, 11, 229]
1542700852302;[171, 0, 17, 255, 161, 74, 233, 0, 224, 0, 0, 2, 1, 0, 240, 1, 0, 57, 11, 229]
1542700852304;[171, 0, 17, 255, 161, 74, 233, 0, 224, 0, 0, 8, 1, 0, 223, 1, 0, 45, 12, 34]
1542700852305;[171, 0, 17, 255, 161, 74, 233, 0, 224, 0, 0, 8, 1, 0, 223, 1, 0, 45, 12, 34]
1542700852306;[171, 0, 17, 255, 161, 74, 233, 0, 224, 0, 0, 1, 1, 0, 236, 1, 0, 36, 12, 105]
1542700852307;[171, 0, 17, 255, 161, 74, 233, 0, 224, 0, 0, 1, 1, 0, 236, 1, 0, 36, 12, 105]
1542700852308;[171, 0, 17, 255, 161, 74, 233, 0, 225, 0, 0, 37, 1, 0, 212, 1, 0, 54, 12, 105]
1542700852308;[171, 0, 17, 255, 161, 74, 233, 0, 225, 0, 0, 37, 1, 0, 212, 1, 0, 54, 12, 105]
1542700852472;[171, 0, 17, 255, 161, 74, 233, 0, 225, 1, 0, 5, 1, 0, 215, 1, 0, 48, 12, 149]
1542700852472;[171, 0, 17, 255, 161, 74, 233, 0, 225, 1, 0, 5, 1, 0, 215, 1, 0, 48, 12, 149]
1542700852473;[171, 0, 17, 255, 161, 74, 233, 0, 225, 0, 0, 3, 1, 1, 1, 1, 0, 57, 12, 182]
1542700852474;[171, 0, 17, 255, 161, 74, 233, 0, 225, 0, 0, 3, 1, 1, 1, 1, 0, 57, 12, 182]
1542700852643;[171, 0, 17, 255, 161, 74, 233, 0, 225, 0, 0, 32, 1, 0, 213, 1, 0, 42, 12, 206]
1542700852644;[171, 0, 17, 255, 161, 74, 233, 0, 225, 0, 0, 32, 1, 0, 213, 1, 0, 42, 12, 206]
1542700852816;[171, 0, 17, 255, 161, 74, 233, 0, 225, 0, 0, 28, 1, 0, 214, 1, 0, 34, 12, 222]
1542700852817;[171, 0, 17, 255, 161, 74, 233, 0, 225, 0, 0, 28, 1, 0, 214, 1, 0, 34, 12, 222]
1542700852818;[171, 0, 17, 255, 161, 74, 233, 0, 225, 0, 0, 6, 1, 0, 233, 1, 0, 43, 13, 19]
1542700852819;[171, 0, 17, 255, 161, 74, 233, 0, 225, 0, 0, 6, 1, 0, 233, 1, 0, 43, 13, 19]
1542700852989;[171, 0, 17, 255, 161, 74, 233, 0, 225, 0, 0, 29, 1, 0, 251, 1, 0, 53, 13, 103]
1542700852990;[171, 0, 17, 255, 161, 74, 233, 0, 225, 0, 0, 29, 1, 0, 251, 1, 0, 53, 13, 103]
1542700852992;[171, 0, 4, 255, 132, 128, 81]
1542700852993;[171, 0, 4, 255, 132, 128, 81]
1542700853163;[171, 0, 17, 255, 161, 74, 233, 0, 225, 0, 0, 70, 1, 0, 209, 1, 0, 43, 13, 144]
1542700853165;[171, 0, 17, 255, 161, 74, 233, 0, 225, 0, 0, 70, 1, 0, 209, 1, 0, 43, 13, 144]
1542700853166;[171, 0, 17, 255, 161, 74, 233, 0, 225, 0, 0, 113, 1, 0, 245, 1, 0, 68, 13, 148]
1542700853167;[171, 0, 17, 255, 161, 74, 233, 0, 225, 0, 0, 113, 1, 0, 245, 1, 0, 68, 13, 148]
1542700853333;[171, 0, 17, 255, 161, 74, 233, 0, 225, 0, 0, 115, 1, 1, 12, 1, 0, 38, 13, 181]
1542700853334;[171, 0, 17, 255, 161, 74, 233, 0, 225, 0, 0, 115, 1, 1, 12, 1, 0, 38, 13, 181]
1542700853682;[171, 0, 17, 255, 161, 74, 233, 0, 226, 0, 0, 83, 1, 0, 186, 1, 0, 58, 13, 204]
1542700853683;[171, 0, 17, 255, 161, 74, 233, 0, 226, 0, 0, 83, 1, 0, 186, 1, 0, 58, 13, 204]
1542700853684;[171, 0, 17, 255, 161, 74, 233, 0, 226, 0, 0, 136, 1, 0, 172, 1, 0, 40, 13, 212]
1542700853685;[171, 0, 17, 255, 161, 74, 233, 0, 226, 0, 0, 136, 1, 0, 172, 1, 0, 40, 13, 212]
1542700853686;[171, 0, 17, 255, 161, 74, 233, 0, 226, 0, 0, 172, 1, 0, 180, 0, 0, 7, 13, 243]
1542700853687;[171, 0, 17, 255, 161, 74, 233, 0, 226, 0, 0, 172, 1, 0, 180, 0, 0, 7, 13, 243]
1542700853688;[171, 0, 17, 255, 161, 74, 233, 0, 226, 0, 0, 185, 1, 0, 178, 1, 0, 4, 14, 75]
1542700853689;[171, 0, 17, 255, 161, 74, 233, 0, 226, 0, 0, 185, 1, 0, 178, 1, 0, 4, 14, 75]
1542700853850;[171, 0, 17, 255, 161, 74, 233, 0, 226, 0, 0, 118, 1, 0, 196, 1, 0, 9, 14, 134]
1542700853851;[171, 0, 17, 255, 161, 74, 233, 0, 226, 0, 0, 118, 1, 0, 196, 1, 0, 9, 14, 134]
1542700854024;[171, 0, 17, 255, 161, 74, 233, 0, 226, 0, 0, 143, 1, 0, 184, 1, 0, 26, 14, 168]
1542700854025;[171, 0, 17, 255, 161, 74, 233, 0, 226, 0, 0, 143, 1, 0, 184, 1, 0, 26, 14, 168]
1542700854026;[171, 0, 17, 255, 161, 74, 233, 0, 226, 0, 0, 146, 1, 0, 205, 0, 0, 1, 14, 201]
1542700854027;[171, 0, 17, 255, 161, 74, 233, 0, 226, 0, 0, 146, 1, 0, 205, 0, 0, 1, 14, 201]
1542700854200;[171, 0, 4, 255, 132, 128, 81]
1542700854201;[171, 0, 4, 255, 132, 128, 81]
1542700854202;[171, 0, 17, 255, 161, 74, 233, 0, 226, 0, 0, 109, 1, 0, 217, 1, 0, 1, 14, 224]
1542700854203;[171, 0, 17, 255, 161, 74, 233, 0, 226, 0, 0, 109, 1, 0, 217, 1, 0, 1, 14, 224]
1542700854370;[171, 0, 17, 255, 161, 74, 233, 0, 226, 0, 0, 119, 1, 0, 207, 1, 0, 7, 14, 228]
1542700854371;[171, 0, 17, 255, 161, 74, 233, 0, 226, 0, 0, 119, 1, 0, 207, 1, 0, 7, 14, 228]
1542700854372;[171, 0, 17, 255, 161, 74, 233, 0, 226, 0, 0, 148, 1, 0, 190, 0, 0, 8, 14, 252]
1542700854373;[171, 0, 17, 255, 161, 74, 233, 0, 226, 0, 0, 148, 1, 0, 190, 0, 0, 8, 14, 252]
1542700854541;[171, 0, 17, 255, 161, 74, 233, 0, 227, 0, 0, 134, 1, 0, 206, 0, 0, 0, 15, 23]
1542700854541;[171, 0, 17, 255, 161, 74, 233, 0, 227, 0, 0, 134, 1, 0, 206, 0, 0, 0, 15, 23]
1542700854887;[171, 0, 17, 255, 161, 74, 233, 0, 227, 0, 0, 123, 1, 0, 222, 1, 0, 2, 31, 62]
1542700854889;[171, 0, 17, 255, 161, 74, 233, 0, 227, 0, 0, 123, 1, 0, 222, 1, 0, 2, 31, 62]
1542700854890;[171, 0, 17, 255, 161, 74, 233, 0, 227, 0, 0, 111, 1, 0, 216, 1, 0, 3, 7, 214]
1542700854891;[171, 0, 17, 255, 161, 74, 233, 0, 227, 0, 0, 111, 1, 0, 216, 1, 0, 3, 7, 214]
1542700854893;[171, 0, 17, 255, 161, 74, 233, 0, 227, 0, 0, 114, 1, 0, 205, 0, 0, 11, 7, 199]
1542700854894;[171, 0, 17, 255, 161, 74, 233, 0, 227, 0, 0, 114, 1, 0, 205, 0, 0, 11, 7, 199]
1542700854895;[171, 0, 17, 255, 161, 74, 233, 0, 227, 0, 0, 110, 1, 0, 220, 1, 0, 4, 7, 183]
1542700854896;[171, 0, 17, 255, 161, 74, 233, 0, 227, 0, 0, 110, 1, 0, 220, 1, 0, 4, 7, 183]
1542700855059;[171, 0, 17, 255, 161, 74, 233, 0, 227, 0, 0, 109, 1, 0, 218, 0, 0, 5, 7, 117]
1542700855060;[171, 0, 17, 255, 161, 74, 233, 0, 227, 0, 0, 109, 1, 0, 218, 0, 0, 5, 7, 117]
1542700855061;[171, 0, 17, 255, 161, 74, 233, 0, 227, 0, 0, 118, 1, 0, 208, 0, 0, 12, 7, 49]
1542700855062;[171, 0, 17, 255, 161, 74, 233, 0, 227, 0, 0, 118, 1, 0, 208, 0, 0, 12, 7, 49]
1542700855231;[171, 0, 4, 255, 132, 128, 82]
1542700855232;[171, 0, 4, 255, 132, 128, 82]
1542700855404;[171, 0, 17, 255, 161, 74, 233, 0, 227, 0, 0, 114, 1, 0, 232, 0, 0, 4, 7, 110]
1542700855405;[171, 0, 17, 255, 161, 74, 233, 0, 227, 0, 0, 114, 1, 0, 232, 0, 0, 4, 7, 110]
1542700855407;[171, 0, 17, 255, 161, 74, 233, 0, 227, 0, 0, 96, 1, 1, 6, 0, 0, 15, 7, 114]
1542700855407;[171, 0, 17, 255, 161, 74, 233, 0, 227, 0, 0, 96, 1, 1, 6, 0, 0, 15, 7, 114]
1542700855576;[171, 0, 17, 255, 161, 74, 233, 0, 227, 0, 0, 120, 1, 0, 203, 0, 0, 20, 7, 70]
1542700855577;[171, 0, 17, 255, 161, 74, 233, 0, 227, 0, 0, 120, 1, 0, 203, 0, 0, 20, 7, 70]
1542700855579;[171, 0, 17, 255, 161, 74, 233, 0, 228, 0, 0, 42, 1, 0, 181, 1, 0, 8, 7, 54]
1542700855580;[171, 0, 17, 255, 161, 74, 233, 0, 228, 0, 0, 42, 1, 0, 181, 1, 0, 8, 7, 54]
1542700855749;[171, 0, 17, 255, 161, 74, 233, 0, 228, 0, 0, 149, 1, 0, 234, 0, 0, 5, 7, 58]
1542700855750;[171, 0, 17, 255, 161, 74, 233, 0, 228, 0, 0, 149, 1, 0, 234, 0, 0, 5, 7, 58]
1542700856268;[171, 0, 17, 255, 161, 74, 233, 0, 228, 0, 0, 113, 1, 1, 6, 1, 0, 32, 6, 247]
1542700856270;[171, 0, 17, 255, 161, 74, 233, 0, 228, 0, 0, 113, 1, 1, 6, 1, 0, 32, 6, 247]
1542700856271;[171, 0, 17, 255, 161, 74, 233, 0, 228, 0, 0, 99, 1, 0, 199, 1, 0, 29, 6, 236]
1542700856272;[171, 0, 17, 255, 161, 74, 233, 0, 228, 0, 0, 99, 1, 0, 199, 1, 0, 29, 6, 236]
1542700856272;[171, 0, 17, 255, 161, 74, 233, 0, 228, 0, 0, 101, 1, 0, 193, 0, 0, 2, 6, 217]
1542700856273;[171, 0, 17, 255, 161, 74, 233, 0, 228, 0, 0, 101, 1, 0, 193, 0, 0, 2, 6, 217]
1542700856274;[171, 0, 17, 255, 161, 74, 233, 0, 228, 0, 0, 90, 1, 0, 232, 1, 0, 20, 6, 153]
1542700856275;[171, 0, 17, 255, 161, 74, 233, 0, 228, 0, 0, 90, 1, 0, 232, 1, 0, 20, 6, 153]
1542700856439;[171, 0, 17, 255, 161, 74, 233, 0, 228, 0, 0, 100, 1, 0, 241, 1, 0, 24, 6, 79]
1542700856440;[171, 0, 17, 255, 161, 74, 233, 0, 228, 0, 0, 100, 1, 0, 241, 1, 0, 24, 6, 79]
1542700856441;[171, 0, 4, 255, 132, 128, 82]
1542700856443;[171, 0, 4, 255, 132, 128, 82]
1542700856461;[171, 0, 17, 255, 161, 74, 233, 0, 228, 0, 0, 99, 1, 0, 212, 1, 0, 27, 5, 250]
1542700856463;[171, 0, 17, 255, 161, 74, 233, 0, 228, 0, 0, 99, 1, 0, 212, 1, 0, 27, 5, 250]
1542700856611;[171, 0, 17, 255, 161, 74, 233, 0, 228, 0, 0, 63, 1, 0, 224, 1, 0, 27, 5, 188]
1542700856613;[171, 0, 17, 255, 161, 74, 233, 0, 228, 0, 0, 63, 1, 0, 224, 1, 0, 27, 5, 188]
1542700856614;[171, 0, 17, 255, 161, 74, 233, 0, 228, 0, 0, 30, 1, 0, 234, 1, 0, 78, 5, 185]
1542700856614;[171, 0, 17, 255, 161, 74, 233, 0, 228, 0, 0, 30, 1, 0, 234, 1, 0, 78, 5, 185]
1542700856784;[171, 0, 17, 255, 161, 74, 233, 0, 229, 0, 1, 15, 1, 0, 212, 0, 0, 53, 5, 215]
1542700856785;[171, 0, 17, 255, 161, 74, 233, 0, 229, 0, 1, 15, 1, 0, 212, 0, 0, 53, 5, 215]
1542700856786;[171, 0, 17, 255, 161, 74, 233, 0, 229, 1, 0, 14, 1, 0, 244, 1, 0, 76, 4, 195]
1542700856787;[171, 0, 17, 255, 161, 74, 233, 0, 229, 1, 0, 14, 1, 0, 244, 1, 0, 76, 4, 195]
1542700856956;[171, 0, 17, 255, 161, 74, 233, 0, 229, 1, 0, 54, 1, 0, 225, 1, 0, 52, 4, 92]
1542700856957;[171, 0, 17, 255, 161, 74, 233, 0, 229, 1, 0, 54, 1, 0, 225, 1, 0, 52, 4, 92]
1542700857129;[171, 0, 17, 255, 161, 74, 233, 0, 229, 1, 0, 5, 1, 0, 219, 1, 0, 72, 4, 42]
1542700857131;[171, 0, 17, 255, 161, 74, 233, 0, 229, 1, 0, 5, 1, 0, 219, 1, 0, 72, 4, 42]
1542700857131;[171, 0, 17, 255, 161, 74, 233, 0, 229, 1, 0, 75, 1, 0, 237, 1, 0, 41, 3, 152]
1542700857132;[171, 0, 17, 255, 161, 74, 233, 0, 229, 1, 0, 75, 1, 0, 237, 1, 0, 41, 3, 152]
1542700857475;[171, 0, 17, 255, 161, 74, 233, 0, 229, 1, 0, 47, 1, 0, 255, 1, 0, 50, 3, 15]
1542700857476;[171, 0, 17, 255, 161, 74, 233, 0, 229, 1, 0, 47, 1, 0, 255, 1, 0, 50, 3, 15]
1542700857478;[171, 0, 17, 255, 161, 74, 233, 0, 229, 1, 0, 50, 1, 1, 20, 1, 0, 55, 2, 213]
1542700857478;[171, 0, 17, 255, 161, 74, 233, 0, 229, 1, 0, 50, 1, 1, 20, 1, 0, 55, 2, 213]
1542700857480;[171, 0, 4, 255, 132, 128, 83]
1542700857481;[171, 0, 4, 255, 132, 128, 83]
1542700857500;[171, 0, 17, 255, 161, 74, 233, 0, 229, 1, 0, 88, 1, 1, 14, 1, 0, 50, 3, 18]
1542700857500;[171, 0, 17, 255, 161, 74, 233, 0, 229, 1, 0, 88, 1, 1, 14, 1, 0, 50, 3, 18]
1542700857645;[171, 0, 17, 255, 161, 74, 233, 0, 229, 1, 0, 14, 1, 0, 241, 1, 0, 66, 3, 76]
1542700857646;[171, 0, 17, 255, 161, 74, 233, 0, 229, 1, 0, 14, 1, 0, 241, 1, 0, 66, 3, 76]
1542700857819;[171, 0, 17, 255, 161, 74, 233, 0, 229, 1, 0, 26, 1, 0, 245, 1, 0, 61, 3, 118]
1542700857819;[171, 0, 17, 255, 161, 74, 233, 0, 229, 1, 0, 26, 1, 0, 245, 1, 0, 61, 3, 118]
1542700857822;[171, 0, 17, 255, 161, 74, 233, 0, 230, 1, 0, 60, 1, 0, 233, 1, 0, 47, 3, 151]
1542700857823;[171, 0, 17, 255, 161, 74, 233, 0, 230, 1, 0, 60, 1, 0, 233, 1, 0, 47, 3, 151]
1542700857992;[171, 0, 17, 255, 161, 74, 233, 0, 230, 1, 0, 55, 1, 0, 241, 1, 0, 50, 3, 175]
1542700857993;[171, 0, 17, 255, 161, 74, 233, 0, 230, 1, 0, 55, 1, 0, 241, 1, 0, 50, 3, 175]
1542700857995;[171, 0, 17, 255, 161, 74, 233, 0, 230, 1, 0, 36, 1, 0, 248, 1, 0, 49, 3, 207]
1542700857995;[171, 0, 17, 255, 161, 74, 233, 0, 230, 1, 0, 36, 1, 0, 248, 1, 0, 49, 3, 207]
1542700858165;[171, 0, 17, 255, 161, 74, 233, 0, 230, 1, 0, 31, 1, 1, 0, 1, 0, 59, 3, 234]
1542700858165;[171, 0, 17, 255, 161, 74, 233, 0, 230, 1, 0, 31, 1, 1, 0, 1, 0, 59, 3, 234]
1542700858167;[171, 0, 17, 255, 161, 74, 233, 0, 230, 1, 0, 34, 1, 1, 7, 1, 0, 59, 4, 19]
1542700858167;[171, 0, 17, 255, 161, 74, 233, 0, 230, 1, 0, 34, 1, 1, 7, 1, 0, 59, 4, 19]
1542700858335;[171, 0, 17, 255, 161, 74, 233, 0, 230, 1, 0, 15, 1, 0, 243, 1, 0, 53, 4, 68]
1542700858336;[171, 0, 17, 255, 161, 74, 233, 0, 230, 1, 0, 15, 1, 0, 243, 1, 0, 53, 4, 68]
1542700858682;[171, 0, 17, 255, 161, 74, 233, 0, 230, 1, 0, 33, 1, 0, 230, 1, 0, 58, 4, 106]
1542700858682;[171, 0, 17, 255, 161, 74, 233, 0, 230, 1, 0, 33, 1, 0, 230, 1, 0, 58, 4, 106]
1542700858685;[171, 0, 4, 255, 132, 128, 83]
1542700858687;[171, 0, 4, 255, 132, 128, 83]
1542700858706;[171, 0, 17, 255, 161, 74, 233, 0, 230, 1, 0, 62, 1, 0, 244, 1, 0, 68, 4, 131]
1542700858706;[171, 0, 17, 255, 161, 74, 233, 0, 230, 1, 0, 62, 1, 0, 244, 1, 0, 68, 4, 131]
1542700858707;[171, 0, 17, 255, 161, 74, 233, 0, 230, 1, 0, 50, 1, 0, 219, 1, 0, 47, 4, 154]
1542700858708;[171, 0, 17, 255, 161, 74, 233, 0, 230, 1, 0, 50, 1, 0, 219, 1, 0, 47, 4, 154]
1542700858853;[171, 0, 17, 255, 161, 74, 233, 0, 230, 1, 0, 48, 1, 0, 229, 1, 0, 45, 4, 166]
1542700858854;[171, 0, 17, 255, 161, 74, 233, 0, 230, 1, 0, 48, 1, 0, 229, 1, 0, 45, 4, 166]
1542700859027;[171, 0, 17, 255, 161, 74, 233, 0, 231, 1, 0, 40, 1, 0, 227, 1, 0, 41, 4, 185]
1542700859028;[171, 0, 17, 255, 161, 74, 233, 0, 231, 1, 0, 40, 1, 0, 227, 1, 0, 41, 4, 185]
1542700859030;[171, 0, 17, 255, 161, 74, 233, 0, 231, 1, 0, 60, 1, 0, 198, 1, 0, 55, 4, 225]
1542700859031;[171, 0, 17, 255, 161, 74, 233, 0, 231, 1, 0, 60, 1, 0, 198, 1, 0, 55, 4, 225]
1542700859199;[171, 0, 17, 255, 161, 74, 233, 0, 231, 1, 0, 81, 1, 0, 203, 1, 0, 56, 4, 251]
1542700859201;[171, 0, 17, 255, 161, 74, 233, 0, 231, 1, 0, 81, 1, 0, 203, 1, 0, 56, 4, 251]
1542700859202;[171, 0, 17, 255, 161, 74, 233, 0, 231, 1, 0, 62, 1, 0, 244, 1, 0, 56, 5, 8]
1542700859203;[171, 0, 17, 255, 161, 74, 233, 0, 231, 1, 0, 62, 1, 0, 244, 1, 0, 56, 5, 8]
1542700859371;[171, 0, 17, 255, 161, 74, 233, 0, 231, 1, 0, 70, 1, 1, 25, 1, 0, 41, 5, 29]
1542700859372;[171, 0, 17, 255, 161, 74, 233, 0, 231, 1, 0, 70, 1, 1, 25, 1, 0, 41, 5, 29]
1542700859373;[171, 0, 17, 255, 161, 74, 233, 0, 231, 1, 0, 71, 1, 1, 20, 1, 0, 66, 5, 47]
1542700859374;[171, 0, 17, 255, 161, 74, 233, 0, 231, 1, 0, 71, 1, 1, 20, 1, 0, 66, 5, 47]
1542700859544;[171, 0, 17, 255, 161, 74, 233, 0, 231, 1, 0, 26, 1, 0, 234, 1, 0, 49, 5, 61]
1542700859544;[171, 0, 17, 255, 161, 74, 233, 0, 231, 1, 0, 26, 1, 0, 234, 1, 0, 49, 5, 61]
1542700859716;[171, 0, 4, 255, 132, 128, 82]
1542700859718;[171, 0, 4, 255, 132, 128, 82]
1542700859736;[171, 0, 17, 255, 161, 74, 233, 0, 231, 1, 0, 44, 1, 0, 237, 1, 0, 57, 5, 91]
1542700859737;[171, 0, 17, 255, 161, 74, 233, 0, 231, 1, 0, 44, 1, 0, 237, 1, 0, 57, 5, 91]
1542700860062;[171, 0, 17, 255, 161, 74, 233, 0, 231, 1, 0, 13, 1, 0, 255, 1, 0, 48, 5, 128]
1542700860063;[171, 0, 17, 255, 161, 74, 233, 0, 231, 1, 0, 13, 1, 0, 255, 1, 0, 48, 5, 128]
1542700860064;[171, 0, 17, 255, 161, 74, 233, 0, 231, 1, 0, 24, 1, 0, 221, 1, 0, 54, 5, 146]
1542700860065;[171, 0, 17, 255, 161, 74, 233, 0, 231, 1, 0, 24, 1, 0, 221, 1, 0, 54, 5, 146]
1542700860067;[171, 0, 17, 255, 161, 74, 233, 0, 232, 1, 0, 56, 1, 0, 198, 1, 0, 41, 5, 164]
1542700860068;[171, 0, 17, 255, 161, 74, 233, 0, 232, 1, 0, 56, 1, 0, 198, 1, 0, 41, 5, 164]
1542700860069;[171, 0, 17, 255, 161, 74, 233, 0, 232, 1, 0, 44, 1, 1, 3, 1, 0, 33, 5, 172]
1542700860070;[171, 0, 17, 255, 161, 74, 233, 0, 232, 1, 0, 44, 1, 1, 3, 1, 0, 33, 5, 172]
1542700860234;[171, 0, 17, 255, 161, 74, 233, 0, 232, 1, 0, 41, 1, 1, 6, 1, 0, 57, 5, 173]
1542700860235;[171, 0, 17, 255, 161, 74, 233, 0, 232, 1, 0, 41, 1, 1, 6, 1, 0, 57, 5, 173]
1542700860407;[171, 0, 17, 255, 161, 74, 233, 0, 232, 1, 0, 30, 1, 0, 242, 1, 0, 56, 5, 200]
1542700860409;[171, 0, 17, 255, 161, 74, 233, 0, 232, 1, 0, 30, 1, 0, 242, 1, 0, 56, 5, 200]
1542700860410;[171, 0, 17, 255, 161, 74, 233, 0, 232, 1, 0, 51, 1, 0, 254, 1, 0, 60, 5, 224]
1542700860411;[171, 0, 17, 255, 161, 74, 233, 0, 232, 1, 0, 51, 1, 0, 254, 1, 0, 60, 5, 224]
1542700860578;[171, 0, 17, 255, 161, 74, 233, 0, 232, 1, 0, 39, 1, 0, 251, 1, 0, 55, 5, 243]
1542700860579;[171, 0, 17, 255, 161, 74, 233, 0, 232, 1, 0, 39, 1, 0, 251, 1, 0, 55, 5, 243]
1542700860581;[171, 0, 17, 255, 161, 74, 233, 0, 232, 1, 0, 35, 1, 0, 236, 1, 0, 56, 5, 255]
1542700860581;[171, 0, 17, 255, 161, 74, 233, 0, 232, 1, 0, 35, 1, 0, 236, 1, 0, 56, 5, 255]
1542700860761;[171, 0, 4, 255, 132, 128, 82]
1542700860762;[171, 0, 4, 255, 132, 128, 82]
1542700860923;[171, 0, 17, 255, 161, 74, 233, 0, 232, 1, 0, 35, 1, 0, 231, 1, 0, 57, 6, 15]
1542700860924;[171, 0, 17, 255, 161, 74, 233, 0, 232, 1, 0, 35, 1, 0, 231, 1, 0, 57, 6, 15]
1542700860925;[171, 0, 17, 255, 161, 74, 233, 0, 232, 1, 0, 1, 1, 0, 242, 1, 0, 53, 6, 34]
1542700860926;[171, 0, 17, 255, 161, 74, 233, 0, 232, 1, 0, 1, 1, 0, 242, 1, 0, 53, 6, 34]
1542700861269;[171, 0, 17, 255, 161, 74, 233, 0, 232, 1, 0, 12, 1, 0, 237, 1, 0, 57, 6, 48]
1542700861270;[171, 0, 17, 255, 161, 74, 233, 0, 232, 1, 0, 12, 1, 0, 237, 1, 0, 57, 6, 48]
1542700861272;[171, 0, 17, 255, 161, 74, 233, 0, 233, 1, 0, 16, 1, 0, 236, 1, 0, 61, 6, 73]
1542700861272;[171, 0, 17, 255, 161, 74, 233, 0, 233, 1, 0, 16, 1, 0, 236, 1, 0, 61, 6, 73]
1542700861274;[171, 0, 17, 255, 161, 74, 233, 0, 233, 1, 0, 36, 1, 1, 0, 1, 0, 45, 6, 90]
1542700861275;[171, 0, 17, 255, 161, 74, 233, 0, 233, 1, 0, 36, 1, 1, 0, 1, 0, 45, 6, 90]
1542700861278;[171, 0, 17, 255, 161, 74, 233, 0, 233, 1, 0, 16, 1, 0, 248, 1, 0, 50, 6, 111]
1542700861279;[171, 0, 17, 255, 161, 74, 233, 0, 233, 1, 0, 16, 1, 0, 248, 1, 0, 50, 6, 111]
1542700861440;[171, 0, 17, 255, 161, 74, 233, 0, 233, 1, 0, 39, 1, 0, 245, 1, 0, 53, 6, 128]
1542700861441;[171, 0, 17, 255, 161, 74, 233, 0, 233, 1, 0, 39, 1, 0, 245, 1, 0, 53, 6, 128]
1542700861614;[171, 0, 17, 255, 161, 74, 233, 0, 233, 1, 0, 48, 1, 0, 233, 1, 0, 55, 6, 138]
1542700861614;[171, 0, 17, 255, 161, 74, 233, 0, 233, 1, 0, 48, 1, 0, 233, 1, 0, 55, 6, 138]
1542700861616;[171, 0, 17, 255, 161, 74, 233, 0, 233, 1, 0, 10, 1, 0, 226, 1, 0, 48, 6, 153]
1542700861616;[171, 0, 17, 255, 161, 74, 233, 0, 233, 1, 0, 10, 1, 0, 226, 1, 0, 48, 6, 153]
1542700861786;[171, 0, 17, 255, 161, 74, 233, 0, 233, 1, 0, 59, 1, 1, 1, 1, 0, 48, 6, 160]
1542700861787;[171, 0, 17, 255, 161, 74, 233, 0, 233, 1, 0, 59, 1, 1, 1, 1, 0, 48, 6, 160]
1542700861789;[171, 0, 4, 255, 132, 128, 83]
1542700861790;[171, 0, 4, 255, 132, 128, 83]
1542700861959;[171, 0, 17, 255, 161, 74, 233, 0, 233, 1, 0, 18, 1, 0, 245, 1, 0, 63, 6, 162]
1542700861959;[171, 0, 17, 255, 161, 74, 233, 0, 233, 1, 0, 18, 1, 0, 245, 1, 0, 63, 6, 162]
1542700861961;[171, 0, 17, 255, 161, 74, 233, 0, 233, 1, 0, 16, 1, 0, 229, 1, 0, 51, 6, 189]
1542700861961;[171, 0, 17, 255, 161, 74, 233, 0, 233, 1, 0, 16, 1, 0, 229, 1, 0, 51, 6, 189]
1542700862131;[171, 0, 17, 255, 161, 74, 233, 0, 233, 1, 0, 38, 1, 0, 245, 1, 0, 63, 6, 208]
1542700862131;[171, 0, 17, 255, 161, 74, 233, 0, 233, 1, 0, 38, 1, 0, 245, 1, 0, 63, 6, 208]
1542700862306;[171, 0, 17, 255, 161, 74, 233, 0, 234, 1, 0, 18, 1, 1, 8, 1, 0, 55, 6, 217]
1542700862306;[171, 0, 17, 255, 161, 74, 233, 0, 234, 1, 0, 18, 1, 1, 8, 1, 0, 55, 6, 217]
1542700862307;[171, 0, 17, 255, 161, 74, 233, 0, 234, 1, 0, 9, 1, 0, 240, 1, 0, 59, 6, 229]
1542700862308;[171, 0, 17, 255, 161, 74, 233, 0, 234, 1, 0, 9, 1, 0, 240, 1, 0, 59, 6, 229]
1542700862648;[171, 0, 17, 255, 161, 74, 233, 0, 234, 1, 0, 15, 1, 0, 244, 1, 0, 56, 6, 237]
1542700862649;[171, 0, 17, 255, 161, 74, 233, 0, 234, 1, 0, 15, 1, 0, 244, 1, 0, 56, 6, 237]
1542700862653;[171, 0, 17, 255, 161, 74, 233, 0, 234, 1, 0, 58, 1, 0, 216, 1, 0, 55, 6, 243]
1542700862654;[171, 0, 17, 255, 161, 74, 233, 0, 234, 1, 0, 58, 1, 0, 216, 1, 0, 55, 6, 243]
1542700862655;[171, 0, 17, 255, 161, 74, 233, 0, 234, 1, 0, 60, 1, 0, 239, 1, 0, 34, 6, 254]
1542700862656;[171, 0, 17, 255, 161, 74, 233, 0, 234, 1, 0, 60, 1, 0, 239, 1, 0, 34, 6, 254]
1542700862821;[171, 0, 17, 255, 161, 74, 233, 0, 234, 1, 0, 28, 1, 0, 218, 1, 0, 44, 7, 24]
1542700862822;[171, 0, 17, 255, 161, 74, 233, 0, 234, 1, 0, 28, 1, 0, 218, 1, 0, 44, 7, 24]
1542700862823;[171, 0, 17, 255, 161, 74, 233, 0, 234, 1, 0, 32, 1, 0, 208, 1, 0, 47, 7, 43]
1542700862824;[171, 0, 17, 255, 161, 74, 233, 0, 234, 1, 0, 32, 1, 0, 208, 1, 0, 47, 7, 43]
1542700862994;[171, 0, 4, 255, 132, 128, 83]
1542700862996;[171, 0, 4, 255, 132, 128, 83]
1542700863014;[171, 0, 17, 255, 161, 74, 233, 0, 234, 1, 0, 57, 1, 0, 222, 1, 0, 46, 7, 56]
1542700863015;[171, 0, 17, 255, 161, 74, 233, 0, 234, 1, 0, 57, 1, 0, 222, 1, 0, 46, 7, 56]
1542700863166;[171, 0, 17, 255, 161, 74, 233, 0, 234, 1, 0, 44, 1, 0, 227, 1, 0, 44, 7, 63]
1542700863167;[171, 0, 17, 255, 161, 74, 233, 0, 234, 1, 0, 44, 1, 0, 227, 1, 0, 44, 7, 63]
1542700863171;[171, 0, 17, 255, 161, 74, 233, 0, 234, 1, 0, 51, 1, 0, 236, 1, 0, 51, 7, 77]
1542700863171;[171, 0, 17, 255, 161, 74, 233, 0, 234, 1, 0, 51, 1, 0, 236, 1, 0, 51, 7, 77]
1542700863338;[171, 0, 17, 255, 161, 74, 233, 0, 235, 1, 0, 5, 1, 0, 221, 1, 0, 54, 7, 82]
1542700863339;[171, 0, 17, 255, 161, 74, 233, 0, 235, 1, 0, 5, 1, 0, 221, 1, 0, 54, 7, 82]
1542700863512;[171, 0, 17, 255, 161, 74, 233, 0, 235, 1, 0, 38, 1, 0, 242, 1, 0, 51, 7, 102]
1542700863512;[171, 0, 17, 255, 161, 74, 233, 0, 235, 1, 0, 38, 1, 0, 242, 1, 0, 51, 7, 102]
1542700863514;[171, 0, 17, 255, 161, 74, 233, 0, 235, 0, 0, 5, 1, 0, 231, 1, 0, 44, 7, 118]
1542700863515;[171, 0, 17, 255, 161, 74, 233, 0, 235, 0, 0, 5, 1, 0, 231, 1, 0, 44, 7, 118]
1542700863856;[171, 0, 17, 255, 161, 74, 233, 0, 235, 1, 0, 41, 1, 0, 240, 1, 0, 40, 7, 138]
1542700863858;[171, 0, 17, 255, 161, 74, 233, 0, 235, 1, 0, 41, 1, 0, 240, 1, 0, 40, 7, 138]
1542700863860;[171, 0, 17, 255, 161, 74, 233, 0, 235, 1, 0, 48, 1, 0, 237, 1, 0, 48, 7, 150]
1542700863861;[171, 0, 17, 255, 161, 74, 233, 0, 235, 1, 0, 48, 1, 0, 237, 1, 0, 48, 7, 150]
1542700863863;[171, 0, 17, 255, 161, 74, 233, 0, 235, 1, 0, 58, 1, 0, 231, 1, 0, 50, 7, 164]
1542700863864;[171, 0, 17, 255, 161, 74, 233, 0, 235, 1, 0, 58, 1, 0, 231, 1, 0, 50, 7, 164]
1542700863865;[171, 0, 17, 255, 161, 74, 233, 0, 235, 1, 0, 41, 1, 0, 245, 1, 0, 41, 7, 169]
1542700863866;[171, 0, 17, 255, 161, 74, 233, 0, 235, 1, 0, 41, 1, 0, 245, 1, 0, 41, 7, 169]
1542700864029;[171, 0, 4, 255, 132, 128, 83]
1542700864030;[171, 0, 4, 255, 132, 128, 83]
1542700864201;[171, 0, 17, 255, 161, 74, 233, 0, 235, 1, 0, 65, 1, 0, 231, 1, 0, 59, 7, 177]
1542700864202;[171, 0, 17, 255, 161, 74, 233, 0, 235, 1, 0, 65, 1, 0, 231, 1, 0, 59, 7, 177]
1542700864204;[171, 0, 17, 255, 161, 74, 233, 0, 235, 1, 0, 62, 1, 0, 230, 1, 0, 56, 7, 199]
1542700864204;[171, 0, 17, 255, 161, 74, 233, 0, 235, 1, 0, 62, 1, 0, 230, 1, 0, 56, 7, 199]
1542700864374;[171, 0, 17, 255, 161, 74, 233, 0, 235, 1, 0, 19, 1, 0, 226, 1, 0, 50, 7, 224]
1542700864375;[171, 0, 17, 255, 161, 74, 233, 0, 235, 1, 0, 19, 1, 0, 226, 1, 0, 50, 7, 224]
1542700864376;[171, 0, 17, 255, 161, 74, 233, 0, 236, 1, 0, 74, 1, 0, 246, 1, 0, 58, 7, 238]
1542700864377;[171, 0, 17, 255, 161, 74, 233, 0, 236, 1, 0, 74, 1, 0, 246, 1, 0, 58, 7, 238]
1542700864546;[171, 0, 17, 255, 161, 74, 233, 0, 236, 1, 0, 21, 1, 0, 248, 1, 0, 55, 8, 10]
1542700864546;[171, 0, 17, 255, 161, 74, 233, 0, 236, 1, 0, 21, 1, 0, 248, 1, 0, 55, 8, 10]
1542700864719;[171, 0, 17, 255, 161, 74, 233, 0, 236, 1, 0, 46, 1, 0, 222, 1, 0, 60, 8, 11]
1542700864721;[171, 0, 17, 255, 161, 74, 233, 0, 236, 1, 0, 46, 1, 0, 222, 1, 0, 60, 8, 11]
1542700864721;[171, 0, 17, 255, 161, 74, 233, 0, 236, 1, 0, 17, 1, 0, 237, 1, 0, 39, 8, 22]
1542700864722;[171, 0, 17, 255, 161, 74, 233, 0, 236, 1, 0, 17, 1, 0, 237, 1, 0, 39, 8, 22]
1542700865237;[171, 0, 17, 255, 161, 74, 233, 0, 236, 1, 0, 35, 1, 0, 239, 1, 0, 53, 8, 29]
1542700865238;[171, 0, 17, 255, 161, 74, 233, 0, 236, 1, 0, 35, 1, 0, 239, 1, 0, 53, 8, 29]
1542700865242;[171, 0, 17, 255, 161, 74, 233, 0, 236, 1, 0, 54, 1, 1, 5, 1, 0, 37, 8, 33]
1542700865243;[171, 0, 17, 255, 161, 74, 233, 0, 236, 1, 0, 54, 1, 1, 5, 1, 0, 37, 8, 33]
1542700865244;[171, 0, 17, 255, 161, 74, 233, 0, 236, 1, 0, 27, 1, 0, 224, 1, 0, 54, 8, 61]
1542700865245;[171, 0, 17, 255, 161, 74, 233, 0, 236, 1, 0, 27, 1, 0, 224, 1, 0, 54, 8, 61]
1542700865246;[171, 0, 4, 255, 132, 128, 83]
1542700865247;[171, 0, 4, 255, 132, 128, 83]
1542700865410;[171, 0, 17, 255, 161, 74, 233, 0, 236, 1, 0, 56, 1, 0, 221, 1, 0, 47, 8, 79]
1542700865411;[171, 0, 17, 255, 161, 74, 233, 0, 236, 1, 0, 56, 1, 0, 221, 1, 0, 47, 8, 79]
1542700865412;[171, 0, 17, 255, 161, 74, 233, 0, 236, 1, 0, 42, 1, 0, 250, 1, 0, 29, 8, 90]
1542700865413;[171, 0, 17, 255, 161, 74, 233, 0, 236, 1, 0, 42, 1, 0, 250, 1, 0, 29, 8, 90]
1542700865415;[171, 0, 17, 255, 161, 74, 233, 0, 236, 1, 0, 65, 1, 0, 241, 1, 0, 40, 8, 99]
1542700865416;[171, 0, 17, 255, 161, 74, 233, 0, 236, 1, 0, 65, 1, 0, 241, 1, 0, 40, 8, 99]
1542700865581;[171, 0, 17, 255, 161, 74, 233, 0, 237, 1, 0, 12, 1, 0, 226, 1, 0, 50, 8, 128]
1542700865582;[171, 0, 17, 255, 161, 74, 233, 0, 237, 1, 0, 12, 1, 0, 226, 1, 0, 50, 8, 128]
1542700865583;[171, 0, 17, 255, 161, 74, 233, 0, 237, 1, 0, 59, 1, 0, 231, 1, 0, 41, 8, 128]
1542700865584;[171, 0, 17, 255, 161, 74, 233, 0, 237, 1, 0, 59, 1, 0, 231, 1, 0, 41, 8, 128]
1542700865753;[171, 0, 17, 255, 161, 74, 233, 0, 237, 1, 0, 30, 1, 0, 221, 1, 0, 62, 8, 146]
1542700865754;[171, 0, 17, 255, 161, 74, 233, 0, 237, 1, 0, 30, 1, 0, 221, 1, 0, 62, 8, 146]
1542700865926;[171, 0, 17, 255, 161, 74, 233, 0, 237, 1, 0, 56, 1, 0, 227, 1, 0, 53, 8, 164]
1542700865927;[171, 0, 17, 255, 161, 74, 233, 0, 237, 1, 0, 56, 1, 0, 227, 1, 0, 53, 8, 164]
1542700865928;[171, 0, 17, 255, 161, 74, 233, 0, 237, 1, 0, 17, 1, 0, 247, 1, 0, 52, 8, 178]
1542700865929;[171, 0, 17, 255, 161, 74, 233, 0, 237, 1, 0, 17, 1, 0, 247, 1, 0, 52, 8, 178]
1542700866099;[171, 0, 17, 255, 161, 74, 233, 0, 237, 1, 0, 32, 1, 0, 221, 1, 0, 64, 8, 185]
1542700866100;[171, 0, 17, 255, 161, 74, 233, 0, 237, 1, 0, 32, 1, 0, 221, 1, 0, 64, 8, 185]
1542700866101;[171, 0, 17, 255, 161, 74, 233, 0, 237, 1, 0, 27, 1, 0, 236, 1, 0, 52, 8, 210]
1542700866102;[171, 0, 17, 255, 161, 74, 233, 0, 237, 1, 0, 27, 1, 0, 236, 1, 0, 52, 8, 210]
1542700866443;[171, 0, 4, 255, 132, 128, 84]
1542700866446;[171, 0, 4, 255, 132, 128, 84]
1542700866464;[171, 0, 17, 255, 161, 74, 233, 0, 237, 1, 0, 64, 1, 0, 240, 1, 0, 43, 8, 221]
1542700866465;[171, 0, 17, 255, 161, 74, 233, 0, 237, 1, 0, 64, 1, 0, 240, 1, 0, 43, 8, 221]
1542700866465;[171, 0, 17, 255, 161, 74, 233, 0, 237, 1, 0, 14, 1, 0, 248, 1, 0, 61, 8, 224]
1542700866466;[171, 0, 17, 255, 161, 74, 233, 0, 237, 1, 0, 14, 1, 0, 248, 1, 0, 61, 8, 224]
1542700866618;[171, 0, 17, 255, 161, 74, 233, 0, 237, 1, 0, 18, 1, 0, 238, 1, 0, 51, 8, 248]
1542700866619;[171, 0, 17, 255, 161, 74, 233, 0, 237, 1, 0, 18, 1, 0, 238, 1, 0, 51, 8, 248]
1542700866620;[171, 0, 17, 255, 161, 74, 233, 0, 238, 1, 0, 16, 1, 0, 236, 1, 0, 59, 9, 13]
1542700866621;[171, 0, 17, 255, 161, 74, 233, 0, 238, 1, 0, 16, 1, 0, 236, 1, 0, 59, 9, 13]
1542700866790;[171, 0, 17, 255, 161, 74, 233, 0, 238, 1, 0, 3, 1, 0, 236, 1, 0, 32, 9, 28]
1542700866791;[171, 0, 17, 255, 161, 74, 233, 0, 238, 1, 0, 3, 1, 0, 236, 1, 0, 32, 9, 28]
1542700866792;[171, 0, 17, 255, 161, 74, 233, 0, 238, 1, 0, 33, 1, 0, 238, 1, 0, 52, 9, 44]
1542700866793;[171, 0, 17, 255, 161, 74, 233, 0, 238, 1, 0, 33, 1, 0, 238, 1, 0, 52, 9, 44]
1542700866962;[171, 0, 17, 255, 161, 74, 233, 0, 238, 0, 0, 4, 1, 0, 254, 1, 0, 63, 9, 54]
1542700866963;[171, 0, 17, 255, 161, 74, 233, 0, 238, 0, 0, 4, 1, 0, 254, 1, 0, 63, 9, 54]
1542700866964;[171, 0, 17, 255, 161, 74, 233, 0, 238, 1, 0, 26, 1, 1, 3, 1, 0, 48, 9, 66]
1542700866965;[171, 0, 17, 255, 161, 74, 233, 0, 238, 1, 0, 26, 1, 1, 3, 1, 0, 48, 9, 66]
1542700867134;[171, 0, 17, 255, 161, 74, 233, 0, 238, 1, 0, 42, 1, 1, 13, 1, 0, 48, 9, 72]
1542700867134;[171, 0, 17, 255, 161, 74, 233, 0, 238, 1, 0, 42, 1, 1, 13, 1, 0, 48, 9, 72]
1542700867306;[171, 0, 17, 255, 161, 74, 233, 0, 238, 1, 0, 61, 1, 0, 236, 1, 0, 57, 9, 86]
1542700867307;[171, 0, 17, 255, 161, 74, 233, 0, 238, 1, 0, 61, 1, 0, 236, 1, 0, 57, 9, 86]
1542700867308;[171, 0, 4, 255, 132, 128, 84]
1542700867310;[171, 0, 4, 255, 132, 128, 84]
1542700867652;[171, 0, 17, 255, 161, 74, 233, 0, 238, 1, 0, 46, 1, 0, 238, 1, 0, 56, 9, 100]
1542700867653;[171, 0, 17, 255, 161, 74, 233, 0, 238, 1, 0, 46, 1, 0, 238, 1, 0, 56, 9, 100]
1542700867654;[171, 0, 17, 255, 161, 74, 233, 0, 238, 1, 0, 52, 1, 0, 234, 1, 0, 52, 9, 117]
1542700867655;[171, 0, 17, 255, 161, 74, 233, 0, 238, 1, 0, 52, 1, 0, 234, 1, 0, 52, 9, 117]
1542700867657;[171, 0, 17, 255, 161, 74, 233, 0, 238, 1, 0, 85, 1, 0, 246, 1, 0, 69, 9, 132]
1542700867657;[171, 0, 17, 255, 161, 74, 233, 0, 238, 1, 0, 85, 1, 0, 246, 1, 0, 69, 9, 132]
1542700867824;[171, 0, 17, 255, 161, 74, 233, 0, 239, 1, 0, 25, 1, 0, 239, 1, 0, 63, 9, 142]
1542700867825;[171, 0, 17, 255, 161, 74, 233, 0, 239, 1, 0, 25, 1, 0, 239, 1, 0, 63, 9, 142]
1542700867826;[171, 0, 17, 255, 161, 74, 233, 0, 239, 1, 0, 55, 1, 0, 244, 1, 0, 44, 9, 153]
1542700867827;[171, 0, 17, 255, 161, 74, 233, 0, 239, 1, 0, 55, 1, 0, 244, 1, 0, 44, 9, 153]
1542700867997;[171, 0, 17, 255, 161, 74, 233, 0, 239, 1, 0, 28, 1, 0, 223, 1, 0, 34, 9, 164]
1542700867997;[171, 0, 17, 255, 161, 74, 233, 0, 239, 1, 0, 28, 1, 0, 223, 1, 0, 34, 9, 164]
1542700867999;[171, 0, 17, 255, 161, 74, 233, 0, 239, 1, 0, 18, 1, 0, 243, 1, 0, 47, 9, 160]
1542700867999;[171, 0, 17, 255, 161, 74, 233, 0, 239, 1, 0, 18, 1, 0, 243, 1, 0, 47, 9, 160]
1542700868169;[171, 0, 17, 255, 161, 74, 233, 0, 239, 1, 0, 44, 1, 0, 200, 1, 0, 49, 9, 180]
1542700868170;[171, 0, 17, 255, 161, 74, 233, 0, 239, 1, 0, 44, 1, 0, 200, 1, 0, 49, 9, 180]
1542700868171;[171, 0, 17, 255, 161, 74, 233, 0, 239, 1, 0, 16, 1, 0, 239, 1, 0, 57, 9, 195]
1542700868171;[171, 0, 17, 255, 161, 74, 233, 0, 239, 1, 0, 16, 1, 0, 239, 1, 0, 57, 9, 195]
1542700868341;[171, 0, 17, 255, 161, 74, 233, 0, 239, 1, 0, 53, 1, 0, 237, 1, 0, 42, 9, 202]
1542700868342;[171, 0, 17, 255, 161, 74, 233, 0, 239, 1, 0, 53, 1, 0, 237, 1, 0, 42, 9, 202]
1542700868513;[171, 0, 4, 255, 132, 128, 84]
1542700868515;[171, 0, 4, 255, 132, 128, 84]
1542700868533;[171, 0, 17, 255, 161, 74, 233, 0, 239, 1, 0, 29, 1, 0, 243, 1, 0, 56, 9, 215]
1542700868534;[171, 0, 17, 255, 161, 74, 233, 0, 239, 1, 0, 29, 1, 0, 243, 1, 0, 56, 9, 215]
1542700868686;[171, 0, 17, 255, 161, 74, 233, 0, 239, 1, 0, 10, 1, 0, 213, 1, 0, 50, 9, 220]
1542700868687;[171, 0, 17, 255, 161, 74, 233, 0, 239, 1, 0, 10, 1, 0, 213, 1, 0, 50, 9, 220]
1542700868689;[171, 0, 17, 255, 161, 74, 233, 0, 239, 1, 0, 67, 1, 0, 233, 1, 0, 50, 9, 230]
1542700868690;[171, 0, 17, 255, 161, 74, 233, 0, 239, 1, 0, 67, 1, 0, 233, 1, 0, 50, 9, 230]
1542700869032;[171, 0, 17, 255, 161, 74, 233, 0, 240, 1, 0, 72, 1, 1, 6, 1, 0, 41, 9, 232]
1542700869032;[171, 0, 17, 255, 161, 74, 233, 0, 240, 1, 0, 72, 1, 1, 6, 1, 0, 41, 9, 232]
1542700869034;[171, 0, 17, 255, 161, 74, 233, 0, 240, 1, 0, 14, 1, 0, 234, 1, 0, 54, 9, 237]
1542700869036;[171, 0, 17, 255, 161, 74, 233, 0, 240, 1, 0, 14, 1, 0, 234, 1, 0, 54, 9, 237]
1542700869036;[171, 0, 17, 255, 161, 74, 233, 0, 240, 1, 0, 53, 1, 0, 246, 1, 0, 54, 9, 250]
1542700869037;[171, 0, 17, 255, 161, 74, 233, 0, 240, 1, 0, 53, 1, 0, 246, 1, 0, 54, 9, 250]
1542700869204;[171, 0, 17, 255, 161, 74, 233, 0, 240, 1, 0, 43, 1, 0, 254, 1, 0, 58, 10, 5]
1542700869204;[171, 0, 17, 255, 161, 74, 233, 0, 240, 1, 0, 43, 1, 0, 254, 1, 0, 58, 10, 5]
1542700869206;[171, 0, 17, 255, 161, 74, 233, 0, 240, 1, 0, 59, 1, 0, 245, 1, 0, 51, 10, 17]
1542700869207;[171, 0, 17, 255, 161, 74, 233, 0, 240, 1, 0, 59, 1, 0, 245, 1, 0, 51, 10, 17]
1542700869377;[171, 0, 17, 255, 161, 74, 233, 0, 240, 1, 0, 6, 1, 0, 227, 1, 0, 56, 10, 17]
1542700869377;[171, 0, 17, 255, 161, 74, 233, 0, 240, 1, 0, 6, 1, 0, 227, 1, 0, 56, 10, 17]
1542700869378;[171, 0, 17, 255, 161, 74, 233, 0, 240, 0, 0, 6, 1, 0, 239, 1, 0, 54, 10, 25]
1542700869379;[171, 0, 17, 255, 161, 74, 233, 0, 240, 0, 0, 6, 1, 0, 239, 1, 0, 54, 10, 25]
1542700869548;[171, 0, 4, 255, 132, 128, 84]
1542700869550;[171, 0, 4, 255, 132, 128, 84]
1542700869721;[171, 0, 17, 255, 161, 74, 233, 0, 240, 1, 0, 13, 1, 0, 217, 1, 0, 47, 10, 19]
1542700869722;[171, 0, 17, 255, 161, 74, 233, 0, 240, 1, 0, 13, 1, 0, 217, 1, 0, 47, 10, 19]
1542700869724;[171, 0, 17, 255, 161, 74, 233, 0, 240, 0, 0, 0, 1, 0, 222, 1, 0, 52, 10, 37]
1542700869724;[171, 0, 17, 255, 161, 74, 233, 0, 240, 0, 0, 0, 1, 0, 222, 1, 0, 52, 10, 37]
1542700869894;[171, 0, 17, 255, 161, 74, 233, 0, 240, 1, 0, 65, 1, 0, 214, 1, 0, 35, 10, 50]
1542700869895;[171, 0, 17, 255, 161, 74, 233, 0, 240, 1, 0, 65, 1, 0, 214, 1, 0, 35, 10, 50]
1542700869896;[171, 0, 17, 255, 161, 74, 233, 0, 241, 1, 0, 46, 1, 0, 229, 1, 0, 53, 10, 56]
1542700869897;[171, 0, 17, 255, 161, 74, 233, 0, 241, 1, 0, 46, 1, 0, 229, 1, 0, 53, 10, 56]
1542700870239;[171, 0, 17, 255, 161, 74, 233, 0, 241, 1, 0, 81, 1, 1, 0, 1, 0, 60, 10, 56]
1542700870240;[171, 0, 17, 255, 161, 74, 233, 0, 241, 1, 0, 81, 1, 1, 0, 1, 0, 60, 10, 56]
1542700870242;[171, 0, 17, 255, 161, 74, 233, 0, 241, 1, 0, 48, 1, 0, 238, 1, 0, 43, 10, 58]
1542700870243;[171, 0, 17, 255, 161, 74, 233, 0, 241, 1, 0, 48, 1, 0, 238, 1, 0, 43, 10, 58]
1542700870244;[171, 0, 17, 255, 161, 74, 233, 0, 241, 1, 0, 36, 1, 0, 228, 1, 0, 47, 10, 63]
1542700870245;[171, 0, 17, 255, 161, 74, 233, 0, 241, 1, 0, 36, 1, 0, 228, 1, 0, 47, 10, 63]
1542700870411;[171, 0, 17, 255, 161, 74, 233, 0, 241, 1, 0, 20, 1, 0, 251, 1, 0, 53, 10, 68]
1542700870412;[171, 0, 17, 255, 161, 74, 233, 0, 241, 1, 0, 20, 1, 0, 251, 1, 0, 53, 10, 68]
1542700870413;[171, 0, 17, 255, 161, 74, 233, 0, 241, 1, 0, 10, 1, 1, 2, 1, 0, 44, 10, 69]
1542700870414;[171, 0, 17, 255, 161, 74, 233, 0, 241, 1, 0, 10, 1, 1, 2, 1, 0, 44, 10, 69]
1542700870583;[171, 0, 17, 255, 161, 74, 233, 0, 241, 0, 0, 38, 1, 0, 251, 1, 0, 57, 10, 73]
1542700870585;[171, 0, 17, 255, 161, 74, 233, 0, 241, 0, 0, 38, 1, 0, 251, 1, 0, 57, 10, 73]
1542700870586;[171, 0, 4, 255, 132, 128, 84]
1542700870588;[171, 0, 4, 255, 132, 128, 84]
1542700870756;[171, 0, 17, 255, 161, 74, 233, 0, 241, 1, 0, 21, 1, 1, 6, 1, 0, 42, 10, 78]
1542700870757;[171, 0, 17, 255, 161, 74, 233, 0, 241, 1, 0, 21, 1, 1, 6, 1, 0, 42, 10, 78]
1542700870758;[171, 0, 17, 255, 161, 74, 233, 0, 241, 1, 0, 18, 1, 1, 0, 1, 0, 69, 10, 96]
1542700870759;[171, 0, 17, 255, 161, 74, 233, 0, 241, 1, 0, 18, 1, 1, 0, 1, 0, 69, 10, 96]
1542700870928;[171, 0, 17, 255, 161, 74, 233, 0, 241, 1, 0, 42, 1, 0, 240, 1, 0, 56, 10, 98]
1542700870929;[171, 0, 17, 255, 161, 74, 233, 0, 241, 1, 0, 42, 1, 0, 240, 1, 0, 56, 10, 98]
1542700871101;[171, 0, 17, 255, 161, 74, 233, 0, 242, 1, 0, 23, 1, 0, 235, 1, 0, 55, 10, 98]
1542700871102;[171, 0, 17, 255, 161, 74, 233, 0, 242, 1, 0, 23, 1, 0, 235, 1, 0, 55, 10, 98]
1542700871103;[171, 0, 17, 255, 161, 74, 233, 0, 242, 1, 0, 7, 1, 0, 224, 1, 0, 70, 10, 97]
1542700871104;[171, 0, 17, 255, 161, 74, 233, 0, 242, 1, 0, 7, 1, 0, 224, 1, 0, 70, 10, 97]
1542700871274;[171, 0, 17, 255, 161, 74, 233, 0, 242, 1, 0, 27, 1, 0, 246, 1, 0, 52, 10, 109]
1542700871275;[171, 0, 17, 255, 161, 74, 233, 0, 242, 1, 0, 27, 1, 0, 246, 1, 0, 52, 10, 109]
1542700871276;[171, 0, 17, 255, 161, 74, 233, 0, 242, 1, 0, 37, 1, 0, 241, 1, 0, 47, 10, 121]
1542700871277;[171, 0, 17, 255, 161, 74, 233, 0, 242, 1, 0, 37, 1, 0, 241, 1, 0, 47, 10, 121]
1542700871793;[171, 0, 17, 255, 161, 74, 233, 0, 242, 1, 0, 55, 1, 0, 230, 1, 0, 43, 10, 120]
1542700871793;[171, 0, 17, 255, 161, 74, 233, 0, 242, 1, 0, 55, 1, 0, 230, 1, 0, 43, 10, 120]
1542700871795;[171, 0, 17, 255, 161, 74, 233, 0, 242, 1, 0, 41, 1, 0, 243, 1, 0, 52, 10, 125]
1542700871796;[171, 0, 17, 255, 161, 74, 233, 0, 242, 1, 0, 41, 1, 0, 243, 1, 0, 52, 10, 125]
1542700871797;[171, 0, 17, 255, 161, 74, 233, 0, 244, 1, 0, 3, 1, 0, 225, 1, 0, 71, 10, 236]
1542700871798;[171, 0, 17, 255, 161, 74, 233, 0, 244, 1, 0, 3, 1, 0, 225, 1, 0, 71, 10, 236]
1542700871799;[171, 0, 17, 255, 161, 74, 233, 0, 244, 1, 0, 22, 1, 0, 255, 1, 0, 67, 10, 237]
1542700871800;[171, 0, 17, 255, 161, 74, 233, 0, 244, 1, 0, 22, 1, 0, 255, 1, 0, 67, 10, 237]
1542700871963;[171, 0, 17, 255, 161, 74, 233, 0, 244, 1, 0, 40, 1, 0, 212, 1, 0, 57, 10, 247]
1542700871964;[171, 0, 17, 255, 161, 74, 233, 0, 244, 1, 0, 40, 1, 0, 212, 1, 0, 57, 10, 247]
1542700872136;[171, 0, 17, 255, 161, 74, 233, 0, 245, 1, 0, 80, 1, 0, 226, 1, 0, 31, 11, 2]
1542700872136;[171, 0, 17, 255, 161, 74, 233, 0, 245, 1, 0, 80, 1, 0, 226, 1, 0, 31, 11, 2]
1542700872308;[171, 0, 17, 255, 161, 74, 233, 0, 245, 1, 0, 25, 1, 0, 228, 1, 0, 64, 10, 254]
1542700872309;[171, 0, 17, 255, 161, 74, 233, 0, 245, 1, 0, 25, 1, 0, 228, 1, 0, 64, 10, 254]
1542700872311;[171, 0, 17, 255, 161, 74, 233, 0, 245, 1, 0, 59, 1, 0, 237, 1, 0, 37, 10, 252]
1542700872311;[171, 0, 17, 255, 161, 74, 233, 0, 245, 1, 0, 59, 1, 0, 237, 1, 0, 37, 10, 252]
1542700872481;[171, 0, 17, 255, 161, 74, 233, 0, 245, 1, 0, 40, 1, 0, 234, 1, 0, 51, 11, 6]
1542700872483;[171, 0, 17, 255, 161, 74, 233, 0, 245, 1, 0, 40, 1, 0, 234, 1, 0, 51, 11, 6]
1542700872484;[171, 0, 17, 255, 161, 74, 233, 0, 245, 1, 0, 45, 1, 0, 229, 1, 0, 46, 11, 22]
1542700872485;[171, 0, 17, 255, 161, 74, 233, 0, 245, 1, 0, 45, 1, 0, 229, 1, 0, 46, 11, 22]
1542700872828;[171, 0, 17, 255, 161, 74, 233, 0, 245, 1, 0, 2, 1, 0, 248, 1, 0, 44, 11, 15]
1542700872829;[171, 0, 17, 255, 161, 74, 233, 0, 245, 1, 0, 2, 1, 0, 248, 1, 0, 44, 11, 15]
1542700872831;[171, 0, 17, 255, 161, 74, 233, 0, 245, 1, 0, 25, 1, 0, 227, 1, 0, 48, 11, 30]
1542700872832;[171, 0, 17, 255, 161, 74, 233, 0, 245, 1, 0, 25, 1, 0, 227, 1, 0, 48, 11, 30]
1542700872833;[171, 0, 4, 255, 132, 128, 84]
1542700872834;[171, 0, 4, 255, 132, 128, 84]
1542700872999;[171, 0, 17, 255, 161, 74, 233, 0, 245, 1, 0, 22, 1, 1, 1, 1, 0, 45, 11, 25]
1542700873000;[171, 0, 17, 255, 161, 74, 233, 0, 245, 1, 0, 22, 1, 1, 1, 1, 0, 45, 11, 25]
1542700873001;[171, 0, 17, 255, 161, 74, 233, 0, 245, 1, 0, 3, 1, 0, 254, 1, 0, 78, 11, 22]
1542700873001;[171, 0, 17, 255, 161, 74, 233, 0, 245, 1, 0, 3, 1, 0, 254, 1, 0, 78, 11, 22]
1542700873172;[171, 0, 17, 255, 161, 74, 233, 0, 245, 1, 0, 50, 1, 0, 245, 1, 0, 47, 11, 31]
1542700873173;[171, 0, 17, 255, 161, 74, 233, 0, 245, 1, 0, 50, 1, 0, 245, 1, 0, 47, 11, 31]
1542700873174;[171, 0, 17, 255, 161, 74, 233, 0, 246, 1, 0, 16, 1, 0, 243, 1, 0, 42, 11, 42]
1542700873175;[171, 0, 17, 255, 161, 74, 233, 0, 246, 1, 0, 16, 1, 0, 243, 1, 0, 42, 11, 42]
1542700873348;[171, 0, 17, 255, 161, 74, 233, 0, 246, 1, 0, 36, 1, 0, 253, 1, 0, 47, 11, 44]
1542700873348;[171, 0, 17, 255, 161, 74, 233, 0, 246, 1, 0, 36, 1, 0, 253, 1, 0, 47, 11, 44]
1542700873516;[171, 0, 17, 255, 161, 74, 233, 0, 246, 1, 0, 20, 1, 0, 217, 1, 0, 53, 11, 48]
1542700873517;[171, 0, 17, 255, 161, 74, 233, 0, 246, 1, 0, 20, 1, 0, 217, 1, 0, 53, 11, 48]
1542700873518;[171, 0, 17, 255, 161, 74, 233, 0, 246, 1, 0, 52, 1, 0, 234, 1, 0, 47, 11, 54]
1542700873519;[171, 0, 17, 255, 161, 74, 233, 0, 246, 1, 0, 52, 1, 0, 234, 1, 0, 47, 11, 54]
1542700873688;[171, 0, 17, 255, 161, 74, 233, 0, 246, 1, 0, 24, 1, 0, 239, 1, 0, 52, 11, 61]
1542700873689;[171, 0, 17, 255, 161, 74, 233, 0, 246, 1, 0, 24, 1, 0, 239, 1, 0, 52, 11, 61]
1542700873690;[171, 0, 17, 255, 161, 74, 233, 0, 246, 1, 0, 14, 1, 0, 247, 1, 0, 51, 11, 56]
1542700873691;[171, 0, 17, 255, 161, 74, 233, 0, 246, 1, 0, 14, 1, 0, 247, 1, 0, 51, 11, 56]
1542700874034;[171, 0, 17, 255, 161, 74, 233, 0, 246, 1, 0, 17, 1, 0, 220, 1, 0, 43, 11, 63]
1542700874035;[171, 0, 17, 255, 161, 74, 233, 0, 246, 1, 0, 17, 1, 0, 220, 1, 0, 43, 11, 63]
1542700874036;[171, 0, 4, 255, 132, 128, 85]
1542700874056;[171, 0, 4, 255, 132, 128, 85]
1542700874058;[171, 0, 17, 255, 161, 74, 233, 0, 246, 1, 0, 63, 1, 1, 16, 1, 0, 39, 11, 74]
1542700874059;[171, 0, 17, 255, 161, 74, 233, 0, 246, 1, 0, 63, 1, 1, 16, 1, 0, 39, 11, 74]
1542700874207;[171, 0, 17, 255, 161, 74, 233, 0, 246, 1, 0, 56, 1, 0, 237, 1, 0, 53, 11, 79]
1542700874208;[171, 0, 17, 255, 161, 74, 233, 0, 246, 1, 0, 56, 1, 0, 237, 1, 0, 53, 11, 79]
1542700874380;[171, 0, 17, 255, 161, 74, 233, 0, 246, 1, 0, 29, 1, 0, 244, 1, 0, 52, 11, 88]
1542700874381;[171, 0, 17, 255, 161, 74, 233, 0, 246, 1, 0, 29, 1, 0, 244, 1, 0, 52, 11, 88]
1542700874382;[171, 0, 17, 255, 161, 74, 233, 0, 247, 1, 0, 5, 1, 0, 213, 1, 0, 50, 11, 99]
1542700874383;[171, 0, 17, 255, 161, 74, 233, 0, 247, 1, 0, 5, 1, 0, 213, 1, 0, 50, 11, 99]
1542700874385;[171, 0, 17, 255, 161, 74, 233, 0, 247, 1, 0, 11, 1, 0, 208, 1, 0, 45, 11, 105]
1542700874385;[171, 0, 17, 255, 161, 74, 233, 0, 247, 1, 0, 11, 1, 0, 208, 1, 0, 45, 11, 105]
1542700874551;[171, 0, 17, 255, 161, 74, 233, 0, 247, 1, 0, 64, 1, 0, 236, 1, 0, 56, 11, 119]
1542700874552;[171, 0, 17, 255, 161, 74, 233, 0, 247, 1, 0, 64, 1, 0, 236, 1, 0, 56, 11, 119]
1542700874725;[171, 0, 17, 255, 161, 74, 233, 0, 247, 1, 0, 12, 1, 0, 243, 1, 0, 46, 11, 133]
1542700874726;[171, 0, 17, 255, 161, 74, 233, 0, 247, 1, 0, 12, 1, 0, 243, 1, 0, 46, 11, 133]
1542700874727;[171, 0, 17, 255, 161, 74, 233, 0, 247, 1, 0, 52, 1, 0, 224, 1, 0, 19, 11, 127]
1542700874728;[171, 0, 17, 255, 161, 74, 233, 0, 247, 1, 0, 52, 1, 0, 224, 1, 0, 19, 11, 127]
1542700874897;[171, 0, 17, 255, 161, 74, 233, 0, 247, 1, 0, 38, 1, 0, 254, 1, 0, 54, 11, 140]
1542700874898;[171, 0, 17, 255, 161, 74, 233, 0, 247, 1, 0, 38, 1, 0, 254, 1, 0, 54, 11, 140]
1542700874899;[171, 0, 17, 255, 161, 74, 233, 0, 247, 1, 0, 60, 1, 0, 250, 1, 0, 58, 11, 141]
1542700874900;[171, 0, 17, 255, 161, 74, 233, 0, 247, 1, 0, 60, 1, 0, 250, 1, 0, 58, 11, 141]
1542700875069;[171, 0, 4, 255, 132, 128, 85]
1542700875071;[171, 0, 4, 255, 132, 128, 85]
1542700875090;[171, 0, 17, 255, 161, 74, 233, 0, 247, 1, 0, 17, 1, 0, 240, 1, 0, 58, 11, 144]
1542700875090;[171, 0, 17, 255, 161, 74, 233, 0, 247, 1, 0, 17, 1, 0, 240, 1, 0, 58, 11, 144]
1542700875414;[171, 0, 17, 255, 161, 74, 233, 0, 247, 1, 0, 18, 1, 1, 0, 1, 0, 59, 11, 153]
1542700875414;[171, 0, 17, 255, 161, 74, 233, 0, 247, 1, 0, 18, 1, 1, 0, 1, 0, 59, 11, 153]
1542700875416;[171, 0, 17, 255, 161, 74, 233, 0, 247, 1, 0, 38, 1, 0, 238, 1, 0, 66, 11, 162]
1542700875417;[171, 0, 17, 255, 161, 74, 233, 0, 247, 1, 0, 38, 1, 0, 238, 1, 0, 66, 11, 162]
1542700875418;[171, 0, 17, 255, 161, 74, 233, 0, 248, 1, 0, 37, 1, 1, 6, 1, 0, 48, 11, 161]
1542700875419;[171, 0, 17, 255, 161, 74, 233, 0, 248, 1, 0, 37, 1, 1, 6, 1, 0, 48, 11, 161]
1542700875587;[171, 0, 17, 255, 161, 74, 233, 0, 248, 1, 0, 14, 1, 0, 248, 1, 0, 45, 11, 165]
1542700875588;[171, 0, 17, 255, 161, 74, 233, 0, 248, 1, 0, 14, 1, 0, 248, 1, 0, 45, 11, 165]
1542700875589;[171, 0, 17, 255, 161, 74, 233, 0, 248, 1, 0, 35, 1, 0, 220, 1, 0, 70, 11, 161]
1542700875590;[171, 0, 17, 255, 161, 74, 233, 0, 248, 1, 0, 35, 1, 0, 220, 1, 0, 70, 11, 161]
1542700875759;[171, 0, 17, 255, 161, 74, 233, 0, 248, 1, 0, 43, 1, 0, 215, 1, 0, 36, 11, 158]
1542700875760;[171, 0, 17, 255, 161, 74, 233, 0, 248, 1, 0, 43, 1, 0, 215, 1, 0, 36, 11, 158]
1542700875761;[171, 0, 17, 255, 161, 74, 233, 0, 248, 1, 0, 20, 1, 0, 222, 1, 0, 55, 11, 164]
1542700875762;[171, 0, 17, 255, 161, 74, 233, 0, 248, 1, 0, 20, 1, 0, 222, 1, 0, 55, 11, 164]
1542700875930;[171, 0, 17, 255, 161, 74, 233, 0, 248, 1, 0, 23, 1, 0, 226, 1, 0, 53, 11, 157]
1542700875931;[171, 0, 17, 255, 161, 74, 233, 0, 248, 1, 0, 23, 1, 0, 226, 1, 0, 53, 11, 157]
1542700876103;[171, 0, 17, 255, 161, 74, 233, 0, 248, 1, 0, 35, 1, 0, 217, 1, 0, 38, 11, 157]
1542700876104;[171, 0, 17, 255, 161, 74, 233, 0, 248, 1, 0, 35, 1, 0, 217, 1, 0, 38, 11, 157]
1542700876106;[171, 0, 4, 255, 132, 128, 86]
1542700876107;[171, 0, 4, 255, 132, 128, 86]
1542700876277;[171, 0, 17, 255, 161, 74, 233, 0, 248, 1, 0, 61, 1, 0, 223, 1, 0, 32, 11, 167]
1542700876278;[171, 0, 17, 255, 161, 74, 233, 0, 248, 1, 0, 61, 1, 0, 223, 1, 0, 32, 11, 167]
1542700876279;[171, 0, 17, 255, 161, 74, 233, 0, 248, 1, 0, 35, 1, 0, 238, 1, 0, 41, 11, 173]
1542700876279;[171, 0, 17, 255, 161, 74, 233, 0, 248, 1, 0, 35, 1, 0, 238, 1, 0, 41, 11, 173]
1542700876621;[171, 0, 17, 255, 161, 74, 233, 0, 248, 1, 0, 45, 1, 0, 240, 1, 0, 52, 11, 172]
1542700876623;[171, 0, 17, 255, 161, 74, 233, 0, 248, 1, 0, 45, 1, 0, 240, 1, 0, 52, 11, 172]
1542700876624;[171, 0, 17, 255, 161, 74, 233, 0, 249, 1, 0, 34, 1, 0, 198, 1, 0, 46, 11, 178]
1542700876625;[171, 0, 17, 255, 161, 74, 233, 0, 249, 1, 0, 34, 1, 0, 198, 1, 0, 46, 11, 178]
1542700876625;[171, 0, 17, 255, 161, 74, 233, 0, 249, 1, 0, 3, 1, 0, 221, 1, 0, 48, 11, 176]
1542700876626;[171, 0, 17, 255, 161, 74, 233, 0, 249, 1, 0, 3, 1, 0, 221, 1, 0, 48, 11, 176]
1542700876794;[171, 0, 17, 255, 161, 74, 233, 0, 249, 1, 0, 35, 1, 0, 238, 1, 0, 48, 11, 191]
1542700876795;[171, 0, 17, 255, 161, 74, 233, 0, 249, 1, 0, 35, 1, 0, 238, 1, 0, 48, 11, 191]
1542700876796;[171, 0, 17, 255, 161, 74, 233, 0, 249, 1, 0, 43, 1, 1, 25, 1, 0, 50, 11, 193]
1542700876797;[171, 0, 17, 255, 161, 74, 233, 0, 249, 1, 0, 43, 1, 1, 25, 1, 0, 50, 11, 193]
1542700876967;[171, 0, 17, 255, 161, 74, 233, 0, 249, 1, 0, 10, 1, 0, 244, 1, 0, 49, 11, 185]
1542700876968;[171, 0, 17, 255, 161, 74, 233, 0, 249, 1, 0, 10, 1, 0, 244, 1, 0, 49, 11, 185]
1542700876969;[171, 0, 17, 255, 161, 74, 233, 0, 249, 1, 0, 67, 1, 1, 6, 1, 0, 57, 11, 184]
1542700876970;[171, 0, 17, 255, 161, 74, 233, 0, 249, 1, 0, 67, 1, 1, 6, 1, 0, 57, 11, 184]
1542700877139;[171, 0, 17, 255, 161, 74, 233, 0, 249, 1, 0, 51, 1, 1, 0, 1, 0, 72, 11, 184]
1542700877140;[171, 0, 17, 255, 161, 74, 233, 0, 249, 1, 0, 51, 1, 1, 0, 1, 0, 72, 11, 184]
1542700877311;[171, 0, 4, 255, 132, 128, 85]
1542700877313;[171, 0, 4, 255, 132, 128, 85]
1542700877332;[171, 0, 17, 255, 161, 74, 233, 0, 249, 1, 0, 47, 1, 1, 36, 1, 0, 60, 11, 194]
1542700877332;[171, 0, 17, 255, 161, 74, 233, 0, 249, 1, 0, 47, 1, 1, 36, 1, 0, 60, 11, 194]
1542700877484;[171, 0, 17, 255, 161, 74, 233, 0, 249, 1, 0, 70, 1, 0, 252, 1, 0, 54, 11, 196]
1542700877485;[171, 0, 17, 255, 161, 74, 233, 0, 249, 1, 0, 70, 1, 0, 252, 1, 0, 54, 11, 196]
1542700877486;[171, 0, 17, 255, 161, 74, 233, 0, 249, 1, 0, 17, 1, 0, 241, 1, 0, 55, 11, 202]
1542700877487;[171, 0, 17, 255, 161, 74, 233, 0, 249, 1, 0, 17, 1, 0, 241, 1, 0, 55, 11, 202]
1542700877657;[171, 0, 17, 255, 161, 74, 233, 0, 250, 1, 0, 64, 1, 1, 3, 1, 0, 49, 11, 205]
1542700877658;[171, 0, 17, 255, 161, 74, 233, 0, 250, 1, 0, 64, 1, 1, 3, 1, 0, 49, 11, 205]
1542700877658;[171, 0, 17, 255, 161, 74, 233, 0, 250, 1, 0, 16, 1, 0, 209, 1, 0, 60, 11, 208]
