1542808392941;[171, 0, 17, 255, 161, 74, 235, 94, 5, 0, 0, 93, 0, 0, 182, 1, 0, 163, 10, 95]
1542808392947;[171, 0, 17, 255, 161, 74, 235, 94, 5, 0, 0, 94, 0, 0, 184, 1, 0, 163, 11, 97]
1542808392948;[171, 0, 4, 255, 132, 128, 99]
1542808393119;[171, 0, 17, 255, 161, 74, 235, 94, 5, 0, 0, 92, 0, 0, 182, 1, 0, 155, 12, 48]
1542808393125;[171, 0, 17, 255, 161, 74, 235, 94, 5, 0, 0, 89, 0, 0, 192, 1, 0, 165, 12, 150]
1542808395394;[171, 0, 17, 255, 161, 74, 235, 94, 6, 0, 0, 96, 0, 0, 187, 1, 0, 158, 12, 210]
1542808395394;[171, 0, 17, 255, 161, 74, 235, 94, 6, 0, 0, 92, 0, 0, 189, 1, 0, 157, 13, 2]
1542808395399;[171, 0, 17, 255, 161, 74, 235, 94, 6, 0, 0, 92, 0, 0, 186, 1, 0, 157, 13, 88]
1542808395401;[171, 0, 17, 255, 161, 74, 235, 94, 6, 0, 0, 92, 0, 0, 187, 1, 0, 157, 13, 101]
1542808395554;[171, 0, 17, 255, 161, 74, 235, 94, 6, 0, 0, 98, 0, 0, 192, 1, 0, 154, 13, 190]
1542808397253;[171, 0, 17, 255, 161, 74, 235, 94, 6, 0, 0, 101, 0, 0, 191, 1, 0, 157, 14, 137]
1542808397256;[171, 0, 17, 255, 161, 74, 235, 94, 6, 0, 0, 93, 0, 0, 186, 1, 0, 154, 14, 204]
1542808398288;[171, 0, 17, 255, 161, 74, 235, 94, 6, 0, 0, 95, 0, 0, 186, 1, 0, 155, 14, 218]
1542808398291;[171, 0, 4, 255, 132, 128, 100]
1542808398313;[171, 0, 17, 255, 161, 74, 235, 94, 6, 0, 0, 93, 0, 0, 181, 1, 0, 164, 14, 170]
1542808398314;[171, 0, 17, 255, 161, 74, 235, 94, 6, 0, 0, 93, 0, 0, 186, 1, 0, 161, 14, 144]
1542808398634;[171, 0, 17, 255, 161, 74, 235, 94, 7, 0, 0, 96, 0, 0, 180, 1, 0, 166, 14, 113]
1542808398637;[171, 0, 17, 255, 161, 74, 235, 94, 9, 1, 0, 39, 1, 0, 17, 1, 0, 217, 3, 254]
1542808398639;[171, 0, 17, 255, 161, 74, 235, 94, 11, 1, 0, 48, 1, 0, 46, 1, 0, 236, 1, 152]
1542808398642;[171, 0, 17, 255, 161, 74, 235, 94, 11, 1, 0, 48, 1, 0, 46, 1, 0, 237, 1, 181]
1542808398806;[171, 0, 4, 255, 132, 128, 93]
1542808398830;[171, 0, 17, 255, 161, 74, 235, 94, 11, 1, 0, 49, 1, 0, 46, 1, 0, 236, 2, 59]
1542808398831;[171, 0, 17, 255, 161, 74, 235, 94, 11, 1, 0, 47, 1, 0, 45, 1, 0, 236, 2, 53]
1542808398980;[171, 0, 17, 255, 161, 74, 235, 94, 12, 1, 0, 50, 1, 0, 48, 1, 0, 236, 2, 2]
1542808398982;[171, 0, 17, 255, 161, 74, 235, 94, 12, 1, 0, 49, 1, 0, 47, 1, 0, 236, 1, 210]
1542808398985;[171, 0, 17, 255, 161, 74, 235, 94, 12, 1, 0, 52, 1, 0, 49, 1, 0, 237, 1, 147]
1542808399331;[171, 0, 17, 255, 161, 74, 235, 94, 12, 1, 0, 39, 1, 0, 69, 1, 0, 237, 1, 105]
1542808399840;[171, 0, 17, 255, 161, 74, 235, 94, 12, 1, 0, 40, 1, 0, 53, 1, 0, 233, 1, 183]
1542808403292;[171, 0, 17, 255, 161, 74, 235, 94, 12, 1, 0, 82, 1, 0, 60, 1, 0, 229, 1, 148]
1542808403295;[171, 0, 17, 255, 161, 74, 235, 94, 12, 1, 0, 28, 1, 0, 58, 1, 0, 229, 1, 45]
1542808403298;[171, 0, 17, 255, 161, 74, 235, 94, 12, 1, 0, 31, 1, 0, 49, 1, 0, 250, 1, 69]
1542808403300;[171, 0, 4, 255, 132, 128, 92]
1542808404154;[171, 0, 17, 255, 161, 74, 235, 94, 12, 1, 0, 36, 1, 0, 44, 1, 0, 238, 1, 57]
1542808404161;[171, 0, 17, 255, 161, 74, 235, 94, 12, 1, 0, 42, 1, 0, 51, 1, 0, 240, 1, 24]
1542808404166;[171, 0, 17, 255, 161, 74, 235, 94, 13, 1, 0, 58, 1, 0, 55, 1, 0, 236, 1, 16]
1542808404167;[171, 0, 17, 255, 161, 74, 235, 94, 13, 1, 0, 101, 1, 0, 89, 1, 0, 207, 1, 3]
1542808404327;[171, 0, 17, 255, 161, 74, 235, 94, 17, 0, 0, 113, 1, 0, 64, 1, 0, 212, 13, 66]
1542808404330;[171, 0, 17, 255, 161, 74, 235, 94, 17, 0, 0, 184, 1, 0, 40, 1, 0, 80, 13, 2]
1542808404332;[171, 0, 4, 255, 132, 128, 92]
1542808404354;[171, 0, 17, 255, 161, 74, 235, 94, 17, 0, 0, 175, 0, 0, 96, 1, 0, 183, 15, 30]
1542808404497;[171, 0, 17, 255, 161, 74, 235, 94, 17, 0, 0, 89, 0, 1, 10, 1, 0, 250, 10, 62]
1542808404672;[171, 0, 17, 255, 161, 74, 235, 94, 18, 0, 0, 125, 1, 0, 58, 1, 0, 39, 10, 62]
1542808404674;[171, 0, 17, 255, 161, 74, 235, 94, 18, 0, 0, 178, 1, 0, 12, 1, 0, 224, 10, 62]
1542808404677;[171, 0, 17, 255, 161, 74, 235, 94, 18, 0, 1, 26, 0, 0, 21, 1, 0, 122, 10, 62]
1542808404680;[171, 0, 17, 255, 161, 74, 235, 94, 18, 0, 0, 233, 0, 0, 12, 1, 0, 97, 11, 1]
1542808405016;[171, 0, 17, 255, 161, 74, 235, 94, 18, 0, 1, 2, 0, 0, 21, 1, 0, 68, 13, 139]
1542808405188;[171, 0, 17, 255, 161, 74, 235, 94, 18, 0, 1, 4, 0, 0, 16, 1, 0, 36, 13, 174]
1542808405191;[171, 0, 17, 255, 161, 74, 235, 94, 18, 0, 0, 234, 0, 0, 24, 1, 0, 109, 5, 136]
1542808405194;[171, 0, 17, 255, 161, 74, 235, 94, 18, 0, 0, 204, 0, 0, 23, 1, 0, 178, 5, 136]
1542808405196;[171, 0, 4, 255, 132, 128, 92]
1542808405360;[171, 0, 17, 255, 161, 74, 235, 94, 18, 0, 0, 196, 0, 0, 21, 1, 0, 160, 5, 136]
1542808405704;[171, 0, 17, 255, 161, 74, 235, 94, 18, 0, 0, 235, 0, 0, 13, 1, 0, 108, 5, 136]
1542808405880;[171, 0, 17, 255, 161, 74, 235, 94, 19, 0, 1, 28, 1, 0, 23, 0, 0, 12, 5, 136]
1542808405882;[171, 0, 17, 255, 161, 74, 235, 94, 19, 0, 0, 192, 0, 0, 35, 0, 0, 31, 5, 136]
1542808405886;[171, 0, 17, 255, 161, 74, 235, 94, 19, 0, 0, 188, 0, 0, 101, 0, 0, 8, 5, 136]
1542808405888;[171, 0, 17, 255, 161, 74, 235, 94, 19, 0, 1, 196, 0, 0, 123, 0, 0, 122, 7, 10]
1542808406221;[171, 0, 17, 255, 161, 74, 235, 94, 19, 0, 0, 221, 0, 0, 45, 0, 0, 6, 7, 10]
1542808406398;[171, 0, 17, 255, 161, 74, 235, 94, 19, 0, 0, 147, 1, 0, 7, 1, 0, 38, 7, 73]
1542808406400;[171, 0, 17, 255, 161, 74, 235, 94, 19, 0, 0, 232, 0, 0, 68, 1, 0, 45, 7, 82]
1542808406403;[171, 0, 17, 255, 161, 74, 235, 94, 19, 0, 1, 9, 0, 0, 67, 1, 0, 37, 7, 251]
1542808406406;[171, 0, 4, 255, 132, 128, 92]
1542808406569;[171, 0, 17, 255, 161, 74, 235, 94, 19, 0, 0, 189, 0, 0, 76, 1, 0, 36, 8, 27]
1542808406571;[171, 0, 17, 255, 161, 74, 235, 94, 19, 0, 1, 49, 0, 0, 42, 1, 0, 53, 7, 208]
1542808406574;[171, 0, 17, 255, 161, 74, 235, 94, 20, 0, 1, 5, 0, 0, 59, 1, 0, 23, 7, 135]
1542808406753;[171, 0, 17, 255, 161, 74, 235, 94, 20, 0, 0, 232, 0, 0, 56, 1, 0, 27, 7, 44]
1542808406755;[171, 0, 17, 255, 161, 74, 235, 94, 20, 0, 1, 2, 0, 0, 52, 1, 0, 22, 7, 39]
1542808406912;[171, 0, 17, 255, 161, 74, 235, 94, 20, 0, 0, 249, 0, 0, 56, 1, 0, 7, 7, 112]
1542808407088;[171, 0, 17, 255, 161, 74, 235, 94, 20, 0, 0, 247, 0, 0, 50, 1, 0, 12, 7, 125]
1542808407099;[171, 0, 17, 255, 161, 74, 235, 94, 20, 0, 0, 176, 0, 0, 78, 1, 0, 22, 7, 62]
1542808407257;[171, 0, 17, 255, 161, 74, 235, 94, 20, 0, 1, 5, 0, 0, 91, 0, 0, 78, 6, 214]
1542808407259;[171, 0, 17, 255, 161, 74, 235, 94, 20, 0, 1, 30, 0, 0, 17, 1, 0, 98, 6, 101]
1542808407602;[171, 0, 4, 255, 132, 128, 91]
1542808407623;[171, 0, 17, 255, 161, 74, 235, 94, 20, 0, 0, 195, 0, 0, 50, 1, 0, 15, 6, 71]
1542808407624;[171, 0, 17, 255, 161, 74, 235, 94, 20, 0, 0, 254, 0, 0, 23, 0, 0, 67, 6, 60]
1542808407624;[171, 0, 17, 255, 161, 74, 235, 94, 21, 0, 1, 10, 0, 0, 24, 0, 0, 30, 5, 205]
1542808408984;[171, 0, 17, 255, 161, 74, 235, 94, 21, 0, 0, 246, 0, 0, 15, 0, 0, 39, 5, 93]
1542808408987;[171, 0, 17, 255, 161, 74, 235, 94, 21, 0, 0, 235, 0, 0, 5, 0, 0, 50, 5, 42]
1542808409004;[171, 0, 17, 255, 161, 74, 235, 94, 21, 0, 0, 245, 1, 0, 15, 0, 0, 67, 4, 189]
1542808409005;[171, 0, 17, 255, 161, 74, 235, 94, 21, 0, 0, 242, 1, 0, 12, 0, 0, 69, 4, 126]
1542808409330;[171, 0, 17, 255, 161, 74, 235, 94, 21, 0, 0, 233, 1, 0, 7, 0, 0, 59, 4, 51]
1542808409332;[171, 0, 17, 255, 161, 74, 235, 94, 21, 0, 0, 220, 1, 0, 1, 0, 0, 109, 3, 108]
1542808409334;[171, 0, 17, 255, 161, 74, 235, 94, 21, 0, 1, 133, 0, 0, 85, 1, 0, 1, 3, 18]
1542808409336;[171, 0, 4, 255, 132, 128, 91]
1542808410537;[171, 0, 17, 255, 161, 74, 235, 94, 21, 0, 0, 228, 0, 0, 61, 1, 0, 51, 1, 251]
1542808410540;[171, 0, 17, 255, 161, 74, 235, 94, 21, 0, 0, 239, 0, 0, 37, 0, 0, 81, 1, 174]
1542808410542;[171, 0, 17, 255, 161, 74, 235, 94, 22, 0, 0, 191, 0, 0, 188, 0, 0, 82, 1, 218]
1542808410545;[171, 0, 17, 255, 161, 74, 235, 94, 22, 0, 1, 19, 1, 0, 49, 0, 0, 50, 1, 188]
1542808410885;[171, 0, 17, 255, 161, 74, 235, 94, 22, 0, 0, 238, 0, 0, 82, 0, 0, 104, 0, 218]
1542808410897;[171, 0, 17, 255, 161, 74, 235, 94, 22, 0, 0, 252, 0, 0, 105, 1, 0, 40, 16, 143]
1542808410902;[171, 0, 17, 255, 161, 74, 235, 94, 22, 0, 0, 210, 0, 0, 81, 1, 0, 46, 7, 112]
1542808411058;[171, 0, 17, 255, 161, 74, 235, 94, 24, 0, 0, 213, 0, 0, 107, 1, 0, 33, 4, 247]
1542808411064;[171, 0, 4, 255, 132, 128, 92]
1542808411087;[171, 0, 17, 255, 161, 74, 235, 94, 24, 0, 1, 40, 0, 0, 77, 0, 0, 40, 5, 34]
1542808411088;[171, 0, 17, 255, 161, 74, 235, 94, 24, 0, 0, 254, 0, 0, 79, 1, 0, 24, 5, 41]
1542808411398;[171, 0, 17, 255, 161, 74, 235, 94, 25, 0, 0, 247, 0, 0, 81, 1, 0, 8, 5, 42]
1542808411401;[171, 0, 17, 255, 161, 74, 235, 94, 25, 0, 1, 5, 0, 0, 72, 1, 0, 27, 5, 43]
1542808411403;[171, 0, 17, 255, 161, 74, 235, 94, 25, 0, 0, 216, 0, 0, 107, 1, 0, 54, 5, 49]
1542808411405;[171, 0, 17, 255, 161, 74, 235, 94, 25, 0, 0, 220, 0, 0, 94, 1, 0, 43, 5, 62]
1542808411570;[171, 0, 17, 255, 161, 74, 235, 94, 25, 0, 0, 215, 0, 0, 87, 0, 0, 61, 5, 97]
1542808411571;[171, 0, 17, 255, 161, 74, 235, 94, 25, 0, 0, 240, 0, 0, 115, 0, 0, 13, 5, 122]
1542808411744;[171, 0, 17, 255, 161, 74, 235, 94, 25, 0, 0, 221, 0, 0, 80, 0, 0, 21, 5, 137]
1542808411747;[171, 0, 17, 255, 161, 74, 235, 94, 25, 0, 0, 213, 0, 0, 99, 1, 0, 5, 5, 157]
1542808411915;[171, 0, 4, 255, 132, 128, 92]
1542808411939;[171, 0, 17, 255, 161, 74, 235, 94, 25, 0, 0, 206, 0, 0, 63, 0, 0, 24, 5, 181]
1542808412089;[171, 0, 17, 255, 161, 74, 235, 94, 25, 0, 1, 17, 0, 0, 9, 0, 0, 98, 5, 252]
1542808412260;[171, 0, 17, 255, 161, 74, 235, 94, 26, 0, 1, 21, 0, 0, 38, 0, 0, 72, 6, 54]
1542808412262;[171, 0, 17, 255, 161, 74, 235, 94, 26, 0, 0, 246, 0, 0, 43, 0, 0, 58, 6, 72]
1542808412952;[171, 0, 17, 255, 161, 74, 235, 94, 26, 0, 0, 244, 0, 0, 39, 0, 0, 68, 6, 114]
1542808412955;[171, 0, 17, 255, 161, 74, 235, 94, 26, 0, 0, 248, 0, 0, 55, 0, 0, 56, 6, 153]
1542808412958;[171, 0, 17, 255, 161, 74, 235, 94, 26, 0, 0, 250, 0, 0, 37, 0, 0, 51, 6, 241]
1542808412960;[171, 0, 17, 255, 161, 74, 235, 94, 26, 0, 0, 247, 0, 0, 9, 0, 0, 56, 7, 102]
1542808413134;[171, 0, 17, 255, 161, 74, 235, 94, 26, 0, 1, 57, 0, 0, 37, 0, 0, 2, 6, 243]
1542808413137;[171, 0, 17, 255, 161, 74, 235, 94, 26, 0, 0, 170, 0, 0, 149, 0, 0, 11, 6, 80]
1542808413140;[171, 0, 4, 255, 132, 128, 92]
1542808413144;[171, 0, 17, 255, 161, 74, 235, 94, 26, 0, 1, 149, 0, 0, 51, 0, 0, 95, 6, 158]
1542808413294;[171, 0, 17, 255, 161, 74, 235, 94, 26, 0, 0, 250, 0, 0, 131, 0, 0, 20, 6, 248]
1542808414177;[171, 0, 17, 255, 161, 74, 235, 94, 27, 0, 1, 1, 0, 0, 86, 0, 0, 13, 7, 150]
1542808414186;[171, 0, 17, 255, 161, 74, 235, 94, 27, 0, 0, 219, 0, 0, 90, 1, 0, 29, 7, 128]
1542808414201;[171, 0, 17, 255, 161, 74, 235, 94, 27, 0, 0, 212, 0, 0, 76, 1, 0, 26, 7, 83]
1542808414209;[171, 0, 17, 255, 161, 74, 235, 94, 27, 0, 0, 240, 0, 0, 73, 1, 0, 22, 7, 1]
1542808414332;[171, 0, 17, 255, 161, 74, 235, 94, 27, 0, 0, 224, 0, 0, 64, 0, 0, 16, 6, 112]
1542808414335;[171, 0, 17, 255, 161, 74, 235, 94, 27, 0, 1, 9, 0, 0, 35, 0, 0, 29, 6, 137]
1542808414337;[171, 0, 17, 255, 161, 74, 235, 94, 27, 0, 0, 179, 0, 0, 33, 0, 0, 77, 7, 26]
1542808414339;[171, 0, 17, 255, 161, 74, 235, 94, 27, 0, 0, 102, 1, 0, 205, 0, 1, 73, 7, 154]
1542808414676;[171, 0, 4, 255, 132, 128, 92]
1542808414699;[171, 0, 17, 255, 161, 74, 235, 94, 27, 1, 0, 4, 1, 0, 57, 0, 1, 77, 7, 188]
1542808414700;[171, 0, 17, 255, 161, 74, 235, 94, 27, 1, 0, 31, 1, 1, 148, 0, 0, 172, 8, 104]
1542808414701;[171, 0, 17, 255, 161, 74, 235, 94, 28, 1, 0, 12, 1, 0, 129, 0, 0, 234, 8, 145]
1542808415199;[171, 0, 17, 255, 161, 74, 235, 94, 28, 1, 0, 14, 1, 0, 140, 0, 0, 222, 9, 125]
1542808416574;[171, 0, 17, 255, 161, 74, 235, 94, 28, 0, 0, 31, 1, 0, 86, 0, 0, 156, 10, 16]
1542808416575;[171, 0, 17, 255, 161, 74, 235, 94, 28, 0, 0, 107, 1, 0, 144, 0, 0, 125, 10, 89]
1542808416577;[171, 0, 17, 255, 161, 74, 235, 94, 28, 0, 0, 87, 1, 0, 248, 0, 0, 173, 11, 5]
1542808416579;[171, 0, 17, 255, 161, 74, 235, 94, 28, 0, 0, 52, 1, 0, 167, 0, 0, 220, 11, 146]
1542808416745;[171, 0, 17, 255, 161, 74, 235, 94, 28, 0, 0, 48, 1, 0, 113, 0, 1, 64, 12, 56]
1542808416747;[171, 0, 17, 255, 161, 74, 235, 94, 28, 0, 0, 191, 1, 0, 109, 0, 0, 199, 13, 25]
1542808416750;[171, 0, 4, 255, 132, 128, 95]
1542808416771;[171, 0, 17, 255, 161, 74, 235, 94, 28, 0, 0, 148, 0, 0, 20, 0, 0, 124, 13, 12]
1542808416927;[171, 0, 17, 255, 161, 74, 235, 94, 28, 0, 0, 146, 0, 0, 11, 0, 0, 190, 13, 26]
1542808417090;[171, 0, 17, 255, 161, 74, 235, 94, 31, 0, 2, 189, 0, 0, 83, 1, 0, 121, 1, 71]
1542808417263;[171, 0, 17, 255, 161, 74, 235, 94, 31, 1, 0, 22, 0, 0, 204, 0, 0, 68, 16, 55]
1542808417265;[171, 0, 17, 255, 161, 74, 235, 94, 31, 1, 0, 131, 0, 0, 74, 1, 1, 101, 7, 208]
1542808417267;[171, 0, 17, 255, 161, 74, 235, 94, 31, 1, 0, 52, 0, 0, 0, 1, 1, 46, 7, 89]
1542808417434;[171, 0, 17, 255, 161, 74, 235, 94, 31, 1, 0, 129, 0, 0, 21, 1, 0, 215, 7, 20]
1542808417436;[171, 0, 17, 255, 161, 74, 235, 94, 31, 1, 0, 100, 1, 0, 109, 1, 0, 179, 6, 245]
1542808417780;[171, 0, 4, 255, 132, 128, 99]
1542808417804;[171, 0, 17, 255, 161, 74, 235, 94, 31, 0, 0, 55, 0, 0, 110, 1, 0, 234, 6, 224]
1542808417805;[171, 0, 17, 255, 161, 74, 235, 94, 31, 1, 0, 44, 0, 0, 39, 1, 1, 10, 6, 159]
1542808419162;[171, 0, 17, 255, 161, 74, 235, 94, 32, 1, 0, 72, 0, 0, 32, 1, 0, 221, 6, 153]
1542808419167;[171, 0, 17, 255, 161, 74, 235, 94, 32, 1, 0, 97, 0, 0, 2, 1, 0, 219, 6, 66]
1542808419172;[171, 0, 17, 255, 161, 74, 235, 94, 32, 1, 0, 101, 1, 0, 15, 1, 0, 249, 6, 33]
1542808419175;[171, 0, 17, 255, 161, 74, 235, 94, 32, 1, 0, 48, 1, 0, 2, 1, 0, 242, 6, 105]
1542808419333;[171, 0, 17, 255, 161, 74, 235, 94, 32, 0, 0, 26, 1, 0, 26, 1, 0, 246, 6, 179]
1542808419335;[171, 0, 17, 255, 161, 74, 235, 94, 32, 1, 0, 12, 0, 0, 40, 1, 1, 1, 6, 96]
1542808419337;[171, 0, 17, 255, 161, 74, 235, 94, 32, 1, 0, 63, 0, 0, 10, 1, 0, 245, 6, 74]
1542808419340;[171, 0, 17, 255, 161, 74, 235, 94, 32, 0, 0, 11, 0, 0, 25, 1, 0, 239, 6, 103]
1542808419506;[171, 0, 4, 255, 132, 128, 99]
1542808419528;[171, 0, 17, 255, 161, 74, 235, 94, 32, 1, 0, 8, 0, 0, 43, 1, 0, 247, 6, 81]
1542808419529;[171, 0, 17, 255, 161, 74, 235, 94, 32, 1, 0, 10, 0, 0, 13, 1, 0, 255, 6, 51]
1542808419677;[171, 0, 17, 255, 161, 74, 235, 94, 33, 1, 0, 5, 0, 0, 28, 1, 0, 255, 6, 20]
1542808419850;[171, 0, 17, 255, 161, 74, 235, 94, 33, 1, 0, 6, 0, 0, 21, 1, 0, 245, 6, 3]
1542808420024;[171, 0, 17, 255, 161, 74, 235, 94, 33, 0, 0, 3, 0, 0, 20, 1, 0, 254, 5, 222]
1542808420027;[171, 0, 17, 255, 161, 74, 235, 94, 33, 1, 0, 3, 0, 0, 20, 1, 0, 249, 5, 185]
1542808420029;[171, 0, 17, 255, 161, 74, 235, 94, 33, 0, 0, 11, 0, 0, 33, 1, 1, 6, 5, 106]
1542808420540;[171, 0, 17, 255, 161, 74, 235, 94, 33, 1, 0, 23, 0, 0, 21, 1, 0, 245, 4, 156]
1542808420545;[171, 0, 17, 255, 161, 74, 235, 94, 33, 1, 0, 18, 0, 0, 53, 1, 0, 243, 4, 28]
1542808420548;[171, 0, 17, 255, 161, 74, 235, 94, 33, 1, 0, 74, 0, 0, 30, 1, 1, 9, 3, 63]
1542808420552;[171, 0, 4, 255, 132, 128, 99]
1542808420714;[171, 0, 17, 255, 161, 74, 235, 94, 33, 1, 0, 53, 1, 0, 14, 1, 0, 221, 3, 63]
1542808420716;[171, 0, 17, 255, 161, 74, 235, 94, 33, 1, 0, 122, 1, 0, 47, 1, 1, 9, 2, 76]
1542808420719;[171, 0, 17, 255, 161, 74, 235, 94, 34, 1, 0, 201, 1, 0, 246, 1, 0, 206, 1, 244]
1542808421229;[171, 0, 17, 255, 161, 74, 235, 94, 34, 1, 0, 194, 1, 0, 75, 1, 0, 168, 1, 171]
1542808421234;[171, 0, 17, 255, 161, 74, 235, 94, 34, 1, 0, 187, 1, 0, 119, 1, 0, 83, 1, 138]
1542808421237;[171, 0, 17, 255, 161, 74, 235, 94, 34, 1, 0, 195, 1, 0, 119, 0, 0, 8, 1, 157]
1542808421239;[171, 0, 17, 255, 161, 74, 235, 94, 34, 1, 0, 215, 1, 0, 158, 0, 0, 113, 1, 118]
1542808421575;[171, 0, 17, 255, 161, 74, 235, 94, 34, 1, 0, 246, 1, 0, 105, 0, 0, 109, 1, 69]
1542808421579;[171, 0, 17, 255, 161, 74, 235, 94, 34, 1, 1, 28, 1, 0, 92, 0, 0, 49, 3, 11]
1542808421582;[171, 0, 17, 255, 161, 74, 235, 94, 34, 1, 0, 228, 1, 0, 38, 0, 0, 17, 3, 253]
1542808421584;[171, 0, 4, 255, 132, 128, 100]
1542808421747;[171, 0, 17, 255, 161, 74, 235, 94, 34, 1, 0, 251, 1, 0, 71, 0, 0, 58, 2, 173]
1542808421924;[171, 0, 17, 255, 161, 74, 235, 94, 34, 1, 0, 235, 1, 0, 37, 0, 0, 77, 2, 123]
1542808421925;[171, 0, 17, 255, 161, 74, 235, 94, 35, 1, 1, 2, 1, 0, 30, 0, 0, 85, 2, 144]
1542808421928;[171, 0, 17, 255, 161, 74, 235, 94, 35, 1, 0, 230, 1, 0, 14, 0, 0, 76, 2, 186]
1542808422092;[171, 0, 17, 255, 161, 74, 235, 94, 35, 1, 0, 223, 1, 0, 23, 0, 0, 62, 2, 248]
1542808422263;[171, 0, 17, 255, 161, 74, 235, 94, 35, 1, 0, 235, 1, 0, 41, 0, 0, 97, 3, 41]
1542808422265;[171, 0, 17, 255, 161, 74, 235, 94, 35, 1, 0, 241, 1, 0, 29, 0, 0, 100, 3, 156]
1542808422439;[171, 0, 17, 255, 161, 74, 235, 94, 35, 1, 0, 250, 1, 0, 35, 0, 0, 89, 3, 252]
1542808422442;[171, 0, 17, 255, 161, 74, 235, 94, 35, 1, 0, 233, 1, 0, 37, 0, 0, 98, 4, 32]
1542808422964;[171, 0, 17, 255, 161, 74, 235, 94, 35, 1, 0, 244, 1, 0, 39, 0, 0, 81, 4, 88]
1542808422965;[171, 0, 4, 255, 132, 128, 100]
1542808422968;[171, 0, 17, 255, 161, 74, 235, 94, 35, 1, 0, 239, 1, 0, 42, 0, 0, 90, 4, 142]
1542808422969;[171, 0, 17, 255, 161, 74, 235, 94, 35, 1, 0, 246, 1, 0, 45, 0, 0, 108, 4, 254]
1542808423131;[171, 0, 17, 255, 161, 74, 235, 94, 36, 1, 0, 240, 1, 0, 40, 0, 0, 96, 5, 210]
1542808423132;[171, 0, 17, 255, 161, 74, 235, 94, 36, 1, 0, 233, 1, 0, 36, 0, 0, 94, 6, 93]
1542808423139;[171, 0, 17, 255, 161, 74, 235, 94, 36, 1, 0, 243, 1, 0, 36, 0, 0, 96, 6, 148]
1542808423301;[171, 0, 17, 255, 161, 74, 235, 94, 36, 1, 0, 239, 1, 0, 37, 0, 0, 97, 6, 187]
1542808423303;[171, 0, 17, 255, 161, 74, 235, 94, 36, 1, 0, 241, 1, 0, 40, 0, 0, 89, 7, 16]
1542808423473;[171, 0, 17, 255, 161, 74, 235, 94, 36, 1, 0, 225, 1, 0, 55, 0, 0, 120, 7, 97]
1542808423645;[171, 0, 17, 255, 161, 74, 235, 94, 36, 1, 0, 233, 1, 0, 44, 0, 0, 100, 8, 11]
1542808423648;[171, 0, 17, 255, 161, 74, 235, 94, 36, 1, 0, 241, 1, 0, 44, 0, 0, 104, 8, 75]
1542808423818;[171, 0, 4, 255, 132, 128, 101]
1542808423841;[171, 0, 17, 255, 161, 74, 235, 94, 36, 1, 0, 237, 1, 0, 37, 0, 0, 97, 8, 135]
1542808424165;[171, 0, 17, 255, 161, 74, 235, 94, 36, 1, 0, 240, 1, 0, 43, 0, 0, 101, 8, 178]
1542808424167;[171, 0, 17, 255, 161, 74, 235, 94, 37, 1, 0, 237, 1, 0, 40, 0, 0, 98, 9, 0]
1542808424169;[171, 0, 17, 255, 161, 74, 235, 94, 37, 1, 0, 238, 1, 0, 57, 0, 0, 88, 9, 133]
1542808424335;[171, 0, 17, 255, 161, 74, 235, 94, 37, 1, 0, 224, 1, 0, 66, 0, 0, 128, 10, 9]
1542808424337;[171, 0, 17, 255, 161, 74, 235, 94, 37, 1, 0, 232, 1, 0, 46, 0, 0, 102, 10, 37]
1542808424509;[171, 0, 17, 255, 161, 74, 235, 94, 37, 1, 0, 243, 1, 0, 8, 0, 0, 90, 10, 37]
1542808424512;[171, 0, 17, 255, 161, 74, 235, 94, 37, 1, 0, 233, 1, 0, 40, 0, 0, 110, 10, 33]
1542808425036;[171, 0, 17, 255, 161, 74, 235, 94, 37, 1, 0, 232, 1, 0, 29, 0, 0, 114, 10, 76]
1542808425039;[171, 0, 17, 255, 161, 74, 235, 94, 37, 1, 0, 240, 1, 0, 33, 0, 0, 82, 11, 45]
1542808425042;[171, 0, 4, 255, 132, 128, 98]
1542808425064;[171, 0, 17, 255, 161, 74, 235, 94, 37, 1, 0, 241, 1, 0, 32, 0, 0, 91, 11, 212]
1542808425207;[171, 0, 17, 255, 161, 74, 235, 94, 37, 1, 0, 245, 1, 0, 24, 0, 0, 94, 11, 245]
1542808425213;[171, 0, 17, 255, 161, 74, 235, 94, 38, 1, 0, 246, 1, 0, 26, 0, 0, 90, 12, 30]
1542808425218;[171, 0, 17, 255, 161, 74, 235, 94, 38, 1, 0, 243, 1, 0, 27, 0, 0, 85, 12, 72]
1542808425544;[171, 0, 17, 255, 161, 74, 235, 94, 38, 1, 0, 243, 1, 0, 26, 0, 0, 92, 12, 232]
1542808425546;[171, 0, 17, 255, 161, 74, 235, 94, 38, 1, 0, 246, 1, 0, 25, 0, 0, 96, 13, 151]
1542808425549;[171, 0, 17, 255, 161, 74, 235, 94, 38, 1, 0, 243, 1, 0, 29, 0, 0, 85, 13, 228]
1542808425716;[171, 0, 17, 255, 161, 74, 235, 94, 38, 1, 0, 244, 1, 0, 23, 0, 0, 92, 13, 230]
1542808425719;[171, 0, 17, 255, 161, 74, 235, 94, 38, 1, 0, 241, 1, 0, 27, 0, 0, 91, 13, 226]
1542808425888;[171, 0, 17, 255, 161, 74, 235, 94, 38, 1, 0, 246, 1, 0, 25, 0, 0, 92, 13, 251]
1542808426060;[171, 0, 4, 255, 132, 128, 98]
1542808426250;[171, 0, 17, 255, 161, 74, 235, 94, 38, 1, 0, 245, 1, 0, 23, 0, 0, 93, 14, 158]
1542808426406;[171, 0, 17, 255, 161, 74, 235, 94, 38, 1, 0, 243, 1, 0, 23, 0, 0, 90, 14, 212]
1542808426408;[171, 0, 17, 255, 161, 74, 235, 94, 39, 1, 0, 244, 1, 0, 21, 0, 0, 88, 14, 225]
1542808426411;[171, 0, 17, 255, 161, 74, 235, 94, 39, 1, 0, 248, 1, 0, 25, 0, 0, 82, 14, 237]
1542808426412;[171, 0, 17, 255, 161, 74, 235, 94, 39, 1, 0, 247, 1, 0, 23, 0, 0, 82, 14, 251]
1542808426755;[171, 0, 17, 255, 161, 74, 235, 94, 39, 1, 0, 239, 1, 0, 21, 0, 0, 86, 31, 96]
1542808426924;[171, 0, 17, 255, 161, 74, 235, 94, 39, 1, 0, 250, 1, 0, 22, 0, 0, 86, 7, 208]
1542808426927;[171, 0, 17, 255, 161, 74, 235, 94, 39, 1, 0, 250, 1, 0, 24, 0, 0, 87, 7, 220]
1542808426934;[171, 0, 17, 255, 161, 74, 235, 94, 39, 1, 0, 239, 1, 0, 23, 0, 0, 79, 7, 198]
1542808426942;[171, 0, 17, 255, 161, 74, 235, 94, 39, 1, 0, 240, 1, 0, 21, 0, 0, 97, 7, 195]
1542808427095;[171, 0, 4, 255, 132, 128, 99]
1542808427267;[171, 0, 17, 255, 161, 74, 235, 94, 39, 1, 0, 245, 1, 0, 22, 0, 0, 92, 7, 212]
1542808427269;[171, 0, 17, 255, 161, 74, 235, 94, 39, 1, 0, 242, 1, 0, 26, 0, 0, 101, 8, 117]
1542808427439;[171, 0, 17, 255, 161, 74, 235, 94, 40, 1, 0, 244, 1, 0, 20, 0, 0, 85, 8, 185]
1542808427442;[171, 0, 17, 255, 161, 74, 235, 94, 40, 1, 0, 246, 1, 0, 17, 0, 0, 86, 8, 172]
1542808427613;[171, 0, 17, 255, 161, 74, 235, 94, 40, 1, 0, 244, 1, 0, 24, 0, 0, 77, 8, 145]
1542808427616;[171, 0, 17, 255, 161, 74, 235, 94, 40, 1, 0, 247, 1, 0, 21, 0, 0, 84, 8, 91]
1542808428131;[171, 0, 17, 255, 161, 74, 235, 94, 40, 1, 0, 247, 1, 0, 16, 0, 0, 83, 8, 191]
1542808428134;[171, 0, 17, 255, 161, 74, 235, 94, 40, 1, 0, 244, 1, 0, 25, 0, 0, 83, 9, 20]
1542808428138;[171, 0, 17, 255, 161, 74, 235, 94, 40, 1, 0, 246, 1, 0, 17, 0, 0, 100, 8, 205]
1542808428303;[171, 0, 17, 255, 161, 74, 235, 94, 40, 1, 0, 248, 1, 0, 20, 0, 0, 86, 8, 104]
1542808428305;[171, 0, 4, 255, 132, 128, 100]
1542808428326;[171, 0, 17, 255, 161, 74, 235, 94, 40, 1, 0, 243, 1, 0, 21, 0, 0, 92, 7, 251]
1542808428327;[171, 0, 17, 255, 161, 74, 235, 94, 40, 1, 0, 244, 1, 0, 22, 0, 0, 92, 7, 172]
1542808428475;[171, 0, 17, 255, 161, 74, 235, 94, 41, 1, 0, 243, 1, 0, 22, 0, 0, 88, 8, 22]
1542808428649;[171, 0, 17, 255, 161, 74, 235, 94, 41, 1, 0, 246, 1, 0, 22, 0, 0, 90, 8, 63]
1542808428651;[171, 0, 17, 255, 161, 74, 235, 94, 41, 1, 0, 244, 1, 0, 24, 0, 0, 86, 8, 52]
1542808428821;[171, 0, 17, 255, 161, 74, 235, 94, 41, 1, 0, 244, 1, 0, 32, 0, 0, 85, 8, 33]
1542808428823;[171, 0, 17, 255, 161, 74, 235, 94, 41, 1, 0, 242, 1, 0, 31, 0, 0, 96, 7, 224]
1542808429339;[171, 0, 17, 255, 161, 74, 235, 94, 41, 1, 0, 241, 1, 0, 30, 0, 0, 91, 7, 198]
1542808429342;[171, 0, 17, 255, 161, 74, 235, 94, 41, 1, 0, 240, 1, 0, 40, 0, 0, 92, 8, 102]
1542808429344;[171, 0, 17, 255, 161, 74, 235, 94, 41, 1, 0, 242, 1, 0, 36, 0, 0, 93, 8, 142]
1542808429511;[171, 0, 4, 255, 132, 128, 101]
1542808429534;[171, 0, 17, 255, 161, 74, 235, 94, 41, 1, 0, 241, 1, 0, 36, 0, 0, 92, 8, 118]
1542808429535;[171, 0, 17, 255, 161, 74, 235, 94, 41, 1, 0, 240, 1, 0, 38, 0, 0, 92, 8, 82]
1542808429536;[171, 0, 17, 255, 161, 74, 235, 94, 42, 1, 0, 241, 1, 0, 37, 0, 0, 93, 8, 35]
1542808429684;[171, 0, 17, 255, 161, 74, 235, 94, 42, 1, 0, 242, 1, 0, 39, 0, 0, 91, 7, 237]
1542808429855;[171, 0, 17, 255, 161, 74, 235, 94, 42, 1, 0, 240, 1, 0, 36, 0, 0, 94, 8, 64]
1542808429858;[171, 0, 17, 255, 161, 74, 235, 94, 42, 1, 0, 243, 1, 0, 34, 0, 0, 91, 8, 125]
1542808430028;[171, 0, 17, 255, 161, 74, 235, 94, 42, 1, 0, 243, 1, 0, 34, 0, 0, 89, 8, 111]
1542808430030;[171, 0, 17, 255, 161, 74, 235, 94, 42, 1, 0, 246, 1, 0, 34, 0, 0, 93, 8, 64]
1542808430199;[171, 0, 17, 255, 161, 74, 235, 94, 42, 1, 0, 241, 1, 0, 34, 0, 0, 93, 8, 22]
1542808430203;[171, 0, 17, 255, 161, 74, 235, 94, 42, 1, 0, 244, 1, 0, 34, 0, 0, 92, 8, 0]
1542808430546;[171, 0, 4, 255, 132, 128, 102]
1542808430569;[171, 0, 17, 255, 161, 74, 235, 94, 42, 1, 0, 243, 1, 0, 35, 0, 0, 91, 8, 118]
1542808430570;[171, 0, 17, 255, 161, 74, 235, 94, 42, 1, 0, 240, 1, 0, 36, 0, 0, 94, 8, 155]
1542808430718;[171, 0, 17, 255, 161, 74, 235, 94, 43, 1, 0, 243, 1, 0, 34, 0, 0, 94, 8, 113]
1542808430721;[171, 0, 17, 255, 161, 74, 235, 94, 43, 1, 0, 240, 1, 0, 36, 0, 0, 93, 8, 77]
1542808430892;[171, 0, 17, 255, 161, 74, 235, 94, 43, 1, 0, 242, 1, 0, 35, 0, 0, 93, 8, 32]
1542808431063;[171, 0, 17, 255, 161, 74, 235, 94, 43, 1, 0, 245, 1, 0, 34, 0, 0, 94, 8, 8]
1542808431066;[171, 0, 17, 255, 161, 74, 235, 94, 43, 1, 0, 239, 1, 0, 31, 0, 0, 95, 8, 121]
1542808431408;[171, 0, 17, 255, 161, 74, 235, 94, 43, 1, 0, 242, 1, 0, 36, 0, 0, 89, 8, 176]
1542808431410;[171, 0, 17, 255, 161, 74, 235, 94, 43, 1, 0, 237, 1, 0, 32, 0, 0, 99, 8, 113]
1542808431412;[171, 0, 17, 255, 161, 74, 235, 94, 43, 1, 0, 242, 1, 0, 32, 0, 0, 93, 8, 59]
1542808431414;[171, 0, 4, 255, 132, 128, 102]
1542808431578;[171, 0, 17, 255, 161, 74, 235, 94, 43, 1, 0, 243, 1, 0, 32, 0, 0, 95, 8, 3]
1542808431930;[171, 0, 17, 255, 161, 74, 235, 94, 43, 1, 0, 239, 1, 0, 30, 0, 0, 94, 7, 209]
1542808432100;[171, 0, 17, 255, 161, 74, 235, 94, 44, 1, 0, 243, 1, 0, 34, 0, 0, 93, 8, 21]
1542808432104;[171, 0, 17, 255, 161, 74, 235, 94, 44, 1, 0, 241, 1, 0, 32, 0, 0, 95, 8, 99]
1542808432108;[171, 0, 17, 255, 161, 74, 235, 94, 44, 1, 0, 240, 1, 0, 34, 0, 0, 95, 8, 90]
1542808432109;[171, 0, 17, 255, 161, 74, 235, 94, 44, 1, 0, 240, 1, 0, 34, 0, 0, 95, 8, 54]
1542808432270;[171, 0, 17, 255, 161, 74, 235, 94, 44, 1, 0, 240, 1, 0, 33, 0, 0, 94, 8, 7]
1542808432272;[171, 0, 17, 255, 161, 74, 235, 94, 44, 1, 0, 243, 1, 0, 32, 0, 0, 96, 7, 199]
1542808432443;[171, 0, 17, 255, 161, 74, 235, 94, 44, 1, 0, 243, 1, 0, 29, 0, 0, 94, 7, 142]
1542808432617;[171, 0, 17, 255, 161, 74, 235, 94, 46, 1, 1, 17, 1, 0, 24, 0, 0, 39, 7, 209]
1542808432618;[171, 0, 17, 255, 161, 74, 235, 94, 46, 1, 0, 250, 1, 0, 44, 0, 0, 27, 7, 159]
1542808433135;[171, 0, 17, 255, 161, 74, 235, 94, 47, 1, 0, 238, 1, 0, 40, 1, 0, 27, 7, 114]
1542808433137;[171, 0, 17, 255, 161, 74, 235, 94, 47, 1, 0, 227, 1, 0, 52, 1, 0, 61, 7, 0]
1542808433140;[171, 0, 17, 255, 161, 74, 235, 94, 47, 1, 0, 224, 0, 0, 105, 1, 0, 138, 6, 187]
1542808433144;[171, 0, 17, 255, 161, 74, 235, 94, 47, 1, 0, 205, 0, 0, 0, 1, 0, 110, 7, 125]
1542808433305;[171, 0, 17, 255, 161, 74, 235, 94, 47, 1, 0, 206, 1, 0, 50, 1, 0, 134, 9, 173]
1542808433308;[171, 0, 17, 255, 161, 74, 235, 94, 47, 1, 0, 209, 1, 0, 30, 1, 0, 125, 4, 109]
1542808433311;[171, 0, 17, 255, 161, 74, 235, 94, 47, 1, 0, 197, 0, 0, 5, 1, 0, 152, 4, 109]
1542808433478;[171, 0, 17, 255, 161, 74, 235, 94, 47, 1, 0, 204, 1, 0, 28, 1, 0, 137, 4, 109]
1542808433651;[171, 0, 4, 255, 132, 128, 102]
1542808433673;[171, 0, 17, 255, 161, 74, 235, 94, 47, 1, 0, 216, 1, 0, 31, 1, 0, 125, 4, 109]
1542808433824;[171, 0, 17, 255, 161, 74, 235, 94, 47, 1, 0, 239, 1, 0, 48, 1, 0, 88, 4, 109]
1542808433827;[171, 0, 17, 255, 161, 74, 235, 94, 48, 1, 1, 5, 1, 0, 18, 1, 0, 28, 4, 121]
1542808433997;[171, 0, 17, 255, 161, 74, 235, 94, 48, 1, 1, 0, 1, 0, 14, 1, 0, 12, 4, 104]
1542808434169;[171, 0, 17, 255, 161, 74, 235, 94, 48, 1, 1, 1, 0, 0, 7, 1, 0, 19, 4, 14]
1542808434182;[171, 0, 17, 255, 161, 74, 235, 94, 48, 1, 1, 5, 1, 0, 5, 1, 0, 35, 3, 190]
1542808434521;[171, 0, 17, 255, 161, 74, 235, 94, 48, 1, 0, 250, 1, 0, 13, 1, 0, 30, 3, 195]
1542808434522;[171, 0, 17, 255, 161, 74, 235, 94, 48, 1, 0, 242, 1, 0, 27, 1, 0, 55, 3, 150]
1542808434523;[171, 0, 17, 255, 161, 74, 235, 94, 48, 1, 0, 240, 1, 0, 23, 1, 0, 97, 3, 25]
1542808434525;[171, 0, 17, 255, 161, 74, 235, 94, 48, 1, 1, 6, 1, 0, 6, 1, 0, 13, 2, 146]
1542808434684;[171, 0, 4, 255, 132, 128, 101]
1542808434858;[171, 0, 17, 255, 161, 74, 235, 94, 48, 1, 0, 250, 0, 0, 10, 1, 0, 43, 2, 51]
1542808434861;[171, 0, 17, 255, 161, 74, 235, 94, 48, 1, 0, 242, 0, 0, 2, 1, 0, 68, 1, 218]
1542808435031;[171, 0, 17, 255, 161, 74, 235, 94, 49, 1, 0, 240, 0, 0, 7, 1, 0, 76, 1, 233]
1542808435033;[171, 0, 17, 255, 161, 74, 235, 94, 49, 1, 0, 251, 0, 0, 11, 1, 0, 67, 1, 158]
1542808435721;[171, 0, 17, 255, 161, 74, 235, 94, 49, 1, 0, 244, 0, 0, 10, 1, 0, 65, 1, 78]
1542808435724;[171, 0, 17, 255, 161, 74, 235, 94, 49, 1, 0, 248, 0, 0, 7, 1, 0, 73, 1, 2]
1542808435727;[171, 0, 17, 255, 161, 74, 235, 94, 49, 1, 0, 247, 0, 0, 12, 1, 0, 67, 16, 193]
1542808435894;[171, 0, 17, 255, 161, 74, 235, 94, 49, 1, 0, 248, 0, 0, 12, 1, 0, 69, 7, 206]
1542808435898;[171, 0, 17, 255, 161, 74, 235, 94, 49, 1, 0, 245, 0, 0, 12, 1, 0, 69, 8, 3]
1542808435901;[171, 0, 17, 255, 161, 74, 235, 94, 49, 1, 0, 245, 0, 0, 13, 1, 0, 71, 8, 7]
1542808435904;[171, 0, 4, 255, 132, 128, 101]
1542808436066;[171, 0, 17, 255, 161, 74, 235, 94, 49, 1, 0, 246, 0, 0, 5, 1, 0, 66, 7, 208]
1542808436070;[171, 0, 17, 255, 161, 74, 235, 94, 49, 1, 0, 238, 0, 0, 3, 1, 0, 86, 7, 252]
1542808436073;[171, 0, 17, 255, 161, 74, 235, 94, 50, 1, 0, 247, 0, 0, 17, 1, 0, 77, 7, 180]
1542808436248;[171, 0, 17, 255, 161, 74, 235, 94, 50, 1, 0, 243, 0, 0, 11, 1, 0, 70, 7, 114]
1542808436255;[171, 0, 17, 255, 161, 74, 235, 94, 50, 1, 0, 242, 0, 0, 12, 1, 0, 75, 7, 104]
1542808436411;[171, 0, 17, 255, 161, 74, 235, 94, 50, 1, 0, 248, 0, 0, 13, 1, 0, 72, 7, 49]
1542808436412;[171, 0, 17, 255, 161, 74, 235, 94, 50, 1, 0, 246, 1, 0, 21, 1, 0, 43, 6, 185]
1542808436582;[171, 0, 17, 255, 161, 74, 235, 94, 50, 1, 1, 19, 1, 0, 1, 0, 0, 27, 6, 147]
1542808437105;[171, 0, 17, 255, 161, 74, 235, 94, 50, 1, 0, 251, 0, 0, 13, 1, 0, 59, 6, 176]
1542808437106;[171, 0, 17, 255, 161, 74, 235, 94, 50, 1, 1, 16, 0, 0, 8, 1, 0, 17, 6, 238]
1542808437108;[171, 0, 4, 255, 132, 128, 101]
1542808437131;[171, 0, 17, 255, 161, 74, 235, 94, 50, 1, 0, 249, 0, 0, 20, 1, 0, 26, 7, 22]
1542808437276;[171, 0, 17, 255, 161, 74, 235, 94, 50, 1, 0, 249, 0, 0, 16, 1, 0, 44, 6, 227]
1542808437277;[171, 0, 17, 255, 161, 74, 235, 94, 51, 1, 1, 22, 0, 0, 11, 1, 0, 38, 6, 164]
1542808437278;[171, 0, 17, 255, 161, 74, 235, 94, 51, 1, 1, 101, 0, 0, 41, 0, 0, 61, 6, 24]
1542808437444;[171, 0, 17, 255, 161, 74, 235, 94, 51, 1, 1, 25, 0, 0, 14, 1, 0, 30, 6, 107]
1542808437447;[171, 0, 17, 255, 161, 74, 235, 94, 51, 1, 1, 3, 0, 0, 15, 1, 0, 4, 6, 112]
1542808437619;[171, 0, 17, 255, 161, 74, 235, 94, 51, 1, 1, 2, 0, 0, 14, 1, 0, 44, 6, 127]
1542808437620;[171, 0, 17, 255, 161, 74, 235, 94, 51, 1, 0, 241, 0, 0, 23, 1, 0, 38, 6, 75]
1542808437790;[171, 0, 17, 255, 161, 74, 235, 94, 51, 1, 1, 1, 0, 0, 14, 1, 0, 2, 6, 53]
1542808437963;[171, 0, 17, 255, 161, 74, 235, 94, 51, 1, 1, 1, 0, 0, 16, 1, 0, 28, 6, 53]
1542808437966;[171, 0, 4, 255, 132, 128, 101]
1542808438481;[171, 0, 17, 255, 161, 74, 235, 94, 51, 1, 0, 254, 0, 0, 18, 1, 0, 19, 6, 64]
1542808438484;[171, 0, 17, 255, 161, 74, 235, 94, 51, 1, 1, 1, 0, 0, 12, 1, 0, 24, 6, 61]
1542808438487;[171, 0, 17, 255, 161, 74, 235, 94, 52, 1, 0, 254, 0, 0, 18, 1, 0, 26, 6, 53]
1542808438490;[171, 0, 17, 255, 161, 74, 235, 94, 52, 1, 1, 4, 0, 0, 15, 1, 0, 23, 6, 7]
1542808438653;[171, 0, 17, 255, 161, 74, 235, 94, 52, 1, 1, 0, 0, 0, 15, 1, 0, 24, 5, 206]
1542808438657;[171, 0, 17, 255, 161, 74, 235, 94, 52, 1, 0, 255, 0, 0, 14, 1, 0, 23, 5, 151]
1542808438659;[171, 0, 17, 255, 161, 74, 235, 94, 52, 1, 1, 1, 0, 0, 15, 1, 0, 23, 5, 125]
1542808438827;[171, 0, 17, 255, 161, 74, 235, 94, 52, 1, 1, 2, 0, 0, 13, 1, 0, 24, 5, 138]
1542808438829;[171, 0, 17, 255, 161, 74, 235, 94, 52, 1, 0, 255, 0, 0, 13, 1, 0, 24, 5, 161]
1542808438998;[171, 0, 17, 255, 161, 74, 235, 94, 52, 1, 1, 2, 0, 0, 14, 1, 0, 24, 5, 144]
1542808439000;[171, 0, 4, 255, 132, 128, 102]
1542808439174;[171, 0, 17, 255, 161, 74, 235, 94, 52, 1, 1, 0, 0, 0, 15, 1, 0, 25, 5, 129]
1542808439689;[171, 0, 17, 255, 161, 74, 235, 94, 52, 1, 1, 1, 0, 0, 14, 1, 0, 26, 5, 104]
1542808439692;[171, 0, 17, 255, 161, 74, 235, 94, 53, 1, 0, 255, 0, 0, 15, 1, 0, 22, 5, 96]
1542808439695;[171, 0, 17, 255, 161, 74, 235, 94, 53, 1, 0, 253, 0, 0, 14, 1, 0, 23, 5, 159]
1542808439860;[171, 0, 17, 255, 161, 74, 235, 94, 53, 1, 0, 254, 0, 0, 15, 1, 0, 27, 5, 197]
1542808439864;[171, 0, 17, 255, 161, 74, 235, 94, 53, 1, 1, 17, 0, 0, 25, 1, 0, 31, 5, 205]
1542808439866;[171, 0, 17, 255, 161, 74, 235, 94, 53, 1, 1, 12, 1, 0, 42, 0, 0, 20, 5, 115]
1542808439868;[171, 0, 17, 255, 161, 74, 235, 94, 53, 1, 0, 236, 1, 0, 7, 1, 0, 54, 5, 210]
1542808440032;[171, 0, 17, 255, 161, 74, 235, 94, 53, 1, 0, 248, 1, 0, 92, 1, 0, 103, 4, 63]
1542808440553;[171, 0, 17, 255, 161, 74, 235, 94, 53, 1, 0, 247, 1, 0, 44, 1, 0, 84, 3, 168]
1542808440556;[171, 0, 4, 255, 132, 128, 102]
1542808440579;[171, 0, 17, 255, 161, 74, 235, 94, 53, 1, 0, 241, 1, 0, 21, 1, 0, 70, 0, 206]
1542808440580;[171, 0, 17, 255, 161, 74, 235, 94, 53, 1, 1, 26, 1, 0, 61, 1, 0, 131, 4, 219]
1542808440903;[171, 0, 17, 255, 161, 74, 235, 94, 54, 1, 0, 166, 0, 0, 0, 1, 0, 176, 4, 219]
1542808440905;[171, 0, 17, 255, 161, 74, 235, 94, 54, 1, 0, 225, 1, 0, 157, 1, 0, 71, 4, 219]
1542808440907;[171, 0, 17, 255, 161, 74, 235, 94, 54, 1, 0, 20, 1, 1, 24, 1, 0, 61, 4, 203]
1542808440908;[171, 0, 17, 255, 161, 74, 235, 94, 54, 1, 0, 215, 1, 0, 117, 1, 0, 20, 4, 165]
1542808441069;[171, 0, 17, 255, 161, 74, 235, 94, 54, 1, 0, 209, 1, 0, 122, 1, 0, 12, 4, 93]
1542808441071;[171, 0, 17, 255, 161, 74, 235, 94, 54, 1, 0, 217, 1, 0, 94, 1, 0, 130, 3, 90]
1542808441074;[171, 0, 17, 255, 161, 74, 235, 94, 54, 1, 0, 240, 0, 0, 183, 1, 0, 15, 2, 199]
1542808441243;[171, 0, 17, 255, 161, 74, 235, 94, 54, 1, 0, 215, 0, 0, 92, 1, 0, 158, 0, 255]
1542808441251;[171, 0, 4, 255, 132, 128, 102]
1542808441412;[171, 0, 17, 255, 161, 74, 235, 94, 54, 1, 1, 45, 0, 0, 60, 1, 0, 228, 0, 255]
1542808441414;[171, 0, 17, 255, 161, 74, 235, 94, 54, 1, 0, 17, 0, 0, 10, 1, 0, 111, 0, 255]
1542808441584;[171, 0, 17, 255, 161, 74, 235, 94, 55, 0, 1, 9, 1, 1, 23, 1, 0, 71, 1, 147]
1542808441758;[171, 0, 17, 255, 161, 74, 235, 94, 55, 0, 0, 9, 0, 0, 123, 1, 0, 178, 1, 147]
1542808441761;[171, 0, 17, 255, 161, 74, 235, 94, 55, 1, 0, 127, 0, 0, 62, 1, 0, 218, 1, 147]
1542808442105;[171, 0, 17, 255, 161, 74, 235, 94, 55, 1, 0, 185, 0, 0, 44, 1, 0, 168, 1, 147]
1542808442107;[171, 0, 17, 255, 161, 74, 235, 94, 55, 1, 0, 206, 0, 0, 58, 1, 0, 136, 1, 46]
1542808442114;[171, 0, 17, 255, 161, 74, 235, 94, 55, 1, 0, 209, 0, 0, 53, 1, 0, 144, 16, 0]
1542808442115;[171, 0, 17, 255, 161, 74, 235, 94, 55, 1, 0, 193, 0, 0, 79, 1, 0, 119, 16, 0]
1542808442289;[171, 0, 17, 255, 161, 74, 235, 94, 55, 1, 0, 187, 0, 0, 72, 1, 0, 152, 7, 96]
1542808442621;[171, 0, 4, 255, 132, 128, 102]
1542808442644;[171, 0, 17, 255, 161, 74, 235, 94, 55, 1, 0, 203, 0, 0, 69, 1, 0, 141, 7, 96]
1542808442648;[171, 0, 17, 255, 161, 74, 235, 94, 55, 1, 0, 168, 0, 0, 90, 1, 0, 142, 7, 96]
1542808442649;[171, 0, 17, 255, 161, 74, 235, 94, 56, 1, 0, 108, 0, 0, 192, 1, 0, 143, 7, 96]
1542808442803;[171, 0, 17, 255, 161, 74, 235, 94, 56, 1, 0, 193, 0, 0, 129, 1, 0, 156, 7, 96]
1542808442977;[171, 0, 17, 255, 161, 74, 235, 94, 56, 1, 0, 213, 0, 0, 69, 1, 0, 149, 7, 96]
1542808442979;[171, 0, 17, 255, 161, 74, 235, 94, 56, 1, 0, 224, 0, 0, 87, 1, 0, 131, 7, 96]
1542808443484;[171, 0, 17, 255, 161, 74, 235, 94, 56, 1, 0, 183, 0, 0, 106, 1, 0, 143, 7, 96]
1542808443486;[171, 0, 17, 255, 161, 74, 235, 94, 56, 1, 0, 178, 0, 0, 101, 1, 0, 148, 7, 219]
1542808443489;[171, 0, 17, 255, 161, 74, 235, 94, 56, 1, 0, 161, 0, 0, 97, 1, 0, 151, 7, 252]
1542808443492;[171, 0, 17, 255, 161, 74, 235, 94, 56, 1, 0, 161, 0, 0, 103, 1, 0, 162, 7, 232]
1542808444003;[171, 0, 4, 255, 132, 128, 102]
1542808444027;[171, 0, 17, 255, 161, 74, 235, 94, 56, 1, 0, 184, 0, 0, 91, 1, 0, 153, 7, 156]
1542808444029;[171, 0, 17, 255, 161, 74, 235, 94, 56, 1, 0, 209, 0, 0, 82, 1, 0, 141, 7, 8]
1542808444030;[171, 0, 17, 255, 161, 74, 235, 94, 57, 1, 1, 147, 0, 0, 113, 1, 0, 118, 16, 91]
1542808444223;[171, 0, 17, 255, 161, 74, 235, 94, 57, 0, 0, 18, 0, 0, 138, 1, 0, 255, 12, 204]
1542808444224;[171, 0, 17, 255, 161, 74, 235, 94, 57, 0, 0, 58, 0, 0, 104, 1, 0, 255, 12, 58]
1542808444225;[171, 0, 17, 255, 161, 74, 235, 94, 57, 1, 0, 73, 0, 0, 99, 1, 0, 221, 11, 181]
1542808444226;[171, 0, 17, 255, 161, 74, 235, 94, 57, 1, 0, 111, 0, 0, 70, 1, 0, 212, 11, 119]
1542808444344;[171, 0, 17, 255, 161, 74, 235, 94, 57, 1, 0, 166, 0, 0, 79, 1, 0, 189, 11, 143]
1542808444347;[171, 0, 17, 255, 161, 74, 235, 94, 57, 1, 0, 162, 0, 0, 62, 1, 0, 180, 12, 5]
1542808444693;[171, 0, 17, 255, 161, 74, 235, 94, 57, 1, 0, 194, 0, 0, 60, 1, 0, 160, 12, 100]
1542808444695;[171, 0, 4, 255, 132, 128, 102]
1542808444718;[171, 0, 17, 255, 161, 74, 235, 94, 57, 1, 0, 188, 0, 0, 65, 1, 0, 159, 12, 178]
1542808444863;[171, 0, 17, 255, 161, 74, 235, 94, 57, 1, 0, 189, 0, 0, 65, 1, 0, 159, 12, 227]
1542808444866;[171, 0, 17, 255, 161, 74, 235, 94, 58, 1, 0, 183, 0, 0, 66, 1, 0, 157, 13, 10]
1542808445035;[171, 0, 17, 255, 161, 74, 235, 94, 58, 1, 0, 189, 0, 0, 65, 1, 0, 156, 13, 79]
1542808445038;[171, 0, 17, 255, 161, 74, 235, 94, 58, 1, 0, 192, 0, 0, 64, 1, 0, 156, 13, 216]
1542808445381;[171, 0, 17, 255, 161, 74, 235, 94, 58, 1, 0, 189, 0, 0, 65, 1, 0, 156, 14, 92]
1542808445383;[171, 0, 17, 255, 161, 74, 235, 94, 58, 1, 0, 189, 0, 0, 64, 1, 0, 156, 14, 160]
1542808445386;[171, 0, 17, 255, 161, 74, 235, 94, 58, 1, 0, 191, 0, 0, 64, 1, 0, 155, 14, 201]
1542808445553;[171, 0, 17, 255, 161, 74, 235, 94, 58, 1, 0, 192, 0, 0, 65, 1, 0, 154, 14, 223]
1542808445556;[171, 0, 17, 255, 161, 74, 235, 94, 58, 1, 0, 190, 0, 0, 62, 1, 0, 154, 14, 237]
1542808446071;[171, 0, 4, 255, 132, 128, 101]
1542808446094;[171, 0, 17, 255, 161, 74, 235, 94, 58, 1, 0, 190, 0, 0, 64, 1, 0, 155, 14, 250]
1542808446095;[171, 0, 17, 255, 161, 74, 235, 94, 58, 1, 0, 191, 0, 0, 62, 1, 0, 156, 31, 87]
1542808446096;[171, 0, 17, 255, 161, 74, 235, 94, 59, 1, 0, 191, 0, 0, 60, 1, 0, 155, 8, 38]
1542808446243;[171, 0, 17, 255, 161, 74, 235, 94, 59, 1, 0, 190, 0, 0, 63, 1, 0, 154, 8, 54]
1542808446246;[171, 0, 17, 255, 161, 74, 235, 94, 59, 1, 0, 189, 0, 0, 63, 1, 0, 156, 8, 47]
1542808446253;[171, 0, 17, 255, 161, 74, 235, 94, 59, 1, 0, 188, 0, 0, 66, 1, 0, 157, 8, 4]
1542808446415;[171, 0, 17, 255, 161, 74, 235, 94, 59, 1, 0, 182, 0, 0, 69, 1, 0, 157, 7, 205]
1542808446416;[171, 0, 17, 255, 161, 74, 235, 94, 59, 1, 0, 185, 0, 0, 71, 1, 0, 158, 7, 137]
1542808446760;[171, 0, 17, 255, 161, 74, 235, 94, 59, 1, 0, 187, 0, 0, 75, 1, 0, 158, 7, 176]
1542808446762;[171, 0, 17, 255, 161, 74, 235, 94, 59, 1, 0, 188, 0, 0, 77, 1, 0, 154, 7, 200]
1542808446777;[171, 0, 4, 255, 132, 128, 101]
1542808446933;[171, 0, 17, 255, 161, 74, 235, 94, 59, 1, 0, 188, 0, 0, 74, 1, 0, 154, 7, 189]
1542808446936;[171, 0, 17, 255, 161, 74, 235, 94, 59, 1, 0, 190, 0, 0, 75, 1, 0, 157, 7, 171]
1542808447452;[171, 0, 17, 255, 161, 74, 235, 94, 64, 1, 0, 190, 0, 0, 74, 1, 0, 151, 7, 175]
1542808447455;[171, 0, 17, 255, 161, 74, 235, 94, 64, 1, 0, 193, 0, 0, 72, 1, 0, 148, 7, 167]
1542808447458;[171, 0, 17, 255, 161, 74, 235, 94, 64, 1, 0, 190, 0, 0, 75, 1, 0, 151, 7, 115]
1542808447460;[171, 0, 17, 255, 161, 74, 235, 94, 64, 1, 0, 191, 0, 0, 78, 1, 0, 150, 7, 127]
1542808447623;[171, 0, 17, 255, 161, 74, 235, 94, 64, 1, 0, 194, 0, 0, 80, 1, 0, 152, 7, 192]
1542808447626;[171, 0, 17, 255, 161, 74, 235, 94, 64, 1, 0, 184, 0, 0, 84, 1, 0, 151, 7, 146]
1542808447629;[171, 0, 17, 255, 161, 74, 235, 94, 64, 1, 0, 187, 0, 0, 87, 1, 0, 150, 7, 83]
1542808447795;[171, 0, 17, 255, 161, 74, 235, 94, 64, 1, 0, 186, 0, 0, 87, 1, 0, 154, 7, 22]
1542808447798;[171, 0, 4, 255, 132, 128, 102]
1542808447968;[171, 0, 17, 255, 161, 74, 235, 94, 64, 1, 0, 183, 0, 0, 87, 1, 0, 153, 6, 242]
1542808448486;[171, 0, 17, 255, 161, 74, 235, 94, 64, 1, 0, 188, 0, 0, 88, 1, 0, 153, 6, 186]
1542808448488;[171, 0, 17, 255, 161, 74, 235, 94, 65, 1, 0, 183, 0, 0, 88, 1, 0, 152, 6, 148]
1542808448491;[171, 0, 17, 255, 161, 74, 235, 94, 65, 1, 0, 186, 0, 0, 86, 1, 0, 153, 6, 227]
1542808448494;[171, 0, 17, 255, 161, 74, 235, 94, 65, 1, 0, 181, 0, 0, 90, 1, 0, 155, 7, 80]
1542808448658;[171, 0, 17, 255, 161, 74, 235, 94, 65, 1, 0, 184, 0, 0, 90, 1, 0, 153, 7, 102]
1542808448661;[171, 0, 17, 255, 161, 74, 235, 94, 65, 1, 0, 182, 0, 0, 91, 1, 0, 153, 7, 99]
1542808448664;[171, 0, 17, 255, 161, 74, 235, 94, 65, 1, 0, 180, 0, 0, 96, 1, 0, 155, 7, 55]
1542808449180;[171, 0, 17, 255, 161, 74, 235, 94, 65, 1, 0, 173, 0, 0, 95, 1, 0, 156, 7, 13]
1542808449181;[171, 0, 17, 255, 161, 74, 235, 94, 65, 1, 0, 177, 0, 0, 85, 1, 0, 159, 6, 233]
1542808449182;[171, 0, 4, 255, 132, 128, 102]
1542808449204;[171, 0, 17, 255, 161, 74, 235, 94, 65, 1, 0, 192, 0, 0, 67, 1, 0, 147, 6, 195]
1542808449347;[171, 0, 17, 255, 161, 74, 235, 94, 65, 1, 0, 198, 0, 0, 68, 1, 0, 137, 7, 136]
1542808449350;[171, 0, 17, 255, 161, 74, 235, 94, 66, 1, 0, 210, 0, 0, 64, 1, 0, 97, 9, 4]
1542808449352;[171, 0, 17, 255, 161, 74, 235, 94, 66, 1, 0, 172, 0, 0, 18, 1, 0, 51, 9, 4]
1542808449519;[171, 0, 17, 255, 161, 74, 235, 94, 66, 1, 0, 185, 1, 0, 31, 0, 0, 191, 9, 4]
1542808450041;[171, 0, 17, 255, 161, 74, 235, 94, 66, 1, 0, 55, 1, 0, 34, 0, 1, 31, 10, 161]
1542808450044;[171, 0, 17, 255, 161, 74, 235, 94, 66, 0, 0, 27, 1, 0, 28, 0, 1, 38, 10, 161]
1542808450047;[171, 0, 17, 255, 161, 74, 235, 94, 66, 1, 0, 22, 1, 0, 23, 0, 0, 238, 10, 161]
1542808450049;[171, 0, 17, 255, 161, 74, 235, 94, 66, 0, 0, 37, 1, 0, 40, 0, 1, 9, 9, 167]
1542808450212;[171, 0, 17, 255, 161, 74, 235, 94, 66, 0, 0, 10, 1, 0, 12, 0, 1, 31, 7, 49]
1542808450218;[171, 0, 4, 255, 132, 128, 102]
1542808450226;[171, 0, 17, 255, 161, 74, 235, 94, 66, 1, 0, 12, 1, 0, 21, 0, 1, 12, 6, 230]
1542808450558;[171, 0, 17, 255, 161, 74, 235, 94, 66, 1, 0, 65, 1, 0, 17, 0, 0, 232, 6, 204]
1542808450560;[171, 0, 17, 255, 161, 74, 235, 94, 67, 1, 0, 8, 0, 0, 44, 0, 1, 31, 6, 230]
1542808450563;[171, 0, 17, 255, 161, 74, 235, 94, 67, 0, 0, 57, 1, 0, 15, 0, 0, 245, 6, 46]
1542808450565;[171, 0, 17, 255, 161, 74, 235, 94, 67, 0, 0, 10, 1, 0, 34, 0, 1, 0, 6, 244]
1542808450729;[171, 0, 17, 255, 161, 74, 235, 94, 67, 0, 0, 33, 0, 0, 22, 0, 0, 241, 10, 162]
1542808450731;[171, 0, 17, 255, 161, 74, 235, 94, 67, 0, 0, 66, 0, 0, 15, 0, 0, 234, 11, 127]
1542808451247;[171, 0, 17, 255, 161, 74, 235, 94, 67, 1, 0, 5, 1, 0, 5, 0, 1, 22, 12, 20]
1542808451250;[171, 0, 17, 255, 161, 74, 235, 94, 67, 1, 0, 5, 1, 0, 5, 0, 1, 22, 12, 195]
1542808451252;[171, 0, 17, 255, 161, 74, 235, 94, 67, 0, 0, 40, 1, 0, 10, 0, 1, 5, 13, 251]
1542808451254;[171, 0, 4, 255, 132, 128, 102]
1542808451418;[171, 0, 17, 255, 161, 74, 235, 94, 67, 0, 0, 37, 1, 0, 64, 0, 0, 222, 15, 29]
1542808451436;[171, 0, 17, 255, 161, 74, 235, 94, 67, 0, 0, 92, 1, 0, 39, 0, 0, 210, 31, 181]
1542808451437;[171, 0, 17, 255, 161, 74, 235, 94, 68, 0, 0, 50, 1, 0, 58, 0, 1, 254, 7, 208]
1542808451589;[171, 0, 17, 255, 161, 74, 235, 94, 68, 1, 0, 15, 1, 0, 50, 0, 0, 210, 7, 226]
1542808451762;[171, 0, 17, 255, 161, 74, 235, 94, 68, 0, 0, 66, 1, 0, 2, 0, 0, 241, 12, 236]
1542808451936;[171, 0, 17, 255, 161, 74, 235, 94, 68, 0, 0, 58, 0, 0, 26, 0, 0, 243, 10, 243]
1542808451939;[171, 0, 17, 255, 161, 74, 235, 94, 68, 1, 0, 75, 1, 0, 33, 0, 1, 22, 6, 222]
1542808451941;[171, 0, 17, 255, 161, 74, 235, 94, 68, 1, 0, 70, 1, 0, 6, 0, 0, 223, 7, 168]
1542808452457;[171, 0, 17, 255, 161, 74, 235, 94, 68, 0, 0, 112, 0, 0, 37, 0, 0, 106, 8, 155]
1542808452459;[171, 0, 17, 255, 161, 74, 235, 94, 68, 0, 0, 112, 0, 0, 37, 0, 0, 106, 8, 155]
1542808452461;[171, 0, 4, 255, 132, 128, 102]
1542808452484;[171, 0, 17, 255, 161, 74, 235, 94, 68, 0, 0, 0, 0, 0, 35, 0, 1, 6, 8, 155]
1542808452626;[171, 0, 17, 255, 161, 74, 235, 94, 68, 0, 0, 1, 1, 0, 5, 0, 1, 18, 5, 172]
1542808452629;[171, 0, 17, 255, 161, 74, 235, 94, 69, 1, 0, 4, 1, 0, 6, 0, 1, 14, 2, 229]
1542808452631;[171, 0, 17, 255, 161, 74, 235, 94, 69, 1, 0, 18, 1, 0, 12, 0, 1, 3, 4, 119]
1542808452797;[171, 0, 17, 255, 161, 74, 235, 94, 69, 1, 0, 9, 1, 0, 11, 0, 1, 18, 8, 187]
1542808452800;[171, 0, 17, 255, 161, 74, 235, 94, 69, 0, 0, 1, 0, 0, 3, 0, 0, 234, 13, 218]
1542808452970;[171, 0, 17, 255, 161, 74, 235, 94, 69, 1, 0, 10, 0, 0, 2, 0, 1, 33, 14, 167]
1542808453145;[171, 0, 17, 255, 161, 74, 235, 94, 69, 1, 0, 8, 0, 0, 9, 0, 1, 7, 14, 167]
1542808453152;[171, 0, 17, 255, 161, 74, 235, 94, 69, 0, 0, 33, 0, 0, 18, 0, 1, 39, 14, 167]
1542808453322;[171, 0, 17, 255, 161, 74, 235, 94, 69, 0, 0, 54, 0, 0, 28, 0, 0, 251, 14, 167]
1542808453323;[171, 0, 4, 255, 132, 128, 102]
1542808453662;[171, 0, 17, 255, 161, 74, 235, 94, 69, 0, 0, 66, 1, 0, 2, 0, 0, 234, 14, 167]
1542808453664;[171, 0, 17, 255, 161, 74, 235, 94, 69, 0, 0, 209, 1, 0, 15, 0, 0, 217, 14, 167]
1542808453667;[171, 0, 17, 255, 161, 74, 235, 94, 70, 0, 1, 47, 0, 0, 0, 0, 0, 137, 14, 167]
1542808453833;[171, 0, 17, 255, 161, 74, 235, 94, 70, 0, 0, 185, 1, 0, 20, 0, 0, 23, 14, 167]
1542808453835;[171, 0, 17, 255, 161, 74, 235, 94, 70, 0, 0, 224, 0, 0, 4, 0, 0, 6, 14, 167]
1542808454005;[171, 0, 17, 255, 161, 74, 235, 94, 70, 0, 0, 243, 1, 0, 5, 1, 0, 22, 14, 167]
1542808454008;[171, 0, 17, 255, 161, 74, 235, 94, 70, 0, 0, 231, 1, 0, 43, 0, 0, 9, 14, 167]
1542808454178;[171, 0, 17, 255, 161, 74, 235, 94, 70, 0, 0, 220, 0, 0, 26, 1, 0, 31, 14, 167]
1542808454349;[171, 0, 17, 255, 161, 74, 235, 94, 70, 0, 0, 248, 0, 0, 39, 1, 0, 109, 14, 167]
1542808454351;[171, 0, 17, 255, 161, 74, 235, 94, 70, 0, 0, 213, 0, 0, 21, 1, 0, 108, 14, 167]
1542808454522;[171, 0, 4, 255, 132, 128, 102]
1542808454545;[171, 0, 17, 255, 161, 74, 235, 94, 70, 0, 0, 237, 0, 0, 27, 1, 0, 86, 14, 167]
1542808454869;[171, 0, 17, 255, 161, 74, 235, 94, 71, 0, 0, 233, 0, 0, 13, 1, 0, 81, 14, 167]
1542808454871;[171, 0, 17, 255, 161, 74, 235, 94, 71, 0, 0, 243, 0, 0, 15, 1, 0, 72, 14, 167]
1542808454874;[171, 0, 17, 255, 161, 74, 235, 94, 71, 0, 0, 252, 0, 0, 24, 1, 0, 68, 14, 167]
1542808455041;[171, 0, 17, 255, 161, 74, 235, 94, 71, 0, 0, 241, 0, 0, 21, 1, 0, 59, 14, 167]
1542808455043;[171, 0, 17, 255, 161, 74, 235, 94, 71, 0, 0, 252, 0, 0, 26, 1, 0, 44, 14, 167]
1542808455217;[171, 0, 17, 255, 161, 74, 235, 94, 71, 0, 1, 53, 1, 0, 3, 1, 0, 202, 14, 167]
1542808455222;[171, 0, 17, 255, 161, 74, 235, 94, 71, 0, 1, 42, 0, 0, 35, 1, 0, 20, 14, 167]
1542808455384;[171, 0, 17, 255, 161, 74, 235, 94, 71, 0, 0, 216, 0, 0, 62, 1, 0, 30, 14, 167]
1542808455734;[171, 0, 17, 255, 161, 74, 235, 94, 71, 0, 0, 187, 0, 0, 53, 1, 0, 232, 14, 167]
1542808455736;[171, 0, 4, 255, 132, 128, 102]
1542808455758;[171, 0, 17, 255, 161, 74, 235, 94, 71, 0, 0, 235, 0, 0, 8, 1, 0, 100, 31, 255]
1542808455759;[171, 0, 17, 255, 161, 74, 235, 94, 72, 0, 0, 171, 0, 0, 141, 1, 0, 195, 8, 200]
1542808456252;[171, 0, 17, 255, 161, 74, 235, 94, 72, 0, 0, 45, 0, 0, 98, 1, 0, 202, 8, 200]
1542808456255;[171, 0, 17, 255, 161, 74, 235, 94, 72, 0, 0, 77, 0, 0, 91, 1, 0, 214, 7, 8]
1542808456256;[171, 0, 17, 255, 161, 74, 235, 94, 72, 0, 0, 5, 0, 0, 32, 1, 0, 247, 5, 186]
1542808456452;[171, 0, 17, 255, 161, 74, 235, 94, 72, 0, 0, 9, 0, 0, 46, 1, 0, 218, 4, 190]
1542808456453;[171, 0, 17, 255, 161, 74, 235, 94, 72, 1, 0, 12, 0, 0, 47, 1, 0, 209, 4, 202]
1542808456454;[171, 0, 17, 255, 161, 74, 235, 94, 72, 0, 0, 31, 0, 0, 80, 1, 0, 241, 4, 233]
1542808456454;[171, 0, 17, 255, 161, 74, 235, 94, 72, 0, 0, 36, 0, 0, 78, 1, 1, 5, 6, 28]
1542808456765;[171, 0, 17, 255, 161, 74, 235, 94, 75, 1, 0, 201, 0, 0, 75, 1, 0, 182, 13, 24]
1542808456767;[171, 0, 17, 255, 161, 74, 235, 94, 75, 1, 0, 65, 0, 0, 98, 1, 1, 33, 13, 24]
1542808456937;[171, 0, 17, 255, 161, 74, 235, 94, 75, 0, 0, 164, 0, 0, 42, 1, 0, 228, 13, 24]
1542808456940;[171, 0, 17, 255, 161, 74, 235, 94, 75, 0, 0, 135, 0, 0, 97, 1, 0, 192, 13, 24]
1542808457110;[171, 0, 17, 255, 161, 74, 235, 94, 75, 0, 0, 106, 0, 0, 84, 1, 0, 243, 13, 141]
1542808457456;[171, 0, 17, 255, 161, 74, 235, 94, 75, 0, 0, 136, 1, 0, 2, 1, 0, 219, 14, 158]
1542808457458;[171, 0, 17, 255, 161, 74, 235, 94, 75, 0, 0, 147, 0, 0, 56, 1, 0, 205, 15, 28]
1542808457461;[171, 0, 17, 255, 161, 74, 235, 94, 75, 0, 0, 167, 0, 0, 66, 1, 0, 255, 15, 46]
1542808457463;[171, 0, 17, 255, 161, 74, 235, 94, 75, 0, 0, 230, 0, 0, 102, 1, 0, 72, 14, 215]
1542808457802;[171, 0, 17, 255, 161, 74, 235, 94, 75, 0, 1, 10, 0, 0, 100, 0, 0, 16, 14, 118]
1542808457804;[171, 0, 4, 255, 132, 128, 99]
1542808457828;[171, 0, 17, 255, 161, 74, 235, 94, 76, 0, 0, 237, 0, 0, 97, 1, 0, 34, 14, 72]
1542808458324;[171, 0, 17, 255, 161, 74, 235, 94, 76, 0, 0, 240, 0, 0, 54, 1, 0, 12, 14, 79]
1542808458329;[171, 0, 17, 255, 161, 74, 235, 94, 76, 0, 0, 252, 0, 0, 35, 1, 0, 86, 13, 222]
1542808458330;[171, 0, 17, 255, 161, 74, 235, 94, 76, 0, 0, 160, 0, 0, 101, 1, 0, 87, 13, 66]
1542808458331;[171, 0, 17, 255, 161, 74, 235, 94, 76, 0, 0, 243, 0, 0, 34, 1, 0, 135, 13, 81]
1542808458836;[171, 0, 17, 255, 161, 74, 235, 94, 76, 0, 1, 59, 1, 0, 52, 1, 0, 69, 15, 45]
1542808458839;[171, 0, 17, 255, 161, 74, 235, 94, 76, 0, 0, 9, 0, 0, 17, 1, 1, 17, 14, 240]
1542808458842;[171, 0, 17, 255, 161, 74, 235, 94, 76, 0, 0, 27, 0, 0, 80, 1, 0, 246, 14, 239]
1542808458844;[171, 0, 17, 255, 161, 74, 235, 94, 76, 0, 0, 89, 0, 0, 33, 1, 0, 245, 14, 226]
1542808459009;[171, 0, 17, 255, 161, 74, 235, 94, 77, 0, 0, 78, 0, 0, 80, 1, 0, 218, 14, 215]
1542808459019;[171, 0, 4, 255, 132, 128, 96]
1542808459023;[171, 0, 17, 255, 161, 74, 235, 94, 77, 0, 0, 126, 1, 0, 47, 1, 0, 185, 31, 86]
1542808459041;[171, 0, 17, 255, 161, 74, 235, 94, 77, 1, 0, 62, 0, 0, 106, 1, 1, 5, 8, 6]
1542808459698;[171, 0, 17, 255, 161, 74, 235, 94, 77, 0, 0, 168, 1, 0, 24, 1, 0, 180, 8, 72]
1542808459700;[171, 0, 17, 255, 161, 74, 235, 94, 77, 0, 0, 21, 0, 0, 54, 1, 0, 201, 8, 64]
1542808460044;[171, 0, 17, 255, 161, 74, 235, 94, 77, 0, 0, 0, 0, 0, 134, 1, 1, 38, 8, 205]
1542808460046;[171, 0, 17, 255, 161, 74, 235, 94, 77, 1, 0, 51, 0, 0, 98, 1, 0, 228, 8, 36]
1542808460048;[171, 0, 17, 255, 161, 74, 235, 94, 77, 0, 0, 21, 0, 0, 133, 1, 0, 201, 8, 105]
1542808460051;[171, 0, 17, 255, 161, 74, 235, 94, 77, 0, 0, 49, 0, 0, 76, 1, 0, 225, 8, 122]
1542808460227;[171, 0, 17, 255, 161, 74, 235, 94, 77, 0, 0, 61, 0, 0, 86, 1, 0, 241, 8, 232]
1542808460230;[171, 0, 17, 255, 161, 74, 235, 94, 78, 0, 0, 12, 0, 0, 46, 1, 1, 4, 9, 45]
1542808460231;[171, 0, 4, 255, 132, 128, 95]
1542808460233;[171, 0, 17, 255, 161, 74, 235, 94, 78, 0, 0, 12, 0, 0, 50, 1, 0, 245, 2, 101]
1542808460390;[171, 0, 17, 255, 161, 74, 235, 94, 78, 0, 0, 25, 0, 0, 45, 1, 0, 238, 2, 101]
1542808460391;[171, 0, 17, 255, 161, 74, 235, 94, 78, 0, 0, 23, 0, 0, 51, 1, 0, 242, 2, 101]
1542808460393;[171, 0, 17, 255, 161, 74, 235, 94, 78, 0, 0, 36, 0, 0, 59, 1, 1, 1, 2, 101]
1542808460560;[171, 0, 17, 255, 161, 74, 235, 94, 78, 0, 0, 14, 0, 0, 35, 1, 0, 247, 2, 101]
1542808460565;[171, 0, 17, 255, 161, 74, 235, 94, 78, 0, 0, 45, 0, 0, 57, 1, 0, 242, 2, 101]
1542808460732;[171, 0, 17, 255, 161, 74, 235, 94, 78, 0, 0, 0, 0, 0, 84, 1, 0, 245, 2, 101]
1542808460735;[171, 0, 17, 255, 161, 74, 235, 94, 78, 0, 0, 44, 0, 0, 32, 1, 0, 236, 2, 101]
1542808460905;[171, 0, 17, 255, 161, 74, 235, 94, 79, 0, 0, 54, 0, 0, 34, 1, 0, 230, 2, 101]
1542808461423;[171, 0, 17, 255, 161, 74, 235, 94, 79, 0, 0, 30, 0, 0, 35, 1, 0, 248, 2, 101]
1542808461425;[171, 0, 4, 255, 132, 128, 98]
1542808461447;[171, 0, 17, 255, 161, 74, 235, 94, 79, 0, 0, 22, 0, 0, 37, 1, 0, 247, 2, 101]
1542808461448;[171, 0, 17, 255, 161, 74, 235, 94, 79, 0, 0, 18, 0, 0, 10, 1, 0, 235, 2, 101]
1542808461769;[171, 0, 17, 255, 161, 74, 235, 94, 79, 0, 0, 17, 0, 0, 18, 1, 0, 245, 2, 101]
1542808461772;[171, 0, 17, 255, 161, 74, 235, 94, 79, 0, 0, 18, 0, 0, 25, 1, 0, 247, 2, 101]
1542808461774;[171, 0, 17, 255, 161, 74, 235, 94, 79, 0, 0, 24, 0, 0, 25, 1, 0, 249, 2, 101]
1542808461776;[171, 0, 17, 255, 161, 74, 235, 94, 79, 0, 0, 22, 0, 0, 24, 1, 0, 246, 2, 101]
1542808461942;[171, 0, 17, 255, 161, 74, 235, 94, 79, 0, 0, 33, 0, 0, 29, 1, 0, 247, 2, 101]
1542808461944;[171, 0, 17, 255, 161, 74, 235, 94, 79, 0, 0, 33, 0, 0, 30, 1, 0, 247, 2, 101]
1542808461947;[171, 0, 17, 255, 161, 74, 235, 94, 80, 0, 0, 19, 0, 0, 28, 1, 0, 241, 2, 101]
1542808462112;[171, 0, 17, 255, 161, 74, 235, 94, 80, 0, 0, 33, 0, 0, 27, 1, 0, 251, 1, 35]
1542808462283;[171, 0, 4, 255, 132, 128, 98]
1542808462303;[171, 0, 17, 255, 161, 74, 235, 94, 80, 0, 0, 41, 0, 0, 30, 1, 0, 249, 2, 222]
1542808462631;[171, 0, 17, 255, 161, 74, 235, 94, 80, 0, 0, 33, 0, 0, 26, 1, 0, 248, 1, 13]
1542808462634;[171, 0, 17, 255, 161, 74, 235, 94, 80, 0, 0, 32, 0, 0, 29, 1, 0, 244, 16, 196]
1542808462637;[171, 0, 17, 255, 161, 74, 235, 94, 80, 0, 0, 33, 0, 0, 32, 1, 0, 247, 8, 41]
1542808462639;[171, 0, 17, 255, 161, 74, 235, 94, 80, 0, 0, 30, 0, 0, 28, 1, 0, 248, 8, 89]
1542808462805;[171, 0, 17, 255, 161, 74, 235, 94, 80, 0, 0, 27, 0, 0, 29, 1, 0, 245, 11, 37]
1542808462974;[171, 0, 17, 255, 161, 74, 235, 94, 80, 0, 0, 33, 0, 0, 32, 1, 0, 248, 14, 214]
1542808462977;[171, 0, 17, 255, 161, 74, 235, 94, 80, 0, 0, 26, 0, 0, 29, 1, 0, 246, 31, 255]
1542808463149;[171, 0, 17, 255, 161, 74, 235, 94, 81, 0, 0, 29, 0, 0, 28, 1, 0, 246, 11, 62]
1542808463151;[171, 0, 17, 255, 161, 74, 235, 94, 81, 0, 0, 27, 0, 0, 28, 1, 0, 248, 11, 62]
1542808463318;[171, 0, 4, 255, 132, 128, 99]
1542808463492;[171, 0, 17, 255, 161, 74, 235, 94, 81, 0, 0, 22, 0, 0, 31, 1, 0, 247, 11, 156]
1542808463495;[171, 0, 17, 255, 161, 74, 235, 94, 81, 0, 0, 23, 0, 0, 29, 1, 0, 249, 12, 61]
1542808463839;[171, 0, 17, 255, 161, 74, 235, 94, 81, 0, 0, 27, 0, 0, 28, 1, 0, 248, 12, 33]
1542808463842;[171, 0, 17, 255, 161, 74, 235, 94, 81, 0, 0, 23, 0, 0, 29, 1, 0, 247, 11, 234]
1542808463845;[171, 0, 17, 255, 161, 74, 235, 94, 81, 0, 0, 21, 0, 0, 26, 1, 0, 249, 11, 103]
1542808463848;[171, 0, 17, 255, 161, 74, 235, 94, 81, 0, 0, 22, 0, 0, 27, 1, 0, 248, 11, 140]
1542808464016;[171, 0, 17, 255, 161, 74, 235, 94, 81, 0, 0, 21, 0, 0, 26, 1, 0, 247, 12, 21]
1542808464183;[171, 0, 17, 255, 161, 74, 235, 94, 81, 0, 0, 22, 0, 0, 27, 1, 0, 247, 12, 59]
1542808464185;[171, 0, 17, 255, 161, 74, 235, 94, 82, 0, 0, 21, 0, 0, 30, 1, 0, 245, 12, 93]
1542808464355;[171, 0, 17, 255, 161, 74, 235, 94, 82, 0, 0, 20, 0, 0, 29, 1, 0, 248, 12, 51]
1542808464357;[171, 0, 4, 255, 132, 128, 100]
1542808464528;[171, 0, 17, 255, 161, 74, 235, 94, 82, 0, 0, 21, 0, 0, 28, 1, 0, 246, 12, 44]
1542808464701;[171, 0, 17, 255, 161, 74, 235, 94, 82, 0, 0, 21, 0, 0, 28, 1, 0, 248, 12, 206]
1542808464703;[171, 0, 17, 255, 161, 74, 235, 94, 82, 0, 0, 22, 0, 0, 28, 1, 0, 248, 13, 16]
1542808464872;[171, 0, 17, 255, 161, 74, 235, 94, 82, 0, 0, 21, 0, 0, 27, 1, 0, 248, 13, 8]
1542808464875;[171, 0, 17, 255, 161, 74, 235, 94, 82, 0, 0, 21, 0, 0, 29, 1, 0, 248, 13, 21]
1542808465219;[171, 0, 17, 255, 161, 74, 235, 94, 82, 0, 0, 21, 0, 0, 27, 1, 0, 246, 13, 34]
1542808465221;[171, 0, 17, 255, 161, 74, 235, 94, 82, 0, 0, 20, 0, 0, 28, 1, 0, 246, 13, 186]
1542808465224;[171, 0, 17, 255, 161, 74, 235, 94, 82, 0, 0, 23, 0, 0, 28, 1, 0, 246, 14, 61]
1542808465392;[171, 0, 17, 255, 161, 74, 235, 94, 83, 0, 0, 22, 0, 0, 27, 1, 0, 248, 14, 107]
1542808465393;[171, 0, 17, 255, 161, 74, 235, 94, 83, 0, 0, 22, 0, 0, 27, 1, 0, 248, 14, 94]
1542808465911;[171, 0, 4, 255, 132, 128, 101]
1542808465935;[171, 0, 17, 255, 161, 74, 235, 94, 83, 0, 0, 22, 0, 0, 26, 1, 0, 248, 14, 72]
1542808465936;[171, 0, 17, 255, 161, 74, 235, 94, 83, 0, 0, 20, 0, 0, 28, 1, 0, 246, 15, 20]
1542808465953;[171, 0, 17, 255, 161, 74, 235, 94, 83, 0, 0, 20, 0, 0, 28, 1, 0, 246, 31, 91]
1542808466081;[171, 0, 17, 255, 161, 74, 235, 94, 83, 0, 0, 22, 0, 0, 28, 1, 0, 248, 7, 220]
1542808466083;[171, 0, 17, 255, 161, 74, 235, 94, 83, 0, 0, 22, 0, 0, 28, 1, 0, 249, 7, 236]
1542808466086;[171, 0, 17, 255, 161, 74, 235, 94, 83, 0, 0, 24, 0, 0, 27, 1, 0, 247, 7, 218]
1542808466427;[171, 0, 17, 255, 161, 74, 235, 94, 83, 0, 0, 22, 0, 0, 26, 1, 0, 247, 7, 202]
1542808466429;[171, 0, 17, 255, 161, 74, 235, 94, 84, 0, 0, 22, 0, 0, 31, 1, 0, 247, 8, 44]
1542808466430;[171, 0, 17, 255, 161, 74, 235, 94, 84, 0, 0, 21, 0, 0, 27, 1, 0, 247, 8, 124]
1542808466616;[171, 0, 17, 255, 161, 74, 235, 94, 84, 0, 0, 24, 0, 0, 25, 1, 0, 247, 8, 125]
1542808466617;[171, 0, 4, 255, 132, 128, 102]
1542808466777;[171, 0, 17, 255, 161, 74, 235, 94, 84, 0, 0, 22, 0, 0, 25, 1, 0, 247, 8, 101]
1542808466778;[171, 0, 17, 255, 161, 74, 235, 94, 84, 0, 0, 21, 0, 0, 26, 1, 0, 247, 8, 83]
1542808466943;[171, 0, 17, 255, 161, 74, 235, 94, 84, 0, 0, 22, 0, 0, 27, 1, 0, 249, 8, 59]
1542808466945;[171, 0, 17, 255, 161, 74, 235, 94, 84, 0, 0, 20, 0, 0, 27, 1, 0, 247, 8, 173]
1542808467115;[171, 0, 17, 255, 161, 74, 235, 94, 84, 0, 0, 21, 0, 0, 28, 1, 0, 249, 9, 68]
1542808467293;[171, 0, 17, 255, 161, 74, 235, 94, 84, 0, 0, 20, 0, 0, 27, 1, 0, 246, 9, 124]
1542808467297;[171, 0, 17, 255, 161, 74, 235, 94, 84, 0, 0, 19, 0, 0, 30, 1, 0, 248, 9, 154]
1542808467807;[171, 0, 17, 255, 161, 74, 235, 94, 85, 0, 0, 20, 0, 0, 27, 1, 0, 247, 9, 194]
1542808467809;[171, 0, 17, 255, 161, 74, 235, 94, 85, 0, 0, 21, 0, 0, 24, 1, 0, 247, 9, 188]
1542808467812;[171, 0, 17, 255, 161, 74, 235, 94, 85, 0, 0, 21, 0, 0, 25, 1, 0, 249, 10, 109]
1542808467815;[171, 0, 4, 255, 132, 128, 103]
1542808467979;[171, 0, 17, 255, 161, 74, 235, 94, 85, 0, 0, 22, 0, 0, 27, 1, 0, 247, 11, 13]
1542808467982;[171, 0, 17, 255, 161, 74, 235, 94, 85, 0, 0, 23, 0, 0, 27, 1, 0, 248, 11, 37]
1542808467985;[171, 0, 17, 255, 161, 74, 235, 94, 85, 0, 0, 21, 0, 0, 27, 1, 0, 248, 11, 53]
1542808468150;[171, 0, 17, 255, 161, 74, 235, 94, 85, 0, 0, 21, 0, 0, 26, 1, 0, 247, 11, 36]
1542808468153;[171, 0, 17, 255, 161, 74, 235, 94, 85, 0, 0, 19, 0, 0, 24, 1, 0, 249, 11, 18]
1542808468322;[171, 0, 17, 255, 161, 74, 235, 94, 85, 0, 0, 20, 0, 0, 25, 1, 0, 247, 11, 157]
1542808468495;[171, 0, 17, 255, 161, 74, 235, 94, 85, 0, 0, 21, 0, 0, 26, 1, 0, 248, 11, 232]
1542808468498;[171, 0, 17, 255, 161, 74, 235, 94, 86, 0, 0, 22, 0, 0, 28, 1, 0, 248, 11, 235]
1542808468669;[171, 0, 17, 255, 161, 74, 235, 94, 86, 0, 0, 21, 0, 0, 25, 1, 0, 247, 11, 211]
1542808468671;[171, 0, 17, 255, 161, 74, 235, 94, 86, 0, 0, 21, 0, 0, 28, 1, 0, 247, 11, 180]
1542808469013;[171, 0, 4, 255, 132, 128, 104]
1542808469036;[171, 0, 17, 255, 161, 74, 235, 94, 86, 0, 0, 21, 0, 0, 29, 1, 0, 247, 11, 131]
1542808469038;[171, 0, 17, 255, 161, 74, 235, 94, 86, 0, 0, 20, 0, 0, 25, 1, 0, 248, 11, 151]
1542808469187;[171, 0, 17, 255, 161, 74, 235, 94, 86, 0, 0, 20, 0, 0, 24, 1, 0, 247, 11, 190]
1542808469190;[171, 0, 17, 255, 161, 74, 235, 94, 86, 0, 0, 27, 0, 0, 29, 1, 0, 249, 12, 160]
1542808469361;[171, 0, 17, 255, 161, 74, 235, 94, 86, 0, 0, 22, 0, 0, 30, 1, 0, 249, 12, 25]
1542808469362;[171, 0, 17, 255, 161, 74, 235, 94, 86, 0, 0, 22, 0, 0, 27, 1, 0, 249, 12, 79]
1542808469530;[171, 0, 17, 255, 161, 74, 235, 94, 86, 0, 0, 19, 0, 0, 24, 1, 0, 247, 11, 138]
1542808469703;[171, 0, 17, 255, 161, 74, 235, 94, 87, 0, 0, 22, 0, 0, 24, 1, 0, 250, 10, 203]
1542808469705;[171, 0, 17, 255, 161, 74, 235, 94, 87, 0, 0, 21, 0, 0, 27, 1, 0, 247, 10, 69]
1542808469875;[171, 0, 17, 255, 161, 74, 235, 94, 87, 0, 0, 30, 0, 0, 24, 1, 0, 248, 8, 127]
1542808469878;[171, 0, 4, 255, 132, 128, 103]
1542808470222;[171, 0, 17, 255, 161, 74, 235, 94, 87, 0, 0, 25, 0, 0, 28, 1, 0, 247, 8, 57]
1542808470224;[171, 0, 17, 255, 161, 74, 235, 94, 87, 0, 0, 26, 0, 0, 25, 1, 0, 245, 7, 163]
1542808470243;[171, 0, 17, 255, 161, 74, 235, 94, 87, 0, 0, 25, 0, 0, 27, 1, 0, 246, 7, 134]
1542808470393;[171, 0, 17, 255, 161, 74, 235, 94, 87, 0, 0, 24, 0, 0, 27, 1, 0, 246, 7, 201]
1542808470396;[171, 0, 17, 255, 161, 74, 235, 94, 87, 0, 0, 22, 0, 0, 22, 1, 0, 249, 8, 135]
1542808470565;[171, 0, 17, 255, 161, 74, 235, 94, 87, 0, 0, 26, 0, 0, 28, 1, 0, 248, 11, 254]
1542808470567;[171, 0, 17, 255, 161, 74, 235, 94, 87, 0, 0, 26, 0, 0, 29, 1, 0, 249, 13, 73]
1542808470737;[171, 0, 17, 255, 161, 74, 235, 94, 88, 0, 0, 19, 0, 0, 28, 1, 0, 246, 12, 117]
1542808470911;[171, 0, 17, 255, 161, 74, 235, 94, 88, 0, 0, 96, 0, 0, 5, 1, 0, 229, 12, 117]
1542808470913;[171, 0, 17, 255, 161, 74, 235, 94, 88, 0, 0, 100, 0, 0, 49, 1, 0, 241, 12, 117]
1542808471084;[171, 0, 4, 255, 132, 128, 102]
1542808471106;[171, 0, 17, 255, 161, 74, 235, 94, 88, 0, 0, 68, 0, 0, 38, 1, 0, 240, 10, 188]
1542808471259;[171, 0, 17, 255, 161, 74, 235, 94, 88, 0, 0, 47, 0, 0, 28, 1, 0, 242, 10, 64]
1542808471261;[171, 0, 17, 255, 161, 74, 235, 94, 88, 0, 0, 54, 0, 0, 35, 1, 0, 239, 10, 101]
1542808471604;[171, 0, 17, 255, 161, 74, 235, 94, 88, 0, 0, 61, 0, 0, 36, 1, 0, 243, 10, 89]
1542808471604;[171, 0, 17, 255, 161, 74, 235, 94, 88, 0, 0, 59, 0, 0, 34, 1, 0, 238, 9, 250]
1542808471605;[171, 0, 17, 255, 161, 74, 235, 94, 88, 0, 0, 61, 0, 0, 37, 1, 0, 240, 9, 91]
1542808471772;[171, 0, 17, 255, 161, 74, 235, 94, 88, 0, 0, 43, 0, 0, 60, 1, 0, 241, 8, 178]
1542808471774;[171, 0, 17, 255, 161, 74, 235, 94, 89, 0, 0, 74, 0, 0, 22, 1, 0, 235, 7, 65]
1542808471946;[171, 0, 17, 255, 161, 74, 235, 94, 89, 0, 0, 92, 0, 0, 90, 1, 0, 232, 6, 178]
1542808471948;[171, 0, 17, 255, 161, 74, 235, 94, 89, 0, 0, 76, 0, 0, 61, 1, 0, 232, 6, 178]
1542808472118;[171, 0, 4, 255, 132, 128, 102]
1542808472463;[171, 0, 17, 255, 161, 74, 235, 94, 89, 0, 0, 72, 0, 0, 68, 1, 0, 231, 6, 17]
1542808472466;[171, 0, 17, 255, 161, 74, 235, 94, 89, 0, 0, 75, 0, 0, 67, 1, 0, 229, 5, 187]
1542808472471;[171, 0, 17, 255, 161, 74, 235, 94, 89, 0, 0, 71, 0, 0, 67, 1, 0, 232, 5, 162]
1542808472472;[171, 0, 17, 255, 161, 74, 235, 94, 89, 0, 0, 73, 0, 0, 68, 1, 0, 231, 5, 131]
1542808472809;[171, 0, 17, 255, 161, 74, 235, 94, 89, 0, 0, 71, 0, 0, 70, 1, 0, 233, 5, 67]
1542808472811;[171, 0, 17, 255, 161, 74, 235, 94, 89, 0, 0, 71, 0, 0, 66, 1, 0, 233, 4, 242]
1542808472814;[171, 0, 17, 255, 161, 74, 235, 94, 89, 0, 0, 70, 0, 0, 70, 1, 0, 232, 4, 172]
1542808472980;[171, 0, 17, 255, 161, 74, 235, 94, 90, 0, 0, 70, 0, 0, 68, 1, 0, 234, 4, 136]
1542808472983;[171, 0, 17, 255, 161, 74, 235, 94, 90, 0, 0, 71, 0, 0, 69, 1, 0, 231, 4, 126]
1542808473154;[171, 0, 17, 255, 161, 74, 235, 94, 90, 0, 0, 71, 0, 0, 68, 1, 0, 233, 4, 111]
1542808473156;[171, 0, 4, 255, 132, 128, 102]
1542808473326;[171, 0, 17, 255, 161, 74, 235, 94, 90, 0, 0, 68, 0, 0, 69, 1, 0, 233, 4, 86]
1542808473498;[171, 0, 17, 255, 161, 74, 235, 94, 90, 0, 0, 70, 0, 0, 67, 1, 0, 235, 4, 33]
1542808473501;[171, 0, 17, 255, 161, 74, 235, 94, 90, 0, 0, 74, 0, 0, 67, 1, 0, 231, 4, 67]
1542808473670;[171, 0, 17, 255, 161, 74, 235, 94, 90, 0, 0, 80, 0, 0, 60, 1, 0, 229, 3, 227]
1542808473673;[171, 0, 17, 255, 161, 74, 235, 94, 90, 0, 0, 145, 0, 0, 53, 1, 0, 227, 3, 224]
1542808473844;[171, 0, 17, 255, 161, 74, 235, 94, 90, 0, 0, 128, 0, 0, 60, 1, 0, 226, 3, 212]
1542808473846;[171, 0, 17, 255, 161, 74, 235, 94, 90, 0, 0, 129, 0, 0, 63, 1, 0, 211, 3, 235]
1542808474209;[171, 0, 17, 255, 161, 74, 235, 94, 91, 0, 0, 74, 0, 0, 70, 1, 0, 231, 1, 177]
1542808474210;[171, 0, 17, 255, 161, 74, 235, 94, 91, 0, 0, 74, 0, 0, 70, 1, 0, 231, 16, 110]
1542808474211;[171, 0, 17, 255, 161, 74, 235, 94, 91, 0, 0, 96, 0, 0, 77, 1, 0, 211, 6, 163]
1542808474362;[171, 0, 4, 255, 132, 128, 102]
1542808474364;[171, 0, 17, 255, 161, 74, 235, 94, 91, 0, 0, 70, 0, 0, 68, 1, 0, 228, 5, 177]
1542808474533;[171, 0, 17, 255, 161, 74, 235, 94, 91, 0, 0, 81, 0, 0, 65, 1, 0, 236, 4, 220]
1542808474706;[171, 0, 17, 255, 161, 74, 235, 94, 91, 0, 0, 71, 0, 0, 59, 1, 0, 234, 4, 32]
1542808474710;[171, 0, 17, 255, 161, 74, 235, 94, 91, 0, 0, 47, 0, 0, 53, 1, 0, 246, 3, 55]
1542808474877;[171, 0, 17, 255, 161, 74, 235, 94, 91, 0, 0, 13, 0, 0, 50, 1, 0, 243, 3, 55]
1542808474879;[171, 0, 17, 255, 161, 74, 235, 94, 91, 0, 0, 29, 0, 0, 16, 1, 0, 229, 4, 233]
1542808475049;[171, 0, 17, 255, 161, 74, 235, 94, 92, 0, 0, 69, 0, 0, 39, 1, 0, 237, 5, 33]
1542808475052;[171, 0, 17, 255, 161, 74, 235, 94, 92, 0, 0, 75, 0, 0, 41, 1, 0, 241, 5, 36]
1542808475395;[171, 0, 17, 255, 161, 74, 235, 94, 92, 0, 0, 27, 0, 0, 20, 1, 0, 242, 16, 47]
1542808475397;[171, 0, 17, 255, 161, 74, 235, 94, 92, 0, 0, 7, 0, 0, 4, 1, 0, 239, 1, 146]
1542808475399;[171, 0, 4, 255, 132, 128, 101]
1542808475568;[171, 0, 17, 255, 161, 74, 235, 94, 92, 0, 0, 73, 0, 0, 28, 1, 0, 240, 16, 130]
1542808475572;[171, 0, 17, 255, 161, 74, 235, 94, 92, 0, 0, 98, 0, 0, 36, 1, 0, 230, 10, 169]
1542808475740;[171, 0, 17, 255, 161, 74, 235, 94, 92, 0, 0, 90, 0, 0, 34, 1, 0, 231, 14, 197]
1542808475743;[171, 0, 17, 255, 161, 74, 235, 94, 92, 0, 0, 73, 0, 0, 31, 1, 0, 234, 14, 49]
1542808475913;[171, 0, 17, 255, 161, 74, 235, 94, 92, 0, 0, 71, 0, 0, 30, 1, 0, 236, 14, 137]
1542808476085;[171, 0, 17, 255, 161, 74, 235, 94, 92, 0, 0, 74, 0, 0, 29, 1, 0, 237, 31, 246]
1542808476088;[171, 0, 17, 255, 161, 74, 235, 94, 93, 0, 0, 74, 0, 0, 33, 1, 0, 236, 9, 73]
1542808476263;[171, 0, 17, 255, 161, 74, 235, 94, 93, 0, 0, 74, 0, 0, 30, 1, 0, 236, 9, 43]
1542808476264;[171, 0, 17, 255, 161, 74, 235, 94, 93, 0, 0, 72, 0, 0, 30, 1, 0, 236, 9, 51]
1542808476775;[171, 0, 17, 255, 161, 74, 235, 94, 93, 0, 0, 72, 0, 0, 32, 1, 0, 238, 9, 148]
1542808476777;[171, 0, 4, 255, 132, 128, 101]
1542808476798;[171, 0, 17, 255, 161, 74, 235, 94, 93, 0, 0, 74, 0, 0, 32, 1, 0, 238, 10, 33]
1542808476799;[171, 0, 17, 255, 161, 74, 235, 94, 93, 0, 0, 73, 0, 0, 29, 1, 0, 237, 11, 24]
1542808476948;[171, 0, 17, 255, 161, 74, 235, 94, 93, 0, 0, 72, 0, 0, 32, 1, 0, 237, 11, 208]
1542808476951;[171, 0, 17, 255, 161, 74, 235, 94, 93, 0, 0, 82, 0, 0, 32, 1, 0, 237, 12, 15]
1542808476954;[171, 0, 17, 255, 161, 74, 235, 94, 93, 0, 0, 72, 0, 0, 29, 1, 0, 235, 12, 32]
1542808477299;[171, 0, 17, 255, 161, 74, 235, 94, 93, 0, 0, 75, 0, 0, 31, 1, 0, 238, 12, 97]
1542808477300;[171, 0, 17, 255, 161, 74, 235, 94, 94, 0, 0, 66, 0, 0, 31, 1, 0, 238, 12, 173]
1542808477301;[171, 0, 17, 255, 161, 74, 235, 94, 94, 0, 0, 103, 0, 0, 44, 1, 0, 227, 12, 173]
1542808477464;[171, 0, 17, 255, 161, 74, 235, 94, 94, 0, 0, 121, 0, 0, 44, 1, 0, 222, 15, 21]
1542808477466;[171, 0, 17, 255, 161, 74, 235, 94, 94, 0, 0, 111, 0, 0, 45, 1, 0, 224, 31, 255]
1542808477984;[171, 0, 4, 255, 132, 128, 101]
1542808478007;[171, 0, 17, 255, 161, 74, 235, 94, 94, 0, 0, 118, 0, 0, 48, 1, 0, 218, 8, 217]
1542808478009;[171, 0, 17, 255, 161, 74, 235, 94, 94, 0, 0, 117, 0, 0, 42, 1, 0, 218, 9, 84]
1542808478010;[171, 0, 17, 255, 161, 74, 235, 94, 94, 0, 0, 117, 0, 0, 40, 1, 0, 216, 9, 213]
1542808478156;[171, 0, 17, 255, 161, 74, 235, 94, 94, 0, 0, 115, 0, 0, 41, 1, 0, 219, 10, 11]
1542808478159;[171, 0, 17, 255, 161, 74, 235, 94, 94, 0, 0, 112, 0, 0, 41, 1, 0, 223, 9, 198]
1542808478162;[171, 0, 17, 255, 161, 74, 235, 94, 94, 0, 0, 98, 0, 0, 31, 1, 0, 232, 8, 159]
1542808478326;[171, 0, 17, 255, 161, 74, 235, 94, 95, 0, 0, 100, 0, 0, 34, 1, 0, 227, 8, 193]
1542808478673;[171, 0, 17, 255, 161, 74, 235, 94, 95, 0, 0, 92, 0, 0, 34, 1, 0, 232, 8, 155]
1542808478677;[171, 0, 17, 255, 161, 74, 235, 94, 95, 0, 0, 113, 0, 0, 38, 1, 0, 228, 8, 215]
1542808478680;[171, 0, 17, 255, 161, 74, 235, 94, 95, 0, 0, 8, 0, 0, 14, 1, 0, 234, 4, 124]
1542808478682;[171, 0, 4, 255, 132, 128, 101]
1542808478846;[171, 0, 17, 255, 161, 74, 235, 94, 95, 0, 0, 138, 0, 0, 42, 1, 0, 234, 6, 201]
1542808478849;[171, 0, 17, 255, 161, 74, 235, 94, 95, 0, 0, 75, 0, 0, 30, 1, 0, 231, 6, 112]
1542808479192;[171, 0, 17, 255, 161, 74, 235, 94, 95, 0, 0, 84, 0, 0, 32, 1, 0, 233, 6, 154]
1542808479195;[171, 0, 17, 255, 161, 74, 235, 94, 95, 0, 0, 83, 0, 0, 30, 1, 0, 234, 7, 54]
1542808479198;[171, 0, 17, 255, 161, 74, 235, 94, 95, 0, 0, 87, 0, 0, 31, 1, 0, 234, 8, 3]
1542808479363;[171, 0, 17, 255, 161, 74, 235, 94, 95, 0, 0, 81, 0, 0, 33, 1, 0, 234, 8, 34]
1542808479536;[171, 0, 17, 255, 161, 74, 235, 94, 96, 0, 0, 75, 0, 0, 31, 1, 0, 236, 8, 167]
1542808479539;[171, 0, 17, 255, 161, 74, 235, 94, 96, 0, 0, 90, 0, 0, 33, 1, 0, 233, 9, 93]
1542808479541;[171, 0, 17, 255, 161, 74, 235, 94, 96, 0, 0, 87, 0, 0, 34, 1, 0, 233, 9, 209]
1542808479707;[171, 0, 17, 255, 161, 74, 235, 94, 96, 0, 0, 88, 0, 0, 36, 1, 0, 233, 10, 74]
1542808479880;[171, 0, 4, 255, 132, 128, 101]
1542808479902;[171, 0, 17, 255, 161, 74, 235, 94, 96, 0, 0, 90, 0, 0, 35, 1, 0, 232, 10, 116]
1542808480058;[171, 0, 17, 255, 161, 74, 235, 94, 96, 0, 0, 87, 0, 0, 36, 1, 0, 231, 10, 104]
1542808480062;[171, 0, 17, 255, 161, 74, 235, 94, 96, 0, 0, 94, 0, 0, 36, 1, 0, 231, 10, 141]
1542808480225;[171, 0, 17, 255, 161, 74, 235, 94, 96, 0, 0, 90, 0, 0, 35, 1, 0, 230, 10, 133]
1542808480571;[171, 0, 17, 255, 161, 74, 235, 94, 96, 0, 0, 94, 0, 0, 35, 1, 0, 231, 10, 164]
1542808480574;[171, 0, 17, 255, 161, 74, 235, 94, 97, 0, 0, 96, 0, 0, 36, 1, 0, 231, 10, 160]
1542808480577;[171, 0, 17, 255, 161, 74, 235, 94, 97, 0, 0, 86, 0, 0, 36, 1, 0, 232, 10, 67]
1542808480580;[171, 0, 17, 255, 161, 74, 235, 94, 97, 0, 0, 89, 0, 0, 33, 1, 0, 233, 10, 144]
1542808480742;[171, 0, 17, 255, 161, 74, 235, 94, 97, 0, 0, 86, 0, 0, 33, 1, 0, 233, 10, 138]
1542808481088;[171, 0, 17, 255, 161, 74, 235, 94, 97, 0, 0, 87, 0, 0, 32, 1, 0, 234, 10, 148]
1542808481090;[171, 0, 4, 255, 132, 128, 101]
1542808481112;[171, 0, 17, 255, 161, 74, 235, 94, 97, 0, 0, 87, 0, 0, 35, 1, 0, 233, 10, 219]
1542808481113;[171, 0, 17, 255, 161, 74, 235, 94, 97, 0, 0, 83, 0, 0, 33, 1, 0, 234, 10, 224]
1542808481261;[171, 0, 17, 255, 161, 74, 235, 94, 97, 0, 0, 85, 0, 0, 33, 1, 0, 233, 10, 225]
1542808481264;[171, 0, 17, 255, 161, 74, 235, 94, 97, 0, 0, 93, 0, 0, 34, 1, 0, 233, 11, 50]
1542808481436;[171, 0, 17, 255, 161, 74, 235, 94, 97, 0, 0, 79, 0, 0, 29, 1, 0, 233, 10, 194]
1542808481438;[171, 0, 17, 255, 161, 74, 235, 94, 98, 0, 0, 79, 0, 0, 30, 1, 0, 232, 11, 64]
1542808481952;[171, 0, 17, 255, 161, 74, 235, 94, 98, 0, 0, 92, 0, 0, 35, 1, 0, 235, 12, 31]
1542808481955;[171, 0, 17, 255, 161, 74, 235, 94, 98, 0, 0, 84, 0, 0, 33, 1, 0, 232, 12, 31]
1542808481958;[171, 0, 17, 255, 161, 74, 235, 94, 98, 0, 0, 96, 0, 0, 33, 1, 0, 234, 13, 8]
1542808481961;[171, 0, 17, 255, 161, 74, 235, 94, 98, 0, 0, 97, 0, 0, 36, 1, 0, 229, 13, 1]
1542808482122;[171, 0, 4, 255, 132, 128, 101]
1542808482304;[171, 0, 17, 255, 161, 74, 235, 94, 98, 0, 0, 106, 0, 0, 35, 1, 0, 228, 12, 255]
1542808482311;[171, 0, 17, 255, 161, 74, 235, 94, 98, 0, 0, 102, 0, 0, 36, 1, 0, 227, 11, 149]
1542808482313;[171, 0, 17, 255, 161, 74, 235, 94, 98, 0, 0, 96, 0, 0, 32, 1, 0, 226, 10, 137]
1542808482467;[171, 0, 17, 255, 161, 74, 235, 94, 98, 0, 0, 102, 0, 0, 36, 1, 0, 227, 10, 163]
1542808482470;[171, 0, 17, 255, 161, 74, 235, 94, 98, 0, 0, 97, 0, 0, 37, 1, 0, 226, 10, 2]
1542808482639;[171, 0, 17, 255, 161, 74, 235, 94, 99, 0, 0, 98, 0, 0, 34, 1, 0, 230, 10, 46]
1542808482642;[171, 0, 17, 255, 161, 74, 235, 94, 99, 0, 0, 103, 0, 0, 34, 1, 0, 228, 10, 45]
1542808482811;[171, 0, 17, 255, 161, 74, 235, 94, 99, 0, 0, 99, 0, 0, 34, 1, 0, 231, 9, 180]
1542808483159;[171, 0, 17, 255, 161, 74, 235, 94, 99, 0, 0, 100, 0, 0, 33, 1, 0, 230, 9, 177]
1542808483162;[171, 0, 17, 255, 161, 74, 235, 94, 101, 0, 0, 100, 0, 0, 34, 1, 0, 229, 10, 11]
1542808483336;[171, 0, 17, 255, 161, 74, 235, 94, 101, 0, 0, 99, 0, 0, 33, 1, 0, 228, 9, 253]
1542808483342;[171, 0, 17, 255, 161, 74, 235, 94, 101, 0, 0, 102, 0, 0, 36, 1, 0, 228, 9, 225]
1542808483677;[171, 0, 17, 255, 161, 74, 235, 94, 101, 0, 0, 99, 0, 0, 34, 1, 0, 228, 9, 171]
1542808483680;[171, 0, 17, 255, 161, 74, 235, 94, 101, 0, 0, 97, 0, 0, 33, 1, 0, 230, 9, 201]
1542808483684;[171, 0, 17, 255, 161, 74, 235, 94, 102, 0, 0, 101, 0, 0, 33, 1, 0, 231, 9, 249]
1542808483848;[171, 0, 17, 255, 161, 74, 235, 94, 102, 0, 0, 97, 0, 0, 31, 1, 0, 228, 9, 223]
1542808483851;[171, 0, 17, 255, 161, 74, 235, 94, 102, 0, 0, 98, 0, 0, 35, 1, 0, 228, 9, 216]
1542808484022;[171, 0, 17, 255, 161, 74, 235, 94, 102, 0, 0, 101, 0, 0, 34, 1, 0, 230, 9, 204]
1542808484025;[171, 0, 17, 255, 161, 74, 235, 94, 102, 0, 0, 99, 0, 0, 34, 1, 0, 229, 9, 175]
1542808484370;[171, 0, 4, 255, 132, 128, 100]
1542808484375;[171, 0, 17, 255, 161, 74, 235, 94, 102, 0, 0, 97, 0, 0, 35, 1, 0, 228, 9, 169]
1542808484393;[171, 0, 17, 255, 161, 74, 235, 94, 102, 0, 0, 99, 0, 0, 34, 1, 0, 229, 9, 197]
1542808484538;[171, 0, 17, 255, 161, 74, 235, 94, 102, 0, 0, 100, 0, 0, 31, 1, 0, 229, 9, 236]
1542808484540;[171, 0, 17, 255, 161, 74, 235, 94, 102, 0, 0, 99, 0, 0, 34, 1, 0, 229, 9, 242]
1542808484728;[171, 0, 17, 255, 161, 74, 235, 94, 102, 0, 0, 98, 0, 0, 35, 1, 0, 228, 9, 227]
1542808484729;[171, 0, 17, 255, 161, 74, 235, 94, 103, 0, 0, 97, 0, 0, 34, 1, 0, 229, 9, 201]
1542808484884;[171, 0, 17, 255, 161, 74, 235, 94, 103, 0, 0, 97, 0, 0, 33, 1, 0, 229, 9, 188]
1542808485056;[171, 0, 17, 255, 161, 74, 235, 94, 103, 0, 0, 100, 0, 0, 34, 1, 0, 230, 9, 226]
1542808485230;[171, 0, 17, 255, 161, 74, 235, 94, 103, 0, 0, 100, 0, 0, 34, 1, 0, 228, 9, 222]
1542808485237;[171, 0, 17, 255, 161, 74, 235, 94, 103, 0, 0, 99, 0, 0, 34, 1, 0, 227, 9, 235]
1542808485574;[171, 0, 4, 255, 132, 128, 100]
1542808485597;[171, 0, 17, 255, 161, 74, 235, 94, 103, 0, 0, 99, 0, 0, 34, 1, 0, 230, 9, 224]
1542808485599;[171, 0, 17, 255, 161, 74, 235, 94, 103, 0, 0, 100, 0, 0, 31, 1, 0, 228, 9, 171]
1542808485600;[171, 0, 17, 255, 161, 74, 235, 94, 103, 0, 0, 99, 0, 0, 33, 1, 0, 230, 9, 155]
1542808485745;[171, 0, 17, 255, 161, 74, 235, 94, 103, 0, 0, 102, 0, 0, 35, 1, 0, 229, 9, 136]
1542808485748;[171, 0, 17, 255, 161, 74, 235, 94, 103, 0, 0, 99, 0, 0, 32, 1, 0, 228, 9, 149]
1542808485918;[171, 0, 17, 255, 161, 74, 235, 94, 104, 0, 0, 102, 0, 0, 34, 1, 0, 230, 9, 175]
1542808485936;[171, 0, 17, 255, 161, 74, 235, 94, 104, 0, 0, 101, 0, 0, 34, 1, 0, 226, 9, 159]
1542808486090;[171, 0, 17, 255, 161, 74, 235, 94, 104, 0, 0, 99, 0, 0, 33, 1, 0, 230, 9, 120]
1542808486263;[171, 0, 17, 255, 161, 74, 235, 94, 104, 0, 0, 99, 0, 0, 32, 1, 0, 228, 9, 84]
1542808486266;[171, 0, 17, 255, 161, 74, 235, 94, 104, 0, 0, 104, 0, 0, 35, 1, 0, 230, 9, 53]
1542808486437;[171, 0, 4, 255, 132, 128, 100]
1542808486439;[171, 0, 17, 255, 161, 74, 235, 94, 104, 0, 0, 101, 0, 0, 33, 1, 0, 226, 9, 56]
1542808486622;[171, 0, 17, 255, 161, 74, 235, 94, 104, 0, 0, 100, 0, 0, 33, 1, 0, 231, 9, 98]
1542808486623;[171, 0, 17, 255, 161, 74, 235, 94, 104, 0, 0, 99, 0, 0, 33, 1, 0, 228, 9, 102]
1542808486954;[171, 0, 17, 255, 161, 74, 235, 94, 104, 0, 0, 99, 0, 0, 35, 1, 0, 229, 9, 67]
1542808486957;[171, 0, 17, 255, 161, 74, 235, 94, 104, 0, 0, 101, 0, 0, 34, 1, 0, 230, 9, 49]
1542808486960;[171, 0, 17, 255, 161, 74, 235, 94, 105, 0, 0, 98, 0, 0, 32, 1, 0, 229, 9, 8]
1542808487302;[171, 0, 17, 255, 161, 74, 235, 94, 105, 0, 0, 101, 0, 0, 34, 1, 0, 229, 8, 251]
1542808487312;[171, 0, 17, 255, 161, 74, 235, 94, 105, 0, 0, 100, 0, 0, 35, 1, 0, 228, 9, 26]
1542808487319;[171, 0, 17, 255, 161, 74, 235, 94, 105, 0, 0, 100, 0, 0, 33, 1, 0, 227, 9, 73]
1542808487324;[171, 0, 17, 255, 161, 74, 235, 94, 105, 0, 0, 102, 0, 0, 35, 1, 0, 229, 9, 96]
