1542780359094;[171, 0, 17, 255, 161, 74, 234, 226, 48, 0, 0, 135, 1, 0, 178, 1, 0, 94, 5, 224]
1542780359112;[171, 0, 17, 255, 161, 74, 234, 226, 49, 0, 0, 130, 1, 0, 179, 1, 0, 94, 5, 208]
1542780359266;[171, 0, 17, 255, 161, 74, 234, 226, 49, 0, 0, 132, 1, 0, 181, 1, 0, 95, 5, 188]
1542780359270;[171, 0, 17, 255, 161, 74, 234, 226, 49, 0, 0, 132, 1, 0, 182, 1, 0, 95, 5, 170]
1542780359438;[171, 0, 17, 255, 161, 74, 234, 226, 49, 0, 0, 134, 1, 0, 179, 1, 0, 94, 5, 182]
1542780359611;[171, 0, 17, 255, 161, 74, 234, 226, 49, 0, 0, 133, 1, 0, 181, 1, 0, 95, 5, 185]
1542780359615;[171, 0, 17, 255, 161, 74, 234, 226, 49, 0, 0, 135, 1, 0, 178, 1, 0, 94, 5, 174]
1542780359957;[171, 0, 17, 255, 161, 74, 234, 226, 49, 0, 0, 135, 1, 0, 179, 1, 0, 95, 5, 170]
1542780359961;[171, 0, 17, 255, 161, 74, 234, 226, 49, 0, 0, 133, 1, 0, 180, 1, 0, 96, 5, 149]
1542780359965;[171, 0, 17, 255, 161, 74, 234, 226, 49, 0, 0, 132, 1, 0, 180, 1, 0, 96, 5, 138]
1542780360130;[171, 0, 4, 255, 132, 128, 95]
1542780360135;[171, 0, 17, 255, 161, 74, 234, 226, 49, 0, 0, 137, 1, 0, 181, 1, 0, 96, 5, 165]
1542780360299;[171, 0, 17, 255, 161, 74, 234, 226, 50, 0, 0, 134, 1, 0, 179, 1, 0, 96, 5, 178]
1542780360302;[171, 0, 17, 255, 161, 74, 234, 226, 50, 0, 0, 136, 1, 0, 181, 1, 0, 95, 5, 177]
1542780360474;[171, 0, 17, 255, 161, 74, 234, 226, 50, 0, 0, 137, 1, 0, 179, 1, 0, 93, 5, 186]
1542780360477;[171, 0, 17, 255, 161, 74, 234, 226, 50, 0, 0, 133, 1, 0, 179, 1, 0, 97, 5, 185]
1542780360646;[171, 0, 17, 255, 161, 74, 234, 226, 50, 0, 0, 128, 1, 0, 187, 1, 0, 96, 5, 186]
1542780360819;[171, 0, 17, 255, 161, 74, 234, 226, 50, 0, 0, 129, 1, 0, 188, 1, 0, 103, 5, 219]
1542780360823;[171, 0, 17, 255, 161, 74, 234, 226, 50, 0, 0, 144, 1, 0, 168, 1, 0, 90, 5, 252]
1542780361165;[171, 0, 17, 255, 161, 74, 234, 226, 50, 0, 0, 143, 1, 0, 168, 1, 0, 96, 6, 13]
1542780361169;[171, 0, 17, 255, 161, 74, 234, 226, 50, 0, 0, 141, 1, 0, 163, 1, 0, 102, 6, 55]
1542780361173;[171, 0, 4, 255, 132, 128, 95]
1542780361177;[171, 0, 17, 255, 161, 74, 234, 226, 50, 0, 0, 142, 1, 0, 169, 1, 0, 100, 6, 76]
1542780361337;[171, 0, 17, 255, 161, 74, 234, 226, 51, 0, 0, 133, 1, 0, 172, 1, 0, 95, 6, 76]
1542780361509;[171, 0, 17, 255, 161, 74, 234, 226, 51, 0, 0, 133, 1, 0, 168, 1, 0, 101, 6, 155]
1542780361512;[171, 0, 17, 255, 161, 74, 234, 226, 51, 0, 0, 132, 1, 0, 175, 1, 0, 107, 6, 228]
1542780361680;[171, 0, 17, 255, 161, 74, 234, 226, 51, 0, 0, 131, 1, 0, 181, 1, 0, 101, 7, 12]
1542780361684;[171, 0, 17, 255, 161, 74, 234, 226, 51, 0, 0, 129, 1, 0, 181, 1, 0, 97, 7, 43]
1542780361854;[171, 0, 17, 255, 161, 74, 234, 226, 51, 0, 0, 137, 1, 0, 181, 1, 0, 96, 7, 77]
1542780362026;[171, 0, 17, 255, 161, 74, 234, 226, 51, 0, 0, 136, 1, 0, 178, 1, 0, 101, 7, 103]
1542780362030;[171, 0, 17, 255, 161, 74, 234, 226, 51, 0, 0, 112, 1, 0, 215, 1, 0, 133, 7, 89]
1542780362199;[171, 0, 17, 255, 161, 74, 234, 226, 51, 0, 0, 140, 1, 0, 124, 1, 0, 60, 7, 94]
1542780362202;[171, 0, 4, 255, 132, 128, 94]
1542780362544;[171, 0, 17, 255, 161, 74, 234, 226, 51, 0, 0, 28, 1, 0, 248, 1, 0, 143, 7, 190]
1542780362548;[171, 0, 17, 255, 161, 74, 234, 226, 52, 0, 0, 115, 1, 1, 35, 1, 0, 128, 7, 235]
1542780362551;[171, 0, 17, 255, 161, 74, 234, 226, 52, 0, 0, 134, 1, 0, 175, 0, 0, 0, 7, 148]
1542780362716;[171, 0, 17, 255, 161, 74, 234, 226, 52, 0, 0, 121, 1, 0, 208, 1, 0, 3, 7, 57]
1542780362720;[171, 0, 17, 255, 161, 74, 234, 226, 52, 0, 0, 118, 1, 0, 217, 0, 0, 33, 7, 90]
1542780362889;[171, 0, 17, 255, 161, 74, 234, 226, 52, 0, 0, 110, 1, 0, 215, 1, 0, 32, 7, 126]
1542780362893;[171, 0, 17, 255, 161, 74, 234, 226, 52, 0, 0, 112, 1, 0, 208, 0, 0, 14, 7, 230]
1542780363061;[171, 0, 17, 255, 161, 74, 234, 226, 52, 0, 0, 115, 1, 0, 224, 1, 0, 6, 8, 67]
1542780363234;[171, 0, 17, 255, 161, 74, 234, 226, 52, 0, 0, 75, 1, 0, 251, 1, 0, 9, 8, 63]
1542780363237;[171, 0, 17, 255, 161, 74, 234, 226, 52, 0, 0, 123, 1, 0, 202, 0, 0, 41, 8, 191]
1542780363406;[171, 0, 4, 255, 132, 128, 94]
1542780363411;[171, 0, 17, 255, 161, 74, 234, 226, 52, 0, 0, 135, 1, 0, 170, 0, 0, 62, 9, 53]
1542780363752;[171, 0, 17, 255, 161, 74, 234, 226, 53, 0, 0, 132, 1, 0, 215, 0, 0, 50, 9, 89]
1542780363756;[171, 0, 17, 255, 161, 74, 234, 226, 53, 0, 0, 108, 1, 0, 211, 0, 0, 52, 9, 152]
1542780363760;[171, 0, 17, 255, 161, 74, 234, 226, 53, 0, 0, 135, 1, 0, 200, 1, 0, 4, 9, 208]
1542780363924;[171, 0, 17, 255, 161, 74, 234, 226, 53, 0, 0, 107, 1, 0, 223, 0, 0, 40, 9, 196]
1542780363928;[171, 0, 17, 255, 161, 74, 234, 226, 53, 0, 0, 114, 1, 0, 206, 0, 0, 31, 10, 37]
1542780364096;[171, 0, 17, 255, 161, 74, 234, 226, 53, 0, 0, 108, 1, 0, 223, 0, 0, 10, 10, 93]
1542780364100;[171, 0, 17, 255, 161, 74, 234, 226, 53, 0, 0, 126, 1, 0, 197, 0, 0, 27, 10, 154]
1542780364268;[171, 0, 17, 255, 161, 74, 234, 226, 53, 0, 0, 138, 1, 0, 164, 0, 0, 5, 10, 209]
1542780364272;[171, 0, 17, 255, 161, 74, 234, 226, 53, 0, 0, 96, 1, 0, 254, 1, 0, 9, 11, 15]
1542780364441;[171, 0, 4, 255, 132, 128, 94]
1542780364612;[171, 0, 17, 255, 161, 74, 234, 226, 53, 0, 0, 129, 1, 0, 211, 0, 0, 18, 10, 247]
1542780364616;[171, 0, 17, 255, 161, 74, 234, 226, 54, 0, 0, 132, 1, 0, 201, 1, 0, 56, 10, 250]
1542780365132;[171, 0, 17, 255, 161, 74, 234, 226, 54, 0, 0, 133, 1, 0, 225, 1, 0, 10, 10, 209]
1542780365136;[171, 0, 17, 255, 161, 74, 234, 226, 54, 0, 0, 139, 1, 0, 193, 1, 0, 5, 10, 136]
1542780365140;[171, 0, 17, 255, 161, 74, 234, 226, 54, 0, 0, 137, 1, 0, 201, 1, 0, 28, 10, 83]
1542780365144;[171, 0, 17, 255, 161, 74, 234, 226, 54, 0, 0, 134, 1, 0, 199, 1, 0, 27, 10, 31]
1542780365303;[171, 0, 17, 255, 161, 74, 234, 226, 54, 0, 0, 136, 1, 0, 199, 1, 0, 28, 10, 13]
1542780365308;[171, 0, 17, 255, 161, 74, 234, 226, 54, 0, 0, 136, 1, 0, 198, 1, 0, 28, 10, 30]
1542780365311;[171, 0, 17, 255, 161, 74, 234, 226, 54, 0, 0, 138, 1, 0, 200, 1, 0, 27, 10, 11]
1542780365475;[171, 0, 17, 255, 161, 74, 234, 226, 54, 0, 0, 139, 1, 0, 199, 1, 0, 26, 9, 246]
1542780365479;[171, 0, 4, 255, 132, 128, 94]
1542780367697;[171, 0, 17, 255, 161, 74, 234, 226, 54, 0, 0, 138, 1, 0, 199, 1, 0, 26, 9, 226]
1542780367699;[171, 0, 17, 255, 161, 74, 234, 226, 55, 0, 0, 137, 1, 0, 200, 1, 0, 25, 9, 195]
1542780367701;[171, 0, 17, 255, 161, 74, 234, 226, 55, 0, 0, 137, 1, 0, 199, 1, 0, 27, 9, 228]
1542780367702;[171, 0, 17, 255, 161, 74, 234, 226, 55, 0, 0, 135, 1, 0, 202, 1, 0, 23, 9, 233]
1542780367704;[171, 0, 17, 255, 161, 74, 234, 226, 55, 0, 0, 140, 1, 0, 200, 1, 0, 25, 9, 221]
1542780367706;[171, 0, 17, 255, 161, 74, 234, 226, 55, 0, 0, 137, 1, 0, 202, 1, 0, 26, 9, 210]
1542780367708;[171, 0, 17, 255, 161, 74, 234, 226, 55, 0, 0, 137, 1, 0, 198, 1, 0, 27, 9, 187]
1542780367710;[171, 0, 17, 255, 161, 74, 234, 226, 55, 0, 0, 134, 1, 0, 196, 1, 0, 29, 9, 178]
1542780367713;[171, 0, 17, 255, 161, 74, 234, 226, 55, 0, 0, 139, 1, 0, 200, 1, 0, 27, 9, 216]
1542780367715;[171, 0, 17, 255, 161, 74, 234, 226, 55, 0, 0, 137, 1, 0, 199, 1, 0, 27, 9, 204]
1542780367716;[171, 0, 4, 255, 132, 128, 94]
1542780367719;[171, 0, 17, 255, 161, 74, 234, 226, 55, 0, 0, 138, 1, 0, 198, 1, 0, 28, 9, 195]
1542780367720;[171, 0, 17, 255, 161, 74, 234, 226, 56, 0, 0, 139, 1, 0, 199, 1, 0, 29, 9, 182]
1542780367722;[171, 0, 17, 255, 161, 74, 234, 226, 56, 0, 0, 137, 1, 0, 198, 1, 0, 28, 9, 146]
1542780367724;[171, 0, 17, 255, 161, 74, 234, 226, 56, 0, 0, 136, 1, 0, 200, 1, 0, 29, 9, 141]
1542780367726;[171, 0, 17, 255, 161, 74, 234, 226, 56, 0, 0, 136, 1, 0, 201, 1, 0, 29, 9, 170]
1542780367727;[171, 0, 17, 255, 161, 74, 234, 226, 56, 0, 0, 136, 1, 0, 200, 1, 0, 30, 9, 160]
1542780367729;[171, 0, 17, 255, 161, 74, 234, 226, 56, 0, 0, 141, 1, 0, 198, 1, 0, 29, 9, 138]
1542780367731;[171, 0, 17, 255, 161, 74, 234, 226, 56, 0, 0, 137, 1, 0, 198, 1, 0, 28, 9, 119]
1542780367732;[171, 0, 17, 255, 161, 74, 234, 226, 56, 0, 0, 137, 1, 0, 199, 1, 0, 28, 9, 94]
1542780367734;[171, 0, 17, 255, 161, 74, 234, 226, 56, 0, 0, 138, 1, 0, 199, 1, 0, 28, 9, 56]
1542780367736;[171, 0, 4, 255, 132, 128, 94]
1542780368066;[171, 0, 17, 255, 161, 74, 234, 226, 56, 0, 0, 138, 1, 0, 199, 1, 0, 29, 9, 83]
1542780368070;[171, 0, 17, 255, 161, 74, 234, 226, 57, 0, 0, 138, 1, 0, 202, 1, 0, 29, 9, 64]
1542780368074;[171, 0, 17, 255, 161, 74, 234, 226, 57, 0, 0, 137, 1, 0, 199, 1, 0, 30, 9, 36]
1542780368078;[171, 0, 17, 255, 161, 74, 234, 226, 57, 0, 0, 137, 1, 0, 195, 1, 0, 32, 9, 4]
1542780368236;[171, 0, 17, 255, 161, 74, 234, 226, 57, 0, 0, 133, 1, 0, 199, 1, 0, 30, 8, 223]
1542780368409;[171, 0, 17, 255, 161, 74, 234, 226, 57, 0, 0, 139, 1, 0, 200, 1, 0, 32, 8, 192]
1542780368413;[171, 0, 17, 255, 161, 74, 234, 226, 57, 0, 0, 135, 1, 0, 197, 1, 0, 33, 8, 196]
1542780368582;[171, 0, 17, 255, 161, 74, 234, 226, 57, 0, 0, 136, 1, 0, 199, 1, 0, 33, 8, 184]
1542780368586;[171, 0, 17, 255, 161, 74, 234, 226, 57, 0, 0, 134, 1, 0, 199, 1, 0, 34, 8, 160]
1542780368926;[171, 0, 17, 255, 161, 74, 234, 226, 57, 0, 0, 134, 1, 0, 195, 1, 0, 40, 8, 130]
1542780368930;[171, 0, 4, 255, 132, 128, 94]
1542780368934;[171, 0, 17, 255, 161, 74, 234, 226, 57, 0, 0, 132, 1, 0, 202, 1, 0, 36, 8, 68]
1542780369273;[171, 0, 17, 255, 161, 74, 234, 226, 58, 0, 0, 138, 1, 0, 198, 1, 0, 27, 8, 33]
1542780369277;[171, 0, 17, 255, 161, 74, 234, 226, 58, 0, 0, 136, 1, 0, 197, 1, 0, 33, 8, 24]
1542780369281;[171, 0, 17, 255, 161, 74, 234, 226, 58, 0, 0, 136, 1, 0, 200, 1, 0, 34, 7, 237]
1542780369285;[171, 0, 17, 255, 161, 74, 234, 226, 58, 0, 0, 135, 1, 0, 199, 1, 0, 31, 7, 200]
1542780369444;[171, 0, 17, 255, 161, 74, 234, 226, 58, 0, 0, 138, 1, 0, 198, 1, 0, 33, 7, 157]
1542780369617;[171, 0, 17, 255, 161, 74, 234, 226, 58, 0, 0, 135, 1, 0, 199, 1, 0, 31, 7, 112]
1542780369620;[171, 0, 17, 255, 161, 74, 234, 226, 58, 0, 0, 134, 1, 0, 198, 1, 0, 32, 7, 86]
1542780369790;[171, 0, 17, 255, 161, 74, 234, 226, 58, 0, 0, 134, 1, 0, 199, 1, 0, 29, 7, 78]
1542780370135;[171, 0, 17, 255, 161, 74, 234, 226, 64, 0, 0, 136, 1, 0, 203, 1, 0, 28, 6, 49]
1542780370139;[171, 0, 17, 255, 161, 74, 234, 226, 65, 0, 0, 131, 1, 0, 201, 1, 0, 37, 6, 34]
1542780370307;[171, 0, 17, 255, 161, 74, 234, 226, 65, 0, 0, 130, 1, 0, 206, 1, 0, 27, 6, 13]
1542780370311;[171, 0, 17, 255, 161, 74, 234, 226, 65, 0, 0, 129, 1, 0, 204, 1, 0, 14, 5, 215]
1542780370478;[171, 0, 17, 255, 161, 74, 234, 226, 65, 0, 0, 102, 1, 0, 224, 1, 0, 28, 5, 180]
1542780370482;[171, 0, 17, 255, 161, 74, 234, 226, 65, 0, 0, 115, 1, 0, 209, 0, 0, 1, 5, 173]
1542780370651;[171, 0, 17, 255, 161, 74, 234, 226, 65, 0, 0, 82, 1, 0, 244, 0, 0, 57, 6, 0]
1542780370824;[171, 0, 17, 255, 161, 74, 234, 226, 65, 0, 0, 142, 1, 0, 182, 0, 0, 24, 6, 167]
1542780370827;[171, 0, 17, 255, 161, 74, 234, 226, 65, 0, 0, 123, 1, 0, 187, 0, 0, 14, 6, 247]
1542780370996;[171, 0, 17, 255, 161, 74, 234, 226, 65, 0, 0, 112, 1, 0, 227, 0, 0, 9, 6, 196]
1542780371002;[171, 0, 4, 255, 132, 128, 95]
1542780371514;[171, 0, 17, 255, 161, 74, 234, 226, 65, 0, 0, 93, 1, 0, 241, 0, 0, 27, 6, 152]
1542780371518;[171, 0, 17, 255, 161, 74, 234, 226, 66, 0, 0, 121, 1, 0, 208, 0, 0, 25, 6, 150]
1542780371522;[171, 0, 17, 255, 161, 74, 234, 226, 66, 0, 0, 106, 1, 0, 220, 0, 0, 16, 6, 108]
1542780371526;[171, 0, 17, 255, 161, 74, 234, 226, 66, 0, 0, 116, 1, 0, 209, 0, 0, 40, 6, 147]
1542780371686;[171, 0, 17, 255, 161, 74, 234, 226, 66, 0, 0, 119, 1, 0, 208, 0, 0, 10, 6, 183]
1542780371690;[171, 0, 17, 255, 161, 74, 234, 226, 66, 0, 0, 154, 1, 0, 109, 1, 0, 57, 6, 186]
1542780371694;[171, 0, 17, 255, 161, 74, 234, 226, 66, 0, 0, 123, 1, 1, 61, 1, 0, 47, 7, 135]
1542780371860;[171, 0, 17, 255, 161, 74, 234, 226, 66, 0, 0, 121, 1, 0, 232, 0, 0, 1, 7, 134]
1542780372031;[171, 0, 17, 255, 161, 74, 234, 226, 66, 0, 0, 155, 1, 0, 163, 1, 0, 5, 7, 110]
1542780372035;[171, 0, 17, 255, 161, 74, 234, 226, 66, 0, 0, 123, 1, 0, 232, 1, 0, 31, 7, 176]
1542780372203;[171, 0, 4, 255, 132, 128, 95]
1542780372207;[171, 0, 17, 255, 161, 74, 234, 226, 66, 0, 0, 140, 1, 0, 190, 1, 0, 23, 7, 197]
1542780372377;[171, 0, 17, 255, 161, 74, 234, 226, 67, 0, 0, 134, 1, 0, 223, 1, 0, 23, 7, 223]
1542780372380;[171, 0, 17, 255, 161, 74, 234, 226, 67, 0, 0, 145, 1, 0, 184, 0, 0, 1, 7, 223]
1542780372722;[171, 0, 17, 255, 161, 74, 234, 226, 67, 0, 0, 126, 1, 0, 212, 0, 0, 1, 8, 22]
1542780372726;[171, 0, 17, 255, 161, 74, 234, 226, 67, 0, 0, 141, 1, 0, 201, 0, 0, 13, 7, 221]
1542780372730;[171, 0, 17, 255, 161, 74, 234, 226, 67, 0, 0, 117, 1, 0, 240, 0, 0, 16, 7, 145]
1542780372894;[171, 0, 17, 255, 161, 74, 234, 226, 67, 0, 0, 128, 1, 0, 174, 0, 0, 22, 7, 201]
1542780372898;[171, 0, 17, 255, 161, 74, 234, 226, 67, 0, 0, 121, 1, 0, 197, 1, 0, 9, 8, 24]
1542780373066;[171, 0, 17, 255, 161, 74, 234, 226, 67, 0, 0, 115, 1, 0, 224, 0, 0, 38, 8, 90]
1542780373070;[171, 0, 17, 255, 161, 74, 234, 226, 67, 0, 0, 123, 1, 0, 209, 0, 0, 29, 8, 165]
1542780373238;[171, 0, 4, 255, 132, 128, 95]
1542780373412;[171, 0, 17, 255, 161, 74, 234, 226, 67, 0, 0, 138, 1, 0, 186, 0, 0, 41, 8, 200]
1542780373416;[171, 0, 17, 255, 161, 74, 234, 226, 68, 0, 0, 117, 1, 0, 211, 0, 0, 59, 9, 8]
1542780373584;[171, 0, 17, 255, 161, 74, 234, 226, 68, 0, 0, 156, 1, 0, 202, 0, 0, 28, 9, 107]
1542780373588;[171, 0, 17, 255, 161, 74, 234, 226, 68, 0, 0, 135, 1, 0, 217, 0, 0, 43, 9, 107]
1542780373930;[171, 0, 17, 255, 161, 74, 234, 226, 68, 0, 0, 125, 1, 0, 177, 0, 0, 6, 9, 22]
1542780373934;[171, 0, 17, 255, 161, 74, 234, 226, 68, 0, 0, 135, 1, 0, 172, 0, 0, 19, 8, 245]
1542780373937;[171, 0, 17, 255, 161, 74, 234, 226, 68, 0, 0, 113, 1, 0, 247, 1, 0, 35, 9, 52]
1542780374101;[171, 0, 17, 255, 161, 74, 234, 226, 68, 0, 0, 132, 1, 0, 217, 1, 0, 20, 9, 126]
1542780374105;[171, 0, 17, 255, 161, 74, 234, 226, 68, 0, 0, 135, 1, 0, 220, 0, 0, 9, 9, 207]
1542780374274;[171, 0, 17, 255, 161, 74, 234, 226, 68, 0, 0, 145, 1, 0, 193, 1, 0, 6, 9, 232]
1542780374278;[171, 0, 4, 255, 132, 128, 94]
1542780374446;[171, 0, 17, 255, 161, 74, 234, 226, 68, 0, 0, 142, 1, 0, 201, 1, 0, 10, 9, 233]
1542780374619;[171, 0, 17, 255, 161, 74, 234, 226, 69, 0, 0, 141, 1, 0, 200, 1, 0, 12, 9, 237]
1542780374623;[171, 0, 17, 255, 161, 74, 234, 226, 69, 0, 0, 140, 1, 0, 197, 1, 0, 11, 9, 220]
1542780374791;[171, 0, 17, 255, 161, 74, 234, 226, 69, 0, 0, 139, 1, 0, 199, 1, 0, 10, 9, 201]
1542780374795;[171, 0, 17, 255, 161, 74, 234, 226, 69, 0, 0, 142, 1, 0, 199, 1, 0, 10, 9, 247]
1542780375310;[171, 0, 17, 255, 161, 74, 234, 226, 69, 0, 0, 139, 1, 0, 198, 1, 0, 11, 10, 29]
1542780375314;[171, 0, 17, 255, 161, 74, 234, 226, 69, 0, 0, 140, 1, 0, 199, 1, 0, 10, 10, 34]
1542780375318;[171, 0, 17, 255, 161, 74, 234, 226, 69, 0, 0, 140, 1, 0, 200, 1, 0, 10, 10, 32]
1542780375322;[171, 0, 17, 255, 161, 74, 234, 226, 69, 0, 0, 138, 1, 0, 199, 1, 0, 11, 10, 20]
1542780375482;[171, 0, 17, 255, 161, 74, 234, 226, 69, 0, 0, 139, 1, 0, 199, 1, 0, 11, 9, 241]
1542780375486;[171, 0, 4, 255, 132, 128, 93]
1542780375490;[171, 0, 17, 255, 161, 74, 234, 226, 69, 0, 0, 140, 1, 0, 197, 1, 0, 9, 9, 239]
1542780375653;[171, 0, 17, 255, 161, 74, 234, 226, 70, 0, 0, 143, 1, 0, 198, 1, 0, 9, 10, 23]
1542780375826;[171, 0, 17, 255, 161, 74, 234, 226, 70, 0, 0, 141, 1, 0, 199, 1, 0, 10, 10, 26]
1542780375830;[171, 0, 17, 255, 161, 74, 234, 226, 70, 0, 0, 143, 1, 0, 197, 1, 0, 11, 10, 17]
1542780375999;[171, 0, 17, 255, 161, 74, 234, 226, 70, 0, 0, 142, 1, 0, 199, 1, 0, 10, 9, 244]
1542780376003;[171, 0, 17, 255, 161, 74, 234, 226, 70, 0, 0, 138, 1, 0, 198, 1, 0, 10, 9, 221]
1542780376171;[171, 0, 17, 255, 161, 74, 234, 226, 70, 0, 0, 143, 1, 0, 198, 1, 0, 10, 9, 194]
1542780376175;[171, 0, 17, 255, 161, 74, 234, 226, 70, 0, 0, 141, 1, 0, 197, 1, 0, 12, 9, 229]
1542780376516;[171, 0, 17, 255, 161, 74, 234, 226, 70, 0, 0, 139, 1, 0, 199, 1, 0, 9, 9, 233]
1542780376520;[171, 0, 17, 255, 161, 74, 234, 226, 70, 0, 0, 140, 1, 0, 201, 1, 0, 10, 9, 192]
1542780376523;[171, 0, 4, 255, 132, 128, 92]
1542780376688;[171, 0, 17, 255, 161, 74, 234, 226, 70, 0, 0, 143, 1, 0, 197, 1, 0, 12, 9, 162]
1542780376692;[171, 0, 17, 255, 161, 74, 234, 226, 71, 0, 0, 141, 1, 0, 198, 1, 0, 12, 9, 117]
1542780376863;[171, 0, 17, 255, 161, 74, 234, 226, 71, 0, 0, 142, 1, 0, 199, 1, 0, 10, 9, 72]
1542780377033;[171, 0, 17, 255, 161, 74, 234, 226, 71, 0, 0, 141, 1, 0, 198, 1, 0, 10, 9, 86]
1542780377036;[171, 0, 17, 255, 161, 74, 234, 226, 71, 0, 0, 141, 1, 0, 199, 1, 0, 9, 9, 81]
1542780377206;[171, 0, 17, 255, 161, 74, 234, 226, 71, 0, 0, 140, 1, 0, 200, 1, 0, 10, 9, 50]
1542780377210;[171, 0, 17, 255, 161, 74, 234, 226, 71, 0, 0, 141, 1, 0, 197, 1, 0, 10, 9, 31]
1542780377379;[171, 0, 17, 255, 161, 74, 234, 226, 71, 0, 0, 140, 1, 0, 198, 1, 0, 11, 8, 250]
1542780377384;[171, 0, 17, 255, 161, 74, 234, 226, 71, 0, 0, 138, 1, 0, 200, 1, 0, 11, 8, 204]
1542780377550;[171, 0, 17, 255, 161, 74, 234, 226, 71, 0, 0, 139, 1, 0, 201, 1, 0, 10, 8, 158]
1542780377898;[171, 0, 4, 255, 132, 128, 91]
1542780377902;[171, 0, 17, 255, 161, 74, 234, 226, 71, 0, 0, 141, 1, 0, 198, 1, 0, 11, 8, 152]
1542780377906;[171, 0, 17, 255, 161, 74, 234, 226, 72, 0, 0, 138, 1, 0, 199, 1, 0, 10, 8, 137]
1542780377910;[171, 0, 17, 255, 161, 74, 234, 226, 72, 0, 0, 141, 1, 0, 200, 1, 0, 10, 8, 109]
1542780378069;[171, 0, 17, 255, 161, 74, 234, 226, 72, 0, 0, 139, 1, 0, 201, 1, 0, 12, 8, 79]
1542780378072;[171, 0, 17, 255, 161, 74, 234, 226, 72, 0, 0, 142, 1, 0, 200, 1, 0, 11, 8, 42]
1542780378241;[171, 0, 17, 255, 161, 74, 234, 226, 72, 0, 0, 138, 1, 0, 202, 1, 0, 11, 7, 251]
1542780378415;[171, 0, 17, 255, 161, 74, 234, 226, 72, 0, 0, 141, 1, 0, 199, 1, 0, 11, 7, 201]
1542780378418;[171, 0, 17, 255, 161, 74, 234, 226, 72, 0, 0, 139, 1, 0, 200, 1, 0, 8, 7, 164]
1542780378587;[171, 0, 17, 255, 161, 74, 234, 226, 72, 0, 0, 137, 1, 0, 199, 1, 0, 9, 7, 157]
1542780378590;[171, 0, 17, 255, 161, 74, 234, 226, 72, 0, 0, 138, 1, 0, 198, 1, 0, 9, 7, 133]
1542780378759;[171, 0, 4, 255, 132, 128, 91]
1542780379105;[171, 0, 17, 255, 161, 74, 234, 226, 72, 0, 0, 139, 1, 0, 199, 1, 0, 10, 7, 101]
1542780379109;[171, 0, 17, 255, 161, 74, 234, 226, 73, 0, 0, 138, 1, 0, 199, 1, 0, 10, 7, 77]
1542780379113;[171, 0, 17, 255, 161, 74, 234, 226, 73, 0, 0, 137, 1, 0, 199, 1, 0, 10, 7, 41]
1542780379117;[171, 0, 17, 255, 161, 74, 234, 226, 73, 0, 0, 138, 1, 0, 201, 1, 0, 11, 6, 251]
1542780379277;[171, 0, 17, 255, 161, 74, 234, 226, 73, 0, 0, 138, 1, 0, 199, 1, 0, 9, 6, 215]
1542780379281;[171, 0, 17, 255, 161, 74, 234, 226, 73, 0, 0, 138, 1, 0, 202, 1, 0, 9, 6, 221]
1542780379449;[171, 0, 17, 255, 161, 74, 234, 226, 73, 0, 0, 140, 1, 0, 202, 1, 0, 8, 6, 226]
1542780379622;[171, 0, 17, 255, 161, 74, 234, 226, 73, 0, 0, 139, 1, 0, 198, 1, 0, 10, 6, 208]
1542780379626;[171, 0, 17, 255, 161, 74, 234, 226, 73, 0, 0, 138, 1, 0, 198, 1, 0, 11, 6, 186]
1542780379795;[171, 0, 17, 255, 161, 74, 234, 226, 73, 0, 0, 138, 1, 0, 201, 1, 0, 10, 6, 140]
1542780379799;[171, 0, 4, 255, 132, 128, 91]
1542780379966;[171, 0, 17, 255, 161, 74, 234, 226, 73, 0, 0, 140, 1, 0, 200, 1, 0, 8, 6, 98]
1542780379970;[171, 0, 17, 255, 161, 74, 234, 226, 74, 0, 0, 138, 1, 0, 202, 1, 0, 10, 6, 88]
1542780380485;[171, 0, 17, 255, 161, 74, 234, 226, 74, 0, 0, 138, 1, 0, 199, 1, 0, 10, 6, 84]
1542780380490;[171, 0, 17, 255, 161, 74, 234, 226, 74, 0, 0, 139, 1, 0, 200, 1, 0, 9, 6, 64]
1542780380494;[171, 0, 17, 255, 161, 74, 234, 226, 74, 0, 0, 135, 1, 0, 199, 1, 0, 11, 6, 46]
1542780380498;[171, 0, 17, 255, 161, 74, 234, 226, 74, 0, 0, 140, 1, 0, 201, 1, 0, 9, 6, 31]
1542780380655;[171, 0, 17, 255, 161, 74, 234, 226, 74, 0, 0, 136, 1, 0, 199, 1, 0, 10, 5, 252]
1542780380659;[171, 0, 17, 255, 161, 74, 234, 226, 74, 0, 0, 136, 1, 0, 201, 1, 0, 9, 5, 225]
1542780380829;[171, 0, 17, 255, 161, 74, 234, 226, 74, 0, 0, 142, 1, 0, 200, 1, 0, 10, 5, 229]
1542780380833;[171, 0, 17, 255, 161, 74, 234, 226, 74, 0, 0, 135, 1, 0, 200, 1, 0, 10, 5, 240]
1542780381000;[171, 0, 4, 255, 132, 128, 91]
1542780381004;[171, 0, 17, 255, 161, 74, 234, 226, 74, 0, 0, 139, 1, 0, 201, 1, 0, 11, 5, 234]
1542780381174;[171, 0, 17, 255, 161, 74, 234, 226, 75, 0, 0, 136, 1, 0, 198, 1, 0, 10, 5, 223]
1542780381177;[171, 0, 17, 255, 161, 74, 234, 226, 75, 0, 0, 136, 1, 0, 201, 1, 0, 9, 5, 205]
1542780381346;[171, 0, 17, 255, 161, 74, 234, 226, 75, 0, 0, 139, 1, 0, 199, 1, 0, 10, 5, 185]
1542780381693;[171, 0, 17, 255, 161, 74, 234, 226, 75, 0, 0, 134, 1, 0, 205, 1, 0, 11, 5, 180]
1542780381697;[171, 0, 17, 255, 161, 74, 234, 226, 75, 0, 0, 140, 1, 0, 203, 1, 0, 7, 5, 204]
1542780381701;[171, 0, 17, 255, 161, 74, 234, 226, 75, 0, 0, 133, 1, 0, 213, 1, 0, 8, 6, 3]
1542780381705;[171, 0, 17, 255, 161, 74, 234, 226, 75, 0, 0, 138, 1, 0, 197, 1, 0, 14, 5, 233]
1542780381947;[171, 0, 17, 255, 161, 74, 234, 226, 75, 0, 0, 134, 1, 0, 207, 1, 0, 13, 5, 162]
1542780381948;[171, 0, 17, 255, 161, 74, 234, 226, 75, 0, 0, 126, 1, 0, 208, 1, 0, 15, 5, 103]
1542780382036;[171, 0, 4, 255, 132, 128, 90]
1542780382209;[171, 0, 17, 255, 161, 74, 234, 226, 75, 0, 0, 119, 1, 0, 221, 1, 0, 10, 5, 55]
1542780382212;[171, 0, 17, 255, 161, 74, 234, 226, 76, 0, 0, 104, 1, 0, 227, 0, 0, 78, 5, 36]
1542780382382;[171, 0, 17, 255, 161, 74, 234, 226, 76, 0, 0, 136, 1, 0, 194, 1, 0, 2, 5, 129]
1542780382387;[171, 0, 17, 255, 161, 74, 234, 226, 76, 0, 0, 123, 1, 0, 206, 0, 0, 18, 5, 250]
1542780382551;[171, 0, 17, 255, 161, 74, 234, 226, 76, 0, 0, 105, 1, 0, 210, 0, 0, 14, 6, 47]
1542780382900;[171, 0, 17, 255, 161, 74, 234, 226, 76, 0, 0, 126, 1, 0, 204, 0, 0, 61, 6, 133]
1542780382904;[171, 0, 17, 255, 161, 74, 234, 226, 76, 0, 0, 107, 1, 0, 189, 0, 0, 68, 6, 182]
1542780382908;[171, 0, 17, 255, 161, 74, 234, 226, 76, 0, 0, 113, 1, 0, 189, 0, 0, 70, 6, 145]
1542780382912;[171, 0, 17, 255, 161, 74, 234, 226, 76, 0, 0, 142, 1, 0, 202, 0, 0, 36, 6, 109]
1542780383073;[171, 0, 17, 255, 161, 74, 234, 226, 76, 0, 0, 117, 1, 0, 235, 0, 0, 4, 6, 131]
1542780383076;[171, 0, 4, 255, 132, 128, 90]
1542780383244;[171, 0, 17, 255, 161, 74, 234, 226, 76, 0, 0, 78, 1, 0, 250, 1, 0, 18, 6, 153]
1542780383416;[171, 0, 17, 255, 161, 74, 234, 226, 77, 0, 0, 131, 1, 0, 199, 0, 0, 41, 6, 141]
1542780383420;[171, 0, 17, 255, 161, 74, 234, 226, 77, 0, 0, 127, 1, 0, 205, 0, 0, 62, 6, 146]
1542780383590;[171, 0, 17, 255, 161, 74, 234, 226, 77, 0, 0, 124, 1, 0, 212, 1, 0, 9, 6, 106]
1542780383593;[171, 0, 17, 255, 161, 74, 234, 226, 77, 0, 0, 135, 1, 0, 186, 0, 0, 99, 6, 131]
1542780383760;[171, 0, 17, 255, 161, 74, 234, 226, 77, 0, 0, 135, 1, 0, 208, 0, 0, 37, 6, 201]
1542780383934;[171, 0, 17, 255, 161, 74, 234, 226, 77, 0, 0, 91, 1, 0, 233, 1, 0, 38, 6, 255]
1542780383938;[171, 0, 17, 255, 161, 74, 234, 226, 77, 0, 0, 216, 1, 0, 154, 0, 0, 55, 7, 45]
1542780384280;[171, 0, 17, 255, 161, 74, 234, 226, 77, 0, 0, 163, 1, 0, 195, 0, 0, 95, 7, 73]
1542780384284;[171, 0, 17, 255, 161, 74, 234, 226, 77, 0, 0, 114, 1, 0, 205, 1, 0, 49, 7, 109]
1542780384287;[171, 0, 4, 255, 132, 128, 89]
1542780384291;[171, 0, 17, 255, 161, 74, 234, 226, 77, 0, 0, 159, 1, 0, 193, 0, 0, 66, 7, 136]
1542780384452;[171, 0, 17, 255, 161, 74, 234, 226, 78, 0, 0, 148, 1, 0, 204, 0, 0, 71, 7, 229]
1542780384624;[171, 0, 17, 255, 161, 74, 234, 226, 78, 0, 0, 112, 1, 0, 212, 1, 0, 40, 8, 56]
1542780384627;[171, 0, 17, 255, 161, 74, 234, 226, 78, 0, 0, 143, 1, 0, 204, 0, 0, 32, 8, 137]
1542780384797;[171, 0, 17, 255, 161, 74, 234, 226, 78, 0, 0, 124, 1, 0, 206, 0, 0, 79, 8, 199]
1542780384801;[171, 0, 17, 255, 161, 74, 234, 226, 78, 0, 0, 119, 1, 0, 203, 1, 0, 10, 8, 209]
1542780384970;[171, 0, 17, 255, 161, 74, 234, 226, 78, 0, 0, 141, 1, 0, 202, 0, 0, 4, 9, 0]
1542780384974;[171, 0, 17, 255, 161, 74, 234, 226, 78, 0, 0, 137, 1, 0, 191, 0, 0, 85, 9, 79]
1542780385141;[171, 0, 17, 255, 161, 74, 234, 226, 78, 0, 0, 128, 1, 0, 213, 0, 0, 18, 9, 141]
1542780385487;[171, 0, 17, 255, 161, 74, 234, 226, 78, 0, 0, 131, 1, 0, 198, 1, 0, 25, 9, 201]
1542780385491;[171, 0, 4, 255, 132, 128, 89]
1542780385495;[171, 0, 17, 255, 161, 74, 234, 226, 78, 0, 0, 139, 1, 0, 196, 0, 0, 60, 10, 6]
1542780385499;[171, 0, 17, 255, 161, 74, 234, 226, 79, 0, 0, 130, 1, 0, 214, 0, 0, 42, 10, 53]
1542780385657;[171, 0, 17, 255, 161, 74, 234, 226, 79, 0, 0, 119, 1, 0, 216, 1, 0, 11, 10, 65]
1542780385831;[171, 0, 17, 255, 161, 74, 234, 226, 79, 0, 0, 140, 1, 0, 207, 0, 0, 29, 10, 133]
1542780385835;[171, 0, 17, 255, 161, 74, 234, 226, 79, 0, 0, 127, 1, 0, 201, 0, 0, 78, 10, 244]
1542780386004;[171, 0, 17, 255, 161, 74, 234, 226, 79, 0, 0, 128, 1, 0, 201, 0, 0, 11, 11, 33]
1542780386007;[171, 0, 17, 255, 161, 74, 234, 226, 79, 0, 0, 124, 1, 0, 206, 1, 0, 26, 11, 58]
1542780386176;[171, 0, 17, 255, 161, 74, 234, 226, 79, 0, 0, 129, 1, 0, 205, 0, 0, 41, 11, 119]
1542780386179;[171, 0, 17, 255, 161, 74, 234, 226, 79, 0, 0, 124, 1, 0, 211, 0, 0, 40, 11, 147]
1542780386349;[171, 0, 17, 255, 161, 74, 234, 226, 79, 0, 0, 133, 1, 0, 200, 0, 0, 11, 11, 163]
1542780386521;[171, 0, 4, 255, 132, 128, 89]
1542780386525;[171, 0, 17, 255, 161, 74, 234, 226, 79, 0, 0, 136, 1, 0, 199, 0, 0, 28, 11, 224]
1542780386868;[171, 0, 17, 255, 161, 74, 234, 226, 80, 0, 0, 135, 1, 0, 204, 0, 0, 16, 12, 24]
1542780386872;[171, 0, 17, 255, 161, 74, 234, 226, 80, 0, 0, 137, 1, 0, 203, 0, 0, 11, 12, 63]
1542780386876;[171, 0, 17, 255, 161, 74, 234, 226, 80, 0, 0, 135, 1, 0, 204, 0, 0, 9, 12, 95]
1542780386880;[171, 0, 17, 255, 161, 74, 234, 226, 80, 0, 0, 140, 1, 0, 198, 0, 0, 3, 12, 134]
1542780387039;[171, 0, 17, 255, 161, 74, 234, 226, 80, 0, 0, 141, 1, 0, 200, 0, 0, 6, 12, 155]
1542780387213;[171, 0, 17, 255, 161, 74, 234, 226, 80, 0, 0, 144, 1, 0, 195, 0, 0, 1, 12, 199]
1542780387217;[171, 0, 17, 255, 161, 74, 234, 226, 80, 0, 0, 139, 1, 0, 201, 0, 0, 7, 13, 18]
1542780387384;[171, 0, 17, 255, 161, 74, 234, 226, 80, 0, 0, 143, 1, 0, 194, 0, 0, 7, 13, 67]
1542780387388;[171, 0, 17, 255, 161, 74, 234, 226, 80, 0, 0, 141, 1, 0, 195, 0, 0, 8, 13, 97]
1542780387556;[171, 0, 4, 255, 132, 128, 88]
1542780387728;[171, 0, 17, 255, 161, 74, 234, 226, 80, 0, 0, 141, 1, 0, 195, 0, 0, 6, 13, 124]
1542780387731;[171, 0, 17, 255, 161, 74, 234, 226, 81, 0, 0, 138, 1, 0, 204, 0, 0, 6, 13, 150]
1542780388074;[171, 0, 17, 255, 161, 74, 234, 226, 81, 0, 0, 140, 1, 0, 200, 0, 0, 9, 13, 164]
1542780388078;[171, 0, 17, 255, 161, 74, 234, 226, 81, 0, 0, 141, 1, 0, 197, 0, 0, 6, 13, 211]
1542780388082;[171, 0, 17, 255, 161, 74, 234, 226, 81, 0, 0, 152, 1, 0, 185, 1, 0, 3, 13, 238]
1542780388086;[171, 0, 17, 255, 161, 74, 234, 226, 81, 0, 0, 152, 1, 0, 203, 1, 0, 5, 13, 251]
1542780388246;[171, 0, 17, 255, 161, 74, 234, 226, 81, 0, 0, 138, 1, 0, 228, 1, 0, 28, 14, 13]
1542780388419;[171, 0, 17, 255, 161, 74, 234, 226, 81, 0, 0, 164, 1, 0, 152, 1, 0, 26, 14, 30]
1542780388423;[171, 0, 17, 255, 161, 74, 234, 226, 81, 0, 0, 149, 1, 0, 220, 1, 0, 22, 14, 50]
1542780388591;[171, 0, 17, 255, 161, 74, 234, 226, 81, 0, 0, 155, 1, 0, 182, 1, 0, 11, 13, 108]
1542780388595;[171, 0, 4, 255, 132, 128, 89]
1542780388764;[171, 0, 17, 255, 161, 74, 234, 226, 81, 0, 0, 153, 1, 0, 211, 1, 0, 7, 12, 193]
1542780388768;[171, 0, 17, 255, 161, 74, 234, 226, 82, 0, 0, 163, 1, 0, 178, 0, 0, 7, 11, 255]
1542780388936;[171, 0, 17, 255, 161, 74, 234, 226, 82, 0, 0, 161, 1, 0, 185, 1, 0, 3, 11, 122]
1542780389454;[171, 0, 17, 255, 161, 74, 234, 226, 82, 0, 0, 162, 1, 0, 183, 1, 0, 2, 10, 252]
1542780389458;[171, 0, 17, 255, 161, 74, 234, 226, 82, 0, 0, 160, 1, 0, 182, 1, 0, 9, 10, 137]
1542780389462;[171, 0, 17, 255, 161, 74, 234, 226, 82, 0, 0, 160, 1, 0, 181, 1, 0, 6, 10, 26]
1542780389466;[171, 0, 17, 255, 161, 74, 234, 226, 82, 0, 0, 159, 1, 0, 184, 1, 0, 3, 9, 213]
1542780389627;[171, 0, 17, 255, 161, 74, 234, 226, 82, 0, 0, 161, 1, 0, 182, 1, 0, 4, 9, 117]
1542780389631;[171, 0, 17, 255, 161, 74, 234, 226, 82, 0, 0, 160, 1, 0, 182, 1, 0, 6, 9, 41]
1542780389635;[171, 0, 17, 255, 161, 74, 234, 226, 82, 0, 0, 156, 1, 0, 186, 1, 0, 4, 8, 225]
1542780389798;[171, 0, 4, 255, 132, 128, 89]
1542780389802;[171, 0, 17, 255, 161, 74, 234, 226, 82, 0, 0, 158, 1, 0, 187, 1, 0, 7, 8, 150]
1542780389970;[171, 0, 17, 255, 161, 74, 234, 226, 83, 0, 0, 160, 1, 0, 185, 1, 0, 12, 8, 89]
1542780389974;[171, 0, 17, 255, 161, 74, 234, 226, 83, 0, 0, 159, 1, 0, 185, 1, 0, 6, 8, 32]
1542780390144;[171, 0, 17, 255, 161, 74, 234, 226, 83, 0, 0, 157, 1, 0, 186, 1, 0, 4, 7, 224]
1542780390316;[171, 0, 17, 255, 161, 74, 234, 226, 83, 0, 0, 157, 1, 0, 185, 1, 0, 2, 7, 166]
1542780390320;[171, 0, 17, 255, 161, 74, 234, 226, 83, 0, 0, 159, 1, 0, 185, 1, 0, 2, 7, 92]
1542780390663;[171, 0, 17, 255, 161, 74, 234, 226, 83, 0, 0, 158, 1, 0, 188, 1, 0, 2, 7, 38]
1542780390667;[171, 0, 17, 255, 161, 74, 234, 226, 83, 0, 0, 156, 1, 0, 185, 1, 0, 4, 7, 7]
1542780390672;[171, 0, 17, 255, 161, 74, 234, 226, 83, 0, 0, 156, 1, 0, 187, 1, 0, 3, 6, 216]
1542780390676;[171, 0, 17, 255, 161, 74, 234, 226, 83, 0, 0, 158, 1, 0, 183, 1, 0, 3, 6, 164]
1542780390833;[171, 0, 4, 255, 132, 128, 90]
1542780391006;[171, 0, 17, 255, 161, 74, 234, 226, 83, 0, 0, 155, 1, 0, 186, 1, 0, 2, 6, 113]
1542780391010;[171, 0, 17, 255, 161, 74, 234, 226, 84, 0, 0, 156, 1, 0, 185, 1, 0, 3, 6, 59]
1542780391179;[171, 0, 17, 255, 161, 74, 234, 226, 84, 0, 0, 156, 1, 0, 190, 1, 0, 4, 6, 22]
1542780391182;[171, 0, 17, 255, 161, 74, 234, 226, 84, 0, 0, 155, 1, 0, 186, 1, 0, 2, 5, 250]
1542780391351;[171, 0, 17, 255, 161, 74, 234, 226, 84, 0, 0, 153, 1, 0, 188, 1, 0, 2, 5, 209]
1542780391524;[171, 0, 17, 255, 161, 74, 234, 226, 84, 0, 0, 153, 1, 0, 188, 1, 0, 1, 5, 172]
1542780391528;[171, 0, 17, 255, 161, 74, 234, 226, 84, 0, 0, 156, 1, 0, 187, 1, 0, 2, 5, 133]
1542780391869;[171, 0, 17, 255, 161, 74, 234, 226, 84, 0, 0, 153, 1, 0, 187, 1, 0, 3, 5, 96]
1542780391873;[171, 0, 17, 255, 161, 74, 234, 226, 84, 0, 0, 155, 1, 0, 190, 1, 0, 4, 5, 52]
1542780391877;[171, 0, 17, 255, 161, 74, 234, 226, 86, 0, 0, 141, 1, 0, 197, 0, 0, 16, 2, 109]
1542780392214;[171, 0, 17, 255, 161, 74, 234, 226, 87, 0, 0, 142, 1, 0, 198, 0, 0, 12, 2, 80]
1542780392218;[171, 0, 17, 255, 161, 74, 234, 226, 87, 0, 0, 144, 1, 0, 198, 0, 0, 11, 2, 51]
1542780392386;[171, 0, 17, 255, 161, 74, 234, 226, 87, 0, 0, 136, 1, 0, 201, 0, 0, 13, 2, 22]
1542780392390;[171, 0, 17, 255, 161, 74, 234, 226, 87, 0, 0, 139, 1, 0, 200, 0, 0, 7, 1, 249]
1542780392559;[171, 0, 17, 255, 161, 74, 234, 226, 87, 0, 0, 135, 1, 0, 200, 0, 0, 10, 1, 248]
1542780392731;[171, 0, 17, 255, 161, 74, 234, 226, 87, 0, 0, 139, 1, 0, 197, 0, 0, 12, 2, 34]
1542780392735;[171, 0, 17, 255, 161, 74, 234, 226, 87, 0, 0, 139, 1, 0, 201, 0, 0, 14, 2, 57]
1542780393249;[171, 0, 17, 255, 161, 74, 234, 226, 87, 0, 0, 136, 1, 0, 201, 0, 0, 6, 2, 70]
1542780393260;[171, 0, 17, 255, 161, 74, 234, 226, 87, 0, 0, 137, 1, 0, 197, 0, 0, 13, 2, 103]
1542780393262;[171, 0, 4, 255, 132, 128, 90]
1542780393264;[171, 0, 17, 255, 161, 74, 234, 226, 87, 0, 0, 139, 1, 0, 201, 0, 0, 10, 2, 118]
1542780393420;[171, 0, 17, 255, 161, 74, 234, 226, 88, 0, 0, 137, 1, 0, 199, 0, 0, 10, 2, 183]
1542780393423;[171, 0, 17, 255, 161, 74, 234, 226, 88, 0, 0, 135, 1, 0, 203, 0, 0, 8, 3, 25]
1542780393426;[171, 0, 17, 255, 161, 74, 234, 226, 88, 0, 0, 136, 1, 0, 202, 0, 0, 8, 3, 102]
1542780393594;[171, 0, 17, 255, 161, 74, 234, 226, 88, 0, 0, 135, 1, 0, 203, 0, 0, 9, 3, 166]
1542780393598;[171, 0, 17, 255, 161, 74, 234, 226, 88, 0, 0, 140, 1, 0, 199, 0, 0, 10, 3, 219]
1542780393766;[171, 0, 17, 255, 161, 74, 234, 226, 88, 0, 0, 134, 1, 0, 202, 0, 0, 10, 4, 5]
1542780393770;[171, 0, 17, 255, 161, 74, 234, 226, 88, 0, 0, 135, 1, 0, 207, 0, 0, 9, 4, 83]
1542780393938;[171, 0, 17, 255, 161, 74, 234, 226, 88, 0, 0, 138, 1, 0, 208, 0, 0, 5, 4, 210]
1542780394112;[171, 0, 17, 255, 161, 74, 234, 226, 88, 0, 0, 138, 1, 0, 201, 0, 0, 8, 5, 35]
1542780394115;[171, 0, 4, 255, 132, 128, 89]
1542780394458;[171, 0, 17, 255, 161, 74, 234, 226, 88, 0, 0, 137, 1, 0, 202, 0, 0, 10, 5, 100]
1542780394462;[171, 0, 17, 255, 161, 74, 234, 226, 89, 0, 0, 136, 1, 0, 203, 0, 0, 7, 5, 156]
1542780394466;[171, 0, 17, 255, 161, 74, 234, 226, 89, 0, 0, 139, 1, 0, 200, 0, 0, 10, 5, 201]
1542780394629;[171, 0, 17, 255, 161, 74, 234, 226, 89, 0, 0, 140, 1, 0, 201, 0, 0, 11, 6, 24]
1542780394633;[171, 0, 17, 255, 161, 74, 234, 226, 89, 0, 0, 137, 1, 0, 200, 0, 0, 11, 6, 139]
1542780394802;[171, 0, 17, 255, 161, 74, 234, 226, 89, 0, 0, 137, 1, 0, 202, 0, 0, 9, 6, 225]
1542780394805;[171, 0, 17, 255, 161, 74, 234, 226, 89, 0, 0, 138, 1, 0, 201, 0, 0, 8, 7, 27]
1542780394974;[171, 0, 17, 255, 161, 74, 234, 226, 89, 0, 0, 134, 1, 0, 199, 0, 0, 10, 7, 89]
1542780394978;[171, 0, 17, 255, 161, 74, 234, 226, 89, 0, 0, 138, 1, 0, 198, 0, 0, 9, 7, 125]
1542780395146;[171, 0, 17, 255, 161, 74, 234, 226, 89, 0, 0, 139, 1, 0, 202, 0, 0, 11, 7, 208]
1542780395318;[171, 0, 4, 255, 132, 128, 92]
1542780395322;[171, 0, 17, 255, 161, 74, 234, 226, 89, 0, 0, 138, 1, 0, 202, 0, 0, 12, 8, 60]
1542780395837;[171, 0, 17, 255, 161, 74, 234, 226, 90, 0, 0, 137, 1, 0, 198, 0, 0, 11, 8, 128]
1542780395841;[171, 0, 17, 255, 161, 74, 234, 226, 90, 0, 0, 142, 1, 0, 202, 0, 0, 12, 8, 180]
1542780395845;[171, 0, 17, 255, 161, 74, 234, 226, 90, 0, 0, 141, 1, 0, 202, 0, 0, 12, 8, 229]
1542780395849;[171, 0, 17, 255, 161, 74, 234, 226, 90, 0, 0, 139, 1, 0, 204, 0, 0, 12, 9, 12]
1542780396010;[171, 0, 17, 255, 161, 74, 234, 226, 90, 0, 0, 141, 1, 0, 198, 0, 0, 9, 9, 49]
1542780396015;[171, 0, 17, 255, 161, 74, 234, 226, 90, 0, 0, 137, 1, 0, 199, 0, 0, 19, 9, 150]
1542780396020;[171, 0, 17, 255, 161, 74, 234, 226, 90, 0, 0, 139, 1, 0, 199, 0, 0, 14, 9, 225]
1542780396182;[171, 0, 17, 255, 161, 74, 234, 226, 90, 0, 0, 137, 1, 0, 207, 0, 0, 17, 10, 16]
1542780396186;[171, 0, 17, 255, 161, 74, 234, 226, 90, 0, 0, 140, 1, 0, 196, 0, 0, 16, 10, 63]
1542780396354;[171, 0, 4, 255, 132, 128, 91]
1542780396526;[171, 0, 17, 255, 161, 74, 234, 226, 90, 0, 0, 139, 1, 0, 197, 0, 0, 12, 10, 102]
1542780396530;[171, 0, 17, 255, 161, 74, 234, 226, 91, 0, 0, 138, 1, 0, 204, 0, 0, 17, 10, 139]
1542780396699;[171, 0, 17, 255, 161, 74, 234, 226, 91, 0, 0, 143, 1, 0, 198, 0, 0, 18, 10, 217]
1542780396703;[171, 0, 17, 255, 161, 74, 234, 226, 91, 0, 0, 138, 1, 0, 199, 0, 0, 22, 11, 32]
1542780397045;[171, 0, 17, 255, 161, 74, 234, 226, 91, 0, 0, 142, 1, 0, 200, 0, 0, 28, 11, 86]
1542780397049;[171, 0, 17, 255, 161, 74, 234, 226, 91, 0, 0, 145, 1, 0, 200, 0, 0, 22, 11, 127]
1542780397053;[171, 0, 17, 255, 161, 74, 234, 226, 91, 0, 0, 136, 1, 0, 205, 0, 0, 15, 11, 166]
1542780397216;[171, 0, 17, 255, 161, 74, 234, 226, 91, 0, 0, 144, 1, 0, 199, 0, 0, 13, 11, 195]
1542780397220;[171, 0, 17, 255, 161, 74, 234, 226, 91, 0, 0, 141, 1, 0, 205, 0, 0, 22, 12, 26]
1542780397390;[171, 0, 17, 255, 161, 74, 234, 226, 91, 0, 0, 149, 1, 0, 194, 0, 0, 22, 12, 89]
1542780397394;[171, 0, 4, 255, 132, 128, 92]
1542780397561;[171, 0, 17, 255, 161, 74, 234, 226, 91, 0, 0, 139, 1, 0, 197, 0, 0, 24, 12, 143]
1542780397734;[171, 0, 17, 255, 161, 74, 234, 226, 92, 0, 0, 143, 1, 0, 199, 0, 0, 23, 12, 181]
1542780397738;[171, 0, 17, 255, 161, 74, 234, 226, 92, 0, 0, 142, 1, 0, 199, 0, 0, 19, 12, 210]
1542780397907;[171, 0, 17, 255, 161, 74, 234, 226, 92, 0, 0, 138, 1, 0, 200, 0, 0, 13, 12, 238]
1542780397911;[171, 0, 17, 255, 161, 74, 234, 226, 92, 0, 0, 142, 1, 0, 198, 0, 0, 17, 13, 57]
1542780398252;[171, 0, 17, 255, 161, 74, 234, 226, 92, 0, 0, 142, 1, 0, 196, 0, 0, 16, 13, 111]
1542780398256;[171, 0, 17, 255, 161, 74, 234, 226, 92, 0, 0, 142, 1, 0, 197, 0, 0, 16, 13, 144]
1542780398259;[171, 0, 17, 255, 161, 74, 234, 226, 92, 0, 0, 141, 1, 0, 198, 0, 0, 13, 13, 177]
1542780398424;[171, 0, 17, 255, 161, 74, 234, 226, 92, 0, 0, 140, 1, 0, 202, 0, 0, 13, 13, 194]
1542780398428;[171, 0, 17, 255, 161, 74, 234, 226, 92, 0, 0, 141, 1, 0, 199, 0, 0, 13, 13, 235]
1542780398598;[171, 0, 4, 255, 132, 128, 93]
1542780398602;[171, 0, 17, 255, 161, 74, 234, 226, 92, 0, 0, 142, 1, 0, 200, 0, 0, 16, 14, 36]
1542780398766;[171, 0, 17, 255, 161, 74, 234, 226, 93, 0, 0, 143, 1, 0, 198, 0, 0, 13, 14, 77]
1542780398770;[171, 0, 17, 255, 161, 74, 234, 226, 93, 0, 0, 145, 1, 0, 196, 0, 0, 15, 14, 97]
1542780398940;[171, 0, 17, 255, 161, 74, 234, 226, 93, 0, 0, 141, 1, 0, 199, 0, 0, 17, 14, 117]
1542780399114;[171, 0, 17, 255, 161, 74, 234, 226, 93, 0, 0, 144, 1, 0, 198, 0, 0, 12, 14, 133]
1542780399118;[171, 0, 17, 255, 161, 74, 234, 226, 93, 0, 0, 141, 1, 0, 197, 0, 0, 9, 14, 168]
1542780399286;[171, 0, 17, 255, 161, 74, 234, 226, 93, 0, 0, 138, 1, 0, 197, 0, 0, 10, 14, 198]
1542780399290;[171, 0, 17, 255, 161, 74, 234, 226, 93, 0, 0, 139, 1, 0, 198, 0, 0, 10, 14, 198]
1542780399632;[171, 0, 17, 255, 161, 74, 234, 226, 93, 0, 0, 140, 1, 0, 196, 0, 0, 11, 14, 218]
1542780399636;[171, 0, 17, 255, 161, 74, 234, 226, 93, 0, 0, 141, 1, 0, 199, 0, 0, 8, 14, 223]
1542780399639;[171, 0, 4, 255, 132, 128, 94]
1542780399803;[171, 0, 17, 255, 161, 74, 234, 226, 93, 0, 0, 141, 1, 0, 200, 0, 0, 8, 14, 221]
1542780399807;[171, 0, 17, 255, 161, 74, 234, 226, 94, 0, 0, 140, 1, 0, 199, 0, 0, 8, 14, 250]
1542780399976;[171, 0, 17, 255, 161, 74, 234, 226, 94, 0, 0, 141, 1, 0, 200, 0, 0, 10, 15, 12]
1542780399980;[171, 0, 17, 255, 161, 74, 234, 226, 94, 0, 0, 141, 1, 0, 196, 0, 0, 10, 15, 21]
1542780400149;[171, 0, 17, 255, 161, 74, 234, 226, 94, 0, 0, 145, 1, 0, 199, 0, 0, 9, 15, 22]
1542780400321;[171, 0, 17, 255, 161, 74, 234, 226, 94, 0, 0, 141, 1, 0, 197, 0, 0, 10, 15, 26]
1542780400325;[171, 0, 17, 255, 161, 74, 234, 226, 94, 0, 0, 140, 1, 0, 199, 0, 0, 8, 15, 26]
1542780400493;[171, 0, 17, 255, 161, 74, 234, 226, 94, 0, 0, 142, 1, 0, 200, 0, 0, 9, 15, 50]
1542780400497;[171, 0, 17, 255, 161, 74, 234, 226, 94, 0, 0, 139, 1, 0, 202, 0, 0, 8, 31, 68]
1542780400839;[171, 0, 17, 255, 161, 74, 234, 226, 94, 0, 0, 142, 1, 0, 199, 0, 0, 7, 7, 207]
1542780400843;[171, 0, 4, 255, 132, 128, 95]
1542780400846;[171, 0, 17, 255, 161, 74, 234, 226, 94, 0, 0, 142, 1, 0, 196, 0, 0, 10, 7, 206]
1542780401011;[171, 0, 17, 255, 161, 74, 234, 226, 95, 0, 0, 141, 1, 0, 199, 0, 0, 11, 7, 211]
1542780401015;[171, 0, 17, 255, 161, 74, 234, 226, 95, 0, 0, 142, 1, 0, 197, 0, 0, 8, 7, 206]
1542780401184;[171, 0, 17, 255, 161, 74, 234, 226, 95, 0, 0, 144, 1, 0, 197, 0, 0, 9, 7, 232]
1542780401188;[171, 0, 17, 255, 161, 74, 234, 226, 95, 0, 0, 141, 1, 0, 198, 0, 0, 9, 7, 234]
1542780401356;[171, 0, 17, 255, 161, 74, 234, 226, 95, 0, 0, 142, 1, 0, 197, 0, 0, 9, 7, 243]
1542780401529;[171, 0, 17, 255, 161, 74, 234, 226, 95, 0, 0, 141, 1, 0, 199, 0, 0, 11, 7, 250]
1542780401533;[171, 0, 17, 255, 161, 74, 234, 226, 95, 0, 0, 143, 1, 0, 199, 0, 0, 12, 7, 248]
1542780401723;[171, 0, 17, 255, 161, 74, 234, 226, 95, 0, 0, 142, 1, 0, 200, 0, 0, 11, 7, 255]
1542780401724;[171, 0, 17, 255, 161, 74, 234, 226, 95, 0, 0, 139, 1, 0, 203, 0, 0, 13, 8, 17]
1542780401874;[171, 0, 4, 255, 132, 128, 96]
1542780401878;[171, 0, 17, 255, 161, 74, 234, 226, 95, 0, 0, 141, 1, 0, 200, 0, 0, 10, 8, 24]
1542780402219;[171, 0, 17, 255, 161, 74, 234, 226, 96, 0, 0, 142, 1, 0, 197, 0, 0, 8, 8, 30]
1542780402223;[171, 0, 17, 255, 161, 74, 234, 226, 96, 0, 0, 143, 1, 0, 198, 0, 0, 13, 8, 38]
1542780402227;[171, 0, 17, 255, 161, 74, 234, 226, 96, 0, 0, 145, 1, 0, 195, 0, 0, 13, 8, 48]
1542780402392;[171, 0, 17, 255, 161, 74, 234, 226, 96, 0, 0, 142, 1, 0, 196, 0, 0, 13, 8, 53]
1542780402395;[171, 0, 17, 255, 161, 74, 234, 226, 96, 0, 0, 140, 1, 0, 201, 0, 0, 11, 8, 63]
1542780402564;[171, 0, 17, 255, 161, 74, 234, 226, 96, 0, 0, 149, 1, 0, 187, 0, 0, 9, 8, 74]
1542780402567;[171, 0, 17, 255, 161, 74, 234, 226, 96, 0, 0, 151, 1, 0, 181, 0, 0, 12, 8, 73]
1542780402736;[171, 0, 17, 255, 161, 74, 234, 226, 96, 0, 0, 144, 1, 0, 206, 0, 0, 10, 8, 78]
1542780402909;[171, 0, 17, 255, 161, 74, 234, 226, 96, 0, 0, 143, 1, 0, 197, 0, 0, 1, 8, 79]
1542780402913;[171, 0, 4, 255, 132, 128, 96]
1542780403081;[171, 0, 17, 255, 161, 74, 234, 226, 96, 0, 0, 169, 1, 0, 160, 0, 0, 1, 8, 80]
1542780403085;[171, 0, 17, 255, 161, 74, 234, 226, 97, 0, 0, 165, 1, 0, 160, 0, 0, 4, 8, 105]
1542780403426;[171, 0, 17, 255, 161, 74, 234, 226, 97, 0, 0, 160, 1, 0, 188, 1, 0, 2, 8, 10]
1542780403430;[171, 0, 17, 255, 161, 74, 234, 226, 97, 0, 0, 155, 1, 0, 216, 0, 0, 15, 6, 206]
1542780403434;[171, 0, 17, 255, 161, 74, 234, 226, 97, 0, 0, 167, 1, 0, 173, 0, 0, 29, 5, 112]
1542780403599;[171, 0, 17, 255, 161, 74, 234, 226, 97, 0, 0, 167, 1, 0, 181, 0, 0, 11, 4, 113]
1542780403603;[171, 0, 17, 255, 161, 74, 234, 226, 97, 0, 0, 163, 1, 0, 177, 0, 0, 8, 3, 171]
1542780403772;[171, 0, 17, 255, 161, 74, 234, 226, 97, 0, 0, 164, 1, 0, 191, 0, 0, 9, 3, 22]
1542780403775;[171, 0, 17, 255, 161, 74, 234, 226, 97, 0, 0, 166, 1, 0, 214, 0, 0, 11, 3, 22]
1542780403943;[171, 0, 17, 255, 161, 74, 234, 226, 97, 0, 0, 167, 1, 0, 167, 0, 0, 11, 1, 237]
1542780404116;[171, 0, 4, 255, 132, 128, 97]
1542780404120;[171, 0, 17, 255, 161, 74, 234, 226, 97, 0, 0, 157, 1, 0, 201, 0, 0, 9, 16, 100]
1542780404292;[171, 0, 17, 255, 161, 74, 234, 226, 98, 0, 0, 124, 1, 0, 225, 1, 0, 14, 6, 154]
1542780404295;[171, 0, 17, 255, 161, 74, 234, 226, 98, 0, 0, 146, 1, 0, 162, 1, 0, 17, 6, 52]
1542780404808;[171, 0, 17, 255, 161, 74, 234, 226, 98, 0, 0, 132, 1, 0, 212, 0, 0, 54, 6, 79]
1542780404812;[171, 0, 17, 255, 161, 74, 234, 226, 98, 0, 0, 125, 1, 0, 199, 0, 0, 24, 6, 157]
1542780404816;[171, 0, 17, 255, 161, 74, 234, 226, 98, 0, 0, 133, 1, 0, 211, 0, 0, 54, 7, 55]
1542780404820;[171, 0, 17, 255, 161, 74, 234, 226, 98, 0, 0, 173, 1, 0, 138, 1, 0, 39, 6, 245]
1542780404979;[171, 0, 17, 255, 161, 74, 234, 226, 98, 1, 1, 68, 1, 0, 204, 1, 0, 68, 4, 198]
1542780404983;[171, 0, 17, 255, 161, 74, 234, 226, 98, 1, 0, 235, 1, 0, 246, 0, 2, 22, 4, 24]
1542780404987;[171, 0, 17, 255, 161, 74, 234, 226, 98, 0, 0, 63, 1, 0, 221, 1, 0, 6, 3, 215]
1542780405151;[171, 0, 4, 255, 132, 128, 98]
1542780405324;[171, 0, 17, 255, 161, 74, 234, 226, 98, 0, 0, 16, 1, 0, 201, 0, 0, 39, 3, 92]
1542780405328;[171, 0, 17, 255, 161, 74, 234, 226, 99, 1, 0, 34, 1, 1, 26, 0, 0, 10, 3, 57]
1542780405497;[171, 0, 17, 255, 161, 74, 234, 226, 99, 0, 0, 51, 1, 0, 223, 0, 0, 42, 3, 54]
1542780405501;[171, 0, 17, 255, 161, 74, 234, 226, 99, 0, 0, 62, 1, 0, 216, 0, 0, 32, 3, 41]
1542780405668;[171, 0, 17, 255, 161, 74, 234, 226, 99, 0, 0, 49, 1, 0, 242, 0, 0, 38, 3, 88]
1542780405672;[171, 0, 17, 255, 161, 74, 234, 226, 99, 0, 0, 45, 1, 0, 238, 0, 0, 78, 3, 150]
1542780406014;[171, 0, 17, 255, 161, 74, 234, 226, 99, 0, 0, 46, 1, 0, 244, 0, 0, 55, 3, 164]
1542780406018;[171, 0, 17, 255, 161, 74, 234, 226, 99, 0, 0, 53, 1, 0, 233, 0, 0, 49, 3, 159]
1542780406021;[171, 0, 17, 255, 161, 74, 234, 226, 99, 0, 0, 54, 1, 0, 235, 0, 0, 50, 3, 141]
1542780406186;[171, 0, 17, 255, 161, 74, 234, 226, 99, 0, 0, 54, 1, 0, 235, 0, 0, 49, 3, 144]
1542780406190;[171, 0, 4, 255, 132, 128, 98]
1542780406359;[171, 0, 17, 255, 161, 74, 234, 226, 99, 0, 0, 53, 1, 0, 233, 0, 0, 45, 3, 152]
1542780406531;[171, 0, 17, 255, 161, 74, 234, 226, 100, 0, 0, 50, 1, 0, 236, 0, 0, 39, 3, 196]
1542780406535;[171, 0, 17, 255, 161, 74, 234, 226, 100, 0, 0, 53, 1, 0, 234, 0, 0, 40, 3, 218]
1542780406704;[171, 0, 17, 255, 161, 74, 234, 226, 100, 0, 0, 54, 1, 0, 235, 0, 0, 40, 3, 225]
1542780406708;[171, 0, 17, 255, 161, 74, 234, 226, 100, 0, 0, 53, 1, 0, 237, 0, 0, 41, 3, 237]
1542780406877;[171, 0, 17, 255, 161, 74, 234, 226, 100, 0, 0, 52, 1, 0, 235, 0, 0, 39, 3, 248]
1542780406880;[171, 0, 17, 255, 161, 74, 234, 226, 100, 0, 0, 53, 1, 0, 237, 0, 0, 40, 3, 238]
1542780407222;[171, 0, 17, 255, 161, 74, 234, 226, 100, 0, 0, 54, 1, 0, 237, 0, 0, 41, 4, 37]
1542780407226;[171, 0, 17, 255, 161, 74, 234, 226, 100, 0, 0, 57, 1, 0, 236, 0, 0, 40, 4, 76]
1542780407230;[171, 0, 17, 255, 161, 74, 234, 226, 100, 0, 0, 55, 1, 0, 233, 0, 0, 41, 4, 93]
1542780407395;[171, 0, 4, 255, 132, 128, 98]
1542780407399;[171, 0, 17, 255, 161, 74, 234, 226, 100, 0, 0, 55, 1, 0, 237, 0, 0, 40, 4, 117]
1542780407567;[171, 0, 17, 255, 161, 74, 234, 226, 101, 0, 0, 55, 1, 0, 234, 0, 0, 40, 4, 126]
1542780407571;[171, 0, 17, 255, 161, 74, 234, 226, 101, 0, 0, 54, 1, 0, 234, 0, 0, 40, 4, 134]
1542780407739;[171, 0, 17, 255, 161, 74, 234, 226, 101, 0, 0, 54, 1, 0, 235, 0, 0, 39, 4, 155]
1542780407911;[171, 0, 17, 255, 161, 74, 234, 226, 101, 0, 0, 55, 1, 0, 237, 0, 0, 38, 4, 220]
1542780407915;[171, 0, 17, 255, 161, 74, 234, 226, 101, 0, 0, 52, 1, 0, 236, 0, 0, 38, 4, 254]
1542780408084;[171, 0, 17, 255, 161, 74, 234, 226, 101, 0, 0, 53, 1, 0, 238, 0, 0, 39, 5, 21]
1542780408087;[171, 0, 17, 255, 161, 74, 234, 226, 101, 0, 0, 53, 1, 0, 236, 0, 0, 40, 5, 36]
1542780408257;[171, 0, 17, 255, 161, 74, 234, 226, 101, 0, 0, 52, 1, 0, 236, 0, 0, 38, 5, 56]
1542780408603;[171, 0, 17, 255, 161, 74, 234, 226, 101, 0, 0, 54, 1, 0, 236, 0, 0, 38, 5, 62]
1542780408607;[171, 0, 4, 255, 132, 128, 98]
1542780408612;[171, 0, 17, 255, 161, 74, 234, 226, 101, 0, 0, 54, 1, 0, 237, 0, 0, 39, 5, 142]
1542780408615;[171, 0, 17, 255, 161, 74, 234, 226, 102, 0, 0, 51, 1, 0, 236, 0, 0, 37, 5, 194]
1542780408774;[171, 0, 17, 255, 161, 74, 234, 226, 102, 0, 0, 52, 1, 0, 238, 0, 0, 38, 5, 214]
1542780408778;[171, 0, 17, 255, 161, 74, 234, 226, 102, 0, 0, 52, 1, 0, 238, 0, 0, 38, 5, 239]
1542780408946;[171, 0, 17, 255, 161, 74, 234, 226, 102, 0, 0, 54, 1, 0, 236, 0, 0, 36, 5, 255]
1542780409120;[171, 0, 17, 255, 161, 74, 234, 226, 102, 0, 0, 56, 1, 0, 236, 0, 0, 38, 6, 15]
1542780409123;[171, 0, 17, 255, 161, 74, 234, 226, 102, 0, 0, 57, 1, 0, 235, 0, 0, 34, 6, 78]
1542780409291;[171, 0, 17, 255, 161, 74, 234, 226, 102, 0, 0, 52, 1, 0, 237, 0, 0, 35, 6, 140]
1542780409295;[171, 0, 17, 255, 161, 74, 234, 226, 102, 0, 0, 51, 1, 0, 236, 0, 0, 35, 6, 165]
1542780409464;[171, 0, 17, 255, 161, 74, 234, 226, 102, 0, 0, 51, 1, 0, 237, 0, 0, 33, 6, 184]
1542780409467;[171, 0, 4, 255, 132, 128, 99]
1542780409810;[171, 0, 17, 255, 161, 74, 234, 226, 102, 0, 0, 56, 1, 0, 236, 0, 0, 35, 6, 198]
1542780409817;[171, 0, 17, 255, 161, 74, 234, 226, 103, 0, 0, 55, 1, 0, 236, 0, 0, 35, 6, 196]
1542780409821;[171, 0, 17, 255, 161, 74, 234, 226, 103, 0, 0, 54, 1, 0, 238, 0, 0, 35, 6, 205]
1542780409979;[171, 0, 17, 255, 161, 74, 234, 226, 103, 0, 0, 54, 1, 0, 237, 0, 0, 35, 7, 16]
1542780409982;[171, 0, 17, 255, 161, 74, 234, 226, 103, 0, 0, 54, 1, 0, 238, 0, 0, 32, 7, 45]
1542780410154;[171, 0, 17, 255, 161, 74, 234, 226, 103, 0, 0, 54, 1, 0, 238, 0, 0, 34, 7, 54]
1542780410326;[171, 0, 17, 255, 161, 74, 234, 226, 103, 0, 0, 54, 1, 0, 237, 0, 0, 35, 7, 58]
1542780410330;[171, 0, 17, 255, 161, 74, 234, 226, 103, 0, 0, 57, 1, 0, 238, 0, 0, 34, 7, 49]
1542780410496;[171, 0, 17, 255, 161, 74, 234, 226, 103, 0, 0, 54, 1, 0, 237, 0, 0, 32, 7, 37]
1542780410500;[171, 0, 17, 255, 161, 74, 234, 226, 103, 0, 0, 55, 1, 0, 238, 0, 0, 33, 7, 49]
1542780410671;[171, 0, 4, 255, 132, 128, 99]
1542780410675;[171, 0, 17, 255, 161, 74, 234, 226, 103, 0, 0, 56, 1, 0, 236, 0, 0, 35, 7, 88]
1542780410844;[171, 0, 17, 255, 161, 74, 234, 226, 104, 0, 0, 56, 1, 0, 238, 0, 0, 33, 7, 94]
1542780411191;[171, 0, 17, 255, 161, 74, 234, 226, 104, 0, 0, 55, 1, 0, 239, 0, 0, 34, 7, 93]
1542780411195;[171, 0, 17, 255, 161, 74, 234, 226, 104, 0, 0, 53, 1, 0, 239, 0, 0, 32, 7, 87]
1542780411199;[171, 0, 17, 255, 161, 74, 234, 226, 104, 0, 0, 54, 1, 0, 236, 0, 0, 35, 7, 67]
1542780411203;[171, 0, 17, 255, 161, 74, 234, 226, 104, 0, 0, 55, 1, 0, 235, 0, 0, 32, 7, 65]
1542780411361;[171, 0, 17, 255, 161, 74, 234, 226, 104, 0, 0, 53, 1, 0, 238, 0, 0, 34, 7, 91]
1542780411535;[171, 0, 17, 255, 161, 74, 234, 226, 104, 0, 0, 54, 1, 0, 237, 0, 0, 35, 7, 96]
1542780411539;[171, 0, 17, 255, 161, 74, 234, 226, 104, 0, 0, 53, 1, 0, 237, 0, 0, 33, 7, 89]
1542780411706;[171, 0, 17, 255, 161, 74, 234, 226, 104, 0, 0, 55, 1, 0, 237, 0, 0, 31, 7, 74]
1542780411710;[171, 0, 4, 255, 132, 128, 99]
1542780411879;[171, 0, 17, 255, 161, 74, 234, 226, 104, 0, 0, 52, 1, 0, 238, 0, 0, 32, 7, 62]
1542780411883;[171, 0, 17, 255, 161, 74, 234, 226, 105, 0, 0, 56, 1, 0, 237, 0, 0, 31, 7, 45]
1542780412398;[171, 0, 17, 255, 161, 74, 234, 226, 105, 0, 0, 55, 1, 0, 239, 0, 0, 30, 7, 68]
1542780412402;[171, 0, 17, 255, 161, 74, 234, 226, 105, 0, 0, 51, 1, 0, 240, 0, 0, 29, 7, 94]
1542780412405;[171, 0, 17, 255, 161, 74, 234, 226, 105, 0, 0, 54, 1, 0, 238, 0, 0, 26, 7, 91]
1542780412410;[171, 0, 17, 255, 161, 74, 234, 226, 105, 0, 0, 53, 1, 0, 239, 0, 0, 26, 7, 90]
1542780412569;[171, 0, 17, 255, 161, 74, 234, 226, 105, 0, 0, 54, 1, 0, 238, 0, 0, 24, 7, 76]
1542780412573;[171, 0, 17, 255, 161, 74, 234, 226, 105, 0, 0, 51, 1, 0, 238, 0, 0, 25, 7, 56]
1542780412577;[171, 0, 17, 255, 161, 74, 234, 226, 105, 0, 0, 51, 1, 0, 237, 0, 0, 24, 7, 68]
1542780412741;[171, 0, 17, 255, 161, 74, 234, 226, 105, 0, 0, 53, 1, 0, 237, 0, 0, 16, 7, 50]
1542780412914;[171, 0, 4, 255, 132, 128, 98]
1542780412917;[171, 0, 17, 255, 161, 74, 234, 226, 105, 0, 0, 54, 1, 0, 240, 0, 0, 44, 6, 230]
1542780413087;[171, 0, 17, 255, 161, 74, 234, 226, 106, 0, 0, 53, 1, 0, 237, 0, 0, 34, 6, 220]
1542780413091;[171, 0, 17, 255, 161, 74, 234, 226, 106, 0, 0, 51, 1, 0, 233, 0, 0, 15, 6, 203]
1542780413259;[171, 0, 17, 255, 161, 74, 234, 226, 106, 0, 0, 54, 1, 0, 239, 0, 0, 40, 6, 105]
1542780413778;[171, 0, 17, 255, 161, 74, 234, 226, 106, 0, 0, 55, 1, 0, 240, 0, 0, 53, 6, 79]
1542780413781;[171, 0, 17, 255, 161, 74, 234, 226, 106, 0, 0, 49, 1, 0, 229, 0, 0, 23, 6, 154]
1542780413785;[171, 0, 17, 255, 161, 74, 234, 226, 106, 0, 0, 58, 1, 0, 237, 0, 0, 3, 6, 105]
1542780413790;[171, 0, 17, 255, 161, 74, 234, 226, 106, 0, 0, 62, 1, 0, 243, 0, 0, 94, 6, 47]
1542780413949;[171, 0, 17, 255, 161, 74, 234, 226, 106, 0, 0, 51, 1, 0, 236, 0, 0, 29, 6, 79]
1542780413953;[171, 0, 17, 255, 161, 74, 234, 226, 108, 0, 0, 49, 1, 0, 231, 1, 0, 13, 5, 180]
1542780414121;[171, 0, 17, 255, 161, 74, 234, 226, 109, 0, 0, 51, 1, 0, 246, 0, 0, 62, 5, 129]
1542780414295;[171, 0, 17, 255, 161, 74, 234, 226, 109, 0, 0, 53, 1, 0, 235, 0, 0, 34, 5, 172]
1542780414299;[171, 0, 17, 255, 161, 74, 234, 226, 109, 0, 0, 51, 1, 0, 232, 1, 0, 15, 5, 200]
1542780414466;[171, 0, 17, 255, 161, 74, 234, 226, 109, 0, 0, 55, 1, 0, 247, 0, 0, 52, 5, 141]
1542780414470;[171, 0, 17, 255, 161, 74, 234, 226, 109, 0, 0, 56, 1, 0, 234, 0, 0, 35, 5, 207]
1542780414639;[171, 0, 17, 255, 161, 74, 234, 226, 109, 0, 0, 56, 1, 0, 228, 1, 0, 12, 5, 212]
1542780414985;[171, 0, 17, 255, 161, 74, 234, 226, 109, 0, 0, 51, 1, 0, 244, 0, 0, 85, 5, 148]
1542780414989;[171, 0, 17, 255, 161, 74, 234, 226, 109, 0, 0, 60, 1, 0, 237, 0, 0, 30, 5, 144]
1542780414993;[171, 0, 17, 255, 161, 74, 234, 226, 109, 0, 0, 53, 1, 0, 221, 0, 0, 0, 5, 138]
1542780414997;[171, 0, 4, 255, 132, 128, 97]
1542780415156;[171, 0, 17, 255, 161, 74, 234, 226, 109, 0, 0, 44, 1, 0, 247, 0, 0, 85, 5, 93]
1542780415504;[171, 0, 17, 255, 161, 74, 234, 226, 110, 0, 0, 59, 1, 0, 236, 0, 0, 31, 5, 138]
1542780415506;[171, 0, 17, 255, 161, 74, 234, 226, 110, 0, 0, 48, 1, 0, 231, 0, 0, 13, 5, 195]
1542780415510;[171, 0, 17, 255, 161, 74, 234, 226, 110, 0, 0, 56, 1, 0, 244, 0, 0, 29, 5, 145]
1542780415517;[171, 0, 17, 255, 161, 74, 234, 226, 110, 0, 0, 52, 1, 0, 241, 0, 0, 67, 5, 132]
1542780415670;[171, 0, 17, 255, 161, 74, 234, 226, 110, 0, 0, 49, 1, 0, 230, 0, 0, 21, 5, 189]
1542780415672;[171, 0, 17, 255, 161, 74, 234, 226, 110, 0, 0, 54, 1, 0, 231, 1, 0, 15, 5, 154]
1542780415846;[171, 0, 17, 255, 161, 74, 234, 226, 110, 0, 0, 63, 1, 0, 234, 0, 0, 151, 5, 139]
1542780416192;[171, 0, 17, 255, 161, 74, 234, 226, 110, 0, 0, 51, 1, 0, 240, 0, 0, 23, 5, 207]
1542780416196;[171, 0, 17, 255, 161, 74, 234, 226, 110, 0, 0, 51, 1, 0, 232, 1, 0, 1, 5, 199]
1542780416200;[171, 0, 4, 255, 132, 128, 97]
1542780416204;[171, 0, 17, 255, 161, 74, 234, 226, 110, 0, 0, 54, 1, 0, 243, 0, 0, 63, 5, 161]
1542780416364;[171, 0, 17, 255, 161, 74, 234, 226, 111, 0, 0, 55, 1, 0, 236, 0, 0, 42, 5, 188]
1542780416368;[171, 0, 17, 255, 161, 74, 234, 226, 111, 0, 0, 50, 1, 0, 230, 1, 0, 19, 5, 196]
1542780416536;[171, 0, 17, 255, 161, 74, 234, 226, 111, 0, 0, 55, 1, 0, 246, 0, 0, 65, 5, 165]
1542780416709;[171, 0, 17, 255, 161, 74, 234, 226, 111, 0, 0, 55, 1, 0, 234, 0, 0, 42, 5, 222]
1542780416713;[171, 0, 17, 255, 161, 74, 234, 226, 111, 0, 0, 47, 1, 0, 231, 1, 0, 3, 6, 4]
1542780416881;[171, 0, 17, 255, 161, 74, 234, 226, 111, 0, 0, 54, 1, 0, 244, 0, 0, 49, 5, 231]
1542780416885;[171, 0, 17, 255, 161, 74, 234, 226, 111, 0, 0, 55, 1, 0, 236, 0, 0, 44, 6, 13]
1542780417054;[171, 0, 17, 255, 161, 74, 234, 226, 111, 0, 0, 49, 1, 0, 228, 0, 0, 9, 6, 52]
1542780417226;[171, 0, 17, 255, 161, 74, 234, 226, 111, 0, 0, 60, 1, 0, 246, 0, 0, 34, 5, 255]
1542780417230;[171, 0, 4, 255, 132, 128, 98]
1542780417572;[171, 0, 17, 255, 161, 74, 234, 226, 111, 0, 0, 51, 1, 0, 241, 0, 0, 59, 6, 18]
1542780417576;[171, 0, 17, 255, 161, 74, 234, 226, 112, 0, 0, 52, 1, 0, 230, 0, 0, 19, 6, 116]
1542780417580;[171, 0, 17, 255, 161, 74, 234, 226, 112, 0, 0, 54, 1, 0, 236, 0, 0, 10, 6, 132]
1542780417584;[171, 0, 17, 255, 161, 74, 234, 226, 112, 0, 0, 57, 1, 0, 241, 0, 0, 55, 6, 119]
1542780417743;[171, 0, 17, 255, 161, 74, 234, 226, 112, 0, 0, 57, 1, 0, 237, 0, 0, 34, 6, 151]
1542780417916;[171, 0, 17, 255, 161, 74, 234, 226, 112, 0, 0, 50, 1, 0, 235, 0, 0, 12, 6, 202]
1542780417920;[171, 0, 17, 255, 161, 74, 234, 226, 112, 0, 0, 57, 1, 0, 237, 0, 0, 23, 6, 178]
1542780418089;[171, 0, 17, 255, 161, 74, 234, 226, 112, 0, 0, 57, 1, 0, 241, 0, 0, 61, 6, 187]
1542780418093;[171, 0, 17, 255, 161, 74, 234, 226, 112, 0, 0, 50, 1, 0, 237, 0, 0, 23, 7, 18]
1542780418262;[171, 0, 17, 255, 161, 74, 234, 226, 112, 0, 0, 51, 1, 0, 235, 0, 0, 6, 7, 60]
1542780418265;[171, 0, 4, 255, 132, 128, 98]
1542780418434;[171, 0, 17, 255, 161, 74, 234, 226, 112, 0, 0, 58, 1, 0, 244, 0, 0, 42, 7, 39]
1542780418780;[171, 0, 17, 255, 161, 74, 234, 226, 113, 0, 0, 55, 1, 0, 238, 0, 0, 36, 7, 51]
1542780418784;[171, 0, 17, 255, 161, 74, 234, 226, 113, 0, 0, 52, 1, 0, 232, 0, 0, 8, 7, 85]
1542780418788;[171, 0, 17, 255, 161, 74, 234, 226, 113, 0, 0, 56, 1, 0, 242, 0, 0, 38, 7, 94]
1542780418792;[171, 0, 17, 255, 161, 74, 234, 226, 113, 0, 0, 53, 1, 0, 237, 0, 0, 37, 7, 133]
1542780418951;[171, 0, 17, 255, 161, 74, 234, 226, 113, 0, 0, 51, 1, 0, 230, 0, 0, 10, 7, 177]
1542780419124;[171, 0, 17, 255, 161, 74, 234, 226, 113, 0, 0, 55, 1, 0, 240, 0, 0, 34, 7, 145]
1542780419128;[171, 0, 17, 255, 161, 74, 234, 226, 113, 0, 0, 54, 1, 0, 239, 0, 0, 50, 7, 104]
1542780419297;[171, 0, 17, 255, 161, 74, 234, 226, 113, 0, 0, 50, 1, 0, 230, 0, 0, 14, 7, 157]
1542780419301;[171, 0, 17, 255, 161, 74, 234, 226, 113, 0, 0, 57, 1, 0, 242, 0, 0, 20, 7, 141]
1542780419469;[171, 0, 4, 255, 132, 128, 97]
1542780419472;[171, 0, 17, 255, 161, 74, 234, 226, 113, 0, 0, 59, 1, 0, 241, 0, 0, 80, 7, 102]
1542780419641;[171, 0, 17, 255, 161, 74, 234, 226, 114, 0, 0, 51, 1, 0, 234, 0, 0, 26, 7, 152]
1542780420161;[171, 0, 17, 255, 161, 74, 234, 226, 114, 0, 0, 52, 1, 0, 230, 1, 0, 7, 7, 184]
1542780420165;[171, 0, 17, 255, 161, 74, 234, 226, 114, 0, 0, 53, 1, 0, 245, 0, 0, 53, 7, 120]
1542780420169;[171, 0, 17, 255, 161, 74, 234, 226, 114, 0, 0, 54, 1, 0, 235, 0, 0, 35, 7, 144]
1542780420173;[171, 0, 17, 255, 161, 74, 234, 226, 114, 0, 0, 52, 1, 0, 230, 0, 0, 3, 7, 244]
1542780420331;[171, 0, 17, 255, 161, 74, 234, 226, 114, 0, 0, 54, 1, 0, 241, 0, 0, 37, 7, 218]
1542780420335;[171, 0, 17, 255, 161, 74, 234, 226, 114, 0, 0, 57, 1, 0, 239, 0, 0, 55, 7, 197]
1542780420339;[171, 0, 17, 255, 161, 74, 234, 226, 114, 0, 0, 57, 1, 0, 235, 0, 0, 17, 7, 243]
1542780420503;[171, 0, 17, 255, 161, 74, 234, 226, 114, 0, 0, 55, 1, 0, 242, 0, 0, 37, 7, 254]
1542780420507;[171, 0, 4, 255, 132, 128, 97]
1542780420676;[171, 0, 17, 255, 161, 74, 234, 226, 114, 0, 0, 54, 1, 0, 236, 0, 0, 30, 8, 65]
1542780420680;[171, 0, 17, 255, 161, 74, 234, 226, 115, 0, 0, 55, 1, 0, 236, 0, 0, 15, 8, 149]
1542780420849;[171, 0, 17, 255, 161, 74, 234, 226, 115, 0, 0, 55, 1, 0, 242, 0, 0, 40, 8, 137]
1542780421022;[171, 0, 17, 255, 161, 74, 234, 226, 115, 0, 0, 55, 1, 0, 236, 0, 0, 34, 8, 137]
1542780421026;[171, 0, 17, 255, 161, 74, 234, 226, 115, 0, 0, 54, 1, 0, 236, 0, 0, 26, 8, 169]
1542780421371;[171, 0, 17, 255, 161, 74, 234, 226, 115, 0, 0, 53, 1, 0, 237, 0, 0, 31, 8, 172]
1542780421375;[171, 0, 17, 255, 161, 74, 234, 226, 115, 0, 0, 54, 1, 0, 237, 0, 0, 30, 8, 228]
1542780421379;[171, 0, 17, 255, 161, 74, 234, 226, 115, 0, 0, 56, 1, 0, 236, 0, 0, 28, 9, 44]
1542780421383;[171, 0, 17, 255, 161, 74, 234, 226, 115, 0, 0, 54, 1, 0, 237, 0, 0, 26, 9, 84]
1542780421537;[171, 0, 17, 255, 161, 74, 234, 226, 115, 0, 0, 57, 1, 0, 238, 0, 0, 25, 9, 168]
1542780421712;[171, 0, 4, 255, 132, 128, 97]
1542780421716;[171, 0, 17, 255, 161, 74, 234, 226, 115, 0, 0, 55, 1, 0, 242, 0, 0, 30, 9, 247]
1542780421884;[171, 0, 17, 255, 161, 74, 234, 226, 116, 0, 0, 52, 1, 0, 244, 0, 0, 28, 9, 254]
1542780421888;[171, 0, 17, 255, 161, 74, 234, 226, 116, 0, 0, 56, 1, 0, 236, 0, 0, 29, 9, 235]
1542780422056;[171, 0, 17, 255, 161, 74, 234, 226, 116, 0, 0, 46, 1, 1, 0, 0, 0, 28, 9, 190]
1542780422229;[171, 0, 17, 255, 161, 74, 234, 226, 116, 0, 0, 63, 1, 0, 236, 0, 0, 33, 9, 45]
1542780422233;[171, 0, 17, 255, 161, 74, 234, 226, 116, 0, 0, 60, 1, 0, 223, 0, 0, 19, 8, 155]
1542780422575;[171, 0, 17, 255, 161, 74, 234, 226, 116, 0, 0, 54, 1, 0, 233, 0, 0, 32, 8, 79]
1542780422579;[171, 0, 17, 255, 161, 74, 234, 226, 116, 0, 0, 44, 1, 0, 244, 0, 0, 25, 8, 82]
1542780422583;[171, 0, 17, 255, 161, 74, 234, 226, 116, 0, 0, 40, 1, 0, 238, 0, 0, 36, 8, 134]
1542780422587;[171, 0, 17, 255, 161, 74, 234, 226, 116, 0, 0, 44, 1, 0, 235, 0, 0, 27, 8, 150]
1542780422746;[171, 0, 4, 255, 132, 128, 97]
1542780422918;[171, 0, 17, 255, 161, 74, 234, 226, 116, 0, 0, 44, 1, 0, 240, 0, 0, 28, 8, 192]
1542780422922;[171, 0, 17, 255, 161, 74, 234, 226, 117, 0, 0, 42, 1, 0, 235, 0, 0, 28, 8, 217]
1542780423091;[171, 0, 17, 255, 161, 74, 234, 226, 117, 0, 0, 34, 1, 0, 247, 0, 0, 25, 8, 253]
1542780423095;[171, 0, 17, 255, 161, 74, 234, 226, 117, 0, 0, 32, 1, 0, 246, 0, 0, 28, 9, 69]
1542780423264;[171, 0, 17, 255, 161, 74, 234, 226, 117, 0, 0, 41, 1, 0, 234, 0, 0, 29, 9, 134]
1542780423267;[171, 0, 17, 255, 161, 74, 234, 226, 117, 0, 0, 44, 1, 0, 236, 0, 0, 27, 9, 172]
1542780423436;[171, 0, 17, 255, 161, 74, 234, 226, 117, 0, 0, 43, 1, 0, 235, 0, 0, 30, 9, 210]
1542780423608;[171, 0, 17, 255, 161, 74, 234, 226, 117, 0, 0, 39, 1, 0, 240, 0, 0, 29, 9, 242]
1542780423612;[171, 0, 17, 255, 161, 74, 234, 226, 117, 0, 0, 35, 1, 0, 246, 0, 0, 31, 10, 29]
1542780423954;[171, 0, 17, 255, 161, 74, 234, 226, 117, 0, 0, 40, 1, 0, 239, 0, 0, 31, 10, 90]
1542780423958;[171, 0, 4, 255, 132, 128, 96]
1542780423962;[171, 0, 17, 255, 161, 74, 234, 226, 117, 0, 0, 38, 1, 0, 242, 0, 0, 29, 10, 131]
1542780424127;[171, 0, 17, 255, 161, 74, 234, 226, 118, 0, 0, 40, 1, 0, 236, 0, 0, 34, 10, 168]
1542780424131;[171, 0, 17, 255, 161, 74, 234, 226, 118, 0, 0, 37, 1, 0, 239, 0, 0, 29, 10, 185]
1542780424299;[171, 0, 17, 255, 161, 74, 234, 226, 118, 0, 0, 40, 1, 0, 241, 0, 0, 27, 10, 205]
1542780424303;[171, 0, 17, 255, 161, 74, 234, 226, 118, 0, 0, 37, 1, 0, 241, 0, 0, 31, 10, 237]
1542780424471;[171, 0, 17, 255, 161, 74, 234, 226, 118, 0, 0, 35, 1, 0, 245, 0, 0, 32, 11, 25]
1542780424475;[171, 0, 17, 255, 161, 74, 234, 226, 118, 0, 0, 37, 1, 0, 240, 0, 0, 40, 11, 62]
1542780424644;[171, 0, 17, 255, 161, 74, 234, 226, 118, 0, 0, 37, 1, 0, 240, 0, 0, 37, 11, 79]
1542780424817;[171, 0, 17, 255, 161, 74, 234, 226, 118, 0, 0, 37, 1, 0, 238, 0, 0, 37, 11, 100]
1542780424821;[171, 0, 17, 255, 161, 74, 234, 226, 118, 0, 0, 38, 1, 0, 238, 0, 0, 36, 11, 118]
1542780425163;[171, 0, 4, 255, 132, 128, 96]
1542780425167;[171, 0, 17, 255, 161, 74, 234, 226, 118, 0, 0, 40, 1, 0, 239, 0, 0, 34, 11, 137]
1542780425171;[171, 0, 17, 255, 161, 74, 234, 226, 119, 0, 0, 35, 1, 0, 238, 0, 0, 35, 11, 169]
1542780425175;[171, 0, 17, 255, 161, 74, 234, 226, 119, 0, 0, 37, 1, 0, 238, 0, 0, 34, 11, 197]
1542780425334;[171, 0, 17, 255, 161, 74, 234, 226, 119, 0, 0, 39, 1, 0, 237, 0, 0, 35, 11, 224]
1542780425506;[171, 0, 17, 255, 161, 74, 234, 226, 119, 0, 0, 38, 1, 0, 238, 0, 0, 34, 11, 243]
1542780425510;[171, 0, 17, 255, 161, 74, 234, 226, 119, 0, 0, 38, 1, 0, 240, 0, 0, 34, 12, 2]
1542780425852;[171, 0, 17, 255, 161, 74, 234, 226, 119, 0, 0, 38, 1, 0, 240, 0, 0, 36, 12, 15]
1542780425855;[171, 0, 17, 255, 161, 74, 234, 226, 119, 0, 0, 36, 1, 0, 242, 0, 0, 35, 12, 51]
1542780425859;[171, 0, 17, 255, 161, 74, 234, 226, 119, 0, 0, 38, 1, 0, 242, 0, 0, 34, 12, 72]
1542780426024;[171, 0, 17, 255, 161, 74, 234, 226, 119, 0, 0, 40, 1, 0, 237, 0, 0, 32, 12, 89]
1542780426027;[171, 0, 4, 255, 132, 128, 96]
1542780426196;[171, 0, 17, 255, 161, 74, 234, 226, 119, 0, 0, 36, 1, 0, 237, 0, 0, 31, 12, 118]
1542780426200;[171, 0, 17, 255, 161, 74, 234, 226, 120, 0, 0, 33, 1, 0, 236, 0, 0, 38, 12, 123]
1542780426542;[171, 0, 17, 255, 161, 74, 234, 226, 120, 0, 0, 35, 1, 0, 240, 0, 0, 36, 12, 148]
1542780426546;[171, 0, 17, 255, 161, 74, 234, 226, 120, 0, 0, 34, 1, 0, 238, 0, 0, 36, 12, 187]
1542780426550;[171, 0, 17, 255, 161, 74, 234, 226, 120, 0, 0, 35, 1, 0, 238, 0, 0, 32, 12, 203]
1542780426714;[171, 0, 17, 255, 161, 74, 234, 226, 120, 0, 0, 33, 1, 0, 241, 0, 0, 34, 12, 223]
1542780426717;[171, 0, 17, 255, 161, 74, 234, 226, 120, 0, 0, 35, 1, 0, 238, 0, 0, 38, 12, 248]
1542780426887;[171, 0, 17, 255, 161, 74, 234, 226, 120, 0, 0, 34, 1, 0, 238, 0, 0, 34, 13, 7]
1542780426892;[171, 0, 17, 255, 161, 74, 234, 226, 120, 0, 0, 35, 1, 0, 240, 0, 0, 38, 13, 22]
1542780427056;[171, 0, 17, 255, 161, 74, 234, 226, 120, 0, 0, 33, 1, 0, 241, 0, 0, 35, 13, 55]
1542780427231;[171, 0, 4, 255, 132, 128, 96]
1542780427235;[171, 0, 17, 255, 161, 74, 234, 226, 120, 0, 0, 35, 1, 0, 238, 0, 0, 34, 13, 82]
1542780427404;[171, 0, 17, 255, 161, 74, 234, 226, 121, 0, 0, 34, 1, 0, 239, 0, 0, 36, 13, 100]
1542780427408;[171, 0, 17, 255, 161, 74, 234, 226, 121, 0, 0, 32, 1, 0, 240, 0, 0, 37, 13, 122]
1542780427749;[171, 0, 17, 255, 161, 74, 234, 226, 121, 0, 0, 32, 1, 0, 245, 0, 0, 31, 13, 135]
1542780427753;[171, 0, 17, 255, 161, 74, 234, 226, 121, 0, 0, 30, 1, 0, 244, 0, 0, 32, 13, 165]
1542780427756;[171, 0, 17, 255, 161, 74, 234, 226, 121, 0, 0, 32, 1, 0, 243, 0, 0, 32, 13, 195]
1542780427921;[171, 0, 17, 255, 161, 74, 234, 226, 121, 0, 0, 33, 1, 0, 239, 0, 0, 30, 13, 217]
1542780427925;[171, 0, 17, 255, 161, 74, 234, 226, 121, 0, 0, 33, 1, 0, 241, 0, 0, 31, 13, 233]
1542780428094;[171, 0, 17, 255, 161, 74, 234, 226, 121, 0, 0, 32, 1, 0, 244, 0, 0, 29, 14, 0]
1542780428098;[171, 0, 17, 255, 161, 74, 234, 226, 121, 0, 0, 32, 1, 0, 239, 0, 0, 28, 14, 17]
1542780428267;[171, 0, 4, 255, 132, 128, 97]
1542780428271;[171, 0, 17, 255, 161, 74, 234, 226, 121, 0, 0, 37, 1, 0, 240, 0, 0, 28, 14, 37]
1542780428439;[171, 0, 17, 255, 161, 74, 234, 226, 122, 0, 0, 35, 1, 0, 240, 0, 0, 28, 14, 59]
1542780428611;[171, 0, 17, 255, 161, 74, 234, 226, 122, 0, 0, 38, 1, 0, 242, 0, 0, 36, 14, 72]
1542780428615;[171, 0, 17, 255, 161, 74, 234, 226, 122, 0, 0, 33, 1, 0, 241, 0, 0, 41, 14, 95]
1542780429129;[171, 0, 17, 255, 161, 74, 234, 226, 122, 0, 0, 37, 1, 0, 245, 0, 0, 37, 14, 117]
1542780429302;[171, 0, 17, 255, 161, 74, 234, 226, 122, 0, 0, 33, 1, 0, 243, 0, 0, 39, 14, 131]
1542780429306;[171, 0, 17, 255, 161, 74, 234, 226, 122, 0, 0, 33, 1, 0, 242, 0, 0, 40, 14, 151]
1542780429310;[171, 0, 17, 255, 161, 74, 234, 226, 122, 0, 0, 31, 1, 0, 243, 0, 0, 39, 14, 177]
1542780429314;[171, 0, 17, 255, 161, 74, 234, 226, 122, 0, 0, 37, 1, 0, 241, 0, 0, 39, 14, 212]
1542780429473;[171, 0, 17, 255, 161, 74, 234, 226, 122, 0, 0, 32, 1, 0, 245, 0, 0, 37, 14, 218]
1542780429477;[171, 0, 4, 255, 132, 128, 97]
1542780429481;[171, 0, 17, 255, 161, 74, 234, 226, 122, 0, 0, 30, 1, 0, 243, 0, 0, 38, 15, 1]
1542780429485;[171, 0, 17, 255, 161, 74, 234, 226, 123, 0, 0, 34, 1, 0, 241, 0, 0, 38, 15, 1]
1542780429646;[171, 0, 17, 255, 161, 74, 234, 226, 123, 0, 0, 35, 1, 0, 244, 0, 0, 41, 15, 23]
1542780429819;[171, 0, 17, 255, 161, 74, 234, 226, 123, 0, 0, 32, 1, 0, 243, 0, 0, 42, 15, 55]
1542780429823;[171, 0, 17, 255, 161, 74, 234, 226, 123, 0, 0, 33, 1, 0, 240, 0, 0, 44, 15, 60]
1542780429992;[171, 0, 17, 255, 161, 74, 234, 226, 123, 0, 0, 38, 1, 0, 240, 0, 0, 48, 31, 89]
1542780429995;[171, 0, 17, 255, 161, 74, 234, 226, 123, 0, 0, 36, 1, 0, 240, 0, 0, 49, 7, 226]
1542780430396;[171, 0, 17, 255, 161, 74, 234, 226, 123, 0, 0, 37, 1, 0, 239, 0, 0, 47, 7, 226]
1542780430398;[171, 0, 17, 255, 161, 74, 234, 226, 123, 0, 0, 38, 1, 0, 239, 0, 0, 51, 7, 245]
1542780430399;[171, 0, 17, 255, 161, 74, 234, 226, 123, 0, 0, 36, 1, 0, 241, 0, 0, 47, 8, 16]
1542780430510;[171, 0, 4, 255, 132, 128, 97]
1542780430514;[171, 0, 17, 255, 161, 74, 234, 226, 123, 0, 0, 36, 1, 0, 237, 0, 0, 48, 8, 30]
1542780430683;[171, 0, 17, 255, 161, 74, 234, 226, 128, 0, 0, 35, 1, 0, 236, 0, 0, 47, 8, 49]
1542780430686;[171, 0, 17, 255, 161, 74, 234, 226, 128, 0, 0, 36, 1, 0, 239, 0, 0, 49, 8, 64]
1542780430854;[171, 0, 17, 255, 161, 74, 234, 226, 128, 0, 0, 35, 1, 0, 238, 0, 0, 47, 8, 79]
1542780431026;[171, 0, 17, 255, 161, 74, 234, 226, 128, 0, 0, 35, 1, 0, 237, 0, 0, 45, 8, 84]
1542780431030;[171, 0, 17, 255, 161, 74, 234, 226, 128, 0, 0, 36, 1, 0, 240, 0, 0, 49, 8, 117]
1542780431198;[171, 0, 17, 255, 161, 74, 234, 226, 128, 0, 0, 39, 1, 0, 240, 0, 0, 47, 8, 135]
1542780431203;[171, 0, 17, 255, 161, 74, 234, 226, 128, 0, 0, 36, 1, 0, 238, 0, 0, 44, 8, 153]
1542780431539;[171, 0, 17, 255, 161, 74, 234, 226, 128, 0, 0, 37, 1, 0, 236, 0, 0, 44, 8, 169]
1542780431541;[171, 0, 17, 255, 161, 74, 234, 226, 128, 0, 0, 38, 1, 0, 239, 0, 0, 42, 8, 195]
1542780431543;[171, 0, 4, 255, 132, 128, 97]
1542780431712;[171, 0, 17, 255, 161, 74, 234, 226, 128, 0, 0, 32, 1, 0, 243, 0, 0, 44, 8, 210]
1542780431714;[171, 0, 17, 255, 161, 74, 234, 226, 129, 0, 0, 38, 1, 0, 242, 0, 0, 42, 8, 235]
1542780431889;[171, 0, 17, 255, 161, 74, 234, 226, 129, 0, 0, 39, 1, 0, 239, 0, 0, 44, 9, 11]
1542780431893;[171, 0, 17, 255, 161, 74, 234, 226, 129, 0, 0, 37, 1, 0, 239, 0, 0, 44, 9, 29]
1542780432062;[171, 0, 17, 255, 161, 74, 234, 226, 129, 0, 0, 37, 1, 0, 239, 0, 0, 41, 9, 59]
1542780432068;[171, 0, 17, 255, 161, 74, 234, 226, 129, 0, 0, 40, 1, 0, 239, 0, 0, 41, 9, 73]
1542780432230;[171, 0, 17, 255, 161, 74, 234, 226, 129, 0, 0, 38, 1, 0, 239, 0, 0, 46, 9, 88]
1542780432407;[171, 0, 17, 255, 161, 74, 234, 226, 129, 0, 0, 39, 1, 0, 240, 0, 0, 45, 9, 125]
1542780432411;[171, 0, 17, 255, 161, 74, 234, 226, 129, 0, 0, 40, 1, 0, 241, 0, 0, 44, 9, 156]
1542780432579;[171, 0, 17, 255, 161, 74, 234, 226, 129, 0, 0, 44, 1, 0, 239, 0, 0, 46, 9, 183]
1542780432583;[171, 0, 4, 255, 132, 128, 98]
1542780432924;[171, 0, 17, 255, 161, 74, 234, 226, 129, 0, 0, 42, 1, 0, 240, 0, 0, 50, 9, 209]
1542780432928;[171, 0, 17, 255, 161, 74, 234, 226, 130, 0, 0, 40, 1, 0, 238, 0, 0, 48, 9, 228]
1542780432932;[171, 0, 17, 255, 161, 74, 234, 226, 130, 0, 0, 41, 1, 0, 238, 0, 0, 50, 9, 253]
1542780433097;[171, 0, 17, 255, 161, 74, 234, 226, 130, 0, 0, 44, 1, 0, 237, 0, 0, 49, 10, 24]
1542780433101;[171, 0, 17, 255, 161, 74, 234, 226, 130, 0, 0, 44, 1, 0, 236, 0, 0, 53, 10, 70]
1542780433269;[171, 0, 17, 255, 161, 74, 234, 226, 130, 0, 0, 43, 1, 0, 237, 0, 0, 54, 10, 116]
1542780433273;[171, 0, 17, 255, 161, 74, 234, 226, 130, 0, 0, 43, 1, 0, 240, 0, 0, 54, 10, 143]
1542780433442;[171, 0, 17, 255, 161, 74, 234, 226, 130, 0, 0, 49, 1, 0, 231, 0, 0, 54, 10, 168]
1542780433614;[171, 0, 17, 255, 161, 74, 234, 226, 130, 0, 0, 43, 1, 0, 238, 0, 0, 69, 10, 192]
1542780433617;[171, 0, 17, 255, 161, 74, 234, 226, 130, 0, 0, 45, 1, 0, 235, 0, 0, 68, 10, 219]
1542780433786;[171, 0, 4, 255, 132, 128, 98]
1542780433790;[171, 0, 17, 255, 161, 74, 234, 226, 130, 0, 0, 47, 1, 0, 233, 0, 0, 62, 10, 251]
1542780434132;[171, 0, 17, 255, 161, 74, 234, 226, 131, 0, 0, 44, 1, 0, 238, 0, 0, 61, 11, 43]
1542780434136;[171, 0, 17, 255, 161, 74, 234, 226, 131, 0, 0, 44, 1, 0, 236, 0, 0, 45, 11, 61]
1542780434139;[171, 0, 17, 255, 161, 74, 234, 226, 131, 0, 0, 40, 1, 0, 238, 0, 0, 31, 11, 71]
1542780434304;[171, 0, 17, 255, 161, 74, 234, 226, 131, 0, 0, 38, 1, 0, 238, 0, 0, 21, 11, 80]
1542780434308;[171, 0, 17, 255, 161, 74, 234, 226, 131, 0, 0, 38, 1, 0, 241, 0, 0, 21, 11, 81]
1542780434476;[171, 0, 17, 255, 161, 74, 234, 226, 131, 0, 0, 42, 1, 0, 239, 0, 0, 54, 11, 87]
1542780434479;[171, 0, 17, 255, 161, 74, 234, 226, 131, 0, 0, 50, 1, 0, 231, 0, 0, 69, 11, 119]
1542780434649;[171, 0, 17, 255, 161, 74, 234, 226, 131, 0, 0, 49, 1, 0, 234, 0, 0, 87, 11, 147]
1542780434822;[171, 0, 17, 255, 161, 74, 234, 226, 131, 0, 0, 44, 1, 0, 233, 0, 0, 89, 11, 155]
1542780434825;[171, 0, 4, 255, 132, 128, 98]
1542780434993;[171, 0, 17, 255, 161, 74, 234, 226, 131, 0, 0, 42, 1, 0, 233, 0, 0, 69, 11, 163]
1542780434997;[171, 0, 17, 255, 161, 74, 234, 226, 132, 0, 0, 47, 1, 0, 234, 0, 0, 52, 11, 163]
1542780435514;[171, 0, 17, 255, 161, 74, 234, 226, 132, 0, 0, 41, 1, 0, 236, 0, 0, 45, 11, 165]
1542780435518;[171, 0, 17, 255, 161, 74, 234, 226, 132, 0, 0, 42, 1, 0, 235, 0, 0, 50, 11, 182]
1542780435522;[171, 0, 17, 255, 161, 74, 234, 226, 132, 0, 0, 43, 1, 0, 237, 0, 0, 62, 11, 207]
1542780435526;[171, 0, 17, 255, 161, 74, 234, 226, 132, 0, 0, 44, 1, 0, 237, 0, 0, 60, 11, 202]
1542780435684;[171, 0, 17, 255, 161, 74, 234, 226, 132, 0, 0, 42, 1, 0, 236, 0, 0, 60, 11, 210]
1542780435688;[171, 0, 17, 255, 161, 74, 234, 226, 132, 0, 0, 45, 1, 0, 234, 0, 0, 62, 11, 210]
1542780435692;[171, 0, 17, 255, 161, 74, 234, 226, 132, 0, 0, 46, 1, 0, 231, 0, 0, 64, 11, 199]
1542780436029;[171, 0, 17, 255, 161, 74, 234, 226, 134, 0, 0, 33, 1, 0, 246, 0, 0, 53, 11, 205]
1542780436202;[171, 0, 17, 255, 161, 74, 234, 226, 135, 0, 0, 39, 1, 0, 237, 0, 0, 33, 11, 205]
1542780436205;[171, 0, 17, 255, 161, 74, 234, 226, 135, 0, 0, 40, 1, 0, 238, 0, 0, 28, 11, 198]
1542780436375;[171, 0, 17, 255, 161, 74, 234, 226, 135, 0, 0, 35, 1, 0, 236, 0, 0, 28, 11, 188]
1542780436378;[171, 0, 17, 255, 161, 74, 234, 226, 135, 0, 0, 45, 1, 0, 234, 0, 0, 23, 11, 200]
1542780436719;[171, 0, 17, 255, 161, 74, 234, 226, 135, 0, 0, 47, 1, 0, 233, 0, 0, 62, 11, 204]
1542780436723;[171, 0, 17, 255, 161, 74, 234, 226, 135, 0, 0, 43, 1, 0, 233, 0, 0, 72, 11, 203]
1542780436727;[171, 0, 17, 255, 161, 74, 234, 226, 135, 0, 0, 37, 1, 0, 238, 0, 0, 75, 11, 204]
1542780436891;[171, 0, 17, 255, 161, 74, 234, 226, 135, 0, 0, 41, 1, 0, 232, 0, 0, 69, 11, 205]
1542780436895;[171, 0, 17, 255, 161, 74, 234, 226, 135, 0, 0, 47, 1, 0, 232, 0, 0, 68, 11, 201]
1542780437064;[171, 0, 4, 255, 132, 128, 97]
1542780437068;[171, 0, 17, 255, 161, 74, 234, 226, 135, 0, 0, 45, 1, 0, 234, 0, 0, 68, 11, 207]
1542780437237;[171, 0, 17, 255, 161, 74, 234, 226, 136, 0, 0, 40, 1, 0, 233, 0, 0, 62, 11, 210]
1542780437409;[171, 0, 17, 255, 161, 74, 234, 226, 136, 0, 0, 40, 1, 0, 235, 0, 0, 56, 11, 210]
1542780437413;[171, 0, 17, 255, 161, 74, 234, 226, 136, 0, 0, 39, 1, 0, 238, 0, 0, 50, 11, 209]
1542780437581;[171, 0, 17, 255, 161, 74, 234, 226, 136, 0, 0, 38, 1, 0, 238, 0, 0, 45, 11, 212]
1542780437585;[171, 0, 17, 255, 161, 74, 234, 226, 136, 0, 0, 36, 1, 0, 239, 0, 0, 43, 11, 214]
1542780438101;[171, 0, 17, 255, 161, 74, 234, 226, 136, 0, 0, 38, 1, 0, 240, 0, 0, 45, 11, 214]
1542780438111;[171, 0, 17, 255, 161, 74, 234, 226, 136, 0, 0, 38, 1, 0, 243, 0, 0, 49, 11, 214]
1542780438113;[171, 0, 17, 255, 161, 74, 234, 226, 136, 0, 0, 37, 1, 0, 240, 0, 0, 46, 11, 211]
1542780438115;[171, 0, 17, 255, 161, 74, 234, 226, 136, 0, 0, 37, 1, 0, 239, 0, 0, 47, 11, 215]
1542780438269;[171, 0, 4, 255, 132, 128, 97]
1542780438274;[171, 0, 17, 255, 161, 74, 234, 226, 136, 0, 0, 38, 1, 0, 238, 0, 0, 43, 11, 215]
1542780438276;[171, 0, 17, 255, 161, 74, 234, 226, 137, 0, 0, 33, 1, 0, 244, 0, 0, 44, 11, 212]
1542780438443;[171, 0, 17, 255, 161, 74, 234, 226, 137, 0, 0, 36, 1, 0, 242, 0, 0, 46, 11, 225]
1542780438616;[171, 0, 17, 255, 161, 74, 234, 226, 137, 0, 0, 36, 1, 0, 241, 0, 0, 44, 11, 225]
1542780438620;[171, 0, 17, 255, 161, 74, 234, 226, 137, 0, 0, 35, 1, 0, 240, 0, 0, 43, 11, 224]
1542780438789;[171, 0, 17, 255, 161, 74, 234, 226, 137, 0, 0, 37, 1, 0, 241, 0, 0, 46, 11, 221]
1542780438793;[171, 0, 17, 255, 161, 74, 234, 226, 137, 0, 0, 38, 1, 0, 242, 0, 0, 43, 11, 218]
1542780438961;[171, 0, 17, 255, 161, 74, 234, 226, 137, 0, 0, 37, 1, 0, 236, 0, 0, 43, 11, 224]
1542780438965;[171, 0, 17, 255, 161, 74, 234, 226, 137, 0, 0, 37, 1, 0, 241, 0, 0, 44, 11, 226]
1542780439306;[171, 0, 17, 255, 161, 74, 234, 226, 137, 0, 0, 35, 1, 0, 240, 0, 0, 43, 11, 224]
1542780439310;[171, 0, 4, 255, 132, 128, 97]
1542780439314;[171, 0, 17, 255, 161, 74, 234, 226, 137, 0, 0, 38, 1, 0, 236, 0, 0, 44, 11, 223]
1542780439652;[171, 0, 17, 255, 161, 74, 234, 226, 138, 0, 0, 35, 1, 0, 240, 0, 0, 44, 11, 223]
1542780439656;[171, 0, 17, 255, 161, 74, 234, 226, 138, 0, 0, 36, 1, 0, 238, 0, 0, 43, 11, 216]
1542780439660;[171, 0, 17, 255, 161, 74, 234, 226, 138, 0, 0, 37, 1, 0, 236, 0, 0, 43, 11, 228]
1542780439824;[171, 0, 17, 255, 161, 74, 234, 226, 138, 0, 0, 39, 1, 0, 237, 0, 0, 42, 11, 227]
1542780439828;[171, 0, 17, 255, 161, 74, 234, 226, 138, 0, 0, 39, 1, 0, 238, 0, 0, 42, 11, 226]
1542780439997;[171, 0, 17, 255, 161, 74, 234, 226, 138, 0, 0, 38, 1, 0, 241, 0, 0, 42, 11, 220]
1542780440001;[171, 0, 17, 255, 161, 74, 234, 226, 138, 0, 0, 39, 1, 0, 240, 0, 0, 42, 11, 219]
1542780440169;[171, 0, 17, 255, 161, 74, 234, 226, 138, 0, 0, 37, 1, 0, 240, 0, 0, 43, 11, 214]
1542780440173;[171, 0, 17, 255, 161, 74, 234, 226, 138, 0, 0, 37, 1, 0, 238, 0, 0, 42, 11, 223]
1542780440514;[171, 0, 4, 255, 132, 128, 97]
1542780440518;[171, 0, 17, 255, 161, 74, 234, 226, 138, 0, 0, 38, 1, 0, 240, 0, 0, 41, 11, 219]
1542780440522;[171, 0, 17, 255, 161, 74, 234, 226, 139, 0, 0, 39, 1, 0, 237, 0, 0, 42, 11, 232]
1542780440686;[171, 0, 17, 255, 161, 74, 234, 226, 139, 0, 0, 41, 1, 0, 236, 0, 0, 40, 11, 233]
1542780440690;[171, 0, 17, 255, 161, 74, 234, 226, 139, 0, 0, 37, 1, 0, 238, 0, 0, 44, 11, 240]
1542780440859;[171, 0, 17, 255, 161, 74, 234, 226, 139, 0, 0, 39, 1, 0, 239, 0, 0, 42, 11, 239]
1542780441032;[171, 0, 17, 255, 161, 74, 234, 226, 139, 0, 0, 40, 1, 0, 239, 0, 0, 44, 11, 253]
1542780441036;[171, 0, 17, 255, 161, 74, 234, 226, 139, 0, 0, 37, 1, 0, 241, 0, 0, 42, 12, 1]
1542780441204;[171, 0, 17, 255, 161, 74, 234, 226, 139, 0, 0, 40, 1, 0, 239, 0, 0, 40, 12, 7]
1542780441208;[171, 0, 17, 255, 161, 74, 234, 226, 139, 0, 0, 37, 1, 0, 239, 0, 0, 43, 12, 4]
