1542953838361;[171, 0, 17, 255, 161, 74, 238, 229, 27, 0, 0, 40, 1, 0, 235, 0, 0, 29, 7, 127]
1542953838378;[171, 0, 17, 255, 161, 74, 238, 229, 28, 0, 0, 25, 1, 0, 250, 0, 0, 23, 7, 212]
1542953838533;[171, 0, 17, 255, 161, 74, 238, 229, 28, 0, 0, 8, 1, 0, 236, 0, 0, 12, 8, 69]
1542953838537;[171, 0, 4, 255, 132, 128, 105]
1542953838706;[171, 0, 17, 255, 161, 74, 238, 229, 28, 0, 0, 27, 1, 0, 245, 0, 0, 7, 8, 21]
1542953838710;[171, 0, 17, 255, 161, 74, 238, 229, 28, 0, 0, 15, 1, 0, 239, 1, 0, 1, 7, 244]
1542953838878;[171, 0, 17, 255, 161, 74, 238, 229, 28, 0, 0, 27, 1, 0, 244, 1, 0, 8, 7, 177]
1542953838882;[171, 0, 17, 255, 161, 74, 238, 229, 28, 0, 0, 14, 1, 0, 242, 1, 0, 7, 7, 96]
1542953839052;[171, 0, 17, 255, 161, 74, 238, 229, 28, 0, 0, 21, 1, 0, 247, 0, 0, 2, 7, 94]
1542953839397;[171, 0, 17, 255, 161, 74, 238, 229, 28, 0, 0, 27, 1, 0, 241, 1, 0, 3, 7, 6]
1542953839401;[171, 0, 17, 255, 161, 74, 238, 229, 28, 0, 0, 21, 1, 0, 243, 0, 0, 4, 6, 140]
1542953839405;[171, 0, 17, 255, 161, 74, 238, 229, 28, 0, 0, 20, 1, 0, 245, 0, 0, 2, 6, 71]
1542953839409;[171, 0, 17, 255, 161, 74, 238, 229, 29, 0, 0, 21, 1, 0, 242, 1, 0, 2, 6, 12]
1542953839568;[171, 0, 17, 255, 161, 74, 238, 229, 29, 0, 0, 29, 1, 0, 241, 1, 0, 4, 6, 119]
1542953839572;[171, 0, 4, 255, 132, 128, 105]
1542953839741;[171, 0, 17, 255, 161, 74, 238, 229, 29, 0, 0, 29, 1, 0, 243, 1, 0, 3, 6, 165]
1542953839914;[171, 0, 17, 255, 161, 74, 238, 229, 29, 0, 0, 29, 1, 0, 241, 1, 0, 3, 6, 160]
1542953839917;[171, 0, 17, 255, 161, 74, 238, 229, 29, 0, 0, 32, 1, 0, 243, 0, 0, 2, 6, 154]
1542953840085;[171, 0, 17, 255, 161, 74, 238, 229, 29, 0, 0, 31, 1, 0, 243, 1, 0, 2, 6, 147]
1542953840090;[171, 0, 17, 255, 161, 74, 238, 229, 29, 0, 0, 28, 1, 0, 243, 1, 0, 7, 7, 11]
1542953840259;[171, 0, 17, 255, 161, 74, 238, 229, 29, 0, 0, 32, 1, 0, 244, 1, 0, 8, 7, 94]
1542953840605;[171, 0, 17, 255, 161, 74, 238, 229, 29, 0, 0, 32, 1, 0, 243, 1, 0, 6, 7, 70]
1542953840609;[171, 0, 17, 255, 161, 74, 238, 229, 29, 0, 0, 29, 1, 0, 243, 1, 0, 8, 7, 47]
1542953840613;[171, 0, 17, 255, 161, 74, 238, 229, 30, 0, 0, 29, 1, 0, 243, 1, 0, 7, 7, 18]
1542953840617;[171, 0, 17, 255, 161, 74, 238, 229, 30, 0, 0, 34, 1, 0, 243, 1, 0, 5, 7, 58]
1542953840775;[171, 0, 4, 255, 132, 128, 106]
1542953840780;[171, 0, 17, 255, 161, 74, 238, 229, 30, 0, 0, 34, 1, 0, 243, 1, 0, 7, 7, 185]
1542953840949;[171, 0, 17, 255, 161, 74, 238, 229, 30, 0, 0, 33, 1, 0, 242, 1, 0, 7, 7, 188]
1542953841121;[171, 0, 17, 255, 161, 74, 238, 229, 30, 0, 0, 41, 1, 0, 238, 1, 0, 5, 7, 188]
1542953841125;[171, 0, 17, 255, 161, 74, 238, 229, 30, 0, 0, 31, 1, 0, 243, 1, 0, 5, 7, 171]
1542953841294;[171, 0, 17, 255, 161, 74, 238, 229, 30, 0, 0, 33, 1, 0, 243, 1, 0, 2, 7, 129]
1542953841297;[171, 0, 17, 255, 161, 74, 238, 229, 30, 0, 0, 29, 1, 0, 244, 0, 0, 1, 7, 248]
1542953841466;[171, 0, 17, 255, 161, 74, 238, 229, 30, 0, 0, 30, 1, 0, 243, 1, 0, 2, 7, 247]
1542953843513;[171, 0, 17, 255, 161, 74, 238, 229, 30, 0, 0, 30, 1, 0, 243, 1, 0, 3, 7, 217]
1542953843515;[171, 0, 17, 255, 161, 74, 238, 229, 31, 0, 0, 30, 1, 0, 242, 1, 0, 4, 7, 194]
1542953843517;[171, 0, 17, 255, 161, 74, 238, 229, 31, 0, 0, 26, 1, 0, 245, 0, 0, 1, 7, 142]
1542953843518;[171, 0, 4, 255, 132, 128, 106]
1542953843521;[171, 0, 17, 255, 161, 74, 238, 229, 31, 0, 0, 29, 1, 0, 245, 1, 0, 4, 7, 153]
1542953843523;[171, 0, 17, 255, 161, 74, 238, 229, 31, 0, 0, 24, 1, 0, 245, 1, 0, 4, 8, 43]
1542953843527;[171, 0, 17, 255, 161, 74, 238, 229, 31, 0, 0, 27, 1, 0, 242, 1, 0, 5, 8, 102]
1542953843530;[171, 0, 17, 255, 161, 74, 238, 229, 31, 0, 0, 27, 1, 0, 245, 1, 0, 6, 8, 126]
1542953843532;[171, 0, 17, 255, 161, 74, 238, 229, 31, 0, 0, 25, 1, 0, 240, 1, 0, 9, 8, 143]
1542953843534;[171, 0, 17, 255, 161, 74, 238, 229, 31, 0, 0, 31, 1, 0, 242, 1, 0, 9, 8, 123]
1542953843536;[171, 0, 17, 255, 161, 74, 238, 229, 31, 0, 0, 26, 1, 0, 243, 1, 0, 6, 8, 242]
1542953843537;[171, 0, 17, 255, 161, 74, 238, 229, 31, 0, 0, 28, 1, 0, 242, 1, 0, 10, 9, 173]
1542953843539;[171, 0, 17, 255, 161, 74, 238, 229, 32, 0, 0, 25, 1, 0, 242, 1, 0, 12, 9, 221]
1542953843541;[171, 0, 17, 255, 161, 74, 238, 229, 32, 0, 0, 28, 1, 0, 242, 1, 0, 12, 10, 33]
1542953843545;[171, 0, 4, 255, 132, 128, 106]
1542953843548;[171, 0, 17, 255, 161, 74, 238, 229, 32, 0, 0, 29, 1, 0, 239, 1, 0, 11, 10, 95]
1542953843549;[171, 0, 17, 255, 161, 74, 238, 229, 32, 0, 0, 32, 1, 0, 243, 1, 0, 17, 10, 113]
1542953843551;[171, 0, 17, 255, 161, 74, 238, 229, 32, 0, 0, 29, 1, 0, 240, 1, 0, 18, 11, 66]
1542953843553;[171, 0, 17, 255, 161, 74, 238, 229, 32, 0, 0, 28, 1, 0, 240, 1, 0, 19, 11, 235]
1542953843555;[171, 0, 17, 255, 161, 74, 238, 229, 32, 0, 0, 32, 1, 0, 239, 1, 0, 25, 12, 16]
1542953843557;[171, 0, 17, 255, 161, 74, 238, 229, 32, 0, 0, 34, 1, 0, 240, 1, 0, 19, 12, 38]
1542953843710;[171, 0, 17, 255, 161, 74, 238, 229, 32, 0, 0, 42, 1, 0, 241, 1, 0, 19, 12, 39]
1542953843714;[171, 0, 17, 255, 161, 74, 238, 229, 32, 0, 0, 39, 1, 0, 240, 1, 0, 19, 11, 234]
1542953843881;[171, 0, 17, 255, 161, 74, 238, 229, 33, 0, 0, 35, 1, 0, 237, 1, 0, 14, 12, 201]
1542953844053;[171, 0, 17, 255, 161, 74, 238, 229, 35, 0, 0, 70, 1, 0, 231, 1, 0, 11, 7, 125]
1542953844574;[171, 0, 17, 255, 161, 74, 238, 229, 35, 0, 0, 43, 1, 0, 240, 1, 0, 26, 7, 179]
1542953844578;[171, 0, 17, 255, 161, 74, 238, 229, 35, 0, 0, 47, 1, 0, 239, 1, 0, 13, 7, 103]
1542953844582;[171, 0, 17, 255, 161, 74, 238, 229, 35, 0, 0, 44, 1, 0, 239, 1, 0, 13, 7, 75]
1542953844586;[171, 0, 17, 255, 161, 74, 238, 229, 35, 0, 0, 49, 1, 0, 239, 1, 0, 17, 6, 181]
1542953844744;[171, 0, 17, 255, 161, 74, 238, 229, 35, 0, 0, 47, 1, 0, 241, 1, 0, 24, 6, 184]
1542953844748;[171, 0, 17, 255, 161, 74, 238, 229, 35, 0, 0, 54, 1, 0, 237, 1, 0, 16, 6, 173]
1542953844917;[171, 0, 17, 255, 161, 74, 238, 229, 35, 0, 0, 49, 1, 0, 240, 1, 0, 17, 6, 36]
1542953844920;[171, 0, 17, 255, 161, 74, 238, 229, 36, 0, 0, 49, 1, 0, 240, 1, 0, 18, 5, 215]
1542953845088;[171, 0, 17, 255, 161, 74, 238, 229, 36, 0, 0, 59, 1, 0, 238, 1, 0, 15, 5, 174]
1542953845092;[171, 0, 4, 255, 132, 128, 107]
1542953845262;[171, 0, 17, 255, 161, 74, 238, 229, 36, 0, 0, 44, 1, 0, 241, 1, 0, 23, 5, 205]
1542953845433;[171, 0, 17, 255, 161, 74, 238, 229, 36, 0, 0, 51, 1, 0, 240, 1, 0, 18, 6, 109]
1542953845437;[171, 0, 17, 255, 161, 74, 238, 229, 36, 0, 0, 43, 1, 0, 241, 1, 0, 18, 5, 250]
1542953845779;[171, 0, 17, 255, 161, 74, 238, 229, 36, 0, 0, 43, 1, 0, 242, 1, 0, 10, 5, 52]
1542953845784;[171, 0, 17, 255, 161, 74, 238, 229, 36, 0, 0, 44, 1, 0, 241, 1, 0, 12, 4, 127]
1542953845788;[171, 0, 17, 255, 161, 74, 238, 229, 36, 0, 0, 40, 1, 0, 238, 1, 0, 13, 3, 253]
1542953845791;[171, 0, 17, 255, 161, 74, 238, 229, 36, 0, 0, 39, 1, 0, 236, 1, 0, 11, 4, 95]
1542953845950;[171, 0, 17, 255, 161, 74, 238, 229, 36, 0, 0, 39, 1, 0, 237, 1, 0, 7, 4, 245]
1542953846124;[171, 0, 17, 255, 161, 74, 238, 229, 37, 0, 0, 19, 1, 0, 238, 1, 0, 29, 5, 122]
1542953846128;[171, 0, 17, 255, 161, 74, 238, 229, 37, 0, 0, 21, 1, 0, 246, 1, 0, 4, 5, 223]
1542953846296;[171, 0, 4, 255, 132, 128, 108]
1542953846300;[171, 0, 17, 255, 161, 74, 238, 229, 37, 0, 0, 41, 1, 0, 241, 1, 0, 18, 5, 193]
1542953846468;[171, 0, 17, 255, 161, 74, 238, 229, 37, 0, 0, 36, 1, 0, 241, 1, 0, 9, 5, 193]
1542953846472;[171, 0, 17, 255, 161, 74, 238, 229, 37, 0, 0, 4, 1, 0, 247, 1, 0, 1, 4, 145]
1542953846642;[171, 0, 17, 255, 161, 74, 238, 229, 37, 0, 0, 22, 1, 0, 244, 1, 0, 11, 3, 35]
1542953846988;[171, 0, 17, 255, 161, 74, 238, 229, 37, 0, 0, 25, 1, 0, 245, 1, 0, 10, 2, 13]
1542953846992;[171, 0, 17, 255, 161, 74, 238, 229, 37, 0, 0, 29, 1, 0, 244, 1, 0, 10, 1, 52]
1542953846996;[171, 0, 17, 255, 161, 74, 238, 229, 37, 0, 0, 23, 1, 0, 239, 1, 0, 12, 0, 250]
1542953847000;[171, 0, 17, 255, 161, 74, 238, 229, 37, 0, 0, 28, 1, 0, 243, 1, 0, 13, 16, 158]
1542953847158;[171, 0, 17, 255, 161, 74, 238, 229, 38, 0, 0, 26, 1, 0, 243, 1, 0, 18, 7, 208]
1542953847331;[171, 0, 17, 255, 161, 74, 238, 229, 38, 0, 0, 22, 1, 0, 244, 1, 0, 20, 7, 85]
1542953847335;[171, 0, 4, 255, 132, 128, 108]
1542953847503;[171, 0, 17, 255, 161, 74, 238, 229, 38, 0, 0, 23, 1, 0, 246, 1, 0, 19, 6, 222]
1542953847507;[171, 0, 17, 255, 161, 74, 238, 229, 38, 0, 0, 21, 1, 0, 243, 1, 0, 18, 6, 177]
1542953847676;[171, 0, 17, 255, 161, 74, 238, 229, 38, 0, 0, 21, 1, 0, 244, 1, 0, 18, 6, 118]
1542953847680;[171, 0, 17, 255, 161, 74, 238, 229, 38, 0, 0, 20, 1, 0, 244, 1, 0, 20, 5, 255]
1542953847845;[171, 0, 17, 255, 161, 74, 238, 229, 38, 0, 0, 18, 1, 0, 239, 1, 0, 21, 5, 117]
1542953848021;[171, 0, 17, 255, 161, 74, 238, 229, 38, 0, 0, 16, 1, 0, 243, 1, 0, 17, 4, 240]
1542953848025;[171, 0, 17, 255, 161, 74, 238, 229, 38, 0, 0, 21, 1, 0, 245, 1, 0, 23, 4, 161]
1542953848369;[171, 0, 17, 255, 161, 74, 238, 229, 38, 0, 0, 9, 1, 0, 242, 1, 0, 21, 4, 27]
1542953848373;[171, 0, 17, 255, 161, 74, 238, 229, 39, 1, 0, 5, 1, 0, 243, 1, 0, 16, 3, 114]
1542953848377;[171, 0, 17, 255, 161, 74, 238, 229, 39, 1, 0, 3, 1, 0, 246, 1, 0, 14, 2, 238]
1542953848381;[171, 0, 4, 255, 132, 128, 108]
1542953848539;[171, 0, 17, 255, 161, 74, 238, 229, 39, 1, 0, 4, 1, 0, 243, 1, 0, 20, 2, 100]
1542953848719;[171, 0, 17, 255, 161, 74, 238, 229, 39, 1, 0, 4, 1, 0, 242, 1, 0, 21, 2, 54]
1542953848721;[171, 0, 17, 255, 161, 74, 238, 229, 39, 1, 0, 6, 1, 0, 242, 1, 0, 23, 1, 231]
1542953848883;[171, 0, 17, 255, 161, 74, 238, 229, 39, 0, 0, 5, 1, 0, 253, 1, 0, 20, 1, 140]
1542953848887;[171, 0, 17, 255, 161, 74, 238, 229, 39, 1, 0, 4, 1, 0, 243, 1, 0, 15, 1, 54]
1542953849057;[171, 0, 17, 255, 161, 74, 238, 229, 39, 1, 0, 15, 1, 0, 241, 1, 0, 17, 0, 228]
1542953849576;[171, 0, 17, 255, 161, 74, 238, 229, 39, 1, 0, 14, 1, 1, 19, 0, 0, 18, 1, 35]
1542953849580;[171, 0, 17, 255, 161, 74, 238, 229, 39, 0, 0, 79, 1, 0, 49, 0, 0, 79, 1, 71]
1542953849584;[171, 0, 17, 255, 161, 74, 238, 229, 40, 1, 2, 136, 1, 2, 227, 1, 0, 52, 1, 45]
1542953849588;[171, 0, 17, 255, 161, 74, 238, 229, 40, 1, 0, 69, 1, 0, 215, 0, 0, 51, 1, 124]
1542953849747;[171, 0, 4, 255, 132, 128, 108]
1542953849752;[171, 0, 17, 255, 161, 74, 238, 229, 40, 0, 0, 3, 1, 0, 226, 0, 0, 47, 16, 149]
1542953849755;[171, 0, 17, 255, 161, 74, 238, 229, 40, 0, 0, 64, 1, 0, 245, 0, 0, 64, 7, 77]
1542953849919;[171, 0, 17, 255, 161, 74, 238, 229, 40, 0, 0, 40, 1, 0, 238, 0, 0, 55, 7, 121]
1542953849923;[171, 0, 17, 255, 161, 74, 238, 229, 40, 0, 0, 56, 1, 0, 239, 0, 0, 68, 7, 174]
1542953850092;[171, 0, 17, 255, 161, 74, 238, 229, 40, 0, 0, 71, 1, 1, 22, 0, 0, 72, 8, 14]
1542953850095;[171, 0, 17, 255, 161, 74, 238, 229, 40, 0, 0, 26, 1, 1, 27, 0, 0, 23, 8, 175]
1542953850264;[171, 0, 17, 255, 161, 74, 238, 229, 40, 1, 0, 41, 1, 0, 225, 1, 0, 15, 8, 253]
1542953850268;[171, 0, 17, 255, 161, 74, 238, 229, 40, 0, 1, 225, 1, 0, 144, 0, 0, 130, 10, 14]
1542953850436;[171, 0, 17, 255, 161, 74, 238, 229, 41, 1, 0, 54, 1, 1, 13, 0, 0, 22, 10, 125]
1542953850608;[171, 0, 17, 255, 161, 74, 238, 229, 41, 0, 0, 9, 1, 0, 236, 0, 0, 14, 10, 112]
1542953850612;[171, 0, 4, 255, 132, 128, 108]
1542953850955;[171, 0, 17, 255, 161, 74, 238, 229, 41, 0, 0, 37, 1, 0, 242, 0, 0, 15, 10, 86]
1542953850958;[171, 0, 17, 255, 161, 74, 238, 229, 41, 0, 0, 51, 1, 0, 246, 0, 0, 16, 11, 51]
1542953850961;[171, 0, 17, 255, 161, 74, 238, 229, 41, 0, 0, 42, 1, 0, 242, 0, 0, 11, 12, 71]
1542953851125;[171, 0, 17, 255, 161, 74, 238, 229, 41, 0, 0, 4, 1, 0, 243, 0, 0, 13, 12, 183]
1542953851130;[171, 0, 17, 255, 161, 74, 238, 229, 41, 0, 0, 11, 1, 0, 243, 0, 0, 4, 12, 222]
1542953851299;[171, 0, 17, 255, 161, 74, 238, 229, 41, 0, 0, 13, 1, 0, 245, 0, 0, 11, 12, 240]
1542953851304;[171, 0, 17, 255, 161, 74, 238, 229, 41, 0, 0, 0, 1, 0, 247, 0, 0, 7, 13, 193]
1542953851471;[171, 0, 17, 255, 161, 74, 238, 229, 41, 0, 0, 14, 1, 0, 241, 0, 0, 7, 14, 140]
1542953851475;[171, 0, 17, 255, 161, 74, 238, 229, 42, 0, 0, 21, 1, 0, 242, 0, 0, 8, 14, 168]
1542953851644;[171, 0, 17, 255, 161, 74, 238, 229, 42, 0, 0, 22, 1, 0, 243, 0, 0, 6, 14, 177]
1542953851816;[171, 0, 4, 255, 132, 128, 109]
1542953851820;[171, 0, 17, 255, 161, 74, 238, 229, 42, 0, 0, 38, 1, 0, 240, 0, 0, 12, 14, 180]
1542953852163;[171, 0, 17, 255, 161, 74, 238, 229, 42, 0, 0, 17, 1, 0, 248, 0, 0, 6, 31, 133]
1542953852167;[171, 0, 17, 255, 161, 74, 238, 229, 42, 0, 0, 40, 1, 0, 253, 0, 0, 5, 8, 253]
1542953852171;[171, 0, 17, 255, 161, 74, 238, 229, 42, 0, 0, 19, 1, 1, 4, 1, 0, 3, 9, 89]
1542953852334;[171, 0, 17, 255, 161, 74, 238, 229, 42, 1, 0, 85, 1, 1, 36, 0, 0, 21, 9, 36]
1542953852338;[171, 0, 17, 255, 161, 74, 238, 229, 42, 1, 0, 81, 1, 0, 244, 0, 0, 6, 8, 232]
1542953852504;[171, 0, 17, 255, 161, 74, 238, 229, 42, 1, 0, 18, 1, 0, 184, 1, 0, 39, 8, 100]
1542953852506;[171, 0, 17, 255, 161, 74, 238, 229, 42, 0, 0, 82, 1, 1, 61, 0, 0, 225, 9, 156]
1542953852679;[171, 0, 17, 255, 161, 74, 238, 229, 43, 1, 0, 95, 1, 0, 213, 1, 0, 9, 8, 150]
1542953852682;[171, 0, 17, 255, 161, 74, 238, 229, 43, 0, 0, 20, 1, 0, 245, 0, 0, 49, 7, 120]
1542953852851;[171, 0, 4, 255, 132, 128, 109]
1542953853025;[171, 0, 17, 255, 161, 74, 238, 229, 43, 1, 0, 12, 1, 0, 250, 0, 0, 39, 7, 1]
1542953853028;[171, 0, 17, 255, 161, 74, 238, 229, 43, 0, 0, 77, 1, 0, 226, 0, 0, 24, 7, 223]
1542953853542;[171, 0, 17, 255, 161, 74, 238, 229, 43, 0, 0, 65, 1, 0, 251, 1, 0, 12, 9, 247]
1542953853546;[171, 0, 17, 255, 161, 74, 238, 229, 43, 1, 0, 36, 1, 0, 253, 0, 0, 16, 11, 23]
1542953853550;[171, 0, 17, 255, 161, 74, 238, 229, 43, 0, 0, 32, 1, 0, 250, 0, 0, 15, 11, 19]
1542953853554;[171, 0, 17, 255, 161, 74, 238, 229, 43, 0, 0, 16, 1, 0, 220, 0, 0, 6, 10, 249]
1542953853714;[171, 0, 17, 255, 161, 74, 238, 229, 43, 0, 0, 173, 1, 0, 249, 0, 0, 219, 10, 249]
1542953853718;[171, 0, 17, 255, 161, 74, 238, 229, 43, 0, 0, 83, 1, 0, 242, 1, 0, 24, 10, 249]
1542953853722;[171, 0, 17, 255, 161, 74, 238, 229, 44, 0, 0, 25, 1, 0, 236, 0, 0, 57, 10, 87]
1542953853886;[171, 0, 17, 255, 161, 74, 238, 229, 44, 1, 0, 29, 1, 1, 161, 0, 0, 175, 9, 255]
1542953853889;[171, 0, 4, 255, 132, 128, 109]
1542953854058;[171, 0, 17, 255, 161, 74, 238, 229, 44, 1, 0, 78, 1, 0, 204, 0, 0, 81, 9, 222]
1542953854232;[171, 0, 17, 255, 161, 74, 238, 229, 44, 1, 0, 38, 1, 0, 250, 0, 0, 49, 9, 77]
1542953854236;[171, 0, 17, 255, 161, 74, 238, 229, 44, 1, 0, 14, 1, 0, 242, 0, 0, 55, 8, 80]
1542953854405;[171, 0, 17, 255, 161, 74, 238, 229, 44, 0, 0, 46, 1, 0, 245, 0, 0, 22, 6, 60]
1542953854409;[171, 0, 17, 255, 161, 74, 238, 229, 44, 1, 0, 13, 1, 1, 20, 0, 0, 29, 5, 153]
1542953854751;[171, 0, 17, 255, 161, 74, 238, 229, 44, 0, 0, 89, 1, 1, 148, 0, 0, 29, 5, 102]
1542953854754;[171, 0, 17, 255, 161, 74, 238, 229, 44, 0, 0, 250, 0, 0, 4, 1, 0, 79, 5, 242]
1542953854759;[171, 0, 17, 255, 161, 74, 238, 229, 44, 1, 2, 230, 1, 2, 134, 0, 0, 173, 6, 152]
1542953854922;[171, 0, 17, 255, 161, 74, 238, 229, 45, 1, 0, 60, 1, 1, 40, 1, 0, 153, 8, 20]
1542953854926;[171, 0, 17, 255, 161, 74, 238, 229, 45, 1, 0, 17, 1, 0, 246, 0, 0, 40, 8, 9]
1542953855094;[171, 0, 4, 255, 132, 128, 110]
1542953855100;[171, 0, 17, 255, 161, 74, 238, 229, 45, 0, 0, 5, 1, 0, 244, 0, 0, 28, 6, 194]
1542953855266;[171, 0, 17, 255, 161, 74, 238, 229, 45, 1, 0, 26, 1, 0, 243, 0, 0, 38, 5, 82]
1542953855270;[171, 0, 17, 255, 161, 74, 238, 229, 45, 0, 0, 10, 1, 0, 239, 0, 0, 57, 5, 82]
1542953855438;[171, 0, 17, 255, 161, 74, 238, 229, 45, 0, 0, 17, 1, 1, 8, 0, 0, 87, 5, 82]
1542953855613;[171, 0, 17, 255, 161, 74, 238, 229, 45, 0, 0, 16, 1, 1, 108, 0, 0, 47, 4, 20]
1542953855616;[171, 0, 17, 255, 161, 74, 238, 229, 45, 1, 0, 61, 1, 0, 184, 0, 0, 1, 4, 66]
1542953855955;[171, 0, 17, 255, 161, 74, 238, 229, 45, 1, 0, 34, 1, 0, 222, 0, 0, 27, 4, 173]
1542953855959;[171, 0, 17, 255, 161, 74, 238, 229, 45, 1, 0, 47, 1, 0, 171, 0, 0, 24, 5, 49]
1542953855963;[171, 0, 17, 255, 161, 74, 238, 229, 46, 0, 2, 8, 1, 1, 79, 0, 0, 203, 5, 164]
1542953856128;[171, 0, 17, 255, 161, 74, 238, 229, 46, 1, 0, 183, 1, 0, 179, 1, 0, 117, 5, 92]
1542953856132;[171, 0, 4, 255, 132, 128, 111]
1542953856302;[171, 0, 17, 255, 161, 74, 238, 229, 46, 1, 0, 11, 1, 0, 239, 1, 0, 11, 4, 236]
1542953856306;[171, 0, 17, 255, 161, 74, 238, 229, 46, 0, 0, 23, 1, 0, 241, 0, 0, 31, 5, 75]
1542953856473;[171, 0, 17, 255, 161, 74, 238, 229, 46, 0, 0, 107, 1, 0, 218, 0, 0, 44, 5, 241]
1542953856477;[171, 0, 17, 255, 161, 74, 238, 229, 46, 0, 0, 57, 1, 0, 236, 0, 0, 46, 6, 27]
1542953856646;[171, 0, 17, 255, 161, 74, 238, 229, 46, 0, 0, 59, 1, 0, 247, 0, 0, 6, 5, 252]
1542953856818;[171, 0, 17, 255, 161, 74, 238, 229, 46, 0, 0, 43, 1, 0, 237, 1, 0, 8, 6, 8]
1542953856823;[171, 0, 17, 255, 161, 74, 238, 229, 46, 0, 0, 27, 1, 0, 238, 1, 0, 34, 6, 48]
1542953856991;[171, 0, 17, 255, 161, 74, 238, 229, 46, 0, 0, 38, 1, 0, 239, 1, 0, 19, 6, 216]
1542953856995;[171, 0, 17, 255, 161, 74, 238, 229, 47, 0, 0, 30, 1, 0, 243, 0, 0, 2, 6, 177]
1542953857337;[171, 0, 17, 255, 161, 74, 238, 229, 47, 0, 0, 15, 1, 0, 225, 0, 0, 11, 6, 54]
1542953857341;[171, 0, 4, 255, 132, 128, 111]
1542953857344;[171, 0, 17, 255, 161, 74, 238, 229, 47, 0, 0, 35, 1, 1, 11, 0, 0, 41, 5, 228]
1542953857510;[171, 0, 17, 255, 161, 74, 238, 229, 47, 1, 0, 11, 1, 0, 219, 0, 0, 35, 5, 169]
1542953857513;[171, 0, 17, 255, 161, 74, 238, 229, 47, 0, 0, 7, 1, 0, 241, 0, 0, 14, 6, 6]
1542953857681;[171, 0, 17, 255, 161, 74, 238, 229, 47, 0, 0, 20, 1, 0, 247, 0, 0, 28, 5, 231]
1542953857685;[171, 0, 17, 255, 161, 74, 238, 229, 47, 0, 0, 15, 1, 0, 238, 0, 0, 50, 5, 163]
1542953857854;[171, 0, 17, 255, 161, 74, 238, 229, 47, 0, 0, 9, 1, 0, 239, 0, 0, 17, 5, 50]
1542953858027;[171, 0, 17, 255, 161, 74, 238, 229, 47, 0, 0, 57, 1, 0, 250, 0, 0, 28, 4, 126]
1542953858032;[171, 0, 17, 255, 161, 74, 238, 229, 47, 0, 0, 100, 1, 0, 215, 1, 0, 8, 4, 79]
1542953858197;[171, 0, 17, 255, 161, 74, 238, 229, 48, 0, 0, 102, 1, 0, 206, 1, 0, 15, 4, 209]
1542953858199;[171, 0, 17, 255, 161, 74, 238, 229, 48, 0, 0, 115, 1, 0, 217, 1, 0, 14, 5, 43]
1542953858544;[171, 0, 4, 255, 132, 128, 111]
1542953858549;[171, 0, 17, 255, 161, 74, 238, 229, 48, 0, 0, 103, 1, 0, 221, 0, 0, 3, 5, 125]
1542953858553;[171, 0, 17, 255, 161, 74, 238, 229, 48, 0, 0, 104, 1, 0, 220, 1, 0, 24, 5, 184]
1542953858716;[171, 0, 17, 255, 161, 74, 238, 229, 48, 0, 0, 110, 1, 0, 217, 1, 0, 20, 6, 216]
1542953858721;[171, 0, 17, 255, 161, 74, 238, 229, 48, 0, 0, 103, 1, 0, 220, 1, 0, 23, 7, 160]
1542953858888;[171, 0, 17, 255, 161, 74, 238, 229, 48, 0, 0, 110, 1, 0, 216, 1, 0, 25, 7, 208]
1542953858892;[171, 0, 17, 255, 161, 74, 238, 229, 48, 0, 0, 81, 1, 0, 239, 1, 0, 30, 7, 77]
1542953859061;[171, 0, 17, 255, 161, 74, 238, 229, 48, 0, 0, 104, 1, 0, 233, 1, 0, 14, 7, 41]
1542953859234;[171, 0, 17, 255, 161, 74, 238, 229, 48, 0, 0, 106, 1, 0, 223, 1, 0, 11, 8, 58]
1542953859238;[171, 0, 17, 255, 161, 74, 238, 229, 49, 0, 0, 96, 1, 0, 236, 1, 0, 11, 9, 14]
1542953859407;[171, 0, 17, 255, 161, 74, 238, 229, 49, 0, 0, 104, 1, 1, 4, 0, 0, 19, 8, 253]
1542953859410;[171, 0, 4, 255, 132, 128, 111]
1542953859924;[171, 0, 17, 255, 161, 74, 238, 229, 49, 0, 0, 30, 1, 1, 16, 0, 0, 143, 9, 19]
1542953859929;[171, 0, 17, 255, 161, 74, 238, 229, 49, 0, 0, 41, 1, 0, 218, 0, 0, 14, 8, 110]
1542953859933;[171, 0, 17, 255, 161, 74, 238, 229, 49, 1, 0, 66, 1, 0, 171, 0, 0, 192, 8, 115]
1542953859937;[171, 0, 17, 255, 161, 74, 238, 229, 49, 1, 0, 168, 1, 1, 24, 0, 0, 130, 8, 251]
1542953860097;[171, 0, 17, 255, 161, 74, 238, 229, 49, 0, 1, 182, 1, 1, 0, 1, 0, 124, 8, 115]
1542953860101;[171, 0, 17, 255, 161, 74, 238, 229, 49, 1, 0, 26, 1, 0, 255, 0, 1, 64, 8, 17]
1542953860107;[171, 0, 17, 255, 161, 74, 238, 229, 49, 1, 0, 243, 1, 0, 196, 0, 0, 99, 8, 60]
1542953860268;[171, 0, 17, 255, 161, 74, 238, 229, 49, 1, 0, 21, 1, 0, 246, 0, 0, 1, 8, 127]
1542953860272;[171, 0, 17, 255, 161, 74, 238, 229, 50, 1, 0, 73, 1, 0, 192, 0, 0, 47, 6, 77]
1542953860441;[171, 0, 17, 255, 161, 74, 238, 229, 50, 1, 0, 42, 1, 0, 244, 0, 0, 23, 4, 199]
1542953860614;[171, 0, 4, 255, 132, 128, 111]
1542953860618;[171, 0, 17, 255, 161, 74, 238, 229, 50, 1, 0, 14, 1, 0, 248, 0, 0, 27, 3, 86]
1542953860786;[171, 0, 17, 255, 161, 74, 238, 229, 50, 0, 0, 17, 1, 1, 0, 0, 0, 45, 2, 54]
1542953860790;[171, 0, 17, 255, 161, 74, 238, 229, 50, 0, 0, 20, 1, 1, 30, 0, 0, 2, 1, 26]
1542953861132;[171, 0, 17, 255, 161, 74, 238, 229, 50, 1, 0, 52, 1, 0, 147, 1, 0, 3, 1, 182]
1542953861135;[171, 0, 17, 255, 161, 74, 238, 229, 50, 0, 0, 8, 1, 0, 207, 0, 0, 23, 2, 116]
1542953861139;[171, 0, 17, 255, 161, 74, 238, 229, 50, 0, 0, 50, 1, 0, 247, 0, 0, 118, 3, 17]
1542953861303;[171, 0, 17, 255, 161, 74, 238, 229, 50, 0, 0, 17, 1, 0, 247, 0, 0, 14, 3, 117]
1542953861307;[171, 0, 17, 255, 161, 74, 238, 229, 50, 0, 0, 18, 1, 0, 243, 1, 0, 3, 4, 54]
1542953861498;[171, 0, 17, 255, 161, 74, 238, 229, 51, 0, 0, 20, 1, 0, 243, 0, 0, 2, 5, 143]
1542953861499;[171, 0, 17, 255, 161, 74, 238, 229, 51, 0, 0, 19, 1, 0, 243, 1, 0, 1, 5, 241]
1542953861648;[171, 0, 4, 255, 132, 128, 111]
1542953861822;[171, 0, 17, 255, 161, 74, 238, 229, 51, 0, 0, 18, 1, 0, 243, 0, 0, 0, 5, 227]
1542953861825;[171, 0, 17, 255, 161, 74, 238, 229, 51, 0, 0, 32, 1, 0, 243, 0, 0, 10, 5, 147]
1542953861993;[171, 0, 17, 255, 161, 74, 238, 229, 51, 0, 0, 30, 1, 0, 244, 0, 0, 3, 5, 111]
1542953861997;[171, 0, 17, 255, 161, 74, 238, 229, 51, 0, 0, 38, 1, 0, 245, 0, 0, 7, 6, 77]
1542953862514;[171, 0, 17, 255, 161, 74, 238, 229, 51, 0, 0, 39, 1, 0, 240, 0, 0, 12, 6, 88]
1542953862518;[171, 0, 17, 255, 161, 74, 238, 229, 51, 0, 0, 36, 1, 0, 241, 0, 0, 11, 6, 13]
1542953862522;[171, 0, 17, 255, 161, 74, 238, 229, 51, 0, 0, 34, 1, 0, 242, 0, 0, 11, 5, 238]
1542953862526;[171, 0, 17, 255, 161, 74, 238, 229, 51, 0, 0, 38, 1, 0, 240, 0, 0, 7, 6, 11]
1542953862684;[171, 0, 17, 255, 161, 74, 238, 229, 52, 0, 0, 37, 1, 0, 239, 0, 0, 6, 6, 242]
1542953862688;[171, 0, 17, 255, 161, 74, 238, 229, 52, 0, 0, 29, 1, 0, 241, 0, 0, 9, 6, 238]
1542953862692;[171, 0, 4, 255, 132, 128, 111]
1542953862858;[171, 0, 17, 255, 161, 74, 238, 229, 52, 0, 0, 29, 1, 0, 246, 0, 0, 7, 6, 170]
1542953863029;[171, 0, 17, 255, 161, 74, 238, 229, 52, 0, 0, 29, 1, 0, 242, 0, 0, 6, 6, 102]
1542953863033;[171, 0, 17, 255, 161, 74, 238, 229, 52, 0, 0, 34, 1, 0, 242, 0, 0, 7, 6, 61]
1542953863203;[171, 0, 17, 255, 161, 74, 238, 229, 52, 0, 0, 31, 1, 0, 243, 0, 0, 7, 6, 255]
1542953863206;[171, 0, 17, 255, 161, 74, 238, 229, 52, 0, 0, 33, 1, 0, 243, 0, 0, 10, 6, 248]
1542953863374;[171, 0, 17, 255, 161, 74, 238, 229, 52, 0, 0, 33, 1, 0, 244, 0, 0, 10, 6, 175]
1542953863378;[171, 0, 17, 255, 161, 74, 238, 229, 52, 0, 0, 34, 1, 0, 244, 0, 0, 10, 6, 103]
1542953863719;[171, 0, 17, 255, 161, 74, 238, 229, 52, 0, 0, 34, 1, 0, 243, 0, 0, 9, 6, 64]
1542953863726;[171, 0, 17, 255, 161, 74, 238, 229, 53, 0, 0, 33, 1, 0, 241, 0, 0, 9, 7, 21]
1542953863730;[171, 0, 17, 255, 161, 74, 238, 229, 53, 0, 0, 31, 1, 0, 242, 0, 0, 6, 7, 42]
1542953863887;[171, 0, 4, 255, 132, 128, 111]
1542953863890;[171, 0, 17, 255, 161, 74, 238, 229, 53, 0, 0, 29, 1, 0, 242, 0, 0, 8, 6, 251]
1542953864061;[171, 0, 17, 255, 161, 74, 238, 229, 53, 0, 0, 30, 1, 0, 243, 0, 0, 6, 6, 209]
1542953864063;[171, 0, 17, 255, 161, 74, 238, 229, 53, 0, 0, 33, 1, 0, 243, 0, 0, 8, 6, 182]
1542953864237;[171, 0, 17, 255, 161, 74, 238, 229, 53, 0, 0, 28, 1, 0, 242, 0, 0, 8, 7, 129]
1542953864410;[171, 0, 17, 255, 161, 74, 238, 229, 53, 0, 0, 28, 1, 0, 242, 0, 0, 6, 7, 117]
1542953864413;[171, 0, 17, 255, 161, 74, 238, 229, 53, 0, 0, 30, 1, 0, 244, 0, 0, 5, 7, 46]
1542953864928;[171, 0, 17, 255, 161, 74, 238, 229, 53, 0, 0, 28, 1, 0, 241, 0, 0, 6, 6, 234]
1542953864932;[171, 0, 17, 255, 161, 74, 238, 229, 53, 0, 0, 29, 1, 0, 245, 0, 0, 7, 6, 164]
1542953864936;[171, 0, 17, 255, 161, 74, 238, 229, 54, 0, 0, 32, 1, 0, 243, 0, 0, 5, 7, 82]
1542953864940;[171, 0, 17, 255, 161, 74, 238, 229, 54, 0, 0, 30, 1, 0, 243, 0, 0, 7, 7, 76]
1542953865099;[171, 0, 4, 255, 132, 128, 111]
1542953865103;[171, 0, 17, 255, 161, 74, 238, 229, 54, 0, 0, 28, 1, 0, 245, 0, 0, 3, 7, 2]
1542953865107;[171, 0, 17, 255, 161, 74, 238, 229, 54, 0, 0, 27, 1, 0, 242, 0, 0, 4, 6, 194]
1542953865272;[171, 0, 17, 255, 161, 74, 238, 229, 54, 0, 0, 28, 1, 0, 245, 0, 0, 4, 6, 117]
1542953865276;[171, 0, 17, 255, 161, 74, 238, 229, 54, 0, 0, 28, 1, 0, 241, 0, 0, 2, 7, 32]
1542953865443;[171, 0, 17, 255, 161, 74, 238, 229, 54, 0, 0, 26, 1, 0, 242, 0, 0, 2, 7, 22]
1542953865616;[171, 0, 17, 255, 161, 74, 238, 229, 54, 0, 0, 30, 1, 0, 244, 0, 0, 4, 6, 187]
1542953865620;[171, 0, 17, 255, 161, 74, 238, 229, 54, 0, 0, 28, 1, 0, 243, 0, 0, 4, 6, 118]
1542953865788;[171, 0, 17, 255, 161, 74, 238, 229, 54, 0, 0, 30, 1, 0, 242, 0, 0, 2, 6, 29]
1542953865792;[171, 0, 17, 255, 161, 74, 238, 229, 55, 0, 0, 26, 1, 0, 241, 0, 0, 3, 6, 187]
1542953866307;[171, 0, 17, 255, 161, 74, 238, 229, 57, 0, 0, 21, 1, 0, 241, 0, 0, 2, 5, 115]
1542953866312;[171, 0, 17, 255, 161, 74, 238, 229, 57, 0, 0, 21, 1, 0, 243, 0, 0, 2, 5, 51]
1542953866315;[171, 0, 17, 255, 161, 74, 238, 229, 57, 0, 0, 21, 1, 0, 245, 0, 0, 0, 5, 0]
1542953866479;[171, 0, 17, 255, 161, 74, 238, 229, 57, 0, 0, 21, 1, 0, 247, 1, 0, 2, 4, 178]
1542953866483;[171, 0, 17, 255, 161, 74, 238, 229, 57, 0, 0, 19, 1, 0, 243, 0, 0, 1, 5, 75]
1542953866651;[171, 0, 17, 255, 161, 74, 238, 229, 57, 0, 0, 24, 1, 0, 244, 1, 0, 1, 5, 86]
1542953866823;[171, 0, 17, 255, 161, 74, 238, 229, 57, 0, 0, 25, 1, 0, 245, 0, 0, 0, 5, 15]
1542953866827;[171, 0, 17, 255, 161, 74, 238, 229, 57, 0, 0, 24, 1, 0, 243, 1, 0, 1, 4, 229]
1542953866996;[171, 0, 17, 255, 161, 74, 238, 229, 58, 0, 0, 22, 1, 0, 245, 1, 0, 1, 4, 167]
1542953867000;[171, 0, 17, 255, 161, 74, 238, 229, 58, 0, 0, 20, 1, 0, 245, 0, 0, 0, 5, 36]
1542953867169;[171, 0, 4, 255, 132, 128, 115]
1542953867173;[171, 0, 17, 255, 161, 74, 238, 229, 58, 0, 0, 20, 1, 0, 244, 0, 0, 0, 5, 106]
1542953867515;[171, 0, 17, 255, 161, 74, 238, 229, 58, 0, 0, 25, 1, 0, 244, 0, 0, 0, 5, 66]
1542953867519;[171, 0, 17, 255, 161, 74, 238, 229, 58, 0, 0, 22, 1, 0, 247, 1, 0, 1, 5, 36]
1542953867522;[171, 0, 17, 255, 161, 74, 238, 229, 58, 0, 0, 21, 1, 0, 244, 1, 0, 1, 5, 0]
1542953867686;[171, 0, 17, 255, 161, 74, 238, 229, 58, 0, 0, 24, 1, 0, 245, 0, 0, 0, 5, 127]
1542953867690;[171, 0, 17, 255, 161, 74, 238, 229, 58, 0, 0, 24, 1, 0, 244, 0, 0, 1, 6, 16]
1542953867858;[171, 0, 17, 255, 161, 74, 238, 229, 58, 0, 0, 21, 1, 0, 244, 0, 0, 1, 6, 8]
1542953868030;[171, 0, 17, 255, 161, 74, 238, 229, 58, 0, 0, 22, 1, 0, 245, 1, 0, 1, 6, 1]
1542953868034;[171, 0, 17, 255, 161, 74, 238, 229, 59, 0, 0, 21, 1, 0, 243, 1, 0, 1, 5, 235]
1542953868203;[171, 0, 17, 255, 161, 74, 238, 229, 59, 0, 0, 19, 1, 0, 246, 1, 0, 2, 6, 119]
1542953868206;[171, 0, 4, 255, 132, 128, 115]
1542953868377;[171, 0, 17, 255, 161, 74, 238, 229, 59, 0, 0, 23, 1, 0, 243, 1, 0, 2, 7, 68]
1542953868381;[171, 0, 17, 255, 161, 74, 238, 229, 59, 0, 0, 23, 1, 0, 243, 1, 0, 1, 7, 82]
1542953868896;[171, 0, 17, 255, 161, 74, 238, 229, 59, 0, 0, 21, 1, 0, 242, 0, 0, 0, 7, 65]
1542953868900;[171, 0, 17, 255, 161, 74, 238, 229, 59, 0, 0, 25, 1, 0, 244, 1, 0, 3, 6, 240]
1542953868904;[171, 0, 17, 255, 161, 74, 238, 229, 59, 0, 0, 23, 1, 0, 243, 0, 0, 0, 7, 18]
1542953868908;[171, 0, 17, 255, 161, 74, 238, 229, 59, 0, 0, 22, 1, 0, 244, 1, 0, 3, 7, 218]
1542953869066;[171, 0, 17, 255, 161, 74, 238, 229, 59, 0, 0, 24, 1, 0, 245, 1, 0, 1, 7, 171]
1542953869069;[171, 0, 17, 255, 161, 74, 238, 229, 59, 0, 0, 22, 1, 0, 243, 0, 0, 0, 7, 123]
1542953869073;[171, 0, 17, 255, 161, 74, 238, 229, 64, 0, 0, 21, 1, 0, 243, 0, 0, 1, 7, 49]
1542953869239;[171, 0, 17, 255, 161, 74, 238, 229, 64, 0, 0, 20, 1, 0, 245, 0, 0, 1, 7, 36]
1542953869410;[171, 0, 4, 255, 132, 128, 116]
1542953869416;[171, 0, 17, 255, 161, 74, 238, 229, 64, 0, 0, 22, 1, 0, 243, 0, 0, 0, 8, 39]
1542953869580;[171, 0, 17, 255, 161, 74, 238, 229, 64, 0, 0, 24, 1, 0, 243, 0, 0, 1, 8, 34]
1542953869583;[171, 0, 17, 255, 161, 74, 238, 229, 64, 0, 0, 27, 1, 0, 243, 0, 0, 0, 7, 240]
1542953869755;[171, 0, 17, 255, 161, 74, 238, 229, 64, 0, 0, 22, 1, 0, 244, 0, 0, 0, 7, 211]
1542953870104;[171, 0, 17, 255, 161, 74, 238, 229, 64, 0, 0, 27, 1, 0, 243, 1, 0, 1, 7, 177]
1542953870109;[171, 0, 17, 255, 161, 74, 238, 229, 64, 0, 0, 24, 1, 0, 243, 1, 0, 2, 8, 205]
1542953870113;[171, 0, 17, 255, 161, 74, 238, 229, 64, 0, 0, 28, 1, 0, 241, 1, 0, 1, 8, 220]
1542953870118;[171, 0, 17, 255, 161, 74, 238, 229, 64, 0, 0, 25, 1, 0, 245, 0, 0, 0, 8, 168]
1542953870273;[171, 0, 17, 255, 161, 74, 238, 229, 65, 0, 0, 27, 1, 0, 242, 1, 0, 2, 8, 134]
1542953870277;[171, 0, 17, 255, 161, 74, 238, 229, 65, 0, 0, 27, 1, 0, 242, 0, 0, 0, 8, 102]
1542953870446;[171, 0, 4, 255, 132, 128, 116]
1542953870619;[171, 0, 17, 255, 161, 74, 238, 229, 65, 0, 0, 26, 1, 0, 244, 1, 0, 1, 9, 164]
1542953870623;[171, 0, 17, 255, 161, 74, 238, 229, 65, 0, 0, 27, 1, 0, 246, 0, 0, 0, 9, 197]
1542953870792;[171, 0, 17, 255, 161, 74, 238, 229, 65, 0, 0, 24, 1, 0, 243, 0, 0, 0, 9, 151]
1542953870796;[171, 0, 17, 255, 161, 74, 238, 229, 65, 0, 0, 26, 1, 0, 244, 0, 0, 1, 9, 118]
1542953870964;[171, 0, 17, 255, 161, 74, 238, 229, 65, 0, 0, 28, 1, 0, 245, 0, 0, 0, 9, 89]
1542953870969;[171, 0, 17, 255, 161, 74, 238, 229, 65, 0, 0, 26, 1, 0, 242, 1, 0, 2, 10, 140]
1542953871309;[171, 0, 17, 255, 161, 74, 238, 229, 65, 0, 0, 26, 1, 0, 243, 0, 0, 0, 10, 169]
1542953871313;[171, 0, 17, 255, 161, 74, 238, 229, 65, 0, 0, 27, 1, 0, 244, 1, 0, 2, 10, 120]
1542953871317;[171, 0, 17, 255, 161, 74, 238, 229, 66, 0, 0, 22, 1, 0, 244, 1, 0, 3, 10, 69]
1542953871481;[171, 0, 17, 255, 161, 74, 238, 229, 66, 0, 0, 22, 1, 0, 242, 1, 0, 2, 9, 244]
1542953871484;[171, 0, 4, 255, 132, 128, 116]
1542953871654;[171, 0, 17, 255, 161, 74, 238, 229, 66, 0, 0, 27, 1, 0, 242, 1, 0, 3, 10, 207]
1542953871826;[171, 0, 17, 255, 161, 74, 238, 229, 66, 0, 0, 27, 1, 0, 243, 1, 0, 3, 10, 164]
1542953871830;[171, 0, 17, 255, 161, 74, 238, 229, 66, 0, 0, 27, 1, 0, 244, 1, 0, 1, 10, 47]
1542953871999;[171, 0, 17, 255, 161, 74, 238, 229, 66, 0, 0, 23, 1, 0, 243, 1, 0, 2, 9, 223]
1542953872003;[171, 0, 17, 255, 161, 74, 238, 229, 66, 0, 0, 27, 1, 0, 244, 1, 0, 1, 9, 138]
1542953872171;[171, 0, 17, 255, 161, 74, 238, 229, 66, 0, 0, 27, 1, 0, 245, 1, 0, 2, 10, 81]
1542953872174;[171, 0, 17, 255, 161, 74, 238, 229, 66, 0, 0, 23, 1, 0, 245, 1, 0, 3, 10, 53]
1542953872345;[171, 0, 17, 255, 161, 74, 238, 229, 66, 0, 0, 23, 1, 0, 246, 1, 0, 2, 9, 220]
1542953872692;[171, 0, 17, 255, 161, 74, 238, 229, 67, 0, 0, 24, 1, 0, 245, 1, 0, 4, 9, 152]
1542953872695;[171, 0, 17, 255, 161, 74, 238, 229, 67, 0, 0, 24, 1, 0, 245, 1, 0, 3, 9, 83]
1542953872699;[171, 0, 4, 255, 132, 128, 116]
1542953872704;[171, 0, 17, 255, 161, 74, 238, 229, 67, 0, 0, 24, 1, 0, 243, 1, 0, 3, 10, 21]
1542953872862;[171, 0, 17, 255, 161, 74, 238, 229, 67, 0, 0, 24, 1, 0, 243, 1, 0, 4, 9, 237]
1542953873033;[171, 0, 17, 255, 161, 74, 238, 229, 67, 0, 0, 27, 1, 0, 241, 1, 0, 3, 9, 143]
1542953873037;[171, 0, 17, 255, 161, 74, 238, 229, 67, 0, 0, 26, 1, 0, 245, 1, 0, 5, 9, 79]
1542953873206;[171, 0, 17, 255, 161, 74, 238, 229, 67, 0, 0, 25, 1, 0, 245, 1, 0, 3, 9, 50]
1542953873210;[171, 0, 17, 255, 161, 74, 238, 229, 67, 0, 0, 25, 1, 0, 245, 1, 0, 2, 9, 199]
1542953873380;[171, 0, 17, 255, 161, 74, 238, 229, 67, 0, 0, 26, 1, 0, 243, 1, 0, 2, 9, 133]
1542953873383;[171, 0, 17, 255, 161, 74, 238, 229, 67, 0, 0, 27, 1, 0, 243, 1, 0, 5, 9, 4]
1542953873551;[171, 0, 17, 255, 161, 74, 238, 229, 68, 0, 0, 29, 1, 0, 246, 1, 0, 1, 8, 167]
1542953873899;[171, 0, 17, 255, 161, 74, 238, 229, 68, 0, 0, 25, 1, 0, 243, 1, 0, 3, 8, 123]
1542953873902;[171, 0, 4, 255, 132, 128, 116]
1542953873906;[171, 0, 17, 255, 161, 74, 238, 229, 68, 0, 0, 23, 1, 0, 243, 1, 0, 4, 8, 231]
1542953873910;[171, 0, 17, 255, 161, 74, 238, 229, 68, 0, 0, 23, 1, 0, 241, 1, 0, 4, 8, 179]
1542953874068;[171, 0, 17, 255, 161, 74, 238, 229, 68, 0, 0, 25, 1, 0, 246, 1, 0, 4, 8, 118]
1542953874072;[171, 0, 17, 255, 161, 74, 238, 229, 68, 0, 0, 35, 1, 0, 247, 1, 0, 4, 7, 250]
1542953874243;[171, 0, 17, 255, 161, 74, 238, 229, 68, 0, 0, 60, 1, 1, 33, 1, 0, 35, 6, 37]
1542953874415;[171, 0, 17, 255, 161, 74, 238, 229, 68, 1, 0, 11, 1, 0, 206, 1, 0, 103, 4, 116]
1542953874418;[171, 0, 17, 255, 161, 74, 238, 229, 68, 1, 0, 60, 1, 0, 169, 0, 0, 54, 4, 148]
1542953874586;[171, 0, 17, 255, 161, 74, 238, 229, 68, 1, 0, 56, 1, 0, 205, 0, 0, 125, 5, 69]
1542953874589;[171, 0, 17, 255, 161, 74, 238, 229, 69, 1, 0, 31, 1, 0, 131, 0, 0, 133, 5, 125]
1542953874758;[171, 0, 17, 255, 161, 74, 238, 229, 69, 1, 0, 168, 1, 0, 238, 0, 0, 238, 4, 64]
1542953874931;[171, 0, 4, 255, 132, 128, 117]
1542953874935;[171, 0, 17, 255, 161, 74, 238, 229, 69, 1, 0, 56, 1, 0, 248, 0, 0, 34, 2, 74]
1542953875276;[171, 0, 17, 255, 161, 74, 238, 229, 69, 0, 0, 33, 1, 1, 2, 0, 0, 4, 1, 59]
1542953875278;[171, 0, 17, 255, 161, 74, 238, 229, 69, 0, 0, 174, 1, 1, 22, 0, 0, 46, 16, 113]
1542953875284;[171, 0, 17, 255, 161, 74, 238, 229, 69, 1, 0, 33, 1, 0, 250, 0, 0, 187, 6, 241]
1542953875287;[171, 0, 17, 255, 161, 74, 238, 229, 69, 0, 0, 30, 1, 0, 231, 0, 0, 0, 6, 98]
1542953875449;[171, 0, 17, 255, 161, 74, 238, 229, 69, 0, 0, 9, 1, 1, 36, 0, 0, 79, 5, 240]
1542953875795;[171, 0, 17, 255, 161, 74, 238, 229, 69, 1, 0, 67, 1, 1, 21, 0, 0, 104, 6, 228]
1542953875799;[171, 0, 17, 255, 161, 74, 238, 229, 69, 1, 0, 108, 1, 0, 180, 0, 0, 61, 8, 52]
1542953875803;[171, 0, 17, 255, 161, 74, 238, 229, 70, 0, 1, 182, 1, 2, 238, 1, 1, 200, 8, 35]
1542953875807;[171, 0, 17, 255, 161, 74, 238, 229, 70, 0, 0, 22, 1, 0, 225, 0, 0, 36, 8, 216]
1542953875967;[171, 0, 4, 255, 132, 128, 117]
1542953875971;[171, 0, 17, 255, 161, 74, 238, 229, 70, 0, 0, 139, 1, 0, 216, 0, 0, 36, 8, 145]
1542953876138;[171, 0, 17, 255, 161, 74, 238, 229, 70, 0, 0, 92, 1, 0, 232, 0, 0, 34, 7, 220]
1542953876486;[171, 0, 17, 255, 161, 74, 238, 229, 70, 0, 0, 93, 1, 0, 226, 0, 0, 50, 7, 251]
1542953876490;[171, 0, 17, 255, 161, 74, 238, 229, 70, 0, 0, 70, 1, 1, 9, 0, 0, 62, 7, 131]
1542953876494;[171, 0, 17, 255, 161, 74, 238, 229, 70, 1, 0, 89, 1, 1, 16, 1, 0, 24, 7, 124]
1542953876498;[171, 0, 17, 255, 161, 74, 238, 229, 70, 1, 0, 2, 1, 0, 133, 0, 0, 26, 8, 46]
1542953876656;[171, 0, 17, 255, 161, 74, 238, 229, 70, 1, 0, 10, 1, 1, 110, 0, 0, 181, 8, 111]
1542953876829;[171, 0, 17, 255, 161, 74, 238, 229, 70, 1, 0, 28, 1, 0, 244, 0, 0, 4, 7, 245]
1542953876832;[171, 0, 17, 255, 161, 74, 238, 229, 71, 1, 0, 7, 1, 1, 0, 0, 0, 41, 7, 89]
1542953877001;[171, 0, 17, 255, 161, 74, 238, 229, 71, 0, 0, 9, 1, 0, 248, 0, 0, 40, 7, 118]
1542953877005;[171, 0, 4, 255, 132, 128, 117]
1542953877174;[171, 0, 17, 255, 161, 74, 238, 229, 71, 1, 0, 2, 1, 0, 249, 0, 0, 39, 7, 238]
1542953877178;[171, 0, 17, 255, 161, 74, 238, 229, 71, 1, 0, 1, 1, 0, 250, 0, 0, 10, 7, 234]
1542953877346;[171, 0, 17, 255, 161, 74, 238, 229, 71, 1, 0, 15, 1, 0, 233, 0, 0, 1, 7, 225]
1542953877865;[171, 0, 17, 255, 161, 74, 238, 229, 71, 0, 0, 5, 1, 0, 240, 1, 0, 32, 7, 117]
1542953877869;[171, 0, 17, 255, 161, 74, 238, 229, 71, 0, 0, 21, 1, 0, 243, 1, 0, 13, 8, 32]
1542953877873;[171, 0, 17, 255, 161, 74, 238, 229, 71, 0, 0, 27, 1, 0, 243, 1, 0, 13, 8, 135]
1542953877877;[171, 0, 17, 255, 161, 74, 238, 229, 71, 0, 0, 20, 1, 0, 246, 1, 0, 17, 8, 138]
1542953878037;[171, 0, 17, 255, 161, 74, 238, 229, 71, 0, 0, 17, 1, 0, 241, 1, 0, 12, 8, 119]
1542953878041;[171, 0, 17, 255, 161, 74, 238, 229, 72, 0, 0, 21, 1, 0, 245, 1, 0, 10, 8, 100]
1542953878045;[171, 0, 17, 255, 161, 74, 238, 229, 72, 0, 0, 27, 1, 0, 243, 1, 0, 10, 9, 115]
1542953878209;[171, 0, 4, 255, 132, 128, 117]
1542953878213;[171, 0, 17, 255, 161, 74, 238, 229, 72, 0, 0, 24, 1, 0, 245, 1, 0, 10, 9, 237]
1542953878382;[171, 0, 17, 255, 161, 74, 238, 229, 72, 0, 0, 34, 1, 0, 242, 1, 0, 12, 10, 21]
1542953878385;[171, 0, 17, 255, 161, 74, 238, 229, 72, 0, 0, 32, 1, 0, 243, 1, 0, 15, 10, 74]
1542953878553;[171, 0, 17, 255, 161, 74, 238, 229, 72, 0, 0, 29, 1, 0, 241, 1, 0, 13, 10, 220]
1542953878726;[171, 0, 17, 255, 161, 74, 238, 229, 72, 0, 0, 33, 1, 0, 242, 1, 0, 12, 12, 11]
1542953878730;[171, 0, 17, 255, 161, 74, 238, 229, 72, 0, 0, 35, 1, 0, 242, 1, 0, 13, 12, 125]
1542953879074;[171, 0, 17, 255, 161, 74, 238, 229, 72, 0, 0, 32, 1, 0, 242, 1, 0, 14, 12, 180]
1542953879078;[171, 0, 17, 255, 161, 74, 238, 229, 72, 0, 0, 28, 1, 0, 239, 1, 0, 15, 12, 220]
1542953879082;[171, 0, 17, 255, 161, 74, 238, 229, 73, 0, 0, 33, 1, 0, 241, 1, 0, 14, 13, 200]
1542953879086;[171, 0, 17, 255, 161, 74, 238, 229, 73, 0, 0, 30, 1, 0, 245, 1, 0, 13, 14, 125]
1542953879243;[171, 0, 4, 255, 132, 128, 117]
1542953879416;[171, 0, 17, 255, 161, 74, 238, 229, 73, 0, 0, 31, 1, 0, 241, 1, 0, 13, 14, 161]
1542953879420;[171, 0, 17, 255, 161, 74, 238, 229, 73, 0, 0, 35, 1, 0, 241, 1, 0, 13, 14, 202]
1542953879593;[171, 0, 17, 255, 161, 74, 238, 229, 73, 0, 0, 34, 1, 0, 241, 1, 0, 12, 14, 226]
1542953879594;[171, 0, 17, 255, 161, 74, 238, 229, 73, 0, 0, 33, 1, 0, 243, 1, 0, 14, 31, 252]
1542953879761;[171, 0, 17, 255, 161, 74, 238, 229, 73, 0, 0, 31, 1, 0, 244, 1, 0, 15, 8, 102]
1542953879764;[171, 0, 17, 255, 161, 74, 238, 229, 73, 0, 0, 36, 1, 0, 242, 1, 0, 16, 8, 84]
1542953879933;[171, 0, 17, 255, 161, 74, 238, 229, 73, 0, 0, 24, 1, 0, 244, 1, 0, 17, 8, 65]
1542953880280;[171, 0, 17, 255, 161, 74, 238, 229, 73, 0, 0, 34, 1, 0, 240, 1, 0, 22, 8, 48]
1542953880283;[171, 0, 17, 255, 161, 74, 238, 229, 74, 0, 0, 35, 1, 0, 240, 1, 0, 18, 8, 225]
1542953880288;[171, 0, 17, 255, 161, 74, 238, 229, 74, 0, 0, 38, 1, 0, 239, 1, 0, 16, 8, 190]
1542953880292;[171, 0, 4, 255, 132, 128, 117]
1542953880451;[171, 0, 17, 255, 161, 74, 238, 229, 74, 0, 0, 40, 1, 0, 241, 1, 0, 14, 8, 62]
1542953880624;[171, 0, 17, 255, 161, 74, 238, 229, 74, 0, 0, 43, 1, 0, 242, 1, 0, 15, 7, 162]
1542953880628;[171, 0, 17, 255, 161, 74, 238, 229, 74, 0, 0, 42, 1, 0, 244, 1, 0, 14, 7, 145]
1542953880796;[171, 0, 17, 255, 161, 74, 238, 229, 74, 0, 0, 47, 1, 0, 240, 1, 0, 19, 8, 23]
1542953880800;[171, 0, 17, 255, 161, 74, 238, 229, 74, 0, 0, 49, 1, 0, 239, 1, 0, 17, 8, 51]
1542953880968;[171, 0, 17, 255, 161, 74, 238, 229, 74, 0, 0, 46, 1, 0, 240, 1, 0, 23, 8, 91]
1542953880972;[171, 0, 17, 255, 161, 74, 238, 229, 74, 0, 0, 49, 1, 0, 236, 1, 0, 26, 8, 117]
1542953881140;[171, 0, 17, 255, 161, 74, 238, 229, 74, 0, 0, 45, 1, 0, 239, 1, 0, 28, 9, 59]
1542953881314;[171, 0, 17, 255, 161, 74, 238, 229, 75, 0, 0, 44, 1, 0, 238, 1, 0, 26, 9, 134]
1542953881318;[171, 0, 17, 255, 161, 74, 238, 229, 75, 0, 0, 48, 1, 0, 238, 1, 0, 25, 9, 63]
1542953881660;[171, 0, 4, 255, 132, 128, 117]
1542953881664;[171, 0, 17, 255, 161, 74, 238, 229, 75, 0, 0, 40, 1, 0, 238, 1, 0, 22, 8, 212]
1542953881668;[171, 0, 17, 255, 161, 74, 238, 229, 75, 0, 0, 42, 1, 0, 241, 1, 0, 19, 8, 81]
1542953881831;[171, 0, 17, 255, 161, 74, 238, 229, 75, 0, 0, 46, 1, 0, 240, 1, 0, 24, 8, 254]
1542953881835;[171, 0, 17, 255, 161, 74, 238, 229, 75, 0, 0, 44, 1, 0, 240, 1, 0, 24, 9, 46]
1542953882004;[171, 0, 17, 255, 161, 74, 238, 229, 75, 0, 0, 40, 1, 0, 238, 1, 0, 24, 9, 20]
1542953882008;[171, 0, 17, 255, 161, 74, 238, 229, 75, 0, 0, 54, 1, 0, 237, 1, 0, 25, 9, 30]
1542953882177;[171, 0, 17, 255, 161, 74, 238, 229, 75, 0, 0, 41, 1, 0, 242, 1, 0, 18, 9, 62]
1542953882181;[171, 0, 17, 255, 161, 74, 238, 229, 75, 0, 0, 31, 1, 0, 239, 1, 0, 19, 9, 118]
1542953882349;[171, 0, 17, 255, 161, 74, 238, 229, 76, 0, 0, 31, 1, 0, 243, 1, 0, 25, 9, 13]
1542953882522;[171, 0, 17, 255, 161, 74, 238, 229, 76, 0, 0, 55, 1, 0, 240, 1, 0, 21, 9, 16]
1542953882526;[171, 0, 4, 255, 132, 128, 118]
1542953882868;[171, 0, 17, 255, 161, 74, 238, 229, 76, 0, 0, 63, 1, 0, 238, 1, 0, 25, 9, 74]
1542953882872;[171, 0, 17, 255, 161, 74, 238, 229, 76, 0, 0, 56, 1, 0, 237, 1, 0, 20, 9, 156]
1542953882876;[171, 0, 17, 255, 161, 74, 238, 229, 76, 0, 0, 57, 1, 0, 238, 1, 0, 21, 9, 227]
1542953882880;[171, 0, 17, 255, 161, 74, 238, 229, 76, 0, 0, 57, 1, 0, 237, 1, 0, 20, 9, 173]
1542953883039;[171, 0, 17, 255, 161, 74, 238, 229, 76, 0, 0, 57, 1, 0, 237, 1, 0, 20, 9, 147]
1542953883212;[171, 0, 17, 255, 161, 74, 238, 229, 76, 0, 0, 57, 1, 0, 237, 1, 0, 23, 9, 112]
1542953883215;[171, 0, 17, 255, 161, 74, 238, 229, 76, 0, 0, 60, 1, 0, 236, 1, 0, 22, 9, 217]
1542953883385;[171, 0, 17, 255, 161, 74, 238, 229, 76, 0, 0, 51, 1, 0, 238, 1, 0, 21, 10, 18]
1542953883388;[171, 0, 17, 255, 161, 74, 238, 229, 77, 0, 0, 51, 1, 0, 241, 1, 0, 20, 10, 45]
1542953883557;[171, 0, 17, 255, 161, 74, 238, 229, 77, 0, 0, 58, 1, 0, 235, 1, 0, 19, 10, 149]
1542953883728;[171, 0, 4, 255, 132, 128, 118]
1542953883732;[171, 0, 17, 255, 161, 74, 238, 229, 77, 0, 0, 59, 1, 0, 237, 1, 0, 23, 10, 213]
1542953883900;[171, 0, 17, 255, 161, 74, 238, 229, 77, 0, 0, 56, 1, 0, 238, 1, 0, 22, 10, 213]
1542953883904;[171, 0, 17, 255, 161, 74, 238, 229, 77, 0, 0, 60, 1, 0, 241, 1, 0, 24, 10, 213]
1542953884247;[171, 0, 17, 255, 161, 74, 238, 229, 77, 0, 0, 64, 1, 0, 231, 1, 0, 19, 11, 45]
1542953884252;[171, 0, 17, 255, 161, 74, 238, 229, 77, 0, 0, 66, 1, 0, 233, 1, 0, 26, 11, 112]
1542953884255;[171, 0, 17, 255, 161, 74, 238, 229, 77, 0, 0, 70, 1, 0, 230, 1, 0, 25, 11, 160]
1542953884419;[171, 0, 17, 255, 161, 74, 238, 229, 77, 0, 0, 71, 1, 0, 232, 1, 0, 26, 12, 95]
1542953884423;[171, 0, 17, 255, 161, 74, 238, 229, 77, 0, 0, 70, 1, 0, 231, 1, 0, 31, 12, 156]
1542953884664;[171, 0, 17, 255, 161, 74, 238, 229, 78, 0, 0, 74, 1, 0, 231, 1, 0, 32, 12, 176]
1542953884669;[171, 0, 17, 255, 161, 74, 238, 229, 78, 0, 0, 77, 1, 0, 232, 1, 0, 29, 12, 216]
1542953884763;[171, 0, 4, 255, 132, 128, 119]
1542953884767;[171, 0, 17, 255, 161, 74, 238, 229, 78, 0, 0, 71, 1, 0, 233, 1, 0, 20, 12, 174]
1542953884937;[171, 0, 17, 255, 161, 74, 238, 229, 78, 0, 0, 72, 1, 0, 231, 1, 0, 18, 13, 0]
1542953885108;[171, 0, 17, 255, 161, 74, 238, 229, 78, 0, 0, 71, 1, 0, 226, 1, 0, 25, 12, 217]
1542953885112;[171, 0, 17, 255, 161, 74, 238, 229, 78, 0, 0, 75, 1, 0, 231, 1, 0, 22, 12, 187]
1542953885455;[171, 0, 17, 255, 161, 74, 238, 229, 78, 0, 0, 77, 1, 0, 227, 1, 0, 27, 12, 190]
1542953885459;[171, 0, 17, 255, 161, 74, 238, 229, 78, 0, 0, 80, 1, 0, 227, 1, 0, 22, 12, 228]
1542953885463;[171, 0, 17, 255, 161, 74, 238, 229, 78, 0, 0, 85, 1, 0, 232, 1, 0, 22, 13, 81]
1542953885625;[171, 0, 17, 255, 161, 74, 238, 229, 78, 0, 0, 87, 1, 0, 228, 1, 0, 13, 13, 62]
1542953885629;[171, 0, 17, 255, 161, 74, 238, 229, 79, 0, 0, 87, 1, 0, 229, 1, 0, 9, 13, 47]
1542953885799;[171, 0, 17, 255, 161, 74, 238, 229, 79, 0, 0, 85, 1, 0, 230, 1, 0, 7, 13, 19]
1542953885802;[171, 0, 4, 255, 132, 128, 120]
1542953885971;[171, 0, 17, 255, 161, 74, 238, 229, 79, 0, 0, 85, 1, 0, 224, 1, 0, 11, 13, 38]
1542953885975;[171, 0, 17, 255, 161, 74, 238, 229, 79, 0, 0, 86, 1, 0, 226, 1, 0, 8, 13, 171]
1542953886143;[171, 0, 17, 255, 161, 74, 238, 229, 79, 0, 0, 83, 1, 0, 225, 1, 0, 11, 13, 192]
1542953886317;[171, 0, 17, 255, 161, 74, 238, 229, 79, 0, 0, 84, 1, 0, 231, 1, 0, 11, 13, 215]
1542953886321;[171, 0, 17, 255, 161, 74, 238, 229, 79, 0, 0, 84, 1, 0, 229, 1, 0, 8, 13, 213]
1542953886663;[171, 0, 17, 255, 161, 74, 238, 229, 79, 0, 0, 87, 1, 0, 232, 1, 0, 9, 13, 251]
1542953886667;[171, 0, 17, 255, 161, 74, 238, 229, 79, 0, 0, 86, 1, 0, 229, 1, 0, 10, 14, 152]
1542953886671;[171, 0, 17, 255, 161, 74, 238, 229, 79, 0, 0, 81, 1, 0, 228, 1, 0, 12, 14, 211]
1542953886675;[171, 0, 17, 255, 161, 74, 238, 229, 80, 0, 0, 84, 1, 0, 228, 1, 0, 14, 14, 225]
1542953886833;[171, 0, 17, 255, 161, 74, 238, 229, 80, 0, 0, 77, 1, 0, 229, 1, 0, 15, 14, 210]
1542953887005;[171, 0, 4, 255, 132, 128, 121]
1542953887010;[171, 0, 17, 255, 161, 74, 238, 229, 80, 0, 0, 78, 1, 0, 231, 1, 0, 12, 14, 168]
1542953887175;[171, 0, 17, 255, 161, 74, 238, 229, 80, 0, 0, 82, 1, 0, 230, 1, 0, 13, 14, 190]
1542953887178;[171, 0, 17, 255, 161, 74, 238, 229, 80, 0, 0, 71, 1, 0, 233, 1, 0, 9, 14, 69]
1542953887351;[171, 0, 17, 255, 161, 74, 238, 229, 80, 0, 0, 86, 1, 0, 232, 1, 0, 14, 13, 210]
1542953887523;[171, 0, 17, 255, 161, 74, 238, 229, 80, 0, 0, 76, 1, 0, 226, 1, 0, 16, 13, 211]
1542953887527;[171, 0, 17, 255, 161, 74, 238, 229, 80, 0, 0, 83, 1, 0, 233, 1, 0, 14, 13, 192]
1542953887696;[171, 0, 17, 255, 161, 74, 238, 229, 80, 0, 0, 80, 1, 0, 229, 1, 0, 19, 14, 21]
1542953887700;[171, 0, 17, 255, 161, 74, 238, 229, 80, 0, 0, 76, 1, 0, 231, 1, 0, 13, 14, 55]
1542953888041;[171, 0, 17, 255, 161, 74, 238, 229, 81, 0, 0, 77, 1, 0, 231, 1, 0, 14, 14, 32]
1542953888045;[171, 0, 17, 255, 161, 74, 238, 229, 83, 0, 0, 83, 1, 1, 19, 1, 0, 12, 9, 47]
1542953888214;[171, 0, 17, 255, 161, 74, 238, 229, 83, 1, 0, 39, 1, 0, 167, 0, 0, 68, 5, 103]
1542953888219;[171, 0, 17, 255, 161, 74, 238, 229, 83, 0, 0, 69, 1, 1, 49, 1, 0, 225, 5, 103]
1542953888386;[171, 0, 17, 255, 161, 74, 238, 229, 83, 1, 0, 96, 1, 1, 12, 0, 0, 154, 2, 245]
1542953888558;[171, 0, 17, 255, 161, 74, 238, 229, 83, 1, 0, 88, 1, 1, 3, 1, 0, 140, 16, 0]
1542953888732;[171, 0, 17, 255, 161, 74, 238, 229, 83, 0, 0, 41, 1, 0, 241, 1, 0, 48, 7, 13]
1542953888735;[171, 0, 17, 255, 161, 74, 238, 229, 83, 1, 0, 18, 1, 0, 209, 0, 0, 141, 7, 13]
1542953888903;[171, 0, 17, 255, 161, 74, 238, 229, 83, 1, 0, 133, 1, 1, 84, 0, 0, 103, 6, 229]
1542953888907;[171, 0, 17, 255, 161, 74, 238, 229, 84, 1, 0, 225, 1, 0, 45, 0, 0, 250, 7, 25]
1542953889249;[171, 0, 17, 255, 161, 74, 238, 229, 84, 1, 0, 142, 0, 0, 15, 0, 1, 66, 6, 221]
1542953889253;[171, 0, 4, 255, 132, 128, 122]
1542953889258;[171, 0, 17, 255, 161, 74, 238, 229, 84, 1, 0, 122, 1, 0, 190, 1, 0, 78, 6, 131]
1542953889421;[171, 0, 17, 255, 161, 74, 238, 229, 84, 1, 0, 10, 1, 0, 238, 1, 0, 16, 5, 128]
1542953889425;[171, 0, 17, 255, 161, 74, 238, 229, 84, 1, 0, 29, 1, 0, 245, 0, 0, 40, 5, 15]
1542953889594;[171, 0, 17, 255, 161, 74, 238, 229, 84, 0, 0, 18, 1, 0, 236, 0, 0, 41, 4, 179]
1542953889598;[171, 0, 17, 255, 161, 74, 238, 229, 84, 0, 0, 52, 1, 0, 244, 0, 0, 42, 4, 245]
1542953889767;[171, 0, 17, 255, 161, 74, 238, 229, 84, 0, 0, 10, 1, 0, 236, 0, 0, 45, 5, 111]
1542953889770;[171, 0, 17, 255, 161, 74, 238, 229, 84, 0, 0, 51, 1, 0, 239, 0, 0, 63, 5, 193]
1542953889939;[171, 0, 17, 255, 161, 74, 238, 229, 84, 0, 0, 18, 1, 0, 238, 0, 0, 44, 6, 30]
1542953890111;[171, 0, 17, 255, 161, 74, 238, 229, 85, 0, 0, 29, 1, 0, 238, 0, 0, 52, 6, 109]
1542953890115;[171, 0, 17, 255, 161, 74, 238, 229, 85, 0, 0, 18, 1, 0, 244, 0, 0, 52, 7, 142]
1542953890284;[171, 0, 4, 255, 132, 128, 123]
1542953890288;[171, 0, 17, 255, 161, 74, 238, 229, 85, 0, 0, 14, 1, 0, 249, 0, 0, 70, 8, 121]
1542953890630;[171, 0, 17, 255, 161, 74, 238, 229, 85, 0, 0, 7, 1, 1, 41, 0, 0, 53, 9, 184]
1542953890634;[171, 0, 17, 255, 161, 74, 238, 229, 85, 1, 0, 124, 1, 0, 164, 0, 0, 140, 10, 44]
1542953890638;[171, 0, 17, 255, 161, 74, 238, 229, 85, 0, 0, 70, 1, 0, 83, 1, 0, 10, 10, 211]
1542953890801;[171, 0, 17, 255, 161, 74, 238, 229, 85, 1, 0, 55, 1, 1, 6, 1, 0, 21, 10, 254]
1542953890805;[171, 0, 17, 255, 161, 74, 238, 229, 85, 0, 1, 250, 1, 0, 198, 1, 0, 254, 10, 196]
1542953890975;[171, 0, 17, 255, 161, 74, 238, 229, 85, 1, 0, 15, 1, 0, 250, 0, 0, 163, 11, 117]
1542953890978;[171, 0, 17, 255, 161, 74, 238, 229, 85, 1, 0, 48, 1, 0, 244, 0, 0, 63, 11, 117]
1542953891147;[171, 0, 17, 255, 161, 74, 238, 229, 86, 1, 0, 30, 1, 0, 255, 0, 0, 43, 10, 64]
1542953891319;[171, 0, 17, 255, 161, 74, 238, 229, 86, 0, 0, 8, 1, 1, 53, 0, 0, 20, 8, 133]
1542953891322;[171, 0, 4, 255, 132, 128, 123]
1542953891493;[171, 0, 17, 255, 161, 74, 238, 229, 86, 0, 0, 95, 1, 1, 127, 0, 0, 23, 8, 133]
1542953891496;[171, 0, 17, 255, 161, 74, 238, 229, 86, 0, 0, 37, 1, 0, 59, 0, 0, 59, 8, 239]
1542953891837;[171, 0, 17, 255, 161, 74, 238, 229, 86, 0, 0, 0, 1, 0, 143, 1, 0, 20, 9, 48]
1542953891841;[171, 0, 17, 255, 161, 74, 238, 229, 86, 1, 0, 43, 1, 1, 165, 0, 0, 32, 8, 234]
1542953891845;[171, 0, 17, 255, 161, 74, 238, 229, 86, 1, 0, 11, 1, 0, 221, 0, 3, 208, 11, 110]
1542953892008;[171, 0, 17, 255, 161, 74, 238, 229, 86, 1, 0, 7, 1, 0, 232, 0, 0, 20, 12, 69]
1542953892012;[171, 0, 17, 255, 161, 74, 238, 229, 86, 0, 0, 8, 1, 0, 249, 0, 0, 16, 12, 87]
1542953892181;[171, 0, 17, 255, 161, 74, 238, 229, 86, 0, 0, 11, 1, 0, 250, 0, 0, 12, 12, 92]
1542953892185;[171, 0, 17, 255, 161, 74, 238, 229, 87, 0, 0, 11, 1, 1, 6, 0, 0, 34, 12, 146]
1542953892354;[171, 0, 17, 255, 161, 74, 238, 229, 87, 1, 0, 9, 1, 1, 2, 0, 0, 7, 12, 158]
1542953892526;[171, 0, 4, 255, 132, 128, 123]
1542953892530;[171, 0, 17, 255, 161, 74, 238, 229, 87, 0, 0, 150, 1, 2, 5, 0, 0, 14, 12, 184]
1542953892698;[171, 0, 17, 255, 161, 74, 238, 229, 87, 0, 0, 56, 1, 0, 109, 0, 0, 43, 12, 102]
1542953892702;[171, 0, 17, 255, 161, 74, 238, 229, 87, 0, 0, 155, 1, 0, 182, 0, 0, 33, 12, 235]
1542953893220;[171, 0, 17, 255, 161, 74, 238, 229, 87, 1, 5, 183, 1, 3, 32, 0, 0, 198, 13, 48]
1542953893225;[171, 0, 17, 255, 161, 74, 238, 229, 87, 0, 0, 82, 1, 1, 48, 0, 0, 4, 13, 48]
1542953893231;[171, 0, 17, 255, 161, 74, 238, 229, 87, 0, 0, 7, 1, 0, 239, 0, 0, 47, 13, 52]
1542953893235;[171, 0, 17, 255, 161, 74, 238, 229, 87, 0, 0, 42, 1, 1, 1, 0, 0, 34, 12, 13]
1542953893387;[171, 0, 17, 255, 161, 74, 238, 229, 87, 1, 0, 44, 1, 0, 236, 0, 0, 48, 12, 85]
1542953893389;[171, 0, 17, 255, 161, 74, 238, 229, 88, 1, 0, 45, 1, 0, 225, 0, 0, 59, 12, 161]
1542953893391;[171, 0, 17, 255, 161, 74, 238, 229, 88, 0, 0, 27, 1, 0, 251, 0, 0, 42, 11, 243]
1542953893558;[171, 0, 4, 255, 132, 128, 125]
1542953893561;[171, 0, 17, 255, 161, 74, 238, 229, 88, 0, 0, 20, 1, 0, 244, 0, 0, 63, 10, 232]
1542953893733;[171, 0, 17, 255, 161, 74, 238, 229, 88, 0, 0, 46, 1, 0, 250, 0, 0, 41, 10, 32]
1542953893907;[171, 0, 17, 255, 161, 74, 238, 229, 88, 0, 0, 33, 1, 0, 235, 0, 0, 143, 11, 140]
1542953893912;[171, 0, 17, 255, 161, 74, 238, 229, 88, 0, 0, 27, 1, 1, 12, 1, 0, 24, 12, 122]
1542953894079;[171, 0, 17, 255, 161, 74, 238, 229, 88, 0, 0, 102, 1, 0, 242, 1, 0, 10, 12, 47]
1542953894083;[171, 0, 17, 255, 161, 74, 238, 229, 88, 0, 0, 124, 1, 0, 244, 0, 0, 34, 12, 150]
1542953894425;[171, 0, 17, 255, 161, 74, 238, 229, 88, 0, 0, 28, 1, 0, 232, 0, 0, 141, 13, 79]
1542953894429;[171, 0, 17, 255, 161, 74, 238, 229, 88, 1, 0, 216, 1, 0, 177, 0, 0, 189, 14, 221]
1542953894433;[171, 0, 17, 255, 161, 74, 238, 229, 89, 1, 1, 135, 1, 1, 68, 1, 0, 113, 14, 192]
1542953894596;[171, 0, 17, 255, 161, 74, 238, 229, 89, 0, 0, 46, 1, 0, 199, 1, 0, 164, 13, 19]
1542953894600;[171, 0, 4, 255, 132, 128, 125]
1542953894768;[171, 0, 17, 255, 161, 74, 238, 229, 89, 0, 0, 39, 1, 0, 254, 0, 0, 43, 11, 207]
1542953894772;[171, 0, 17, 255, 161, 74, 238, 229, 89, 0, 0, 77, 1, 1, 131, 0, 0, 199, 10, 128]
1542953894942;[171, 0, 17, 255, 161, 74, 238, 229, 89, 0, 0, 49, 1, 0, 236, 0, 0, 69, 10, 15]
1542953895115;[171, 0, 17, 255, 161, 74, 238, 229, 89, 0, 0, 36, 1, 0, 238, 0, 0, 62, 9, 95]
1542953895118;[171, 0, 17, 255, 161, 74, 238, 229, 89, 0, 0, 74, 1, 0, 236, 0, 0, 54, 8, 237]
1542953895287;[171, 0, 17, 255, 161, 74, 238, 229, 89, 0, 0, 42, 1, 0, 236, 0, 0, 62, 8, 222]
1542953895291;[171, 0, 17, 255, 161, 74, 238, 229, 89, 0, 0, 11, 1, 1, 7, 0, 0, 38, 8, 242]
1542953895632;[171, 0, 17, 255, 161, 74, 238, 229, 89, 0, 0, 151, 1, 0, 200, 1, 0, 7, 9, 164]
1542953895636;[171, 0, 17, 255, 161, 74, 238, 229, 90, 1, 0, 11, 1, 0, 255, 1, 0, 43, 9, 156]
1542953895640;[171, 0, 17, 255, 161, 74, 238, 229, 90, 0, 2, 13, 1, 0, 250, 0, 0, 69, 9, 110]
1542953895803;[171, 0, 4, 255, 132, 128, 127]
1542953895807;[171, 0, 17, 255, 161, 74, 238, 229, 90, 1, 0, 24, 1, 0, 252, 1, 0, 33, 9, 55]
1542953895976;[171, 0, 17, 255, 161, 74, 238, 229, 90, 0, 0, 23, 1, 0, 245, 0, 0, 63, 8, 198]
1542953895980;[171, 0, 17, 255, 161, 74, 238, 229, 90, 0, 0, 54, 1, 0, 232, 0, 0, 55, 9, 17]
1542953896149;[171, 0, 17, 255, 161, 74, 238, 229, 90, 0, 0, 70, 1, 0, 230, 0, 0, 62, 9, 133]
1542953896321;[171, 0, 17, 255, 161, 74, 238, 229, 90, 0, 0, 30, 1, 0, 232, 0, 0, 40, 9, 206]
1542953896325;[171, 0, 17, 255, 161, 74, 238, 229, 90, 0, 0, 36, 1, 0, 236, 0, 0, 56, 10, 1]
1542953896495;[171, 0, 17, 255, 161, 74, 238, 229, 90, 0, 0, 23, 1, 0, 239, 0, 0, 51, 10, 29]
1542953896498;[171, 0, 17, 255, 161, 74, 238, 229, 90, 0, 0, 64, 1, 0, 238, 0, 0, 60, 10, 186]
1542953897012;[171, 0, 17, 255, 161, 74, 238, 229, 91, 0, 0, 46, 1, 1, 127, 0, 0, 7, 11, 74]
1542953897017;[171, 0, 17, 255, 161, 74, 238, 229, 91, 1, 0, 136, 1, 0, 97, 0, 0, 220, 11, 208]
1542953897020;[171, 0, 4, 255, 132, 128, 128]
1542953897024;[171, 0, 17, 255, 161, 74, 238, 229, 91, 1, 0, 105, 1, 1, 47, 0, 0, 13, 10, 123]
1542953897185;[171, 0, 17, 255, 161, 74, 238, 229, 91, 1, 0, 5, 1, 0, 226, 0, 0, 76, 10, 39]
1542953897189;[171, 0, 17, 255, 161, 74, 238, 229, 91, 0, 0, 1, 1, 0, 248, 0, 0, 32, 9, 95]
1542953897193;[171, 0, 17, 255, 161, 74, 238, 229, 91, 0, 0, 29, 1, 0, 242, 0, 0, 44, 8, 192]
1542953897357;[171, 0, 17, 255, 161, 74, 238, 229, 91, 0, 0, 50, 1, 0, 243, 0, 0, 41, 7, 114]
1542953897703;[171, 0, 17, 255, 161, 74, 238, 229, 91, 0, 0, 88, 1, 1, 10, 0, 0, 12, 7, 114]
1542953897707;[171, 0, 17, 255, 161, 74, 238, 229, 91, 1, 0, 61, 1, 0, 202, 0, 0, 74, 6, 133]
1542953897711;[171, 0, 17, 255, 161, 74, 238, 229, 91, 1, 0, 82, 1, 1, 67, 1, 0, 1, 6, 5]
1542953897715;[171, 0, 17, 255, 161, 74, 238, 229, 92, 1, 0, 110, 1, 1, 56, 0, 0, 114, 6, 34]
1542953897873;[171, 0, 17, 255, 161, 74, 238, 229, 92, 0, 0, 10, 1, 0, 228, 0, 0, 20, 5, 40]
1542953897877;[171, 0, 4, 255, 132, 128, 128]
1542953898215;[171, 0, 17, 255, 161, 74, 238, 229, 92, 0, 0, 46, 1, 0, 247, 0, 0, 41, 4, 38]
1542953898218;[171, 0, 17, 255, 161, 74, 238, 229, 92, 0, 0, 6, 1, 0, 236, 0, 0, 29, 3, 108]
1542953898221;[171, 0, 17, 255, 161, 74, 238, 229, 92, 1, 0, 3, 1, 0, 251, 0, 0, 33, 2, 230]
1542953898392;[171, 0, 17, 255, 161, 74, 238, 229, 92, 0, 0, 55, 1, 0, 250, 0, 0, 12, 2, 142]
1542953898395;[171, 0, 17, 255, 161, 74, 238, 229, 92, 0, 0, 31, 1, 0, 242, 0, 0, 23, 3, 53]
1542953898563;[171, 0, 17, 255, 161, 74, 238, 229, 92, 0, 0, 31, 1, 0, 243, 0, 0, 21, 3, 100]
1542953898567;[171, 0, 17, 255, 161, 74, 238, 229, 92, 0, 0, 38, 1, 0, 240, 0, 0, 13, 3, 173]
1542953898736;[171, 0, 17, 255, 161, 74, 238, 229, 92, 0, 0, 45, 1, 0, 242, 0, 0, 12, 4, 8]
1542953898908;[171, 0, 17, 255, 161, 74, 238, 229, 93, 0, 0, 44, 1, 0, 241, 0, 0, 10, 4, 99]
1542953898912;[171, 0, 17, 255, 161, 74, 238, 229, 93, 0, 0, 40, 1, 0, 241, 0, 0, 10, 5, 59]
1542953899081;[171, 0, 4, 255, 132, 128, 128]
1542953899085;[171, 0, 17, 255, 161, 74, 238, 229, 93, 0, 0, 39, 1, 0, 240, 0, 0, 10, 6, 108]
1542953899253;[171, 0, 17, 255, 161, 74, 238, 229, 93, 0, 0, 40, 1, 0, 241, 0, 0, 10, 7, 1]
1542953899601;[171, 0, 17, 255, 161, 74, 238, 229, 93, 0, 0, 43, 1, 0, 240, 0, 0, 8, 7, 127]
1542953899604;[171, 0, 17, 255, 161, 74, 238, 229, 93, 0, 0, 41, 1, 0, 241, 0, 0, 10, 7, 189]
1542953899608;[171, 0, 17, 255, 161, 74, 238, 229, 93, 0, 0, 34, 1, 0, 243, 0, 0, 12, 7, 180]
1542953899612;[171, 0, 17, 255, 161, 74, 238, 229, 93, 0, 0, 32, 1, 0, 241, 0, 0, 12, 8, 101]
1542953899771;[171, 0, 17, 255, 161, 74, 238, 229, 93, 0, 0, 34, 1, 0, 243, 0, 0, 12, 8, 212]
1542953899775;[171, 0, 17, 255, 161, 74, 238, 229, 93, 0, 0, 36, 1, 0, 245, 0, 0, 12, 8, 209]
1542953899944;[171, 0, 17, 255, 161, 74, 238, 229, 94, 0, 0, 33, 1, 0, 242, 0, 0, 16, 8, 198]
1542953900116;[171, 0, 17, 255, 161, 74, 238, 229, 94, 0, 0, 35, 1, 0, 241, 0, 0, 19, 8, 155]
1542953900120;[171, 0, 4, 255, 132, 128, 127]
1542953900463;[171, 0, 17, 255, 161, 74, 238, 229, 94, 0, 0, 39, 1, 0, 242, 0, 0, 20, 8, 145]
1542953900467;[171, 0, 17, 255, 161, 74, 238, 229, 94, 0, 0, 51, 1, 0, 239, 0, 0, 16, 9, 217]
1542953900471;[171, 0, 17, 255, 161, 74, 238, 229, 94, 0, 0, 38, 1, 0, 240, 0, 0, 14, 10, 140]
1542953900475;[171, 0, 17, 255, 161, 74, 238, 229, 94, 0, 0, 30, 1, 0, 230, 0, 0, 10, 10, 231]
1542953900807;[171, 0, 17, 255, 161, 74, 238, 229, 94, 0, 0, 82, 1, 0, 227, 0, 0, 16, 11, 108]
1542953900811;[171, 0, 17, 255, 161, 74, 238, 229, 94, 0, 0, 96, 1, 0, 230, 1, 0, 11, 12, 32]
1542953900815;[171, 0, 17, 255, 161, 74, 238, 229, 94, 1, 0, 89, 1, 1, 52, 1, 0, 51, 12, 32]
1542953900980;[171, 0, 17, 255, 161, 74, 238, 229, 94, 0, 0, 122, 1, 1, 34, 1, 1, 69, 12, 32]
1542953900983;[171, 0, 17, 255, 161, 74, 238, 229, 95, 1, 0, 42, 1, 0, 147, 0, 0, 63, 12, 194]
1542953901151;[171, 0, 17, 255, 161, 74, 238, 229, 95, 1, 6, 22, 1, 0, 158, 0, 1, 211, 13, 54]
1542953901323;[171, 0, 4, 255, 132, 128, 127]
1542953901327;[171, 0, 17, 255, 161, 74, 238, 229, 95, 1, 0, 132, 1, 1, 37, 1, 0, 64, 14, 118]
1542953901501;[171, 0, 17, 255, 161, 74, 238, 229, 95, 0, 0, 42, 1, 0, 160, 0, 0, 116, 12, 242]
1542953901502;[171, 0, 17, 255, 161, 74, 238, 229, 95, 1, 0, 60, 1, 1, 5, 0, 0, 93, 13, 169]
1542953901668;[171, 0, 17, 255, 161, 74, 238, 229, 95, 0, 0, 105, 1, 1, 154, 0, 0, 11, 31, 62]
1542953901672;[171, 0, 17, 255, 161, 74, 238, 229, 95, 1, 0, 1, 1, 0, 237, 0, 0, 14, 9, 102]
1542953902188;[171, 0, 17, 255, 161, 74, 238, 229, 95, 1, 0, 56, 1, 0, 169, 1, 0, 84, 9, 72]
1542953902193;[171, 0, 17, 255, 161, 74, 238, 229, 95, 0, 0, 126, 1, 0, 31, 0, 0, 124, 7, 189]
1542953902197;[171, 0, 17, 255, 161, 74, 238, 229, 95, 1, 0, 192, 1, 1, 6, 0, 1, 26, 6, 245]
1542953902201;[171, 0, 17, 255, 161, 74, 238, 229, 96, 1, 0, 160, 1, 1, 119, 0, 0, 250, 9, 40]
1542953902359;[171, 0, 17, 255, 161, 74, 238, 229, 96, 1, 0, 90, 1, 0, 228, 0, 0, 90, 8, 177]
1542953902362;[171, 0, 4, 255, 132, 128, 125]
1542953902532;[171, 0, 17, 255, 161, 74, 238, 229, 96, 1, 0, 119, 1, 0, 175, 0, 0, 155, 8, 37]
1542953902536;[171, 0, 17, 255, 161, 74, 238, 229, 96, 0, 0, 65, 1, 1, 211, 0, 0, 87, 8, 36]
1542953902704;[171, 0, 17, 255, 161, 74, 238, 229, 96, 1, 1, 186, 1, 0, 206, 0, 0, 121, 8, 245]
1542953902707;[171, 0, 17, 255, 161, 74, 238, 229, 96, 1, 0, 7, 1, 0, 90, 0, 0, 70, 9, 34]
1542953902877;[171, 0, 17, 255, 161, 74, 238, 229, 96, 1, 0, 26, 1, 0, 163, 0, 0, 22, 8, 86]
1542953902881;[171, 0, 17, 255, 161, 74, 238, 229, 96, 1, 1, 116, 1, 1, 195, 0, 0, 213, 7, 218]
1542953903095;[171, 0, 17, 255, 161, 74, 238, 229, 96, 0, 0, 12, 1, 1, 28, 0, 0, 8, 6, 233]
1542953903396;[171, 0, 17, 255, 161, 74, 238, 229, 96, 0, 0, 51, 1, 1, 4, 0, 0, 10, 5, 156]
1542953903400;[171, 0, 17, 255, 161, 74, 238, 229, 97, 0, 0, 112, 1, 0, 36, 0, 0, 58, 4, 199]
1542953903404;[171, 0, 17, 255, 161, 74, 238, 229, 97, 1, 0, 33, 1, 1, 102, 0, 0, 55, 5, 15]
1542953903408;[171, 0, 4, 255, 132, 128, 124]
1542953903566;[171, 0, 17, 255, 161, 74, 238, 229, 97, 0, 0, 177, 1, 0, 236, 1, 1, 120, 3, 232]
1542953903570;[171, 0, 17, 255, 161, 74, 238, 229, 97, 1, 0, 37, 1, 1, 5, 0, 0, 11, 4, 49]
1542953903739;[171, 0, 17, 255, 161, 74, 238, 229, 97, 0, 0, 6, 1, 0, 245, 0, 0, 29, 3, 53]
1542953903912;[171, 0, 17, 255, 161, 74, 238, 229, 97, 0, 0, 34, 1, 1, 6, 0, 0, 37, 1, 91]
1542953903916;[171, 0, 17, 255, 161, 74, 238, 229, 97, 0, 0, 92, 1, 1, 153, 0, 0, 7, 16, 67]
1542953904083;[171, 0, 17, 255, 161, 74, 238, 229, 97, 1, 0, 144, 1, 0, 49, 0, 0, 57, 8, 49]
1542953904087;[171, 0, 17, 255, 161, 74, 238, 229, 97, 1, 0, 12, 1, 0, 161, 0, 0, 19, 7, 147]
1542953904267;[171, 0, 17, 255, 161, 74, 238, 229, 97, 1, 0, 101, 1, 1, 67, 1, 0, 88, 6, 178]
1542953904602;[171, 0, 17, 255, 161, 74, 238, 229, 98, 0, 0, 57, 1, 0, 211, 0, 0, 50, 6, 178]
1542953904606;[171, 0, 17, 255, 161, 74, 238, 229, 98, 0, 0, 39, 1, 1, 14, 0, 0, 11, 6, 54]
1542953904610;[171, 0, 4, 255, 132, 128, 125]
1542953904614;[171, 0, 17, 255, 161, 74, 238, 229, 98, 0, 0, 88, 1, 0, 179, 0, 0, 22, 5, 239]
1542953904774;[171, 0, 17, 255, 161, 74, 238, 229, 98, 0, 0, 51, 1, 0, 228, 0, 0, 100, 6, 47]
1542953904778;[171, 0, 17, 255, 161, 74, 238, 229, 98, 1, 0, 22, 1, 1, 0, 1, 0, 43, 5, 253]
1542953904947;[171, 0, 17, 255, 161, 74, 238, 229, 98, 0, 1, 162, 1, 1, 248, 1, 0, 8, 5, 56]
1542953905119;[171, 0, 17, 255, 161, 74, 238, 229, 98, 1, 0, 29, 1, 0, 247, 0, 0, 108, 5, 254]
1542953905123;[171, 0, 17, 255, 161, 74, 238, 229, 98, 0, 0, 18, 1, 0, 236, 0, 0, 27, 5, 46]
1542953905292;[171, 0, 17, 255, 161, 74, 238, 229, 98, 1, 0, 6, 1, 0, 254, 0, 0, 17, 4, 204]
1542953905295;[171, 0, 17, 255, 161, 74, 238, 229, 98, 0, 0, 27, 1, 0, 236, 0, 0, 16, 4, 71]
1542953905464;[171, 0, 17, 255, 161, 74, 238, 229, 99, 0, 0, 116, 1, 0, 207, 1, 0, 16, 4, 52]
1542953905467;[171, 0, 17, 255, 161, 74, 238, 229, 99, 0, 0, 162, 1, 0, 192, 0, 0, 28, 3, 197]
1542953905637;[171, 0, 4, 255, 132, 128, 126]
1542953905983;[171, 0, 17, 255, 161, 74, 238, 229, 99, 0, 0, 61, 1, 0, 227, 1, 0, 16, 3, 96]
1542953905987;[171, 0, 17, 255, 161, 74, 238, 229, 99, 0, 0, 41, 1, 0, 240, 0, 0, 8, 3, 68]
1542953905991;[171, 0, 17, 255, 161, 74, 238, 229, 99, 0, 0, 34, 1, 0, 241, 0, 0, 23, 2, 211]
1542953905995;[171, 0, 17, 255, 161, 74, 238, 229, 99, 0, 0, 48, 1, 0, 239, 0, 0, 24, 1, 209]
1542953906153;[171, 0, 17, 255, 161, 74, 238, 229, 99, 0, 0, 54, 1, 0, 239, 0, 0, 24, 1, 8]
1542953906326;[171, 0, 17, 255, 161, 74, 238, 229, 99, 0, 0, 53, 1, 0, 236, 0, 0, 22, 16, 110]
1542953906330;[171, 0, 17, 255, 161, 74, 238, 229, 99, 0, 0, 49, 1, 0, 240, 0, 0, 26, 7, 20]
1542953906500;[171, 0, 17, 255, 161, 74, 238, 229, 99, 0, 0, 57, 1, 0, 240, 0, 0, 22, 6, 200]
1542953906504;[171, 0, 17, 255, 161, 74, 238, 229, 100, 0, 0, 57, 1, 0, 238, 0, 0, 22, 6, 183]
1542953906672;[171, 0, 17, 255, 161, 74, 238, 229, 100, 0, 0, 48, 1, 0, 237, 0, 0, 21, 6, 175]
1542953906676;[171, 0, 4, 255, 132, 128, 127]
1542953906843;[171, 0, 17, 255, 161, 74, 238, 229, 100, 0, 0, 50, 1, 0, 236, 0, 0, 16, 6, 146]
1542953907191;[171, 0, 17, 255, 161, 74, 238, 229, 100, 0, 0, 49, 1, 0, 236, 0, 0, 16, 6, 138]
1542953907195;[171, 0, 17, 255, 161, 74, 238, 229, 100, 0, 0, 61, 1, 0, 237, 0, 0, 15, 6, 172]
1542953907199;[171, 0, 17, 255, 161, 74, 238, 229, 100, 0, 0, 63, 1, 0, 235, 0, 0, 19, 6, 243]
1542953907203;[171, 0, 17, 255, 161, 74, 238, 229, 100, 0, 0, 62, 1, 0, 238, 0, 0, 12, 7, 8]
1542953907362;[171, 0, 17, 255, 161, 74, 238, 229, 100, 0, 0, 60, 1, 0, 238, 0, 0, 14, 7, 23]
1542953907366;[171, 0, 17, 255, 161, 74, 238, 229, 100, 0, 0, 55, 1, 0, 237, 0, 0, 10, 7, 45]
1542953907534;[171, 0, 17, 255, 161, 74, 238, 229, 100, 0, 0, 60, 1, 0, 238, 0, 0, 18, 7, 58]
1542953907706;[171, 0, 17, 255, 161, 74, 238, 229, 101, 0, 0, 57, 1, 0, 238, 0, 0, 15, 7, 238]
1542953907711;[171, 0, 17, 255, 161, 74, 238, 229, 101, 0, 0, 53, 1, 0, 236, 0, 0, 13, 8, 99]
1542953907878;[171, 0, 4, 255, 132, 128, 128]
1542953907882;[171, 0, 17, 255, 161, 74, 238, 229, 101, 0, 0, 55, 1, 0, 239, 0, 0, 10, 8, 169]
1542953908052;[171, 0, 17, 255, 161, 74, 238, 229, 101, 0, 0, 59, 1, 0, 239, 0, 0, 10, 8, 255]
1542953908570;[171, 0, 17, 255, 161, 74, 238, 229, 101, 0, 0, 52, 1, 0, 235, 0, 0, 11, 9, 3]
1542953908574;[171, 0, 17, 255, 161, 74, 238, 229, 101, 0, 0, 52, 1, 0, 240, 0, 0, 8, 9, 100]
1542953908578;[171, 0, 17, 255, 161, 74, 238, 229, 101, 0, 0, 47, 1, 0, 238, 0, 0, 11, 9, 107]
1542953908582;[171, 0, 17, 255, 161, 74, 238, 229, 101, 0, 0, 46, 1, 0, 238, 0, 0, 12, 9, 34]
1542953908741;[171, 0, 17, 255, 161, 74, 238, 229, 101, 0, 0, 47, 1, 0, 240, 0, 0, 11, 8, 253]
1542953908745;[171, 0, 17, 255, 161, 74, 238, 229, 101, 0, 0, 49, 1, 0, 240, 0, 0, 8, 8, 213]
1542953908749;[171, 0, 17, 255, 161, 74, 238, 229, 102, 0, 0, 49, 1, 0, 240, 0, 0, 9, 9, 15]
1542953908915;[171, 0, 17, 255, 161, 74, 238, 229, 102, 0, 0, 49, 1, 0, 237, 0, 0, 8, 9, 95]
1542953908918;[171, 0, 4, 255, 132, 128, 128]
1542953909087;[171, 0, 17, 255, 161, 74, 238, 229, 102, 0, 0, 46, 1, 0, 238, 0, 0, 10, 9, 29]
1542953909091;[171, 0, 17, 255, 161, 74, 238, 229, 102, 0, 0, 47, 1, 0, 240, 0, 0, 8, 8, 237]
1542953909258;[171, 0, 17, 255, 161, 74, 238, 229, 102, 0, 0, 49, 1, 0, 238, 0, 0, 8, 9, 32]
1542953909432;[171, 0, 17, 255, 161, 74, 238, 229, 102, 0, 0, 50, 1, 0, 240, 0, 0, 6, 9, 193]
1542953909436;[171, 0, 17, 255, 161, 74, 238, 229, 102, 0, 0, 53, 1, 0, 238, 0, 0, 6, 11, 52]
1542953909778;[171, 0, 17, 255, 161, 74, 238, 229, 102, 0, 0, 48, 1, 0, 238, 0, 0, 6, 11, 245]
1542953909782;[171, 0, 17, 255, 161, 74, 238, 229, 102, 0, 0, 50, 1, 0, 239, 0, 0, 10, 12, 93]
1542953909786;[171, 0, 17, 255, 161, 74, 238, 229, 102, 0, 0, 50, 1, 0, 239, 0, 0, 9, 12, 184]
1542953909790;[171, 0, 17, 255, 161, 74, 238, 229, 103, 0, 0, 50, 1, 0, 238, 0, 0, 8, 13, 22]
1542953910122;[171, 0, 17, 255, 161, 74, 238, 229, 105, 0, 0, 51, 1, 0, 242, 0, 0, 5, 5, 121]
1542953910126;[171, 0, 17, 255, 161, 74, 238, 229, 105, 0, 0, 57, 1, 0, 239, 0, 0, 6, 5, 233]
1542953910291;[171, 0, 17, 255, 161, 74, 238, 229, 105, 0, 0, 48, 1, 0, 236, 0, 0, 6, 6, 68]
1542953910466;[171, 0, 17, 255, 161, 74, 238, 229, 105, 0, 0, 60, 1, 0, 240, 0, 0, 5, 6, 142]
1542953910470;[171, 0, 17, 255, 161, 74, 238, 229, 105, 0, 0, 58, 1, 0, 237, 0, 0, 1, 7, 37]
1542953910638;[171, 0, 17, 255, 161, 74, 238, 229, 105, 0, 0, 61, 1, 0, 236, 0, 0, 3, 8, 35]
1542953910982;[171, 0, 17, 255, 161, 74, 238, 229, 105, 0, 0, 62, 1, 0, 237, 0, 0, 7, 8, 115]
1542953910988;[171, 0, 17, 255, 161, 74, 238, 229, 105, 0, 0, 56, 1, 0, 240, 0, 0, 3, 8, 175]
1542953910991;[171, 0, 17, 255, 161, 74, 238, 229, 106, 0, 0, 71, 1, 0, 233, 0, 0, 0, 8, 217]
1542953910994;[171, 0, 17, 255, 161, 74, 238, 229, 106, 0, 0, 69, 1, 0, 233, 1, 0, 3, 9, 68]
1542953911155;[171, 0, 4, 255, 132, 128, 124]
1542953911328;[171, 0, 17, 255, 161, 74, 238, 229, 106, 0, 0, 67, 1, 0, 237, 1, 0, 8, 9, 205]
1542953911332;[171, 0, 17, 255, 161, 74, 238, 229, 106, 0, 0, 57, 1, 0, 237, 1, 0, 1, 9, 35]
1542953911503;[171, 0, 17, 255, 161, 74, 238, 229, 106, 0, 0, 55, 1, 0, 235, 1, 0, 3, 8, 83]
1542953911505;[171, 0, 17, 255, 161, 74, 238, 229, 106, 0, 0, 60, 1, 0, 236, 0, 0, 1, 7, 174]
1542953911673;[171, 0, 17, 255, 161, 74, 238, 229, 106, 0, 0, 67, 1, 0, 235, 0, 0, 5, 7, 117]
1542953911678;[171, 0, 17, 255, 161, 74, 238, 229, 106, 0, 0, 56, 1, 0, 238, 0, 0, 0, 8, 40]
1542953911847;[171, 0, 17, 255, 161, 74, 238, 229, 106, 0, 0, 55, 1, 0, 237, 0, 0, 2, 8, 32]
1542953912019;[171, 0, 17, 255, 161, 74, 238, 229, 106, 0, 0, 58, 1, 0, 239, 1, 0, 3, 7, 227]
1542953912023;[171, 0, 17, 255, 161, 74, 238, 229, 107, 0, 0, 55, 1, 0, 240, 1, 0, 6, 7, 192]
1542953912365;[171, 0, 17, 255, 161, 74, 238, 229, 107, 0, 0, 57, 1, 0, 237, 1, 0, 6, 7, 163]
1542953912369;[171, 0, 4, 255, 132, 128, 123]
1542953912373;[171, 0, 17, 255, 161, 74, 238, 229, 107, 0, 0, 59, 1, 0, 236, 1, 0, 8, 8, 155]
1542953912378;[171, 0, 17, 255, 161, 74, 238, 229, 107, 0, 0, 62, 1, 0, 235, 1, 0, 8, 9, 15]
1542953912884;[171, 0, 17, 255, 161, 74, 238, 229, 107, 0, 0, 64, 1, 0, 237, 1, 0, 9, 9, 52]
1542953912888;[171, 0, 17, 255, 161, 74, 238, 229, 107, 0, 0, 69, 1, 0, 231, 1, 0, 8, 9, 104]
1542953912891;[171, 0, 17, 255, 161, 74, 238, 229, 107, 0, 0, 73, 1, 0, 234, 1, 0, 7, 9, 124]
1542953912895;[171, 0, 17, 255, 161, 74, 238, 229, 107, 0, 0, 72, 1, 0, 232, 1, 0, 8, 10, 76]
1542953913054;[171, 0, 17, 255, 161, 74, 238, 229, 107, 0, 0, 73, 1, 0, 231, 1, 0, 6, 10, 76]
1542953913058;[171, 0, 17, 255, 161, 74, 238, 229, 107, 0, 0, 71, 1, 0, 233, 1, 0, 5, 10, 60]
1542953913226;[171, 0, 17, 255, 161, 74, 238, 229, 108, 0, 0, 75, 1, 0, 233, 1, 0, 5, 10, 60]
1542953913230;[171, 0, 17, 255, 161, 74, 238, 229, 108, 0, 0, 74, 1, 0, 230, 1, 0, 3, 10, 8]
1542953913574;[171, 0, 4, 255, 132, 128, 122]
1542953913578;[171, 0, 17, 255, 161, 74, 238, 229, 108, 0, 0, 75, 1, 0, 229, 1, 0, 1, 10, 51]
1542953913582;[171, 0, 17, 255, 161, 74, 238, 229, 108, 0, 0, 72, 1, 0, 234, 0, 0, 0, 10, 221]
1542953913586;[171, 0, 17, 255, 161, 74, 238, 229, 108, 0, 0, 80, 1, 0, 231, 0, 0, 0, 10, 186]
1542953913743;[171, 0, 17, 255, 161, 74, 238, 229, 108, 0, 0, 71, 1, 0, 233, 0, 0, 1, 10, 104]
1542953913916;[171, 0, 17, 255, 161, 74, 238, 229, 108, 0, 0, 71, 1, 0, 235, 0, 0, 1, 9, 255]
1542953913920;[171, 0, 17, 255, 161, 74, 238, 229, 108, 0, 0, 71, 1, 0, 232, 1, 0, 1, 9, 215]
1542953914088;[171, 0, 17, 255, 161, 74, 238, 229, 108, 0, 0, 71, 1, 0, 233, 1, 0, 2, 10, 156]
1542953914092;[171, 0, 17, 255, 161, 74, 238, 229, 108, 0, 0, 73, 1, 0, 233, 0, 0, 0, 10, 97]
1542953914262;[171, 0, 17, 255, 161, 74, 238, 229, 109, 0, 0, 75, 1, 0, 234, 1, 0, 2, 10, 57]
1542953914265;[171, 0, 17, 255, 161, 74, 238, 229, 109, 0, 0, 77, 1, 0, 231, 1, 0, 1, 10, 86]
1542953914433;[171, 0, 4, 255, 132, 128, 121]
1542953914607;[171, 0, 17, 255, 161, 74, 238, 229, 109, 0, 0, 76, 1, 0, 232, 1, 0, 2, 10, 103]
1542953914611;[171, 0, 17, 255, 161, 74, 238, 229, 109, 0, 0, 77, 1, 0, 231, 1, 0, 1, 11, 71]
1542953914955;[171, 0, 17, 255, 161, 74, 238, 229, 109, 0, 0, 74, 1, 0, 233, 1, 0, 2, 11, 138]
1542953914957;[171, 0, 17, 255, 161, 74, 238, 229, 109, 0, 0, 79, 1, 0, 231, 1, 0, 4, 11, 70]
1542953914960;[171, 0, 17, 255, 161, 74, 238, 229, 109, 0, 0, 74, 1, 0, 235, 1, 0, 3, 10, 192]
1542953915124;[171, 0, 17, 255, 161, 74, 238, 229, 109, 0, 0, 69, 1, 0, 232, 1, 0, 6, 10, 14]
1542953915127;[171, 0, 17, 255, 161, 74, 238, 229, 109, 0, 0, 73, 1, 0, 231, 1, 0, 1, 9, 215]
1542953915296;[171, 0, 17, 255, 161, 74, 238, 229, 109, 0, 0, 74, 1, 0, 233, 1, 0, 3, 10, 5]
1542953915300;[171, 0, 17, 255, 161, 74, 238, 229, 110, 0, 0, 73, 1, 0, 233, 1, 0, 3, 9, 230]
1542953915469;[171, 0, 17, 255, 161, 74, 238, 229, 110, 0, 0, 70, 1, 0, 233, 1, 0, 3, 9, 188]
1542953915472;[171, 0, 4, 255, 132, 128, 119]
1542953915642;[171, 0, 17, 255, 161, 74, 238, 229, 110, 0, 0, 69, 1, 0, 234, 1, 0, 5, 9, 77]
1542953915816;[171, 0, 17, 255, 161, 74, 238, 229, 110, 0, 0, 71, 1, 0, 232, 1, 0, 8, 8, 253]
1542953915819;[171, 0, 17, 255, 161, 74, 238, 229, 110, 0, 0, 68, 1, 0, 235, 1, 0, 9, 9, 108]
1542953916159;[171, 0, 17, 255, 161, 74, 238, 229, 110, 0, 0, 65, 1, 0, 236, 1, 0, 8, 9, 12]
1542953916163;[171, 0, 17, 255, 161, 74, 238, 229, 110, 0, 0, 65, 1, 0, 236, 1, 0, 7, 8, 124]
1542953916167;[171, 0, 17, 255, 161, 74, 238, 229, 110, 0, 0, 65, 1, 0, 237, 1, 0, 10, 8, 68]
1542953916331;[171, 0, 17, 255, 161, 74, 238, 229, 110, 0, 0, 69, 1, 0, 233, 1, 0, 9, 8, 57]
1542953916334;[171, 0, 17, 255, 161, 74, 238, 229, 110, 0, 0, 63, 1, 0, 233, 1, 0, 8, 8, 119]
1542953916504;[171, 0, 17, 255, 161, 74, 238, 229, 111, 0, 0, 65, 1, 0, 234, 1, 0, 10, 8, 207]
1542953916508;[171, 0, 17, 255, 161, 74, 238, 229, 111, 0, 0, 67, 1, 0, 238, 1, 0, 11, 8, 195]
1542953916676;[171, 0, 4, 255, 132, 128, 118]
1542953916680;[171, 0, 17, 255, 161, 74, 238, 229, 111, 0, 0, 67, 1, 0, 232, 1, 0, 8, 8, 205]
1542953916848;[171, 0, 17, 255, 161, 74, 238, 229, 111, 0, 0, 73, 1, 0, 232, 1, 0, 11, 8, 208]
1542953917023;[171, 0, 17, 255, 161, 74, 238, 229, 111, 0, 0, 77, 1, 0, 232, 1, 0, 7, 8, 162]
1542953917026;[171, 0, 17, 255, 161, 74, 238, 229, 111, 0, 0, 68, 1, 0, 233, 1, 0, 5, 8, 145]
1542953917542;[171, 0, 17, 255, 161, 74, 238, 229, 111, 0, 0, 70, 1, 0, 235, 0, 0, 0, 7, 105]
1542953917546;[171, 0, 17, 255, 161, 74, 238, 229, 111, 0, 0, 64, 1, 0, 234, 0, 0, 5, 5, 236]
1542953917550;[171, 0, 17, 255, 161, 74, 238, 229, 111, 0, 0, 67, 1, 0, 233, 0, 0, 7, 5, 236]
1542953917554;[171, 0, 17, 255, 161, 74, 238, 229, 111, 0, 0, 79, 1, 0, 230, 0, 0, 4, 5, 68]
1542953917712;[171, 0, 17, 255, 161, 74, 238, 229, 112, 0, 0, 73, 1, 0, 232, 0, 0, 1, 5, 26]
1542953917716;[171, 0, 17, 255, 161, 74, 238, 229, 112, 0, 0, 88, 1, 0, 226, 0, 0, 1, 5, 175]
1542953917719;[171, 0, 4, 255, 132, 128, 117]
1542953917884;[171, 0, 17, 255, 161, 74, 238, 229, 112, 0, 0, 92, 1, 0, 226, 1, 0, 2, 5, 161]
1542953917887;[171, 0, 17, 255, 161, 74, 238, 229, 112, 0, 0, 88, 1, 0, 225, 1, 0, 1, 4, 252]
1542953918056;[171, 0, 17, 255, 161, 74, 238, 229, 112, 0, 0, 84, 1, 0, 229, 0, 0, 4, 4, 20]
1542953918229;[171, 0, 17, 255, 161, 74, 238, 229, 112, 0, 0, 79, 1, 0, 230, 0, 0, 7, 3, 79]
1542953918232;[171, 0, 17, 255, 161, 74, 238, 229, 112, 0, 0, 91, 1, 0, 224, 0, 0, 3, 3, 153]
1542953918402;[171, 0, 17, 255, 161, 74, 238, 229, 112, 0, 0, 82, 1, 0, 228, 0, 0, 0, 4, 34]
1542953918406;[171, 0, 17, 255, 161, 74, 238, 229, 112, 0, 0, 84, 1, 0, 228, 1, 0, 2, 4, 147]
1542953918747;[171, 0, 17, 255, 161, 74, 238, 229, 112, 0, 0, 81, 1, 0, 230, 1, 0, 5, 5, 4]
1542953918751;[171, 0, 17, 255, 161, 74, 238, 229, 113, 0, 0, 85, 1, 0, 228, 1, 0, 2, 5, 65]
1542953918755;[171, 0, 17, 255, 161, 74, 238, 229, 113, 0, 0, 84, 1, 0, 227, 1, 0, 2, 5, 152]
1542953918918;[171, 0, 4, 255, 132, 128, 117]
1542953918922;[171, 0, 17, 255, 161, 74, 238, 229, 113, 0, 0, 87, 1, 0, 228, 0, 0, 0, 6, 149]
1542953919091;[171, 0, 17, 255, 161, 74, 238, 229, 113, 0, 0, 78, 1, 0, 229, 1, 0, 1, 7, 12]
1542953919095;[171, 0, 17, 255, 161, 74, 238, 229, 113, 0, 0, 85, 1, 0, 227, 0, 0, 1, 7, 49]
1542953919263;[171, 0, 17, 255, 161, 74, 238, 229, 113, 0, 0, 88, 1, 0, 228, 0, 0, 3, 7, 89]
1542953919267;[171, 0, 17, 255, 161, 74, 238, 229, 113, 0, 0, 88, 1, 0, 225, 1, 0, 4, 7, 127]
1542953919610;[171, 0, 17, 255, 161, 74, 238, 229, 113, 0, 0, 88, 1, 0, 227, 1, 0, 8, 8, 61]
1542953919614;[171, 0, 17, 255, 161, 74, 238, 229, 113, 0, 0, 82, 1, 0, 228, 1, 0, 9, 9, 20]
1542953919618;[171, 0, 17, 255, 161, 74, 238, 229, 113, 0, 0, 84, 1, 0, 230, 1, 0, 11, 9, 117]
1542953919955;[171, 0, 17, 255, 161, 74, 238, 229, 114, 0, 0, 84, 1, 0, 230, 1, 0, 12, 9, 217]
1542953919960;[171, 0, 17, 255, 161, 74, 238, 229, 114, 0, 0, 82, 1, 0, 227, 1, 0, 13, 10, 34]
1542953919963;[171, 0, 4, 255, 132, 128, 116]
1542953920126;[171, 0, 17, 255, 161, 74, 238, 229, 114, 0, 0, 80, 1, 0, 234, 1, 0, 13, 10, 50]
1542953920130;[171, 0, 17, 255, 161, 74, 238, 229, 114, 0, 0, 74, 1, 0, 235, 1, 0, 13, 11, 33]
1542953920299;[171, 0, 17, 255, 161, 74, 238, 229, 114, 0, 0, 70, 1, 0, 241, 1, 0, 14, 11, 33]
1542953920303;[171, 0, 17, 255, 161, 74, 238, 229, 114, 0, 0, 20, 1, 0, 194, 1, 0, 15, 9, 189]
1542953920472;[171, 0, 17, 255, 161, 74, 238, 229, 114, 0, 0, 42, 1, 0, 240, 1, 0, 20, 8, 114]
1542953920476;[171, 0, 17, 255, 161, 74, 238, 229, 114, 0, 0, 15, 1, 0, 244, 1, 0, 2, 7, 166]
1542953920643;[171, 0, 17, 255, 161, 74, 238, 229, 114, 0, 0, 40, 1, 0, 245, 1, 0, 4, 6, 233]
1542953920817;[171, 0, 17, 255, 161, 74, 238, 229, 114, 0, 0, 29, 1, 0, 246, 1, 0, 5, 6, 233]
1542953920821;[171, 0, 17, 255, 161, 74, 238, 229, 115, 0, 0, 15, 1, 0, 238, 1, 0, 17, 6, 112]
1542953920988;[171, 0, 17, 255, 161, 74, 238, 229, 115, 0, 0, 13, 1, 0, 242, 1, 0, 18, 6, 19]
1542953920992;[171, 0, 4, 255, 132, 128, 115]
1542953921335;[171, 0, 17, 255, 161, 74, 238, 229, 115, 0, 0, 27, 1, 0, 243, 1, 0, 21, 5, 181]
1542953921339;[171, 0, 17, 255, 161, 74, 238, 229, 115, 0, 0, 43, 1, 0, 239, 1, 0, 24, 5, 109]
1542953921343;[171, 0, 17, 255, 161, 74, 238, 229, 115, 0, 0, 28, 1, 0, 239, 1, 0, 22, 6, 94]
1542953921506;[171, 0, 17, 255, 161, 74, 238, 229, 115, 0, 0, 36, 1, 0, 242, 1, 0, 18, 6, 139]
