1542802426863;[171, 0, 17, 255, 161, 74, 235, 68, 38, 0, 0, 31, 1, 1, 103, 1, 0, 43, 7, 223]
1542802426869;[171, 0, 17, 255, 161, 74, 235, 68, 38, 0, 1, 71, 0, 0, 104, 0, 0, 79, 7, 75]
1542802426870;[171, 0, 17, 255, 161, 74, 235, 68, 38, 1, 1, 91, 1, 2, 102, 1, 2, 17, 7, 79]
1542802429018;[171, 0, 4, 255, 132, 128, 115]
1542802429027;[171, 0, 17, 255, 161, 74, 235, 68, 39, 1, 0, 32, 1, 1, 22, 1, 0, 116, 7, 16]
1542802429095;[171, 0, 17, 255, 161, 74, 235, 68, 39, 1, 0, 8, 1, 0, 237, 1, 0, 48, 6, 83]
1542802429096;[171, 0, 17, 255, 161, 74, 235, 68, 39, 0, 0, 2, 1, 0, 248, 1, 0, 37, 4, 241]
1542802429097;[171, 0, 17, 255, 161, 74, 235, 68, 39, 0, 0, 7, 1, 1, 60, 1, 0, 47, 4, 172]
1542802429103;[171, 0, 17, 255, 161, 74, 235, 68, 39, 0, 0, 9, 1, 1, 221, 1, 0, 106, 5, 130]
1542802429104;[171, 0, 17, 255, 161, 74, 235, 68, 39, 0, 0, 12, 1, 0, 32, 0, 0, 17, 5, 66]
1542802429112;[171, 0, 17, 255, 161, 74, 235, 68, 39, 0, 0, 6, 1, 0, 228, 1, 0, 75, 5, 109]
1542802429113;[171, 0, 17, 255, 161, 74, 235, 68, 39, 0, 1, 47, 1, 0, 224, 1, 0, 90, 5, 160]
1542802429136;[171, 0, 17, 255, 161, 74, 235, 68, 39, 0, 0, 83, 1, 0, 212, 1, 0, 227, 5, 101]
1542802429140;[171, 0, 17, 255, 161, 74, 235, 68, 39, 1, 0, 40, 1, 1, 5, 1, 0, 32, 5, 67]
1542802429141;[171, 0, 4, 255, 132, 128, 115]
1542802429159;[171, 0, 17, 255, 161, 74, 235, 68, 40, 0, 0, 57, 1, 0, 216, 1, 0, 36, 4, 145]
1542802429159;[171, 0, 17, 255, 161, 74, 235, 68, 40, 0, 0, 60, 1, 0, 229, 1, 0, 54, 3, 97]
1542802429181;[171, 0, 17, 255, 161, 74, 235, 68, 40, 0, 0, 6, 1, 0, 243, 1, 0, 20, 3, 60]
1542802429182;[171, 0, 17, 255, 161, 74, 235, 68, 40, 1, 0, 41, 1, 1, 56, 0, 0, 101, 3, 118]
1542802429182;[171, 0, 17, 255, 161, 74, 235, 68, 40, 1, 1, 26, 1, 1, 82, 1, 1, 40, 3, 100]
1542802429183;[171, 0, 17, 255, 161, 74, 235, 68, 40, 0, 1, 169, 1, 1, 162, 1, 0, 87, 3, 206]
1542802429187;[171, 0, 17, 255, 161, 74, 235, 68, 40, 0, 0, 129, 1, 0, 86, 0, 0, 14, 3, 207]
1542802429188;[171, 0, 17, 255, 161, 74, 235, 68, 40, 0, 0, 115, 1, 1, 5, 0, 0, 0, 3, 228]
1542802429189;[171, 0, 17, 255, 161, 74, 235, 68, 40, 1, 1, 33, 1, 0, 234, 1, 0, 78, 3, 153]
1542802429274;[171, 0, 17, 255, 161, 74, 235, 68, 40, 0, 0, 40, 1, 0, 156, 1, 0, 102, 2, 177]
1542802429618;[171, 0, 4, 255, 132, 128, 115]
1542802429644;[171, 0, 17, 255, 161, 74, 235, 68, 41, 0, 0, 56, 1, 0, 254, 1, 0, 23, 1, 137]
1542802429646;[171, 0, 17, 255, 161, 74, 235, 68, 41, 0, 0, 28, 1, 0, 250, 1, 0, 36, 0, 211]
1542802429647;[171, 0, 17, 255, 161, 74, 235, 68, 41, 1, 0, 28, 1, 1, 81, 0, 0, 4, 16, 193]
1542802429964;[171, 0, 17, 255, 161, 74, 235, 68, 41, 0, 0, 49, 1, 0, 234, 1, 0, 54, 8, 197]
1542802429968;[171, 0, 17, 255, 161, 74, 235, 68, 41, 1, 0, 26, 1, 0, 126, 1, 0, 55, 9, 107]
1542802429977;[171, 0, 17, 255, 161, 74, 235, 68, 41, 0, 0, 30, 1, 0, 231, 1, 0, 59, 9, 164]
1542802429978;[171, 0, 17, 255, 161, 74, 235, 68, 41, 0, 0, 106, 1, 1, 62, 1, 0, 206, 9, 227]
1542802430134;[171, 0, 17, 255, 161, 74, 235, 68, 41, 0, 1, 15, 1, 1, 12, 0, 0, 61, 9, 225]
1542802430137;[171, 0, 17, 255, 161, 74, 235, 68, 41, 0, 0, 205, 1, 0, 152, 0, 0, 185, 10, 2]
1542802430140;[171, 0, 17, 255, 161, 74, 235, 68, 41, 0, 0, 1, 1, 0, 237, 1, 0, 19, 9, 6]
1542802430482;[171, 0, 4, 255, 132, 128, 115]
1542802430509;[171, 0, 17, 255, 161, 74, 235, 68, 42, 1, 0, 27, 1, 1, 30, 1, 0, 40, 9, 16]
1542802430511;[171, 0, 17, 255, 161, 74, 235, 68, 42, 1, 0, 22, 1, 1, 73, 1, 0, 30, 9, 138]
1542802430512;[171, 0, 17, 255, 161, 74, 235, 68, 42, 0, 0, 12, 1, 1, 206, 1, 0, 134, 10, 137]
1542802430652;[171, 0, 17, 255, 161, 74, 235, 68, 42, 1, 0, 30, 1, 0, 38, 1, 0, 28, 10, 212]
1542802430826;[171, 0, 17, 255, 161, 74, 235, 68, 42, 0, 0, 70, 1, 0, 189, 0, 0, 25, 11, 112]
1542802430829;[171, 0, 17, 255, 161, 74, 235, 68, 42, 0, 1, 104, 1, 2, 88, 1, 0, 15, 11, 227]
1542802431172;[171, 0, 17, 255, 161, 74, 235, 68, 42, 1, 0, 246, 1, 0, 44, 1, 0, 4, 12, 27]
1542802431174;[171, 0, 17, 255, 161, 74, 235, 68, 42, 0, 0, 90, 1, 0, 216, 1, 0, 1, 12, 25]
1542802431178;[171, 0, 17, 255, 161, 74, 235, 68, 42, 1, 0, 22, 1, 0, 192, 1, 0, 65, 12, 6]
1542802431340;[171, 0, 17, 255, 161, 74, 235, 68, 42, 1, 0, 46, 1, 0, 241, 1, 0, 153, 12, 34]
1542802431342;[171, 0, 4, 255, 132, 128, 115]
1542802431689;[171, 0, 17, 255, 161, 74, 235, 68, 43, 0, 0, 1, 1, 1, 3, 1, 0, 78, 11, 215]
1542802431693;[171, 0, 17, 255, 161, 74, 235, 68, 43, 1, 0, 26, 1, 1, 34, 1, 0, 13, 11, 194]
1542802431696;[171, 0, 17, 255, 161, 74, 235, 68, 43, 1, 0, 3, 1, 1, 53, 1, 0, 84, 11, 173]
1542802431704;[171, 0, 17, 255, 161, 74, 235, 68, 43, 1, 0, 21, 1, 0, 84, 0, 0, 62, 11, 212]
1542802431856;[171, 0, 17, 255, 161, 74, 235, 68, 43, 0, 0, 104, 1, 1, 14, 1, 0, 29, 12, 69]
1542802432032;[171, 0, 17, 255, 161, 74, 235, 68, 43, 0, 0, 251, 1, 1, 168, 1, 0, 180, 12, 107]
1542802432035;[171, 0, 17, 255, 161, 74, 235, 68, 43, 0, 0, 70, 1, 1, 123, 0, 0, 185, 12, 207]
1542802432550;[171, 0, 17, 255, 161, 74, 235, 68, 43, 0, 0, 14, 1, 0, 232, 0, 0, 37, 12, 65]
1542802432727;[171, 0, 17, 255, 161, 74, 235, 68, 43, 1, 0, 18, 1, 1, 6, 1, 0, 50, 11, 219]
1542802432729;[171, 0, 17, 255, 161, 74, 235, 68, 46, 0, 1, 40, 1, 2, 99, 1, 0, 163, 12, 94]
1542802432731;[171, 0, 17, 255, 161, 74, 235, 68, 46, 0, 5, 69, 1, 3, 43, 0, 1, 206, 12, 55]
1542802432732;[171, 0, 17, 255, 161, 74, 235, 68, 46, 0, 0, 40, 1, 1, 60, 1, 0, 45, 11, 179]
1542802432896;[171, 0, 17, 255, 161, 74, 235, 68, 46, 1, 0, 156, 1, 0, 200, 0, 0, 15, 11, 217]
1542802432901;[171, 0, 17, 255, 161, 74, 235, 68, 46, 1, 0, 18, 1, 1, 30, 1, 0, 4, 11, 229]
1542802432904;[171, 0, 17, 255, 161, 74, 235, 68, 46, 1, 0, 196, 1, 1, 187, 1, 0, 89, 12, 81]
1542802433069;[171, 0, 17, 255, 161, 74, 235, 68, 46, 0, 0, 161, 1, 0, 84, 1, 0, 218, 12, 37]
1542802433413;[171, 0, 17, 255, 161, 74, 235, 68, 46, 1, 0, 46, 1, 0, 143, 0, 0, 4, 12, 74]
1542802433416;[171, 0, 17, 255, 161, 74, 235, 68, 46, 0, 1, 78, 1, 2, 125, 1, 0, 42, 12, 204]
1542802433420;[171, 0, 17, 255, 161, 74, 235, 68, 46, 0, 1, 33, 1, 1, 180, 0, 0, 232, 12, 153]
1542802433423;[171, 0, 4, 255, 132, 128, 114]
1542802433757;[171, 0, 17, 255, 161, 74, 235, 68, 47, 0, 0, 2, 1, 0, 251, 1, 0, 49, 11, 242]
1542802433761;[171, 0, 17, 255, 161, 74, 235, 68, 47, 1, 0, 41, 1, 0, 226, 1, 0, 53, 11, 139]
1542802433764;[171, 0, 17, 255, 161, 74, 235, 68, 47, 0, 0, 23, 1, 0, 251, 1, 0, 21, 11, 24]
1542802433932;[171, 0, 17, 255, 161, 74, 235, 68, 47, 1, 0, 31, 1, 1, 53, 1, 0, 41, 11, 80]
1542802433934;[171, 0, 17, 255, 161, 74, 235, 68, 47, 0, 0, 57, 1, 1, 198, 1, 0, 140, 11, 250]
1542802434099;[171, 0, 17, 255, 161, 74, 235, 68, 47, 1, 0, 181, 1, 0, 33, 1, 0, 50, 11, 98]
1542802434102;[171, 0, 17, 255, 161, 74, 235, 68, 47, 0, 0, 21, 1, 0, 188, 0, 0, 5, 11, 101]
1542802434274;[171, 0, 17, 255, 161, 74, 235, 68, 47, 0, 1, 161, 1, 1, 128, 1, 0, 10, 11, 42]
1542802434447;[171, 0, 17, 255, 161, 74, 235, 68, 47, 0, 1, 1, 1, 0, 132, 1, 0, 37, 10, 144]
1542802434451;[171, 0, 17, 255, 161, 74, 235, 68, 47, 0, 0, 23, 1, 0, 208, 1, 0, 13, 9, 208]
1542802434619;[171, 0, 4, 255, 132, 128, 113]
1542802434645;[171, 0, 17, 255, 161, 74, 235, 68, 48, 1, 0, 31, 1, 0, 234, 1, 0, 36, 9, 166]
1542802434966;[171, 0, 17, 255, 161, 74, 235, 68, 48, 1, 0, 6, 1, 1, 86, 0, 0, 11, 9, 154]
1542802434970;[171, 0, 17, 255, 161, 74, 235, 68, 48, 1, 0, 44, 1, 1, 112, 1, 0, 141, 10, 7]
1542802434974;[171, 0, 17, 255, 161, 74, 235, 68, 48, 0, 0, 27, 1, 0, 83, 0, 0, 33, 10, 97]
1542802435137;[171, 0, 17, 255, 161, 74, 235, 68, 48, 0, 0, 61, 0, 0, 67, 1, 0, 25, 10, 133]
1542802435141;[171, 0, 17, 255, 161, 74, 235, 68, 48, 0, 1, 33, 1, 1, 185, 1, 0, 43, 10, 40]
1542802435482;[171, 0, 17, 255, 161, 74, 235, 68, 48, 0, 1, 18, 1, 1, 233, 0, 1, 37, 10, 74]
1542802435833;[171, 0, 17, 255, 161, 74, 235, 68, 48, 0, 0, 50, 1, 1, 24, 1, 0, 43, 9, 104]
1542802435845;[171, 0, 17, 255, 161, 74, 235, 68, 48, 1, 0, 19, 1, 0, 204, 1, 0, 85, 9, 119]
1542802435850;[171, 0, 17, 255, 161, 74, 235, 68, 48, 0, 0, 0, 1, 1, 9, 0, 0, 3, 9, 229]
1542802435852;[171, 0, 4, 255, 132, 128, 113]
1542802436343;[171, 0, 17, 255, 161, 74, 235, 68, 49, 1, 0, 132, 1, 1, 211, 1, 0, 78, 10, 70]
1542802436347;[171, 0, 17, 255, 161, 74, 235, 68, 49, 0, 0, 54, 1, 0, 90, 1, 0, 51, 10, 38]
1542802436350;[171, 0, 17, 255, 161, 74, 235, 68, 49, 0, 0, 14, 1, 0, 167, 1, 0, 40, 10, 107]
1542802436352;[171, 0, 17, 255, 161, 74, 235, 68, 49, 0, 1, 15, 1, 1, 193, 1, 0, 25, 10, 140]
1542802436518;[171, 0, 17, 255, 161, 74, 235, 68, 49, 1, 0, 172, 1, 3, 121, 0, 2, 15, 10, 236]
1542802436522;[171, 0, 17, 255, 161, 74, 235, 68, 49, 0, 0, 38, 1, 1, 30, 1, 0, 58, 9, 244]
1542802436525;[171, 0, 17, 255, 161, 74, 235, 68, 49, 1, 0, 75, 1, 0, 216, 1, 0, 81, 9, 118]
1542802436862;[171, 0, 17, 255, 161, 74, 235, 68, 49, 0, 0, 25, 1, 0, 243, 1, 0, 58, 9, 109]
1542802436865;[171, 0, 17, 255, 161, 74, 235, 68, 49, 1, 0, 28, 1, 1, 80, 1, 0, 54, 9, 139]
1542802437033;[171, 0, 17, 255, 161, 74, 235, 68, 49, 0, 0, 49, 1, 1, 137, 1, 0, 125, 10, 51]
1542802437036;[171, 0, 4, 255, 132, 128, 112]
1542802437207;[171, 0, 17, 255, 161, 74, 235, 68, 50, 1, 0, 100, 1, 0, 53, 1, 0, 35, 9, 168]
1542802437209;[171, 0, 17, 255, 161, 74, 235, 68, 50, 0, 0, 31, 1, 0, 198, 1, 0, 28, 9, 211]
1542802437212;[171, 0, 17, 255, 161, 74, 235, 68, 50, 0, 1, 33, 1, 1, 182, 1, 0, 95, 9, 163]
1542802437215;[171, 0, 17, 255, 161, 74, 235, 68, 50, 0, 0, 40, 1, 0, 219, 0, 2, 250, 10, 5]
1542802437553;[171, 0, 17, 255, 161, 74, 235, 68, 50, 1, 0, 28, 1, 0, 223, 1, 0, 20, 9, 83]
1542802437556;[171, 0, 17, 255, 161, 74, 235, 68, 50, 0, 0, 42, 1, 0, 208, 1, 0, 14, 9, 15]
1542802437560;[171, 0, 17, 255, 161, 74, 235, 68, 50, 1, 0, 45, 1, 1, 76, 1, 0, 28, 9, 82]
1542802437564;[171, 0, 17, 255, 161, 74, 235, 68, 50, 1, 0, 40, 1, 1, 215, 1, 0, 85, 9, 236]
1542802437727;[171, 0, 17, 255, 161, 74, 235, 68, 50, 0, 0, 110, 1, 0, 125, 1, 0, 57, 9, 223]
1542802437748;[171, 0, 17, 255, 161, 74, 235, 68, 50, 0, 0, 68, 1, 0, 156, 1, 0, 26, 9, 145]
1542802437897;[171, 0, 4, 255, 132, 128, 112]
1542802437922;[171, 0, 17, 255, 161, 74, 235, 68, 51, 0, 0, 251, 1, 1, 225, 1, 0, 49, 9, 215]
1542802438067;[171, 0, 17, 255, 161, 74, 235, 68, 51, 1, 0, 156, 1, 2, 113, 0, 1, 46, 10, 119]
1542802438247;[171, 0, 17, 255, 161, 74, 235, 68, 51, 0, 0, 36, 1, 1, 4, 1, 0, 90, 9, 204]
1542802438249;[171, 0, 17, 255, 161, 74, 235, 68, 51, 1, 0, 42, 1, 1, 0, 1, 0, 64, 9, 143]
1542802438935;[171, 0, 17, 255, 161, 74, 235, 68, 51, 1, 0, 13, 1, 1, 11, 1, 0, 4, 9, 217]
1542802438939;[171, 0, 17, 255, 161, 74, 235, 68, 51, 1, 0, 138, 1, 1, 101, 1, 0, 20, 10, 63]
1542802438944;[171, 0, 17, 255, 161, 74, 235, 68, 51, 0, 0, 152, 1, 0, 117, 1, 0, 146, 10, 212]
1542802438947;[171, 0, 17, 255, 161, 74, 235, 68, 51, 1, 0, 11, 1, 0, 142, 1, 0, 54, 10, 207]
1542802439103;[171, 0, 17, 255, 161, 74, 235, 68, 51, 0, 0, 35, 1, 2, 38, 0, 0, 91, 11, 102]
1542802439275;[171, 0, 17, 255, 161, 74, 235, 68, 51, 0, 0, 100, 1, 0, 83, 0, 0, 60, 10, 182]
1542802439444;[171, 0, 4, 255, 132, 128, 111]
1542802439464;[171, 0, 17, 255, 161, 74, 235, 68, 52, 1, 3, 156, 1, 0, 21, 1, 0, 233, 10, 155]
1542802439465;[171, 0, 17, 255, 161, 74, 235, 68, 52, 1, 0, 21, 1, 0, 233, 0, 0, 62, 10, 22]
1542802439466;[171, 0, 17, 255, 161, 74, 235, 68, 52, 0, 0, 35, 1, 0, 230, 1, 0, 54, 9, 23]
1542802439621;[171, 0, 17, 255, 161, 74, 235, 68, 52, 1, 0, 6, 1, 0, 247, 1, 0, 27, 8, 145]
1542802439623;[171, 0, 17, 255, 161, 74, 235, 68, 52, 1, 0, 22, 1, 1, 82, 1, 0, 31, 8, 160]
1542802439625;[171, 0, 17, 255, 161, 74, 235, 68, 52, 1, 0, 38, 1, 1, 142, 1, 0, 156, 9, 139]
1542802439792;[171, 0, 17, 255, 161, 74, 235, 68, 52, 1, 0, 70, 1, 0, 103, 1, 0, 10, 10, 17]
1542802439795;[171, 0, 17, 255, 161, 74, 235, 68, 52, 0, 0, 17, 1, 0, 219, 0, 0, 40, 10, 100]
1542802440311;[171, 0, 17, 255, 161, 74, 235, 68, 52, 0, 1, 101, 1, 1, 54, 1, 0, 14, 10, 219]
1542802440313;[171, 0, 17, 255, 161, 74, 235, 68, 52, 0, 4, 150, 1, 0, 193, 0, 0, 62, 11, 8]
1542802440316;[171, 0, 4, 255, 132, 128, 111]
1542802440338;[171, 0, 17, 255, 161, 74, 235, 68, 53, 1, 0, 7, 1, 1, 42, 1, 0, 37, 10, 199]
1542802440659;[171, 0, 17, 255, 161, 74, 235, 68, 53, 1, 0, 2, 1, 0, 238, 1, 0, 36, 11, 8]
1542802440663;[171, 0, 17, 255, 161, 74, 235, 68, 53, 1, 0, 86, 1, 1, 109, 1, 0, 31, 11, 103]
1542802440667;[171, 0, 17, 255, 161, 74, 235, 68, 53, 0, 0, 62, 1, 1, 183, 1, 0, 159, 12, 87]
1542802440671;[171, 0, 17, 255, 161, 74, 235, 68, 53, 0, 0, 53, 1, 0, 85, 1, 0, 125, 12, 106]
1542802440828;[171, 0, 17, 255, 161, 74, 235, 68, 53, 0, 0, 54, 1, 1, 48, 0, 0, 34, 12, 190]
1542802440831;[171, 0, 17, 255, 161, 74, 235, 68, 53, 0, 6, 151, 1, 3, 94, 1, 0, 35, 12, 184]
1542802441347;[171, 0, 17, 255, 161, 74, 235, 68, 53, 0, 0, 74, 1, 1, 26, 1, 0, 129, 11, 233]
1542802441350;[171, 0, 17, 255, 161, 74, 235, 68, 53, 1, 0, 55, 1, 0, 227, 1, 0, 34, 12, 99]
1542802441353;[171, 0, 17, 255, 161, 74, 235, 68, 53, 1, 0, 73, 1, 1, 27, 0, 0, 83, 13, 51]
1542802441356;[171, 0, 4, 255, 132, 128, 111]
1542802441519;[171, 0, 17, 255, 161, 74, 235, 68, 54, 0, 0, 114, 1, 1, 116, 1, 0, 176, 14, 16]
1542802441525;[171, 0, 17, 255, 161, 74, 235, 68, 54, 1, 0, 88, 1, 0, 96, 0, 0, 26, 13, 254]
1542802441526;[171, 0, 17, 255, 161, 74, 235, 68, 54, 0, 1, 41, 1, 1, 41, 1, 0, 31, 14, 66]
1542802441692;[171, 0, 17, 255, 161, 74, 235, 68, 54, 0, 1, 101, 1, 0, 168, 1, 0, 132, 13, 192]
1542802441862;[171, 0, 17, 255, 161, 74, 235, 68, 54, 0, 0, 179, 1, 0, 26, 0, 1, 147, 14, 163]
1542802441865;[171, 0, 17, 255, 161, 74, 235, 68, 54, 0, 0, 34, 1, 0, 218, 0, 0, 2, 14, 134]
1542802442057;[171, 0, 17, 255, 161, 74, 235, 68, 54, 0, 0, 40, 1, 0, 249, 1, 0, 64, 13, 222]
1542802442058;[171, 0, 17, 255, 161, 74, 235, 68, 54, 1, 0, 50, 1, 1, 79, 1, 0, 46, 13, 139]
1542802442729;[171, 0, 17, 255, 161, 74, 235, 68, 54, 0, 0, 78, 1, 1, 215, 1, 0, 80, 13, 157]
1542802442733;[171, 0, 17, 255, 161, 74, 235, 68, 54, 1, 0, 121, 1, 0, 92, 1, 0, 70, 13, 129]
1542802442737;[171, 0, 4, 255, 132, 128, 111]
1542802442765;[171, 0, 17, 255, 161, 74, 235, 68, 55, 0, 0, 228, 0, 0, 22, 0, 0, 29, 14, 15]
1542802442905;[171, 0, 17, 255, 161, 74, 235, 68, 55, 0, 0, 221, 1, 2, 26, 1, 0, 119, 13, 231]
1542802442907;[171, 0, 17, 255, 161, 74, 235, 68, 55, 1, 1, 28, 1, 1, 97, 0, 0, 218, 13, 233]
1542802442910;[171, 0, 17, 255, 161, 74, 235, 68, 55, 0, 0, 39, 1, 1, 34, 1, 0, 112, 13, 202]
1542802442914;[171, 0, 17, 255, 161, 74, 235, 68, 55, 0, 0, 181, 1, 1, 172, 1, 0, 73, 12, 159]
1542802443247;[171, 0, 17, 255, 161, 74, 235, 68, 55, 0, 0, 1, 1, 1, 28, 1, 0, 33, 11, 94]
1542802443251;[171, 0, 17, 255, 161, 74, 235, 68, 55, 1, 0, 67, 1, 1, 188, 1, 0, 80, 11, 199]
1542802443255;[171, 0, 17, 255, 161, 74, 235, 68, 55, 1, 0, 29, 1, 0, 125, 0, 0, 46, 12, 172]
1542802443260;[171, 0, 17, 255, 161, 74, 235, 68, 55, 0, 0, 14, 1, 0, 161, 1, 0, 26, 13, 55]
1542802443429;[171, 0, 17, 255, 161, 74, 235, 68, 55, 0, 1, 107, 1, 1, 180, 1, 0, 82, 13, 164]
1542802443430;[171, 0, 4, 255, 132, 128, 111]
1542802443938;[171, 0, 17, 255, 161, 74, 235, 68, 56, 0, 1, 200, 1, 4, 211, 0, 2, 120, 14, 79]
1542802443942;[171, 0, 17, 255, 161, 74, 235, 68, 56, 0, 0, 35, 1, 1, 42, 1, 0, 78, 13, 206]
1542802443945;[171, 0, 17, 255, 161, 74, 235, 68, 56, 1, 0, 34, 1, 0, 244, 1, 0, 47, 13, 124]
1542802443949;[171, 0, 17, 255, 161, 74, 235, 68, 56, 1, 0, 9, 1, 1, 65, 0, 0, 12, 13, 152]
1542802444281;[171, 0, 17, 255, 161, 74, 235, 68, 56, 1, 0, 15, 1, 1, 210, 1, 0, 123, 14, 91]
1542802444295;[171, 0, 17, 255, 161, 74, 235, 68, 56, 1, 0, 60, 1, 0, 100, 0, 0, 106, 14, 218]
1542802444297;[171, 0, 17, 255, 161, 74, 235, 68, 56, 0, 0, 59, 1, 0, 103, 1, 0, 24, 14, 189]
1542802444299;[171, 0, 17, 255, 161, 74, 235, 68, 56, 0, 1, 8, 1, 2, 32, 1, 1, 67, 14, 226]
1542802444451;[171, 0, 17, 255, 161, 74, 235, 68, 56, 1, 1, 74, 1, 1, 144, 0, 1, 3, 14, 47]
1542802444455;[171, 0, 17, 255, 161, 74, 235, 68, 56, 0, 0, 13, 1, 1, 42, 1, 0, 157, 13, 189]
1542802444624;[171, 0, 4, 255, 132, 128, 110]
1542802444650;[171, 0, 17, 255, 161, 74, 235, 68, 57, 1, 0, 31, 1, 0, 227, 1, 0, 10, 12, 254]
1542802444796;[171, 0, 17, 255, 161, 74, 235, 68, 57, 1, 0, 16, 1, 1, 50, 0, 0, 89, 13, 36]
1542802444800;[171, 0, 17, 255, 161, 74, 235, 68, 57, 1, 0, 46, 1, 1, 241, 1, 0, 127, 13, 224]
1542802444970;[171, 0, 17, 255, 161, 74, 235, 68, 57, 1, 0, 37, 1, 0, 104, 0, 0, 8, 13, 76]
1542802445485;[171, 0, 17, 255, 161, 74, 235, 68, 57, 1, 0, 19, 1, 0, 234, 1, 0, 40, 13, 78]
1542802445489;[171, 0, 17, 255, 161, 74, 235, 68, 57, 0, 1, 202, 1, 1, 209, 0, 0, 120, 13, 149]
1542802445491;[171, 0, 17, 255, 161, 74, 235, 68, 57, 1, 0, 8, 1, 0, 45, 0, 2, 98, 13, 74]
1542802445494;[171, 0, 17, 255, 161, 74, 235, 68, 57, 0, 0, 20, 1, 0, 230, 1, 0, 32, 12, 184]
1542802445657;[171, 0, 17, 255, 161, 74, 235, 68, 57, 0, 0, 34, 1, 0, 252, 1, 0, 87, 12, 127]
1542802445660;[171, 0, 17, 255, 161, 74, 235, 68, 57, 1, 0, 78, 1, 1, 102, 1, 0, 40, 12, 203]
1542802445662;[171, 0, 4, 255, 132, 128, 110]
1542802445831;[171, 0, 17, 255, 161, 74, 235, 68, 58, 1, 0, 83, 1, 1, 197, 1, 0, 181, 13, 99]
1542802445833;[171, 0, 17, 255, 161, 74, 235, 68, 58, 0, 0, 8, 1, 0, 107, 1, 0, 67, 13, 75]
1542802446006;[171, 0, 17, 255, 161, 74, 235, 68, 58, 0, 0, 141, 1, 1, 10, 0, 0, 51, 13, 139]
1542802446012;[171, 0, 17, 255, 161, 74, 235, 68, 58, 0, 2, 81, 1, 1, 8, 1, 0, 16, 13, 95]
1542802446177;[171, 0, 17, 255, 161, 74, 235, 68, 58, 0, 0, 101, 1, 1, 38, 1, 0, 113, 11, 248]
1542802446181;[171, 0, 17, 255, 161, 74, 235, 68, 58, 1, 0, 243, 1, 1, 4, 1, 0, 70, 11, 251]
1542802446524;[171, 0, 17, 255, 161, 74, 235, 68, 58, 0, 0, 48, 1, 1, 1, 0, 0, 12, 12, 32]
1542802446528;[171, 0, 17, 255, 161, 74, 235, 68, 58, 1, 0, 184, 1, 1, 210, 1, 0, 66, 12, 177]
1542802446533;[171, 0, 17, 255, 161, 74, 235, 68, 58, 0, 0, 26, 1, 0, 113, 1, 0, 87, 12, 116]
1542802446693;[171, 0, 17, 255, 161, 74, 235, 68, 58, 0, 0, 6, 1, 0, 195, 1, 0, 16, 12, 100]
1542802446696;[171, 0, 4, 255, 132, 128, 110]
1542802446867;[171, 0, 17, 255, 161, 74, 235, 68, 59, 0, 1, 207, 1, 1, 156, 1, 0, 54, 12, 103]
1542802447037;[171, 0, 17, 255, 161, 74, 235, 68, 59, 1, 0, 227, 1, 1, 163, 1, 4, 67, 12, 28]
1542802447041;[171, 0, 17, 255, 161, 74, 235, 68, 59, 1, 0, 57, 1, 1, 64, 1, 0, 26, 11, 77]
1542802447210;[171, 0, 17, 255, 161, 74, 235, 68, 59, 0, 0, 33, 1, 0, 241, 1, 0, 54, 11, 42]
1542802447213;[171, 0, 17, 255, 161, 74, 235, 68, 59, 1, 0, 76, 1, 1, 61, 1, 0, 20, 11, 77]
1542802447384;[171, 0, 17, 255, 161, 74, 235, 68, 59, 0, 0, 45, 1, 2, 70, 1, 0, 165, 11, 192]
1542802447388;[171, 0, 17, 255, 161, 74, 235, 68, 59, 1, 0, 151, 1, 0, 24, 1, 0, 57, 10, 218]
1542802447904;[171, 0, 17, 255, 161, 74, 235, 68, 59, 0, 0, 73, 1, 0, 183, 0, 0, 31, 10, 131]
1542802447908;[171, 0, 17, 255, 161, 74, 235, 68, 59, 0, 2, 18, 1, 1, 119, 1, 0, 38, 10, 54]
1542802447912;[171, 0, 17, 255, 161, 74, 235, 68, 59, 0, 0, 22, 1, 0, 160, 0, 1, 3, 9, 103]
1542802447916;[171, 0, 4, 255, 132, 128, 110]
1542802448074;[171, 0, 17, 255, 161, 74, 235, 68, 64, 1, 0, 83, 1, 1, 100, 1, 0, 98, 9, 21]
1542802448080;[171, 0, 17, 255, 161, 74, 235, 68, 64, 0, 0, 47, 1, 0, 212, 1, 0, 33, 9, 56]
1542802448248;[171, 0, 17, 255, 161, 74, 235, 68, 64, 1, 0, 128, 1, 1, 60, 1, 0, 55, 9, 154]
1542802448251;[171, 0, 17, 255, 161, 74, 235, 68, 64, 0, 1, 239, 1, 0, 150, 1, 0, 106, 9, 240]
1542802448780;[171, 0, 17, 255, 161, 74, 235, 68, 64, 1, 0, 23, 1, 0, 74, 1, 0, 19, 9, 193]
1542802448782;[171, 0, 17, 255, 161, 74, 235, 68, 64, 0, 1, 83, 1, 1, 93, 0, 0, 19, 10, 18]
1542802448784;[171, 0, 17, 255, 161, 74, 235, 68, 64, 0, 0, 85, 1, 1, 211, 0, 1, 146, 9, 189]
1542802448786;[171, 0, 17, 255, 161, 74, 235, 68, 64, 0, 0, 58, 1, 0, 247, 1, 0, 51, 9, 59]
1542802449114;[171, 0, 17, 255, 161, 74, 235, 68, 64, 0, 0, 16, 1, 0, 137, 1, 0, 57, 9, 65]
1542802449119;[171, 0, 17, 255, 161, 74, 235, 68, 64, 0, 0, 41, 1, 1, 15, 1, 0, 10, 9, 107]
1542802449139;[171, 0, 4, 255, 132, 128, 110]
1542802449141;[171, 0, 17, 255, 161, 74, 235, 68, 65, 1, 0, 178, 1, 1, 111, 1, 0, 48, 9, 190]
1542802449282;[171, 0, 17, 255, 161, 74, 235, 68, 65, 0, 2, 13, 1, 0, 67, 1, 0, 82, 9, 178]
1542802449283;[171, 0, 17, 255, 161, 74, 235, 68, 65, 0, 0, 69, 1, 0, 146, 1, 0, 47, 9, 110]
1542802449286;[171, 0, 17, 255, 161, 74, 235, 68, 65, 0, 1, 22, 1, 1, 146, 0, 0, 1, 9, 85]
1542802449453;[171, 0, 17, 255, 161, 74, 235, 68, 65, 1, 0, 172, 1, 0, 212, 0, 1, 42, 9, 36]
1542802449628;[171, 0, 17, 255, 161, 74, 235, 68, 65, 0, 0, 59, 1, 1, 0, 1, 0, 114, 7, 145]
1542802449633;[171, 0, 17, 255, 161, 74, 235, 68, 65, 1, 0, 100, 1, 0, 192, 1, 0, 94, 7, 93]
1542802449977;[171, 0, 17, 255, 161, 74, 235, 68, 65, 1, 0, 21, 1, 1, 19, 0, 0, 4, 7, 104]
1542802449980;[171, 0, 17, 255, 161, 74, 235, 68, 65, 1, 0, 123, 1, 1, 156, 1, 0, 92, 7, 200]
1542802449981;[171, 0, 17, 255, 161, 74, 235, 68, 65, 1, 0, 23, 1, 0, 175, 0, 0, 191, 8, 8]
1542802450320;[171, 0, 4, 255, 132, 128, 111]
1542802450490;[171, 0, 17, 255, 161, 74, 235, 68, 66, 0, 0, 38, 1, 0, 179, 0, 0, 5, 8, 12]
1542802450494;[171, 0, 17, 255, 161, 74, 235, 68, 66, 0, 1, 131, 1, 1, 220, 0, 0, 48, 7, 247]
1542802450497;[171, 0, 17, 255, 161, 74, 235, 68, 66, 0, 0, 151, 1, 3, 72, 1, 1, 233, 7, 188]
1542802450501;[171, 0, 17, 255, 161, 74, 235, 68, 66, 0, 0, 38, 1, 1, 56, 1, 0, 120, 6, 42]
1542802450661;[171, 0, 17, 255, 161, 74, 235, 68, 66, 0, 0, 27, 1, 0, 229, 1, 0, 93, 6, 42]
1542802450665;[171, 0, 17, 255, 161, 74, 235, 68, 66, 1, 0, 64, 1, 1, 81, 1, 0, 59, 6, 61]
1542802450834;[171, 0, 17, 255, 161, 74, 235, 68, 66, 1, 0, 25, 1, 1, 172, 1, 0, 139, 6, 247]
1542802450838;[171, 0, 17, 255, 161, 74, 235, 68, 66, 1, 0, 30, 1, 0, 104, 0, 0, 108, 7, 14]
1542802451181;[171, 0, 17, 255, 161, 74, 235, 68, 66, 1, 0, 13, 1, 0, 231, 1, 0, 2, 7, 75]
1542802451184;[171, 0, 17, 255, 161, 74, 235, 68, 66, 0, 1, 181, 1, 1, 190, 0, 0, 85, 7, 99]
1542802451187;[171, 0, 4, 255, 132, 128, 111]
1542802451212;[171, 0, 17, 255, 161, 74, 235, 68, 67, 1, 0, 109, 1, 2, 243, 1, 3, 28, 7, 115]
1542802451347;[171, 0, 17, 255, 161, 74, 235, 68, 67, 0, 0, 7, 1, 1, 14, 1, 0, 52, 6, 166]
1542802451698;[171, 0, 17, 255, 161, 74, 235, 68, 67, 0, 0, 14, 1, 0, 252, 1, 0, 37, 6, 25]
1542802451701;[171, 0, 17, 255, 161, 74, 235, 68, 67, 0, 0, 4, 1, 1, 47, 0, 0, 38, 6, 93]
1542802451704;[171, 0, 17, 255, 161, 74, 235, 68, 67, 1, 0, 157, 1, 1, 242, 1, 0, 107, 6, 249]
1542802451707;[171, 0, 17, 255, 161, 74, 235, 68, 67, 1, 0, 99, 1, 0, 103, 0, 0, 35, 7, 44]
1542802452043;[171, 0, 17, 255, 161, 74, 235, 68, 67, 0, 0, 80, 1, 0, 161, 1, 0, 14, 7, 164]
1542802452046;[171, 0, 17, 255, 161, 74, 235, 68, 67, 0, 0, 235, 1, 1, 180, 1, 0, 145, 7, 229]
1542802452049;[171, 0, 17, 255, 161, 74, 235, 68, 67, 1, 2, 41, 0, 0, 56, 1, 0, 5, 7, 105]
1542802452218;[171, 0, 17, 255, 161, 74, 235, 68, 67, 0, 0, 57, 1, 0, 224, 1, 0, 49, 5, 165]
1542802452220;[171, 0, 4, 255, 132, 128, 105]
1542802452385;[171, 0, 17, 255, 161, 74, 235, 68, 68, 0, 0, 50, 1, 1, 22, 1, 0, 68, 4, 191]
1542802452387;[171, 0, 17, 255, 161, 74, 235, 68, 68, 0, 0, 5, 1, 1, 66, 1, 0, 14, 4, 216]
1542802452908;[171, 0, 17, 255, 161, 74, 235, 68, 68, 0, 0, 67, 1, 2, 22, 1, 0, 182, 5, 156]
1542802452911;[171, 0, 17, 255, 161, 74, 235, 68, 68, 1, 0, 149, 1, 0, 61, 1, 0, 10, 6, 28]
1542802452914;[171, 0, 17, 255, 161, 74, 235, 68, 68, 0, 0, 65, 1, 0, 222, 0, 0, 118, 6, 149]
1542802452917;[171, 0, 17, 255, 161, 74, 235, 68, 68, 0, 5, 16, 1, 1, 20, 1, 0, 48, 6, 182]
1542802453077;[171, 0, 17, 255, 161, 74, 235, 68, 68, 0, 0, 133, 1, 1, 43, 0, 0, 92, 7, 19]
1542802453081;[171, 0, 17, 255, 161, 74, 235, 68, 68, 1, 0, 55, 1, 1, 33, 1, 0, 71, 7, 95]
1542802453085;[171, 0, 17, 255, 161, 74, 235, 68, 68, 0, 0, 54, 1, 0, 240, 0, 0, 52, 7, 219]
1542802453422;[171, 0, 17, 255, 161, 74, 235, 68, 71, 1, 0, 6, 1, 0, 245, 0, 0, 21, 12, 186]
1542802453594;[171, 0, 17, 255, 161, 74, 235, 68, 71, 1, 0, 37, 1, 1, 68, 1, 0, 17, 13, 20]
1542802453599;[171, 0, 17, 255, 161, 74, 235, 68, 71, 0, 0, 17, 1, 1, 186, 1, 0, 141, 13, 182]
1542802453768;[171, 0, 17, 255, 161, 74, 235, 68, 71, 1, 0, 37, 1, 0, 72, 1, 0, 51, 13, 238]
1542802453940;[171, 0, 17, 255, 161, 74, 235, 68, 71, 0, 0, 28, 1, 0, 206, 1, 0, 43, 13, 227]
1542802453943;[171, 0, 17, 255, 161, 74, 235, 68, 71, 0, 1, 29, 1, 1, 96, 1, 0, 85, 13, 190]
1542802454289;[171, 0, 17, 255, 161, 74, 235, 68, 71, 0, 0, 244, 1, 0, 35, 0, 4, 49, 13, 221]
1542802454292;[171, 0, 17, 255, 161, 74, 235, 68, 71, 0, 0, 65, 1, 0, 231, 1, 0, 43, 13, 180]
1542802454294;[171, 0, 17, 255, 161, 74, 235, 68, 71, 0, 0, 73, 1, 0, 212, 0, 0, 0, 13, 211]
1542802454298;[171, 0, 17, 255, 161, 74, 235, 68, 71, 1, 0, 40, 1, 1, 63, 0, 0, 3, 14, 23]
1542802454633;[171, 0, 4, 255, 132, 128, 94]
1542802454636;[171, 0, 17, 255, 161, 74, 235, 68, 72, 1, 0, 67, 1, 1, 120, 1, 0, 154, 14, 165]
1542802454659;[171, 0, 17, 255, 161, 74, 235, 68, 72, 1, 0, 7, 1, 0, 102, 1, 0, 71, 14, 165]
1542802454802;[171, 0, 17, 255, 161, 74, 235, 68, 72, 0, 0, 71, 1, 0, 209, 1, 0, 55, 14, 121]
1542802454806;[171, 0, 17, 255, 161, 74, 235, 68, 72, 0, 1, 58, 1, 1, 45, 1, 0, 109, 14, 88]
1542802454974;[171, 0, 17, 255, 161, 74, 235, 68, 72, 1, 0, 1, 1, 0, 113, 0, 0, 166, 14, 29]
1542802455146;[171, 0, 17, 255, 161, 74, 235, 68, 72, 0, 0, 84, 1, 0, 247, 0, 0, 0, 12, 152]
1542802455149;[171, 0, 17, 255, 161, 74, 235, 68, 72, 1, 0, 34, 1, 1, 47, 1, 0, 45, 11, 217]
1542802456010;[171, 0, 17, 255, 161, 74, 235, 68, 72, 1, 0, 18, 1, 0, 245, 0, 0, 6, 11, 204]
1542802456182;[171, 0, 17, 255, 161, 74, 235, 68, 72, 1, 0, 92, 1, 1, 221, 1, 0, 63, 12, 56]
1542802456186;[171, 0, 17, 255, 161, 74, 235, 68, 72, 1, 0, 95, 1, 1, 44, 1, 0, 46, 12, 226]
1542802456189;[171, 0, 4, 255, 132, 128, 104]
1542802456214;[171, 0, 17, 255, 161, 74, 235, 68, 73, 0, 0, 152, 1, 0, 127, 1, 0, 57, 12, 175]
1542802456872;[171, 0, 17, 255, 161, 74, 235, 68, 73, 0, 0, 129, 0, 0, 103, 1, 0, 110, 11, 216]
1542802456875;[171, 0, 17, 255, 161, 74, 235, 68, 73, 0, 1, 42, 0, 0, 174, 0, 4, 26, 10, 132]
1542802457045;[171, 0, 17, 255, 161, 74, 235, 68, 73, 0, 0, 87, 1, 0, 243, 1, 0, 18, 10, 50]
1542802457048;[171, 0, 17, 255, 161, 74, 235, 68, 73, 1, 0, 96, 1, 1, 58, 1, 0, 44, 9, 175]
1542802457053;[171, 0, 17, 255, 161, 74, 235, 68, 73, 1, 0, 33, 1, 0, 221, 1, 0, 87, 9, 184]
1542802457055;[171, 0, 17, 255, 161, 74, 235, 68, 73, 0, 1, 66, 1, 1, 110, 1, 0, 15, 10, 7]
1542802457216;[171, 0, 17, 255, 161, 74, 235, 68, 73, 1, 0, 53, 1, 0, 147, 1, 0, 8, 9, 251]
1542802457218;[171, 0, 17, 255, 161, 74, 235, 68, 73, 0, 0, 208, 1, 0, 129, 0, 0, 11, 9, 244]
1542802457221;[171, 0, 17, 255, 161, 74, 235, 68, 73, 0, 3, 91, 1, 2, 125, 0, 0, 220, 9, 227]
1542802457223;[171, 0, 4, 255, 132, 128, 100]
1542802457564;[171, 0, 17, 255, 161, 74, 235, 68, 74, 0, 0, 217, 1, 0, 163, 1, 0, 128, 9, 36]
1542802457567;[171, 0, 17, 255, 161, 74, 235, 68, 74, 0, 0, 16, 1, 0, 231, 1, 0, 39, 8, 25]
1542802457571;[171, 0, 17, 255, 161, 74, 235, 68, 74, 1, 0, 39, 1, 0, 245, 1, 0, 24, 7, 27]
1542802457736;[171, 0, 17, 255, 161, 74, 235, 68, 74, 1, 0, 36, 1, 0, 254, 1, 0, 24, 7, 27]
1542802457739;[171, 0, 17, 255, 161, 74, 235, 68, 74, 1, 0, 58, 1, 1, 167, 1, 0, 11, 7, 27]
1542802458080;[171, 0, 17, 255, 161, 74, 235, 68, 74, 0, 0, 115, 1, 0, 230, 1, 0, 51, 7, 214]
1542802458083;[171, 0, 17, 255, 161, 74, 235, 68, 74, 1, 0, 41, 1, 0, 183, 1, 0, 85, 8, 30]
1542802458086;[171, 0, 17, 255, 161, 74, 235, 68, 74, 0, 0, 14, 1, 0, 70, 0, 1, 31, 8, 76]
1542802458090;[171, 0, 17, 255, 161, 74, 235, 68, 74, 0, 1, 31, 1, 0, 174, 0, 0, 69, 8, 57]
1542802458250;[171, 0, 17, 255, 161, 74, 235, 68, 74, 0, 0, 200, 1, 0, 146, 1, 0, 129, 7, 212]
1542802458423;[171, 0, 4, 255, 132, 128, 100]
1542802458447;[171, 0, 17, 255, 161, 74, 235, 68, 75, 0, 0, 31, 1, 0, 236, 1, 0, 64, 7, 156]
1542802458597;[171, 0, 17, 255, 161, 74, 235, 68, 75, 1, 0, 49, 1, 0, 237, 1, 0, 71, 7, 123]
1542802458599;[171, 0, 17, 255, 161, 74, 235, 68, 75, 1, 0, 48, 1, 0, 252, 0, 0, 0, 6, 212]
1542802458768;[171, 0, 17, 255, 161, 74, 235, 68, 75, 0, 0, 13, 1, 1, 6, 1, 0, 38, 6, 201]
1542802458943;[171, 0, 17, 255, 161, 74, 235, 68, 75, 0, 0, 1, 1, 1, 33, 1, 0, 18, 6, 183]
1542802458946;[171, 0, 17, 255, 161, 74, 235, 68, 75, 0, 0, 112, 1, 1, 34, 1, 0, 81, 7, 79]
1542802459288;[171, 0, 17, 255, 161, 74, 235, 68, 75, 1, 0, 18, 1, 0, 203, 1, 0, 41, 7, 141]
1542802459294;[171, 0, 17, 255, 161, 74, 235, 68, 75, 1, 0, 10, 1, 0, 201, 0, 0, 40, 7, 139]
1542802459296;[171, 0, 17, 255, 161, 74, 235, 68, 75, 0, 0, 230, 1, 0, 136, 0, 0, 65, 7, 116]
1542802459300;[171, 0, 17, 255, 161, 74, 235, 68, 75, 0, 1, 16, 0, 0, 113, 0, 0, 158, 7, 23]
1542802459454;[171, 0, 4, 255, 132, 128, 100]
1542802459629;[171, 0, 17, 255, 161, 74, 235, 68, 76, 0, 0, 28, 1, 0, 233, 1, 0, 35, 6, 204]
1542802459631;[171, 0, 17, 255, 161, 74, 235, 68, 76, 1, 0, 1, 1, 0, 246, 1, 0, 29, 6, 88]
1542802459811;[171, 0, 17, 255, 161, 74, 235, 68, 76, 0, 0, 9, 1, 0, 251, 1, 0, 19, 6, 17]
1542802459812;[171, 0, 17, 255, 161, 74, 235, 68, 76, 0, 0, 12, 1, 1, 18, 1, 0, 14, 6, 46]
1542802459977;[171, 0, 17, 255, 161, 74, 235, 68, 76, 1, 0, 9, 1, 1, 58, 1, 0, 18, 6, 108]
1542802459980;[171, 0, 17, 255, 161, 74, 235, 68, 76, 0, 0, 21, 1, 1, 148, 1, 0, 106, 7, 36]
1542802460150;[171, 0, 17, 255, 161, 74, 235, 68, 76, 0, 0, 36, 1, 0, 105, 1, 0, 18, 7, 94]
1542802460322;[171, 0, 17, 255, 161, 74, 235, 68, 76, 0, 0, 92, 1, 0, 208, 0, 0, 36, 7, 117]
1542802460328;[171, 0, 17, 255, 161, 74, 235, 68, 76, 0, 1, 20, 1, 0, 235, 0, 0, 4, 7, 110]
1542802460673;[171, 0, 17, 255, 161, 74, 235, 68, 76, 1, 1, 28, 0, 0, 140, 0, 1, 166, 7, 29]
1542802460680;[171, 0, 4, 255, 132, 128, 100]
1542802460686;[171, 0, 17, 255, 161, 74, 235, 68, 77, 0, 0, 47, 1, 0, 238, 1, 0, 85, 7, 17]
1542802461014;[171, 0, 17, 255, 161, 74, 235, 68, 77, 0, 0, 63, 1, 0, 246, 1, 0, 11, 7, 28]
1542802461017;[171, 0, 17, 255, 161, 74, 235, 68, 77, 0, 0, 55, 1, 0, 254, 1, 0, 38, 7, 60]
1542802461021;[171, 0, 17, 255, 161, 74, 235, 68, 77, 0, 0, 58, 1, 0, 253, 0, 0, 7, 7, 50]
1542802461025;[171, 0, 17, 255, 161, 74, 235, 68, 77, 1, 0, 94, 1, 1, 90, 1, 0, 108, 7, 49]
1542802461185;[171, 0, 17, 255, 161, 74, 235, 68, 77, 1, 0, 98, 1, 0, 235, 0, 0, 28, 7, 232]
1542802461188;[171, 0, 17, 255, 161, 74, 235, 68, 77, 1, 0, 7, 1, 0, 226, 1, 0, 23, 7, 179]
1542802461528;[171, 0, 17, 255, 161, 74, 235, 68, 77, 0, 1, 91, 1, 1, 3, 0, 0, 48, 7, 213]
1542802461531;[171, 0, 17, 255, 161, 74, 235, 68, 77, 0, 1, 186, 0, 0, 230, 0, 2, 139, 7, 245]
1542802461533;[171, 0, 17, 255, 161, 74, 235, 68, 77, 0, 0, 48, 1, 0, 211, 0, 0, 3, 7, 233]
1542802461872;[171, 0, 4, 255, 132, 128, 100]
1542802461895;[171, 0, 17, 255, 161, 74, 235, 68, 78, 0, 0, 20, 1, 0, 185, 1, 0, 75, 7, 216]
1542802461896;[171, 0, 17, 255, 161, 74, 235, 68, 78, 0, 0, 44, 1, 1, 13, 0, 0, 20, 8, 53]
1542802462059;[171, 0, 17, 255, 161, 74, 235, 68, 78, 1, 0, 59, 1, 1, 152, 1, 0, 68, 8, 88]
1542802462063;[171, 0, 17, 255, 161, 74, 235, 68, 78, 0, 0, 149, 1, 1, 60, 1, 0, 208, 9, 35]
1542802462219;[171, 0, 17, 255, 161, 74, 235, 68, 78, 0, 0, 16, 1, 0, 214, 1, 0, 4, 9, 38]
1542802462222;[171, 0, 17, 255, 161, 74, 235, 68, 78, 0, 1, 144, 1, 0, 243, 1, 0, 10, 8, 237]
1542802462398;[171, 0, 17, 255, 161, 74, 235, 68, 78, 1, 3, 97, 1, 6, 227, 1, 0, 118, 8, 194]
1542802462399;[171, 0, 17, 255, 161, 74, 235, 68, 78, 0, 0, 62, 1, 1, 27, 0, 0, 50, 9, 35]
1542802462564;[171, 0, 17, 255, 161, 74, 235, 68, 78, 0, 0, 9, 1, 0, 159, 1, 0, 12, 9, 71]
1542802462737;[171, 0, 17, 255, 161, 74, 235, 68, 78, 0, 0, 38, 1, 1, 6, 0, 0, 41, 9, 142]
1542802462741;[171, 0, 4, 255, 132, 128, 100]
1542802463257;[171, 0, 17, 255, 161, 74, 235, 68, 79, 1, 0, 206, 1, 1, 216, 1, 0, 104, 9, 226]
1542802463260;[171, 0, 17, 255, 161, 74, 235, 68, 79, 0, 1, 47, 1, 0, 22, 1, 0, 83, 10, 186]
1542802463265;[171, 0, 17, 255, 161, 74, 235, 68, 79, 0, 0, 43, 1, 0, 119, 1, 0, 17, 10, 155]
1542802463269;[171, 0, 17, 255, 161, 74, 235, 68, 79, 0, 0, 139, 1, 2, 86, 1, 0, 26, 10, 245]
1542802463431;[171, 0, 17, 255, 161, 74, 235, 68, 79, 0, 0, 226, 1, 1, 8, 0, 0, 19, 10, 161]
1542802463432;[171, 0, 17, 255, 161, 74, 235, 68, 79, 0, 0, 56, 1, 0, 142, 0, 0, 56, 10, 181]
1542802463433;[171, 0, 17, 255, 161, 74, 235, 68, 79, 0, 0, 34, 1, 0, 204, 1, 0, 20, 10, 58]
1542802463600;[171, 0, 17, 255, 161, 74, 235, 68, 79, 0, 0, 23, 1, 1, 5, 1, 0, 63, 10, 66]
1542802463603;[171, 0, 17, 255, 161, 74, 235, 68, 79, 1, 0, 118, 1, 1, 119, 1, 0, 43, 10, 184]
1542802463772;[171, 0, 17, 255, 161, 74, 235, 68, 79, 0, 0, 130, 1, 0, 253, 1, 0, 38, 11, 109]
1542802464118;[171, 0, 4, 255, 132, 128, 100]
1542802464143;[171, 0, 17, 255, 161, 74, 235, 68, 80, 0, 0, 27, 1, 0, 105, 1, 0, 52, 11, 174]
1542802464150;[171, 0, 17, 255, 161, 74, 235, 68, 80, 0, 0, 233, 1, 1, 105, 0, 0, 58, 12, 66]
1542802464152;[171, 0, 17, 255, 161, 74, 235, 68, 80, 0, 3, 231, 1, 2, 182, 0, 0, 124, 12, 141]
1542802464461;[171, 0, 17, 255, 161, 74, 235, 68, 80, 0, 0, 41, 1, 1, 30, 1, 0, 26, 12, 100]
1542802464464;[171, 0, 17, 255, 161, 74, 235, 68, 80, 1, 0, 82, 1, 0, 239, 1, 0, 41, 12, 149]
1542802464468;[171, 0, 17, 255, 161, 74, 235, 68, 80, 1, 0, 3, 1, 0, 254, 1, 0, 11, 12, 72]
1542802464634;[171, 0, 17, 255, 161, 74, 235, 68, 80, 1, 0, 4, 1, 1, 112, 1, 0, 47, 12, 58]
1542802464637;[171, 0, 17, 255, 161, 74, 235, 68, 80, 0, 0, 67, 1, 1, 148, 1, 0, 108, 13, 11]
1542802464982;[171, 0, 17, 255, 161, 74, 235, 68, 80, 1, 0, 17, 1, 0, 114, 1, 0, 12, 13, 43]
1542802464986;[171, 0, 17, 255, 161, 74, 235, 68, 80, 0, 0, 24, 1, 0, 254, 0, 0, 21, 13, 102]
1542802464989;[171, 0, 4, 255, 132, 128, 107]
1542802465014;[171, 0, 17, 255, 161, 74, 235, 68, 81, 0, 1, 123, 1, 1, 15, 1, 0, 116, 13, 21]
1542802465326;[171, 0, 17, 255, 161, 74, 235, 68, 81, 0, 1, 82, 1, 0, 35, 0, 1, 35, 12, 231]
1542802465332;[171, 0, 17, 255, 161, 74, 235, 68, 81, 0, 0, 43, 1, 1, 22, 0, 0, 16, 13, 110]
1542802465333;[171, 0, 17, 255, 161, 74, 235, 68, 81, 0, 0, 25, 1, 0, 178, 1, 0, 5, 13, 131]
1542802465671;[171, 0, 17, 255, 161, 74, 235, 68, 81, 1, 0, 41, 1, 1, 255, 0, 0, 15, 14, 10]
1542802465674;[171, 0, 17, 255, 161, 74, 235, 68, 81, 1, 0, 53, 1, 0, 165, 0, 0, 98, 14, 62]
1542802465678;[171, 0, 17, 255, 161, 74, 235, 68, 81, 0, 0, 44, 1, 0, 202, 1, 0, 91, 13, 221]
1542802465841;[171, 0, 17, 255, 161, 74, 235, 68, 81, 0, 1, 67, 1, 0, 165, 1, 0, 128, 13, 210]
1542802465845;[171, 0, 17, 255, 161, 74, 235, 68, 81, 0, 0, 168, 1, 0, 89, 0, 1, 53, 13, 216]
1542802466016;[171, 0, 17, 255, 161, 74, 235, 68, 81, 0, 0, 16, 1, 0, 239, 1, 0, 30, 14, 44]
1542802466019;[171, 0, 4, 255, 132, 128, 107]
1542802466188;[171, 0, 17, 255, 161, 74, 235, 68, 82, 0, 0, 35, 1, 0, 204, 0, 0, 14, 14, 98]
1542802466191;[171, 0, 17, 255, 161, 74, 235, 68, 82, 1, 0, 201, 1, 1, 203, 0, 0, 17, 14, 255]
1542802466369;[171, 0, 17, 255, 161, 74, 235, 68, 82, 0, 0, 232, 1, 0, 199, 1, 0, 139, 31, 84]
1542802466530;[171, 0, 17, 255, 161, 74, 235, 68, 82, 1, 0, 12, 1, 0, 68, 1, 0, 29, 6, 245]
1542802466534;[171, 0, 17, 255, 161, 74, 235, 68, 82, 0, 0, 186, 1, 1, 113, 1, 0, 32, 7, 21]
1542802466703;[171, 0, 17, 255, 161, 74, 235, 68, 82, 1, 0, 63, 1, 2, 9, 0, 0, 170, 7, 57]
1542802466707;[171, 0, 17, 255, 161, 74, 235, 68, 82, 1, 0, 21, 1, 1, 116, 1, 0, 110, 6, 247]
1542802467048;[171, 0, 17, 255, 161, 74, 235, 68, 82, 1, 0, 187, 1, 0, 226, 1, 0, 54, 6, 131]
1542802467052;[171, 0, 17, 255, 161, 74, 235, 68, 82, 1, 0, 5, 1, 0, 248, 1, 0, 30, 6, 12]
1542802467055;[171, 0, 17, 255, 161, 74, 235, 68, 82, 1, 0, 50, 1, 0, 254, 1, 0, 54, 5, 121]
1542802467219;[171, 0, 4, 255, 132, 128, 112]
1542802467242;[171, 0, 17, 255, 161, 74, 235, 68, 83, 0, 0, 18, 1, 1, 75, 1, 0, 14, 4, 42]
1542802467391;[171, 0, 17, 255, 161, 74, 235, 68, 83, 0, 0, 61, 1, 1, 104, 1, 0, 99, 4, 199]
1542802467393;[171, 0, 17, 255, 161, 74, 235, 68, 83, 0, 0, 22, 1, 0, 19, 0, 0, 59, 4, 187]
1542802467562;[171, 0, 17, 255, 161, 74, 235, 68, 83, 1, 0, 20, 1, 1, 0, 1, 0, 13, 4, 168]
1542802467738;[171, 0, 17, 255, 161, 74, 235, 68, 83, 0, 1, 118, 1, 1, 92, 0, 0, 71, 4, 185]
1542802467740;[171, 0, 17, 255, 161, 74, 235, 68, 83, 1, 1, 48, 1, 1, 24, 1, 0, 103, 4, 196]
1542802467913;[171, 0, 17, 255, 161, 74, 235, 68, 83, 1, 0, 32, 1, 0, 255, 0, 0, 5, 4, 54]
1542802467917;[171, 0, 17, 255, 161, 74, 235, 68, 83, 0, 0, 7, 1, 0, 241, 1, 0, 63, 3, 234]
1542802468258;[171, 0, 17, 255, 161, 74, 235, 68, 83, 0, 0, 3, 1, 0, 239, 1, 0, 40, 3, 183]
1542802468261;[171, 0, 17, 255, 161, 74, 235, 68, 83, 1, 0, 8, 1, 0, 242, 1, 0, 55, 3, 115]
1542802468427;[171, 0, 4, 255, 132, 128, 112]
1542802468449;[171, 0, 17, 255, 161, 74, 235, 68, 84, 1, 0, 9, 1, 0, 240, 1, 0, 40, 3, 14]
1542802468451;[171, 0, 17, 255, 161, 74, 235, 68, 84, 0, 0, 13, 1, 0, 244, 1, 0, 27, 2, 166]
1542802468601;[171, 0, 17, 255, 161, 74, 235, 68, 84, 1, 0, 10, 1, 0, 245, 1, 0, 23, 2, 114]
1542802468604;[171, 0, 17, 255, 161, 74, 235, 68, 84, 1, 0, 16, 1, 0, 242, 1, 0, 27, 2, 109]
1542802468775;[171, 0, 17, 255, 161, 74, 235, 68, 84, 1, 0, 11, 1, 0, 244, 1, 0, 23, 2, 128]
1542802468947;[171, 0, 17, 255, 161, 74, 235, 68, 84, 1, 0, 6, 1, 0, 244, 1, 0, 20, 2, 114]
1542802468951;[171, 0, 17, 255, 161, 74, 235, 68, 84, 1, 0, 13, 1, 0, 242, 1, 0, 20, 2, 95]
1542802469142;[171, 0, 17, 255, 161, 74, 235, 68, 84, 1, 0, 10, 1, 0, 246, 1, 0, 20, 2, 105]
1542802469144;[171, 0, 17, 255, 161, 74, 235, 68, 84, 1, 0, 14, 1, 0, 245, 1, 0, 19, 2, 101]
1542802469636;[171, 0, 17, 255, 161, 74, 235, 68, 87, 1, 0, 90, 1, 1, 21, 0, 0, 51, 8, 87]
1542802469638;[171, 0, 17, 255, 161, 74, 235, 68, 87, 0, 0, 57, 1, 0, 243, 1, 0, 25, 7, 175]
1542802469641;[171, 0, 17, 255, 161, 74, 235, 68, 87, 0, 0, 56, 1, 0, 240, 1, 0, 21, 7, 148]
1542802469827;[171, 0, 17, 255, 161, 74, 235, 68, 87, 0, 0, 50, 1, 0, 237, 1, 0, 52, 7, 111]
1542802469829;[171, 0, 17, 255, 161, 74, 235, 68, 87, 1, 0, 138, 1, 1, 74, 1, 0, 11, 7, 109]
1542802469983;[171, 0, 17, 255, 161, 74, 235, 68, 87, 0, 0, 204, 1, 0, 71, 1, 0, 83, 7, 86]
1542802469987;[171, 0, 17, 255, 161, 74, 235, 68, 87, 1, 0, 7, 1, 0, 129, 0, 0, 78, 7, 202]
1542802470153;[171, 0, 17, 255, 161, 74, 235, 68, 87, 0, 3, 13, 1, 2, 99, 1, 0, 10, 7, 247]
1542802470323;[171, 0, 17, 255, 161, 74, 235, 68, 87, 0, 0, 155, 1, 0, 210, 0, 0, 55, 8, 2]
1542802470325;[171, 0, 17, 255, 161, 74, 235, 68, 87, 0, 0, 15, 1, 0, 240, 0, 0, 31, 8, 85]
1542802470498;[171, 0, 4, 255, 132, 128, 112]
1542802470520;[171, 0, 17, 255, 161, 74, 235, 68, 88, 0, 0, 49, 1, 0, 180, 0, 0, 0, 8, 187]
1542802470846;[171, 0, 17, 255, 161, 74, 235, 68, 88, 0, 0, 208, 1, 1, 120, 0, 0, 4, 9, 31]
1542802470849;[171, 0, 17, 255, 161, 74, 235, 68, 88, 1, 0, 126, 1, 0, 2, 1, 0, 2, 9, 14]
1542802470852;[171, 0, 17, 255, 161, 74, 235, 68, 88, 0, 0, 228, 1, 0, 231, 0, 0, 71, 9, 162]
1542802471017;[171, 0, 17, 255, 161, 74, 235, 68, 88, 0, 0, 72, 1, 1, 111, 1, 0, 210, 8, 254]
1542802471026;[171, 0, 17, 255, 161, 74, 235, 68, 88, 0, 0, 49, 1, 0, 219, 0, 0, 18, 8, 92]
1542802471188;[171, 0, 17, 255, 161, 74, 235, 68, 88, 0, 0, 47, 1, 0, 240, 1, 0, 25, 8, 20]
1542802471190;[171, 0, 17, 255, 161, 74, 235, 68, 88, 0, 0, 29, 1, 0, 231, 1, 0, 18, 8, 129]
1542802471360;[171, 0, 17, 255, 161, 74, 235, 68, 88, 0, 0, 46, 1, 0, 238, 1, 0, 44, 8, 195]
1542802471535;[171, 0, 17, 255, 161, 74, 235, 68, 88, 0, 0, 18, 1, 0, 239, 1, 0, 45, 9, 20]
1542802471538;[171, 0, 4, 255, 132, 128, 112]
1542802471711;[171, 0, 17, 255, 161, 74, 235, 68, 89, 0, 0, 14, 1, 0, 240, 1, 0, 44, 9, 89]
1542802471713;[171, 0, 17, 255, 161, 74, 235, 68, 89, 1, 0, 27, 1, 0, 242, 1, 0, 59, 9, 192]
1542802472226;[171, 0, 17, 255, 161, 74, 235, 68, 89, 0, 0, 16, 1, 0, 238, 1, 0, 58, 10, 43]
1542802472230;[171, 0, 17, 255, 161, 74, 235, 68, 89, 1, 0, 28, 1, 0, 239, 1, 0, 73, 10, 145]
1542802472234;[171, 0, 17, 255, 161, 74, 235, 68, 89, 0, 0, 98, 1, 1, 63, 0, 0, 23, 11, 67]
1542802472238;[171, 0, 17, 255, 161, 74, 235, 68, 89, 0, 0, 223, 1, 0, 192, 1, 0, 157, 11, 113]
1542802472403;[171, 0, 17, 255, 161, 74, 235, 68, 89, 0, 0, 60, 1, 0, 181, 1, 0, 38, 11, 79]
1542802472411;[171, 0, 17, 255, 161, 74, 235, 68, 89, 1, 2, 20, 1, 1, 209, 1, 0, 63, 11, 84]
1542802472417;[171, 0, 17, 255, 161, 74, 235, 68, 89, 0, 0, 39, 1, 0, 248, 0, 0, 87, 11, 67]
1542802472568;[171, 0, 17, 255, 161, 74, 235, 68, 89, 0, 0, 4, 1, 0, 238, 0, 0, 4, 11, 141]
1542802472742;[171, 0, 4, 255, 132, 128, 112]
1542802472767;[171, 0, 17, 255, 161, 74, 235, 68, 90, 0, 0, 1, 1, 0, 242, 1, 0, 15, 12, 11]
1542802472915;[171, 0, 17, 255, 161, 74, 235, 68, 90, 1, 0, 3, 1, 0, 248, 1, 0, 12, 12, 162]
1542802472918;[171, 0, 17, 255, 161, 74, 235, 68, 90, 0, 0, 11, 1, 0, 251, 0, 0, 2, 13, 19]
1542802473086;[171, 0, 17, 255, 161, 74, 235, 68, 90, 1, 0, 20, 1, 0, 236, 0, 0, 17, 13, 116]
1542802473091;[171, 0, 17, 255, 161, 74, 235, 68, 90, 1, 0, 10, 1, 1, 16, 0, 0, 35, 13, 131]
1542802473432;[171, 0, 17, 255, 161, 74, 235, 68, 90, 1, 0, 51, 1, 0, 215, 1, 0, 15, 13, 126]
1542802473434;[171, 0, 17, 255, 161, 74, 235, 68, 90, 1, 0, 50, 1, 0, 240, 0, 0, 65, 14, 10]
1542802473437;[171, 0, 17, 255, 161, 74, 235, 68, 90, 1, 0, 38, 1, 0, 243, 0, 0, 53, 14, 126]
1542802473605;[171, 0, 17, 255, 161, 74, 235, 68, 90, 1, 0, 30, 1, 0, 238, 0, 0, 20, 14, 237]
1542802473608;[171, 0, 17, 255, 161, 74, 235, 68, 90, 1, 0, 30, 1, 0, 245, 0, 0, 26, 31, 110]
1542802473971;[171, 0, 4, 255, 132, 128, 112]
1542802473973;[171, 0, 17, 255, 161, 74, 235, 68, 91, 1, 0, 37, 1, 0, 239, 0, 0, 29, 8, 104]
1542802473975;[171, 0, 17, 255, 161, 74, 235, 68, 91, 1, 0, 37, 1, 0, 250, 0, 0, 25, 8, 202]
1542802474120;[171, 0, 17, 255, 161, 74, 235, 68, 91, 1, 0, 47, 1, 0, 246, 0, 0, 41, 8, 202]
1542802474123;[171, 0, 17, 255, 161, 74, 235, 68, 91, 1, 0, 18, 1, 0, 249, 0, 0, 29, 9, 92]
1542802474294;[171, 0, 17, 255, 161, 74, 235, 68, 91, 1, 0, 8, 1, 1, 4, 0, 0, 43, 9, 147]
1542802474297;[171, 0, 17, 255, 161, 74, 235, 68, 91, 0, 0, 212, 1, 1, 26, 0, 0, 88, 10, 108]
1542802474639;[171, 0, 17, 255, 161, 74, 235, 68, 91, 0, 0, 13, 1, 0, 189, 0, 0, 115, 9, 240]
1542802474642;[171, 0, 17, 255, 161, 74, 235, 68, 91, 0, 2, 31, 1, 2, 52, 1, 0, 90, 8, 141]
1542802474645;[171, 0, 17, 255, 161, 74, 235, 68, 91, 0, 0, 9, 1, 0, 251, 0, 0, 8, 8, 173]
1542802474813;[171, 0, 17, 255, 161, 74, 235, 68, 91, 0, 0, 8, 1, 0, 213, 0, 0, 23, 8, 69]
1542802474816;[171, 0, 4, 255, 132, 128, 111]
1542802474985;[171, 0, 17, 255, 161, 74, 235, 68, 92, 1, 0, 62, 1, 0, 235, 1, 0, 65, 8, 64]
1542802474989;[171, 0, 17, 255, 161, 74, 235, 68, 92, 0, 0, 14, 1, 1, 15, 1, 0, 76, 7, 228]
1542802475158;[171, 0, 17, 255, 161, 74, 235, 68, 92, 0, 0, 12, 1, 1, 6, 1, 0, 184, 7, 124]
1542802475328;[171, 0, 17, 255, 161, 74, 235, 68, 92, 1, 0, 84, 1, 1, 169, 1, 0, 25, 6, 235]
1542802475329;[171, 0, 17, 255, 161, 74, 235, 68, 92, 1, 0, 97, 1, 0, 89, 0, 0, 9, 7, 28]
1542802475499;[171, 0, 17, 255, 161, 74, 235, 68, 92, 0, 0, 46, 1, 1, 14, 0, 0, 75, 7, 205]
1542802475502;[171, 0, 17, 255, 161, 74, 235, 68, 92, 1, 0, 180, 1, 1, 25, 1, 1, 106, 6, 99]
1542802475674;[171, 0, 17, 255, 161, 74, 235, 68, 92, 1, 0, 45, 1, 0, 199, 1, 0, 53, 6, 162]
1542802476022;[171, 0, 17, 255, 161, 74, 235, 68, 92, 1, 0, 41, 1, 0, 222, 1, 0, 45, 6, 239]
1542802476026;[171, 0, 17, 255, 161, 74, 235, 68, 92, 1, 0, 52, 1, 0, 238, 1, 0, 61, 7, 98]
1542802476029;[171, 0, 4, 255, 132, 128, 119]
1542802476055;[171, 0, 17, 255, 161, 74, 235, 68, 93, 0, 0, 6, 1, 0, 245, 1, 0, 40, 7, 85]
1542802476191;[171, 0, 17, 255, 161, 74, 235, 68, 93, 0, 0, 39, 1, 0, 251, 1, 0, 61, 6, 176]
1542802476194;[171, 0, 17, 255, 161, 74, 235, 68, 93, 1, 0, 12, 1, 1, 60, 1, 0, 69, 6, 69]
1542802476362;[171, 0, 17, 255, 161, 74, 235, 68, 93, 0, 0, 97, 1, 0, 208, 1, 0, 24, 5, 253]
1542802476536;[171, 0, 17, 255, 161, 74, 235, 68, 93, 0, 0, 25, 1, 0, 95, 0, 0, 57, 5, 210]
1542802476540;[171, 0, 17, 255, 161, 74, 235, 68, 93, 0, 0, 84, 1, 1, 21, 1, 0, 7, 5, 250]
1542802476710;[171, 0, 17, 255, 161, 74, 235, 68, 93, 0, 0, 30, 1, 0, 236, 0, 0, 6, 5, 230]
1542802476716;[171, 0, 17, 255, 161, 74, 235, 68, 93, 0, 0, 95, 1, 0, 141, 1, 0, 8, 5, 200]
1542802476880;[171, 0, 17, 255, 161, 74, 235, 68, 93, 0, 0, 53, 1, 1, 10, 0, 0, 79, 5, 180]
1542802476883;[171, 0, 17, 255, 161, 74, 235, 68, 93, 0, 0, 51, 1, 0, 251, 1, 0, 74, 5, 219]
1542802477226;[171, 0, 4, 255, 132, 128, 119]
1542802477249;[171, 0, 17, 255, 161, 74, 235, 68, 94, 0, 1, 15, 1, 1, 65, 1, 0, 81, 6, 39]
1542802477251;[171, 0, 17, 255, 161, 74, 235, 68, 94, 0, 0, 39, 1, 0, 157, 1, 0, 28, 5, 207]
1542802477400;[171, 0, 17, 255, 161, 74, 235, 68, 94, 1, 0, 5, 1, 1, 37, 1, 0, 238, 4, 213]
1542802477402;[171, 0, 17, 255, 161, 74, 235, 68, 94, 0, 0, 27, 1, 0, 188, 1, 0, 71, 4, 88]
1542802477571;[171, 0, 17, 255, 161, 74, 235, 68, 94, 0, 0, 68, 1, 1, 0, 0, 0, 53, 4, 82]
1542802477744;[171, 0, 17, 255, 161, 74, 235, 68, 94, 0, 0, 32, 1, 0, 236, 1, 0, 22, 3, 211]
1542802477747;[171, 0, 17, 255, 161, 74, 235, 68, 94, 0, 0, 0, 1, 0, 242, 1, 0, 38, 3, 181]
1542802477918;[171, 0, 17, 255, 161, 74, 235, 68, 94, 0, 0, 15, 1, 0, 248, 0, 0, 27, 3, 183]
1542802477921;[171, 0, 17, 255, 161, 74, 235, 68, 94, 1, 0, 17, 1, 0, 235, 1, 0, 53, 3, 214]
1542802478094;[171, 0, 17, 255, 161, 74, 235, 68, 94, 1, 0, 28, 1, 0, 241, 1, 0, 43, 4, 69]
1542802478096;[171, 0, 4, 255, 132, 128, 119]
1542802478261;[171, 0, 17, 255, 161, 74, 235, 68, 95, 1, 0, 26, 1, 0, 242, 1, 0, 37, 4, 157]
1542802478611;[171, 0, 17, 255, 161, 74, 235, 68, 95, 1, 0, 30, 1, 0, 238, 1, 0, 46, 4, 191]
1542802478614;[171, 0, 17, 255, 161, 74, 235, 68, 95, 1, 0, 30, 1, 0, 232, 1, 0, 50, 4, 168]
1542802478618;[171, 0, 17, 255, 161, 74, 235, 68, 95, 1, 0, 36, 1, 0, 236, 1, 0, 56, 4, 155]
1542802478623;[171, 0, 17, 255, 161, 74, 235, 68, 95, 1, 0, 33, 1, 0, 238, 1, 0, 44, 4, 178]
1542802478778;[171, 0, 17, 255, 161, 74, 235, 68, 95, 1, 0, 32, 1, 0, 246, 1, 0, 32, 4, 240]
1542802478781;[171, 0, 17, 255, 161, 74, 235, 68, 95, 1, 0, 37, 1, 0, 230, 1, 0, 63, 4, 245]
1542802478952;[171, 0, 17, 255, 161, 74, 235, 68, 95, 1, 0, 34, 1, 0, 241, 1, 0, 38, 4, 225]
1542802479134;[171, 0, 17, 255, 161, 74, 235, 68, 95, 1, 0, 27, 1, 0, 238, 1, 0, 46, 4, 157]
1542802479135;[171, 0, 17, 255, 161, 74, 235, 68, 95, 1, 0, 36, 1, 0, 239, 1, 0, 45, 4, 127]
1542802479295;[171, 0, 4, 255, 132, 128, 120]
1542802479320;[171, 0, 17, 255, 161, 74, 235, 68, 96, 1, 0, 39, 1, 0, 240, 1, 0, 41, 4, 122]
1542802479467;[171, 0, 17, 255, 161, 74, 235, 68, 96, 1, 0, 37, 1, 0, 240, 1, 0, 42, 4, 78]
1542802479815;[171, 0, 17, 255, 161, 74, 235, 68, 96, 1, 0, 31, 1, 0, 240, 1, 0, 44, 4, 30]
1542802479819;[171, 0, 17, 255, 161, 74, 235, 68, 96, 1, 0, 32, 1, 0, 240, 1, 0, 45, 3, 230]
1542802479823;[171, 0, 17, 255, 161, 74, 235, 68, 96, 1, 0, 34, 1, 0, 239, 1, 0, 48, 3, 185]
1542802479827;[171, 0, 17, 255, 161, 74, 235, 68, 96, 1, 0, 40, 1, 0, 236, 1, 0, 48, 3, 177]
1542802479987;[171, 0, 17, 255, 161, 74, 235, 68, 96, 1, 0, 4, 1, 0, 232, 1, 0, 53, 3, 105]
1542802479991;[171, 0, 17, 255, 161, 74, 235, 68, 96, 1, 0, 91, 1, 0, 226, 1, 0, 17, 3, 114]
1542802480159;[171, 0, 17, 255, 161, 74, 235, 68, 96, 1, 0, 2, 1, 0, 230, 1, 0, 55, 3, 84]
1542802480332;[171, 0, 17, 255, 161, 74, 235, 68, 96, 1, 0, 33, 1, 0, 234, 1, 0, 70, 3, 99]
1542802480336;[171, 0, 4, 255, 132, 128, 120]
1542802480506;[171, 0, 17, 255, 161, 74, 235, 68, 97, 1, 0, 33, 1, 0, 230, 1, 0, 71, 3, 201]
1542802480511;[171, 0, 17, 255, 161, 74, 235, 68, 97, 1, 0, 44, 1, 0, 230, 1, 0, 72, 4, 11]
1542802480677;[171, 0, 17, 255, 161, 74, 235, 68, 97, 1, 0, 31, 1, 0, 243, 1, 0, 75, 4, 62]
1542802480681;[171, 0, 17, 255, 161, 74, 235, 68, 97, 1, 0, 47, 1, 0, 243, 1, 0, 68, 4, 109]
1542802481195;[171, 0, 17, 255, 161, 74, 235, 68, 97, 1, 0, 47, 1, 0, 238, 1, 0, 66, 4, 135]
1542802481199;[171, 0, 17, 255, 161, 74, 235, 68, 97, 1, 0, 33, 1, 0, 248, 1, 0, 46, 4, 233]
1542802481201;[171, 0, 17, 255, 161, 74, 235, 68, 97, 1, 0, 43, 1, 0, 253, 1, 0, 50, 5, 67]
1542802481203;[171, 0, 17, 255, 161, 74, 235, 68, 97, 1, 0, 45, 1, 0, 245, 1, 0, 63, 5, 122]
1542802481366;[171, 0, 17, 255, 161, 74, 235, 68, 97, 1, 0, 58, 1, 0, 253, 1, 0, 50, 5, 172]
1542802481369;[171, 0, 17, 255, 161, 74, 235, 68, 97, 1, 0, 34, 1, 1, 3, 1, 0, 25, 5, 242]
1542802481537;[171, 0, 4, 255, 132, 128, 120]
1542802481559;[171, 0, 17, 255, 161, 74, 235, 68, 98, 1, 0, 27, 1, 1, 5, 1, 0, 32, 6, 70]
1542802481710;[171, 0, 17, 255, 161, 74, 235, 68, 98, 1, 0, 70, 1, 1, 16, 0, 0, 20, 6, 169]
1542802481714;[171, 0, 17, 255, 161, 74, 235, 68, 98, 1, 0, 7, 1, 1, 44, 0, 0, 156, 7, 46]
1542802481882;[171, 0, 17, 255, 161, 74, 235, 68, 98, 1, 0, 76, 1, 0, 129, 0, 0, 2, 7, 142]
1542802481884;[171, 0, 17, 255, 161, 74, 235, 68, 98, 0, 0, 113, 1, 0, 180, 0, 0, 208, 7, 198]
1542802482063;[171, 0, 17, 255, 161, 74, 235, 68, 98, 1, 0, 54, 1, 0, 203, 1, 0, 7, 7, 254]
1542802482406;[171, 0, 17, 255, 161, 74, 235, 68, 98, 1, 0, 34, 1, 1, 8, 1, 0, 33, 8, 95]
1542802482426;[171, 0, 17, 255, 161, 74, 235, 68, 98, 0, 0, 1, 1, 0, 255, 1, 0, 38, 8, 171]
1542802482427;[171, 0, 17, 255, 161, 74, 235, 68, 98, 0, 0, 12, 1, 1, 8, 1, 0, 40, 8, 203]
1542802482429;[171, 0, 17, 255, 161, 74, 235, 68, 98, 1, 0, 28, 1, 0, 243, 1, 0, 47, 9, 32]
1542802482573;[171, 0, 4, 255, 132, 128, 120]
1542802482746;[171, 0, 17, 255, 161, 74, 235, 68, 99, 0, 0, 19, 1, 0, 246, 1, 0, 39, 9, 149]
1542802482749;[171, 0, 17, 255, 161, 74, 235, 68, 99, 1, 0, 46, 1, 1, 2, 1, 0, 42, 10, 2]
1542802482919;[171, 0, 17, 255, 161, 74, 235, 68, 99, 1, 0, 94, 1, 0, 249, 1, 0, 86, 10, 135]
1542802482922;[171, 0, 17, 255, 161, 74, 235, 68, 99, 0, 0, 83, 1, 0, 174, 1, 0, 214, 10, 67]
1542802483088;[171, 0, 17, 255, 161, 74, 235, 68, 99, 1, 0, 59, 1, 0, 150, 1, 0, 99, 9, 61]
1542802483090;[171, 0, 17, 255, 161, 74, 235, 68, 99, 1, 1, 55, 1, 2, 161, 1, 0, 7, 9, 106]
1542802483261;[171, 0, 17, 255, 161, 74, 235, 68, 99, 0, 0, 78, 1, 0, 200, 1, 0, 71, 10, 93]
1542802483610;[171, 0, 17, 255, 161, 74, 235, 68, 99, 1, 0, 13, 1, 1, 20, 1, 0, 45, 10, 252]
1542802483613;[171, 0, 17, 255, 161, 74, 235, 68, 99, 1, 0, 14, 1, 1, 32, 1, 0, 21, 11, 161]
1542802483618;[171, 0, 17, 255, 161, 74, 235, 68, 99, 0, 0, 164, 1, 0, 54, 1, 0, 26, 11, 238]
1542802483619;[171, 0, 4, 255, 132, 128, 120]
1542802483782;[171, 0, 17, 255, 161, 74, 235, 68, 100, 0, 0, 164, 1, 0, 228, 0, 0, 166, 12, 155]
1542802483786;[171, 0, 17, 255, 161, 74, 235, 68, 100, 1, 0, 8, 1, 1, 85, 1, 0, 35, 12, 84]
1542802483954;[171, 0, 17, 255, 161, 74, 235, 68, 100, 0, 0, 22, 1, 0, 254, 1, 0, 28, 12, 229]
1542802484127;[171, 0, 17, 255, 161, 74, 235, 68, 100, 0, 0, 34, 1, 0, 254, 1, 0, 16, 13, 124]
1542802484130;[171, 0, 17, 255, 161, 74, 235, 68, 100, 0, 0, 21, 1, 0, 254, 1, 0, 1, 13, 109]
1542802484301;[171, 0, 17, 255, 161, 74, 235, 68, 100, 0, 0, 21, 1, 1, 13, 0, 0, 11, 13, 211]
1542802484304;[171, 0, 17, 255, 161, 74, 235, 68, 100, 1, 0, 14, 1, 1, 122, 0, 0, 52, 14, 0]
1542802484470;[171, 0, 17, 255, 161, 74, 235, 68, 100, 0, 0, 158, 1, 0, 176, 1, 0, 12, 13, 188]
1542802484644;[171, 0, 17, 255, 161, 74, 235, 68, 100, 1, 0, 69, 1, 0, 115, 1, 0, 51, 11, 0]
1542802484648;[171, 0, 17, 255, 161, 74, 235, 68, 100, 0, 1, 13, 1, 0, 72, 0, 0, 9, 10, 49]
1542802484992;[171, 0, 4, 255, 132, 128, 119]
1542802485016;[171, 0, 17, 255, 161, 74, 235, 68, 101, 0, 0, 96, 1, 0, 218, 1, 0, 88, 9, 22]
1542802485018;[171, 0, 17, 255, 161, 74, 235, 68, 101, 0, 0, 97, 1, 0, 180, 1, 0, 98, 8, 37]
1542802485019;[171, 0, 17, 255, 161, 74, 235, 68, 101, 0, 0, 179, 1, 0, 199, 1, 0, 46, 7, 41]
1542802485162;[171, 0, 17, 255, 161, 74, 235, 68, 101, 0, 0, 232, 1, 0, 141, 1, 0, 88, 6, 146]
1542802485335;[171, 0, 17, 255, 161, 74, 235, 68, 101, 0, 0, 17, 1, 0, 243, 0, 0, 21, 6, 109]
1542802485339;[171, 0, 17, 255, 161, 74, 235, 68, 101, 0, 0, 27, 1, 0, 237, 1, 0, 1, 6, 195]
1542802485506;[171, 0, 17, 255, 161, 74, 235, 68, 101, 0, 0, 38, 1, 0, 223, 0, 0, 11, 7, 122]
1542802485510;[171, 0, 17, 255, 161, 74, 235, 68, 101, 1, 0, 26, 1, 1, 123, 0, 0, 41, 8, 119]
1542802485680;[171, 0, 17, 255, 161, 74, 235, 68, 101, 0, 0, 106, 1, 1, 57, 1, 0, 74, 9, 45]
1542802485683;[171, 0, 17, 255, 161, 74, 235, 68, 101, 1, 0, 23, 1, 0, 144, 1, 0, 49, 9, 1]
1542802485849;[171, 0, 4, 255, 132, 128, 119]
1542802486209;[171, 0, 17, 255, 161, 74, 235, 68, 102, 0, 1, 163, 1, 0, 214, 1, 0, 31, 8, 97]
1542802486213;[171, 0, 17, 255, 161, 74, 235, 68, 102, 0, 0, 60, 1, 1, 18, 1, 0, 40, 8, 47]
1542802486215;[171, 0, 17, 255, 161, 74, 235, 68, 102, 1, 0, 26, 1, 0, 247, 1, 0, 23, 7, 192]
1542802486216;[171, 0, 17, 255, 161, 74, 235, 68, 102, 0, 0, 43, 1, 0, 254, 0, 0, 48, 7, 115]
1542802486372;[171, 0, 17, 255, 161, 74, 235, 68, 102, 0, 0, 0, 1, 1, 22, 1, 0, 6, 7, 128]
1542802486539;[171, 0, 17, 255, 161, 74, 235, 68, 102, 1, 0, 60, 1, 1, 3, 1, 0, 26, 7, 5]
1542802486542;[171, 0, 17, 255, 161, 74, 235, 68, 102, 1, 0, 29, 1, 0, 244, 0, 0, 42, 7, 5]
1542802486713;[171, 0, 17, 255, 161, 74, 235, 68, 102, 1, 0, 22, 1, 0, 244, 1, 0, 12, 6, 250]
1542802486716;[171, 0, 17, 255, 161, 74, 235, 68, 102, 1, 0, 15, 1, 0, 243, 1, 0, 18, 6, 237]
1542802486887;[171, 0, 17, 255, 161, 74, 235, 68, 102, 1, 0, 8, 1, 0, 240, 1, 0, 52, 6, 236]
1542802486890;[171, 0, 4, 255, 132, 128, 119]
1542802487056;[171, 0, 17, 255, 161, 74, 235, 68, 103, 1, 0, 9, 1, 0, 234, 1, 0, 23, 6, 250]
1542802487579;[171, 0, 17, 255, 161, 74, 235, 68, 103, 0, 0, 5, 1, 0, 236, 1, 0, 8, 6, 233]
1542802487583;[171, 0, 17, 255, 161, 74, 235, 68, 103, 1, 0, 18, 1, 0, 241, 1, 0, 11, 7, 9]
1542802487587;[171, 0, 17, 255, 161, 74, 235, 68, 103, 1, 0, 21, 1, 0, 230, 1, 0, 43, 6, 254]
1542802487591;[171, 0, 17, 255, 161, 74, 235, 68, 103, 1, 0, 55, 1, 0, 226, 1, 0, 33, 6, 239]
1542802487753;[171, 0, 17, 255, 161, 74, 235, 68, 103, 1, 0, 22, 1, 0, 233, 1, 0, 27, 7, 29]
1542802487755;[171, 0, 17, 255, 161, 74, 235, 68, 103, 1, 0, 33, 1, 0, 231, 1, 0, 25, 7, 65]
1542802487758;[171, 0, 17, 255, 161, 74, 235, 68, 103, 1, 0, 32, 1, 0, 227, 1, 0, 26, 7, 90]
1542802487921;[171, 0, 17, 255, 161, 74, 235, 68, 103, 1, 0, 32, 1, 0, 227, 1, 0, 32, 7, 62]
1542802487925;[171, 0, 17, 255, 161, 74, 235, 68, 103, 1, 0, 35, 1, 0, 223, 1, 0, 36, 7, 39]
1542802488093;[171, 0, 4, 255, 132, 128, 119]
1542802488120;[171, 0, 17, 255, 161, 74, 235, 68, 104, 1, 0, 30, 1, 0, 226, 1, 0, 34, 7, 63]
1542802488265;[171, 0, 17, 255, 161, 74, 235, 68, 104, 1, 0, 36, 1, 0, 225, 1, 0, 32, 7, 73]
1542802488441;[171, 0, 17, 255, 161, 74, 235, 68, 104, 1, 0, 32, 1, 0, 225, 1, 0, 34, 7, 60]
1542802488443;[171, 0, 17, 255, 161, 74, 235, 68, 104, 1, 0, 37, 1, 0, 225, 1, 0, 31, 7, 40]
1542802488786;[171, 0, 17, 255, 161, 74, 235, 68, 104, 1, 0, 35, 1, 0, 226, 1, 0, 34, 7, 29]
1542802488789;[171, 0, 17, 255, 161, 74, 235, 68, 104, 1, 0, 33, 1, 0, 226, 1, 0, 36, 7, 29]
1542802488793;[171, 0, 17, 255, 161, 74, 235, 68, 104, 1, 0, 36, 1, 0, 225, 1, 0, 33, 7, 22]
1542802488796;[171, 0, 17, 255, 161, 74, 235, 68, 104, 1, 0, 35, 1, 0, 227, 1, 0, 32, 6, 255]
1542802488957;[171, 0, 17, 255, 161, 74, 235, 68, 104, 1, 0, 35, 1, 0, 229, 1, 0, 33, 6, 233]
1542802489146;[171, 0, 17, 255, 161, 74, 235, 68, 104, 1, 0, 31, 1, 0, 227, 1, 0, 37, 6, 211]
1542802489150;[171, 0, 4, 255, 132, 128, 119]
1542802489301;[171, 0, 17, 255, 161, 74, 235, 68, 105, 1, 0, 38, 1, 0, 226, 1, 0, 34, 6, 197]
1542802489304;[171, 0, 17, 255, 161, 74, 235, 68, 105, 1, 0, 40, 1, 0, 229, 1, 0, 34, 6, 142]
1542802489472;[171, 0, 17, 255, 161, 74, 235, 68, 105, 1, 0, 50, 1, 0, 222, 1, 0, 34, 6, 32]
1542802489646;[171, 0, 17, 255, 161, 74, 235, 68, 105, 1, 0, 52, 1, 0, 227, 1, 0, 37, 5, 165]
1542802489649;[171, 0, 17, 255, 161, 74, 235, 68, 105, 1, 0, 67, 1, 0, 225, 1, 0, 18, 5, 12]
1542802489995;[171, 0, 17, 255, 161, 74, 235, 68, 105, 1, 0, 93, 1, 0, 224, 1, 0, 37, 4, 68]
1542802489999;[171, 0, 17, 255, 161, 74, 235, 68, 105, 0, 0, 8, 1, 1, 8, 1, 0, 53, 4, 92]
1542802490003;[171, 0, 17, 255, 161, 74, 235, 68, 105, 1, 0, 139, 1, 1, 0, 1, 0, 43, 4, 161]
1542802490007;[171, 0, 17, 255, 161, 74, 235, 68, 105, 0, 0, 17, 1, 0, 232, 0, 0, 4, 4, 167]
1542802490164;[171, 0, 17, 255, 161, 74, 235, 68, 105, 0, 0, 52, 1, 0, 150, 0, 1, 67, 5, 4]
1542802490335;[171, 0, 4, 255, 132, 128, 119]
1542802490359;[171, 0, 17, 255, 161, 74, 235, 68, 106, 0, 0, 17, 1, 0, 240, 1, 0, 72, 5, 62]
1542802490511;[171, 0, 17, 255, 161, 74, 235, 68, 106, 0, 0, 17, 1, 0, 221, 1, 0, 44, 5, 141]
1542802490514;[171, 0, 17, 255, 161, 74, 235, 68, 106, 1, 0, 9, 1, 0, 225, 1, 0, 40, 5, 183]
1542802490679;[171, 0, 17, 255, 161, 74, 235, 68, 106, 1, 0, 9, 1, 0, 233, 1, 0, 45, 5, 213]
1542802490681;[171, 0, 17, 255, 161, 74, 235, 68, 106, 1, 0, 7, 1, 0, 236, 1, 0, 33, 5, 249]
1542802490851;[171, 0, 17, 255, 161, 74, 235, 68, 106, 1, 0, 21, 1, 0, 236, 1, 0, 35, 6, 43]
1542802491025;[171, 0, 17, 255, 161, 74, 235, 68, 106, 1, 0, 12, 1, 0, 237, 1, 0, 21, 6, 107]
1542802491028;[171, 0, 17, 255, 161, 74, 235, 68, 106, 1, 0, 23, 1, 0, 243, 1, 0, 10, 6, 167]
1542802491371;[171, 0, 17, 255, 161, 74, 235, 68, 106, 1, 0, 13, 1, 0, 248, 0, 0, 14, 6, 231]
1542802491543;[171, 0, 17, 255, 161, 74, 235, 68, 109, 0, 0, 21, 1, 0, 235, 1, 0, 52, 10, 117]
1542802491546;[171, 0, 17, 255, 161, 74, 235, 68, 109, 0, 0, 17, 1, 0, 240, 1, 0, 49, 10, 208]
1542802491717;[171, 0, 17, 255, 161, 74, 235, 68, 109, 0, 0, 22, 1, 0, 238, 1, 0, 36, 11, 64]
1542802491721;[171, 0, 17, 255, 161, 74, 235, 68, 109, 0, 0, 30, 1, 0, 250, 1, 0, 36, 11, 172]
1542802491896;[171, 0, 17, 255, 161, 74, 235, 68, 109, 0, 0, 37, 1, 1, 5, 1, 0, 11, 12, 25]
1542802491898;[171, 0, 17, 255, 161, 74, 235, 68, 109, 0, 0, 66, 1, 0, 250, 0, 0, 8, 12, 54]
1542802492063;[171, 0, 17, 255, 161, 74, 235, 68, 109, 0, 0, 68, 1, 0, 235, 0, 0, 17, 12, 94]
1542802492599;[171, 0, 17, 255, 161, 74, 235, 68, 109, 0, 0, 101, 1, 1, 4, 0, 0, 8, 12, 130]
1542802492600;[171, 0, 17, 255, 161, 74, 235, 68, 109, 1, 0, 8, 1, 0, 48, 1, 0, 14, 10, 208]
1542802492602;[171, 0, 17, 255, 161, 74, 235, 68, 109, 0, 0, 15, 1, 1, 11, 0, 0, 5, 9, 120]
1542802492603;[171, 0, 4, 255, 132, 128, 117]
1542802492752;[171, 0, 17, 255, 161, 74, 235, 68, 110, 1, 2, 102, 1, 1, 41, 0, 1, 44, 9, 74]
1542802492758;[171, 0, 17, 255, 161, 74, 235, 68, 110, 1, 0, 52, 1, 1, 2, 1, 0, 111, 8, 137]
1542802492759;[171, 0, 17, 255, 161, 74, 235, 68, 110, 0, 0, 30, 1, 1, 3, 1, 0, 39, 9, 61]
1542802492925;[171, 0, 17, 255, 161, 74, 235, 68, 110, 1, 0, 11, 1, 1, 49, 0, 0, 5, 10, 1]
1542802492927;[171, 0, 17, 255, 161, 74, 235, 68, 110, 1, 0, 115, 1, 1, 229, 1, 0, 17, 10, 167]
1542802493097;[171, 0, 17, 255, 161, 74, 235, 68, 110, 1, 0, 4, 1, 0, 164, 1, 0, 123, 10, 161]
1542802493101;[171, 0, 17, 255, 161, 74, 235, 68, 110, 1, 0, 19, 1, 0, 124, 1, 0, 84, 9, 12]
1542802493443;[171, 0, 17, 255, 161, 74, 235, 68, 110, 0, 2, 206, 1, 2, 9, 1, 0, 118, 8, 63]
1542802493452;[171, 0, 17, 255, 161, 74, 235, 68, 110, 0, 0, 129, 1, 0, 111, 1, 0, 19, 8, 17]
1542802493457;[171, 0, 17, 255, 161, 74, 235, 68, 110, 0, 0, 41, 1, 0, 240, 1, 0, 100, 7, 186]
1542802493614;[171, 0, 4, 255, 132, 128, 117]
1542802493639;[171, 0, 17, 255, 161, 74, 235, 68, 111, 1, 0, 10, 1, 0, 235, 1, 0, 19, 7, 211]
1542802493973;[171, 0, 17, 255, 161, 74, 235, 68, 111, 1, 0, 18, 1, 1, 17, 1, 0, 31, 8, 96]
1542802493975;[171, 0, 17, 255, 161, 74, 235, 68, 111, 0, 0, 92, 1, 0, 134, 1, 0, 30, 8, 109]
1542802493976;[171, 0, 17, 255, 161, 74, 235, 68, 111, 0, 0, 223, 1, 0, 140, 1, 0, 3, 8, 207]
1542802494132;[171, 0, 17, 255, 161, 74, 235, 68, 111, 0, 0, 78, 1, 0, 217, 0, 0, 72, 7, 222]
1542802494135;[171, 0, 17, 255, 161, 74, 235, 68, 111, 0, 0, 60, 1, 0, 246, 0, 0, 19, 7, 112]
1542802494304;[171, 0, 17, 255, 161, 74, 235, 68, 111, 1, 0, 6, 1, 1, 0, 0, 0, 15, 7, 140]
1542802494308;[171, 0, 17, 255, 161, 74, 235, 68, 111, 1, 0, 55, 1, 1, 81, 1, 0, 17, 7, 254]
1542802494477;[171, 0, 17, 255, 161, 74, 235, 68, 111, 0, 1, 35, 1, 1, 36, 1, 0, 36, 8, 88]
1542802494480;[171, 0, 17, 255, 161, 74, 235, 68, 111, 1, 0, 46, 1, 0, 190, 1, 0, 22, 6, 231]
1542802494649;[171, 0, 4, 255, 132, 128, 116]
1542802494822;[171, 0, 17, 255, 161, 74, 235, 68, 112, 0, 0, 149, 1, 1, 19, 1, 0, 33, 6, 59]
1542802494826;[171, 0, 17, 255, 161, 74, 235, 68, 112, 0, 0, 196, 1, 1, 41, 0, 0, 78, 5, 129]
1542802495170;[171, 0, 17, 255, 161, 74, 235, 68, 112, 0, 0, 148, 1, 0, 197, 1, 0, 111, 5, 51]
1542802495175;[171, 0, 17, 255, 161, 74, 235, 68, 112, 0, 0, 20, 1, 0, 219, 1, 0, 49, 4, 110]
1542802495177;[171, 0, 17, 255, 161, 74, 235, 68, 112, 0, 0, 27, 1, 0, 254, 0, 0, 24, 3, 212]
1542802495339;[171, 0, 17, 255, 161, 74, 235, 68, 112, 1, 0, 18, 1, 1, 46, 1, 0, 6, 4, 25]
1542802495342;[171, 0, 17, 255, 161, 74, 235, 68, 112, 1, 0, 119, 1, 1, 164, 1, 0, 78, 4, 158]
1542802495509;[171, 0, 17, 255, 161, 74, 235, 68, 112, 0, 0, 211, 1, 0, 190, 1, 0, 13, 4, 237]
1542802495512;[171, 0, 17, 255, 161, 74, 235, 68, 112, 1, 0, 9, 1, 0, 201, 1, 0, 45, 4, 161]
1542802495686;[171, 0, 17, 255, 161, 74, 235, 68, 112, 0, 0, 79, 1, 1, 79, 0, 0, 98, 4, 121]
1542802495687;[171, 0, 4, 255, 132, 128, 116]
1542802496031;[171, 0, 17, 255, 161, 74, 235, 68, 113, 0, 0, 118, 1, 1, 23, 0, 0, 98, 4, 50]
1542802496035;[171, 0, 17, 255, 161, 74, 235, 68, 113, 0, 0, 40, 1, 0, 147, 0, 0, 133, 4, 10]
1542802496039;[171, 0, 17, 255, 161, 74, 235, 68, 113, 0, 0, 98, 1, 1, 38, 1, 0, 31, 3, 231]
1542802496548;[171, 0, 17, 255, 161, 74, 235, 68, 113, 1, 0, 7, 1, 0, 246, 1, 0, 32, 3, 29]
1542802496552;[171, 0, 17, 255, 161, 74, 235, 68, 113, 0, 0, 6, 1, 1, 104, 1, 0, 14, 3, 118]
1542802496556;[171, 0, 17, 255, 161, 74, 235, 68, 113, 1, 0, 35, 1, 0, 250, 1, 0, 139, 3, 153]
1542802496560;[171, 0, 17, 255, 161, 74, 235, 68, 113, 0, 0, 21, 1, 0, 111, 0, 0, 79, 3, 192]
1542802496721;[171, 0, 17, 255, 161, 74, 235, 68, 113, 0, 0, 13, 1, 1, 187, 0, 0, 56, 3, 91]
1542802496724;[171, 0, 17, 255, 161, 74, 235, 68, 113, 0, 0, 106, 1, 1, 102, 1, 0, 65, 2, 29]
1542802496728;[171, 0, 17, 255, 161, 74, 235, 68, 113, 0, 0, 189, 1, 0, 224, 0, 0, 79, 1, 40]
1542802496903;[171, 0, 4, 255, 132, 128, 115]
1542802496906;[171, 0, 17, 255, 161, 74, 235, 68, 114, 1, 0, 83, 1, 0, 172, 1, 0, 127, 16, 121]
1542802497065;[171, 0, 17, 255, 161, 74, 235, 68, 114, 0, 0, 27, 1, 0, 242, 1, 0, 173, 7, 208]
1542802497411;[171, 0, 17, 255, 161, 74, 235, 68, 114, 1, 0, 47, 1, 0, 231, 1, 0, 105, 6, 242]
1542802497415;[171, 0, 17, 255, 161, 74, 235, 68, 114, 1, 0, 13, 1, 0, 250, 1, 0, 71, 5, 240]
1542802497424;[171, 0, 17, 255, 161, 74, 235, 68, 114, 1, 0, 146, 1, 1, 238, 1, 0, 36, 5, 179]
1542802497426;[171, 0, 17, 255, 161, 74, 235, 68, 114, 1, 0, 53, 1, 0, 34, 0, 0, 4, 5, 152]
1542802497756;[171, 0, 17, 255, 161, 74, 235, 68, 114, 1, 0, 139, 1, 0, 129, 0, 0, 154, 5, 255]
1542802497759;[171, 0, 17, 255, 161, 74, 235, 68, 114, 0, 0, 151, 1, 1, 106, 0, 0, 70, 6, 82]
1542802497765;[171, 0, 17, 255, 161, 74, 235, 68, 114, 1, 4, 144, 1, 1, 243, 0, 0, 32, 6, 106]
1542802497927;[171, 0, 17, 255, 161, 74, 235, 68, 114, 1, 0, 20, 1, 1, 25, 1, 0, 142, 5, 213]
1542802497931;[171, 0, 4, 255, 132, 128, 116]
1542802498101;[171, 0, 17, 255, 161, 74, 235, 68, 115, 1, 0, 46, 1, 0, 237, 1, 0, 41, 5, 203]
1542802498105;[171, 0, 17, 255, 161, 74, 235, 68, 115, 1, 0, 50, 1, 0, 241, 1, 0, 40, 5, 193]
1542802498270;[171, 0, 17, 255, 161, 74, 235, 68, 115, 1, 0, 87, 1, 0, 237, 1, 0, 23, 5, 134]
1542802498447;[171, 0, 17, 255, 161, 74, 235, 68, 115, 1, 0, 5, 1, 1, 107, 1, 0, 52, 5, 224]
1542802498450;[171, 0, 17, 255, 161, 74, 235, 68, 115, 1, 0, 38, 1, 0, 114, 1, 0, 20, 6, 21]
1542802498614;[171, 0, 17, 255, 161, 74, 235, 68, 115, 0, 0, 77, 1, 0, 211, 0, 0, 49, 6, 88]
1542802498617;[171, 0, 17, 255, 161, 74, 235, 68, 115, 0, 0, 201, 1, 1, 49, 1, 0, 77, 6, 63]
1542802499135;[171, 0, 17, 255, 161, 74, 235, 68, 115, 0, 0, 29, 1, 0, 217, 0, 3, 233, 6, 33]
1542802499138;[171, 0, 17, 255, 161, 74, 235, 68, 115, 0, 0, 46, 1, 0, 235, 1, 0, 19, 5, 214]
1542802499141;[171, 0, 17, 255, 161, 74, 235, 68, 115, 0, 0, 5, 1, 0, 237, 1, 0, 19, 5, 167]
1542802499144;[171, 0, 4, 255, 132, 128, 117]
1542802499305;[171, 0, 17, 255, 161, 74, 235, 68, 116, 1, 0, 11, 1, 0, 245, 1, 0, 37, 5, 126]
1542802499308;[171, 0, 17, 255, 161, 74, 235, 68, 116, 1, 0, 42, 1, 1, 88, 0, 0, 3, 5, 157]
1542802499311;[171, 0, 17, 255, 161, 74, 235, 68, 116, 0, 0, 119, 1, 0, 234, 1, 0, 158, 6, 8]
1542802499478;[171, 0, 17, 255, 161, 74, 235, 68, 116, 1, 0, 87, 1, 0, 114, 1, 0, 166, 5, 153]
1542802499482;[171, 0, 17, 255, 161, 74, 235, 68, 116, 0, 0, 52, 1, 1, 63, 1, 0, 38, 5, 156]
1542802499998;[171, 0, 17, 255, 161, 74, 235, 68, 116, 0, 0, 239, 1, 0, 164, 1, 0, 14, 5, 120]
1542802500002;[171, 0, 17, 255, 161, 74, 235, 68, 116, 0, 0, 139, 1, 0, 49, 0, 0, 150, 4, 182]
1542802500005;[171, 0, 17, 255, 161, 74, 235, 68, 116, 1, 0, 12, 1, 0, 213, 1, 0, 22, 4, 167]
1542802500347;[171, 0, 17, 255, 161, 74, 235, 68, 116, 0, 2, 155, 1, 1, 104, 1, 0, 14, 4, 90]
1542802500349;[171, 0, 17, 255, 161, 74, 235, 68, 116, 0, 0, 61, 1, 0, 236, 1, 0, 58, 2, 47]
1542802500352;[171, 0, 4, 255, 132, 128, 117]
1542802500378;[171, 0, 17, 255, 161, 74, 235, 68, 117, 0, 0, 120, 1, 0, 148, 1, 0, 33, 1, 202]
1542802500515;[171, 0, 17, 255, 161, 74, 235, 68, 117, 0, 0, 63, 1, 1, 210, 1, 0, 30, 1, 202]
1542802500518;[171, 0, 17, 255, 161, 74, 235, 68, 117, 0, 1, 220, 0, 0, 240, 0, 0, 40, 1, 103]
1542802500521;[171, 0, 17, 255, 161, 74, 235, 68, 117, 1, 0, 7, 1, 0, 164, 1, 0, 100, 1, 217]
1542802500686;[171, 0, 17, 255, 161, 74, 235, 68, 117, 0, 0, 185, 1, 1, 86, 1, 0, 24, 2, 57]
1542802500690;[171, 0, 17, 255, 161, 74, 235, 68, 117, 0, 0, 194, 1, 0, 38, 0, 0, 49, 1, 169]
1542802500859;[171, 0, 17, 255, 161, 74, 235, 68, 117, 0, 0, 125, 1, 0, 72, 0, 0, 54, 2, 7]
1542802501033;[171, 0, 17, 255, 161, 74, 235, 68, 117, 0, 1, 149, 0, 0, 120, 0, 4, 22, 1, 123]
1542802501037;[171, 0, 17, 255, 161, 74, 235, 68, 117, 0, 0, 132, 1, 0, 179, 1, 0, 8, 1, 174]
1542802501205;[171, 0, 17, 255, 161, 74, 235, 68, 117, 0, 0, 107, 1, 0, 185, 1, 0, 53, 1, 47]
1542802501208;[171, 0, 4, 255, 132, 128, 118]
1542802501550;[171, 0, 17, 255, 161, 74, 235, 68, 118, 0, 0, 80, 1, 1, 117, 1, 0, 62, 1, 42]
1542802501554;[171, 0, 17, 255, 161, 74, 235, 68, 118, 0, 1, 9, 1, 0, 2, 1, 0, 63, 16, 139]
1542802501556;[171, 0, 17, 255, 161, 74, 235, 68, 118, 0, 0, 23, 1, 0, 137, 1, 0, 39, 8, 33]
1542802501722;[171, 0, 17, 255, 161, 74, 235, 68, 118, 0, 0, 207, 1, 1, 148, 0, 0, 11, 8, 208]
1542802501725;[171, 0, 17, 255, 161, 74, 235, 68, 118, 0, 1, 85, 1, 0, 89, 1, 0, 29, 8, 91]
1542802501894;[171, 0, 17, 255, 161, 74, 235, 68, 118, 1, 0, 27, 0, 0, 142, 1, 0, 42, 8, 137]
1542802501915;[171, 0, 17, 255, 161, 74, 235, 68, 118, 0, 0, 205, 0, 0, 155, 0, 1, 131, 8, 55]
1542802502065;[171, 0, 17, 255, 161, 74, 235, 68, 118, 0, 0, 128, 1, 0, 173, 1, 0, 22, 8, 242]
1542802502243;[171, 0, 17, 255, 161, 74, 235, 68, 118, 0, 0, 74, 1, 1, 123, 0, 0, 68, 7, 249]
1542802502432;[171, 0, 17, 255, 161, 74, 235, 68, 118, 0, 1, 49, 0, 0, 133, 0, 0, 49, 7, 153]
1542802502930;[171, 0, 4, 255, 132, 128, 118]
1542802502957;[171, 0, 17, 255, 161, 74, 235, 68, 119, 0, 0, 22, 1, 0, 138, 1, 0, 64, 7, 255]
1542802502959;[171, 0, 17, 255, 161, 74, 235, 68, 119, 1, 0, 32, 1, 1, 123, 1, 0, 19, 8, 197]
1542802502961;[171, 0, 17, 255, 161, 74, 235, 68, 119, 0, 1, 201, 0, 1, 40, 0, 0, 186, 8, 171]
1542802503103;[171, 0, 17, 255, 161, 74, 235, 68, 119, 0, 0, 105, 1, 0, 196, 0, 0, 169, 9, 184]
1542802503109;[171, 0, 17, 255, 161, 74, 235, 68, 119, 1, 0, 185, 1, 0, 174, 1, 0, 20, 9, 201]
1542802503274;[171, 0, 17, 255, 161, 74, 235, 68, 119, 1, 4, 182, 1, 0, 171, 0, 0, 18, 10, 7]
1542802503447;[171, 0, 17, 255, 161, 74, 235, 68, 119, 0, 0, 159, 1, 0, 168, 1, 0, 23, 10, 202]
1542802503450;[171, 0, 17, 255, 161, 74, 235, 68, 119, 0, 0, 85, 1, 0, 171, 1, 0, 28, 11, 2]
1542802503452;[171, 0, 17, 255, 161, 74, 235, 68, 119, 0, 0, 52, 1, 0, 92, 1, 0, 64, 11, 6]
1542802503455;[171, 0, 17, 255, 161, 74, 235, 68, 119, 0, 0, 75, 1, 1, 195, 0, 0, 32, 11, 209]
1542802503619;[171, 0, 4, 255, 132, 128, 117]
1542802503644;[171, 0, 17, 255, 161, 74, 235, 68, 120, 0, 1, 145, 0, 0, 113, 1, 0, 110, 10, 177]
1542802503646;[171, 0, 17, 255, 161, 74, 235, 68, 120, 1, 0, 57, 1, 0, 96, 1, 0, 100, 11, 57]
1542802503791;[171, 0, 17, 255, 161, 74, 235, 68, 120, 0, 0, 191, 1, 1, 71, 0, 0, 49, 12, 9]
1542802503794;[171, 0, 17, 255, 161, 74, 235, 68, 120, 0, 0, 229, 0, 0, 4, 0, 0, 34, 12, 61]
1542802504138;[171, 0, 17, 255, 161, 74, 235, 68, 120, 0, 0, 251, 1, 3, 193, 0, 0, 243, 12, 133]
1542802504142;[171, 0, 17, 255, 161, 74, 235, 68, 120, 0, 0, 176, 1, 1, 86, 0, 0, 2, 12, 94]
1542802504146;[171, 0, 17, 255, 161, 74, 235, 68, 120, 1, 0, 53, 1, 1, 110, 0, 0, 30, 12, 83]
1542802504309;[171, 0, 17, 255, 161, 74, 235, 68, 120, 0, 1, 125, 1, 1, 72, 1, 0, 242, 12, 205]
1542802504387;[171, 0, 17, 255, 161, 74, 235, 68, 120, 1, 0, 86, 1, 0, 79, 1, 0, 19, 13, 104]
1542802504829;[171, 0, 17, 255, 161, 74, 235, 68, 120, 0, 3, 108, 1, 4, 67, 1, 0, 33, 13, 234]
1542802504832;[171, 0, 4, 255, 132, 128, 118]
1542802504857;[171, 0, 17, 255, 161, 74, 235, 68, 121, 1, 1, 0, 0, 0, 232, 0, 7, 30, 14, 101]
1542802504859;[171, 0, 17, 255, 161, 74, 235, 68, 121, 0, 0, 44, 1, 1, 68, 0, 0, 5, 14, 200]
1542802505000;[171, 0, 17, 255, 161, 74, 235, 68, 121, 1, 0, 68, 1, 0, 177, 1, 0, 121, 14, 192]
1542802505004;[171, 0, 17, 255, 161, 74, 235, 68, 121, 1, 0, 214, 1, 1, 161, 0, 0, 9, 31, 93]
1542802505007;[171, 0, 17, 255, 161, 74, 235, 68, 121, 0, 0, 171, 1, 0, 91, 1, 0, 190, 7, 124]
1542802505515;[171, 0, 17, 255, 161, 74, 235, 68, 121, 1, 0, 15, 1, 0, 119, 1, 0, 28, 8, 60]
1542802505863;[171, 0, 17, 255, 161, 74, 235, 68, 121, 0, 0, 145, 1, 1, 37, 1, 0, 74, 8, 60]
1542802505869;[171, 0, 17, 255, 161, 74, 235, 68, 121, 0, 0, 113, 1, 0, 202, 1, 0, 103, 7, 239]
1542802505871;[171, 0, 17, 255, 161, 74, 235, 68, 121, 0, 0, 155, 1, 0, 86, 1, 0, 73, 8, 149]
1542802505874;[171, 0, 17, 255, 161, 74, 235, 68, 121, 1, 0, 39, 1, 1, 29, 0, 0, 28, 8, 196]
1542802506036;[171, 0, 4, 255, 132, 128, 118]
1542802506061;[171, 0, 17, 255, 161, 74, 235, 68, 122, 0, 0, 3, 1, 0, 225, 0, 0, 1, 8, 189]
1542802506062;[171, 0, 17, 255, 161, 74, 235, 68, 122, 1, 0, 47, 1, 1, 26, 0, 0, 39, 8, 211]
1542802506064;[171, 0, 17, 255, 161, 74, 235, 68, 122, 0, 0, 177, 1, 2, 23, 1, 0, 136, 9, 64]
1542802506213;[171, 0, 17, 255, 161, 74, 235, 68, 122, 1, 0, 154, 1, 0, 21, 1, 0, 14, 9, 132]
1542802506216;[171, 0, 17, 255, 161, 74, 235, 68, 122, 0, 0, 76, 1, 0, 242, 1, 0, 23, 10, 4]
1542802506219;[171, 0, 17, 255, 161, 74, 235, 68, 122, 0, 1, 164, 1, 0, 165, 1, 0, 79, 9, 210]
1542802506375;[171, 0, 17, 255, 161, 74, 235, 68, 122, 1, 2, 1, 1, 4, 56, 1, 1, 246, 9, 35]
1542802506898;[171, 0, 17, 255, 161, 74, 235, 68, 122, 1, 0, 51, 1, 1, 57, 1, 0, 122, 8, 110]
1542802506902;[171, 0, 17, 255, 161, 74, 235, 68, 122, 1, 0, 35, 1, 0, 245, 1, 0, 70, 7, 221]
1542802506906;[171, 0, 17, 255, 161, 74, 235, 68, 122, 1, 0, 137, 1, 1, 171, 1, 0, 60, 7, 36]
1542802506910;[171, 0, 4, 255, 132, 128, 118]
1542802507068;[171, 0, 17, 255, 161, 74, 235, 68, 123, 0, 0, 161, 1, 0, 49, 1, 0, 87, 7, 19]
1542802507070;[171, 0, 17, 255, 161, 74, 235, 68, 123, 0, 0, 4, 1, 0, 9, 1, 0, 5, 7, 63]
1542802507073;[171, 0, 17, 255, 161, 74, 235, 68, 123, 0, 2, 47, 1, 2, 207, 0, 0, 18, 7, 150]
1542802507240;[171, 0, 17, 255, 161, 74, 235, 68, 123, 1, 0, 8, 1, 1, 38, 0, 0, 70, 6, 246]
1542802507245;[171, 0, 17, 255, 161, 74, 235, 68, 123, 0, 0, 43, 1, 0, 234, 1, 0, 56, 6, 9]
1542802507415;[171, 0, 17, 255, 161, 74, 235, 68, 123, 0, 0, 34, 1, 0, 226, 1, 0, 12, 5, 51]
1542802507419;[171, 0, 17, 255, 161, 74, 235, 68, 123, 0, 0, 77, 1, 0, 238, 0, 0, 8, 5, 42]
1542802507588;[171, 0, 17, 255, 161, 74, 235, 68, 123, 0, 0, 76, 1, 0, 231, 0, 0, 27, 5, 148]
1542802507592;[171, 0, 17, 255, 161, 74, 235, 68, 123, 0, 0, 110, 1, 0, 232, 1, 0, 5, 6, 8]
1542802507938;[171, 0, 17, 255, 161, 74, 235, 68, 123, 0, 0, 143, 1, 1, 192, 0, 0, 5, 5, 138]
1542802507939;[171, 0, 4, 255, 132, 128, 118]
1542802507941;[171, 0, 17, 255, 161, 74, 235, 68, 128, 0, 0, 250, 0, 0, 206, 0, 0, 163, 4, 238]
1542802508105;[171, 0, 17, 255, 161, 74, 235, 68, 128, 1, 0, 35, 1, 0, 135, 1, 0, 44, 4, 217]
1542802508109;[171, 0, 17, 255, 161, 74, 235, 68, 128, 0, 0, 5, 1, 0, 130, 1, 0, 61, 4, 196]
1542802508275;[171, 0, 17, 255, 161, 74, 235, 68, 128, 1, 0, 1, 1, 1, 173, 1, 0, 33, 4, 216]
1542802508279;[171, 0, 17, 255, 161, 74, 235, 68, 128, 1, 1, 146, 0, 2, 41, 0, 0, 159, 3, 233]
1542802508447;[171, 0, 17, 255, 161, 74, 235, 68, 128, 0, 0, 58, 1, 0, 129, 1, 0, 80, 4, 57]
1542802508621;[171, 0, 17, 255, 161, 74, 235, 68, 128, 0, 0, 1, 1, 2, 8, 1, 0, 229, 3, 247]
1542802508625;[171, 0, 17, 255, 161, 74, 235, 68, 128, 1, 0, 16, 1, 1, 114, 0, 0, 30, 2, 237]
1542802508800;[171, 0, 17, 255, 161, 74, 235, 68, 128, 0, 0, 74, 1, 0, 141, 1, 0, 50, 2, 155]
1542802508807;[171, 0, 17, 255, 161, 74, 235, 68, 128, 1, 0, 51, 1, 1, 125, 1, 0, 64, 2, 47]
1542802508969;[171, 0, 4, 255, 132, 128, 119]
1542802509312;[171, 0, 17, 255, 161, 74, 235, 68, 129, 0, 0, 180, 1, 0, 154, 1, 0, 229, 1, 48]
1542802509315;[171, 0, 17, 255, 161, 74, 235, 68, 129, 0, 0, 51, 0, 0, 26, 0, 0, 34, 1, 142]
1542802509317;[171, 0, 17, 255, 161, 74, 235, 68, 129, 0, 1, 25, 1, 1, 40, 0, 0, 27, 1, 159]
1542802509320;[171, 0, 17, 255, 161, 74, 235, 68, 129, 0, 1, 66, 0, 0, 81, 0, 0, 112, 1, 35]
1542802509483;[171, 0, 17, 255, 161, 74, 235, 68, 129, 0, 0, 192, 1, 2, 174, 1, 1, 229, 0, 207]
1542802509486;[171, 0, 17, 255, 161, 74, 235, 68, 129, 0, 0, 34, 1, 1, 148, 0, 0, 27, 0, 207]
1542802509656;[171, 0, 17, 255, 161, 74, 235, 68, 129, 0, 0, 116, 1, 1, 55, 1, 0, 27, 16, 0]
1542802510005;[171, 0, 17, 255, 161, 74, 235, 68, 129, 1, 0, 86, 0, 0, 3, 1, 0, 77, 7, 46]
1542802510009;[171, 0, 17, 255, 161, 74, 235, 68, 129, 1, 0, 48, 1, 0, 96, 1, 0, 77, 7, 169]
1542802510012;[171, 0, 17, 255, 161, 74, 235, 68, 129, 0, 1, 92, 1, 2, 2, 0, 0, 45, 7, 191]
1542802510016;[171, 0, 4, 255, 132, 128, 119]
1542802510181;[171, 0, 17, 255, 161, 74, 235, 68, 130, 0, 0, 68, 0, 0, 69, 0, 0, 163, 7, 50]
1542802510182;[171, 0, 17, 255, 161, 74, 235, 68, 130, 1, 0, 26, 1, 1, 105, 1, 0, 190, 7, 193]
1542802510519;[171, 0, 17, 255, 161, 74, 235, 68, 130, 0, 0, 51, 0, 0, 9, 0, 0, 35, 7, 88]
1542802510523;[171, 0, 17, 255, 161, 74, 235, 68, 130, 0, 0, 95, 1, 1, 33, 0, 0, 71, 7, 172]
1542802510526;[171, 0, 17, 255, 161, 74, 235, 68, 130, 0, 2, 74, 0, 1, 113, 0, 0, 23, 6, 189]
1542802510692;[171, 0, 17, 255, 161, 74, 235, 68, 130, 1, 0, 204, 1, 0, 87, 1, 1, 28, 6, 249]
1542802510696;[171, 0, 17, 255, 161, 74, 235, 68, 130, 0, 0, 54, 1, 0, 135, 0, 0, 102, 7, 128]
1542802511038;[171, 0, 17, 255, 161, 74, 235, 68, 130, 0, 0, 187, 1, 1, 144, 0, 0, 39, 7, 106]
