1542810156671;[171, 0, 17, 255, 161, 74, 235, 97, 180, 1, 1, 122, 0, 0, 151, 1, 1, 99, 6, 199]
1542810157380;[171, 0, 4, 255, 132, 128, 113]
1542810159512;[171, 0, 17, 255, 161, 74, 235, 97, 180, 0, 0, 71, 1, 1, 51, 1, 0, 226, 4, 229]
1542810160499;[171, 0, 17, 255, 161, 74, 235, 97, 180, 1, 0, 62, 1, 0, 33, 1, 0, 116, 4, 136]
1542810160520;[171, 0, 17, 255, 161, 74, 235, 97, 180, 1, 0, 232, 1, 0, 26, 1, 0, 233, 4, 146]
1542810160970;[171, 0, 17, 255, 161, 74, 235, 97, 180, 1, 0, 157, 1, 0, 42, 1, 0, 198, 5, 84]
1542810161062;[171, 0, 17, 255, 161, 74, 235, 97, 180, 1, 0, 156, 0, 0, 34, 1, 0, 195, 5, 158]
1542810162705;[171, 0, 17, 255, 161, 74, 235, 97, 181, 1, 0, 170, 0, 0, 10, 1, 0, 197, 5, 106]
1542810162706;[171, 0, 17, 255, 161, 74, 235, 97, 181, 1, 0, 195, 0, 0, 47, 1, 0, 224, 5, 121]
1542810162707;[171, 0, 17, 255, 161, 74, 235, 97, 181, 1, 0, 208, 0, 0, 117, 1, 0, 199, 5, 123]
1542810162707;[171, 0, 17, 255, 161, 74, 235, 97, 181, 1, 0, 65, 0, 0, 94, 1, 0, 240, 5, 103]
1542810162708;[171, 0, 17, 255, 161, 74, 235, 97, 181, 0, 0, 100, 0, 0, 85, 1, 0, 225, 5, 11]
1542810162708;[171, 0, 4, 255, 132, 128, 113]
1542810162709;[171, 0, 17, 255, 161, 74, 235, 97, 181, 0, 0, 7, 0, 0, 44, 1, 0, 209, 5, 154]
1542810163795;[171, 0, 17, 255, 161, 74, 235, 97, 181, 1, 0, 101, 0, 0, 29, 1, 0, 218, 6, 188]
1542810163806;[171, 0, 17, 255, 161, 74, 235, 97, 181, 1, 0, 3, 0, 0, 57, 1, 0, 220, 6, 156]
1542810164061;[171, 0, 17, 255, 161, 74, 235, 97, 181, 1, 0, 48, 0, 0, 186, 1, 0, 234, 7, 65]
1542810164104;[171, 0, 17, 255, 161, 74, 235, 97, 181, 1, 0, 114, 0, 0, 54, 1, 0, 190, 5, 109]
1542810165458;[171, 0, 17, 255, 161, 74, 235, 97, 182, 1, 0, 122, 0, 0, 230, 1, 0, 207, 5, 23]
1542810165490;[171, 0, 17, 255, 161, 74, 235, 97, 182, 1, 0, 118, 0, 0, 100, 1, 0, 192, 4, 75]
1542810166001;[171, 0, 17, 255, 161, 74, 235, 97, 182, 1, 0, 108, 0, 0, 24, 1, 0, 242, 3, 102]
1542810166614;[171, 0, 17, 255, 161, 74, 235, 97, 182, 1, 0, 238, 0, 0, 78, 1, 0, 211, 3, 208]
1542810166615;[171, 0, 17, 255, 161, 74, 235, 97, 182, 1, 0, 202, 0, 0, 109, 1, 0, 175, 4, 173]
1542810166636;[171, 0, 4, 255, 132, 128, 114]
1542810166658;[171, 0, 17, 255, 161, 74, 235, 97, 182, 1, 0, 250, 0, 0, 141, 1, 0, 185, 4, 199]
1542810167458;[171, 0, 17, 255, 161, 74, 235, 97, 182, 0, 0, 97, 1, 0, 94, 1, 0, 117, 4, 118]
1542810167710;[171, 0, 17, 255, 161, 74, 235, 97, 182, 0, 0, 110, 0, 0, 28, 1, 0, 187, 6, 63]
1542810168221;[171, 0, 17, 255, 161, 74, 235, 97, 182, 0, 0, 10, 0, 0, 101, 1, 0, 221, 7, 126]
1542810168794;[171, 0, 17, 255, 161, 74, 235, 97, 182, 0, 0, 22, 0, 0, 116, 1, 0, 220, 8, 53]
1542810168905;[171, 0, 17, 255, 161, 74, 235, 97, 183, 0, 0, 34, 0, 0, 114, 1, 0, 225, 8, 21]
1542810169355;[171, 0, 17, 255, 161, 74, 235, 97, 183, 0, 0, 41, 0, 0, 124, 1, 0, 220, 7, 151]
1542810169356;[171, 0, 17, 255, 161, 74, 235, 97, 183, 0, 0, 35, 0, 0, 163, 1, 0, 216, 7, 17]
1542810169522;[171, 0, 17, 255, 161, 74, 235, 97, 183, 0, 0, 27, 0, 0, 140, 1, 0, 214, 6, 217]
1542810169884;[171, 0, 17, 255, 161, 74, 235, 97, 183, 0, 0, 29, 0, 0, 139, 1, 0, 215, 7, 55]
1542810169884;[171, 0, 4, 255, 132, 128, 114]
1542810170394;[171, 0, 17, 255, 161, 74, 235, 97, 183, 0, 0, 27, 0, 0, 141, 1, 0, 215, 7, 94]
1542810170624;[171, 0, 17, 255, 161, 74, 235, 97, 183, 0, 0, 25, 0, 0, 136, 1, 0, 212, 7, 56]
1542810170674;[171, 0, 17, 255, 161, 74, 235, 97, 183, 0, 0, 31, 0, 0, 139, 1, 0, 214, 7, 15]
1542810170785;[171, 0, 17, 255, 161, 74, 235, 97, 183, 0, 0, 27, 0, 0, 137, 1, 0, 215, 6, 212]
1542810170905;[171, 0, 17, 255, 161, 74, 235, 97, 183, 0, 0, 27, 0, 0, 137, 1, 0, 215, 6, 239]
1542810171447;[171, 0, 17, 255, 161, 74, 235, 97, 184, 0, 0, 29, 0, 0, 138, 1, 0, 215, 7, 18]
1542810171477;[171, 0, 17, 255, 161, 74, 235, 97, 184, 0, 0, 29, 0, 0, 140, 1, 0, 214, 6, 229]
1542810171958;[171, 0, 17, 255, 161, 74, 235, 97, 184, 0, 0, 30, 0, 0, 136, 1, 0, 215, 6, 166]
1542810171958;[171, 0, 17, 255, 161, 74, 235, 97, 184, 0, 0, 26, 0, 0, 139, 1, 0, 215, 6, 99]
1542810172046;[171, 0, 17, 255, 161, 74, 235, 97, 184, 0, 0, 29, 0, 0, 139, 1, 0, 215, 6, 99]
1542810172475;[171, 0, 4, 255, 132, 128, 115]
1542810172476;[171, 0, 17, 255, 161, 74, 235, 97, 184, 0, 0, 29, 0, 0, 136, 1, 0, 215, 6, 157]
1542810173613;[171, 0, 17, 255, 161, 74, 235, 97, 184, 0, 0, 29, 0, 0, 140, 1, 0, 215, 6, 138]
1542810174194;[171, 0, 17, 255, 161, 74, 235, 97, 184, 0, 0, 27, 0, 0, 139, 1, 0, 215, 6, 83]
1542810174274;[171, 0, 17, 255, 161, 74, 235, 97, 184, 0, 0, 28, 0, 0, 140, 1, 0, 215, 6, 26]
1542810174294;[171, 0, 17, 255, 161, 74, 235, 97, 184, 0, 0, 26, 0, 0, 138, 1, 0, 214, 5, 236]
1542810174405;[171, 0, 17, 255, 161, 74, 235, 97, 185, 0, 0, 27, 0, 0, 135, 1, 0, 214, 6, 64]
1542810174706;[171, 0, 17, 255, 161, 74, 235, 97, 185, 0, 0, 36, 0, 0, 140, 1, 0, 212, 6, 73]
1542810174856;[171, 0, 17, 255, 161, 74, 235, 97, 185, 0, 0, 28, 0, 0, 138, 1, 0, 216, 6, 57]
1542810175486;[171, 0, 17, 255, 161, 74, 235, 97, 185, 0, 0, 10, 0, 0, 128, 1, 0, 217, 5, 240]
1542810175518;[171, 0, 17, 255, 161, 74, 235, 97, 185, 0, 0, 35, 0, 0, 115, 1, 0, 234, 4, 180]
1542810175931;[171, 0, 4, 255, 132, 128, 115]
1542810176562;[171, 0, 17, 255, 161, 74, 235, 97, 185, 0, 0, 3, 0, 0, 118, 1, 0, 212, 4, 92]
1542810176653;[171, 0, 17, 255, 161, 74, 235, 97, 185, 1, 0, 5, 0, 0, 106, 1, 0, 210, 4, 128]
1542810177870;[171, 0, 17, 255, 161, 74, 235, 97, 185, 1, 0, 58, 0, 0, 145, 1, 0, 223, 4, 120]
1542810177871;[171, 0, 17, 255, 161, 74, 235, 97, 185, 1, 0, 116, 0, 0, 135, 1, 0, 210, 4, 136]
1542810177871;[171, 0, 17, 255, 161, 74, 235, 97, 185, 1, 0, 48, 0, 0, 67, 1, 0, 213, 4, 182]
1542810177872;[171, 0, 17, 255, 161, 74, 235, 97, 186, 1, 0, 44, 0, 0, 65, 1, 0, 184, 4, 139]
1542810180652;[171, 0, 17, 255, 161, 74, 235, 97, 186, 1, 1, 108, 1, 0, 121, 1, 1, 83, 4, 71]
1542810180654;[171, 0, 17, 255, 161, 74, 235, 97, 186, 1, 0, 5, 1, 0, 106, 1, 0, 142, 4, 103]
1542810180655;[171, 0, 17, 255, 161, 74, 235, 97, 186, 1, 0, 117, 0, 0, 35, 1, 0, 244, 4, 149]
1542810180657;[171, 0, 17, 255, 161, 74, 235, 97, 186, 1, 0, 107, 1, 0, 6, 1, 0, 229, 4, 173]
1542810180658;[171, 0, 4, 255, 132, 128, 116]
1542810180659;[171, 0, 17, 255, 161, 74, 235, 97, 186, 1, 0, 93, 1, 0, 22, 1, 0, 223, 4, 194]
1542810180660;[171, 0, 17, 255, 161, 74, 235, 97, 186, 1, 0, 92, 1, 0, 1, 1, 0, 231, 4, 245]
1542810180709;[171, 0, 17, 255, 161, 74, 235, 97, 192, 1, 0, 164, 1, 0, 175, 0, 0, 17, 9, 149]
1542810180782;[171, 0, 17, 255, 161, 74, 235, 97, 193, 1, 0, 183, 1, 0, 238, 1, 0, 13, 9, 190]
1542810181257;[171, 0, 17, 255, 161, 74, 235, 97, 193, 1, 0, 152, 1, 0, 188, 0, 0, 29, 9, 168]
1542810181791;[171, 0, 17, 255, 161, 74, 235, 97, 193, 1, 0, 161, 1, 0, 195, 0, 0, 29, 9, 131]
1542810181792;[171, 0, 17, 255, 161, 74, 235, 97, 193, 1, 0, 163, 1, 0, 182, 0, 0, 4, 9, 75]
1542810183462;[171, 0, 17, 255, 161, 74, 235, 97, 193, 1, 0, 164, 1, 0, 185, 1, 0, 15, 9, 185]
1542810183494;[171, 0, 4, 255, 132, 128, 114]
1542810183779;[171, 0, 17, 255, 161, 74, 235, 97, 193, 1, 0, 164, 1, 0, 184, 1, 0, 14, 10, 8]
1542810183842;[171, 0, 17, 255, 161, 74, 235, 97, 193, 1, 0, 166, 1, 0, 188, 1, 0, 19, 9, 233]
1542810184544;[171, 0, 17, 255, 161, 74, 235, 97, 193, 1, 0, 163, 1, 0, 193, 0, 0, 0, 9, 182]
1542810184565;[171, 0, 17, 255, 161, 74, 235, 97, 193, 1, 0, 164, 1, 0, 194, 0, 0, 7, 9, 125]
1542810184576;[171, 0, 17, 255, 161, 74, 235, 97, 193, 1, 0, 158, 1, 0, 191, 0, 0, 6, 9, 146]
1542810184660;[171, 0, 17, 255, 161, 74, 235, 97, 194, 1, 0, 171, 1, 0, 194, 1, 0, 13, 10, 29]
1542810186748;[171, 0, 17, 255, 161, 74, 235, 97, 194, 1, 0, 175, 1, 0, 190, 1, 0, 11, 10, 53]
1542810186749;[171, 0, 17, 255, 161, 74, 235, 97, 194, 1, 0, 175, 1, 0, 150, 1, 0, 68, 10, 4]
1542810186750;[171, 0, 17, 255, 161, 74, 235, 97, 194, 1, 0, 171, 1, 0, 160, 1, 0, 17, 9, 235]
1542810186750;[171, 0, 17, 255, 161, 74, 235, 97, 194, 1, 0, 177, 1, 0, 180, 1, 0, 71, 9, 177]
1542810187744;[171, 0, 4, 255, 132, 128, 113]
1542810187745;[171, 0, 17, 255, 161, 74, 235, 97, 194, 1, 0, 158, 1, 0, 184, 1, 0, 53, 10, 61]
1542810187747;[171, 0, 17, 255, 161, 74, 235, 97, 194, 1, 0, 168, 1, 0, 184, 1, 0, 41, 10, 103]
1542810187748;[171, 0, 17, 255, 161, 74, 235, 97, 194, 1, 0, 164, 1, 0, 179, 1, 0, 41, 10, 63]
1542810187749;[171, 0, 17, 255, 161, 74, 235, 97, 194, 1, 0, 167, 1, 0, 176, 1, 0, 55, 9, 253]
1542810187750;[171, 0, 17, 255, 161, 74, 235, 97, 194, 1, 0, 166, 1, 0, 174, 1, 0, 62, 9, 180]
1542810187751;[171, 0, 17, 255, 161, 74, 235, 97, 195, 1, 0, 160, 1, 0, 174, 1, 0, 59, 9, 240]
1542810187752;[171, 0, 17, 255, 161, 74, 235, 97, 195, 1, 0, 173, 1, 0, 190, 1, 0, 45, 10, 111]
1542810188506;[171, 0, 17, 255, 161, 74, 235, 97, 195, 1, 0, 159, 1, 0, 181, 1, 0, 59, 10, 80]
1542810188508;[171, 0, 17, 255, 161, 74, 235, 97, 195, 1, 0, 167, 1, 0, 180, 1, 0, 46, 10, 39]
1542810188509;[171, 0, 17, 255, 161, 74, 235, 97, 195, 1, 0, 165, 1, 0, 178, 1, 0, 54, 9, 220]
1542810188510;[171, 0, 4, 255, 132, 128, 112]
1542810188510;[171, 0, 17, 255, 161, 74, 235, 97, 195, 1, 0, 164, 1, 0, 174, 1, 0, 66, 9, 148]
1542810189296;[171, 0, 17, 255, 161, 74, 235, 97, 195, 1, 0, 164, 1, 0, 174, 1, 0, 63, 9, 255]
1542810190184;[171, 0, 17, 255, 161, 74, 235, 97, 195, 1, 0, 160, 1, 0, 169, 1, 0, 61, 10, 42]
1542810190685;[171, 0, 17, 255, 161, 74, 235, 97, 195, 1, 0, 200, 1, 0, 176, 1, 0, 82, 9, 245]
1542810190686;[171, 0, 17, 255, 161, 74, 235, 97, 195, 1, 0, 160, 1, 0, 177, 1, 0, 52, 9, 187]
1542810190687;[171, 0, 17, 255, 161, 74, 235, 97, 196, 1, 0, 156, 1, 0, 189, 1, 0, 38, 9, 128]
1542810190687;[171, 0, 17, 255, 161, 74, 235, 97, 196, 1, 0, 159, 1, 0, 181, 1, 0, 25, 9, 148]
1542810190763;[171, 0, 17, 255, 161, 74, 235, 97, 196, 1, 0, 197, 1, 0, 221, 1, 0, 12, 10, 4]
1542810191204;[171, 0, 17, 255, 161, 74, 235, 97, 196, 1, 0, 89, 1, 0, 236, 0, 0, 110, 10, 38]
1542810191205;[171, 0, 17, 255, 161, 74, 235, 97, 196, 1, 0, 91, 1, 0, 182, 0, 0, 66, 9, 196]
1542810191206;[171, 0, 4, 255, 132, 128, 112]
1542810191207;[171, 0, 17, 255, 161, 74, 235, 97, 196, 1, 0, 110, 1, 0, 207, 0, 0, 63, 9, 166]
1542810191209;[171, 0, 17, 255, 161, 74, 235, 97, 196, 1, 0, 109, 1, 0, 200, 0, 0, 149, 9, 168]
1542810191752;[171, 0, 17, 255, 161, 74, 235, 97, 196, 1, 0, 98, 1, 0, 180, 0, 0, 125, 9, 249]
1542810191753;[171, 0, 17, 255, 161, 74, 235, 97, 196, 1, 0, 103, 1, 0, 218, 0, 0, 71, 10, 9]
1542810191891;[171, 0, 17, 255, 161, 74, 235, 97, 196, 1, 0, 111, 1, 0, 207, 0, 0, 64, 9, 217]
1542810191921;[171, 0, 17, 255, 161, 74, 235, 97, 197, 1, 0, 113, 1, 0, 215, 0, 0, 84, 9, 168]
1542810192271;[171, 0, 17, 255, 161, 74, 235, 97, 197, 1, 0, 109, 1, 0, 215, 0, 0, 86, 9, 95]
1542810192645;[171, 0, 17, 255, 161, 74, 235, 97, 197, 1, 0, 112, 1, 0, 205, 0, 0, 73, 9, 118]
1542810192786;[171, 0, 17, 255, 161, 74, 235, 97, 197, 1, 0, 110, 1, 0, 213, 0, 0, 77, 9, 234]
1542810192787;[171, 0, 17, 255, 161, 74, 235, 97, 197, 1, 0, 114, 1, 0, 217, 0, 0, 78, 9, 240]
1542810192788;[171, 0, 4, 255, 132, 128, 112]
1542810193382;[171, 0, 17, 255, 161, 74, 235, 97, 197, 1, 0, 116, 1, 0, 205, 0, 0, 73, 9, 189]
1542810193675;[171, 0, 17, 255, 161, 74, 235, 97, 197, 1, 0, 107, 1, 0, 210, 0, 0, 81, 9, 130]
1542810193705;[171, 0, 17, 255, 161, 74, 235, 97, 197, 1, 0, 112, 1, 0, 214, 0, 0, 74, 9, 93]
1542810193837;[171, 0, 17, 255, 161, 74, 235, 97, 197, 1, 0, 124, 1, 0, 206, 0, 0, 78, 9, 236]
1542810194540;[171, 0, 17, 255, 161, 74, 235, 97, 197, 1, 0, 136, 1, 0, 197, 0, 0, 62, 10, 10]
1542810194883;[171, 0, 17, 255, 161, 74, 235, 97, 198, 1, 0, 129, 1, 0, 210, 0, 0, 66, 9, 230]
1542810194906;[171, 0, 17, 255, 161, 74, 235, 97, 198, 1, 0, 129, 1, 0, 199, 0, 0, 81, 9, 185]
1542810194996;[171, 0, 17, 255, 161, 74, 235, 97, 198, 1, 0, 132, 1, 0, 193, 0, 0, 89, 9, 153]
1542810194998;[171, 0, 17, 255, 161, 74, 235, 97, 198, 1, 0, 149, 1, 0, 200, 0, 0, 103, 9, 234]
1542810195127;[171, 0, 17, 255, 161, 74, 235, 97, 198, 1, 0, 135, 1, 0, 230, 0, 0, 137, 10, 155]
1542810196522;[171, 0, 4, 255, 132, 128, 112]
1542810196563;[171, 0, 17, 255, 161, 74, 235, 97, 198, 1, 0, 58, 1, 0, 99, 0, 0, 101, 11, 46]
1542810196583;[171, 0, 17, 255, 161, 74, 235, 97, 198, 1, 0, 220, 1, 0, 190, 0, 0, 17, 11, 31]
1542810197165;[171, 0, 17, 255, 161, 74, 235, 97, 198, 1, 0, 254, 1, 0, 91, 0, 0, 56, 10, 157]
1542810197677;[171, 0, 17, 255, 161, 74, 235, 97, 198, 1, 0, 179, 1, 0, 104, 0, 0, 10, 10, 61]
1542810197828;[171, 0, 17, 255, 161, 74, 235, 97, 198, 1, 0, 201, 1, 0, 94, 0, 0, 6, 10, 167]
1542810198129;[171, 0, 17, 255, 161, 74, 235, 97, 199, 1, 0, 252, 1, 0, 75, 1, 0, 49, 10, 73]
1542810198209;[171, 0, 17, 255, 161, 74, 235, 97, 199, 1, 0, 248, 1, 0, 42, 1, 0, 38, 9, 197]
1542810199768;[171, 0, 17, 255, 161, 74, 235, 97, 199, 1, 0, 207, 1, 0, 39, 1, 0, 51, 8, 239]
1542810199768;[171, 0, 17, 255, 161, 74, 235, 97, 199, 1, 0, 216, 0, 0, 3, 1, 0, 141, 8, 42]
1542810199769;[171, 0, 17, 255, 161, 74, 235, 97, 199, 1, 0, 182, 0, 0, 38, 1, 0, 176, 8, 134]
1542810199770;[171, 0, 4, 255, 132, 128, 111]
1542810199771;[171, 0, 17, 255, 161, 74, 235, 97, 199, 1, 0, 186, 0, 0, 15, 1, 0, 168, 9, 36]
1542810199772;[171, 0, 17, 255, 161, 74, 235, 97, 199, 1, 0, 171, 0, 0, 31, 1, 0, 150, 8, 231]
1542810201292;[171, 0, 17, 255, 161, 74, 235, 97, 199, 1, 0, 211, 0, 0, 65, 1, 0, 116, 8, 178]
1542810201312;[171, 0, 17, 255, 161, 74, 235, 97, 199, 1, 0, 127, 0, 0, 45, 1, 1, 24, 7, 211]
1542810201343;[171, 0, 17, 255, 161, 74, 235, 97, 199, 1, 1, 11, 0, 0, 3, 1, 0, 170, 7, 216]
1542810201535;[171, 0, 17, 255, 161, 74, 235, 97, 200, 1, 0, 137, 0, 0, 74, 1, 0, 177, 7, 173]
1542810201857;[171, 0, 17, 255, 161, 74, 235, 97, 200, 1, 1, 25, 0, 0, 173, 1, 0, 198, 8, 97]
1542810201859;[171, 0, 17, 255, 161, 74, 235, 97, 200, 0, 0, 7, 1, 0, 49, 1, 0, 237, 7, 119]
1542810201861;[171, 0, 17, 255, 161, 74, 235, 97, 200, 0, 0, 25, 0, 0, 20, 1, 0, 236, 5, 109]
1542810202568;[171, 0, 17, 255, 161, 74, 235, 97, 200, 1, 0, 156, 0, 0, 46, 1, 0, 221, 5, 223]
1542810202598;[171, 0, 4, 255, 132, 128, 111]
1542810202708;[171, 0, 17, 255, 161, 74, 235, 97, 200, 1, 0, 96, 0, 0, 36, 1, 0, 228, 6, 57]
1542810202728;[171, 0, 17, 255, 161, 74, 235, 97, 200, 1, 0, 37, 0, 0, 130, 1, 0, 201, 5, 230]
1542810203245;[171, 0, 17, 255, 161, 74, 235, 97, 200, 1, 0, 204, 0, 0, 179, 1, 0, 177, 8, 87]
1542810203733;[171, 0, 17, 255, 161, 74, 235, 97, 200, 1, 0, 186, 0, 0, 146, 1, 0, 132, 7, 162]
1542810204062;[171, 0, 17, 255, 161, 74, 235, 97, 200, 1, 0, 150, 0, 0, 116, 1, 0, 180, 7, 162]
1542810204659;[171, 0, 17, 255, 161, 74, 235, 97, 201, 1, 0, 136, 0, 0, 128, 1, 0, 181, 7, 162]
1542810204869;[171, 0, 17, 255, 161, 74, 235, 97, 201, 1, 0, 144, 0, 0, 128, 1, 0, 164, 7, 162]
1542810205137;[171, 0, 17, 255, 161, 74, 235, 97, 201, 1, 0, 131, 0, 0, 132, 1, 0, 177, 5, 117]
1542810205925;[171, 0, 17, 255, 161, 74, 235, 97, 201, 1, 0, 136, 0, 0, 129, 1, 0, 181, 3, 175]
1542810206653;[171, 0, 17, 255, 161, 74, 235, 97, 201, 1, 0, 131, 0, 0, 124, 1, 0, 170, 3, 135]
1542810206654;[171, 0, 4, 255, 132, 128, 111]
1542810206707;[171, 0, 17, 255, 161, 74, 235, 97, 201, 1, 0, 145, 0, 0, 128, 1, 0, 176, 4, 205]
1542810207695;[171, 0, 17, 255, 161, 74, 235, 97, 201, 1, 0, 150, 0, 0, 135, 1, 0, 156, 5, 46]
1542810207695;[171, 0, 17, 255, 161, 74, 235, 97, 201, 1, 0, 140, 0, 0, 133, 1, 0, 184, 2, 231]
1542810207696;[171, 0, 17, 255, 161, 74, 235, 97, 201, 1, 0, 135, 0, 0, 136, 1, 0, 166, 2, 162]
1542810207826;[171, 0, 17, 255, 161, 74, 235, 97, 201, 1, 0, 148, 0, 0, 122, 1, 0, 170, 1, 243]
1542810208154;[171, 0, 17, 255, 161, 74, 235, 97, 202, 1, 0, 148, 0, 0, 126, 1, 0, 164, 2, 11]
1542810208214;[171, 0, 17, 255, 161, 74, 235, 97, 202, 1, 0, 139, 0, 0, 121, 1, 0, 177, 2, 177]
1542810208264;[171, 0, 17, 255, 161, 74, 235, 97, 202, 1, 0, 144, 0, 0, 118, 1, 0, 174, 6, 78]
1542810208427;[171, 0, 17, 255, 161, 74, 235, 97, 202, 1, 0, 160, 0, 0, 161, 1, 0, 154, 31, 224]
1542810208970;[171, 0, 17, 255, 161, 74, 235, 97, 202, 1, 0, 142, 0, 0, 128, 1, 0, 177, 7, 208]
1542810210328;[171, 0, 4, 255, 132, 128, 111]
1542810210496;[171, 0, 17, 255, 161, 74, 235, 97, 202, 1, 0, 145, 0, 0, 96, 1, 0, 182, 7, 208]
1542810210497;[171, 0, 17, 255, 161, 74, 235, 97, 202, 1, 0, 148, 0, 0, 100, 1, 0, 203, 7, 208]
1542810210497;[171, 0, 17, 255, 161, 74, 235, 97, 202, 1, 0, 143, 0, 0, 103, 1, 0, 183, 7, 190]
1542810210906;[171, 0, 17, 255, 161, 74, 235, 97, 202, 1, 0, 135, 0, 0, 91, 1, 0, 198, 7, 193]
1542810210938;[171, 0, 17, 255, 161, 74, 235, 97, 202, 1, 0, 141, 0, 0, 111, 1, 0, 173, 7, 140]
1542810211605;[171, 0, 17, 255, 161, 74, 235, 97, 203, 1, 0, 142, 0, 0, 73, 1, 0, 193, 6, 236]
1542810211939;[171, 0, 17, 255, 161, 74, 235, 97, 203, 1, 0, 159, 0, 0, 122, 1, 0, 173, 7, 20]
1542810211950;[171, 0, 17, 255, 161, 74, 235, 97, 203, 1, 0, 156, 0, 0, 107, 1, 0, 188, 6, 251]
1542810211981;[171, 0, 17, 255, 161, 74, 235, 97, 203, 1, 0, 138, 0, 0, 77, 1, 0, 173, 6, 169]
1542810212497;[171, 0, 17, 255, 161, 74, 235, 97, 203, 1, 0, 149, 0, 0, 105, 1, 0, 197, 6, 149]
1542810212653;[171, 0, 4, 255, 132, 128, 110]
1542810212654;[171, 0, 17, 255, 161, 74, 235, 97, 203, 1, 0, 162, 0, 0, 99, 1, 0, 181, 5, 164]
1542810212656;[171, 0, 17, 255, 161, 74, 235, 97, 203, 1, 0, 146, 0, 0, 70, 1, 0, 160, 4, 199]
1542810212657;[171, 0, 17, 255, 161, 74, 235, 97, 203, 1, 0, 161, 0, 0, 92, 1, 0, 179, 4, 218]
1542810212742;[171, 0, 17, 255, 161, 74, 235, 97, 203, 1, 0, 158, 0, 0, 86, 1, 0, 193, 4, 249]
1542810214378;[171, 0, 17, 255, 161, 74, 235, 97, 203, 1, 0, 150, 0, 0, 103, 1, 0, 181, 4, 195]
1542810214878;[171, 0, 17, 255, 161, 74, 235, 97, 204, 1, 0, 163, 0, 0, 97, 1, 0, 174, 4, 156]
1542810214907;[171, 0, 17, 255, 161, 74, 235, 97, 204, 1, 0, 165, 0, 0, 89, 1, 0, 171, 4, 131]
1542810215414;[171, 0, 17, 255, 161, 74, 235, 97, 204, 1, 0, 155, 0, 0, 96, 1, 0, 180, 4, 150]
1542810215613;[171, 0, 17, 255, 161, 74, 235, 97, 204, 1, 0, 128, 0, 0, 95, 1, 0, 178, 4, 81]
1542810216012;[171, 0, 17, 255, 161, 74, 235, 97, 204, 1, 0, 148, 0, 0, 85, 1, 0, 192, 3, 240]
1542810216012;[171, 0, 4, 255, 132, 128, 110]
1542810216013;[171, 0, 17, 255, 161, 74, 235, 97, 204, 1, 0, 152, 0, 0, 75, 1, 0, 186, 3, 173]
1542810216014;[171, 0, 17, 255, 161, 74, 235, 97, 204, 1, 0, 148, 0, 0, 100, 1, 0, 179, 3, 84]
1542810216091;[171, 0, 17, 255, 161, 74, 235, 97, 204, 1, 0, 156, 0, 0, 101, 1, 0, 179, 3, 54]
1542810216163;[171, 0, 17, 255, 161, 74, 235, 97, 204, 1, 0, 150, 0, 0, 90, 1, 0, 182, 3, 121]
1542810216245;[171, 0, 17, 255, 161, 74, 235, 97, 204, 1, 0, 146, 0, 0, 87, 1, 0, 182, 3, 123]
1542810216354;[171, 0, 17, 255, 161, 74, 235, 97, 205, 1, 0, 148, 0, 0, 99, 1, 0, 191, 3, 128]
1542810217219;[171, 0, 17, 255, 161, 74, 235, 97, 205, 1, 0, 150, 0, 0, 97, 1, 0, 173, 3, 41]
1542810217426;[171, 0, 17, 255, 161, 74, 235, 97, 205, 1, 0, 139, 0, 0, 117, 1, 0, 193, 3, 12]
1542810217478;[171, 0, 17, 255, 161, 74, 235, 97, 205, 1, 0, 179, 0, 0, 46, 1, 0, 173, 3, 30]
1542810217509;[171, 0, 17, 255, 161, 74, 235, 97, 205, 1, 0, 141, 0, 0, 86, 1, 0, 193, 3, 30]
1542810218290;[171, 0, 4, 255, 132, 128, 110]
1542810218291;[171, 0, 17, 255, 161, 74, 235, 97, 205, 1, 0, 153, 0, 0, 52, 1, 0, 196, 2, 230]
1542810218292;[171, 0, 17, 255, 161, 74, 235, 97, 205, 1, 0, 210, 0, 0, 92, 1, 0, 192, 2, 128]
1542810218293;[171, 0, 17, 255, 161, 74, 235, 97, 205, 1, 0, 184, 0, 0, 8, 1, 0, 147, 2, 89]
1542810219043;[171, 0, 17, 255, 161, 74, 235, 97, 205, 1, 0, 192, 0, 0, 6, 1, 0, 138, 2, 7]
1542810219383;[171, 0, 17, 255, 161, 74, 235, 97, 205, 1, 0, 192, 0, 0, 11, 1, 0, 142, 2, 40]
1542810219632;[171, 0, 17, 255, 161, 74, 235, 97, 206, 1, 0, 216, 0, 0, 37, 1, 0, 154, 2, 112]
1542810219915;[171, 0, 17, 255, 161, 74, 235, 97, 206, 1, 0, 200, 0, 0, 0, 1, 0, 182, 2, 71]
1542810219918;[171, 0, 17, 255, 161, 74, 235, 97, 206, 1, 0, 223, 0, 0, 7, 1, 0, 178, 2, 33]
1542810220445;[171, 0, 17, 255, 161, 74, 235, 97, 206, 1, 0, 173, 1, 0, 91, 1, 0, 135, 1, 214]
1542810220446;[171, 0, 17, 255, 161, 74, 235, 97, 206, 1, 0, 118, 1, 0, 69, 1, 0, 139, 1, 139]
1542810220446;[171, 0, 4, 255, 132, 128, 110]
1542810220447;[171, 0, 17, 255, 161, 74, 235, 97, 206, 1, 0, 117, 1, 0, 40, 1, 0, 158, 2, 7]
1542810220598;[171, 0, 17, 255, 161, 74, 235, 97, 206, 1, 0, 149, 1, 0, 12, 1, 0, 189, 2, 100]
1542810220619;[171, 0, 17, 255, 161, 74, 235, 97, 206, 1, 0, 111, 1, 0, 17, 1, 0, 175, 2, 97]
1542810220901;[171, 0, 17, 255, 161, 74, 235, 97, 206, 1, 0, 143, 1, 0, 51, 1, 0, 165, 2, 107]
1542810221545;[171, 0, 17, 255, 161, 74, 235, 97, 206, 1, 0, 158, 1, 0, 19, 1, 0, 191, 1, 223]
1542810221613;[171, 0, 17, 255, 161, 74, 235, 97, 207, 1, 0, 120, 1, 0, 46, 1, 0, 176, 1, 76]
1542810222083;[171, 0, 17, 255, 161, 74, 235, 97, 207, 1, 0, 202, 0, 0, 28, 1, 0, 215, 1, 127]
1542810222612;[171, 0, 17, 255, 161, 74, 235, 97, 207, 1, 0, 64, 1, 0, 200, 1, 1, 88, 1, 85]
1542810222623;[171, 0, 17, 255, 161, 74, 235, 97, 207, 1, 0, 107, 1, 0, 87, 1, 0, 167, 1, 75]
1542810222624;[171, 0, 17, 255, 161, 74, 235, 97, 207, 1, 0, 111, 1, 0, 112, 1, 0, 220, 1, 41]
1542810222626;[171, 0, 4, 255, 132, 128, 110]
1542810222628;[171, 0, 17, 255, 161, 74, 235, 97, 207, 1, 0, 100, 1, 0, 98, 1, 0, 199, 1, 47]
1542810222628;[171, 0, 17, 255, 161, 74, 235, 97, 207, 1, 0, 111, 1, 0, 100, 1, 0, 199, 1, 56]
1542810222629;[171, 0, 17, 255, 161, 74, 235, 97, 207, 1, 0, 126, 1, 0, 96, 1, 0, 199, 1, 208]
1542810222630;[171, 0, 17, 255, 161, 74, 235, 97, 207, 1, 0, 110, 1, 0, 100, 1, 0, 207, 2, 29]
1542810223715;[171, 0, 17, 255, 161, 74, 235, 97, 207, 1, 0, 119, 1, 0, 118, 1, 0, 202, 2, 46]
1542810223810;[171, 0, 17, 255, 161, 74, 235, 97, 208, 1, 0, 121, 1, 0, 85, 1, 0, 187, 2, 1]
1542810223813;[171, 0, 17, 255, 161, 74, 235, 97, 208, 1, 0, 80, 1, 0, 90, 1, 0, 223, 1, 193]
1542810224965;[171, 0, 17, 255, 161, 74, 235, 97, 208, 1, 0, 121, 1, 0, 89, 1, 0, 204, 1, 183]
1542810224966;[171, 0, 17, 255, 161, 74, 235, 97, 208, 1, 0, 108, 1, 0, 112, 1, 0, 192, 2, 87]
1542810224968;[171, 0, 17, 255, 161, 74, 235, 97, 208, 1, 0, 106, 1, 0, 89, 1, 0, 191, 2, 157]
1542810224968;[171, 0, 4, 255, 132, 128, 110]
1542810225680;[171, 0, 17, 255, 161, 74, 235, 97, 208, 1, 0, 103, 1, 0, 107, 1, 0, 194, 2, 140]
1542810225702;[171, 0, 17, 255, 161, 74, 235, 97, 208, 1, 0, 111, 1, 0, 89, 1, 0, 190, 2, 128]
1542810225943;[171, 0, 17, 255, 161, 74, 235, 97, 208, 1, 0, 111, 1, 0, 94, 1, 0, 199, 2, 170]
1542810226586;[171, 0, 17, 255, 161, 74, 235, 97, 208, 1, 0, 119, 1, 0, 98, 1, 0, 194, 2, 241]
1542810226587;[171, 0, 17, 255, 161, 74, 235, 97, 208, 1, 0, 117, 1, 0, 91, 1, 0, 192, 3, 243]
1542810226589;[171, 0, 17, 255, 161, 74, 235, 97, 209, 1, 0, 130, 1, 0, 102, 1, 0, 194, 4, 91]
1542810226590;[171, 0, 17, 255, 161, 74, 235, 97, 209, 1, 0, 128, 1, 0, 98, 1, 0, 189, 4, 88]
1542810226601;[171, 0, 17, 255, 161, 74, 235, 97, 209, 1, 0, 123, 1, 0, 99, 1, 0, 188, 4, 61]
1542810226642;[171, 0, 17, 255, 161, 74, 235, 97, 209, 1, 0, 118, 1, 0, 84, 1, 0, 194, 4, 3]
1542810227548;[171, 0, 17, 255, 161, 74, 235, 97, 209, 1, 0, 156, 1, 0, 97, 1, 0, 181, 4, 32]
1542810227590;[171, 0, 4, 255, 132, 128, 109]
1542810227673;[171, 0, 17, 255, 161, 74, 235, 97, 209, 1, 0, 148, 1, 0, 107, 1, 0, 175, 4, 210]
1542810228445;[171, 0, 17, 255, 161, 74, 235, 97, 209, 1, 0, 136, 1, 0, 109, 1, 0, 171, 5, 95]
1542810229888;[171, 0, 17, 255, 161, 74, 235, 97, 209, 1, 0, 137, 1, 0, 63, 1, 0, 204, 5, 172]
1542810230150;[171, 0, 17, 255, 161, 74, 235, 97, 209, 1, 0, 149, 1, 0, 107, 1, 0, 183, 5, 203]
1542810230171;[171, 0, 17, 255, 161, 74, 235, 97, 209, 1, 0, 167, 1, 0, 123, 1, 0, 122, 5, 228]
1542810230326;[171, 0, 17, 255, 161, 74, 235, 97, 210, 1, 0, 162, 1, 0, 169, 1, 0, 16, 6, 169]
1542810230545;[171, 0, 17, 255, 161, 74, 235, 97, 210, 1, 1, 83, 1, 0, 224, 0, 0, 57, 6, 145]
1542810230860;[171, 0, 17, 255, 161, 74, 235, 97, 210, 1, 0, 166, 1, 0, 141, 1, 0, 27, 5, 171]
1542810230991;[171, 0, 17, 255, 161, 74, 235, 97, 210, 1, 1, 95, 1, 0, 95, 1, 0, 28, 6, 6]
1542810231015;[171, 0, 17, 255, 161, 74, 235, 97, 210, 1, 0, 250, 1, 0, 30, 1, 0, 47, 5, 79]
1542810231016;[171, 0, 4, 255, 132, 128, 109]
1542810232052;[171, 0, 17, 255, 161, 74, 235, 97, 210, 1, 0, 205, 0, 0, 17, 1, 0, 39, 6, 33]
1542810232083;[171, 0, 17, 255, 161, 74, 235, 97, 210, 1, 0, 76, 0, 1, 16, 1, 0, 56, 5, 188]
1542810232166;[171, 0, 17, 255, 161, 74, 235, 97, 210, 1, 0, 104, 0, 0, 187, 1, 0, 110, 6, 209]
1542810232696;[171, 0, 17, 255, 161, 74, 235, 97, 210, 1, 1, 23, 1, 0, 67, 1, 0, 68, 6, 23]
1542810233847;[171, 0, 17, 255, 161, 74, 235, 97, 210, 1, 2, 129, 0, 1, 43, 1, 0, 52, 6, 246]
1542810234141;[171, 0, 17, 255, 161, 74, 235, 97, 211, 1, 1, 23, 0, 0, 77, 0, 0, 89, 6, 195]
1542810234193;[171, 0, 17, 255, 161, 74, 235, 97, 211, 1, 0, 200, 0, 0, 64, 1, 0, 52, 7, 64]
1542810234255;[171, 0, 17, 255, 161, 74, 235, 97, 211, 1, 2, 14, 0, 0, 88, 1, 0, 87, 7, 64]
1542810234634;[171, 0, 17, 255, 161, 74, 235, 97, 211, 1, 0, 183, 0, 0, 58, 1, 0, 87, 7, 64]
1542810234645;[171, 0, 17, 255, 161, 74, 235, 97, 213, 1, 0, 235, 0, 0, 38, 1, 0, 87, 6, 43]
1542810234782;[171, 0, 17, 255, 161, 74, 235, 97, 213, 1, 0, 234, 0, 0, 39, 1, 0, 90, 4, 66]
1542810235055;[171, 0, 17, 255, 161, 74, 235, 97, 213, 1, 0, 238, 0, 0, 39, 1, 0, 88, 4, 151]
1542810235086;[171, 0, 17, 255, 161, 74, 235, 97, 213, 1, 0, 222, 0, 0, 44, 1, 0, 94, 5, 219]
1542810236608;[171, 0, 17, 255, 161, 74, 235, 97, 213, 1, 0, 249, 0, 0, 31, 1, 0, 93, 7, 49]
1542810236850;[171, 0, 17, 255, 161, 74, 235, 97, 214, 1, 1, 9, 0, 0, 40, 1, 0, 29, 6, 42]
1542810237301;[171, 0, 17, 255, 161, 74, 235, 97, 214, 1, 0, 244, 0, 0, 36, 1, 0, 67, 6, 6]
1542810237362;[171, 0, 17, 255, 161, 74, 235, 97, 214, 1, 0, 232, 0, 0, 45, 1, 0, 91, 5, 16]
1542810237475;[171, 0, 17, 255, 161, 74, 235, 97, 214, 1, 0, 246, 0, 0, 23, 1, 0, 97, 5, 15]
1542810237635;[171, 0, 17, 255, 161, 74, 235, 97, 214, 1, 1, 84, 0, 0, 31, 1, 0, 103, 7, 2]
1542810237645;[171, 0, 4, 255, 132, 128, 108]
1542810238136;[171, 0, 17, 255, 161, 74, 235, 97, 214, 1, 1, 54, 0, 0, 3, 1, 0, 127, 4, 168]
1542810238281;[171, 0, 17, 255, 161, 74, 235, 97, 214, 1, 1, 18, 1, 0, 2, 1, 0, 140, 2, 132]
1542810238281;[171, 0, 17, 255, 161, 74, 235, 97, 214, 1, 0, 36, 0, 0, 97, 0, 0, 8, 1, 172]
1542810239276;[171, 0, 17, 255, 161, 74, 235, 97, 214, 1, 1, 132, 0, 0, 209, 0, 0, 28, 0, 254]
1542810239297;[171, 0, 17, 255, 161, 74, 235, 97, 214, 1, 0, 186, 0, 0, 77, 1, 0, 246, 1, 91]
1542810239297;[171, 0, 17, 255, 161, 74, 235, 97, 215, 1, 0, 190, 0, 0, 33, 1, 0, 24, 7, 32]
1542810239299;[171, 0, 17, 255, 161, 74, 235, 97, 215, 1, 0, 236, 0, 0, 45, 1, 0, 59, 6, 167]
1542810239300;[171, 0, 17, 255, 161, 74, 235, 97, 215, 1, 0, 225, 0, 0, 55, 1, 0, 15, 5, 98]
1542810239821;[171, 0, 17, 255, 161, 74, 235, 97, 215, 1, 0, 195, 0, 0, 25, 0, 0, 42, 7, 184]
1542810239822;[171, 0, 17, 255, 161, 74, 235, 97, 215, 1, 1, 27, 0, 0, 74, 0, 0, 56, 7, 184]
1542810239823;[171, 0, 4, 255, 132, 128, 108]
1542810239983;[171, 0, 17, 255, 161, 74, 235, 97, 215, 1, 1, 25, 1, 0, 46, 0, 0, 242, 7, 184]
1542810240835;[171, 0, 17, 255, 161, 74, 235, 97, 215, 1, 0, 201, 0, 0, 9, 0, 0, 82, 7, 184]
1542810240845;[171, 0, 17, 255, 161, 74, 235, 97, 215, 1, 1, 13, 0, 0, 42, 1, 0, 17, 7, 184]
1542810240847;[171, 0, 17, 255, 161, 74, 235, 97, 215, 1, 1, 39, 0, 0, 33, 0, 0, 66, 7, 184]
1542810240847;[171, 0, 17, 255, 161, 74, 235, 97, 215, 1, 0, 242, 0, 0, 30, 0, 0, 30, 5, 157]
1542810240848;[171, 0, 17, 255, 161, 74, 235, 97, 216, 1, 1, 2, 0, 0, 33, 0, 0, 60, 5, 168]
1542810240849;[171, 0, 17, 255, 161, 74, 235, 97, 216, 1, 1, 0, 0, 0, 36, 0, 0, 45, 6, 146]
1542810240849;[171, 0, 17, 255, 161, 74, 235, 97, 216, 1, 0, 255, 0, 0, 31, 0, 0, 47, 6, 186]
1542810240850;[171, 0, 17, 255, 161, 74, 235, 97, 216, 1, 0, 253, 0, 0, 33, 0, 0, 45, 6, 155]
1542810242484;[171, 0, 17, 255, 161, 74, 235, 97, 216, 1, 1, 1, 0, 0, 33, 0, 0, 44, 6, 191]
1542810242486;[171, 0, 4, 255, 132, 128, 107]
1542810242487;[171, 0, 17, 255, 161, 74, 235, 97, 216, 1, 0, 253, 0, 0, 29, 0, 0, 45, 6, 219]
1542810242488;[171, 0, 17, 255, 161, 74, 235, 97, 216, 1, 0, 255, 0, 0, 30, 0, 0, 46, 7, 88]
1542810242488;[171, 0, 17, 255, 161, 74, 235, 97, 216, 1, 1, 2, 0, 0, 30, 0, 0, 46, 8, 95]
1542810242489;[171, 0, 17, 255, 161, 74, 235, 97, 216, 1, 0, 247, 0, 0, 30, 0, 0, 44, 9, 50]
1542810242490;[171, 0, 17, 255, 161, 74, 235, 97, 216, 1, 1, 2, 0, 0, 31, 0, 0, 47, 8, 249]
1542810242680;[171, 0, 17, 255, 161, 74, 235, 97, 217, 1, 0, 253, 0, 0, 30, 0, 0, 47, 8, 234]
1542810242711;[171, 0, 17, 255, 161, 74, 235, 97, 217, 1, 0, 254, 0, 0, 27, 0, 0, 47, 8, 222]
1542810243000;[171, 0, 17, 255, 161, 74, 235, 97, 217, 1, 1, 3, 0, 0, 24, 0, 0, 45, 8, 217]
1542810243054;[171, 0, 17, 255, 161, 74, 235, 97, 217, 1, 1, 40, 0, 0, 3, 0, 0, 40, 7, 147]
1542810243272;[171, 0, 17, 255, 161, 74, 235, 97, 217, 1, 1, 24, 1, 0, 8, 1, 0, 16, 7, 147]
1542810243576;[171, 0, 4, 255, 132, 128, 107]
1542810243883;[171, 0, 17, 255, 161, 74, 235, 97, 217, 1, 0, 99, 0, 0, 44, 0, 0, 221, 7, 147]
1542810245352;[171, 0, 17, 255, 161, 74, 235, 97, 217, 1, 0, 220, 0, 0, 22, 1, 0, 193, 7, 147]
1542810245526;[171, 0, 17, 255, 161, 74, 235, 97, 217, 1, 0, 142, 1, 0, 46, 1, 0, 171, 7, 147]
1542810246999;[171, 0, 17, 255, 161, 74, 235, 97, 217, 1, 0, 156, 0, 0, 11, 1, 0, 204, 7, 147]
1542810247000;[171, 0, 17, 255, 161, 74, 235, 97, 217, 1, 0, 129, 1, 0, 19, 1, 0, 220, 7, 147]
1542810247000;[171, 0, 17, 255, 161, 74, 235, 97, 218, 1, 0, 129, 0, 0, 20, 1, 0, 208, 7, 147]
1542810247001;[171, 0, 17, 255, 161, 74, 235, 97, 218, 1, 0, 132, 0, 0, 4, 1, 0, 204, 7, 147]
1542810247003;[171, 0, 17, 255, 161, 74, 235, 97, 218, 1, 0, 154, 0, 0, 2, 1, 0, 212, 7, 4]
1542810247475;[171, 0, 17, 255, 161, 74, 235, 97, 218, 1, 0, 135, 0, 0, 1, 1, 0, 208, 6, 231]
1542810247759;[171, 0, 17, 255, 161, 74, 235, 97, 218, 1, 0, 111, 1, 0, 11, 1, 0, 234, 7, 5]
1542810247844;[171, 0, 4, 255, 132, 128, 107]
1542810247875;[171, 0, 17, 255, 161, 74, 235, 97, 218, 1, 0, 109, 1, 0, 35, 1, 0, 223, 8, 40]
1542810248650;[171, 0, 17, 255, 161, 74, 235, 97, 218, 1, 0, 96, 1, 0, 29, 1, 0, 218, 8, 195]
1542810248652;[171, 0, 17, 255, 161, 74, 235, 97, 218, 1, 0, 182, 1, 0, 54, 1, 1, 23, 8, 31]
1542810248770;[171, 0, 17, 255, 161, 74, 235, 97, 218, 1, 0, 24, 0, 0, 32, 1, 1, 65, 7, 11]
1542810249327;[171, 0, 17, 255, 161, 74, 235, 97, 218, 1, 0, 50, 0, 0, 36, 0, 0, 16, 6, 144]
1542810249579;[171, 0, 17, 255, 161, 74, 235, 97, 219, 1, 0, 108, 0, 0, 10, 1, 0, 91, 6, 100]
1542810250324;[171, 0, 17, 255, 161, 74, 235, 97, 219, 1, 0, 149, 1, 0, 43, 1, 0, 122, 6, 188]
1542810251955;[171, 0, 17, 255, 161, 74, 235, 97, 219, 1, 0, 235, 1, 0, 26, 1, 0, 238, 6, 70]
1542810251955;[171, 0, 17, 255, 161, 74, 235, 97, 219, 1, 0, 152, 1, 0, 53, 1, 0, 210, 5, 178]
1542810252508;[171, 0, 17, 255, 161, 74, 235, 97, 219, 1, 0, 191, 1, 0, 87, 1, 0, 204, 5, 65]
1542810252510;[171, 0, 4, 255, 132, 128, 107]
1542810252746;[171, 0, 17, 255, 161, 74, 235, 97, 219, 1, 0, 161, 1, 0, 141, 1, 0, 191, 4, 241]
1542810252815;[171, 0, 17, 255, 161, 74, 235, 97, 219, 1, 0, 159, 1, 0, 129, 1, 0, 154, 4, 191]
1542810252908;[171, 0, 17, 255, 161, 74, 235, 97, 219, 1, 0, 225, 1, 0, 8, 1, 0, 155, 5, 67]
1542810252932;[171, 0, 17, 255, 161, 74, 235, 97, 219, 1, 1, 58, 0, 0, 81, 1, 0, 104, 5, 231]
1542810253620;[171, 0, 17, 255, 161, 74, 235, 97, 219, 1, 0, 135, 0, 0, 10, 1, 0, 169, 5, 189]
1542810253660;[171, 0, 17, 255, 161, 74, 235, 97, 220, 1, 0, 175, 0, 0, 54, 1, 0, 191, 3, 214]
1542810253740;[171, 0, 17, 255, 161, 74, 235, 97, 220, 1, 0, 183, 1, 0, 5, 1, 0, 137, 3, 250]
1542810253821;[171, 0, 17, 255, 161, 74, 235, 97, 220, 1, 0, 133, 0, 0, 51, 1, 0, 194, 3, 144]
1542810254163;[171, 0, 17, 255, 161, 74, 235, 97, 220, 1, 0, 96, 0, 0, 60, 1, 0, 223, 4, 5]
1542810254625;[171, 0, 17, 255, 161, 74, 235, 97, 220, 0, 0, 11, 0, 0, 129, 1, 0, 235, 7, 178]
1542810254746;[171, 0, 4, 255, 132, 128, 107]
1542810254746;[171, 0, 17, 255, 161, 74, 235, 97, 220, 0, 0, 4, 0, 0, 114, 1, 0, 225, 7, 192]
1542810254748;[171, 0, 17, 255, 161, 74, 235, 97, 220, 0, 0, 15, 0, 0, 123, 1, 0, 211, 8, 82]
1542810254749;[171, 0, 17, 255, 161, 74, 235, 97, 220, 1, 0, 20, 0, 0, 119, 1, 0, 191, 6, 92]
1542810254863;[171, 0, 17, 255, 161, 74, 235, 97, 220, 1, 0, 150, 0, 0, 77, 1, 0, 216, 1, 231]
1542810255525;[171, 0, 17, 255, 161, 74, 235, 97, 220, 1, 0, 182, 0, 0, 117, 1, 0, 166, 10, 182]
1542810255706;[171, 0, 17, 255, 161, 74, 235, 97, 221, 1, 0, 153, 0, 0, 110, 1, 0, 163, 10, 134]
1542810256351;[171, 0, 17, 255, 161, 74, 235, 97, 221, 1, 0, 151, 0, 0, 116, 1, 0, 167, 4, 93]
1542810256411;[171, 0, 17, 255, 161, 74, 235, 97, 221, 1, 0, 164, 0, 0, 121, 1, 0, 154, 2, 246]
1542810256471;[171, 0, 17, 255, 161, 74, 235, 97, 221, 1, 0, 174, 0, 0, 111, 1, 0, 155, 16, 44]
1542810256603;[171, 0, 17, 255, 161, 74, 235, 97, 221, 1, 0, 176, 0, 0, 110, 1, 0, 154, 7, 208]
1542810256834;[171, 0, 4, 255, 132, 128, 107]
1542810257107;[171, 0, 17, 255, 161, 74, 235, 97, 221, 1, 0, 160, 0, 0, 106, 1, 0, 158, 6, 150]
1542810257409;[171, 0, 17, 255, 161, 74, 235, 97, 221, 1, 0, 164, 0, 0, 107, 1, 0, 166, 6, 116]
1542810257419;[171, 0, 17, 255, 161, 74, 235, 97, 221, 1, 0, 159, 0, 0, 105, 1, 0, 166, 5, 242]
1542810257945;[171, 0, 17, 255, 161, 74, 235, 97, 221, 1, 0, 171, 0, 0, 105, 1, 0, 166, 5, 111]
1542810258832;[171, 0, 17, 255, 161, 74, 235, 97, 221, 1, 0, 178, 0, 0, 102, 1, 0, 162, 4, 17]
1542810258973;[171, 0, 17, 255, 161, 74, 235, 97, 222, 1, 0, 174, 0, 0, 98, 1, 0, 159, 2, 152]
1542810258975;[171, 0, 17, 255, 161, 74, 235, 97, 222, 1, 0, 165, 0, 0, 97, 1, 0, 165, 1, 173]
1542810258976;[171, 0, 17, 255, 161, 74, 235, 97, 222, 1, 0, 170, 0, 0, 96, 1, 0, 162, 1, 242]
1542810258976;[171, 0, 17, 255, 161, 74, 235, 97, 222, 1, 0, 170, 0, 0, 98, 1, 0, 162, 1, 176]
1542810258978;[171, 0, 17, 255, 161, 74, 235, 97, 222, 1, 0, 172, 0, 0, 99, 1, 0, 163, 1, 72]
1542810258979;[171, 0, 4, 255, 132, 128, 104]
1542810259332;[171, 0, 17, 255, 161, 74, 235, 97, 222, 1, 0, 169, 0, 0, 99, 1, 0, 161, 0, 250]
1542810259504;[171, 0, 17, 255, 161, 74, 235, 97, 222, 1, 0, 169, 0, 0, 99, 1, 0, 160, 16, 146]
1542810259555;[171, 0, 17, 255, 161, 74, 235, 97, 222, 1, 0, 170, 0, 0, 100, 1, 0, 161, 7, 147]
1542810259821;[171, 0, 17, 255, 161, 74, 235, 97, 222, 1, 0, 173, 0, 0, 99, 1, 0, 160, 8, 42]
1542810259867;[171, 0, 17, 255, 161, 74, 235, 97, 222, 1, 0, 172, 0, 0, 99, 1, 0, 161, 8, 107]
1542810260081;[171, 0, 17, 255, 161, 74, 235, 97, 223, 1, 0, 166, 0, 0, 98, 1, 0, 160, 8, 73]
1542810260138;[171, 0, 17, 255, 161, 74, 235, 97, 223, 1, 0, 114, 0, 0, 82, 1, 0, 163, 9, 116]
1542810260139;[171, 0, 17, 255, 161, 74, 235, 97, 223, 1, 0, 183, 0, 0, 93, 1, 0, 166, 14, 149]
1542810260205;[171, 0, 17, 255, 161, 74, 235, 97, 223, 1, 0, 221, 0, 0, 83, 1, 0, 144, 14, 149]
1542810260657;[171, 0, 17, 255, 161, 74, 235, 97, 223, 1, 0, 185, 0, 0, 79, 1, 0, 163, 14, 149]
1542810261284;[171, 0, 4, 255, 132, 128, 103]
1542810261578;[171, 0, 17, 255, 161, 74, 235, 97, 223, 1, 0, 179, 0, 0, 81, 1, 0, 168, 14, 214]
1542810261618;[171, 0, 17, 255, 161, 74, 235, 97, 223, 1, 0, 177, 0, 0, 80, 1, 0, 165, 14, 109]
1542810261718;[171, 0, 17, 255, 161, 74, 235, 97, 223, 1, 0, 175, 0, 0, 83, 1, 0, 163, 14, 19]
1542810262232;[171, 0, 17, 255, 161, 74, 235, 97, 223, 1, 0, 179, 0, 0, 81, 1, 0, 163, 13, 185]
1542810262756;[171, 0, 17, 255, 161, 74, 235, 97, 223, 1, 0, 177, 0, 0, 83, 1, 0, 163, 13, 74]
1542810262957;[171, 0, 17, 255, 161, 74, 235, 97, 224, 1, 0, 178, 0, 0, 82, 1, 0, 161, 13, 60]
1542810263280;[171, 0, 17, 255, 161, 74, 235, 97, 224, 1, 0, 178, 0, 0, 84, 1, 0, 162, 13, 202]
1542810263310;[171, 0, 17, 255, 161, 74, 235, 97, 224, 1, 0, 177, 0, 0, 82, 1, 0, 162, 13, 213]
1542810264096;[171, 0, 17, 255, 161, 74, 235, 97, 224, 1, 0, 174, 0, 0, 82, 1, 0, 163, 13, 160]
1542810264359;[171, 0, 17, 255, 161, 74, 235, 97, 224, 1, 0, 177, 0, 0, 79, 1, 0, 161, 13, 108]
1542810264359;[171, 0, 4, 255, 132, 128, 103]
1542810266121;[171, 0, 17, 255, 161, 74, 235, 97, 224, 1, 0, 181, 0, 0, 83, 1, 0, 159, 13, 45]
1542810266473;[171, 0, 17, 255, 161, 74, 235, 97, 224, 1, 0, 181, 0, 0, 83, 1, 0, 160, 12, 244]
1542810266484;[171, 0, 17, 255, 161, 74, 235, 97, 224, 1, 0, 176, 0, 0, 82, 1, 0, 159, 13, 102]
1542810266494;[171, 0, 17, 255, 161, 74, 235, 97, 224, 1, 0, 164, 0, 0, 102, 1, 0, 164, 12, 201]
1542810266899;[171, 0, 17, 255, 161, 74, 235, 97, 224, 1, 0, 189, 0, 0, 93, 1, 0, 194, 13, 73]
1542810266929;[171, 0, 17, 255, 161, 74, 235, 97, 225, 1, 0, 175, 0, 0, 9, 1, 0, 151, 11, 209]
1542810267596;[171, 0, 17, 255, 161, 74, 235, 97, 225, 1, 0, 231, 0, 0, 7, 1, 0, 121, 10, 240]
1542810267637;[171, 0, 17, 255, 161, 74, 235, 97, 225, 1, 0, 224, 1, 0, 21, 1, 0, 108, 10, 108]
1542810267657;[171, 0, 17, 255, 161, 74, 235, 97, 225, 1, 0, 228, 1, 0, 29, 1, 0, 109, 10, 172]
1542810267757;[171, 0, 17, 255, 161, 74, 235, 97, 225, 1, 0, 228, 1, 0, 28, 1, 0, 114, 10, 219]
1542810268432;[171, 0, 4, 255, 132, 128, 103]
1542810269179;[171, 0, 17, 255, 161, 74, 235, 97, 225, 1, 0, 222, 1, 0, 41, 1, 0, 93, 10, 187]
1542810270057;[171, 0, 17, 255, 161, 74, 235, 97, 225, 1, 0, 254, 1, 0, 22, 1, 0, 77, 10, 130]
1542810270763;[171, 0, 17, 255, 161, 74, 235, 97, 225, 1, 0, 211, 1, 0, 74, 1, 0, 92, 10, 139]
1542810272884;[171, 0, 17, 255, 161, 74, 235, 97, 225, 1, 0, 227, 1, 0, 32, 1, 0, 81, 10, 120]
1542810272885;[171, 0, 17, 255, 161, 74, 235, 97, 225, 1, 0, 245, 1, 0, 43, 1, 0, 58, 11, 6]
1542810272886;[171, 0, 17, 255, 161, 74, 235, 97, 226, 1, 0, 251, 1, 0, 42, 1, 0, 39, 11, 127]
1542810272887;[171, 0, 17, 255, 161, 74, 235, 97, 226, 1, 0, 255, 1, 0, 60, 0, 0, 48, 11, 175]
1542810272888;[171, 0, 17, 255, 161, 74, 235, 97, 226, 1, 1, 40, 0, 0, 20, 1, 0, 87, 11, 98]
1542810273424;[171, 0, 17, 255, 161, 74, 235, 97, 226, 1, 0, 229, 1, 0, 39, 1, 0, 74, 11, 2]
1542810273572;[171, 0, 17, 255, 161, 74, 235, 97, 226, 1, 0, 243, 1, 0, 9, 1, 0, 85, 10, 247]
1542810273679;[171, 0, 4, 255, 132, 128, 103]
1542810273732;[171, 0, 17, 255, 161, 74, 235, 97, 226, 1, 0, 235, 1, 0, 20, 1, 0, 81, 11, 163]
1542810273967;[171, 0, 17, 255, 161, 74, 235, 97, 226, 1, 0, 239, 1, 0, 10, 1, 0, 84, 11, 224]
1542810273968;[171, 0, 17, 255, 161, 74, 235, 97, 226, 1, 0, 242, 1, 0, 17, 1, 0, 83, 11, 160]
1542810273969;[171, 0, 17, 255, 161, 74, 235, 97, 226, 1, 0, 235, 1, 0, 12, 1, 0, 94, 11, 69]
1542810275770;[171, 0, 17, 255, 161, 74, 235, 97, 226, 1, 0, 236, 1, 0, 4, 1, 0, 92, 10, 255]
1542810275792;[171, 0, 17, 255, 161, 74, 235, 97, 227, 1, 1, 1, 1, 0, 47, 1, 0, 46, 11, 37]
1542810275824;[171, 0, 17, 255, 161, 74, 235, 97, 227, 1, 1, 3, 1, 0, 53, 1, 0, 14, 12, 45]
1542810276058;[171, 0, 17, 255, 161, 74, 235, 97, 227, 1, 1, 2, 1, 0, 32, 1, 0, 37, 12, 143]
1542810276365;[171, 0, 17, 255, 161, 74, 235, 97, 227, 1, 0, 252, 1, 0, 32, 1, 0, 47, 12, 127]
1542810276788;[171, 0, 17, 255, 161, 74, 235, 97, 227, 1, 0, 250, 1, 0, 26, 1, 0, 47, 12, 104]
1542810278018;[171, 0, 4, 255, 132, 128, 101]
1542810278567;[171, 0, 17, 255, 161, 74, 235, 97, 227, 1, 0, 249, 1, 0, 35, 1, 0, 43, 12, 43]
1542810278568;[171, 0, 17, 255, 161, 74, 235, 97, 227, 1, 0, 253, 1, 0, 24, 1, 0, 46, 12, 37]
1542810279123;[171, 0, 17, 255, 161, 74, 235, 97, 227, 1, 0, 245, 1, 0, 32, 1, 0, 42, 12, 235]
1542810279124;[171, 0, 17, 255, 161, 74, 235, 97, 227, 1, 1, 11, 1, 0, 36, 1, 0, 30, 13, 47]
1542810279124;[171, 0, 17, 255, 161, 74, 235, 97, 227, 1, 0, 236, 1, 0, 35, 1, 0, 32, 13, 66]
1542810279125;[171, 0, 17, 255, 161, 74, 235, 97, 228, 1, 0, 138, 1, 1, 178, 1, 0, 59, 13, 7]
1542810280198;[171, 0, 17, 255, 161, 74, 235, 97, 228, 1, 0, 238, 0, 0, 20, 1, 0, 64, 12, 80]
1542810280229;[171, 0, 17, 255, 161, 74, 235, 97, 228, 1, 0, 239, 0, 0, 6, 1, 0, 56, 11, 163]
1542810280345;[171, 0, 17, 255, 161, 74, 235, 97, 228, 1, 0, 206, 1, 0, 37, 1, 0, 67, 13, 30]
1542810280767;[171, 0, 17, 255, 161, 74, 235, 97, 228, 1, 1, 40, 1, 0, 21, 1, 0, 42, 13, 249]
1542810281152;[171, 0, 4, 255, 132, 128, 100]
1542810281707;[171, 0, 17, 255, 161, 74, 235, 97, 228, 1, 0, 241, 1, 0, 54, 1, 0, 47, 14, 137]
1542810282061;[171, 0, 17, 255, 161, 74, 235, 97, 228, 1, 0, 244, 1, 0, 21, 1, 0, 72, 14, 137]
1542810282325;[171, 0, 17, 255, 161, 74, 235, 97, 228, 1, 0, 243, 0, 0, 0, 1, 0, 49, 14, 217]
1542810282931;[171, 0, 17, 255, 161, 74, 235, 97, 228, 1, 1, 7, 0, 0, 27, 1, 0, 43, 31, 117]
1542810282973;[171, 0, 17, 255, 161, 74, 235, 97, 228, 1, 0, 187, 1, 0, 80, 0, 0, 5, 8, 169]
1542810283654;[171, 0, 17, 255, 161, 74, 235, 97, 229, 1, 1, 58, 0, 0, 204, 1, 0, 182, 8, 127]
1542810283655;[171, 0, 17, 255, 161, 74, 235, 97, 229, 1, 0, 236, 1, 0, 53, 1, 0, 13, 8, 21]
1542810283656;[171, 0, 17, 255, 161, 74, 235, 97, 229, 1, 1, 31, 0, 0, 11, 1, 0, 42, 7, 225]
1542810284367;[171, 0, 17, 255, 161, 74, 235, 97, 229, 1, 1, 4, 1, 0, 28, 1, 0, 66, 8, 68]
1542810284441;[171, 0, 17, 255, 161, 74, 235, 97, 229, 1, 0, 237, 0, 0, 14, 1, 0, 66, 8, 242]
1542810285538;[171, 0, 4, 255, 132, 128, 100]
1542810285660;[171, 0, 17, 255, 161, 74, 235, 97, 229, 1, 0, 249, 1, 0, 13, 1, 0, 74, 10, 102]
1542810286128;[171, 0, 17, 255, 161, 74, 235, 97, 229, 1, 0, 158, 0, 0, 48, 1, 0, 124, 10, 70]
1542810286899;[171, 0, 17, 255, 161, 74, 235, 97, 230, 0, 0, 37, 0, 0, 190, 1, 1, 18, 10, 136]
1542810286899;[171, 0, 17, 255, 161, 74, 235, 97, 230, 1, 0, 57, 1, 0, 17, 1, 0, 233, 10, 184]
1542810286920;[171, 0, 17, 255, 161, 74, 235, 97, 230, 1, 0, 129, 0, 0, 78, 1, 0, 163, 10, 94]
1542810286951;[171, 0, 17, 255, 161, 74, 235, 97, 230, 1, 0, 208, 0, 0, 80, 1, 0, 197, 9, 220]
1542810287052;[171, 0, 17, 255, 161, 74, 235, 97, 230, 1, 0, 105, 1, 0, 18, 1, 0, 166, 9, 97]
1542810287422;[171, 0, 17, 255, 161, 74, 235, 97, 230, 1, 0, 29, 1, 0, 175, 1, 1, 63, 9, 97]
1542810287423;[171, 0, 17, 255, 161, 74, 235, 97, 230, 1, 2, 42, 1, 0, 12, 1, 0, 167, 9, 97]
1542810287642;[171, 0, 17, 255, 161, 74, 235, 97, 230, 1, 0, 204, 0, 0, 42, 1, 0, 89, 9, 97]
1542810287662;[171, 0, 4, 255, 132, 128, 100]
1542810287713;[171, 0, 17, 255, 161, 74, 235, 97, 230, 1, 0, 211, 0, 0, 40, 1, 0, 238, 8, 152]
1542810287967;[171, 0, 17, 255, 161, 74, 235, 97, 230, 1, 0, 125, 0, 0, 81, 1, 0, 193, 7, 197]
1542810287988;[171, 0, 17, 255, 161, 74, 235, 97, 231, 1, 0, 190, 1, 0, 230, 1, 0, 162, 6, 252]
1542810288140;[171, 0, 17, 255, 161, 74, 235, 97, 231, 1, 0, 166, 1, 0, 102, 1, 0, 183, 7, 8]
1542810288444;[171, 0, 17, 255, 161, 74, 235, 97, 231, 1, 0, 119, 0, 0, 57, 1, 0, 189, 7, 161]
1542810288454;[171, 0, 17, 255, 161, 74, 235, 97, 231, 1, 0, 162, 0, 0, 83, 1, 0, 214, 8, 144]
1542810288496;[171, 0, 17, 255, 161, 74, 235, 97, 231, 1, 0, 164, 0, 0, 71, 1, 0, 173, 8, 240]
1542810288843;[171, 0, 17, 255, 161, 74, 235, 97, 231, 1, 0, 161, 0, 0, 85, 1, 0, 177, 8, 229]
1542810289089;[171, 0, 17, 255, 161, 74, 235, 97, 231, 1, 0, 171, 0, 0, 87, 1, 0, 174, 8, 203]
1542810289128;[171, 0, 17, 255, 161, 74, 235, 97, 231, 1, 0, 166, 0, 0, 83, 1, 0, 170, 8, 131]
1542810289162;[171, 0, 4, 255, 132, 128, 100]
1542810289244;[171, 0, 17, 255, 161, 74, 235, 97, 231, 1, 0, 178, 0, 0, 94, 1, 0, 162, 8, 42]
1542810289292;[171, 0, 17, 255, 161, 74, 235, 97, 231, 1, 0, 182, 0, 0, 98, 1, 0, 156, 8, 96]
1542810289785;[171, 0, 17, 255, 161, 74, 235, 97, 232, 1, 0, 185, 0, 0, 105, 1, 0, 146, 8, 42]
1542810290219;[171, 0, 17, 255, 161, 74, 235, 97, 232, 1, 0, 181, 0, 0, 102, 1, 0, 145, 7, 162]
1542810290220;[171, 0, 17, 255, 161, 74, 235, 97, 232, 1, 0, 184, 0, 0, 107, 1, 0, 145, 7, 2]
1542810290221;[171, 0, 17, 255, 161, 74, 235, 97, 232, 1, 0, 183, 0, 0, 106, 1, 0, 144, 6, 115]
1542810290222;[171, 0, 17, 255, 161, 74, 235, 97, 232, 1, 0, 182, 0, 0, 105, 1, 0, 145, 5, 224]
1542810290558;[171, 0, 17, 255, 161, 74, 235, 97, 232, 1, 0, 183, 0, 0, 106, 1, 0, 148, 5, 172]
1542810291266;[171, 0, 17, 255, 161, 74, 235, 97, 232, 1, 0, 183, 0, 0, 105, 1, 0, 146, 5, 192]
1542810291316;[171, 0, 17, 255, 161, 74, 235, 97, 232, 1, 0, 181, 0, 0, 102, 1, 0, 143, 5, 101]
1542810292449;[171, 0, 4, 255, 132, 128, 100]
1542810292470;[171, 0, 17, 255, 161, 74, 235, 97, 232, 1, 0, 211, 0, 0, 99, 1, 0, 134, 4, 235]
1542810292851;[171, 0, 17, 255, 161, 74, 235, 97, 232, 1, 0, 250, 0, 0, 63, 1, 0, 134, 5, 153]
1542810292852;[171, 0, 17, 255, 161, 74, 235, 97, 233, 1, 0, 211, 1, 0, 13, 1, 0, 210, 5, 67]
1542810292852;[171, 0, 17, 255, 161, 74, 235, 97, 233, 1, 0, 216, 1, 0, 98, 1, 0, 202, 5, 21]
1542810292853;[171, 0, 17, 255, 161, 74, 235, 97, 233, 1, 0, 98, 0, 0, 129, 1, 0, 44, 6, 121]
1542810292874;[171, 0, 17, 255, 161, 74, 235, 97, 233, 1, 0, 200, 1, 0, 229, 1, 0, 41, 6, 104]
1542810294376;[171, 0, 17, 255, 161, 74, 235, 97, 233, 1, 0, 96, 1, 0, 248, 1, 0, 104, 7, 29]
1542810294396;[171, 0, 17, 255, 161, 74, 235, 97, 233, 1, 0, 247, 0, 0, 20, 1, 0, 181, 4, 47]
1542810295532;[171, 0, 17, 255, 161, 74, 235, 97, 233, 1, 0, 224, 1, 0, 94, 1, 0, 112, 2, 127]
1542810295533;[171, 0, 17, 255, 161, 74, 235, 97, 233, 1, 0, 167, 1, 0, 86, 1, 0, 178, 1, 106]
1542810296090;[171, 0, 4, 255, 132, 128, 100]
1542810296136;[171, 0, 17, 255, 161, 74, 235, 97, 233, 1, 0, 245, 1, 0, 117, 1, 0, 39, 1, 110]
1542810296137;[171, 0, 17, 255, 161, 74, 235, 97, 233, 1, 0, 152, 1, 0, 85, 1, 0, 80, 1, 64]
1542810296138;[171, 0, 17, 255, 161, 74, 235, 97, 234, 1, 0, 168, 1, 0, 81, 1, 0, 100, 0, 249]
1542810296152;[171, 0, 17, 255, 161, 74, 235, 97, 234, 1, 0, 117, 1, 0, 130, 1, 0, 187, 16, 0]
1542810296154;[171, 0, 17, 255, 161, 74, 235, 97, 234, 1, 0, 103, 1, 0, 75, 1, 0, 249, 7, 50]
1542810296156;[171, 0, 17, 255, 161, 74, 235, 97, 234, 1, 0, 135, 1, 0, 55, 1, 0, 163, 7, 149]
1542810296157;[171, 0, 17, 255, 161, 74, 235, 97, 234, 1, 0, 127, 1, 0, 50, 1, 0, 235, 8, 136]
1542810296158;[171, 0, 17, 255, 161, 74, 235, 97, 234, 1, 0, 81, 0, 0, 30, 1, 0, 172, 9, 11]
1542810296158;[171, 0, 17, 255, 161, 74, 235, 97, 234, 1, 0, 81, 0, 0, 30, 1, 0, 172, 8, 225]
1542810296159;[171, 0, 17, 255, 161, 74, 235, 97, 234, 1, 0, 151, 1, 0, 54, 1, 0, 197, 8, 232]
1542810296160;[171, 0, 4, 255, 132, 128, 99]
1542810296667;[171, 0, 17, 255, 161, 74, 235, 97, 234, 1, 0, 129, 1, 0, 43, 1, 0, 204, 8, 206]
1542810296687;[171, 0, 17, 255, 161, 74, 235, 97, 234, 1, 0, 53, 1, 0, 81, 1, 0, 157, 8, 67]
1542810296728;[171, 0, 17, 255, 161, 74, 235, 97, 235, 1, 0, 39, 1, 0, 94, 1, 0, 243, 8, 168]
1542810297297;[171, 0, 17, 255, 161, 74, 235, 97, 235, 1, 0, 89, 1, 0, 57, 1, 0, 219, 9, 24]
1542810297317;[171, 0, 17, 255, 161, 74, 235, 97, 235, 1, 0, 86, 1, 0, 71, 1, 0, 222, 9, 18]
1542810297825;[171, 0, 17, 255, 161, 74, 235, 97, 235, 1, 0, 89, 1, 0, 65, 1, 0, 219, 8, 241]
1542810297826;[171, 0, 17, 255, 161, 74, 235, 97, 235, 1, 0, 89, 1, 0, 65, 1, 0, 220, 8, 188]
1542810297828;[171, 0, 17, 255, 161, 74, 235, 97, 235, 1, 0, 90, 1, 0, 65, 1, 0, 219, 8, 152]
1542810298276;[171, 0, 17, 255, 161, 74, 235, 97, 235, 1, 0, 89, 1, 0, 64, 1, 0, 220, 9, 108]
1542810298307;[171, 0, 17, 255, 161, 74, 235, 97, 237, 1, 0, 83, 1, 0, 72, 1, 0, 223, 12, 138]
1542810298347;[171, 0, 17, 255, 161, 74, 235, 97, 237, 1, 0, 80, 1, 0, 78, 1, 0, 220, 12, 66]
1542810300456;[171, 0, 17, 255, 161, 74, 235, 97, 238, 1, 0, 79, 1, 0, 76, 1, 0, 216, 12, 159]
1542810301075;[171, 0, 17, 255, 161, 74, 235, 97, 238, 1, 0, 78, 1, 0, 76, 1, 0, 220, 13, 106]
1542810301471;[171, 0, 17, 255, 161, 74, 235, 97, 238, 1, 0, 79, 1, 0, 82, 1, 0, 218, 13, 113]
1542810301482;[171, 0, 17, 255, 161, 74, 235, 97, 238, 1, 0, 76, 1, 0, 85, 1, 0, 216, 13, 5]
1542810301492;[171, 0, 17, 255, 161, 74, 235, 97, 238, 1, 0, 76, 1, 0, 80, 1, 0, 217, 12, 149]
1542810301502;[171, 0, 17, 255, 161, 74, 235, 97, 238, 1, 0, 75, 1, 0, 77, 1, 0, 218, 12, 44]
1542810302562;[171, 0, 17, 255, 161, 74, 235, 97, 238, 1, 0, 76, 1, 0, 78, 1, 0, 219, 11, 219]
1542810302837;[171, 0, 17, 255, 161, 74, 235, 97, 238, 1, 0, 78, 1, 0, 77, 1, 0, 218, 12, 171]
1542810303350;[171, 0, 4, 255, 132, 128, 97]
1542810303476;[171, 0, 17, 255, 161, 74, 235, 97, 238, 1, 0, 78, 1, 0, 78, 1, 0, 216, 13, 13]
1542810303499;[171, 0, 17, 255, 161, 74, 235, 97, 238, 1, 0, 78, 1, 0, 79, 1, 0, 218, 12, 224]
1542810303523;[171, 0, 17, 255, 161, 74, 235, 97, 239, 1, 0, 80, 1, 0, 77, 1, 0, 219, 12, 140]
1542810303731;[171, 0, 17, 255, 161, 74, 235, 97, 239, 1, 0, 80, 1, 0, 78, 1, 0, 220, 12, 54]
1542810304190;[171, 0, 17, 255, 161, 74, 235, 97, 239, 1, 0, 78, 1, 0, 78, 1, 0, 217, 11, 211]
1542810305422;[171, 0, 17, 255, 161, 74, 235, 97, 239, 1, 0, 77, 1, 0, 76, 1, 0, 220, 12, 142]
1542810305880;[171, 0, 17, 255, 161, 74, 235, 97, 239, 1, 0, 79, 1, 0, 77, 1, 0, 219, 13, 82]
1542810306307;[171, 0, 17, 255, 161, 74, 235, 97, 239, 1, 0, 81, 1, 0, 77, 1, 0, 217, 13, 73]
1542810306347;[171, 0, 17, 255, 161, 74, 235, 97, 239, 1, 0, 74, 1, 0, 81, 1, 0, 219, 13, 9]
1542810306571;[171, 0, 17, 255, 161, 74, 235, 97, 239, 1, 0, 70, 1, 0, 82, 1, 0, 218, 12, 200]
1542810306591;[171, 0, 4, 255, 132, 128, 97]
1542810306927;[171, 0, 17, 255, 161, 74, 235, 97, 239, 1, 0, 76, 1, 0, 81, 1, 0, 220, 12, 132]
1542810308525;[171, 0, 17, 255, 161, 74, 235, 97, 239, 1, 0, 67, 1, 0, 78, 1, 0, 216, 12, 85]
1542810308882;[171, 0, 17, 255, 161, 74, 235, 97, 240, 1, 0, 68, 1, 0, 78, 1, 0, 219, 13, 75]
1542810309127;[171, 0, 17, 255, 161, 74, 235, 97, 240, 1, 0, 63, 1, 0, 87, 1, 0, 220, 14, 85]
1542810309148;[171, 0, 17, 255, 161, 74, 235, 97, 240, 1, 0, 65, 1, 0, 89, 1, 0, 218, 14, 128]
1542810309895;[171, 0, 17, 255, 161, 74, 235, 97, 240, 1, 0, 66, 1, 0, 89, 1, 0, 220, 14, 74]
1542810310151;[171, 0, 17, 255, 161, 74, 235, 97, 240, 1, 0, 67, 1, 0, 86, 1, 0, 221, 14, 13]
1542810310152;[171, 0, 17, 255, 161, 74, 235, 97, 240, 1, 0, 64, 1, 0, 89, 1, 0, 219, 13, 182]
1542810310723;[171, 0, 17, 255, 161, 74, 235, 97, 240, 1, 0, 67, 1, 0, 86, 1, 0, 220, 13, 57]
1542810310781;[171, 0, 17, 255, 161, 74, 235, 97, 240, 1, 0, 66, 1, 0, 90, 1, 0, 218, 13, 46]
1542810313040;[171, 0, 4, 255, 132, 128, 97]
1542810313081;[171, 0, 17, 255, 161, 74, 235, 97, 240, 1, 0, 68, 1, 0, 81, 1, 0, 221, 14, 28]
1542810313356;[171, 0, 17, 255, 161, 74, 235, 97, 240, 1, 0, 66, 1, 0, 87, 1, 0, 215, 14, 23]
1542810313407;[171, 0, 17, 255, 161, 74, 235, 97, 241, 1, 0, 85, 1, 0, 85, 1, 0, 217, 13, 71]
1542810313834;[171, 0, 17, 255, 161, 74, 235, 97, 241, 1, 0, 77, 1, 0, 86, 1, 0, 219, 12, 151]
1542810313885;[171, 0, 17, 255, 161, 74, 235, 97, 241, 1, 0, 85, 1, 0, 96, 1, 0, 219, 11, 210]
1542810314466;[171, 0, 17, 255, 161, 74, 235, 97, 241, 1, 0, 93, 1, 0, 107, 1, 0, 216, 11, 38]
1542810314467;[171, 0, 17, 255, 161, 74, 235, 97, 241, 1, 0, 109, 1, 0, 103, 1, 0, 193, 11, 179]
1542810314468;[171, 0, 17, 255, 161, 74, 235, 97, 241, 1, 0, 121, 1, 0, 99, 1, 0, 196, 9, 218]
1542810314468;[171, 0, 17, 255, 161, 74, 235, 97, 241, 1, 1, 80, 1, 0, 75, 0, 0, 142, 7, 105]
1542810314470;[171, 0, 17, 255, 161, 74, 235, 97, 241, 1, 0, 152, 1, 0, 13, 1, 0, 51, 7, 148]
1542810314470;[171, 0, 4, 255, 132, 128, 96]
1542810314471;[171, 0, 17, 255, 161, 74, 235, 97, 241, 1, 0, 243, 1, 0, 70, 1, 0, 116, 7, 151]
1542810315974;[171, 0, 17, 255, 161, 74, 235, 97, 241, 1, 0, 214, 1, 0, 68, 1, 0, 93, 7, 124]
1542810316087;[171, 0, 17, 255, 161, 74, 235, 97, 242, 1, 0, 229, 1, 0, 25, 1, 0, 110, 8, 130]
1542810316170;[171, 0, 17, 255, 161, 74, 235, 97, 242, 1, 0, 219, 0, 0, 34, 1, 1, 0, 9, 156]
1542810316180;[171, 0, 17, 255, 161, 74, 235, 97, 242, 1, 0, 226, 0, 0, 0, 1, 0, 127, 9, 214]
1542810316201;[171, 0, 17, 255, 161, 74, 235, 97, 242, 1, 0, 235, 0, 0, 26, 1, 0, 164, 9, 172]
1542810316669;[171, 0, 17, 255, 161, 74, 235, 97, 242, 1, 0, 147, 0, 0, 80, 1, 0, 178, 9, 30]
1542810316742;[171, 0, 17, 255, 161, 74, 235, 97, 242, 1, 0, 101, 0, 0, 111, 1, 0, 173, 8, 80]
1542810318147;[171, 0, 17, 255, 161, 74, 235, 97, 242, 1, 0, 60, 0, 0, 171, 1, 0, 169, 8, 127]
1542810318170;[171, 0, 17, 255, 161, 74, 235, 97, 242, 1, 0, 26, 0, 0, 197, 1, 0, 167, 9, 37]
1542810318218;[171, 0, 4, 255, 132, 128, 96]
1542810318376;[171, 0, 17, 255, 161, 74, 235, 97, 242, 0, 0, 107, 0, 0, 222, 1, 0, 156, 8, 229]
1542810318378;[171, 0, 17, 255, 161, 74, 235, 97, 242, 0, 0, 10, 0, 0, 213, 1, 0, 160, 8, 6]
1542810318379;[171, 0, 17, 255, 161, 74, 235, 97, 243, 1, 0, 10, 0, 0, 209, 1, 0, 121, 7, 98]
1542810318380;[171, 0, 17, 255, 161, 74, 235, 97, 243, 1, 0, 11, 0, 0, 214, 1, 0, 101, 6, 206]
1542810318423;[171, 0, 17, 255, 161, 74, 235, 97, 243, 1, 0, 39, 0, 0, 133, 1, 0, 66, 6, 201]
1542810319015;[171, 0, 17, 255, 161, 74, 235, 97, 243, 1, 0, 140, 0, 0, 67, 1, 0, 87, 9, 77]
1542810319036;[171, 0, 17, 255, 161, 74, 235, 97, 243, 1, 0, 225, 0, 0, 79, 1, 0, 128, 10, 184]
1542810319066;[171, 0, 17, 255, 161, 74, 235, 97, 243, 1, 0, 220, 0, 0, 120, 1, 0, 121, 12, 21]
1542810319975;[171, 0, 17, 255, 161, 74, 235, 97, 243, 1, 0, 211, 0, 0, 107, 1, 0, 121, 12, 226]
1542810320870;[171, 0, 17, 255, 161, 74, 235, 97, 243, 1, 0, 188, 0, 0, 97, 1, 0, 132, 13, 107]
1542810321163;[171, 0, 4, 255, 132, 128, 96]
1542810321327;[171, 0, 17, 255, 161, 74, 235, 97, 243, 1, 0, 232, 0, 0, 91, 1, 0, 136, 13, 220]
1542810321337;[171, 0, 17, 255, 161, 74, 235, 97, 243, 1, 0, 197, 0, 0, 67, 1, 0, 129, 15, 13]
1542810321561;[171, 0, 17, 255, 161, 74, 235, 97, 244, 1, 0, 203, 0, 0, 99, 1, 0, 136, 31, 255]
1542810321582;[171, 0, 17, 255, 161, 74, 235, 97, 244, 1, 0, 197, 0, 0, 91, 1, 0, 138, 9, 103]
1542810322092;[171, 0, 17, 255, 161, 74, 235, 97, 244, 1, 0, 188, 0, 0, 95, 1, 0, 138, 9, 186]
1542810323167;[171, 0, 17, 255, 161, 74, 235, 97, 244, 1, 0, 190, 0, 0, 98, 1, 0, 133, 9, 254]
1542810323269;[171, 0, 17, 255, 161, 74, 235, 97, 244, 1, 0, 195, 0, 0, 101, 1, 0, 137, 9, 219]
1542810323290;[171, 0, 17, 255, 161, 74, 235, 97, 244, 1, 0, 185, 0, 0, 89, 1, 0, 135, 10, 75]
1542810323362;[171, 0, 17, 255, 161, 74, 235, 97, 244, 1, 0, 200, 0, 0, 95, 1, 0, 139, 10, 133]
1542810323720;[171, 0, 17, 255, 161, 74, 235, 97, 244, 1, 0, 194, 0, 0, 92, 1, 0, 137, 10, 19]
1542810323721;[171, 0, 4, 255, 132, 128, 95]
1542810323722;[171, 0, 17, 255, 161, 74, 235, 97, 244, 1, 0, 191, 0, 0, 92, 1, 0, 138, 9, 176]
1542810323724;[171, 0, 17, 255, 161, 74, 235, 97, 244, 1, 0, 191, 0, 0, 92, 1, 0, 142, 9, 54]
1542810324230;[171, 0, 17, 255, 161, 74, 235, 97, 245, 1, 0, 193, 0, 0, 91, 1, 0, 138, 8, 201]
1542810324250;[171, 0, 17, 255, 161, 74, 235, 97, 245, 1, 0, 190, 0, 0, 92, 1, 0, 143, 8, 193]
1542810324271;[171, 0, 17, 255, 161, 74, 235, 97, 245, 1, 0, 190, 0, 0, 93, 1, 0, 145, 9, 176]
1542810324654;[171, 0, 17, 255, 161, 74, 235, 97, 245, 1, 0, 188, 0, 0, 90, 1, 0, 142, 9, 172]
1542810325110;[171, 0, 17, 255, 161, 74, 235, 97, 245, 1, 0, 191, 0, 0, 93, 1, 0, 142, 9, 90]
1542810325172;[171, 0, 17, 255, 161, 74, 235, 97, 245, 1, 0, 190, 0, 0, 93, 1, 0, 145, 8, 212]
1542810325199;[171, 0, 17, 255, 161, 74, 235, 97, 245, 1, 0, 190, 0, 0, 94, 1, 0, 145, 8, 101]
1542810325315;[171, 0, 17, 255, 161, 74, 235, 97, 245, 1, 0, 190, 0, 0, 93, 1, 0, 143, 8, 34]
1542810325442;[171, 0, 4, 255, 132, 128, 95]
1542810325478;[171, 0, 17, 255, 161, 74, 235, 97, 245, 1, 0, 185, 0, 0, 91, 1, 0, 143, 9, 4]
1542810325592;[171, 0, 17, 255, 161, 74, 235, 97, 245, 1, 0, 193, 0, 0, 94, 1, 0, 143, 9, 64]
1542810326073;[171, 0, 17, 255, 161, 74, 235, 97, 246, 1, 0, 190, 0, 0, 91, 1, 0, 145, 8, 221]
1542810326207;[171, 0, 17, 255, 161, 74, 235, 97, 246, 1, 0, 193, 0, 0, 91, 1, 0, 144, 8, 138]
1542810327603;[171, 0, 17, 255, 161, 74, 235, 97, 246, 1, 0, 190, 0, 0, 92, 1, 0, 143, 8, 63]
1542810327634;[171, 0, 17, 255, 161, 74, 235, 97, 246, 1, 0, 192, 0, 0, 89, 1, 0, 139, 8, 12]
1542810329180;[171, 0, 17, 255, 161, 74, 235, 97, 246, 1, 0, 190, 0, 0, 99, 1, 0, 141, 9, 61]
1542810329181;[171, 0, 17, 255, 161, 74, 235, 97, 246, 1, 0, 190, 0, 0, 93, 1, 0, 140, 9, 182]
1542810329182;[171, 0, 17, 255, 161, 74, 235, 97, 246, 1, 0, 196, 0, 0, 91, 1, 0, 140, 9, 169]
1542810329184;[171, 0, 17, 255, 161, 74, 235, 97, 246, 1, 0, 193, 0, 0, 94, 1, 0, 140, 9, 27]
1542810329184;[171, 0, 4, 255, 132, 128, 94]
1542810329524;[171, 0, 17, 255, 161, 74, 235, 97, 246, 1, 0, 191, 0, 0, 88, 1, 0, 138, 8, 159]
1542810330488;[171, 0, 17, 255, 161, 74, 235, 97, 246, 1, 0, 201, 0, 0, 102, 1, 0, 137, 8, 135]
1542810330508;[171, 0, 17, 255, 161, 74, 235, 97, 247, 1, 0, 193, 0, 0, 92, 1, 0, 137, 8, 84]
1542810330754;[171, 0, 17, 255, 161, 74, 235, 97, 247, 1, 0, 196, 0, 0, 90, 1, 0, 139, 9, 57]
1542810331886;[171, 0, 17, 255, 161, 74, 235, 97, 247, 1, 0, 193, 0, 0, 94, 1, 0, 139, 9, 242]
1542810332596;[171, 0, 17, 255, 161, 74, 235, 97, 247, 1, 0, 195, 0, 0, 85, 1, 0, 140, 9, 196]
1542810332688;[171, 0, 17, 255, 161, 74, 235, 97, 247, 1, 0, 194, 0, 0, 98, 1, 0, 136, 9, 177]
1542810332711;[171, 0, 17, 255, 161, 74, 235, 97, 247, 1, 0, 196, 0, 0, 90, 1, 0, 138, 9, 73]
1542810333049;[171, 0, 17, 255, 161, 74, 235, 97, 247, 1, 0, 193, 0, 0, 94, 1, 0, 135, 9, 39]
1542810333131;[171, 0, 17, 255, 161, 74, 235, 97, 247, 1, 0, 194, 0, 0, 94, 1, 0, 137, 9, 209]
1542810333172;[171, 0, 4, 255, 132, 128, 94]
1542810333285;[171, 0, 17, 255, 161, 74, 235, 97, 247, 1, 0, 197, 0, 0, 100, 1, 0, 137, 10, 34]
1542810334638;[171, 0, 17, 255, 161, 74, 235, 97, 247, 1, 0, 192, 0, 0, 97, 1, 0, 137, 9, 234]
1542810334639;[171, 0, 17, 255, 161, 74, 235, 97, 248, 1, 0, 189, 0, 0, 101, 1, 0, 138, 9, 1]
1542810334639;[171, 0, 17, 255, 161, 74, 235, 97, 248, 1, 0, 193, 0, 0, 87, 1, 0, 137, 7, 5]
1542810334640;[171, 0, 17, 255, 161, 74, 235, 97, 248, 1, 0, 193, 0, 0, 91, 1, 0, 137, 6, 134]
1542810334642;[171, 0, 17, 255, 161, 74, 235, 97, 248, 1, 0, 191, 0, 0, 92, 1, 0, 144, 6, 249]
1542810334642;[171, 0, 17, 255, 161, 74, 235, 97, 248, 1, 0, 189, 0, 0, 92, 1, 0, 142, 7, 150]
1542810334643;[171, 0, 17, 255, 161, 74, 235, 97, 248, 1, 0, 192, 0, 0, 91, 1, 0, 142, 7, 240]
1542810334975;[171, 0, 17, 255, 161, 74, 235, 97, 248, 1, 0, 188, 0, 0, 90, 1, 0, 144, 8, 33]
1542810335027;[171, 0, 17, 255, 161, 74, 235, 97, 248, 1, 0, 191, 0, 0, 103, 1, 0, 144, 8, 68]
1542810335160;[171, 0, 4, 255, 132, 128, 94]
1542810336793;[171, 0, 17, 255, 161, 74, 235, 97, 248, 1, 0, 198, 0, 0, 91, 1, 0, 145, 7, 77]
1542810336824;[171, 0, 17, 255, 161, 74, 235, 97, 248, 1, 0, 186, 0, 0, 86, 1, 0, 140, 5, 219]
1542810336906;[171, 0, 17, 255, 161, 74, 235, 97, 249, 1, 0, 191, 0, 0, 93, 1, 0, 140, 6, 6]
1542810337918;[171, 0, 17, 255, 161, 74, 235, 97, 249, 1, 0, 190, 0, 0, 89, 1, 0, 144, 6, 29]
1542810337969;[171, 0, 17, 255, 161, 74, 235, 97, 249, 1, 0, 187, 0, 0, 93, 1, 0, 147, 6, 3]
1542810337970;[171, 0, 17, 255, 161, 74, 235, 97, 249, 1, 0, 188, 0, 0, 93, 1, 0, 147, 5, 145]
1542810337970;[171, 0, 17, 255, 161, 74, 235, 97, 249, 1, 0, 186, 0, 0, 87, 1, 0, 145, 5, 108]
1542810337971;[171, 0, 17, 255, 161, 74, 235, 97, 249, 1, 0, 178, 0, 0, 90, 1, 0, 150, 5, 6]
1542810338250;[171, 0, 17, 255, 161, 74, 235, 97, 249, 1, 0, 196, 0, 0, 96, 1, 0, 134, 6, 241]
1542810339043;[171, 0, 17, 255, 161, 74, 235, 97, 249, 1, 0, 205, 0, 0, 105, 1, 0, 145, 7, 212]
1542810339044;[171, 0, 4, 255, 132, 128, 94]
1542810339589;[171, 0, 17, 255, 161, 74, 235, 97, 249, 1, 0, 184, 0, 0, 90, 1, 0, 144, 7, 178]
1542810339592;[171, 0, 17, 255, 161, 74, 235, 97, 249, 1, 0, 205, 0, 0, 100, 1, 0, 143, 7, 21]
1542810339593;[171, 0, 17, 255, 161, 74, 235, 97, 250, 1, 0, 192, 0, 0, 88, 1, 0, 140, 6, 117]
1542810339766;[171, 0, 17, 255, 161, 74, 235, 97, 250, 1, 0, 194, 0, 0, 97, 1, 0, 140, 6, 138]
1542810339882;[171, 0, 17, 255, 161, 74, 235, 97, 250, 1, 0, 193, 0, 0, 95, 1, 0, 139, 7, 24]
1542810339905;[171, 0, 17, 255, 161, 74, 235, 97, 250, 1, 0, 191, 0, 0, 97, 1, 0, 141, 8, 92]
1542810339952;[171, 0, 17, 255, 161, 74, 235, 97, 250, 1, 0, 190, 0, 0, 90, 1, 0, 137, 9, 41]
1542810340079;[171, 0, 17, 255, 161, 74, 235, 97, 250, 1, 0, 197, 0, 0, 105, 1, 0, 145, 9, 17]
1542810340109;[171, 0, 17, 255, 161, 74, 235, 97, 250, 1, 0, 186, 0, 0, 100, 1, 0, 139, 8, 163]
1542810340130;[171, 0, 17, 255, 161, 74, 235, 97, 250, 1, 0, 200, 0, 0, 86, 1, 0, 132, 8, 45]
1542810340459;[171, 0, 4, 255, 132, 128, 93]
1542810340490;[171, 0, 17, 255, 161, 74, 235, 97, 250, 1, 0, 188, 0, 0, 105, 1, 0, 135, 7, 249]
1542810341755;[171, 0, 17, 255, 161, 74, 235, 97, 250, 1, 0, 199, 0, 0, 88, 1, 0, 140, 8, 102]
1542810341776;[171, 0, 17, 255, 161, 74, 235, 97, 251, 1, 0, 179, 0, 0, 94, 1, 0, 142, 8, 153]
1542810341796;[171, 0, 17, 255, 161, 74, 235, 97, 251, 1, 0, 236, 0, 0, 81, 1, 0, 135, 6, 176]
1542810342355;[171, 0, 17, 255, 161, 74, 235, 97, 251, 1, 0, 215, 0, 0, 46, 1, 0, 137, 4, 140]
1542810342798;[171, 0, 17, 255, 161, 74, 235, 97, 251, 1, 0, 189, 0, 0, 80, 1, 0, 145, 4, 4]
1542810342829;[171, 0, 17, 255, 161, 74, 235, 97, 251, 1, 0, 185, 0, 0, 80, 1, 0, 149, 3, 46]
1542810342880;[171, 0, 17, 255, 161, 74, 235, 97, 251, 1, 0, 185, 0, 0, 69, 1, 0, 153, 2, 90]
1542810344231;[171, 0, 17, 255, 161, 74, 235, 97, 251, 1, 0, 79, 0, 0, 53, 1, 0, 160, 1, 200]
1542810344285;[171, 0, 17, 255, 161, 74, 235, 97, 251, 1, 0, 151, 1, 0, 21, 1, 0, 111, 1, 140]
1542810344573;[171, 0, 4, 255, 132, 128, 93]
1542810344677;[171, 0, 17, 255, 161, 74, 235, 97, 251, 1, 0, 254, 1, 0, 14, 1, 0, 81, 16, 117]
1542810344687;[171, 0, 17, 255, 161, 74, 235, 97, 251, 0, 0, 34, 1, 0, 34, 1, 2, 81, 7, 208]
1542810344708;[171, 0, 17, 255, 161, 74, 235, 98, 0, 1, 0, 207, 1, 0, 46, 1, 0, 196, 7, 208]
1542810345670;[171, 0, 17, 255, 161, 74, 235, 98, 0, 1, 0, 138, 1, 0, 60, 1, 0, 200, 7, 235]
1542810346578;[171, 0, 17, 255, 161, 74, 235, 98, 0, 1, 0, 128, 1, 0, 57, 1, 0, 198, 8, 168]
1542810346599;[171, 0, 17, 255, 161, 74, 235, 98, 0, 1, 0, 129, 1, 0, 59, 1, 0, 202, 9, 243]
1542810346703;[171, 0, 17, 255, 161, 74, 235, 98, 0, 1, 0, 128, 1, 0, 53, 1, 0, 203, 10, 68]
1542810346703;[171, 0, 17, 255, 161, 74, 235, 98, 0, 1, 0, 114, 1, 0, 40, 1, 0, 210, 11, 118]
1542810347330;[171, 0, 17, 255, 161, 74, 235, 98, 0, 1, 0, 106, 1, 0, 69, 1, 0, 200, 11, 40]
1542810347330;[171, 0, 17, 255, 161, 74, 235, 98, 0, 1, 0, 99, 1, 0, 77, 1, 0, 203, 10, 163]
1542810347331;[171, 0, 4, 255, 132, 128, 93]
1542810347603;[171, 0, 17, 255, 161, 74, 235, 98, 0, 1, 0, 105, 1, 0, 62, 1, 0, 234, 10, 223]
1542810347624;[171, 0, 17, 255, 161, 74, 235, 98, 0, 1, 0, 94, 1, 0, 129, 1, 0, 181, 11, 210]
1542810350918;[171, 0, 17, 255, 161, 74, 235, 98, 1, 1, 0, 114, 1, 0, 185, 1, 0, 144, 13, 116]
1542810351135;[171, 0, 17, 255, 161, 74, 235, 98, 1, 1, 0, 111, 1, 0, 181, 1, 0, 117, 13, 146]
1542810354084;[171, 0, 17, 255, 161, 74, 235, 98, 1, 1, 0, 194, 0, 0, 1, 1, 0, 105, 12, 56]
1542810354167;[171, 0, 17, 255, 161, 74, 235, 98, 3, 1, 0, 104, 1, 0, 230, 0, 0, 49, 14, 227]
1542810354749;[171, 0, 17, 255, 161, 74, 235, 98, 3, 1, 0, 118, 1, 0, 215, 0, 0, 19, 14, 227]
1542810355007;[171, 0, 17, 255, 161, 74, 235, 98, 3, 1, 0, 117, 1, 0, 226, 0, 0, 11, 14, 203]
1542810355028;[171, 0, 4, 255, 132, 128, 93]
1542810355275;[171, 0, 17, 255, 161, 74, 235, 98, 3, 1, 0, 111, 1, 0, 216, 0, 0, 4, 14, 153]
1542810355368;[171, 0, 17, 255, 161, 74, 235, 98, 3, 1, 0, 114, 1, 0, 220, 1, 0, 2, 14, 39]
1542810355601;[171, 0, 17, 255, 161, 74, 235, 98, 4, 1, 0, 113, 1, 0, 220, 0, 0, 11, 14, 125]
1542810357078;[171, 0, 17, 255, 161, 74, 235, 98, 4, 1, 0, 123, 1, 0, 219, 0, 0, 7, 15, 48]
1542810357243;[171, 0, 17, 255, 161, 74, 235, 98, 4, 1, 0, 105, 1, 0, 228, 0, 0, 33, 31, 127]
1542810357769;[171, 0, 17, 255, 161, 74, 235, 98, 4, 1, 0, 108, 1, 0, 222, 0, 0, 41, 7, 178]
1542810357770;[171, 0, 17, 255, 161, 74, 235, 98, 4, 1, 0, 105, 1, 0, 225, 0, 0, 38, 7, 126]
1542810358844;[171, 0, 17, 255, 161, 74, 235, 98, 4, 1, 0, 104, 1, 0, 225, 0, 0, 34, 7, 89]
1542810359238;[171, 0, 17, 255, 161, 74, 235, 98, 4, 1, 0, 104, 1, 0, 225, 0, 0, 28, 7, 156]
1542810359374;[171, 0, 17, 255, 161, 74, 235, 98, 4, 1, 0, 108, 1, 0, 220, 0, 0, 13, 8, 126]
1542810359384;[171, 0, 4, 255, 132, 128, 93]
1542810359910;[171, 0, 17, 255, 161, 74, 235, 98, 4, 1, 0, 112, 1, 0, 227, 0, 0, 5, 8, 150]
1542810359923;[171, 0, 17, 255, 161, 74, 235, 98, 4, 1, 0, 111, 1, 0, 229, 0, 0, 3, 8, 57]
1542810359923;[171, 0, 17, 255, 161, 74, 235, 98, 5, 1, 0, 116, 1, 0, 216, 1, 0, 42, 7, 188]
1542810359924;[171, 0, 17, 255, 161, 74, 235, 98, 5, 1, 0, 132, 1, 0, 198, 1, 0, 61, 7, 33]
1542810359925;[171, 0, 17, 255, 161, 74, 235, 98, 5, 1, 0, 120, 1, 0, 198, 1, 0, 59, 7, 19]
1542810360465;[171, 0, 17, 255, 161, 74, 235, 98, 5, 1, 0, 120, 1, 0, 207, 1, 0, 35, 7, 251]
1542810360991;[171, 0, 17, 255, 161, 74, 235, 98, 5, 1, 0, 121, 1, 0, 214, 1, 0, 11, 8, 64]
1542810361545;[171, 0, 17, 255, 161, 74, 235, 98, 5, 1, 0, 115, 1, 0, 227, 0, 0, 20, 8, 83]
1542810361579;[171, 0, 17, 255, 161, 74, 235, 98, 5, 1, 0, 115, 1, 0, 223, 0, 0, 42, 8, 105]
1542810361582;[171, 0, 17, 255, 161, 74, 235, 98, 5, 1, 0, 108, 1, 0, 224, 0, 0, 42, 8, 139]
1542810361582;[171, 0, 4, 255, 132, 128, 93]
1542810361583;[171, 0, 17, 255, 161, 74, 235, 98, 5, 1, 0, 109, 1, 0, 227, 0, 0, 32, 9, 27]
1542810361584;[171, 0, 17, 255, 161, 74, 235, 98, 5, 1, 0, 130, 1, 0, 218, 1, 0, 14, 9, 215]
1542810361766;[171, 0, 17, 255, 161, 74, 235, 98, 6, 1, 0, 125, 1, 0, 219, 1, 0, 6, 9, 238]
1542810363726;[171, 0, 17, 255, 161, 74, 235, 98, 6, 1, 0, 113, 1, 0, 216, 1, 0, 9, 9, 165]
1542810363799;[171, 0, 17, 255, 161, 74, 235, 98, 6, 1, 0, 118, 1, 0, 217, 0, 0, 0, 9, 105]
1542810363809;[171, 0, 17, 255, 161, 74, 235, 98, 6, 1, 0, 118, 1, 0, 214, 0, 0, 4, 9, 9]
1542810363871;[171, 0, 17, 255, 161, 74, 235, 98, 6, 1, 0, 114, 1, 0, 218, 0, 0, 14, 9, 111]
1542810364233;[171, 0, 17, 255, 161, 74, 235, 98, 6, 1, 0, 108, 1, 0, 215, 0, 0, 36, 10, 73]
1542810364348;[171, 0, 17, 255, 161, 74, 235, 98, 6, 1, 0, 104, 1, 0, 228, 0, 0, 51, 10, 118]
1542810364349;[171, 0, 17, 255, 161, 74, 235, 98, 8, 1, 0, 103, 1, 0, 220, 0, 0, 69, 10, 219]
1542810364350;[171, 0, 17, 255, 161, 74, 235, 98, 8, 1, 0, 101, 1, 0, 221, 0, 0, 70, 10, 252]
1542810364351;[171, 0, 17, 255, 161, 74, 235, 98, 9, 1, 0, 102, 1, 0, 222, 0, 0, 62, 11, 139]
1542810364902;[171, 0, 17, 255, 161, 74, 235, 98, 9, 1, 0, 105, 1, 0, 216, 0, 0, 61, 11, 162]
1542810365460;[171, 0, 17, 255, 161, 74, 235, 98, 9, 1, 0, 97, 1, 0, 216, 0, 0, 65, 11, 206]
1542810365513;[171, 0, 17, 255, 161, 74, 235, 98, 9, 1, 0, 98, 1, 0, 221, 0, 0, 49, 11, 168]
1542810365979;[171, 0, 17, 255, 161, 74, 235, 98, 9, 1, 0, 99, 1, 0, 221, 0, 0, 50, 11, 107]
1542810365999;[171, 0, 17, 255, 161, 74, 235, 98, 9, 1, 0, 101, 1, 0, 223, 0, 0, 51, 11, 57]
1542810367055;[171, 0, 17, 255, 161, 74, 235, 98, 9, 1, 0, 96, 1, 0, 226, 0, 0, 59, 12, 6]
1542810367588;[171, 0, 17, 255, 161, 74, 235, 98, 9, 1, 0, 96, 1, 0, 224, 0, 0, 59, 12, 99]
1542810367671;[171, 0, 4, 255, 132, 128, 94]
1542810367714;[171, 0, 17, 255, 161, 74, 235, 98, 9, 1, 0, 97, 1, 0, 228, 0, 0, 57, 12, 77]
1542810367745;[171, 0, 17, 255, 161, 74, 235, 98, 9, 1, 0, 99, 1, 0, 218, 0, 0, 57, 11, 254]
1542810368123;[171, 0, 17, 255, 161, 74, 235, 98, 10, 1, 0, 94, 1, 0, 220, 0, 0, 57, 11, 247]
1542810368123;[171, 0, 17, 255, 161, 74, 235, 98, 10, 1, 0, 92, 1, 0, 225, 0, 0, 61, 11, 209]
1542810368124;[171, 0, 17, 255, 161, 74, 235, 98, 10, 1, 0, 94, 1, 0, 227, 0, 0, 59, 11, 238]
1542810368124;[171, 0, 17, 255, 161, 74, 235, 98, 10, 1, 0, 95, 1, 0, 225, 0, 0, 61, 12, 151]
1542810368301;[171, 0, 17, 255, 161, 74, 235, 98, 10, 1, 0, 95, 1, 0, 225, 0, 0, 58, 12, 149]
1542810368721;[171, 0, 17, 255, 161, 74, 235, 98, 10, 1, 0, 98, 1, 0, 220, 0, 0, 59, 12, 84]
1542810368722;[171, 0, 17, 255, 161, 74, 235, 98, 10, 1, 0, 95, 1, 0, 223, 0, 0, 58, 12, 44]
1542810368723;[171, 0, 17, 255, 161, 74, 235, 98, 10, 1, 0, 93, 1, 0, 224, 0, 0, 55, 12, 22]
1542810368724;[171, 0, 4, 255, 132, 128, 94]
1542810368726;[171, 0, 17, 255, 161, 74, 235, 98, 10, 1, 0, 93, 1, 0, 224, 0, 0, 60, 12, 11]
1542810368843;[171, 0, 17, 255, 161, 74, 235, 98, 10, 1, 0, 94, 1, 0, 227, 0, 0, 62, 11, 244]
1542810369082;[171, 0, 17, 255, 161, 74, 235, 98, 11, 1, 0, 94, 1, 0, 224, 0, 0, 61, 12, 124]
1542810369321;[171, 0, 17, 255, 161, 74, 235, 98, 11, 1, 0, 96, 1, 0, 221, 0, 0, 60, 12, 182]
1542810369323;[171, 0, 17, 255, 161, 74, 235, 98, 11, 1, 0, 95, 1, 0, 220, 0, 0, 61, 12, 135]
1542810369323;[171, 0, 17, 255, 161, 74, 235, 98, 11, 1, 0, 97, 1, 0, 223, 0, 0, 70, 12, 111]
1542810369348;[171, 0, 17, 255, 161, 74, 235, 98, 11, 1, 0, 87, 1, 0, 228, 0, 0, 76, 12, 61]
1542810369710;[171, 0, 17, 255, 161, 74, 235, 98, 11, 1, 0, 97, 1, 0, 220, 0, 0, 74, 11, 220]
1542810369907;[171, 0, 17, 255, 161, 74, 235, 98, 11, 1, 0, 99, 1, 0, 220, 0, 0, 71, 11, 126]
1542810370312;[171, 0, 17, 255, 161, 74, 235, 98, 11, 1, 0, 101, 1, 0, 225, 0, 0, 68, 11, 88]
1542810370810;[171, 0, 4, 255, 132, 128, 94]
1542810370986;[171, 0, 17, 255, 161, 74, 235, 98, 11, 1, 0, 103, 1, 0, 221, 0, 0, 63, 11, 195]
1542810371763;[171, 0, 17, 255, 161, 74, 235, 98, 11, 1, 0, 98, 1, 0, 218, 0, 0, 67, 11, 214]
1542810372586;[171, 0, 17, 255, 161, 74, 235, 98, 12, 1, 0, 100, 1, 0, 213, 0, 0, 66, 11, 120]
1542810372752;[171, 0, 17, 255, 161, 74, 235, 98, 12, 1, 0, 104, 1, 0, 199, 0, 0, 76, 11, 158]
1542810372773;[171, 0, 17, 255, 161, 74, 235, 98, 12, 1, 0, 109, 1, 0, 254, 0, 0, 110, 12, 7]
1542810373117;[171, 0, 17, 255, 161, 74, 235, 98, 12, 1, 0, 103, 1, 0, 184, 0, 0, 127, 10, 212]
1542810373356;[171, 0, 17, 255, 161, 74, 235, 98, 12, 1, 0, 104, 1, 0, 195, 0, 0, 121, 10, 22]
1542810373657;[171, 0, 17, 255, 161, 74, 235, 98, 12, 1, 0, 113, 1, 0, 205, 0, 0, 132, 10, 15]
1542810373667;[171, 0, 17, 255, 161, 74, 235, 98, 12, 1, 0, 107, 1, 0, 196, 0, 0, 130, 10, 69]
1542810373670;[171, 0, 17, 255, 161, 74, 235, 98, 12, 1, 0, 103, 1, 0, 196, 0, 0, 127, 10, 162]
1542810373671;[171, 0, 4, 255, 132, 128, 94]
1542810373995;[171, 0, 17, 255, 161, 74, 235, 98, 12, 1, 0, 105, 1, 0, 221, 0, 0, 131, 11, 9]
1542810374102;[171, 0, 17, 255, 161, 74, 235, 98, 12, 1, 0, 107, 1, 0, 199, 0, 0, 110, 11, 46]
1542810374237;[171, 0, 17, 255, 161, 74, 235, 98, 13, 1, 0, 120, 1, 0, 206, 0, 0, 85, 11, 41]
1542810374320;[171, 0, 17, 255, 161, 74, 235, 98, 13, 1, 0, 116, 1, 0, 202, 0, 0, 78, 11, 186]
1542810374352;[171, 0, 17, 255, 161, 74, 235, 98, 13, 1, 0, 122, 1, 0, 210, 0, 0, 67, 12, 145]
1542810374964;[171, 0, 17, 255, 161, 74, 235, 98, 13, 1, 0, 113, 1, 0, 210, 0, 0, 76, 12, 218]
1542810375339;[171, 0, 17, 255, 161, 74, 235, 98, 13, 1, 0, 114, 1, 0, 212, 0, 0, 68, 12, 214]
1542810375341;[171, 0, 17, 255, 161, 74, 235, 98, 13, 1, 0, 114, 1, 0, 216, 0, 0, 57, 12, 204]
1542810375341;[171, 0, 17, 255, 161, 74, 235, 98, 13, 1, 0, 127, 1, 0, 211, 0, 0, 48, 12, 183]
1542810375342;[171, 0, 17, 255, 161, 74, 235, 98, 13, 1, 0, 124, 1, 0, 210, 0, 0, 35, 12, 157]
1542810375561;[171, 0, 4, 255, 132, 128, 94]
1542810375926;[171, 0, 17, 255, 161, 74, 235, 98, 13, 1, 0, 140, 1, 0, 212, 0, 0, 54, 13, 8]
1542810375949;[171, 0, 17, 255, 161, 74, 235, 98, 13, 1, 0, 111, 1, 0, 212, 0, 0, 38, 13, 162]
1542810375952;[171, 0, 17, 255, 161, 74, 235, 98, 14, 1, 0, 119, 1, 0, 218, 1, 0, 9, 13, 58]
1542810375952;[171, 0, 17, 255, 161, 74, 235, 98, 14, 1, 0, 100, 1, 0, 222, 0, 0, 2, 12, 138]
1542810376002;[171, 0, 17, 255, 161, 74, 235, 98, 14, 1, 0, 107, 1, 0, 226, 0, 0, 6, 11, 243]
1542810376306;[171, 0, 17, 255, 161, 74, 235, 98, 14, 1, 0, 98, 1, 0, 246, 1, 0, 9, 11, 91]
1542810376620;[171, 0, 17, 255, 161, 74, 235, 98, 14, 1, 0, 83, 1, 0, 196, 1, 0, 19, 10, 237]
1542810377607;[171, 0, 17, 255, 161, 74, 235, 98, 14, 1, 0, 92, 1, 0, 252, 1, 0, 6, 11, 209]
1542810377669;[171, 0, 17, 255, 161, 74, 235, 98, 14, 1, 0, 157, 1, 0, 248, 1, 0, 35, 11, 150]
1542810377672;[171, 0, 17, 255, 161, 74, 235, 98, 14, 1, 0, 100, 1, 0, 186, 1, 0, 54, 10, 70]
1542810377672;[171, 0, 4, 255, 132, 128, 94]
1542810377673;[171, 0, 17, 255, 161, 74, 235, 98, 14, 1, 0, 115, 1, 0, 222, 0, 0, 10, 9, 247]
1542810377674;[171, 0, 17, 255, 161, 74, 235, 98, 14, 1, 0, 106, 1, 0, 231, 0, 0, 51, 9, 197]
1542810377675;[171, 0, 17, 255, 161, 74, 235, 98, 15, 1, 0, 111, 1, 0, 220, 0, 0, 52, 9, 68]
1542810378885;[171, 0, 17, 255, 161, 74, 235, 98, 15, 1, 0, 110, 1, 0, 218, 0, 0, 34, 9, 85]
1542810379257;[171, 0, 17, 255, 161, 74, 235, 98, 15, 1, 0, 107, 1, 0, 219, 0, 0, 28, 9, 191]
1542810379367;[171, 0, 17, 255, 161, 74, 235, 98, 15, 1, 0, 108, 1, 0, 220, 0, 0, 28, 9, 174]
1542810379367;[171, 0, 17, 255, 161, 74, 235, 98, 15, 1, 0, 110, 1, 0, 224, 0, 0, 32, 9, 121]
1542810379368;[171, 0, 17, 255, 161, 74, 235, 98, 15, 1, 0, 111, 1, 0, 222, 0, 0, 30, 9, 28]
1542810379370;[171, 0, 17, 255, 161, 74, 235, 98, 15, 1, 0, 105, 1, 0, 223, 0, 0, 27, 8, 199]
1542810379409;[171, 0, 17, 255, 161, 74, 235, 98, 15, 1, 0, 108, 1, 0, 224, 0, 0, 29, 8, 170]
1542810379885;[171, 0, 4, 255, 132, 128, 94]
1542810379941;[171, 0, 17, 255, 161, 74, 235, 98, 15, 1, 0, 106, 1, 0, 224, 0, 0, 29, 9, 77]
1542810379942;[171, 0, 17, 255, 161, 74, 235, 98, 15, 1, 0, 110, 1, 0, 222, 0, 0, 27, 9, 106]
1542810380514;[171, 0, 17, 255, 161, 74, 235, 98, 16, 1, 0, 111, 1, 0, 221, 0, 0, 27, 9, 44]
1542810380525;[171, 0, 17, 255, 161, 74, 235, 98, 16, 1, 0, 110, 1, 0, 222, 0, 0, 25, 8, 205]
1542810381334;[171, 0, 17, 255, 161, 74, 235, 98, 16, 1, 0, 110, 1, 0, 220, 0, 0, 26, 8, 116]
1542810381367;[171, 0, 17, 255, 161, 74, 235, 98, 16, 1, 0, 111, 1, 0, 220, 0, 0, 23, 8, 20]
1542810382557;[171, 0, 17, 255, 161, 74, 235, 98, 16, 1, 0, 113, 1, 0, 222, 0, 0, 24, 8, 48]
1542810382830;[171, 0, 17, 255, 161, 74, 235, 98, 16, 1, 0, 113, 1, 0, 221, 0, 0, 25, 8, 174]
1542810383180;[171, 0, 17, 255, 161, 74, 235, 98, 16, 1, 0, 112, 1, 0, 222, 0, 0, 22, 8, 151]
1542810384333;[171, 0, 17, 255, 161, 74, 235, 98, 16, 1, 0, 113, 1, 0, 220, 0, 0, 20, 8, 72]
1542810384519;[171, 0, 4, 255, 132, 128, 95]
1542810384677;[171, 0, 17, 255, 161, 74, 235, 98, 16, 1, 0, 117, 1, 0, 222, 0, 0, 18, 7, 249]
1542810384688;[171, 0, 17, 255, 161, 74, 235, 98, 16, 1, 0, 113, 1, 0, 222, 0, 0, 18, 7, 155]
1542810384753;[171, 0, 17, 255, 161, 74, 235, 98, 17, 1, 0, 112, 1, 0, 220, 0, 0, 19, 7, 114]
1542810385789;[171, 0, 17, 255, 161, 74, 235, 98, 17, 1, 0, 110, 1, 0, 221, 0, 0, 18, 7, 252]
1542810385855;[171, 0, 17, 255, 161, 74, 235, 98, 17, 1, 0, 110, 1, 0, 221, 0, 0, 18, 8, 34]
1542810386338;[171, 0, 17, 255, 161, 74, 235, 98, 17, 1, 0, 114, 1, 0, 219, 0, 0, 20, 7, 239]
1542810386339;[171, 0, 17, 255, 161, 74, 235, 98, 17, 1, 0, 112, 1, 0, 222, 0, 0, 21, 7, 163]
1542810386593;[171, 0, 17, 255, 161, 74, 235, 98, 17, 1, 0, 113, 1, 0, 221, 0, 0, 19, 7, 88]
1542810386996;[171, 0, 17, 255, 161, 74, 235, 98, 17, 1, 0, 115, 1, 0, 216, 0, 0, 16, 6, 244]
1542810387019;[171, 0, 17, 255, 161, 74, 235, 98, 17, 1, 0, 116, 1, 0, 219, 0, 0, 14, 7, 80]
1542810387489;[171, 0, 4, 255, 132, 128, 95]
1542810387761;[171, 0, 17, 255, 161, 74, 235, 98, 17, 1, 0, 114, 1, 0, 220, 0, 0, 16, 7, 202]
1542810388486;[171, 0, 17, 255, 161, 74, 235, 98, 17, 1, 0, 113, 1, 0, 223, 0, 0, 15, 7, 186]
1542810389012;[171, 0, 17, 255, 161, 74, 235, 98, 18, 1, 0, 109, 1, 0, 221, 0, 0, 15, 7, 114]
