1542726424110;[171, 0, 17, 255, 161, 74, 233, 114, 109, 1, 0, 159, 1, 0, 43, 1, 0, 187, 2, 19]
1542726424116;[171, 0, 17, 255, 161, 74, 233, 114, 109, 1, 0, 159, 1, 0, 43, 1, 0, 187, 2, 19]
1542726424118;[171, 0, 4, 255, 132, 128, 72]
1542726424120;[171, 0, 4, 255, 132, 128, 72]
1542726424125;[171, 0, 17, 255, 161, 74, 233, 114, 109, 1, 0, 156, 1, 0, 44, 1, 0, 187, 1, 244]
1542726424127;[171, 0, 17, 255, 161, 74, 233, 114, 109, 1, 0, 156, 1, 0, 44, 1, 0, 187, 1, 244]
1542726424129;[171, 0, 17, 255, 161, 74, 233, 114, 109, 1, 0, 158, 1, 0, 44, 1, 0, 187, 1, 205]
1542726424131;[171, 0, 17, 255, 161, 74, 233, 114, 109, 1, 0, 158, 1, 0, 44, 1, 0, 187, 1, 205]
1542726424142;[171, 0, 17, 255, 161, 74, 233, 114, 109, 1, 0, 159, 1, 0, 47, 1, 0, 189, 1, 166]
1542726424144;[171, 0, 17, 255, 161, 74, 233, 114, 109, 1, 0, 159, 1, 0, 47, 1, 0, 189, 1, 166]
1542726424178;[171, 0, 17, 255, 161, 74, 233, 114, 109, 1, 0, 158, 1, 0, 46, 1, 0, 188, 1, 108]
1542726424180;[171, 0, 17, 255, 161, 74, 233, 114, 109, 1, 0, 158, 1, 0, 46, 1, 0, 188, 1, 108]
1542726424182;[171, 0, 17, 255, 161, 74, 233, 114, 109, 1, 0, 160, 1, 0, 44, 1, 0, 188, 1, 77]
1542726424184;[171, 0, 17, 255, 161, 74, 233, 114, 109, 1, 0, 160, 1, 0, 44, 1, 0, 188, 1, 77]
1542726424185;[171, 0, 17, 255, 161, 74, 233, 114, 109, 1, 0, 157, 1, 0, 44, 1, 0, 188, 1, 153]
1542726424186;[171, 0, 17, 255, 161, 74, 233, 114, 109, 1, 0, 157, 1, 0, 44, 1, 0, 188, 1, 153]
1542726424187;[171, 0, 17, 255, 161, 74, 233, 114, 109, 1, 0, 159, 1, 0, 44, 1, 0, 187, 1, 253]
1542726424189;[171, 0, 17, 255, 161, 74, 233, 114, 109, 1, 0, 159, 1, 0, 44, 1, 0, 187, 1, 253]
1542726424192;[171, 0, 17, 255, 161, 74, 233, 114, 109, 1, 0, 158, 1, 0, 45, 1, 0, 186, 2, 19]
1542726424193;[171, 0, 17, 255, 161, 74, 233, 114, 109, 1, 0, 158, 1, 0, 45, 1, 0, 186, 2, 19]
1542726424195;[171, 0, 17, 255, 161, 74, 233, 114, 110, 1, 0, 159, 1, 0, 45, 1, 0, 188, 1, 237]
1542726424196;[171, 0, 17, 255, 161, 74, 233, 114, 110, 1, 0, 159, 1, 0, 45, 1, 0, 188, 1, 237]
1542726424197;[171, 0, 17, 255, 161, 74, 233, 114, 110, 1, 0, 159, 1, 0, 45, 1, 0, 188, 1, 209]
1542726424199;[171, 0, 17, 255, 161, 74, 233, 114, 110, 1, 0, 159, 1, 0, 45, 1, 0, 188, 1, 209]
1542726424203;[171, 0, 4, 255, 132, 128, 72]
1542726424205;[171, 0, 4, 255, 132, 128, 72]
1542726424207;[171, 0, 17, 255, 161, 74, 233, 114, 110, 1, 0, 159, 1, 0, 45, 1, 0, 187, 1, 170]
1542726424208;[171, 0, 17, 255, 161, 74, 233, 114, 110, 1, 0, 159, 1, 0, 45, 1, 0, 187, 1, 170]
1542726424213;[171, 0, 17, 255, 161, 74, 233, 114, 110, 1, 0, 157, 1, 0, 45, 1, 0, 187, 1, 116]
1542726424214;[171, 0, 17, 255, 161, 74, 233, 114, 110, 1, 0, 157, 1, 0, 45, 1, 0, 187, 1, 116]
1542726424215;[171, 0, 17, 255, 161, 74, 233, 114, 110, 1, 0, 160, 1, 0, 45, 1, 0, 188, 1, 66]
1542726424216;[171, 0, 17, 255, 161, 74, 233, 114, 110, 1, 0, 160, 1, 0, 45, 1, 0, 188, 1, 66]
1542726424217;[171, 0, 17, 255, 161, 74, 233, 114, 110, 1, 0, 160, 1, 0, 44, 1, 0, 188, 1, 62]
1542726424219;[171, 0, 17, 255, 161, 74, 233, 114, 110, 1, 0, 160, 1, 0, 44, 1, 0, 188, 1, 62]
1542726424227;[171, 0, 17, 255, 161, 74, 233, 114, 110, 1, 0, 157, 1, 0, 44, 1, 0, 186, 1, 162]
1542726424228;[171, 0, 17, 255, 161, 74, 233, 114, 110, 1, 0, 157, 1, 0, 44, 1, 0, 186, 1, 162]
1542726424229;[171, 0, 17, 255, 161, 74, 233, 114, 110, 1, 0, 161, 1, 0, 46, 1, 0, 188, 1, 215]
1542726424230;[171, 0, 17, 255, 161, 74, 233, 114, 110, 1, 0, 161, 1, 0, 46, 1, 0, 188, 1, 215]
1542726424231;[171, 0, 17, 255, 161, 74, 233, 114, 110, 1, 0, 156, 1, 0, 45, 1, 0, 187, 1, 206]
1542726424233;[171, 0, 17, 255, 161, 74, 233, 114, 110, 1, 0, 156, 1, 0, 45, 1, 0, 187, 1, 206]
1542726424234;[171, 0, 17, 255, 161, 74, 233, 114, 110, 1, 0, 158, 1, 0, 46, 1, 0, 187, 1, 175]
1542726424235;[171, 0, 17, 255, 161, 74, 233, 114, 110, 1, 0, 158, 1, 0, 46, 1, 0, 187, 1, 175]
1542726424337;[171, 0, 17, 255, 161, 74, 233, 114, 111, 1, 0, 158, 1, 0, 45, 1, 0, 188, 1, 142]
1542726424339;[171, 0, 17, 255, 161, 74, 233, 114, 111, 1, 0, 158, 1, 0, 45, 1, 0, 188, 1, 142]
1542726424341;[171, 0, 17, 255, 161, 74, 233, 114, 111, 1, 0, 158, 1, 0, 45, 1, 0, 187, 1, 90]
1542726424343;[171, 0, 17, 255, 161, 74, 233, 114, 111, 1, 0, 158, 1, 0, 45, 1, 0, 187, 1, 90]
1542726424345;[171, 0, 4, 255, 132, 128, 72]
1542726424347;[171, 0, 4, 255, 132, 128, 72]
1542726424509;[171, 0, 17, 255, 161, 74, 233, 114, 111, 1, 0, 156, 1, 0, 46, 1, 0, 185, 1, 43]
1542726424511;[171, 0, 17, 255, 161, 74, 233, 114, 111, 1, 0, 156, 1, 0, 46, 1, 0, 185, 1, 43]
1542726424513;[171, 0, 17, 255, 161, 74, 233, 114, 111, 1, 0, 158, 1, 0, 44, 1, 0, 188, 1, 17]
1542726424515;[171, 0, 17, 255, 161, 74, 233, 114, 111, 1, 0, 158, 1, 0, 44, 1, 0, 188, 1, 17]
1542726424682;[171, 0, 17, 255, 161, 74, 233, 114, 111, 1, 0, 159, 1, 0, 44, 1, 0, 189, 1, 98]
1542726424684;[171, 0, 17, 255, 161, 74, 233, 114, 111, 1, 0, 159, 1, 0, 44, 1, 0, 189, 1, 98]
1542726424686;[171, 0, 17, 255, 161, 74, 233, 114, 111, 1, 0, 158, 1, 0, 45, 1, 0, 188, 1, 178]
1542726424688;[171, 0, 17, 255, 161, 74, 233, 114, 111, 1, 0, 158, 1, 0, 45, 1, 0, 188, 1, 178]
1542726424854;[171, 0, 17, 255, 161, 74, 233, 114, 111, 1, 0, 158, 1, 0, 44, 1, 0, 189, 1, 175]
1542726424856;[171, 0, 17, 255, 161, 74, 233, 114, 111, 1, 0, 158, 1, 0, 44, 1, 0, 189, 1, 175]
1542726425026;[171, 0, 17, 255, 161, 74, 233, 114, 111, 1, 0, 158, 1, 0, 45, 1, 0, 188, 1, 159]
1542726425027;[171, 0, 17, 255, 161, 74, 233, 114, 111, 1, 0, 158, 1, 0, 45, 1, 0, 188, 1, 159]
1542726425374;[171, 0, 17, 255, 161, 74, 233, 114, 111, 1, 0, 160, 1, 0, 45, 1, 0, 188, 1, 119]
1542726425376;[171, 0, 17, 255, 161, 74, 233, 114, 111, 1, 0, 160, 1, 0, 45, 1, 0, 188, 1, 119]
1542726425379;[171, 0, 17, 255, 161, 74, 233, 114, 111, 1, 0, 156, 1, 0, 46, 1, 0, 187, 1, 85]
1542726425381;[171, 0, 17, 255, 161, 74, 233, 114, 111, 1, 0, 156, 1, 0, 46, 1, 0, 187, 1, 85]
1542726425382;[171, 0, 17, 255, 161, 74, 233, 114, 112, 1, 0, 160, 1, 0, 45, 1, 0, 188, 1, 45]
1542726425384;[171, 0, 17, 255, 161, 74, 233, 114, 112, 1, 0, 160, 1, 0, 45, 1, 0, 188, 1, 45]
1542726425386;[171, 0, 17, 255, 161, 74, 233, 114, 112, 1, 0, 156, 1, 0, 45, 1, 0, 187, 1, 47]
1542726425388;[171, 0, 17, 255, 161, 74, 233, 114, 112, 1, 0, 156, 1, 0, 45, 1, 0, 187, 1, 47]
1542726425544;[171, 0, 4, 255, 132, 128, 73]
1542726425547;[171, 0, 4, 255, 132, 128, 73]
1542726425549;[171, 0, 17, 255, 161, 74, 233, 114, 112, 1, 0, 157, 1, 0, 45, 1, 0, 188, 1, 152]
1542726425551;[171, 0, 17, 255, 161, 74, 233, 114, 112, 1, 0, 157, 1, 0, 45, 1, 0, 188, 1, 152]
1542726425719;[171, 0, 17, 255, 161, 74, 233, 114, 112, 1, 0, 158, 1, 0, 45, 1, 0, 187, 1, 208]
1542726425721;[171, 0, 17, 255, 161, 74, 233, 114, 112, 1, 0, 158, 1, 0, 45, 1, 0, 187, 1, 208]
1542726425723;[171, 0, 17, 255, 161, 74, 233, 114, 112, 1, 0, 157, 1, 0, 44, 1, 0, 188, 1, 202]
1542726425725;[171, 0, 17, 255, 161, 74, 233, 114, 112, 1, 0, 157, 1, 0, 44, 1, 0, 188, 1, 202]
1542726425889;[171, 0, 17, 255, 161, 74, 233, 114, 112, 1, 0, 159, 1, 0, 45, 1, 0, 188, 1, 168]
1542726425891;[171, 0, 17, 255, 161, 74, 233, 114, 112, 1, 0, 159, 1, 0, 45, 1, 0, 188, 1, 168]
1542726425894;[171, 0, 17, 255, 161, 74, 233, 114, 112, 1, 0, 159, 1, 0, 46, 1, 0, 187, 1, 134]
1542726425896;[171, 0, 17, 255, 161, 74, 233, 114, 112, 1, 0, 159, 1, 0, 46, 1, 0, 187, 1, 134]
1542726426062;[171, 0, 17, 255, 161, 74, 233, 114, 112, 1, 0, 159, 1, 0, 46, 1, 0, 187, 1, 91]
1542726426065;[171, 0, 17, 255, 161, 74, 233, 114, 112, 1, 0, 159, 1, 0, 46, 1, 0, 187, 1, 91]
1542726426066;[171, 0, 17, 255, 161, 74, 233, 114, 112, 1, 0, 158, 1, 0, 44, 1, 0, 187, 1, 39]
1542726426068;[171, 0, 17, 255, 161, 74, 233, 114, 112, 1, 0, 158, 1, 0, 44, 1, 0, 187, 1, 39]
1542726426234;[171, 0, 17, 255, 161, 74, 233, 114, 112, 1, 0, 159, 1, 0, 45, 1, 0, 185, 1, 13]
1542726426236;[171, 0, 17, 255, 161, 74, 233, 114, 112, 1, 0, 159, 1, 0, 45, 1, 0, 185, 1, 13]
1542726426753;[171, 0, 17, 255, 161, 74, 233, 114, 113, 1, 0, 158, 1, 0, 45, 1, 0, 187, 1, 72]
1542726426755;[171, 0, 17, 255, 161, 74, 233, 114, 113, 1, 0, 158, 1, 0, 45, 1, 0, 187, 1, 72]
1542726426758;[171, 0, 17, 255, 161, 74, 233, 114, 113, 1, 0, 157, 1, 0, 44, 1, 0, 187, 1, 179]
1542726426760;[171, 0, 17, 255, 161, 74, 233, 114, 113, 1, 0, 157, 1, 0, 44, 1, 0, 187, 1, 179]
1542726426764;[171, 0, 4, 255, 132, 128, 73]
1542726426766;[171, 0, 4, 255, 132, 128, 73]
1542726426768;[171, 0, 17, 255, 161, 74, 233, 114, 113, 1, 0, 159, 1, 0, 45, 1, 0, 187, 1, 207]
1542726426770;[171, 0, 17, 255, 161, 74, 233, 114, 113, 1, 0, 159, 1, 0, 45, 1, 0, 187, 1, 207]
1542726426926;[171, 0, 17, 255, 161, 74, 233, 114, 113, 1, 0, 156, 1, 0, 45, 1, 0, 187, 1, 184]
1542726426928;[171, 0, 17, 255, 161, 74, 233, 114, 113, 1, 0, 156, 1, 0, 45, 1, 0, 187, 1, 184]
1542726426931;[171, 0, 17, 255, 161, 74, 233, 114, 113, 1, 0, 160, 1, 0, 45, 1, 0, 188, 1, 151]
1542726426934;[171, 0, 17, 255, 161, 74, 233, 114, 113, 1, 0, 160, 1, 0, 45, 1, 0, 188, 1, 151]
1542726426935;[171, 0, 17, 255, 161, 74, 233, 114, 113, 1, 0, 157, 1, 0, 44, 1, 0, 189, 1, 114]
1542726426937;[171, 0, 17, 255, 161, 74, 233, 114, 113, 1, 0, 157, 1, 0, 44, 1, 0, 189, 1, 114]
1542726427094;[171, 0, 17, 255, 161, 74, 233, 114, 113, 1, 0, 161, 1, 0, 46, 1, 0, 187, 1, 67]
1542726427095;[171, 0, 17, 255, 161, 74, 233, 114, 113, 1, 0, 161, 1, 0, 46, 1, 0, 187, 1, 67]
1542726427096;[171, 0, 17, 255, 161, 74, 233, 114, 113, 1, 0, 160, 1, 0, 44, 1, 0, 186, 1, 13]
1542726427103;[171, 0, 17, 255, 161, 74, 233, 114, 113, 1, 0, 160, 1, 0, 44, 1, 0, 186, 1, 13]
1542726427442;[171, 0, 17, 255, 161, 74, 233, 114, 113, 1, 0, 159, 1, 0, 46, 1, 0, 187, 0, 233]
1542726427445;[171, 0, 17, 255, 161, 74, 233, 114, 113, 1, 0, 159, 1, 0, 46, 1, 0, 187, 0, 233]
1542726427446;[171, 0, 17, 255, 161, 74, 233, 114, 113, 1, 0, 159, 1, 0, 45, 1, 0, 188, 1, 35]
1542726427448;[171, 0, 17, 255, 161, 74, 233, 114, 113, 1, 0, 159, 1, 0, 45, 1, 0, 188, 1, 35]
1542726427452;[171, 0, 17, 255, 161, 74, 233, 114, 114, 1, 0, 159, 1, 0, 47, 1, 0, 187, 1, 126]
1542726427454;[171, 0, 17, 255, 161, 74, 233, 114, 114, 1, 0, 159, 1, 0, 47, 1, 0, 187, 1, 126]
1542726427961;[171, 0, 17, 255, 161, 74, 233, 114, 114, 1, 0, 157, 1, 0, 45, 1, 0, 187, 1, 155]
1542726427963;[171, 0, 17, 255, 161, 74, 233, 114, 114, 1, 0, 157, 1, 0, 45, 1, 0, 187, 1, 155]
1542726427966;[171, 0, 4, 255, 132, 128, 73]
1542726427969;[171, 0, 4, 255, 132, 128, 73]
1542726427973;[171, 0, 17, 255, 161, 74, 233, 114, 114, 1, 0, 159, 1, 0, 45, 1, 0, 187, 1, 136]
1542726427975;[171, 0, 17, 255, 161, 74, 233, 114, 114, 1, 0, 159, 1, 0, 45, 1, 0, 187, 1, 136]
1542726427977;[171, 0, 17, 255, 161, 74, 233, 114, 114, 1, 0, 159, 1, 0, 45, 1, 0, 188, 1, 112]
1542726427979;[171, 0, 17, 255, 161, 74, 233, 114, 114, 1, 0, 159, 1, 0, 45, 1, 0, 188, 1, 112]
1542726428133;[171, 0, 17, 255, 161, 74, 233, 114, 114, 1, 0, 159, 1, 0, 41, 1, 0, 188, 1, 77]
1542726428135;[171, 0, 17, 255, 161, 74, 233, 114, 114, 1, 0, 159, 1, 0, 41, 1, 0, 188, 1, 77]
1542726428138;[171, 0, 17, 255, 161, 74, 233, 114, 114, 1, 0, 161, 1, 0, 46, 1, 0, 188, 1, 48]
1542726428139;[171, 0, 17, 255, 161, 74, 233, 114, 114, 1, 0, 161, 1, 0, 46, 1, 0, 188, 1, 48]
1542726428141;[171, 0, 17, 255, 161, 74, 233, 114, 114, 1, 0, 158, 1, 0, 45, 1, 0, 187, 1, 11]
1542726428143;[171, 0, 17, 255, 161, 74, 233, 114, 114, 1, 0, 158, 1, 0, 45, 1, 0, 187, 1, 11]
1542726428309;[171, 0, 17, 255, 161, 74, 233, 114, 114, 1, 0, 157, 1, 0, 45, 1, 0, 186, 1, 67]
1542726428310;[171, 0, 17, 255, 161, 74, 233, 114, 114, 1, 0, 157, 1, 0, 45, 1, 0, 186, 1, 67]
1542726428312;[171, 0, 17, 255, 161, 74, 233, 114, 114, 1, 0, 159, 1, 0, 45, 1, 0, 187, 1, 162]
1542726428314;[171, 0, 17, 255, 161, 74, 233, 114, 114, 1, 0, 159, 1, 0, 45, 1, 0, 187, 1, 162]
1542726428477;[171, 0, 17, 255, 161, 74, 233, 114, 114, 1, 0, 157, 1, 0, 46, 1, 0, 187, 1, 208]
1542726428479;[171, 0, 17, 255, 161, 74, 233, 114, 114, 1, 0, 157, 1, 0, 46, 1, 0, 187, 1, 208]
1542726428481;[171, 0, 17, 255, 161, 74, 233, 114, 115, 1, 0, 158, 1, 0, 46, 1, 0, 188, 1, 178]
1542726428483;[171, 0, 17, 255, 161, 74, 233, 114, 115, 1, 0, 158, 1, 0, 46, 1, 0, 188, 1, 178]
1542726428649;[171, 0, 17, 255, 161, 74, 233, 114, 115, 1, 0, 158, 1, 0, 44, 1, 0, 187, 1, 143]
1542726428651;[171, 0, 17, 255, 161, 74, 233, 114, 115, 1, 0, 158, 1, 0, 44, 1, 0, 187, 1, 143]
1542726428821;[171, 0, 4, 255, 132, 128, 73]
1542726428824;[171, 0, 4, 255, 132, 128, 73]
1542726428826;[171, 0, 17, 255, 161, 74, 233, 114, 115, 1, 0, 156, 1, 0, 45, 1, 0, 188, 1, 105]
1542726428828;[171, 0, 17, 255, 161, 74, 233, 114, 115, 1, 0, 156, 1, 0, 45, 1, 0, 188, 1, 105]
1542726429341;[171, 0, 17, 255, 161, 74, 233, 114, 115, 1, 0, 158, 1, 0, 45, 1, 0, 188, 1, 63]
1542726429343;[171, 0, 17, 255, 161, 74, 233, 114, 115, 1, 0, 158, 1, 0, 45, 1, 0, 188, 1, 63]
1542726429346;[171, 0, 17, 255, 161, 74, 233, 114, 115, 1, 0, 157, 1, 0, 45, 1, 0, 188, 1, 20]
1542726429347;[171, 0, 17, 255, 161, 74, 233, 114, 115, 1, 0, 157, 1, 0, 45, 1, 0, 188, 1, 20]
1542726429350;[171, 0, 17, 255, 161, 74, 233, 114, 115, 1, 0, 159, 1, 0, 44, 1, 0, 187, 1, 35]
1542726429351;[171, 0, 17, 255, 161, 74, 233, 114, 115, 1, 0, 159, 1, 0, 44, 1, 0, 187, 1, 35]
1542726429353;[171, 0, 17, 255, 161, 74, 233, 114, 115, 1, 0, 157, 1, 0, 45, 1, 0, 187, 1, 148]
1542726429354;[171, 0, 17, 255, 161, 74, 233, 114, 115, 1, 0, 157, 1, 0, 45, 1, 0, 187, 1, 148]
1542726429512;[171, 0, 17, 255, 161, 74, 233, 114, 115, 1, 0, 158, 1, 0, 43, 1, 0, 188, 1, 205]
1542726429514;[171, 0, 17, 255, 161, 74, 233, 114, 115, 1, 0, 158, 1, 0, 43, 1, 0, 188, 1, 205]
1542726429687;[171, 0, 17, 255, 161, 74, 233, 114, 115, 1, 0, 159, 1, 0, 44, 1, 0, 186, 1, 193]
1542726429689;[171, 0, 17, 255, 161, 74, 233, 114, 115, 1, 0, 159, 1, 0, 44, 1, 0, 186, 1, 193]
1542726429691;[171, 0, 17, 255, 161, 74, 233, 114, 115, 1, 0, 156, 1, 0, 44, 1, 0, 188, 1, 169]
1542726429693;[171, 0, 17, 255, 161, 74, 233, 114, 115, 1, 0, 156, 1, 0, 44, 1, 0, 188, 1, 169]
1542726429696;[171, 0, 17, 255, 161, 74, 233, 114, 116, 1, 0, 158, 1, 0, 45, 1, 0, 189, 1, 132]
1542726429698;[171, 0, 17, 255, 161, 74, 233, 114, 116, 1, 0, 158, 1, 0, 45, 1, 0, 189, 1, 132]
1542726429700;[171, 0, 17, 255, 161, 74, 233, 114, 116, 1, 0, 157, 1, 0, 46, 1, 0, 188, 1, 89]
1542726429702;[171, 0, 17, 255, 161, 74, 233, 114, 116, 1, 0, 157, 1, 0, 46, 1, 0, 188, 1, 89]
1542726429857;[171, 0, 4, 255, 132, 128, 73]
1542726429859;[171, 0, 4, 255, 132, 128, 73]
1542726430029;[171, 0, 17, 255, 161, 74, 233, 114, 116, 1, 0, 157, 1, 0, 44, 1, 0, 188, 1, 43]
1542726430031;[171, 0, 17, 255, 161, 74, 233, 114, 116, 1, 0, 157, 1, 0, 44, 1, 0, 188, 1, 43]
1542726430034;[171, 0, 17, 255, 161, 74, 233, 114, 116, 1, 0, 158, 1, 0, 45, 1, 0, 186, 1, 2]
1542726430036;[171, 0, 17, 255, 161, 74, 233, 114, 116, 1, 0, 158, 1, 0, 45, 1, 0, 186, 1, 2]
1542726430549;[171, 0, 17, 255, 161, 74, 233, 114, 116, 1, 0, 159, 1, 0, 45, 1, 0, 187, 1, 39]
1542726430551;[171, 0, 17, 255, 161, 74, 233, 114, 116, 1, 0, 159, 1, 0, 45, 1, 0, 187, 1, 39]
1542726430554;[171, 0, 17, 255, 161, 74, 233, 114, 116, 1, 0, 157, 1, 0, 45, 1, 0, 189, 1, 138]
1542726430556;[171, 0, 17, 255, 161, 74, 233, 114, 116, 1, 0, 157, 1, 0, 45, 1, 0, 189, 1, 138]
1542726430558;[171, 0, 17, 255, 161, 74, 233, 114, 116, 1, 0, 157, 1, 0, 44, 1, 0, 188, 1, 184]
1542726430560;[171, 0, 17, 255, 161, 74, 233, 114, 116, 1, 0, 157, 1, 0, 44, 1, 0, 188, 1, 184]
1542726430562;[171, 0, 17, 255, 161, 74, 233, 114, 116, 1, 0, 160, 1, 0, 46, 1, 0, 187, 1, 167]
1542726430564;[171, 0, 17, 255, 161, 74, 233, 114, 116, 1, 0, 160, 1, 0, 46, 1, 0, 187, 1, 167]
1542726430721;[171, 0, 17, 255, 161, 74, 233, 114, 116, 1, 0, 159, 1, 0, 45, 1, 0, 188, 1, 127]
1542726430722;[171, 0, 17, 255, 161, 74, 233, 114, 116, 1, 0, 159, 1, 0, 45, 1, 0, 188, 1, 127]
1542726430726;[171, 0, 17, 255, 161, 74, 233, 114, 116, 1, 0, 158, 1, 0, 44, 1, 0, 186, 1, 92]
1542726430727;[171, 0, 17, 255, 161, 74, 233, 114, 116, 1, 0, 158, 1, 0, 44, 1, 0, 186, 1, 92]
1542726430729;[171, 0, 17, 255, 161, 74, 233, 114, 117, 1, 0, 158, 1, 0, 45, 1, 0, 188, 1, 52]
1542726430731;[171, 0, 17, 255, 161, 74, 233, 114, 117, 1, 0, 158, 1, 0, 45, 1, 0, 188, 1, 52]
1542726430893;[171, 0, 17, 255, 161, 74, 233, 114, 119, 1, 0, 157, 1, 0, 45, 1, 0, 187, 1, 121]
1542726430895;[171, 0, 17, 255, 161, 74, 233, 114, 119, 1, 0, 157, 1, 0, 45, 1, 0, 187, 1, 121]
1542726431064;[171, 0, 17, 255, 161, 74, 233, 114, 119, 1, 0, 160, 1, 0, 44, 1, 0, 188, 1, 88]
1542726431066;[171, 0, 17, 255, 161, 74, 233, 114, 119, 1, 0, 160, 1, 0, 44, 1, 0, 188, 1, 88]
1542726431237;[171, 0, 17, 255, 161, 74, 233, 114, 119, 1, 0, 157, 1, 0, 46, 1, 0, 188, 1, 44]
1542726431239;[171, 0, 17, 255, 161, 74, 233, 114, 119, 1, 0, 157, 1, 0, 46, 1, 0, 188, 1, 44]
1542726431242;[171, 0, 17, 255, 161, 74, 233, 114, 119, 1, 0, 158, 1, 0, 45, 1, 0, 187, 0, 245]
1542726431244;[171, 0, 17, 255, 161, 74, 233, 114, 119, 1, 0, 158, 1, 0, 45, 1, 0, 187, 0, 245]
1542726431755;[171, 0, 17, 255, 161, 74, 233, 114, 119, 1, 0, 157, 1, 0, 44, 1, 0, 187, 0, 204]
1542726431757;[171, 0, 17, 255, 161, 74, 233, 114, 119, 1, 0, 157, 1, 0, 44, 1, 0, 187, 0, 204]
1542726431759;[171, 0, 17, 255, 161, 74, 233, 114, 119, 1, 0, 159, 1, 0, 46, 1, 0, 187, 0, 215]
1542726431761;[171, 0, 17, 255, 161, 74, 233, 114, 119, 1, 0, 159, 1, 0, 46, 1, 0, 187, 0, 215]
1542726431764;[171, 0, 17, 255, 161, 74, 233, 114, 119, 1, 0, 158, 1, 0, 44, 1, 0, 186, 1, 62]
1542726431765;[171, 0, 17, 255, 161, 74, 233, 114, 119, 1, 0, 158, 1, 0, 44, 1, 0, 186, 1, 62]
1542726431768;[171, 0, 17, 255, 161, 74, 233, 114, 119, 1, 0, 156, 1, 0, 45, 1, 0, 187, 1, 90]
1542726431770;[171, 0, 17, 255, 161, 74, 233, 114, 119, 1, 0, 156, 1, 0, 45, 1, 0, 187, 1, 90]
1542726431926;[171, 0, 17, 255, 161, 74, 233, 114, 120, 1, 0, 160, 1, 0, 45, 1, 0, 189, 1, 72]
1542726431928;[171, 0, 17, 255, 161, 74, 233, 114, 120, 1, 0, 160, 1, 0, 45, 1, 0, 189, 1, 72]
1542726431930;[171, 0, 17, 255, 161, 74, 233, 114, 120, 1, 0, 158, 1, 0, 46, 1, 0, 187, 1, 48]
1542726431931;[171, 0, 17, 255, 161, 74, 233, 114, 120, 1, 0, 158, 1, 0, 46, 1, 0, 187, 1, 48]
1542726432100;[171, 0, 4, 255, 132, 128, 72]
1542726432103;[171, 0, 4, 255, 132, 128, 72]
1542726432106;[171, 0, 17, 255, 161, 74, 233, 114, 120, 1, 0, 159, 1, 0, 45, 1, 0, 188, 1, 0]
1542726432108;[171, 0, 17, 255, 161, 74, 233, 114, 120, 1, 0, 159, 1, 0, 45, 1, 0, 188, 1, 0]
1542726432110;[171, 0, 17, 255, 161, 74, 233, 114, 120, 1, 0, 157, 1, 0, 45, 1, 0, 188, 0, 210]
1542726432111;[171, 0, 17, 255, 161, 74, 233, 114, 120, 1, 0, 157, 1, 0, 45, 1, 0, 188, 0, 210]
1542726432272;[171, 0, 17, 255, 161, 74, 233, 114, 120, 1, 0, 159, 1, 0, 47, 1, 0, 188, 16, 170]
1542726432274;[171, 0, 17, 255, 161, 74, 233, 114, 120, 1, 0, 159, 1, 0, 47, 1, 0, 188, 16, 170]
1542726432276;[171, 0, 17, 255, 161, 74, 233, 114, 120, 1, 0, 158, 1, 0, 48, 1, 0, 187, 7, 236]
1542726432278;[171, 0, 17, 255, 161, 74, 233, 114, 120, 1, 0, 158, 1, 0, 48, 1, 0, 187, 7, 236]
1542726432445;[171, 0, 17, 255, 161, 74, 233, 114, 120, 1, 0, 156, 1, 0, 44, 1, 0, 187, 8, 68]
1542726432447;[171, 0, 17, 255, 161, 74, 233, 114, 120, 1, 0, 156, 1, 0, 44, 1, 0, 187, 8, 68]
1542726432617;[171, 0, 17, 255, 161, 74, 233, 114, 120, 1, 0, 158, 1, 0, 45, 1, 0, 187, 8, 93]
1542726432620;[171, 0, 17, 255, 161, 74, 233, 114, 120, 1, 0, 158, 1, 0, 45, 1, 0, 187, 8, 93]
1542726432622;[171, 0, 17, 255, 161, 74, 233, 114, 120, 1, 0, 160, 1, 0, 45, 1, 0, 188, 8, 72]
1542726432624;[171, 0, 17, 255, 161, 74, 233, 114, 120, 1, 0, 160, 1, 0, 45, 1, 0, 188, 8, 72]
1542726433136;[171, 0, 17, 255, 161, 74, 233, 114, 120, 1, 0, 158, 1, 0, 44, 1, 0, 188, 8, 42]
1542726433138;[171, 0, 17, 255, 161, 74, 233, 114, 120, 1, 0, 158, 1, 0, 44, 1, 0, 188, 8, 42]
1542726433140;[171, 0, 17, 255, 161, 74, 233, 114, 121, 1, 0, 159, 1, 0, 45, 1, 0, 187, 8, 1]
1542726433142;[171, 0, 17, 255, 161, 74, 233, 114, 121, 1, 0, 159, 1, 0, 45, 1, 0, 187, 8, 1]
1542726433145;[171, 0, 17, 255, 161, 74, 233, 114, 121, 1, 0, 159, 1, 0, 46, 1, 0, 187, 7, 206]
1542726433146;[171, 0, 17, 255, 161, 74, 233, 114, 121, 1, 0, 159, 1, 0, 46, 1, 0, 187, 7, 206]
1542726433149;[171, 0, 4, 255, 132, 128, 72]
1542726433152;[171, 0, 4, 255, 132, 128, 72]
1542726433307;[171, 0, 17, 255, 161, 74, 233, 114, 121, 1, 0, 158, 1, 0, 45, 1, 0, 188, 7, 163]
1542726433310;[171, 0, 17, 255, 161, 74, 233, 114, 121, 1, 0, 158, 1, 0, 45, 1, 0, 188, 7, 163]
1542726433312;[171, 0, 17, 255, 161, 74, 233, 114, 121, 1, 0, 158, 1, 0, 43, 1, 0, 187, 7, 215]
1542726433314;[171, 0, 17, 255, 161, 74, 233, 114, 121, 1, 0, 158, 1, 0, 43, 1, 0, 187, 7, 215]
1542726433319;[171, 0, 17, 255, 161, 74, 233, 114, 121, 1, 0, 158, 1, 0, 45, 1, 0, 187, 8, 55]
1542726433321;[171, 0, 17, 255, 161, 74, 233, 114, 121, 1, 0, 158, 1, 0, 45, 1, 0, 187, 8, 55]
1542726433480;[171, 0, 17, 255, 161, 74, 233, 114, 121, 1, 0, 157, 1, 0, 45, 1, 0, 187, 8, 80]
1542726433482;[171, 0, 17, 255, 161, 74, 233, 114, 121, 1, 0, 157, 1, 0, 45, 1, 0, 187, 8, 80]
1542726433484;[171, 0, 17, 255, 161, 74, 233, 114, 121, 1, 0, 159, 1, 0, 44, 1, 0, 187, 8, 52]
1542726433486;[171, 0, 17, 255, 161, 74, 233, 114, 121, 1, 0, 159, 1, 0, 44, 1, 0, 187, 8, 52]
1542726433652;[171, 0, 17, 255, 161, 74, 233, 114, 121, 1, 0, 158, 1, 0, 46, 1, 0, 188, 8, 21]
1542726433654;[171, 0, 17, 255, 161, 74, 233, 114, 121, 1, 0, 158, 1, 0, 46, 1, 0, 188, 8, 21]
1542726433825;[171, 0, 17, 255, 161, 74, 233, 114, 121, 1, 0, 159, 1, 0, 44, 1, 0, 188, 7, 242]
1542726433827;[171, 0, 17, 255, 161, 74, 233, 114, 121, 1, 0, 159, 1, 0, 44, 1, 0, 188, 7, 242]
1542726433830;[171, 0, 17, 255, 161, 74, 233, 114, 121, 1, 0, 157, 1, 0, 43, 1, 0, 188, 7, 197]
1542726433831;[171, 0, 17, 255, 161, 74, 233, 114, 121, 1, 0, 157, 1, 0, 43, 1, 0, 188, 7, 197]
1542726434344;[171, 0, 17, 255, 161, 74, 233, 114, 122, 1, 0, 158, 1, 0, 45, 1, 0, 188, 7, 151]
1542726434346;[171, 0, 17, 255, 161, 74, 233, 114, 122, 1, 0, 158, 1, 0, 45, 1, 0, 188, 7, 151]
1542726434348;[171, 0, 17, 255, 161, 74, 233, 114, 122, 1, 0, 160, 1, 0, 44, 1, 0, 188, 7, 134]
1542726434350;[171, 0, 17, 255, 161, 74, 233, 114, 122, 1, 0, 160, 1, 0, 44, 1, 0, 188, 7, 134]
1542726434352;[171, 0, 4, 255, 132, 128, 72]
1542726434355;[171, 0, 4, 255, 132, 128, 72]
1542726434357;[171, 0, 17, 255, 161, 74, 233, 114, 122, 1, 0, 159, 1, 0, 45, 1, 0, 188, 7, 244]
1542726434359;[171, 0, 17, 255, 161, 74, 233, 114, 122, 1, 0, 159, 1, 0, 45, 1, 0, 188, 7, 244]
1542726434514;[171, 0, 17, 255, 161, 74, 233, 114, 122, 1, 0, 160, 1, 0, 45, 1, 0, 188, 8, 55]
1542726434516;[171, 0, 17, 255, 161, 74, 233, 114, 122, 1, 0, 160, 1, 0, 45, 1, 0, 188, 8, 55]
1542726434519;[171, 0, 17, 255, 161, 74, 233, 114, 122, 1, 0, 157, 1, 0, 45, 1, 0, 188, 8, 59]
1542726434520;[171, 0, 17, 255, 161, 74, 233, 114, 122, 1, 0, 157, 1, 0, 45, 1, 0, 188, 8, 59]
1542726434689;[171, 0, 17, 255, 161, 74, 233, 114, 122, 1, 0, 156, 1, 0, 45, 1, 0, 188, 8, 36]
1542726434691;[171, 0, 17, 255, 161, 74, 233, 114, 122, 1, 0, 156, 1, 0, 45, 1, 0, 188, 8, 36]
1542726434694;[171, 0, 17, 255, 161, 74, 233, 114, 122, 1, 0, 158, 1, 0, 44, 1, 0, 189, 8, 5]
1542726434696;[171, 0, 17, 255, 161, 74, 233, 114, 122, 1, 0, 158, 1, 0, 44, 1, 0, 189, 8, 5]
1542726434698;[171, 0, 17, 255, 161, 74, 233, 114, 122, 1, 0, 158, 1, 0, 43, 1, 0, 188, 7, 216]
1542726434700;[171, 0, 17, 255, 161, 74, 233, 114, 122, 1, 0, 158, 1, 0, 43, 1, 0, 188, 7, 216]
1542726434903;[171, 0, 17, 255, 161, 74, 233, 114, 122, 1, 0, 158, 1, 0, 44, 1, 0, 187, 7, 164]
1542726434905;[171, 0, 17, 255, 161, 74, 233, 114, 122, 1, 0, 158, 1, 0, 44, 1, 0, 187, 7, 164]
1542726434908;[171, 0, 17, 255, 161, 74, 233, 114, 122, 1, 0, 159, 1, 0, 42, 1, 0, 187, 7, 119]
1542726434910;[171, 0, 17, 255, 161, 74, 233, 114, 122, 1, 0, 159, 1, 0, 42, 1, 0, 187, 7, 119]
1542726435031;[171, 0, 17, 255, 161, 74, 233, 114, 123, 1, 0, 158, 1, 0, 44, 1, 0, 186, 7, 142]
1542726435033;[171, 0, 17, 255, 161, 74, 233, 114, 123, 1, 0, 158, 1, 0, 44, 1, 0, 186, 7, 142]
1542726435205;[171, 0, 17, 255, 161, 74, 233, 114, 123, 1, 0, 156, 1, 0, 44, 1, 0, 190, 7, 249]
1542726435207;[171, 0, 17, 255, 161, 74, 233, 114, 123, 1, 0, 156, 1, 0, 44, 1, 0, 190, 7, 249]
1542726435210;[171, 0, 4, 255, 132, 128, 72]
1542726435212;[171, 0, 4, 255, 132, 128, 72]
1542726435724;[171, 0, 17, 255, 161, 74, 233, 114, 123, 1, 0, 162, 1, 0, 43, 1, 0, 188, 8, 39]
1542726435726;[171, 0, 17, 255, 161, 74, 233, 114, 123, 1, 0, 162, 1, 0, 43, 1, 0, 188, 8, 39]
1542726435728;[171, 0, 17, 255, 161, 74, 233, 114, 123, 1, 0, 157, 1, 0, 44, 1, 0, 187, 8, 34]
1542726435730;[171, 0, 17, 255, 161, 74, 233, 114, 123, 1, 0, 157, 1, 0, 44, 1, 0, 187, 8, 34]
1542726435732;[171, 0, 17, 255, 161, 74, 233, 114, 123, 1, 0, 158, 1, 0, 44, 1, 0, 187, 8, 11]
1542726435734;[171, 0, 17, 255, 161, 74, 233, 114, 123, 1, 0, 158, 1, 0, 44, 1, 0, 187, 8, 11]
1542726435737;[171, 0, 17, 255, 161, 74, 233, 114, 123, 1, 0, 159, 1, 0, 46, 1, 0, 186, 7, 243]
1542726435739;[171, 0, 17, 255, 161, 74, 233, 114, 123, 1, 0, 159, 1, 0, 46, 1, 0, 186, 7, 243]
1542726435895;[171, 0, 17, 255, 161, 74, 233, 114, 123, 1, 0, 156, 1, 0, 45, 1, 0, 188, 7, 211]
1542726435897;[171, 0, 17, 255, 161, 74, 233, 114, 123, 1, 0, 156, 1, 0, 45, 1, 0, 188, 7, 211]
1542726435902;[171, 0, 17, 255, 161, 74, 233, 114, 123, 1, 0, 157, 1, 0, 46, 1, 0, 186, 7, 176]
1542726435904;[171, 0, 17, 255, 161, 74, 233, 114, 123, 1, 0, 157, 1, 0, 46, 1, 0, 186, 7, 176]
1542726435906;[171, 0, 17, 255, 161, 74, 233, 114, 123, 1, 0, 159, 1, 0, 44, 1, 0, 188, 7, 234]
1542726435907;[171, 0, 17, 255, 161, 74, 233, 114, 123, 1, 0, 159, 1, 0, 44, 1, 0, 188, 7, 234]
1542726436066;[171, 0, 17, 255, 161, 74, 233, 114, 123, 1, 0, 157, 1, 0, 45, 1, 0, 188, 8, 103]
1542726436068;[171, 0, 17, 255, 161, 74, 233, 114, 123, 1, 0, 157, 1, 0, 45, 1, 0, 188, 8, 103]
1542726436071;[171, 0, 17, 255, 161, 74, 233, 114, 128, 1, 0, 160, 1, 0, 46, 1, 0, 187, 8, 133]
1542726436073;[171, 0, 17, 255, 161, 74, 233, 114, 128, 1, 0, 160, 1, 0, 46, 1, 0, 187, 8, 133]
1542726436239;[171, 0, 17, 255, 161, 74, 233, 114, 128, 1, 0, 159, 1, 0, 44, 1, 0, 188, 8, 119]
1542726436240;[171, 0, 17, 255, 161, 74, 233, 114, 128, 1, 0, 159, 1, 0, 44, 1, 0, 188, 8, 119]
1542726436414;[171, 0, 4, 255, 132, 128, 72]
1542726436416;[171, 0, 4, 255, 132, 128, 72]
1542726436418;[171, 0, 17, 255, 161, 74, 233, 114, 128, 1, 0, 159, 1, 0, 44, 1, 0, 187, 8, 80]
1542726436420;[171, 0, 17, 255, 161, 74, 233, 114, 128, 1, 0, 159, 1, 0, 44, 1, 0, 187, 8, 80]
1542726436931;[171, 0, 17, 255, 161, 74, 233, 114, 128, 1, 0, 158, 1, 0, 42, 1, 0, 188, 8, 54]
1542726436933;[171, 0, 17, 255, 161, 74, 233, 114, 128, 1, 0, 158, 1, 0, 42, 1, 0, 188, 8, 54]
1542726436936;[171, 0, 17, 255, 161, 74, 233, 114, 128, 1, 0, 158, 1, 0, 44, 1, 0, 187, 8, 1]
1542726436938;[171, 0, 17, 255, 161, 74, 233, 114, 128, 1, 0, 158, 1, 0, 44, 1, 0, 187, 8, 1]
1542726436940;[171, 0, 17, 255, 161, 74, 233, 114, 128, 1, 0, 156, 1, 0, 44, 1, 0, 188, 7, 210]
1542726436942;[171, 0, 17, 255, 161, 74, 233, 114, 128, 1, 0, 156, 1, 0, 44, 1, 0, 188, 7, 210]
1542726436944;[171, 0, 17, 255, 161, 74, 233, 114, 128, 1, 0, 157, 1, 0, 44, 1, 0, 186, 7, 203]
1542726436946;[171, 0, 17, 255, 161, 74, 233, 114, 128, 1, 0, 157, 1, 0, 44, 1, 0, 186, 7, 203]
1542726437103;[171, 0, 17, 255, 161, 74, 233, 114, 128, 1, 0, 156, 1, 0, 44, 1, 0, 186, 8, 59]
1542726437106;[171, 0, 17, 255, 161, 74, 233, 114, 128, 1, 0, 156, 1, 0, 44, 1, 0, 186, 8, 59]
1542726437108;[171, 0, 17, 255, 161, 74, 233, 114, 128, 1, 0, 156, 1, 0, 45, 1, 0, 187, 8, 146]
1542726437110;[171, 0, 17, 255, 161, 74, 233, 114, 128, 1, 0, 156, 1, 0, 45, 1, 0, 187, 8, 146]
1542726437112;[171, 0, 17, 255, 161, 74, 233, 114, 128, 1, 0, 159, 1, 0, 47, 1, 0, 187, 8, 146]
1542726437114;[171, 0, 17, 255, 161, 74, 233, 114, 128, 1, 0, 159, 1, 0, 47, 1, 0, 187, 8, 146]
1542726437274;[171, 0, 17, 255, 161, 74, 233, 114, 129, 1, 0, 158, 1, 0, 44, 1, 0, 187, 8, 113]
1542726437276;[171, 0, 17, 255, 161, 74, 233, 114, 129, 1, 0, 158, 1, 0, 44, 1, 0, 187, 8, 113]
1542726437279;[171, 0, 17, 255, 161, 74, 233, 114, 129, 1, 0, 159, 1, 0, 47, 1, 0, 189, 8, 69]
1542726437281;[171, 0, 17, 255, 161, 74, 233, 114, 129, 1, 0, 159, 1, 0, 47, 1, 0, 189, 8, 69]
1542726437446;[171, 0, 4, 255, 132, 128, 72]
1542726437448;[171, 0, 4, 255, 132, 128, 72]
1542726437619;[171, 0, 17, 255, 161, 74, 233, 114, 129, 1, 0, 162, 1, 0, 44, 1, 0, 186, 8, 25]
1542726437622;[171, 0, 17, 255, 161, 74, 233, 114, 129, 1, 0, 162, 1, 0, 44, 1, 0, 186, 8, 25]
1542726437624;[171, 0, 17, 255, 161, 74, 233, 114, 129, 1, 0, 159, 1, 0, 46, 1, 0, 187, 7, 238]
1542726437625;[171, 0, 17, 255, 161, 74, 233, 114, 129, 1, 0, 159, 1, 0, 46, 1, 0, 187, 7, 238]
1542726437791;[171, 0, 17, 255, 161, 74, 233, 114, 129, 1, 0, 159, 1, 0, 45, 1, 0, 188, 7, 188]
1542726437794;[171, 0, 17, 255, 161, 74, 233, 114, 129, 1, 0, 159, 1, 0, 45, 1, 0, 188, 7, 188]
1542726437795;[171, 0, 17, 255, 161, 74, 233, 114, 129, 1, 0, 156, 1, 0, 45, 1, 0, 187, 7, 192]
1542726437797;[171, 0, 17, 255, 161, 74, 233, 114, 129, 1, 0, 156, 1, 0, 45, 1, 0, 187, 7, 192]
1542726438137;[171, 0, 17, 255, 161, 74, 233, 114, 129, 1, 0, 156, 1, 0, 44, 1, 0, 187, 8, 57]
1542726438139;[171, 0, 17, 255, 161, 74, 233, 114, 129, 1, 0, 156, 1, 0, 44, 1, 0, 187, 8, 57]
1542726438142;[171, 0, 17, 255, 161, 74, 233, 114, 129, 1, 0, 156, 1, 0, 46, 1, 0, 189, 8, 116]
1542726438144;[171, 0, 17, 255, 161, 74, 233, 114, 129, 1, 0, 156, 1, 0, 46, 1, 0, 189, 8, 116]
1542726438146;[171, 0, 17, 255, 161, 74, 233, 114, 129, 1, 0, 159, 1, 0, 43, 1, 0, 188, 8, 104]
1542726438147;[171, 0, 17, 255, 161, 74, 233, 114, 129, 1, 0, 159, 1, 0, 43, 1, 0, 188, 8, 104]
1542726438310;[171, 0, 17, 255, 161, 74, 233, 114, 129, 1, 0, 158, 1, 0, 45, 1, 0, 188, 8, 64]
1542726438311;[171, 0, 17, 255, 161, 74, 233, 114, 129, 1, 0, 158, 1, 0, 45, 1, 0, 188, 8, 64]
1542726438315;[171, 0, 17, 255, 161, 74, 233, 114, 130, 1, 0, 158, 1, 0, 44, 1, 0, 187, 8, 12]
1542726438316;[171, 0, 17, 255, 161, 74, 233, 114, 130, 1, 0, 158, 1, 0, 44, 1, 0, 187, 8, 12]
1542726438483;[171, 0, 17, 255, 161, 74, 233, 114, 130, 1, 0, 156, 1, 0, 46, 1, 0, 187, 7, 229]
1542726438485;[171, 0, 17, 255, 161, 74, 233, 114, 130, 1, 0, 156, 1, 0, 46, 1, 0, 187, 7, 229]
1542726438487;[171, 0, 4, 255, 132, 128, 72]
1542726438490;[171, 0, 4, 255, 132, 128, 72]
1542726438655;[171, 0, 17, 255, 161, 74, 233, 114, 130, 1, 0, 158, 1, 0, 45, 1, 0, 187, 7, 174]
1542726438657;[171, 0, 17, 255, 161, 74, 233, 114, 130, 1, 0, 158, 1, 0, 45, 1, 0, 187, 7, 174]
1542726438658;[171, 0, 17, 255, 161, 74, 233, 114, 130, 1, 0, 159, 1, 0, 45, 1, 0, 189, 7, 119]
1542726438660;[171, 0, 17, 255, 161, 74, 233, 114, 130, 1, 0, 159, 1, 0, 45, 1, 0, 189, 7, 119]
1542726438826;[171, 0, 17, 255, 161, 74, 233, 114, 130, 1, 0, 161, 1, 0, 45, 1, 0, 187, 7, 134]
1542726438828;[171, 0, 17, 255, 161, 74, 233, 114, 130, 1, 0, 161, 1, 0, 45, 1, 0, 187, 7, 134]
1542726439000;[171, 0, 17, 255, 161, 74, 233, 114, 130, 1, 0, 156, 1, 0, 46, 1, 0, 187, 7, 232]
1542726439002;[171, 0, 17, 255, 161, 74, 233, 114, 130, 1, 0, 156, 1, 0, 46, 1, 0, 187, 7, 232]
1542726439004;[171, 0, 17, 255, 161, 74, 233, 114, 130, 1, 0, 158, 1, 0, 45, 1, 0, 189, 8, 20]
1542726439005;[171, 0, 17, 255, 161, 74, 233, 114, 130, 1, 0, 158, 1, 0, 45, 1, 0, 189, 8, 20]
1542726439173;[171, 0, 17, 255, 161, 74, 233, 114, 130, 1, 0, 158, 1, 0, 46, 1, 0, 187, 8, 6]
1542726439175;[171, 0, 17, 255, 161, 74, 233, 114, 130, 1, 0, 158, 1, 0, 46, 1, 0, 187, 8, 6]
1542726439520;[171, 0, 17, 255, 161, 74, 233, 114, 130, 1, 0, 160, 1, 0, 45, 1, 0, 188, 7, 236]
1542726439522;[171, 0, 17, 255, 161, 74, 233, 114, 130, 1, 0, 160, 1, 0, 45, 1, 0, 188, 7, 236]
1542726439525;[171, 0, 17, 255, 161, 74, 233, 114, 130, 1, 0, 158, 1, 0, 46, 1, 0, 187, 7, 205]
1542726439527;[171, 0, 17, 255, 161, 74, 233, 114, 130, 1, 0, 158, 1, 0, 46, 1, 0, 187, 7, 205]
1542726439534;[171, 0, 17, 255, 161, 74, 233, 114, 131, 1, 0, 158, 1, 0, 45, 1, 0, 187, 7, 164]
1542726439536;[171, 0, 17, 255, 161, 74, 233, 114, 131, 1, 0, 158, 1, 0, 45, 1, 0, 187, 7, 164]
1542726439538;[171, 0, 17, 255, 161, 74, 233, 114, 131, 1, 0, 160, 1, 0, 46, 1, 0, 187, 7, 121]
1542726439540;[171, 0, 17, 255, 161, 74, 233, 114, 131, 1, 0, 160, 1, 0, 46, 1, 0, 187, 7, 121]
1542726439688;[171, 0, 4, 255, 132, 128, 72]
1542726439690;[171, 0, 4, 255, 132, 128, 72]
1542726439693;[171, 0, 17, 255, 161, 74, 233, 114, 131, 1, 0, 157, 1, 0, 46, 1, 0, 187, 7, 163]
1542726439695;[171, 0, 17, 255, 161, 74, 233, 114, 131, 1, 0, 157, 1, 0, 46, 1, 0, 187, 7, 163]
1542726439862;[171, 0, 17, 255, 161, 74, 233, 114, 131, 1, 0, 158, 1, 0, 46, 1, 0, 187, 8, 7]
1542726439864;[171, 0, 17, 255, 161, 74, 233, 114, 131, 1, 0, 158, 1, 0, 46, 1, 0, 187, 8, 7]
1542726439866;[171, 0, 17, 255, 161, 74, 233, 114, 131, 1, 0, 157, 1, 0, 46, 1, 0, 188, 8, 23]
1542726439868;[171, 0, 17, 255, 161, 74, 233, 114, 131, 1, 0, 157, 1, 0, 46, 1, 0, 188, 8, 23]
1542726440034;[171, 0, 17, 255, 161, 74, 233, 114, 131, 1, 0, 158, 1, 0, 46, 1, 0, 188, 8, 2]
1542726440036;[171, 0, 17, 255, 161, 74, 233, 114, 131, 1, 0, 158, 1, 0, 46, 1, 0, 188, 8, 2]
1542726440207;[171, 0, 17, 255, 161, 74, 233, 114, 131, 1, 0, 159, 1, 0, 46, 1, 0, 188, 7, 217]
1542726440209;[171, 0, 17, 255, 161, 74, 233, 114, 131, 1, 0, 159, 1, 0, 46, 1, 0, 188, 7, 217]
1542726440211;[171, 0, 17, 255, 161, 74, 233, 114, 131, 1, 0, 157, 1, 0, 46, 1, 0, 187, 7, 175]
1542726440213;[171, 0, 17, 255, 161, 74, 233, 114, 131, 1, 0, 157, 1, 0, 46, 1, 0, 187, 7, 175]
1542726440726;[171, 0, 17, 255, 161, 74, 233, 114, 131, 1, 0, 158, 1, 0, 45, 1, 0, 188, 7, 131]
1542726440728;[171, 0, 17, 255, 161, 74, 233, 114, 131, 1, 0, 158, 1, 0, 45, 1, 0, 188, 7, 131]
1542726440731;[171, 0, 17, 255, 161, 74, 233, 114, 131, 1, 0, 159, 1, 0, 45, 1, 0, 187, 7, 76]
1542726440734;[171, 0, 17, 255, 161, 74, 233, 114, 131, 1, 0, 159, 1, 0, 45, 1, 0, 187, 7, 76]
1542726440735;[171, 0, 17, 255, 161, 74, 233, 114, 132, 1, 0, 159, 1, 0, 46, 1, 0, 188, 7, 43]
1542726440738;[171, 0, 17, 255, 161, 74, 233, 114, 132, 1, 0, 159, 1, 0, 46, 1, 0, 188, 7, 43]
1542726440740;[171, 0, 17, 255, 161, 74, 233, 114, 132, 1, 0, 157, 1, 0, 43, 1, 0, 188, 7, 128]
1542726440742;[171, 0, 17, 255, 161, 74, 233, 114, 132, 1, 0, 157, 1, 0, 43, 1, 0, 188, 7, 128]
1542726440898;[171, 0, 4, 255, 132, 128, 72]
1542726440901;[171, 0, 4, 255, 132, 128, 72]
1542726440903;[171, 0, 17, 255, 161, 74, 233, 114, 132, 1, 0, 157, 1, 0, 44, 1, 0, 188, 7, 201]
1542726440905;[171, 0, 17, 255, 161, 74, 233, 114, 132, 1, 0, 157, 1, 0, 44, 1, 0, 188, 7, 201]
1542726440907;[171, 0, 17, 255, 161, 74, 233, 114, 132, 1, 0, 158, 1, 0, 44, 1, 0, 188, 7, 214]
1542726440909;[171, 0, 17, 255, 161, 74, 233, 114, 132, 1, 0, 158, 1, 0, 44, 1, 0, 188, 7, 214]
1542726441069;[171, 0, 17, 255, 161, 74, 233, 114, 132, 1, 0, 159, 1, 0, 45, 1, 0, 188, 7, 170]
1542726441071;[171, 0, 17, 255, 161, 74, 233, 114, 132, 1, 0, 159, 1, 0, 45, 1, 0, 188, 7, 170]
1542726441074;[171, 0, 17, 255, 161, 74, 233, 114, 132, 1, 0, 158, 1, 0, 45, 1, 0, 188, 7, 137]
1542726441076;[171, 0, 17, 255, 161, 74, 233, 114, 132, 1, 0, 158, 1, 0, 45, 1, 0, 188, 7, 137]
1542726441241;[171, 0, 17, 255, 161, 74, 233, 114, 132, 1, 0, 158, 1, 0, 46, 1, 0, 186, 7, 89]
1542726441243;[171, 0, 17, 255, 161, 74, 233, 114, 132, 1, 0, 158, 1, 0, 46, 1, 0, 186, 7, 89]
1542726441414;[171, 0, 17, 255, 161, 74, 233, 114, 132, 1, 0, 155, 1, 0, 45, 1, 0, 188, 7, 35]
1542726441416;[171, 0, 17, 255, 161, 74, 233, 114, 132, 1, 0, 155, 1, 0, 45, 1, 0, 188, 7, 35]
1542726441418;[171, 0, 17, 255, 161, 74, 233, 114, 132, 1, 0, 159, 1, 0, 43, 1, 0, 188, 6, 242]
1542726441420;[171, 0, 17, 255, 161, 74, 233, 114, 132, 1, 0, 159, 1, 0, 43, 1, 0, 188, 6, 242]
1542726441587;[171, 0, 17, 255, 161, 74, 233, 114, 132, 1, 0, 158, 1, 0, 46, 1, 0, 187, 6, 226]
1542726441589;[171, 0, 17, 255, 161, 74, 233, 114, 132, 1, 0, 158, 1, 0, 46, 1, 0, 187, 6, 226]
1542726441591;[171, 0, 17, 255, 161, 74, 233, 114, 133, 1, 0, 159, 1, 0, 45, 1, 0, 187, 7, 55]
1542726441593;[171, 0, 17, 255, 161, 74, 233, 114, 133, 1, 0, 159, 1, 0, 45, 1, 0, 187, 7, 55]
1542726441773;[171, 0, 17, 255, 161, 74, 233, 114, 133, 1, 0, 157, 1, 0, 45, 1, 0, 188, 7, 115]
1542726441775;[171, 0, 17, 255, 161, 74, 233, 114, 133, 1, 0, 157, 1, 0, 45, 1, 0, 188, 7, 115]
1542726441777;[171, 0, 4, 255, 132, 128, 72]
1542726441779;[171, 0, 4, 255, 132, 128, 72]
1542726442108;[171, 0, 17, 255, 161, 74, 233, 114, 133, 1, 0, 158, 1, 0, 44, 1, 0, 187, 7, 112]
1542726442109;[171, 0, 17, 255, 161, 74, 233, 114, 133, 1, 0, 158, 1, 0, 44, 1, 0, 187, 7, 112]
1542726442113;[171, 0, 17, 255, 161, 74, 233, 114, 133, 1, 0, 157, 1, 0, 44, 1, 0, 188, 7, 84]
1542726442115;[171, 0, 17, 255, 161, 74, 233, 114, 133, 1, 0, 157, 1, 0, 44, 1, 0, 188, 7, 84]
1542726442118;[171, 0, 17, 255, 161, 74, 233, 114, 133, 1, 0, 155, 1, 0, 45, 1, 0, 187, 7, 42]
1542726442119;[171, 0, 17, 255, 161, 74, 233, 114, 133, 1, 0, 155, 1, 0, 45, 1, 0, 187, 7, 42]
1542726442278;[171, 0, 17, 255, 161, 74, 233, 114, 133, 1, 0, 155, 1, 0, 46, 1, 0, 188, 7, 1]
1542726442279;[171, 0, 17, 255, 161, 74, 233, 114, 133, 1, 0, 155, 1, 0, 46, 1, 0, 188, 7, 1]
1542726442282;[171, 0, 17, 255, 161, 74, 233, 114, 133, 1, 0, 157, 1, 0, 44, 1, 0, 188, 6, 202]
1542726442284;[171, 0, 17, 255, 161, 74, 233, 114, 133, 1, 0, 157, 1, 0, 44, 1, 0, 188, 6, 202]
1542726442450;[171, 0, 17, 255, 161, 74, 233, 114, 133, 1, 0, 158, 1, 0, 44, 1, 0, 187, 6, 161]
1542726442451;[171, 0, 17, 255, 161, 74, 233, 114, 133, 1, 0, 158, 1, 0, 44, 1, 0, 187, 6, 161]
1542726442633;[171, 0, 17, 255, 161, 74, 233, 114, 133, 1, 0, 158, 1, 0, 46, 1, 0, 188, 6, 156]
1542726442635;[171, 0, 17, 255, 161, 74, 233, 114, 133, 1, 0, 158, 1, 0, 46, 1, 0, 188, 6, 156]
1542726442637;[171, 0, 17, 255, 161, 74, 233, 114, 133, 1, 0, 154, 1, 0, 44, 1, 0, 188, 6, 241]
1542726442639;[171, 0, 17, 255, 161, 74, 233, 114, 133, 1, 0, 154, 1, 0, 44, 1, 0, 188, 6, 241]
1542726442795;[171, 0, 17, 255, 161, 74, 233, 114, 134, 1, 0, 157, 1, 0, 46, 1, 0, 186, 7, 44]
1542726442797;[171, 0, 17, 255, 161, 74, 233, 114, 134, 1, 0, 157, 1, 0, 46, 1, 0, 186, 7, 44]
1542726442799;[171, 0, 17, 255, 161, 74, 233, 114, 134, 1, 0, 156, 1, 0, 45, 1, 0, 188, 7, 42]
1542726442801;[171, 0, 17, 255, 161, 74, 233, 114, 134, 1, 0, 156, 1, 0, 45, 1, 0, 188, 7, 42]
1542726443311;[171, 0, 4, 255, 132, 128, 72]
1542726443314;[171, 0, 4, 255, 132, 128, 72]
1542726443486;[171, 0, 17, 255, 161, 74, 233, 114, 134, 1, 0, 159, 1, 0, 45, 1, 0, 186, 7, 14]
1542726443488;[171, 0, 17, 255, 161, 74, 233, 114, 134, 1, 0, 159, 1, 0, 45, 1, 0, 186, 7, 14]
1542726443490;[171, 0, 17, 255, 161, 74, 233, 114, 134, 1, 0, 156, 1, 0, 45, 1, 0, 188, 6, 242]
1542726443492;[171, 0, 17, 255, 161, 74, 233, 114, 134, 1, 0, 156, 1, 0, 45, 1, 0, 188, 6, 242]
1542726443494;[171, 0, 17, 255, 161, 74, 233, 114, 134, 1, 0, 155, 1, 0, 45, 1, 0, 188, 6, 209]
1542726443497;[171, 0, 17, 255, 161, 74, 233, 114, 134, 1, 0, 155, 1, 0, 45, 1, 0, 188, 6, 209]
1542726443499;[171, 0, 17, 255, 161, 74, 233, 114, 134, 1, 0, 158, 1, 0, 44, 1, 0, 188, 6, 172]
1542726443501;[171, 0, 17, 255, 161, 74, 233, 114, 134, 1, 0, 158, 1, 0, 44, 1, 0, 188, 6, 172]
1542726443656;[171, 0, 17, 255, 161, 74, 233, 114, 134, 1, 0, 158, 1, 0, 44, 1, 0, 188, 6, 245]
1542726443657;[171, 0, 17, 255, 161, 74, 233, 114, 134, 1, 0, 158, 1, 0, 44, 1, 0, 188, 6, 245]
1542726443664;[171, 0, 17, 255, 161, 74, 233, 114, 134, 1, 0, 158, 1, 0, 46, 1, 0, 187, 7, 73]
1542726443667;[171, 0, 17, 255, 161, 74, 233, 114, 134, 1, 0, 158, 1, 0, 46, 1, 0, 187, 7, 73]
1542726443670;[171, 0, 17, 255, 161, 74, 233, 114, 134, 1, 0, 158, 1, 0, 44, 1, 0, 188, 7, 101]
1542726443673;[171, 0, 17, 255, 161, 74, 233, 114, 134, 1, 0, 158, 1, 0, 44, 1, 0, 188, 7, 101]
1542726443722;[171, 0, 17, 255, 161, 74, 233, 114, 134, 1, 0, 159, 1, 0, 45, 1, 0, 188, 7, 86]
1542726443723;[171, 0, 17, 255, 161, 74, 233, 114, 134, 1, 0, 159, 1, 0, 45, 1, 0, 188, 7, 86]
1542726443829;[171, 0, 17, 255, 161, 74, 233, 114, 135, 1, 0, 158, 1, 0, 45, 1, 0, 188, 7, 51]
1542726443830;[171, 0, 17, 255, 161, 74, 233, 114, 135, 1, 0, 158, 1, 0, 45, 1, 0, 188, 7, 51]
1542726444001;[171, 0, 17, 255, 161, 74, 233, 114, 135, 1, 0, 156, 1, 0, 46, 1, 0, 186, 7, 13]
1542726444003;[171, 0, 17, 255, 161, 74, 233, 114, 135, 1, 0, 156, 1, 0, 46, 1, 0, 186, 7, 13]
1542726444005;[171, 0, 4, 255, 132, 128, 72]
1542726444007;[171, 0, 4, 255, 132, 128, 72]
1542726444693;[171, 0, 17, 255, 161, 74, 233, 114, 135, 1, 0, 159, 1, 0, 46, 1, 0, 188, 6, 217]
1542726444694;[171, 0, 17, 255, 161, 74, 233, 114, 135, 1, 0, 159, 1, 0, 46, 1, 0, 188, 6, 217]
1542726444697;[171, 0, 17, 255, 161, 74, 233, 114, 135, 1, 0, 159, 1, 0, 44, 1, 0, 187, 6, 183]
1542726444698;[171, 0, 17, 255, 161, 74, 233, 114, 135, 1, 0, 159, 1, 0, 44, 1, 0, 187, 6, 183]
1542726444701;[171, 0, 17, 255, 161, 74, 233, 114, 135, 1, 0, 159, 1, 0, 43, 1, 0, 188, 6, 207]
1542726444703;[171, 0, 17, 255, 161, 74, 233, 114, 135, 1, 0, 159, 1, 0, 43, 1, 0, 188, 6, 207]
1542726444705;[171, 0, 17, 255, 161, 74, 233, 114, 135, 1, 0, 157, 1, 0, 44, 1, 0, 188, 7, 68]
1542726444707;[171, 0, 17, 255, 161, 74, 233, 114, 135, 1, 0, 157, 1, 0, 44, 1, 0, 188, 7, 68]
1542726444867;[171, 0, 17, 255, 161, 74, 233, 114, 135, 1, 0, 158, 1, 0, 46, 1, 0, 186, 7, 117]
1542726444869;[171, 0, 17, 255, 161, 74, 233, 114, 135, 1, 0, 158, 1, 0, 46, 1, 0, 186, 7, 117]
1542726444872;[171, 0, 17, 255, 161, 74, 233, 114, 135, 1, 0, 159, 1, 0, 45, 1, 0, 189, 7, 113]
1542726444874;[171, 0, 17, 255, 161, 74, 233, 114, 135, 1, 0, 159, 1, 0, 45, 1, 0, 189, 7, 113]
1542726444876;[171, 0, 17, 255, 161, 74, 233, 114, 135, 1, 0, 157, 1, 0, 44, 1, 0, 187, 7, 84]
1542726444879;[171, 0, 17, 255, 161, 74, 233, 114, 135, 1, 0, 157, 1, 0, 44, 1, 0, 187, 7, 84]
1542726444881;[171, 0, 17, 255, 161, 74, 233, 114, 135, 1, 0, 158, 1, 0, 44, 1, 0, 188, 7, 48]
1542726444882;[171, 0, 17, 255, 161, 74, 233, 114, 135, 1, 0, 158, 1, 0, 44, 1, 0, 188, 7, 48]
1542726445038;[171, 0, 17, 255, 161, 74, 233, 114, 136, 1, 0, 158, 1, 0, 44, 1, 0, 187, 6, 255]
1542726445040;[171, 0, 17, 255, 161, 74, 233, 114, 136, 1, 0, 158, 1, 0, 44, 1, 0, 187, 6, 255]
1542726445042;[171, 0, 17, 255, 161, 74, 233, 114, 136, 1, 0, 157, 1, 0, 45, 1, 0, 189, 6, 205]
1542726445043;[171, 0, 17, 255, 161, 74, 233, 114, 136, 1, 0, 157, 1, 0, 45, 1, 0, 189, 6, 205]
1542726445209;[171, 0, 4, 255, 132, 128, 72]
1542726445211;[171, 0, 4, 255, 132, 128, 72]
1542726445214;[171, 0, 17, 255, 161, 74, 233, 114, 136, 1, 0, 157, 1, 0, 46, 1, 0, 186, 6, 158]
1542726445216;[171, 0, 17, 255, 161, 74, 233, 114, 136, 1, 0, 157, 1, 0, 46, 1, 0, 186, 6, 158]
1542726445382;[171, 0, 17, 255, 161, 74, 233, 114, 136, 1, 0, 159, 1, 0, 44, 1, 0, 187, 6, 184]
1542726445385;[171, 0, 17, 255, 161, 74, 233, 114, 136, 1, 0, 159, 1, 0, 44, 1, 0, 187, 6, 184]
1542726445386;[171, 0, 17, 255, 161, 74, 233, 114, 136, 1, 0, 160, 1, 0, 47, 1, 0, 188, 7, 36]
1542726445388;[171, 0, 17, 255, 161, 74, 233, 114, 136, 1, 0, 160, 1, 0, 47, 1, 0, 188, 7, 36]
1542726445901;[171, 0, 17, 255, 161, 74, 233, 114, 136, 1, 0, 156, 1, 0, 44, 1, 0, 186, 7, 98]
1542726445903;[171, 0, 17, 255, 161, 74, 233, 114, 136, 1, 0, 156, 1, 0, 44, 1, 0, 186, 7, 98]
1542726445906;[171, 0, 17, 255, 161, 74, 233, 114, 136, 1, 0, 159, 1, 0, 46, 1, 0, 188, 7, 84]
1542726445908;[171, 0, 17, 255, 161, 74, 233, 114, 136, 1, 0, 159, 1, 0, 46, 1, 0, 188, 7, 84]
1542726445910;[171, 0, 17, 255, 161, 74, 233, 114, 136, 1, 0, 157, 1, 0, 44, 1, 0, 189, 7, 72]
1542726445912;[171, 0, 17, 255, 161, 74, 233, 114, 136, 1, 0, 157, 1, 0, 44, 1, 0, 189, 7, 72]
1542726445914;[171, 0, 17, 255, 161, 74, 233, 114, 136, 1, 0, 158, 1, 0, 45, 1, 0, 187, 7, 39]
1542726445916;[171, 0, 17, 255, 161, 74, 233, 114, 136, 1, 0, 158, 1, 0, 45, 1, 0, 187, 7, 39]
1542726446075;[171, 0, 17, 255, 161, 74, 233, 114, 136, 1, 0, 159, 1, 0, 46, 1, 0, 188, 7, 10]
1542726446077;[171, 0, 17, 255, 161, 74, 233, 114, 136, 1, 0, 159, 1, 0, 46, 1, 0, 188, 7, 10]
1542726446079;[171, 0, 17, 255, 161, 74, 233, 114, 137, 1, 0, 158, 1, 0, 46, 1, 0, 187, 6, 217]
1542726446081;[171, 0, 17, 255, 161, 74, 233, 114, 137, 1, 0, 158, 1, 0, 46, 1, 0, 187, 6, 217]
1542726446083;[171, 0, 17, 255, 161, 74, 233, 114, 137, 1, 0, 156, 1, 0, 44, 1, 0, 188, 7, 10]
1542726446085;[171, 0, 17, 255, 161, 74, 233, 114, 137, 1, 0, 156, 1, 0, 44, 1, 0, 188, 7, 10]
1542726446245;[171, 0, 4, 255, 132, 128, 72]
1542726446247;[171, 0, 4, 255, 132, 128, 72]
1542726446416;[171, 0, 17, 255, 161, 74, 233, 114, 137, 1, 0, 157, 1, 0, 46, 1, 0, 187, 7, 125]
1542726446418;[171, 0, 17, 255, 161, 74, 233, 114, 137, 1, 0, 157, 1, 0, 46, 1, 0, 187, 7, 125]
1542726446421;[171, 0, 17, 255, 161, 74, 233, 114, 137, 1, 0, 158, 1, 0, 43, 1, 0, 187, 7, 153]
1542726446423;[171, 0, 17, 255, 161, 74, 233, 114, 137, 1, 0, 158, 1, 0, 43, 1, 0, 187, 7, 153]
1542726446589;[171, 0, 17, 255, 161, 74, 233, 114, 137, 1, 0, 160, 1, 0, 45, 1, 0, 187, 7, 132]
1542726446591;[171, 0, 17, 255, 161, 74, 233, 114, 137, 1, 0, 160, 1, 0, 45, 1, 0, 187, 7, 132]
1542726446593;[171, 0, 17, 255, 161, 74, 233, 114, 137, 1, 0, 156, 1, 0, 45, 1, 0, 186, 7, 98]
1542726446595;[171, 0, 17, 255, 161, 74, 233, 114, 137, 1, 0, 156, 1, 0, 45, 1, 0, 186, 7, 98]
1542726447108;[171, 0, 17, 255, 161, 74, 233, 114, 137, 1, 0, 157, 1, 0, 44, 1, 0, 187, 7, 61]
1542726447110;[171, 0, 17, 255, 161, 74, 233, 114, 137, 1, 0, 157, 1, 0, 44, 1, 0, 187, 7, 61]
1542726447113;[171, 0, 17, 255, 161, 74, 233, 114, 137, 1, 0, 159, 1, 0, 43, 1, 0, 188, 7, 8]
1542726447116;[171, 0, 17, 255, 161, 74, 233, 114, 137, 1, 0, 159, 1, 0, 43, 1, 0, 188, 7, 8]
1542726447118;[171, 0, 17, 255, 161, 74, 233, 114, 137, 1, 0, 161, 1, 0, 44, 1, 0, 188, 6, 217]
1542726447122;[171, 0, 17, 255, 161, 74, 233, 114, 137, 1, 0, 161, 1, 0, 44, 1, 0, 188, 6, 217]
1542726447124;[171, 0, 17, 255, 161, 74, 233, 114, 137, 1, 0, 161, 1, 0, 45, 1, 0, 188, 6, 219]
1542726447125;[171, 0, 17, 255, 161, 74, 233, 114, 137, 1, 0, 161, 1, 0, 45, 1, 0, 188, 6, 219]
1542726447280;[171, 0, 17, 255, 161, 74, 233, 114, 138, 1, 0, 158, 1, 0, 45, 1, 0, 188, 7, 87]
1542726447282;[171, 0, 17, 255, 161, 74, 233, 114, 138, 1, 0, 158, 1, 0, 45, 1, 0, 188, 7, 87]
1542726447285;[171, 0, 17, 255, 161, 74, 233, 114, 138, 1, 0, 157, 1, 0, 48, 1, 0, 188, 7, 134]
1542726447286;[171, 0, 17, 255, 161, 74, 233, 114, 138, 1, 0, 157, 1, 0, 48, 1, 0, 188, 7, 134]
1542726447289;[171, 0, 4, 255, 132, 128, 72]
1542726447290;[171, 0, 4, 255, 132, 128, 72]
1542726447451;[171, 0, 17, 255, 161, 74, 233, 114, 138, 1, 0, 158, 1, 0, 46, 1, 0, 188, 7, 115]
1542726447456;[171, 0, 17, 255, 161, 74, 233, 114, 138, 1, 0, 158, 1, 0, 46, 1, 0, 188, 7, 115]
1542726447626;[171, 0, 17, 255, 161, 74, 233, 114, 138, 1, 0, 158, 1, 0, 44, 1, 0, 188, 7, 83]
1542726447628;[171, 0, 17, 255, 161, 74, 233, 114, 138, 1, 0, 158, 1, 0, 44, 1, 0, 188, 7, 83]
1542726447630;[171, 0, 17, 255, 161, 74, 233, 114, 138, 1, 0, 157, 1, 0, 44, 1, 0, 188, 7, 46]
1542726447632;[171, 0, 17, 255, 161, 74, 233, 114, 138, 1, 0, 157, 1, 0, 44, 1, 0, 188, 7, 46]
1542726447971;[171, 0, 17, 255, 161, 74, 233, 114, 138, 1, 0, 159, 1, 0, 46, 1, 0, 188, 6, 255]
1542726447973;[171, 0, 17, 255, 161, 74, 233, 114, 138, 1, 0, 159, 1, 0, 46, 1, 0, 188, 6, 255]
1542726447975;[171, 0, 17, 255, 161, 74, 233, 114, 138, 1, 0, 158, 1, 0, 46, 1, 0, 189, 6, 198]
1542726447977;[171, 0, 17, 255, 161, 74, 233, 114, 138, 1, 0, 158, 1, 0, 46, 1, 0, 189, 6, 198]
1542726447979;[171, 0, 17, 255, 161, 74, 233, 114, 138, 1, 0, 159, 1, 0, 46, 1, 0, 188, 6, 151]
1542726447981;[171, 0, 17, 255, 161, 74, 233, 114, 138, 1, 0, 159, 1, 0, 46, 1, 0, 188, 6, 151]
1542726447984;[171, 0, 17, 255, 161, 74, 233, 114, 138, 1, 0, 159, 1, 0, 44, 1, 0, 186, 6, 151]
1542726447985;[171, 0, 17, 255, 161, 74, 233, 114, 138, 1, 0, 159, 1, 0, 44, 1, 0, 186, 6, 151]
1542726448488;[171, 0, 17, 255, 161, 74, 233, 114, 138, 1, 0, 156, 1, 0, 45, 1, 0, 187, 6, 232]
1542726448490;[171, 0, 17, 255, 161, 74, 233, 114, 138, 1, 0, 156, 1, 0, 45, 1, 0, 187, 6, 232]
1542726448492;[171, 0, 17, 255, 161, 74, 233, 114, 139, 1, 0, 159, 1, 0, 44, 1, 0, 186, 7, 1]
1542726448494;[171, 0, 17, 255, 161, 74, 233, 114, 139, 1, 0, 159, 1, 0, 44, 1, 0, 186, 7, 1]
1542726448497;[171, 0, 17, 255, 161, 74, 233, 114, 139, 1, 0, 158, 1, 0, 45, 1, 0, 187, 6, 233]
1542726448499;[171, 0, 17, 255, 161, 74, 233, 114, 139, 1, 0, 158, 1, 0, 45, 1, 0, 187, 6, 233]
1542726448501;[171, 0, 4, 255, 132, 128, 72]
1542726448504;[171, 0, 4, 255, 132, 128, 72]
1542726448662;[171, 0, 17, 255, 161, 74, 233, 114, 139, 1, 0, 157, 1, 0, 45, 1, 0, 189, 6, 204]
1542726448663;[171, 0, 17, 255, 161, 74, 233, 114, 139, 1, 0, 157, 1, 0, 45, 1, 0, 189, 6, 204]
1542726448666;[171, 0, 17, 255, 161, 74, 233, 114, 139, 1, 0, 156, 1, 0, 43, 1, 0, 187, 6, 168]
1542726448668;[171, 0, 17, 255, 161, 74, 233, 114, 139, 1, 0, 156, 1, 0, 43, 1, 0, 187, 6, 168]
1542726448670;[171, 0, 17, 255, 161, 74, 233, 114, 139, 1, 0, 160, 1, 0, 47, 1, 0, 189, 6, 124]
1542726448671;[171, 0, 17, 255, 161, 74, 233, 114, 139, 1, 0, 160, 1, 0, 47, 1, 0, 189, 6, 124]
1542726448833;[171, 0, 17, 255, 161, 74, 233, 114, 139, 1, 0, 156, 1, 0, 44, 1, 0, 188, 6, 86]
1542726448835;[171, 0, 17, 255, 161, 74, 233, 114, 139, 1, 0, 156, 1, 0, 44, 1, 0, 188, 6, 86]
1542726449005;[171, 0, 17, 255, 161, 74, 233, 114, 139, 1, 0, 160, 1, 0, 46, 1, 0, 189, 6, 81]
1542726449006;[171, 0, 17, 255, 161, 74, 233, 114, 139, 1, 0, 160, 1, 0, 46, 1, 0, 189, 6, 81]
1542726449008;[171, 0, 17, 255, 161, 74, 233, 114, 139, 1, 0, 159, 1, 0, 47, 1, 0, 187, 6, 168]
1542726449010;[171, 0, 17, 255, 161, 74, 233, 114, 139, 1, 0, 159, 1, 0, 47, 1, 0, 187, 6, 168]
1542726449177;[171, 0, 17, 255, 161, 74, 233, 114, 139, 1, 0, 158, 1, 0, 44, 1, 0, 188, 6, 217]
1542726449179;[171, 0, 17, 255, 161, 74, 233, 114, 139, 1, 0, 158, 1, 0, 44, 1, 0, 188, 6, 217]
1542726449181;[171, 0, 17, 255, 161, 74, 233, 114, 139, 1, 0, 157, 1, 0, 45, 1, 0, 189, 6, 217]
1542726449183;[171, 0, 17, 255, 161, 74, 233, 114, 139, 1, 0, 157, 1, 0, 45, 1, 0, 189, 6, 217]
1542726449696;[171, 0, 17, 255, 161, 74, 233, 114, 140, 1, 0, 155, 1, 0, 45, 1, 0, 186, 6, 186]
1542726449698;[171, 0, 17, 255, 161, 74, 233, 114, 140, 1, 0, 155, 1, 0, 45, 1, 0, 186, 6, 186]
1542726449700;[171, 0, 17, 255, 161, 74, 233, 114, 140, 1, 0, 156, 1, 0, 45, 1, 0, 187, 6, 142]
1542726449702;[171, 0, 17, 255, 161, 74, 233, 114, 140, 1, 0, 156, 1, 0, 45, 1, 0, 187, 6, 142]
1542726449705;[171, 0, 4, 255, 132, 128, 72]
1542726449707;[171, 0, 4, 255, 132, 128, 72]
1542726449710;[171, 0, 17, 255, 161, 74, 233, 114, 140, 1, 0, 158, 1, 0, 45, 1, 0, 187, 6, 105]
1542726449712;[171, 0, 17, 255, 161, 74, 233, 114, 140, 1, 0, 158, 1, 0, 45, 1, 0, 187, 6, 105]
1542726450042;[171, 0, 17, 255, 161, 74, 233, 114, 140, 1, 0, 159, 1, 0, 44, 1, 0, 187, 6, 63]
1542726450048;[171, 0, 17, 255, 161, 74, 233, 114, 140, 1, 0, 159, 1, 0, 44, 1, 0, 187, 6, 63]
1542726450050;[171, 0, 17, 255, 161, 74, 233, 114, 140, 1, 0, 158, 1, 0, 45, 1, 0, 187, 6, 47]
1542726450052;[171, 0, 17, 255, 161, 74, 233, 114, 140, 1, 0, 158, 1, 0, 45, 1, 0, 187, 6, 47]
1542726450054;[171, 0, 17, 255, 161, 74, 233, 114, 140, 1, 0, 159, 1, 0, 44, 1, 0, 187, 6, 135]
1542726450055;[171, 0, 17, 255, 161, 74, 233, 114, 140, 1, 0, 159, 1, 0, 44, 1, 0, 187, 6, 135]
1542726450057;[171, 0, 17, 255, 161, 74, 233, 114, 140, 1, 0, 159, 1, 0, 46, 1, 0, 189, 6, 197]
1542726450059;[171, 0, 17, 255, 161, 74, 233, 114, 140, 1, 0, 159, 1, 0, 46, 1, 0, 189, 6, 197]
1542726450212;[171, 0, 17, 255, 161, 74, 233, 114, 140, 1, 0, 156, 1, 0, 44, 1, 0, 185, 6, 202]
1542726450214;[171, 0, 17, 255, 161, 74, 233, 114, 140, 1, 0, 156, 1, 0, 44, 1, 0, 185, 6, 202]
1542726450216;[171, 0, 17, 255, 161, 74, 233, 114, 140, 1, 0, 159, 1, 0, 47, 1, 0, 188, 6, 171]
1542726450218;[171, 0, 17, 255, 161, 74, 233, 114, 140, 1, 0, 159, 1, 0, 47, 1, 0, 188, 6, 171]
1542726450384;[171, 0, 17, 255, 161, 74, 233, 114, 140, 1, 0, 158, 1, 0, 43, 1, 0, 188, 6, 141]
1542726450386;[171, 0, 17, 255, 161, 74, 233, 114, 140, 1, 0, 158, 1, 0, 43, 1, 0, 188, 6, 141]
1542726450388;[171, 0, 17, 255, 161, 74, 233, 114, 141, 1, 0, 157, 1, 0, 43, 1, 0, 188, 6, 96]
1542726450390;[171, 0, 17, 255, 161, 74, 233, 114, 141, 1, 0, 157, 1, 0, 43, 1, 0, 188, 6, 96]
1542726450558;[171, 0, 17, 255, 161, 74, 233, 114, 141, 1, 0, 159, 1, 0, 44, 1, 0, 187, 6, 53]
1542726450559;[171, 0, 17, 255, 161, 74, 233, 114, 141, 1, 0, 159, 1, 0, 44, 1, 0, 187, 6, 53]
1542726450563;[171, 0, 4, 255, 132, 128, 72]
1542726450566;[171, 0, 4, 255, 132, 128, 72]
1542726451078;[171, 0, 17, 255, 161, 74, 233, 114, 141, 1, 0, 159, 1, 0, 44, 1, 0, 188, 6, 6]
1542726451079;[171, 0, 17, 255, 161, 74, 233, 114, 141, 1, 0, 159, 1, 0, 44, 1, 0, 188, 6, 6]
1542726451082;[171, 0, 17, 255, 161, 74, 233, 114, 141, 1, 0, 159, 1, 0, 46, 1, 0, 187, 5, 242]
1542726451084;[171, 0, 17, 255, 161, 74, 233, 114, 141, 1, 0, 159, 1, 0, 46, 1, 0, 187, 5, 242]
1542726451087;[171, 0, 17, 255, 161, 74, 233, 114, 141, 1, 0, 160, 1, 0, 45, 1, 0, 187, 6, 82]
1542726451088;[171, 0, 17, 255, 161, 74, 233, 114, 141, 1, 0, 160, 1, 0, 45, 1, 0, 187, 6, 82]
1542726451090;[171, 0, 17, 255, 161, 74, 233, 114, 141, 1, 0, 156, 1, 0, 44, 1, 0, 187, 6, 147]
1542726451092;[171, 0, 17, 255, 161, 74, 233, 114, 141, 1, 0, 156, 1, 0, 44, 1, 0, 187, 6, 147]
1542726451247;[171, 0, 17, 255, 161, 74, 233, 114, 141, 1, 0, 158, 1, 0, 47, 1, 0, 187, 6, 161]
1542726451249;[171, 0, 17, 255, 161, 74, 233, 114, 141, 1, 0, 158, 1, 0, 47, 1, 0, 187, 6, 161]
1542726451278;[171, 0, 17, 255, 161, 74, 233, 114, 141, 1, 0, 160, 1, 0, 43, 1, 0, 187, 6, 122]
1542726451279;[171, 0, 17, 255, 161, 74, 233, 114, 141, 1, 0, 160, 1, 0, 43, 1, 0, 187, 6, 122]
1542726451419;[171, 0, 17, 255, 161, 74, 233, 114, 141, 1, 0, 157, 1, 0, 47, 1, 0, 188, 6, 84]
1542726451421;[171, 0, 17, 255, 161, 74, 233, 114, 141, 1, 0, 157, 1, 0, 47, 1, 0, 188, 6, 84]
1542726451423;[171, 0, 17, 255, 161, 74, 233, 114, 141, 1, 0, 160, 1, 0, 45, 1, 0, 187, 6, 45]
1542726451425;[171, 0, 17, 255, 161, 74, 233, 114, 141, 1, 0, 160, 1, 0, 45, 1, 0, 187, 6, 45]
1542726451593;[171, 0, 17, 255, 161, 74, 233, 114, 142, 1, 0, 158, 1, 0, 45, 1, 0, 189, 6, 0]
1542726451595;[171, 0, 17, 255, 161, 74, 233, 114, 142, 1, 0, 158, 1, 0, 45, 1, 0, 189, 6, 0]
1542726451597;[171, 0, 17, 255, 161, 74, 233, 114, 142, 1, 0, 159, 1, 0, 43, 1, 0, 187, 5, 202]
1542726451599;[171, 0, 17, 255, 161, 74, 233, 114, 142, 1, 0, 159, 1, 0, 43, 1, 0, 187, 5, 202]
1542726451765;[171, 0, 4, 255, 132, 128, 72]
1542726451769;[171, 0, 4, 255, 132, 128, 72]
1542726451771;[171, 0, 17, 255, 161, 74, 233, 114, 142, 1, 0, 158, 1, 0, 45, 1, 0, 188, 5, 169]
1542726451776;[171, 0, 17, 255, 161, 74, 233, 114, 142, 1, 0, 158, 1, 0, 45, 1, 0, 188, 5, 169]
1542726452283;[171, 0, 17, 255, 161, 74, 233, 114, 142, 1, 0, 158, 1, 0, 47, 1, 0, 187, 5, 223]
1542726452285;[171, 0, 17, 255, 161, 74, 233, 114, 142, 1, 0, 158, 1, 0, 47, 1, 0, 187, 5, 223]
1542726452288;[171, 0, 17, 255, 161, 74, 233, 114, 142, 1, 0, 160, 1, 0, 44, 1, 0, 188, 6, 49]
1542726452290;[171, 0, 17, 255, 161, 74, 233, 114, 142, 1, 0, 160, 1, 0, 44, 1, 0, 188, 6, 49]
1542726452292;[171, 0, 17, 255, 161, 74, 233, 114, 142, 1, 0, 156, 1, 0, 43, 1, 0, 187, 6, 69]
1542726452294;[171, 0, 17, 255, 161, 74, 233, 114, 142, 1, 0, 156, 1, 0, 43, 1, 0, 187, 6, 69]
1542726452296;[171, 0, 17, 255, 161, 74, 233, 114, 142, 1, 0, 155, 1, 0, 46, 1, 0, 189, 6, 59]
1542726452298;[171, 0, 17, 255, 161, 74, 233, 114, 142, 1, 0, 155, 1, 0, 46, 1, 0, 189, 6, 59]
1542726452456;[171, 0, 17, 255, 161, 74, 233, 114, 142, 1, 0, 159, 1, 0, 45, 1, 0, 188, 6, 29]
1542726452458;[171, 0, 17, 255, 161, 74, 233, 114, 142, 1, 0, 159, 1, 0, 45, 1, 0, 188, 6, 29]
1542726452485;[171, 0, 17, 255, 161, 74, 233, 114, 142, 1, 0, 156, 1, 0, 44, 1, 0, 188, 5, 254]
1542726452487;[171, 0, 17, 255, 161, 74, 233, 114, 142, 1, 0, 156, 1, 0, 44, 1, 0, 188, 5, 254]
1542726452492;[171, 0, 17, 255, 161, 74, 233, 114, 142, 1, 0, 156, 1, 0, 45, 1, 0, 187, 5, 213]
1542726452494;[171, 0, 17, 255, 161, 74, 233, 114, 142, 1, 0, 156, 1, 0, 45, 1, 0, 187, 5, 213]
1542726452627;[171, 0, 17, 255, 161, 74, 233, 114, 143, 1, 0, 157, 1, 0, 46, 1, 0, 187, 5, 190]
1542726452629;[171, 0, 17, 255, 161, 74, 233, 114, 143, 1, 0, 157, 1, 0, 46, 1, 0, 187, 5, 190]
1542726452801;[171, 0, 17, 255, 161, 74, 233, 114, 143, 1, 0, 159, 1, 0, 44, 1, 0, 188, 6, 7]
1542726452805;[171, 0, 17, 255, 161, 74, 233, 114, 143, 1, 0, 159, 1, 0, 44, 1, 0, 188, 6, 7]
1542726452806;[171, 0, 4, 255, 132, 128, 71]
1542726452809;[171, 0, 4, 255, 132, 128, 71]
1542726452972;[171, 0, 17, 255, 161, 74, 233, 114, 143, 1, 0, 158, 1, 0, 45, 1, 0, 187, 6, 92]
1542726452974;[171, 0, 17, 255, 161, 74, 233, 114, 143, 1, 0, 158, 1, 0, 45, 1, 0, 187, 6, 92]
1542726452976;[171, 0, 17, 255, 161, 74, 233, 114, 143, 1, 0, 158, 1, 0, 45, 1, 0, 186, 6, 109]
1542726452978;[171, 0, 17, 255, 161, 74, 233, 114, 143, 1, 0, 158, 1, 0, 45, 1, 0, 186, 6, 109]
1542726453663;[171, 0, 17, 255, 161, 74, 233, 114, 143, 1, 0, 158, 1, 0, 45, 1, 0, 188, 6, 78]
1542726453665;[171, 0, 17, 255, 161, 74, 233, 114, 143, 1, 0, 158, 1, 0, 45, 1, 0, 188, 6, 78]
1542726453668;[171, 0, 17, 255, 161, 74, 233, 114, 143, 1, 0, 157, 1, 0, 44, 1, 0, 189, 6, 47]
1542726453670;[171, 0, 17, 255, 161, 74, 233, 114, 143, 1, 0, 157, 1, 0, 44, 1, 0, 189, 6, 47]
1542726453672;[171, 0, 17, 255, 161, 74, 233, 114, 143, 1, 0, 154, 1, 0, 46, 1, 0, 187, 6, 10]
1542726453674;[171, 0, 17, 255, 161, 74, 233, 114, 143, 1, 0, 154, 1, 0, 46, 1, 0, 187, 6, 10]
1542726453677;[171, 0, 17, 255, 161, 74, 233, 114, 143, 1, 0, 160, 1, 0, 45, 1, 0, 187, 5, 215]
1542726453679;[171, 0, 17, 255, 161, 74, 233, 114, 143, 1, 0, 160, 1, 0, 45, 1, 0, 187, 5, 215]
1542726453835;[171, 0, 17, 255, 161, 74, 233, 114, 143, 1, 0, 158, 1, 0, 45, 1, 0, 185, 5, 171]
1542726453837;[171, 0, 17, 255, 161, 74, 233, 114, 143, 1, 0, 158, 1, 0, 45, 1, 0, 185, 5, 171]
1542726453840;[171, 0, 17, 255, 161, 74, 233, 114, 143, 1, 0, 157, 1, 0, 45, 1, 0, 186, 5, 190]
1542726453842;[171, 0, 17, 255, 161, 74, 233, 114, 143, 1, 0, 157, 1, 0, 45, 1, 0, 186, 5, 190]
1542726453844;[171, 0, 17, 255, 161, 74, 233, 114, 144, 1, 0, 159, 1, 0, 44, 1, 0, 186, 6, 36]
1542726453845;[171, 0, 17, 255, 161, 74, 233, 114, 144, 1, 0, 159, 1, 0, 44, 1, 0, 186, 6, 36]
1542726454008;[171, 0, 17, 255, 161, 74, 233, 114, 146, 1, 0, 157, 1, 0, 44, 1, 0, 187, 5, 128]
1542726454010;[171, 0, 17, 255, 161, 74, 233, 114, 146, 1, 0, 157, 1, 0, 44, 1, 0, 187, 5, 128]
1542726454013;[171, 0, 17, 255, 161, 74, 233, 114, 146, 1, 0, 156, 1, 0, 44, 1, 0, 187, 5, 102]
1542726454015;[171, 0, 17, 255, 161, 74, 233, 114, 146, 1, 0, 156, 1, 0, 44, 1, 0, 187, 5, 102]
1542726454181;[171, 0, 17, 255, 161, 74, 233, 114, 146, 1, 0, 157, 1, 0, 46, 1, 0, 189, 5, 162]
1542726454183;[171, 0, 17, 255, 161, 74, 233, 114, 146, 1, 0, 157, 1, 0, 46, 1, 0, 189, 5, 162]
1542726454185;[171, 0, 17, 255, 161, 74, 233, 114, 146, 1, 0, 159, 1, 0, 46, 1, 0, 187, 5, 241]
1542726454187;[171, 0, 17, 255, 161, 74, 233, 114, 146, 1, 0, 159, 1, 0, 46, 1, 0, 187, 5, 241]
1542726454351;[171, 0, 17, 255, 161, 74, 233, 114, 146, 1, 0, 159, 1, 0, 47, 1, 0, 187, 5, 250]
1542726454353;[171, 0, 17, 255, 161, 74, 233, 114, 146, 1, 0, 159, 1, 0, 47, 1, 0, 187, 5, 250]
1542726454871;[171, 0, 17, 255, 161, 74, 233, 114, 146, 1, 0, 158, 1, 0, 44, 1, 0, 188, 5, 238]
1542726454873;[171, 0, 17, 255, 161, 74, 233, 114, 146, 1, 0, 158, 1, 0, 44, 1, 0, 188, 5, 238]
1542726454875;[171, 0, 17, 255, 161, 74, 233, 114, 146, 1, 0, 160, 1, 0, 44, 1, 0, 188, 5, 196]
1542726454877;[171, 0, 17, 255, 161, 74, 233, 114, 146, 1, 0, 160, 1, 0, 44, 1, 0, 188, 5, 196]
1542726454880;[171, 0, 17, 255, 161, 74, 233, 114, 146, 1, 0, 159, 1, 0, 46, 1, 0, 187, 5, 164]
1542726454882;[171, 0, 17, 255, 161, 74, 233, 114, 146, 1, 0, 159, 1, 0, 46, 1, 0, 187, 5, 164]
1542726454884;[171, 0, 17, 255, 161, 74, 233, 114, 147, 1, 0, 159, 1, 0, 45, 1, 0, 186, 5, 107]
1542726454886;[171, 0, 17, 255, 161, 74, 233, 114, 147, 1, 0, 159, 1, 0, 45, 1, 0, 186, 5, 107]
1542726455043;[171, 0, 17, 255, 161, 74, 233, 114, 147, 1, 0, 159, 1, 0, 45, 1, 0, 187, 5, 57]
1542726455045;[171, 0, 17, 255, 161, 74, 233, 114, 147, 1, 0, 159, 1, 0, 45, 1, 0, 187, 5, 57]
1542726455047;[171, 0, 4, 255, 132, 128, 71]
1542726455053;[171, 0, 4, 255, 132, 128, 71]
1542726455055;[171, 0, 17, 255, 161, 74, 233, 114, 147, 1, 0, 158, 1, 0, 46, 1, 0, 188, 5, 47]
1542726455057;[171, 0, 17, 255, 161, 74, 233, 114, 147, 1, 0, 158, 1, 0, 46, 1, 0, 188, 5, 47]
1542726455215;[171, 0, 17, 255, 161, 74, 233, 114, 147, 1, 0, 160, 1, 0, 45, 1, 0, 187, 5, 126]
1542726455217;[171, 0, 17, 255, 161, 74, 233, 114, 147, 1, 0, 160, 1, 0, 45, 1, 0, 187, 5, 126]
1542726455219;[171, 0, 17, 255, 161, 74, 233, 114, 147, 1, 0, 157, 1, 0, 44, 1, 0, 188, 5, 185]
1542726455220;[171, 0, 17, 255, 161, 74, 233, 114, 147, 1, 0, 157, 1, 0, 44, 1, 0, 188, 5, 185]
1542726455388;[171, 0, 17, 255, 161, 74, 233, 114, 147, 1, 0, 157, 1, 0, 45, 1, 0, 187, 5, 186]
1542726455390;[171, 0, 17, 255, 161, 74, 233, 114, 147, 1, 0, 157, 1, 0, 45, 1, 0, 187, 5, 186]
1542726455392;[171, 0, 17, 255, 161, 74, 233, 114, 147, 1, 0, 158, 1, 0, 44, 1, 0, 190, 5, 152]
1542726455394;[171, 0, 17, 255, 161, 74, 233, 114, 147, 1, 0, 158, 1, 0, 44, 1, 0, 190, 5, 152]
1542726455562;[171, 0, 17, 255, 161, 74, 233, 114, 147, 1, 0, 159, 1, 0, 46, 1, 0, 188, 5, 109]
1542726455564;[171, 0, 17, 255, 161, 74, 233, 114, 147, 1, 0, 159, 1, 0, 46, 1, 0, 188, 5, 109]
1542726455566;[171, 0, 17, 255, 161, 74, 233, 114, 147, 1, 0, 159, 1, 0, 45, 1, 0, 188, 5, 64]
1542726455567;[171, 0, 17, 255, 161, 74, 233, 114, 147, 1, 0, 159, 1, 0, 45, 1, 0, 188, 5, 64]
1542726456079;[171, 0, 17, 255, 161, 74, 233, 114, 147, 1, 0, 159, 1, 0, 44, 1, 0, 188, 5, 26]
1542726456081;[171, 0, 17, 255, 161, 74, 233, 114, 147, 1, 0, 159, 1, 0, 44, 1, 0, 188, 5, 26]
1542726456083;[171, 0, 17, 255, 161, 74, 233, 114, 148, 1, 0, 160, 1, 0, 43, 1, 0, 186, 4, 232]
1542726456086;[171, 0, 17, 255, 161, 74, 233, 114, 148, 1, 0, 160, 1, 0, 43, 1, 0, 186, 4, 232]
1542726456087;[171, 0, 17, 255, 161, 74, 233, 114, 148, 1, 0, 161, 1, 0, 46, 1, 0, 188, 4, 217]
1542726456089;[171, 0, 17, 255, 161, 74, 233, 114, 148, 1, 0, 161, 1, 0, 46, 1, 0, 188, 4, 217]
1542726456091;[171, 0, 4, 255, 132, 128, 71]
1542726456093;[171, 0, 4, 255, 132, 128, 71]
1542726456250;[171, 0, 17, 255, 161, 74, 233, 114, 148, 1, 0, 157, 1, 0, 44, 1, 0, 188, 5, 44]
1542726456253;[171, 0, 17, 255, 161, 74, 233, 114, 148, 1, 0, 157, 1, 0, 44, 1, 0, 188, 5, 44]
1542726456254;[171, 0, 17, 255, 161, 74, 233, 114, 148, 1, 0, 157, 1, 0, 44, 1, 0, 187, 5, 94]
1542726456256;[171, 0, 17, 255, 161, 74, 233, 114, 148, 1, 0, 157, 1, 0, 44, 1, 0, 187, 5, 94]
1542726456422;[171, 0, 17, 255, 161, 74, 233, 114, 148, 1, 0, 157, 1, 0, 46, 1, 0, 188, 5, 93]
1542726456424;[171, 0, 17, 255, 161, 74, 233, 114, 148, 1, 0, 157, 1, 0, 46, 1, 0, 188, 5, 93]
1542726456426;[171, 0, 17, 255, 161, 74, 233, 114, 148, 1, 0, 159, 1, 0, 45, 1, 0, 188, 5, 72]
1542726456428;[171, 0, 17, 255, 161, 74, 233, 114, 148, 1, 0, 159, 1, 0, 45, 1, 0, 188, 5, 72]
1542726456595;[171, 0, 17, 255, 161, 74, 233, 114, 148, 1, 0, 157, 1, 0, 45, 1, 0, 187, 5, 40]
1542726456597;[171, 0, 17, 255, 161, 74, 233, 114, 148, 1, 0, 157, 1, 0, 45, 1, 0, 187, 5, 40]
1542726456599;[171, 0, 17, 255, 161, 74, 233, 114, 148, 1, 0, 158, 1, 0, 46, 1, 0, 187, 4, 251]
1542726456601;[171, 0, 17, 255, 161, 74, 233, 114, 148, 1, 0, 158, 1, 0, 46, 1, 0, 187, 4, 251]
1542726456767;[171, 0, 17, 255, 161, 74, 233, 114, 148, 1, 0, 158, 1, 0, 46, 1, 0, 189, 4, 211]
1542726456769;[171, 0, 17, 255, 161, 74, 233, 114, 148, 1, 0, 158, 1, 0, 46, 1, 0, 189, 4, 211]
1542726456771;[171, 0, 17, 255, 161, 74, 233, 114, 148, 1, 0, 159, 1, 0, 45, 1, 0, 187, 4, 233]
1542726456772;[171, 0, 17, 255, 161, 74, 233, 114, 148, 1, 0, 159, 1, 0, 45, 1, 0, 187, 4, 233]
1542726456939;[171, 0, 17, 255, 161, 74, 233, 114, 149, 1, 0, 159, 1, 0, 46, 1, 0, 187, 5, 60]
1542726456941;[171, 0, 17, 255, 161, 74, 233, 114, 149, 1, 0, 159, 1, 0, 46, 1, 0, 187, 5, 60]
1542726457459;[171, 0, 17, 255, 161, 74, 233, 114, 149, 1, 0, 158, 1, 0, 44, 1, 0, 187, 5, 102]
1542726457461;[171, 0, 17, 255, 161, 74, 233, 114, 149, 1, 0, 158, 1, 0, 44, 1, 0, 187, 5, 102]
1542726457466;[171, 0, 4, 255, 132, 128, 71]
1542726457469;[171, 0, 4, 255, 132, 128, 71]
1542726457471;[171, 0, 17, 255, 161, 74, 233, 114, 149, 1, 0, 158, 1, 0, 44, 1, 0, 186, 5, 90]
1542726457473;[171, 0, 17, 255, 161, 74, 233, 114, 149, 1, 0, 158, 1, 0, 44, 1, 0, 186, 5, 90]
1542726457478;[171, 0, 17, 255, 161, 74, 233, 114, 149, 1, 0, 157, 1, 0, 45, 1, 0, 187, 5, 62]
1542726457480;[171, 0, 17, 255, 161, 74, 233, 114, 149, 1, 0, 157, 1, 0, 45, 1, 0, 187, 5, 62]
1542726457630;[171, 0, 17, 255, 161, 74, 233, 114, 149, 1, 0, 156, 1, 0, 46, 1, 0, 187, 5, 28]
1542726457632;[171, 0, 17, 255, 161, 74, 233, 114, 149, 1, 0, 156, 1, 0, 46, 1, 0, 187, 5, 28]
1542726457634;[171, 0, 17, 255, 161, 74, 233, 114, 149, 1, 0, 157, 1, 0, 43, 1, 0, 188, 4, 244]
1542726457636;[171, 0, 17, 255, 161, 74, 233, 114, 149, 1, 0, 157, 1, 0, 43, 1, 0, 188, 4, 244]
1542726457639;[171, 0, 17, 255, 161, 74, 233, 114, 149, 1, 0, 160, 1, 0, 45, 1, 0, 187, 4, 202]
1542726457641;[171, 0, 17, 255, 161, 74, 233, 114, 149, 1, 0, 160, 1, 0, 45, 1, 0, 187, 4, 202]
1542726457801;[171, 0, 17, 255, 161, 74, 233, 114, 149, 1, 0, 159, 1, 0, 44, 1, 0, 188, 4, 185]
1542726457803;[171, 0, 17, 255, 161, 74, 233, 114, 149, 1, 0, 159, 1, 0, 44, 1, 0, 188, 4, 185]
1542726457806;[171, 0, 17, 255, 161, 74, 233, 114, 149, 1, 0, 159, 1, 0, 44, 1, 0, 187, 5, 5]
1542726457808;[171, 0, 17, 255, 161, 74, 233, 114, 149, 1, 0, 159, 1, 0, 44, 1, 0, 187, 5, 5]
1542726458148;[171, 0, 17, 255, 161, 74, 233, 114, 149, 1, 0, 158, 1, 0, 44, 1, 0, 187, 5, 86]
1542726458150;[171, 0, 17, 255, 161, 74, 233, 114, 149, 1, 0, 158, 1, 0, 44, 1, 0, 187, 5, 86]
1542726458153;[171, 0, 17, 255, 161, 74, 233, 114, 150, 1, 0, 160, 1, 0, 46, 1, 0, 187, 5, 89]
1542726458155;[171, 0, 17, 255, 161, 74, 233, 114, 150, 1, 0, 160, 1, 0, 46, 1, 0, 187, 5, 89]
1542726458157;[171, 0, 17, 255, 161, 74, 233, 114, 150, 1, 0, 158, 1, 0, 46, 1, 0, 187, 5, 61]
1542726458160;[171, 0, 17, 255, 161, 74, 233, 114, 150, 1, 0, 158, 1, 0, 46, 1, 0, 187, 5, 61]
1542726458665;[171, 0, 4, 255, 132, 128, 71]
1542726458668;[171, 0, 4, 255, 132, 128, 71]
1542726458672;[171, 0, 17, 255, 161, 74, 233, 114, 150, 1, 0, 159, 1, 0, 45, 1, 0, 187, 5, 19]
1542726458674;[171, 0, 17, 255, 161, 74, 233, 114, 150, 1, 0, 159, 1, 0, 45, 1, 0, 187, 5, 19]
1542726458676;[171, 0, 17, 255, 161, 74, 233, 114, 150, 1, 0, 160, 1, 0, 46, 1, 0, 188, 4, 232]
1542726458678;[171, 0, 17, 255, 161, 74, 233, 114, 150, 1, 0, 160, 1, 0, 46, 1, 0, 188, 4, 232]
1542726458680;[171, 0, 17, 255, 161, 74, 233, 114, 150, 1, 0, 156, 1, 0, 44, 1, 0, 187, 4, 181]
1542726458682;[171, 0, 17, 255, 161, 74, 233, 114, 150, 1, 0, 156, 1, 0, 44, 1, 0, 187, 4, 181]
1542726458838;[171, 0, 17, 255, 161, 74, 233, 114, 150, 1, 0, 157, 1, 0, 44, 1, 0, 186, 4, 132]
1542726458840;[171, 0, 17, 255, 161, 74, 233, 114, 150, 1, 0, 157, 1, 0, 44, 1, 0, 186, 4, 132]
1542726458843;[171, 0, 17, 255, 161, 74, 233, 114, 150, 1, 0, 157, 1, 0, 44, 1, 0, 189, 4, 147]
1542726458845;[171, 0, 17, 255, 161, 74, 233, 114, 150, 1, 0, 157, 1, 0, 44, 1, 0, 189, 4, 147]
1542726458847;[171, 0, 17, 255, 161, 74, 233, 114, 150, 1, 0, 159, 1, 0, 45, 1, 0, 187, 4, 229]
1542726458849;[171, 0, 17, 255, 161, 74, 233, 114, 150, 1, 0, 159, 1, 0, 45, 1, 0, 187, 4, 229]
1542726459010;[171, 0, 17, 255, 161, 74, 233, 114, 150, 1, 0, 157, 1, 0, 45, 1, 0, 188, 5, 20]
1542726459013;[171, 0, 17, 255, 161, 74, 233, 114, 150, 1, 0, 157, 1, 0, 45, 1, 0, 188, 5, 20]
1542726459014;[171, 0, 17, 255, 161, 74, 233, 114, 150, 1, 0, 158, 1, 0, 44, 1, 0, 189, 5, 11]
1542726459016;[171, 0, 17, 255, 161, 74, 233, 114, 150, 1, 0, 158, 1, 0, 44, 1, 0, 189, 5, 11]
1542726459182;[171, 0, 17, 255, 161, 74, 233, 114, 151, 1, 0, 160, 1, 0, 45, 1, 0, 186, 4, 227]
1542726459184;[171, 0, 17, 255, 161, 74, 233, 114, 151, 1, 0, 160, 1, 0, 45, 1, 0, 186, 4, 227]
1542726459187;[171, 0, 17, 255, 161, 74, 233, 114, 151, 1, 0, 157, 1, 0, 45, 1, 0, 187, 4, 201]
1542726459189;[171, 0, 17, 255, 161, 74, 233, 114, 151, 1, 0, 157, 1, 0, 45, 1, 0, 187, 4, 201]
1542726459354;[171, 0, 4, 255, 132, 128, 71]
1542726459361;[171, 0, 4, 255, 132, 128, 71]
1542726459363;[171, 0, 17, 255, 161, 74, 233, 114, 151, 1, 0, 156, 1, 0, 45, 1, 0, 190, 4, 161]
1542726459365;[171, 0, 17, 255, 161, 74, 233, 114, 151, 1, 0, 156, 1, 0, 45, 1, 0, 190, 4, 161]
1542726460219;[171, 0, 17, 255, 161, 74, 233, 114, 151, 1, 0, 158, 1, 0, 43, 1, 0, 189, 4, 128]
1542726460221;[171, 0, 17, 255, 161, 74, 233, 114, 151, 1, 0, 158, 1, 0, 43, 1, 0, 189, 4, 128]
1542726460223;[171, 0, 17, 255, 161, 74, 233, 114, 151, 1, 0, 159, 1, 0, 44, 1, 0, 188, 4, 168]
1542726460225;[171, 0, 17, 255, 161, 74, 233, 114, 151, 1, 0, 159, 1, 0, 44, 1, 0, 188, 4, 168]
1542726460227;[171, 0, 17, 255, 161, 74, 233, 114, 151, 1, 0, 161, 1, 0, 43, 1, 0, 188, 4, 253]
1542726460229;[171, 0, 17, 255, 161, 74, 233, 114, 151, 1, 0, 161, 1, 0, 43, 1, 0, 188, 4, 253]
1542726460231;[171, 0, 17, 255, 161, 74, 233, 114, 151, 1, 0, 158, 1, 0, 44, 1, 0, 187, 5, 34]
1542726460233;[171, 0, 17, 255, 161, 74, 233, 114, 151, 1, 0, 158, 1, 0, 44, 1, 0, 187, 5, 34]
1542726460391;[171, 0, 17, 255, 161, 74, 233, 114, 151, 1, 0, 156, 1, 0, 43, 1, 0, 187, 5, 15]
1542726460393;[171, 0, 17, 255, 161, 74, 233, 114, 151, 1, 0, 156, 1, 0, 43, 1, 0, 187, 5, 15]
1542726460396;[171, 0, 17, 255, 161, 74, 233, 114, 151, 1, 0, 157, 1, 0, 46, 1, 0, 189, 4, 244]
1542726460398;[171, 0, 17, 255, 161, 74, 233, 114, 151, 1, 0, 157, 1, 0, 46, 1, 0, 189, 4, 244]
1542726460400;[171, 0, 17, 255, 161, 74, 233, 114, 151, 1, 0, 158, 1, 0, 46, 1, 0, 188, 4, 210]
1542726460402;[171, 0, 17, 255, 161, 74, 233, 114, 151, 1, 0, 158, 1, 0, 46, 1, 0, 188, 4, 210]
1542726460404;[171, 0, 17, 255, 161, 74, 233, 114, 152, 1, 0, 158, 1, 0, 44, 1, 0, 189, 4, 175]
1542726460406;[171, 0, 17, 255, 161, 74, 233, 114, 152, 1, 0, 158, 1, 0, 44, 1, 0, 189, 4, 175]
1542726460738;[171, 0, 17, 255, 161, 74, 233, 114, 152, 1, 0, 158, 1, 0, 44, 1, 0, 186, 4, 140]
1542726460739;[171, 0, 17, 255, 161, 74, 233, 114, 152, 1, 0, 158, 1, 0, 44, 1, 0, 186, 4, 140]
1542726460742;[171, 0, 4, 255, 132, 128, 71]
1542726460744;[171, 0, 4, 255, 132, 128, 71]
1542726460747;[171, 0, 17, 255, 161, 74, 233, 114, 152, 1, 0, 157, 1, 0, 44, 1, 0, 187, 4, 145]
1542726460750;[171, 0, 17, 255, 161, 74, 233, 114, 152, 1, 0, 157, 1, 0, 44, 1, 0, 187, 4, 145]
1542726460752;[171, 0, 17, 255, 161, 74, 233, 114, 152, 1, 0, 158, 1, 0, 47, 1, 0, 186, 4, 255]
1542726460753;[171, 0, 17, 255, 161, 74, 233, 114, 152, 1, 0, 158, 1, 0, 47, 1, 0, 186, 4, 255]
1542726461254;[171, 0, 17, 255, 161, 74, 233, 114, 152, 1, 0, 154, 1, 0, 45, 1, 0, 187, 5, 62]
1542726461256;[171, 0, 17, 255, 161, 74, 233, 114, 152, 1, 0, 154, 1, 0, 45, 1, 0, 187, 5, 62]
1542726461258;[171, 0, 17, 255, 161, 74, 233, 114, 152, 1, 0, 158, 1, 0, 46, 1, 0, 188, 5, 64]
1542726461260;[171, 0, 17, 255, 161, 74, 233, 114, 152, 1, 0, 158, 1, 0, 46, 1, 0, 188, 5, 64]
1542726461263;[171, 0, 17, 255, 161, 74, 233, 114, 152, 1, 0, 159, 1, 0, 45, 1, 0, 188, 5, 37]
1542726461265;[171, 0, 17, 255, 161, 74, 233, 114, 152, 1, 0, 159, 1, 0, 45, 1, 0, 188, 5, 37]
1542726461267;[171, 0, 17, 255, 161, 74, 233, 114, 152, 1, 0, 160, 1, 0, 45, 1, 0, 187, 4, 252]
1542726461272;[171, 0, 17, 255, 161, 74, 233, 114, 152, 1, 0, 160, 1, 0, 45, 1, 0, 187, 4, 252]
1542726461425;[171, 0, 17, 255, 161, 74, 233, 114, 152, 1, 0, 156, 1, 0, 45, 1, 0, 187, 4, 216]
1542726461427;[171, 0, 17, 255, 161, 74, 233, 114, 152, 1, 0, 156, 1, 0, 45, 1, 0, 187, 4, 216]
1542726461600;[171, 0, 17, 255, 161, 74, 233, 114, 152, 1, 0, 157, 1, 0, 46, 1, 0, 188, 4, 169]
1542726461602;[171, 0, 17, 255, 161, 74, 233, 114, 152, 1, 0, 157, 1, 0, 46, 1, 0, 188, 4, 169]
1542726461605;[171, 0, 17, 255, 161, 74, 233, 114, 153, 1, 0, 160, 1, 0, 47, 1, 0, 187, 4, 127]
1542726461607;[171, 0, 17, 255, 161, 74, 233, 114, 153, 1, 0, 160, 1, 0, 47, 1, 0, 187, 4, 127]
1542726461609;[171, 0, 17, 255, 161, 74, 233, 114, 153, 1, 0, 157, 1, 0, 44, 1, 0, 189, 4, 179]
1542726461611;[171, 0, 17, 255, 161, 74, 233, 114, 153, 1, 0, 157, 1, 0, 44, 1, 0, 189, 4, 179]
1542726461613;[171, 0, 4, 255, 132, 128, 71]
1542726461615;[171, 0, 4, 255, 132, 128, 71]
1542726461769;[171, 0, 17, 255, 161, 74, 233, 114, 153, 1, 0, 158, 1, 0, 45, 1, 0, 187, 5, 32]
1542726461771;[171, 0, 17, 255, 161, 74, 233, 114, 153, 1, 0, 158, 1, 0, 45, 1, 0, 187, 5, 32]
1542726461774;[171, 0, 17, 255, 161, 74, 233, 114, 153, 1, 0, 159, 1, 0, 45, 1, 0, 188, 5, 66]
1542726461775;[171, 0, 17, 255, 161, 74, 233, 114, 153, 1, 0, 159, 1, 0, 45, 1, 0, 188, 5, 66]
1542726461941;[171, 0, 17, 255, 161, 74, 233, 114, 153, 1, 0, 159, 1, 0, 44, 1, 0, 188, 5, 50]
1542726461943;[171, 0, 17, 255, 161, 74, 233, 114, 153, 1, 0, 159, 1, 0, 44, 1, 0, 188, 5, 50]
1542726462461;[171, 0, 17, 255, 161, 74, 233, 114, 153, 1, 0, 159, 1, 0, 46, 1, 0, 188, 5, 21]
1542726462463;[171, 0, 17, 255, 161, 74, 233, 114, 153, 1, 0, 159, 1, 0, 46, 1, 0, 188, 5, 21]
1542726462465;[171, 0, 17, 255, 161, 74, 233, 114, 153, 1, 0, 156, 1, 0, 43, 1, 0, 189, 4, 244]
1542726462468;[171, 0, 17, 255, 161, 74, 233, 114, 153, 1, 0, 156, 1, 0, 43, 1, 0, 189, 4, 244]
1542726462474;[171, 0, 17, 255, 161, 74, 233, 114, 153, 1, 0, 160, 1, 0, 44, 1, 0, 187, 4, 214]
1542726462476;[171, 0, 17, 255, 161, 74, 233, 114, 153, 1, 0, 160, 1, 0, 44, 1, 0, 187, 4, 214]
1542726462481;[171, 0, 17, 255, 161, 74, 233, 114, 153, 1, 0, 155, 1, 0, 46, 1, 0, 189, 4, 188]
1542726462483;[171, 0, 17, 255, 161, 74, 233, 114, 153, 1, 0, 155, 1, 0, 46, 1, 0, 189, 4, 188]
1542726462634;[171, 0, 17, 255, 161, 74, 233, 114, 153, 1, 0, 157, 1, 0, 45, 1, 0, 188, 5, 7]
1542726462636;[171, 0, 17, 255, 161, 74, 233, 114, 153, 1, 0, 157, 1, 0, 45, 1, 0, 188, 5, 7]
1542726462638;[171, 0, 17, 255, 161, 74, 233, 114, 154, 1, 0, 158, 1, 0, 47, 1, 0, 188, 5, 99]
1542726462640;[171, 0, 17, 255, 161, 74, 233, 114, 154, 1, 0, 158, 1, 0, 47, 1, 0, 188, 5, 99]
1542726462642;[171, 0, 17, 255, 161, 74, 233, 114, 154, 1, 0, 160, 1, 0, 45, 1, 0, 189, 5, 122]
1542726462643;[171, 0, 17, 255, 161, 74, 233, 114, 154, 1, 0, 160, 1, 0, 45, 1, 0, 189, 5, 122]
1542726462804;[171, 0, 4, 255, 132, 128, 71]
1542726462806;[171, 0, 4, 255, 132, 128, 71]
