1542745678275;[171, 0, 17, 255, 161, 74, 234, 71, 172, 1, 0, 42, 1, 0, 85, 0, 0, 243, 3, 118]
1542745678282;[171, 0, 17, 255, 161, 74, 234, 71, 172, 1, 0, 42, 1, 0, 85, 0, 0, 243, 3, 118]
1542745678443;[171, 0, 17, 255, 161, 74, 234, 71, 172, 1, 0, 42, 1, 0, 83, 0, 0, 243, 3, 80]
1542745678445;[171, 0, 17, 255, 161, 74, 234, 71, 172, 1, 0, 42, 1, 0, 83, 0, 0, 243, 3, 80]
1542745678447;[171, 0, 17, 255, 161, 74, 234, 71, 172, 1, 0, 42, 1, 0, 84, 0, 0, 241, 3, 88]
1542745678448;[171, 0, 17, 255, 161, 74, 234, 71, 172, 1, 0, 42, 1, 0, 84, 0, 0, 241, 3, 88]
1542745678614;[171, 0, 17, 255, 161, 74, 234, 71, 172, 1, 0, 40, 1, 0, 85, 0, 0, 243, 3, 205]
1542745678616;[171, 0, 17, 255, 161, 74, 234, 71, 172, 1, 0, 40, 1, 0, 85, 0, 0, 243, 3, 205]
1542745678619;[171, 0, 17, 255, 161, 74, 234, 71, 172, 1, 0, 43, 1, 0, 85, 0, 0, 241, 3, 249]
1542745678621;[171, 0, 17, 255, 161, 74, 234, 71, 172, 1, 0, 43, 1, 0, 85, 0, 0, 241, 3, 249]
1542745678786;[171, 0, 17, 255, 161, 74, 234, 71, 172, 1, 0, 42, 1, 0, 82, 0, 0, 241, 3, 243]
1542745678788;[171, 0, 17, 255, 161, 74, 234, 71, 172, 1, 0, 42, 1, 0, 82, 0, 0, 241, 3, 243]
1542745678960;[171, 0, 17, 255, 161, 74, 234, 71, 172, 1, 0, 43, 1, 0, 84, 0, 0, 240, 3, 222]
1542745678962;[171, 0, 17, 255, 161, 74, 234, 71, 172, 1, 0, 43, 1, 0, 84, 0, 0, 240, 3, 222]
1542745678965;[171, 0, 17, 255, 161, 74, 234, 71, 172, 1, 0, 41, 1, 0, 82, 0, 0, 240, 3, 198]
1542745678967;[171, 0, 17, 255, 161, 74, 234, 71, 172, 1, 0, 41, 1, 0, 82, 0, 0, 240, 3, 198]
1542745679310;[171, 0, 4, 255, 132, 128, 64]
1542745679313;[171, 0, 4, 255, 132, 128, 64]
1542745679315;[171, 0, 17, 255, 161, 74, 234, 71, 172, 1, 0, 42, 1, 0, 82, 0, 0, 241, 3, 170]
1542745679317;[171, 0, 17, 255, 161, 74, 234, 71, 172, 1, 0, 42, 1, 0, 82, 0, 0, 241, 3, 170]
1542745679319;[171, 0, 17, 255, 161, 74, 234, 71, 172, 1, 0, 41, 1, 0, 85, 0, 0, 242, 3, 120]
1542745679321;[171, 0, 17, 255, 161, 74, 234, 71, 172, 1, 0, 41, 1, 0, 85, 0, 0, 242, 3, 120]
1542745679323;[171, 0, 17, 255, 161, 74, 234, 71, 173, 1, 0, 39, 1, 0, 83, 0, 0, 241, 3, 81]
1542745679325;[171, 0, 17, 255, 161, 74, 234, 71, 173, 1, 0, 39, 1, 0, 83, 0, 0, 241, 3, 81]
1542745679477;[171, 0, 17, 255, 161, 74, 234, 71, 173, 1, 0, 41, 1, 0, 85, 0, 0, 242, 3, 43]
1542745679478;[171, 0, 17, 255, 161, 74, 234, 71, 173, 1, 0, 41, 1, 0, 85, 0, 0, 242, 3, 43]
1542745679649;[171, 0, 17, 255, 161, 74, 234, 71, 173, 1, 0, 38, 1, 0, 84, 0, 0, 243, 3, 181]
1542745679651;[171, 0, 17, 255, 161, 74, 234, 71, 173, 1, 0, 38, 1, 0, 84, 0, 0, 243, 3, 181]
1542745679653;[171, 0, 17, 255, 161, 74, 234, 71, 173, 1, 0, 41, 1, 0, 83, 0, 0, 242, 4, 3]
1542745679655;[171, 0, 17, 255, 161, 74, 234, 71, 173, 1, 0, 41, 1, 0, 83, 0, 0, 242, 4, 3]
1542745679822;[171, 0, 17, 255, 161, 74, 234, 71, 173, 1, 0, 42, 1, 0, 86, 0, 0, 241, 4, 16]
1542745679825;[171, 0, 17, 255, 161, 74, 234, 71, 173, 1, 0, 42, 1, 0, 86, 0, 0, 241, 4, 16]
1542745679827;[171, 0, 17, 255, 161, 74, 234, 71, 173, 1, 0, 43, 1, 0, 87, 0, 0, 242, 4, 13]
1542745679829;[171, 0, 17, 255, 161, 74, 234, 71, 173, 1, 0, 43, 1, 0, 87, 0, 0, 242, 4, 13]
1542745679995;[171, 0, 17, 255, 161, 74, 234, 71, 173, 1, 0, 42, 1, 0, 85, 0, 0, 243, 3, 253]
1542745679997;[171, 0, 17, 255, 161, 74, 234, 71, 173, 1, 0, 42, 1, 0, 85, 0, 0, 243, 3, 253]
1542745680167;[171, 0, 17, 255, 161, 74, 234, 71, 173, 1, 0, 43, 1, 0, 85, 0, 0, 243, 3, 220]
1542745680169;[171, 0, 17, 255, 161, 74, 234, 71, 173, 1, 0, 43, 1, 0, 85, 0, 0, 243, 3, 220]
1542745680171;[171, 0, 4, 255, 132, 128, 64]
1542745680173;[171, 0, 4, 255, 132, 128, 64]
1542745680339;[171, 0, 17, 255, 161, 74, 234, 71, 173, 1, 0, 39, 1, 0, 85, 0, 0, 241, 3, 180]
1542745680341;[171, 0, 17, 255, 161, 74, 234, 71, 173, 1, 0, 39, 1, 0, 85, 0, 0, 241, 3, 180]
1542745680344;[171, 0, 17, 255, 161, 74, 234, 71, 173, 1, 0, 44, 1, 0, 83, 0, 0, 240, 3, 135]
1542745680346;[171, 0, 17, 255, 161, 74, 234, 71, 173, 1, 0, 44, 1, 0, 83, 0, 0, 240, 3, 135]
1542745682629;[171, 0, 17, 255, 161, 74, 234, 71, 174, 1, 0, 42, 1, 0, 85, 0, 0, 241, 3, 88]
1542745682631;[171, 0, 17, 255, 161, 74, 234, 71, 174, 1, 0, 42, 1, 0, 85, 0, 0, 241, 3, 88]
1542745682632;[171, 0, 17, 255, 161, 74, 234, 71, 174, 1, 0, 40, 1, 0, 84, 0, 0, 241, 3, 32]
1542745682634;[171, 0, 17, 255, 161, 74, 234, 71, 174, 1, 0, 40, 1, 0, 84, 0, 0, 241, 3, 32]
1542745682635;[171, 0, 17, 255, 161, 74, 234, 71, 174, 1, 0, 43, 1, 0, 83, 0, 0, 243, 3, 58]
1542745682637;[171, 0, 17, 255, 161, 74, 234, 71, 174, 1, 0, 43, 1, 0, 83, 0, 0, 243, 3, 58]
1542745682638;[171, 0, 17, 255, 161, 74, 234, 71, 174, 1, 0, 41, 1, 0, 87, 0, 0, 244, 3, 180]
1542745682640;[171, 0, 17, 255, 161, 74, 234, 71, 174, 1, 0, 41, 1, 0, 87, 0, 0, 244, 3, 180]
1542745682641;[171, 0, 17, 255, 161, 74, 234, 71, 174, 1, 0, 42, 1, 0, 86, 0, 0, 242, 3, 213]
1542745682643;[171, 0, 17, 255, 161, 74, 234, 71, 174, 1, 0, 42, 1, 0, 86, 0, 0, 242, 3, 213]
1542745682651;[171, 0, 17, 255, 161, 74, 234, 71, 174, 1, 0, 44, 1, 0, 84, 0, 0, 241, 3, 191]
1542745682653;[171, 0, 17, 255, 161, 74, 234, 71, 174, 1, 0, 44, 1, 0, 84, 0, 0, 241, 3, 191]
1542745682654;[171, 0, 17, 255, 161, 74, 234, 71, 174, 1, 0, 44, 1, 0, 85, 0, 0, 241, 3, 179]
1542745682656;[171, 0, 17, 255, 161, 74, 234, 71, 174, 1, 0, 44, 1, 0, 85, 0, 0, 241, 3, 179]
1542745682658;[171, 0, 17, 255, 161, 74, 234, 71, 174, 1, 0, 43, 1, 0, 84, 0, 0, 242, 3, 158]
1542745682660;[171, 0, 17, 255, 161, 74, 234, 71, 174, 1, 0, 43, 1, 0, 84, 0, 0, 242, 3, 158]
1542745682680;[171, 0, 4, 255, 132, 128, 64]
1542745682682;[171, 0, 4, 255, 132, 128, 64]
1542745682685;[171, 0, 17, 255, 161, 74, 234, 71, 174, 1, 0, 43, 1, 0, 85, 0, 0, 241, 3, 122]
1542745682686;[171, 0, 17, 255, 161, 74, 234, 71, 174, 1, 0, 43, 1, 0, 85, 0, 0, 241, 3, 122]
1542745682688;[171, 0, 17, 255, 161, 74, 234, 71, 174, 1, 0, 42, 1, 0, 85, 0, 0, 240, 3, 68]
1542745682690;[171, 0, 17, 255, 161, 74, 234, 71, 174, 1, 0, 42, 1, 0, 85, 0, 0, 240, 3, 68]
1542745682692;[171, 0, 17, 255, 161, 74, 234, 71, 175, 1, 0, 42, 1, 0, 84, 0, 0, 242, 3, 15]
1542745682694;[171, 0, 17, 255, 161, 74, 234, 71, 175, 1, 0, 42, 1, 0, 84, 0, 0, 242, 3, 15]
1542745682695;[171, 0, 17, 255, 161, 74, 234, 71, 175, 1, 0, 45, 1, 0, 86, 0, 0, 243, 2, 220]
1542745682697;[171, 0, 17, 255, 161, 74, 234, 71, 175, 1, 0, 45, 1, 0, 86, 0, 0, 243, 2, 220]
1542745682699;[171, 0, 17, 255, 161, 74, 234, 71, 175, 1, 0, 42, 1, 0, 86, 0, 0, 241, 3, 62]
1542745682701;[171, 0, 17, 255, 161, 74, 234, 71, 175, 1, 0, 42, 1, 0, 86, 0, 0, 241, 3, 62]
1542745682703;[171, 0, 17, 255, 161, 74, 234, 71, 175, 1, 0, 44, 1, 0, 85, 0, 0, 242, 3, 101]
1542745682704;[171, 0, 17, 255, 161, 74, 234, 71, 175, 1, 0, 44, 1, 0, 85, 0, 0, 242, 3, 101]
1542745682711;[171, 0, 17, 255, 161, 74, 234, 71, 175, 1, 0, 48, 1, 0, 85, 0, 0, 240, 3, 77]
1542745682713;[171, 0, 17, 255, 161, 74, 234, 71, 175, 1, 0, 48, 1, 0, 85, 0, 0, 240, 3, 77]
1542745682715;[171, 0, 17, 255, 161, 74, 234, 71, 175, 1, 0, 46, 1, 0, 86, 0, 0, 241, 3, 41]
1542745682716;[171, 0, 17, 255, 161, 74, 234, 71, 175, 1, 0, 46, 1, 0, 86, 0, 0, 241, 3, 41]
1542745682718;[171, 0, 17, 255, 161, 74, 234, 71, 175, 1, 0, 41, 1, 0, 85, 0, 0, 240, 2, 255]
1542745682720;[171, 0, 17, 255, 161, 74, 234, 71, 175, 1, 0, 41, 1, 0, 85, 0, 0, 240, 2, 255]
1542745682721;[171, 0, 17, 255, 161, 74, 234, 71, 175, 1, 0, 44, 1, 0, 87, 0, 0, 240, 2, 210]
1542745682723;[171, 0, 17, 255, 161, 74, 234, 71, 175, 1, 0, 44, 1, 0, 87, 0, 0, 240, 2, 210]
1542745682738;[171, 0, 4, 255, 132, 128, 64]
1542745682740;[171, 0, 4, 255, 132, 128, 64]
1542745682742;[171, 0, 17, 255, 161, 74, 234, 71, 175, 1, 0, 42, 1, 0, 84, 0, 0, 241, 2, 156]
1542745682743;[171, 0, 17, 255, 161, 74, 234, 71, 175, 1, 0, 42, 1, 0, 84, 0, 0, 241, 2, 156]
1542745682745;[171, 0, 17, 255, 161, 74, 234, 71, 175, 1, 0, 42, 1, 0, 87, 0, 0, 242, 2, 95]
1542745682747;[171, 0, 17, 255, 161, 74, 234, 71, 175, 1, 0, 42, 1, 0, 87, 0, 0, 242, 2, 95]
1542745682752;[171, 0, 17, 255, 161, 74, 234, 71, 176, 1, 0, 45, 1, 0, 87, 0, 0, 240, 2, 57]
1542745682753;[171, 0, 17, 255, 161, 74, 234, 71, 176, 1, 0, 45, 1, 0, 87, 0, 0, 240, 2, 57]
1542745682754;[171, 0, 17, 255, 161, 74, 234, 71, 176, 1, 0, 41, 1, 0, 83, 0, 0, 241, 2, 145]
1542745682755;[171, 0, 17, 255, 161, 74, 234, 71, 176, 1, 0, 41, 1, 0, 83, 0, 0, 241, 2, 145]
1542745683273;[171, 0, 17, 255, 161, 74, 234, 71, 176, 1, 0, 43, 1, 0, 86, 0, 0, 241, 2, 205]
1542745683275;[171, 0, 17, 255, 161, 74, 234, 71, 176, 1, 0, 43, 1, 0, 86, 0, 0, 241, 2, 205]
1542745683278;[171, 0, 17, 255, 161, 74, 234, 71, 176, 1, 0, 40, 1, 0, 83, 0, 0, 241, 2, 205]
1542745683279;[171, 0, 17, 255, 161, 74, 234, 71, 176, 1, 0, 40, 1, 0, 83, 0, 0, 241, 2, 205]
1542745683282;[171, 0, 17, 255, 161, 74, 234, 71, 176, 1, 0, 42, 1, 0, 85, 0, 0, 242, 2, 174]
1542745683283;[171, 0, 17, 255, 161, 74, 234, 71, 176, 1, 0, 42, 1, 0, 85, 0, 0, 242, 2, 174]
1542745683285;[171, 0, 17, 255, 161, 74, 234, 71, 176, 1, 0, 42, 1, 0, 83, 0, 0, 243, 2, 151]
1542745683287;[171, 0, 17, 255, 161, 74, 234, 71, 176, 1, 0, 42, 1, 0, 83, 0, 0, 243, 2, 151]
1542745683446;[171, 0, 17, 255, 161, 74, 234, 71, 176, 1, 0, 42, 1, 0, 85, 0, 0, 241, 2, 129]
1542745683448;[171, 0, 17, 255, 161, 74, 234, 71, 176, 1, 0, 42, 1, 0, 85, 0, 0, 241, 2, 129]
1542745683450;[171, 0, 17, 255, 161, 74, 234, 71, 176, 1, 0, 42, 1, 0, 83, 0, 0, 241, 2, 85]
1542745683452;[171, 0, 17, 255, 161, 74, 234, 71, 176, 1, 0, 42, 1, 0, 83, 0, 0, 241, 2, 85]
1542745683454;[171, 0, 4, 255, 132, 128, 64]
1542745683456;[171, 0, 4, 255, 132, 128, 64]
1542745683619;[171, 0, 17, 255, 161, 74, 234, 71, 176, 1, 0, 38, 1, 0, 85, 0, 0, 240, 2, 34]
1542745683621;[171, 0, 17, 255, 161, 74, 234, 71, 176, 1, 0, 38, 1, 0, 85, 0, 0, 240, 2, 34]
1542745683622;[171, 0, 17, 255, 161, 74, 234, 71, 176, 1, 0, 38, 1, 0, 85, 0, 0, 241, 1, 244]
1542745683624;[171, 0, 17, 255, 161, 74, 234, 71, 176, 1, 0, 38, 1, 0, 85, 0, 0, 241, 1, 244]
1542745683789;[171, 0, 17, 255, 161, 74, 234, 71, 177, 1, 0, 44, 1, 0, 84, 0, 0, 243, 2, 9]
1542745683791;[171, 0, 17, 255, 161, 74, 234, 71, 177, 1, 0, 44, 1, 0, 84, 0, 0, 243, 2, 9]
1542745683962;[171, 0, 17, 255, 161, 74, 234, 71, 177, 1, 0, 40, 1, 0, 85, 0, 0, 244, 2, 110]
1542745683965;[171, 0, 17, 255, 161, 74, 234, 71, 177, 1, 0, 40, 1, 0, 85, 0, 0, 244, 2, 110]
1542745683967;[171, 0, 17, 255, 161, 74, 234, 71, 177, 1, 0, 42, 1, 0, 83, 0, 0, 241, 2, 126]
1542745683969;[171, 0, 17, 255, 161, 74, 234, 71, 177, 1, 0, 42, 1, 0, 83, 0, 0, 241, 2, 126]
1542745684135;[171, 0, 17, 255, 161, 74, 234, 71, 177, 1, 0, 41, 1, 0, 85, 0, 0, 240, 2, 110]
1542745684137;[171, 0, 17, 255, 161, 74, 234, 71, 177, 1, 0, 41, 1, 0, 85, 0, 0, 240, 2, 110]
1542745684140;[171, 0, 17, 255, 161, 74, 234, 71, 177, 1, 0, 42, 1, 0, 81, 0, 0, 240, 2, 102]
1542745684142;[171, 0, 17, 255, 161, 74, 234, 71, 177, 1, 0, 42, 1, 0, 81, 0, 0, 240, 2, 102]
1542745684481;[171, 0, 17, 255, 161, 74, 234, 71, 177, 1, 0, 42, 1, 0, 84, 0, 0, 241, 2, 73]
1542745684483;[171, 0, 17, 255, 161, 74, 234, 71, 177, 1, 0, 42, 1, 0, 84, 0, 0, 241, 2, 73]
1542745684486;[171, 0, 17, 255, 161, 74, 234, 71, 177, 1, 0, 42, 1, 0, 85, 0, 0, 242, 2, 36]
1542745684488;[171, 0, 17, 255, 161, 74, 234, 71, 177, 1, 0, 42, 1, 0, 85, 0, 0, 242, 2, 36]
1542745684490;[171, 0, 17, 255, 161, 74, 234, 71, 177, 1, 0, 42, 1, 0, 86, 0, 0, 241, 1, 253]
1542745684492;[171, 0, 17, 255, 161, 74, 234, 71, 177, 1, 0, 42, 1, 0, 86, 0, 0, 241, 1, 253]
1542745684652;[171, 0, 4, 255, 132, 128, 64]
1542745684654;[171, 0, 4, 255, 132, 128, 64]
1542745684657;[171, 0, 17, 255, 161, 74, 234, 71, 177, 1, 0, 42, 1, 0, 85, 0, 0, 242, 1, 211]
1542745684659;[171, 0, 17, 255, 161, 74, 234, 71, 177, 1, 0, 42, 1, 0, 85, 0, 0, 242, 1, 211]
1542745684826;[171, 0, 17, 255, 161, 74, 234, 71, 177, 1, 0, 40, 1, 0, 86, 0, 0, 241, 1, 230]
1542745684828;[171, 0, 17, 255, 161, 74, 234, 71, 177, 1, 0, 40, 1, 0, 86, 0, 0, 241, 1, 230]
1542745684830;[171, 0, 17, 255, 161, 74, 234, 71, 178, 1, 0, 43, 1, 0, 82, 0, 0, 240, 2, 52]
1542745684832;[171, 0, 17, 255, 161, 74, 234, 71, 178, 1, 0, 43, 1, 0, 82, 0, 0, 240, 2, 52]
1542745684997;[171, 0, 17, 255, 161, 74, 234, 71, 178, 1, 0, 44, 1, 0, 86, 0, 0, 242, 2, 81]
1542745684998;[171, 0, 17, 255, 161, 74, 234, 71, 178, 1, 0, 44, 1, 0, 86, 0, 0, 242, 2, 81]
1542745685169;[171, 0, 17, 255, 161, 74, 234, 71, 178, 1, 0, 41, 1, 0, 86, 0, 0, 242, 2, 65]
1542745685171;[171, 0, 17, 255, 161, 74, 234, 71, 178, 1, 0, 41, 1, 0, 86, 0, 0, 242, 2, 65]
1542745685174;[171, 0, 17, 255, 161, 74, 234, 71, 178, 1, 0, 41, 1, 0, 82, 0, 0, 241, 2, 51]
1542745685175;[171, 0, 17, 255, 161, 74, 234, 71, 178, 1, 0, 41, 1, 0, 82, 0, 0, 241, 2, 51]
1542745685342;[171, 0, 17, 255, 161, 74, 234, 71, 178, 1, 0, 43, 1, 0, 87, 0, 0, 241, 2, 22]
1542745685344;[171, 0, 17, 255, 161, 74, 234, 71, 178, 1, 0, 43, 1, 0, 87, 0, 0, 241, 2, 22]
1542745685346;[171, 0, 17, 255, 161, 74, 234, 71, 178, 1, 0, 40, 1, 0, 84, 0, 0, 241, 1, 243]
1542745685348;[171, 0, 17, 255, 161, 74, 234, 71, 178, 1, 0, 40, 1, 0, 84, 0, 0, 241, 1, 243]
1542745685859;[171, 0, 17, 255, 161, 74, 234, 71, 178, 1, 0, 43, 1, 0, 85, 0, 0, 242, 1, 213]
1542745685860;[171, 0, 17, 255, 161, 74, 234, 71, 178, 1, 0, 43, 1, 0, 85, 0, 0, 242, 1, 213]
1542745685863;[171, 0, 17, 255, 161, 74, 234, 71, 178, 1, 0, 40, 1, 0, 85, 0, 0, 241, 1, 179]
1542745685865;[171, 0, 17, 255, 161, 74, 234, 71, 178, 1, 0, 40, 1, 0, 85, 0, 0, 241, 1, 179]
1542745685866;[171, 0, 4, 255, 132, 128, 64]
1542745685868;[171, 0, 4, 255, 132, 128, 64]
1542745685870;[171, 0, 17, 255, 161, 74, 234, 71, 178, 1, 0, 42, 1, 0, 86, 0, 0, 241, 2, 32]
1542745685871;[171, 0, 17, 255, 161, 74, 234, 71, 178, 1, 0, 42, 1, 0, 86, 0, 0, 241, 2, 32]
1542745686035;[171, 0, 17, 255, 161, 74, 234, 71, 178, 1, 0, 42, 1, 0, 82, 0, 0, 242, 2, 111]
1542745686037;[171, 0, 17, 255, 161, 74, 234, 71, 178, 1, 0, 42, 1, 0, 82, 0, 0, 242, 2, 111]
1542745686042;[171, 0, 17, 255, 161, 74, 234, 71, 179, 1, 0, 42, 1, 0, 86, 0, 0, 240, 2, 135]
1542745686044;[171, 0, 17, 255, 161, 74, 234, 71, 179, 1, 0, 42, 1, 0, 86, 0, 0, 240, 2, 135]
1542745686046;[171, 0, 17, 255, 161, 74, 234, 71, 179, 1, 0, 43, 1, 0, 85, 0, 0, 242, 2, 127]
1542745686047;[171, 0, 17, 255, 161, 74, 234, 71, 179, 1, 0, 43, 1, 0, 85, 0, 0, 242, 2, 127]
1542745686204;[171, 0, 17, 255, 161, 74, 234, 71, 179, 1, 0, 41, 1, 0, 87, 0, 0, 242, 2, 122]
1542745686206;[171, 0, 17, 255, 161, 74, 234, 71, 179, 1, 0, 41, 1, 0, 87, 0, 0, 242, 2, 122]
1542745686377;[171, 0, 17, 255, 161, 74, 234, 71, 179, 1, 0, 44, 1, 0, 84, 0, 0, 240, 2, 105]
1542745686378;[171, 0, 17, 255, 161, 74, 234, 71, 179, 1, 0, 44, 1, 0, 84, 0, 0, 240, 2, 105]
1542745686380;[171, 0, 17, 255, 161, 74, 234, 71, 179, 1, 0, 39, 1, 0, 83, 0, 0, 241, 2, 74]
1542745686382;[171, 0, 17, 255, 161, 74, 234, 71, 179, 1, 0, 39, 1, 0, 83, 0, 0, 241, 2, 74]
1542745686549;[171, 0, 17, 255, 161, 74, 234, 71, 179, 1, 0, 41, 1, 0, 83, 0, 0, 241, 2, 27]
1542745686551;[171, 0, 17, 255, 161, 74, 234, 71, 179, 1, 0, 41, 1, 0, 83, 0, 0, 241, 2, 27]
1542745686553;[171, 0, 17, 255, 161, 74, 234, 71, 179, 1, 0, 42, 1, 0, 83, 0, 0, 241, 1, 241]
1542745686555;[171, 0, 17, 255, 161, 74, 234, 71, 179, 1, 0, 42, 1, 0, 83, 0, 0, 241, 1, 241]
1542745686723;[171, 0, 17, 255, 161, 74, 234, 71, 179, 1, 0, 41, 1, 0, 86, 0, 0, 240, 1, 201]
1542745686724;[171, 0, 17, 255, 161, 74, 234, 71, 179, 1, 0, 41, 1, 0, 86, 0, 0, 240, 1, 201]
1542745686726;[171, 0, 4, 255, 132, 128, 64]
1542745686728;[171, 0, 4, 255, 132, 128, 64]
1542745687068;[171, 0, 17, 255, 161, 74, 234, 71, 179, 1, 0, 42, 1, 0, 84, 0, 0, 241, 2, 3]
1542745687069;[171, 0, 17, 255, 161, 74, 234, 71, 179, 1, 0, 42, 1, 0, 84, 0, 0, 241, 2, 3]
1542745687073;[171, 0, 17, 255, 161, 74, 234, 71, 179, 1, 0, 43, 1, 0, 85, 0, 0, 240, 2, 103]
1542745687075;[171, 0, 17, 255, 161, 74, 234, 71, 179, 1, 0, 43, 1, 0, 85, 0, 0, 240, 2, 103]
1542745687077;[171, 0, 17, 255, 161, 74, 234, 71, 180, 1, 0, 44, 1, 0, 85, 0, 0, 242, 2, 130]
1542745687079;[171, 0, 17, 255, 161, 74, 234, 71, 180, 1, 0, 44, 1, 0, 85, 0, 0, 242, 2, 130]
1542745687240;[171, 0, 17, 255, 161, 74, 234, 71, 180, 1, 0, 43, 1, 0, 85, 0, 0, 241, 2, 111]
1542745687242;[171, 0, 17, 255, 161, 74, 234, 71, 180, 1, 0, 43, 1, 0, 85, 0, 0, 241, 2, 111]
1542745687245;[171, 0, 17, 255, 161, 74, 234, 71, 180, 1, 0, 42, 1, 0, 83, 0, 0, 240, 2, 98]
1542745687246;[171, 0, 17, 255, 161, 74, 234, 71, 180, 1, 0, 42, 1, 0, 83, 0, 0, 240, 2, 98]
1542745687413;[171, 0, 17, 255, 161, 74, 234, 71, 180, 1, 0, 45, 1, 0, 86, 0, 0, 241, 2, 74]
1542745687415;[171, 0, 17, 255, 161, 74, 234, 71, 180, 1, 0, 45, 1, 0, 86, 0, 0, 241, 2, 74]
1542745687418;[171, 0, 17, 255, 161, 74, 234, 71, 180, 1, 0, 46, 1, 0, 85, 0, 0, 240, 2, 21]
1542745687420;[171, 0, 17, 255, 161, 74, 234, 71, 180, 1, 0, 46, 1, 0, 85, 0, 0, 240, 2, 21]
1542745687584;[171, 0, 17, 255, 161, 74, 234, 71, 180, 1, 0, 45, 1, 0, 85, 0, 0, 240, 1, 232]
1542745687586;[171, 0, 17, 255, 161, 74, 234, 71, 180, 1, 0, 45, 1, 0, 85, 0, 0, 240, 1, 232]
1542745687757;[171, 0, 17, 255, 161, 74, 234, 71, 180, 1, 0, 45, 1, 0, 87, 0, 0, 239, 1, 169]
1542745687759;[171, 0, 17, 255, 161, 74, 234, 71, 180, 1, 0, 45, 1, 0, 87, 0, 0, 239, 1, 169]
1542745687762;[171, 0, 17, 255, 161, 74, 234, 71, 180, 1, 0, 46, 1, 0, 84, 0, 0, 240, 1, 116]
1542745687763;[171, 0, 17, 255, 161, 74, 234, 71, 180, 1, 0, 46, 1, 0, 84, 0, 0, 240, 1, 116]
1542745687929;[171, 0, 4, 255, 132, 128, 64]
1542745687931;[171, 0, 4, 255, 132, 128, 64]
1542745687934;[171, 0, 17, 255, 161, 74, 234, 71, 180, 1, 0, 44, 1, 0, 84, 0, 0, 240, 1, 82]
1542745687936;[171, 0, 17, 255, 161, 74, 234, 71, 180, 1, 0, 44, 1, 0, 84, 0, 0, 240, 1, 82]
1542745688276;[171, 0, 17, 255, 161, 74, 234, 71, 180, 1, 0, 44, 1, 0, 82, 0, 0, 240, 1, 180]
1542745688278;[171, 0, 17, 255, 161, 74, 234, 71, 180, 1, 0, 44, 1, 0, 82, 0, 0, 240, 1, 180]
1542745688280;[171, 0, 17, 255, 161, 74, 234, 71, 181, 1, 0, 44, 1, 0, 87, 0, 0, 240, 1, 210]
1542745688282;[171, 0, 17, 255, 161, 74, 234, 71, 181, 1, 0, 44, 1, 0, 87, 0, 0, 240, 1, 210]
1542745688284;[171, 0, 17, 255, 161, 74, 234, 71, 181, 1, 0, 43, 1, 0, 83, 0, 0, 242, 1, 200]
1542745688286;[171, 0, 17, 255, 161, 74, 234, 71, 181, 1, 0, 43, 1, 0, 83, 0, 0, 242, 1, 200]
1542745688445;[171, 0, 17, 255, 161, 74, 234, 71, 181, 1, 0, 45, 1, 0, 83, 0, 0, 241, 1, 171]
1542745688446;[171, 0, 17, 255, 161, 74, 234, 71, 181, 1, 0, 45, 1, 0, 83, 0, 0, 241, 1, 171]
1542745688449;[171, 0, 17, 255, 161, 74, 234, 71, 181, 1, 0, 42, 1, 0, 84, 0, 0, 242, 1, 155]
1542745688450;[171, 0, 17, 255, 161, 74, 234, 71, 181, 1, 0, 42, 1, 0, 84, 0, 0, 242, 1, 155]
1542745688619;[171, 0, 17, 255, 161, 74, 234, 71, 181, 1, 0, 42, 1, 0, 84, 0, 0, 241, 1, 122]
1542745688621;[171, 0, 17, 255, 161, 74, 234, 71, 181, 1, 0, 42, 1, 0, 84, 0, 0, 241, 1, 122]
1542745688623;[171, 0, 17, 255, 161, 74, 234, 71, 181, 1, 0, 41, 1, 0, 85, 0, 0, 241, 1, 90]
1542745688625;[171, 0, 17, 255, 161, 74, 234, 71, 181, 1, 0, 41, 1, 0, 85, 0, 0, 241, 1, 90]
1542745688793;[171, 0, 17, 255, 161, 74, 234, 71, 181, 1, 0, 43, 1, 0, 83, 0, 0, 242, 1, 44]
1542745688794;[171, 0, 17, 255, 161, 74, 234, 71, 181, 1, 0, 43, 1, 0, 83, 0, 0, 242, 1, 44]
1542745688965;[171, 0, 17, 255, 161, 74, 234, 71, 181, 1, 0, 44, 1, 0, 83, 0, 0, 241, 1, 32]
1542745688967;[171, 0, 17, 255, 161, 74, 234, 71, 181, 1, 0, 44, 1, 0, 83, 0, 0, 241, 1, 32]
1542745688969;[171, 0, 4, 255, 132, 128, 64]
1542745688971;[171, 0, 4, 255, 132, 128, 64]
1542745689137;[171, 0, 17, 255, 161, 74, 234, 71, 181, 1, 0, 39, 1, 0, 85, 0, 0, 242, 1, 162]
1542745689139;[171, 0, 17, 255, 161, 74, 234, 71, 181, 1, 0, 39, 1, 0, 85, 0, 0, 242, 1, 162]
1542745689142;[171, 0, 17, 255, 161, 74, 234, 71, 181, 1, 0, 40, 1, 0, 84, 0, 0, 241, 1, 215]
1542745689143;[171, 0, 17, 255, 161, 74, 234, 71, 181, 1, 0, 40, 1, 0, 84, 0, 0, 241, 1, 215]
1542745689323;[171, 0, 17, 255, 161, 74, 234, 71, 182, 1, 0, 42, 1, 0, 87, 0, 0, 241, 1, 207]
1542745689325;[171, 0, 17, 255, 161, 74, 234, 71, 182, 1, 0, 42, 1, 0, 87, 0, 0, 241, 1, 207]
1542745689333;[171, 0, 17, 255, 161, 74, 234, 71, 182, 1, 0, 41, 1, 0, 82, 0, 0, 243, 1, 194]
1542745689334;[171, 0, 17, 255, 161, 74, 234, 71, 182, 1, 0, 41, 1, 0, 82, 0, 0, 243, 1, 194]
1542745689655;[171, 0, 17, 255, 161, 74, 234, 71, 182, 1, 0, 41, 1, 0, 87, 0, 0, 241, 1, 181]
1542745689658;[171, 0, 17, 255, 161, 74, 234, 71, 182, 1, 0, 41, 1, 0, 87, 0, 0, 241, 1, 181]
1542745689660;[171, 0, 17, 255, 161, 74, 234, 71, 182, 1, 0, 42, 1, 0, 85, 0, 0, 241, 1, 155]
1542745689663;[171, 0, 17, 255, 161, 74, 234, 71, 182, 1, 0, 42, 1, 0, 85, 0, 0, 241, 1, 155]
1542745689664;[171, 0, 17, 255, 161, 74, 234, 71, 182, 1, 0, 39, 1, 0, 84, 0, 0, 242, 1, 115]
1542745689666;[171, 0, 17, 255, 161, 74, 234, 71, 182, 1, 0, 39, 1, 0, 84, 0, 0, 242, 1, 115]
1542745689827;[171, 0, 17, 255, 161, 74, 234, 71, 182, 1, 0, 42, 1, 0, 83, 0, 0, 243, 1, 79]
1542745689829;[171, 0, 17, 255, 161, 74, 234, 71, 182, 1, 0, 42, 1, 0, 83, 0, 0, 243, 1, 79]
1542745689831;[171, 0, 17, 255, 161, 74, 234, 71, 182, 1, 0, 43, 1, 0, 83, 0, 0, 242, 1, 63]
1542745689833;[171, 0, 17, 255, 161, 74, 234, 71, 182, 1, 0, 43, 1, 0, 83, 0, 0, 242, 1, 63]
1542745690172;[171, 0, 17, 255, 161, 74, 234, 71, 184, 1, 0, 45, 1, 0, 84, 0, 0, 240, 1, 214]
1542745690174;[171, 0, 17, 255, 161, 74, 234, 71, 184, 1, 0, 45, 1, 0, 84, 0, 0, 240, 1, 214]
1542745690176;[171, 0, 17, 255, 161, 74, 234, 71, 184, 1, 0, 42, 1, 0, 86, 0, 0, 240, 1, 179]
1542745690178;[171, 0, 17, 255, 161, 74, 234, 71, 184, 1, 0, 42, 1, 0, 86, 0, 0, 240, 1, 179]
1542745690343;[171, 0, 17, 255, 161, 74, 234, 71, 185, 1, 0, 45, 1, 0, 84, 0, 0, 242, 1, 145]
1542745690345;[171, 0, 17, 255, 161, 74, 234, 71, 185, 1, 0, 45, 1, 0, 84, 0, 0, 242, 1, 145]
1542745690517;[171, 0, 17, 255, 161, 74, 234, 71, 185, 1, 0, 44, 1, 0, 86, 0, 0, 241, 1, 102]
1542745690520;[171, 0, 17, 255, 161, 74, 234, 71, 185, 1, 0, 44, 1, 0, 86, 0, 0, 241, 1, 102]
1542745690522;[171, 0, 17, 255, 161, 74, 234, 71, 185, 1, 0, 42, 1, 0, 86, 0, 0, 243, 1, 59]
1542745690523;[171, 0, 17, 255, 161, 74, 234, 71, 185, 1, 0, 42, 1, 0, 86, 0, 0, 243, 1, 59]
1542745690863;[171, 0, 17, 255, 161, 74, 234, 71, 185, 1, 0, 44, 1, 0, 83, 0, 0, 240, 1, 12]
1542745690865;[171, 0, 17, 255, 161, 74, 234, 71, 185, 1, 0, 44, 1, 0, 83, 0, 0, 240, 1, 12]
1542745690867;[171, 0, 17, 255, 161, 74, 234, 71, 185, 1, 0, 40, 1, 0, 83, 0, 0, 241, 1, 31]
1542745690869;[171, 0, 17, 255, 161, 74, 234, 71, 185, 1, 0, 40, 1, 0, 83, 0, 0, 241, 1, 31]
1542745690871;[171, 0, 17, 255, 161, 74, 234, 71, 185, 1, 0, 41, 1, 0, 86, 0, 0, 242, 1, 147]
1542745690873;[171, 0, 17, 255, 161, 74, 234, 71, 185, 1, 0, 41, 1, 0, 86, 0, 0, 242, 1, 147]
1542745691037;[171, 0, 17, 255, 161, 74, 234, 71, 185, 1, 0, 40, 1, 0, 85, 0, 0, 242, 1, 166]
1542745691038;[171, 0, 17, 255, 161, 74, 234, 71, 185, 1, 0, 40, 1, 0, 85, 0, 0, 242, 1, 166]
1542745691041;[171, 0, 17, 255, 161, 74, 234, 71, 185, 1, 0, 41, 1, 0, 86, 0, 0, 241, 1, 161]
1542745691042;[171, 0, 17, 255, 161, 74, 234, 71, 185, 1, 0, 41, 1, 0, 86, 0, 0, 241, 1, 161]
1542745691206;[171, 0, 4, 255, 132, 128, 64]
1542745691208;[171, 0, 4, 255, 132, 128, 64]
1542745691210;[171, 0, 17, 255, 161, 74, 234, 71, 185, 1, 0, 39, 1, 0, 86, 0, 0, 241, 1, 142]
1542745691212;[171, 0, 17, 255, 161, 74, 234, 71, 185, 1, 0, 39, 1, 0, 86, 0, 0, 241, 1, 142]
1542745691380;[171, 0, 17, 255, 161, 74, 234, 71, 185, 1, 0, 41, 1, 0, 83, 0, 0, 242, 1, 128]
1542745691382;[171, 0, 17, 255, 161, 74, 234, 71, 185, 1, 0, 41, 1, 0, 83, 0, 0, 242, 1, 128]
1542745691552;[171, 0, 17, 255, 161, 74, 234, 71, 186, 1, 0, 43, 1, 0, 82, 0, 0, 241, 1, 79]
1542745691554;[171, 0, 17, 255, 161, 74, 234, 71, 186, 1, 0, 43, 1, 0, 82, 0, 0, 241, 1, 79]
1542745691556;[171, 0, 17, 255, 161, 74, 234, 71, 186, 1, 0, 41, 1, 0, 82, 0, 0, 241, 1, 41]
1542745691558;[171, 0, 17, 255, 161, 74, 234, 71, 186, 1, 0, 41, 1, 0, 82, 0, 0, 241, 1, 41]
1542745691726;[171, 0, 17, 255, 161, 74, 234, 71, 186, 1, 0, 43, 1, 0, 83, 0, 0, 240, 0, 254]
1542745691727;[171, 0, 17, 255, 161, 74, 234, 71, 186, 1, 0, 43, 1, 0, 83, 0, 0, 240, 0, 254]
1542745691729;[171, 0, 17, 255, 161, 74, 234, 71, 186, 1, 0, 40, 1, 0, 83, 0, 0, 242, 0, 214]
1542745691731;[171, 0, 17, 255, 161, 74, 234, 71, 186, 1, 0, 40, 1, 0, 83, 0, 0, 242, 0, 214]
1542745692243;[171, 0, 17, 255, 161, 74, 234, 71, 186, 1, 0, 39, 1, 0, 84, 0, 0, 243, 1, 78]
1542745692245;[171, 0, 17, 255, 161, 74, 234, 71, 186, 1, 0, 39, 1, 0, 84, 0, 0, 243, 1, 78]
1542745692247;[171, 0, 17, 255, 161, 74, 234, 71, 186, 1, 0, 39, 1, 0, 85, 0, 0, 242, 1, 137]
1542745692251;[171, 0, 17, 255, 161, 74, 234, 71, 186, 1, 0, 39, 1, 0, 85, 0, 0, 242, 1, 137]
1542745692253;[171, 0, 17, 255, 161, 74, 234, 71, 186, 1, 0, 42, 1, 0, 86, 0, 0, 242, 1, 136]
1542745692255;[171, 0, 17, 255, 161, 74, 234, 71, 186, 1, 0, 42, 1, 0, 86, 0, 0, 242, 1, 136]
1542745692258;[171, 0, 17, 255, 161, 74, 234, 71, 186, 1, 0, 41, 1, 0, 83, 0, 0, 240, 1, 119]
1542745692259;[171, 0, 17, 255, 161, 74, 234, 71, 186, 1, 0, 41, 1, 0, 83, 0, 0, 240, 1, 119]
1542745692415;[171, 0, 4, 255, 132, 128, 64]
1542745692418;[171, 0, 4, 255, 132, 128, 64]
1542745692420;[171, 0, 17, 255, 161, 74, 234, 71, 186, 1, 0, 41, 1, 0, 86, 0, 0, 240, 1, 99]
1542745692422;[171, 0, 17, 255, 161, 74, 234, 71, 186, 1, 0, 41, 1, 0, 86, 0, 0, 240, 1, 99]
1542745692424;[171, 0, 17, 255, 161, 74, 234, 71, 186, 1, 0, 39, 1, 0, 84, 0, 0, 241, 1, 64]
1542745692426;[171, 0, 17, 255, 161, 74, 234, 71, 186, 1, 0, 39, 1, 0, 84, 0, 0, 241, 1, 64]
1542745692587;[171, 0, 17, 255, 161, 74, 234, 71, 187, 1, 0, 39, 1, 0, 87, 0, 0, 240, 1, 17]
1542745692589;[171, 0, 17, 255, 161, 74, 234, 71, 187, 1, 0, 39, 1, 0, 87, 0, 0, 240, 1, 17]
1542745692759;[171, 0, 17, 255, 161, 74, 234, 71, 187, 1, 0, 43, 1, 0, 85, 0, 0, 244, 0, 221]
1542745692761;[171, 0, 17, 255, 161, 74, 234, 71, 187, 1, 0, 43, 1, 0, 85, 0, 0, 244, 0, 221]
1542745692764;[171, 0, 17, 255, 161, 74, 234, 71, 187, 1, 0, 43, 1, 0, 86, 0, 0, 242, 16, 178]
1542745692766;[171, 0, 17, 255, 161, 74, 234, 71, 187, 1, 0, 43, 1, 0, 86, 0, 0, 242, 16, 178]
1542745692933;[171, 0, 17, 255, 161, 74, 234, 71, 187, 1, 0, 38, 1, 0, 84, 0, 0, 242, 7, 223]
1542745692935;[171, 0, 17, 255, 161, 74, 234, 71, 187, 1, 0, 38, 1, 0, 84, 0, 0, 242, 7, 223]
1542745692937;[171, 0, 17, 255, 161, 74, 234, 71, 187, 1, 0, 41, 1, 0, 84, 0, 0, 242, 8, 51]
1542745692938;[171, 0, 17, 255, 161, 74, 234, 71, 187, 1, 0, 41, 1, 0, 84, 0, 0, 242, 8, 51]
1542745693104;[171, 0, 17, 255, 161, 74, 234, 71, 187, 1, 0, 43, 1, 0, 84, 0, 0, 242, 8, 70]
1542745693106;[171, 0, 17, 255, 161, 74, 234, 71, 187, 1, 0, 43, 1, 0, 84, 0, 0, 242, 8, 70]
1542745693451;[171, 0, 17, 255, 161, 74, 234, 71, 187, 1, 0, 41, 1, 0, 85, 0, 0, 242, 8, 42]
1542745693453;[171, 0, 17, 255, 161, 74, 234, 71, 187, 1, 0, 41, 1, 0, 85, 0, 0, 242, 8, 42]
1542745693455;[171, 0, 17, 255, 161, 74, 234, 71, 187, 1, 0, 42, 1, 0, 87, 0, 0, 240, 8, 32]
1542745693457;[171, 0, 17, 255, 161, 74, 234, 71, 187, 1, 0, 42, 1, 0, 87, 0, 0, 240, 8, 32]
1542745693460;[171, 0, 4, 255, 132, 128, 64]
1542745693462;[171, 0, 4, 255, 132, 128, 64]
1542745693465;[171, 0, 17, 255, 161, 74, 234, 71, 187, 1, 0, 42, 1, 0, 84, 0, 0, 240, 8, 11]
1542745693467;[171, 0, 17, 255, 161, 74, 234, 71, 187, 1, 0, 42, 1, 0, 84, 0, 0, 240, 8, 11]
1542745693621;[171, 0, 17, 255, 161, 74, 234, 71, 187, 1, 0, 44, 1, 0, 83, 0, 0, 241, 7, 225]
1542745693623;[171, 0, 17, 255, 161, 74, 234, 71, 187, 1, 0, 44, 1, 0, 83, 0, 0, 241, 7, 225]
1542745693626;[171, 0, 17, 255, 161, 74, 234, 71, 192, 1, 0, 40, 1, 0, 86, 0, 0, 241, 7, 185]
1542745693628;[171, 0, 17, 255, 161, 74, 234, 71, 192, 1, 0, 40, 1, 0, 86, 0, 0, 241, 7, 185]
1542745693794;[171, 0, 17, 255, 161, 74, 234, 71, 192, 1, 0, 42, 1, 0, 83, 0, 0, 239, 7, 145]
1542745693796;[171, 0, 17, 255, 161, 74, 234, 71, 192, 1, 0, 42, 1, 0, 83, 0, 0, 239, 7, 145]
1542745693968;[171, 0, 17, 255, 161, 74, 234, 71, 192, 1, 0, 42, 1, 0, 84, 0, 0, 240, 7, 248]
1542745693970;[171, 0, 17, 255, 161, 74, 234, 71, 192, 1, 0, 42, 1, 0, 84, 0, 0, 240, 7, 248]
1542745693973;[171, 0, 17, 255, 161, 74, 234, 71, 192, 1, 0, 45, 1, 0, 85, 0, 0, 240, 8, 59]
1542745693975;[171, 0, 17, 255, 161, 74, 234, 71, 192, 1, 0, 45, 1, 0, 85, 0, 0, 240, 8, 59]
1542745694140;[171, 0, 17, 255, 161, 74, 234, 71, 192, 1, 0, 44, 1, 0, 84, 0, 0, 242, 8, 62]
1542745694142;[171, 0, 17, 255, 161, 74, 234, 71, 192, 1, 0, 44, 1, 0, 84, 0, 0, 242, 8, 62]
1542745694144;[171, 0, 17, 255, 161, 74, 234, 71, 192, 1, 0, 42, 1, 0, 85, 0, 0, 242, 8, 46]
1542745694146;[171, 0, 17, 255, 161, 74, 234, 71, 192, 1, 0, 42, 1, 0, 85, 0, 0, 242, 8, 46]
1542745694314;[171, 0, 17, 255, 161, 74, 234, 71, 192, 1, 0, 44, 1, 0, 86, 0, 0, 241, 8, 23]
1542745694316;[171, 0, 17, 255, 161, 74, 234, 71, 192, 1, 0, 44, 1, 0, 86, 0, 0, 241, 8, 23]
1542745694324;[171, 0, 17, 255, 161, 74, 234, 71, 192, 1, 0, 42, 1, 0, 84, 0, 0, 241, 7, 247]
1542745694326;[171, 0, 17, 255, 161, 74, 234, 71, 192, 1, 0, 42, 1, 0, 84, 0, 0, 241, 7, 247]
1542745694657;[171, 0, 4, 255, 132, 128, 64]
1542745694661;[171, 0, 4, 255, 132, 128, 64]
1542745694663;[171, 0, 17, 255, 161, 74, 234, 71, 192, 1, 0, 44, 1, 0, 86, 0, 0, 243, 7, 204]
1542745694665;[171, 0, 17, 255, 161, 74, 234, 71, 192, 1, 0, 44, 1, 0, 86, 0, 0, 243, 7, 204]
1542745694667;[171, 0, 17, 255, 161, 74, 234, 71, 192, 1, 0, 44, 1, 0, 84, 0, 0, 241, 7, 167]
1542745694669;[171, 0, 17, 255, 161, 74, 234, 71, 192, 1, 0, 44, 1, 0, 84, 0, 0, 241, 7, 167]
1542745694829;[171, 0, 17, 255, 161, 74, 234, 71, 193, 1, 0, 41, 1, 0, 87, 0, 0, 240, 7, 109]
1542745694831;[171, 0, 17, 255, 161, 74, 234, 71, 193, 1, 0, 41, 1, 0, 87, 0, 0, 240, 7, 109]
1542745694833;[171, 0, 17, 255, 161, 74, 234, 71, 193, 1, 0, 44, 1, 0, 84, 0, 0, 241, 7, 143]
1542745694835;[171, 0, 17, 255, 161, 74, 234, 71, 193, 1, 0, 44, 1, 0, 84, 0, 0, 241, 7, 143]
1542745695002;[171, 0, 17, 255, 161, 74, 234, 71, 193, 1, 0, 45, 1, 0, 85, 0, 0, 240, 7, 231]
1542745695003;[171, 0, 17, 255, 161, 74, 234, 71, 193, 1, 0, 45, 1, 0, 85, 0, 0, 240, 7, 231]
1542745695174;[171, 0, 17, 255, 161, 74, 234, 71, 193, 1, 0, 42, 1, 0, 82, 0, 0, 241, 7, 250]
1542745695177;[171, 0, 17, 255, 161, 74, 234, 71, 193, 1, 0, 42, 1, 0, 82, 0, 0, 241, 7, 250]
1542745695179;[171, 0, 17, 255, 161, 74, 234, 71, 193, 1, 0, 44, 1, 0, 85, 0, 0, 240, 7, 230]
1542745695181;[171, 0, 17, 255, 161, 74, 234, 71, 193, 1, 0, 44, 1, 0, 85, 0, 0, 240, 7, 230]
1542745695346;[171, 0, 17, 255, 161, 74, 234, 71, 193, 1, 0, 43, 1, 0, 84, 0, 0, 241, 7, 206]
1542745695348;[171, 0, 17, 255, 161, 74, 234, 71, 193, 1, 0, 43, 1, 0, 84, 0, 0, 241, 7, 206]
1542745695350;[171, 0, 17, 255, 161, 74, 234, 71, 193, 1, 0, 43, 1, 0, 86, 0, 0, 240, 7, 171]
1542745695351;[171, 0, 17, 255, 161, 74, 234, 71, 193, 1, 0, 43, 1, 0, 86, 0, 0, 240, 7, 171]
1542745695521;[171, 0, 17, 255, 161, 74, 234, 71, 193, 1, 0, 43, 1, 0, 83, 0, 0, 241, 7, 147]
1542745695522;[171, 0, 17, 255, 161, 74, 234, 71, 193, 1, 0, 43, 1, 0, 83, 0, 0, 241, 7, 147]
1542745695524;[171, 0, 4, 255, 132, 128, 64]
1542745695526;[171, 0, 4, 255, 132, 128, 64]
1542745695691;[171, 0, 17, 255, 161, 74, 234, 71, 193, 1, 0, 42, 1, 0, 85, 0, 0, 243, 7, 110]
1542745695693;[171, 0, 17, 255, 161, 74, 234, 71, 193, 1, 0, 42, 1, 0, 85, 0, 0, 243, 7, 110]
1542745696039;[171, 0, 17, 255, 161, 74, 234, 71, 193, 1, 0, 43, 1, 0, 84, 0, 0, 240, 7, 60]
1542745696041;[171, 0, 17, 255, 161, 74, 234, 71, 193, 1, 0, 43, 1, 0, 84, 0, 0, 240, 7, 60]
1542745696043;[171, 0, 17, 255, 161, 74, 234, 71, 194, 1, 0, 42, 1, 0, 86, 0, 0, 240, 7, 24]
1542745696046;[171, 0, 17, 255, 161, 74, 234, 71, 194, 1, 0, 42, 1, 0, 86, 0, 0, 240, 7, 24]
1542745696047;[171, 0, 17, 255, 161, 74, 234, 71, 194, 1, 0, 42, 1, 0, 85, 0, 0, 244, 7, 51]
1542745696049;[171, 0, 17, 255, 161, 74, 234, 71, 194, 1, 0, 42, 1, 0, 85, 0, 0, 244, 7, 51]
1542745696052;[171, 0, 17, 255, 161, 74, 234, 71, 194, 1, 0, 43, 1, 0, 83, 0, 0, 241, 7, 162]
1542745696054;[171, 0, 17, 255, 161, 74, 234, 71, 194, 1, 0, 43, 1, 0, 83, 0, 0, 241, 7, 162]
1542745696213;[171, 0, 17, 255, 161, 74, 234, 71, 194, 1, 0, 42, 1, 0, 85, 0, 0, 240, 7, 188]
1542745696215;[171, 0, 17, 255, 161, 74, 234, 71, 194, 1, 0, 42, 1, 0, 85, 0, 0, 240, 7, 188]
1542745696217;[171, 0, 17, 255, 161, 74, 234, 71, 194, 1, 0, 42, 1, 0, 85, 0, 0, 241, 7, 175]
1542745696218;[171, 0, 17, 255, 161, 74, 234, 71, 194, 1, 0, 42, 1, 0, 85, 0, 0, 241, 7, 175]
1542745696382;[171, 0, 17, 255, 161, 74, 234, 71, 194, 1, 0, 42, 1, 0, 84, 0, 0, 242, 7, 162]
1542745696384;[171, 0, 17, 255, 161, 74, 234, 71, 194, 1, 0, 42, 1, 0, 84, 0, 0, 242, 7, 162]
1542745696555;[171, 0, 17, 255, 161, 74, 234, 71, 194, 1, 0, 42, 1, 0, 83, 0, 0, 243, 7, 150]
1542745696558;[171, 0, 17, 255, 161, 74, 234, 71, 194, 1, 0, 42, 1, 0, 83, 0, 0, 243, 7, 150]
1542745696559;[171, 0, 17, 255, 161, 74, 234, 71, 194, 1, 0, 41, 1, 0, 84, 0, 0, 241, 7, 123]
1542745696561;[171, 0, 17, 255, 161, 74, 234, 71, 194, 1, 0, 41, 1, 0, 84, 0, 0, 241, 7, 123]
1542745696726;[171, 0, 4, 255, 132, 128, 64]
1542745696728;[171, 0, 4, 255, 132, 128, 64]
1542745696731;[171, 0, 17, 255, 161, 74, 234, 71, 194, 1, 0, 39, 1, 0, 83, 0, 0, 242, 7, 92]
1542745696734;[171, 0, 17, 255, 161, 74, 234, 71, 194, 1, 0, 39, 1, 0, 83, 0, 0, 242, 7, 92]
1542745696900;[171, 0, 17, 255, 161, 74, 234, 71, 194, 1, 0, 41, 1, 0, 86, 0, 0, 241, 7, 62]
1542745696902;[171, 0, 17, 255, 161, 74, 234, 71, 194, 1, 0, 41, 1, 0, 86, 0, 0, 241, 7, 62]
1542745697248;[171, 0, 17, 255, 161, 74, 234, 71, 195, 1, 0, 40, 1, 0, 86, 0, 0, 243, 7, 171]
1542745697250;[171, 0, 17, 255, 161, 74, 234, 71, 195, 1, 0, 40, 1, 0, 86, 0, 0, 243, 7, 171]
1542745697252;[171, 0, 17, 255, 161, 74, 234, 71, 195, 1, 0, 42, 1, 0, 85, 0, 0, 242, 8, 27]
1542745697255;[171, 0, 17, 255, 161, 74, 234, 71, 195, 1, 0, 42, 1, 0, 85, 0, 0, 242, 8, 27]
1542745697257;[171, 0, 17, 255, 161, 74, 234, 71, 195, 1, 0, 40, 1, 0, 84, 0, 0, 241, 8, 52]
1542745697260;[171, 0, 17, 255, 161, 74, 234, 71, 195, 1, 0, 40, 1, 0, 84, 0, 0, 241, 8, 52]
1542745697262;[171, 0, 17, 255, 161, 74, 234, 71, 195, 1, 0, 42, 1, 0, 83, 0, 0, 242, 8, 58]
1542745697264;[171, 0, 17, 255, 161, 74, 234, 71, 195, 1, 0, 42, 1, 0, 83, 0, 0, 242, 8, 58]
1542745697418;[171, 0, 17, 255, 161, 74, 234, 71, 195, 1, 0, 42, 1, 0, 84, 0, 0, 242, 8, 50]
1542745697420;[171, 0, 17, 255, 161, 74, 234, 71, 195, 1, 0, 42, 1, 0, 84, 0, 0, 242, 8, 50]
1542745697422;[171, 0, 17, 255, 161, 74, 234, 71, 195, 1, 0, 41, 1, 0, 82, 0, 0, 242, 8, 30]
1542745697424;[171, 0, 17, 255, 161, 74, 234, 71, 195, 1, 0, 41, 1, 0, 82, 0, 0, 242, 8, 30]
1542745697590;[171, 0, 17, 255, 161, 74, 234, 71, 195, 1, 0, 41, 1, 0, 82, 0, 0, 241, 7, 254]
1542745697591;[171, 0, 17, 255, 161, 74, 234, 71, 195, 1, 0, 41, 1, 0, 82, 0, 0, 241, 7, 254]
1542745697762;[171, 0, 17, 255, 161, 74, 234, 71, 195, 1, 0, 42, 1, 0, 86, 0, 0, 241, 7, 226]
1542745697764;[171, 0, 17, 255, 161, 74, 234, 71, 195, 1, 0, 42, 1, 0, 86, 0, 0, 241, 7, 226]
1542745697766;[171, 0, 4, 255, 132, 128, 64]
1542745697768;[171, 0, 4, 255, 132, 128, 64]
1542745697934;[171, 0, 17, 255, 161, 74, 234, 71, 195, 1, 0, 41, 1, 0, 85, 0, 0, 243, 7, 184]
1542745697936;[171, 0, 17, 255, 161, 74, 234, 71, 195, 1, 0, 41, 1, 0, 85, 0, 0, 243, 7, 184]
1542745697939;[171, 0, 17, 255, 161, 74, 234, 71, 195, 1, 0, 43, 1, 0, 82, 0, 0, 240, 7, 158]
1542745697941;[171, 0, 17, 255, 161, 74, 234, 71, 195, 1, 0, 43, 1, 0, 82, 0, 0, 240, 7, 158]
1542745698109;[171, 0, 17, 255, 161, 74, 234, 71, 196, 1, 0, 39, 1, 0, 85, 0, 0, 243, 8, 54]
1542745698111;[171, 0, 17, 255, 161, 74, 234, 71, 196, 1, 0, 39, 1, 0, 85, 0, 0, 243, 8, 54]
1542745698114;[171, 0, 17, 255, 161, 74, 234, 71, 196, 1, 0, 41, 1, 0, 83, 0, 0, 241, 8, 151]
1542745698116;[171, 0, 17, 255, 161, 74, 234, 71, 196, 1, 0, 41, 1, 0, 83, 0, 0, 241, 8, 151]
1542745698280;[171, 0, 17, 255, 161, 74, 234, 71, 196, 1, 0, 41, 1, 0, 83, 0, 0, 242, 8, 172]
1542745698282;[171, 0, 17, 255, 161, 74, 234, 71, 196, 1, 0, 41, 1, 0, 83, 0, 0, 242, 8, 172]
1542745698799;[171, 0, 17, 255, 161, 74, 234, 71, 196, 1, 0, 40, 1, 0, 84, 0, 0, 242, 8, 169]
1542745698802;[171, 0, 17, 255, 161, 74, 234, 71, 196, 1, 0, 40, 1, 0, 84, 0, 0, 242, 8, 169]
1542745698804;[171, 0, 17, 255, 161, 74, 234, 71, 196, 1, 0, 42, 1, 0, 85, 0, 0, 240, 8, 169]
1542745698806;[171, 0, 17, 255, 161, 74, 234, 71, 196, 1, 0, 42, 1, 0, 85, 0, 0, 240, 8, 169]
1542745698808;[171, 0, 17, 255, 161, 74, 234, 71, 196, 1, 0, 41, 1, 0, 84, 0, 0, 241, 8, 147]
1542745698810;[171, 0, 17, 255, 161, 74, 234, 71, 196, 1, 0, 41, 1, 0, 84, 0, 0, 241, 8, 147]
1542745698812;[171, 0, 17, 255, 161, 74, 234, 71, 196, 1, 0, 41, 1, 0, 83, 0, 0, 241, 8, 104]
1542745698814;[171, 0, 17, 255, 161, 74, 234, 71, 196, 1, 0, 41, 1, 0, 83, 0, 0, 241, 8, 104]
1542745698970;[171, 0, 17, 255, 161, 74, 234, 71, 196, 1, 0, 41, 1, 0, 86, 0, 0, 242, 8, 63]
1542745698972;[171, 0, 17, 255, 161, 74, 234, 71, 196, 1, 0, 41, 1, 0, 86, 0, 0, 242, 8, 63]
1542745698975;[171, 0, 4, 255, 132, 128, 64]
1542745698978;[171, 0, 4, 255, 132, 128, 64]
1542745698980;[171, 0, 17, 255, 161, 74, 234, 71, 196, 1, 0, 42, 1, 0, 84, 0, 0, 240, 8, 16]
1542745698982;[171, 0, 17, 255, 161, 74, 234, 71, 196, 1, 0, 42, 1, 0, 84, 0, 0, 240, 8, 16]
1542745699142;[171, 0, 17, 255, 161, 74, 234, 71, 196, 1, 0, 42, 1, 0, 83, 0, 0, 242, 7, 224]
1542745699145;[171, 0, 17, 255, 161, 74, 234, 71, 196, 1, 0, 42, 1, 0, 83, 0, 0, 242, 7, 224]
1542745699147;[171, 0, 17, 255, 161, 74, 234, 71, 197, 1, 0, 43, 1, 0, 86, 0, 0, 241, 8, 48]
1542745699149;[171, 0, 17, 255, 161, 74, 234, 71, 197, 1, 0, 43, 1, 0, 86, 0, 0, 241, 8, 48]
1542745699314;[171, 0, 17, 255, 161, 74, 234, 71, 197, 1, 0, 42, 1, 0, 87, 0, 0, 241, 8, 142]
1542745699316;[171, 0, 17, 255, 161, 74, 234, 71, 197, 1, 0, 42, 1, 0, 87, 0, 0, 241, 8, 142]
1542745699318;[171, 0, 17, 255, 161, 74, 234, 71, 197, 1, 0, 41, 1, 0, 83, 0, 0, 243, 8, 160]
1542745699320;[171, 0, 17, 255, 161, 74, 234, 71, 197, 1, 0, 41, 1, 0, 83, 0, 0, 243, 8, 160]
1542745699487;[171, 0, 17, 255, 161, 74, 234, 71, 197, 1, 0, 41, 1, 0, 82, 0, 0, 243, 8, 134]
1542745699489;[171, 0, 17, 255, 161, 74, 234, 71, 197, 1, 0, 41, 1, 0, 82, 0, 0, 243, 8, 134]
1542745699834;[171, 0, 17, 255, 161, 74, 234, 71, 197, 1, 0, 43, 1, 0, 83, 0, 0, 241, 8, 117]
1542745699836;[171, 0, 17, 255, 161, 74, 234, 71, 197, 1, 0, 43, 1, 0, 83, 0, 0, 241, 8, 117]
1542745699838;[171, 0, 17, 255, 161, 74, 234, 71, 197, 1, 0, 41, 1, 0, 87, 0, 0, 241, 8, 83]
1542745699840;[171, 0, 17, 255, 161, 74, 234, 71, 197, 1, 0, 41, 1, 0, 87, 0, 0, 241, 8, 83]
1542745699844;[171, 0, 17, 255, 161, 74, 234, 71, 197, 1, 0, 44, 1, 0, 86, 0, 0, 241, 8, 30]
1542745699846;[171, 0, 17, 255, 161, 74, 234, 71, 197, 1, 0, 44, 1, 0, 86, 0, 0, 241, 8, 30]
1542745699849;[171, 0, 17, 255, 161, 74, 234, 71, 197, 1, 0, 46, 1, 0, 83, 0, 0, 242, 7, 239]
1542745699850;[171, 0, 17, 255, 161, 74, 234, 71, 197, 1, 0, 46, 1, 0, 83, 0, 0, 242, 7, 239]
1542745700004;[171, 0, 4, 255, 132, 128, 64]
1542745700006;[171, 0, 4, 255, 132, 128, 64]
1542745700177;[171, 0, 17, 255, 161, 74, 234, 71, 197, 1, 0, 42, 1, 0, 86, 0, 0, 241, 7, 187]
1542745700179;[171, 0, 17, 255, 161, 74, 234, 71, 197, 1, 0, 42, 1, 0, 86, 0, 0, 241, 7, 187]
1542745700181;[171, 0, 17, 255, 161, 74, 234, 71, 197, 1, 0, 44, 1, 0, 85, 0, 0, 240, 8, 13]
1542745700183;[171, 0, 17, 255, 161, 74, 234, 71, 197, 1, 0, 44, 1, 0, 85, 0, 0, 240, 8, 13]
1542745700350;[171, 0, 17, 255, 161, 74, 234, 71, 198, 1, 0, 47, 1, 0, 83, 0, 0, 241, 8, 59]
1542745700352;[171, 0, 17, 255, 161, 74, 234, 71, 198, 1, 0, 47, 1, 0, 83, 0, 0, 241, 8, 59]
1542745700354;[171, 0, 17, 255, 161, 74, 234, 71, 198, 1, 0, 46, 1, 0, 85, 0, 0, 240, 8, 38]
1542745700356;[171, 0, 17, 255, 161, 74, 234, 71, 198, 1, 0, 46, 1, 0, 85, 0, 0, 240, 8, 38]
1542745700522;[171, 0, 17, 255, 161, 74, 234, 71, 198, 1, 0, 45, 1, 0, 86, 0, 0, 239, 7, 252]
1542745700523;[171, 0, 17, 255, 161, 74, 234, 71, 198, 1, 0, 45, 1, 0, 86, 0, 0, 239, 7, 252]
1542745700526;[171, 0, 17, 255, 161, 74, 234, 71, 198, 1, 0, 44, 1, 0, 83, 0, 0, 240, 7, 209]
1542745700527;[171, 0, 17, 255, 161, 74, 234, 71, 198, 1, 0, 44, 1, 0, 83, 0, 0, 240, 7, 209]
1542745700694;[171, 0, 17, 255, 161, 74, 234, 71, 198, 1, 0, 41, 1, 0, 82, 0, 0, 242, 7, 170]
1542745700695;[171, 0, 17, 255, 161, 74, 234, 71, 198, 1, 0, 41, 1, 0, 82, 0, 0, 242, 7, 170]
1542745701213;[171, 0, 17, 255, 161, 74, 234, 71, 198, 1, 0, 42, 1, 0, 85, 0, 0, 240, 7, 119]
1542745701215;[171, 0, 17, 255, 161, 74, 234, 71, 198, 1, 0, 42, 1, 0, 85, 0, 0, 240, 7, 119]
1542745701387;[171, 0, 17, 255, 161, 74, 234, 71, 198, 1, 0, 44, 1, 0, 85, 0, 0, 242, 7, 63]
1542745701389;[171, 0, 17, 255, 161, 74, 234, 71, 198, 1, 0, 44, 1, 0, 85, 0, 0, 242, 7, 63]
1542745701391;[171, 0, 17, 255, 161, 74, 234, 71, 198, 1, 0, 42, 1, 0, 84, 0, 0, 241, 7, 17]
1542745701393;[171, 0, 17, 255, 161, 74, 234, 71, 198, 1, 0, 42, 1, 0, 84, 0, 0, 241, 7, 17]
1542745701396;[171, 0, 4, 255, 132, 128, 64]
1542745701398;[171, 0, 4, 255, 132, 128, 64]
1542745701401;[171, 0, 17, 255, 161, 74, 234, 71, 198, 1, 0, 43, 1, 0, 85, 0, 0, 242, 7, 49]
1542745701402;[171, 0, 17, 255, 161, 74, 234, 71, 198, 1, 0, 43, 1, 0, 85, 0, 0, 242, 7, 49]
1542745701558;[171, 0, 17, 255, 161, 74, 234, 71, 198, 1, 0, 42, 1, 0, 84, 0, 0, 243, 7, 144]
1542745701560;[171, 0, 17, 255, 161, 74, 234, 71, 198, 1, 0, 42, 1, 0, 84, 0, 0, 243, 7, 144]
1542745701563;[171, 0, 17, 255, 161, 74, 234, 71, 199, 1, 0, 43, 1, 0, 82, 0, 0, 241, 7, 152]
1542745701566;[171, 0, 17, 255, 161, 74, 234, 71, 199, 1, 0, 43, 1, 0, 82, 0, 0, 241, 7, 152]
1542745701567;[171, 0, 17, 255, 161, 74, 234, 71, 199, 1, 0, 43, 1, 0, 86, 0, 0, 242, 7, 141]
1542745701569;[171, 0, 17, 255, 161, 74, 234, 71, 199, 1, 0, 43, 1, 0, 86, 0, 0, 242, 7, 141]
1542745701571;[171, 0, 17, 255, 161, 74, 234, 71, 199, 1, 0, 43, 1, 0, 85, 0, 0, 240, 7, 117]
1542745701573;[171, 0, 17, 255, 161, 74, 234, 71, 199, 1, 0, 43, 1, 0, 85, 0, 0, 240, 7, 117]
1542745701729;[171, 0, 17, 255, 161, 74, 234, 71, 199, 1, 0, 42, 1, 0, 85, 0, 0, 241, 7, 95]
1542745701731;[171, 0, 17, 255, 161, 74, 234, 71, 199, 1, 0, 42, 1, 0, 85, 0, 0, 241, 7, 95]
1542745701734;[171, 0, 17, 255, 161, 74, 234, 71, 199, 1, 0, 40, 1, 0, 83, 0, 0, 243, 7, 58]
1542745701736;[171, 0, 17, 255, 161, 74, 234, 71, 199, 1, 0, 40, 1, 0, 83, 0, 0, 243, 7, 58]
1542745701901;[171, 0, 17, 255, 161, 74, 234, 71, 199, 1, 0, 41, 1, 0, 84, 0, 0, 242, 7, 11]
1542745701903;[171, 0, 17, 255, 161, 74, 234, 71, 199, 1, 0, 41, 1, 0, 84, 0, 0, 242, 7, 11]
1542745702076;[171, 0, 17, 255, 161, 74, 234, 71, 199, 1, 0, 41, 1, 0, 83, 0, 0, 241, 6, 225]
1542745702078;[171, 0, 17, 255, 161, 74, 234, 71, 199, 1, 0, 41, 1, 0, 83, 0, 0, 241, 6, 225]
1542745702080;[171, 0, 17, 255, 161, 74, 234, 71, 199, 1, 0, 42, 1, 0, 85, 0, 0, 242, 6, 184]
1542745702081;[171, 0, 17, 255, 161, 74, 234, 71, 199, 1, 0, 42, 1, 0, 85, 0, 0, 242, 6, 184]
1542745702420;[171, 0, 4, 255, 132, 128, 64]
1542745702423;[171, 0, 4, 255, 132, 128, 64]
1542745702426;[171, 0, 17, 255, 161, 74, 234, 71, 199, 1, 0, 42, 1, 0, 85, 0, 0, 242, 6, 207]
1542745702429;[171, 0, 17, 255, 161, 74, 234, 71, 199, 1, 0, 42, 1, 0, 85, 0, 0, 242, 6, 207]
1542745702431;[171, 0, 17, 255, 161, 74, 234, 71, 199, 1, 0, 39, 1, 0, 85, 0, 0, 241, 7, 45]
1542745702433;[171, 0, 17, 255, 161, 74, 234, 71, 199, 1, 0, 39, 1, 0, 85, 0, 0, 241, 7, 45]
1542745702435;[171, 0, 17, 255, 161, 74, 234, 71, 200, 1, 0, 41, 1, 0, 85, 0, 0, 242, 7, 65]
1542745702436;[171, 0, 17, 255, 161, 74, 234, 71, 200, 1, 0, 41, 1, 0, 85, 0, 0, 242, 7, 65]
1542745702592;[171, 0, 17, 255, 161, 74, 234, 71, 200, 1, 0, 42, 1, 0, 86, 0, 0, 242, 7, 48]
1542745702594;[171, 0, 17, 255, 161, 74, 234, 71, 200, 1, 0, 42, 1, 0, 86, 0, 0, 242, 7, 48]
1542745702764;[171, 0, 17, 255, 161, 74, 234, 71, 200, 1, 0, 41, 1, 0, 83, 0, 0, 241, 7, 30]
1542745702766;[171, 0, 17, 255, 161, 74, 234, 71, 200, 1, 0, 41, 1, 0, 83, 0, 0, 241, 7, 30]
1542745702769;[171, 0, 17, 255, 161, 74, 234, 71, 200, 1, 0, 39, 1, 0, 82, 0, 0, 241, 7, 3]
1542745702770;[171, 0, 17, 255, 161, 74, 234, 71, 200, 1, 0, 39, 1, 0, 82, 0, 0, 241, 7, 3]
1542745702936;[171, 0, 17, 255, 161, 74, 234, 71, 200, 1, 0, 41, 1, 0, 84, 0, 0, 241, 6, 217]
1542745702938;[171, 0, 17, 255, 161, 74, 234, 71, 200, 1, 0, 41, 1, 0, 84, 0, 0, 241, 6, 217]
1542745702941;[171, 0, 17, 255, 161, 74, 234, 71, 200, 1, 0, 42, 1, 0, 84, 0, 0, 241, 6, 173]
1542745702942;[171, 0, 17, 255, 161, 74, 234, 71, 200, 1, 0, 42, 1, 0, 84, 0, 0, 241, 6, 173]
1542745703109;[171, 0, 17, 255, 161, 74, 234, 71, 200, 1, 0, 39, 1, 0, 85, 0, 0, 240, 6, 128]
1542745703111;[171, 0, 17, 255, 161, 74, 234, 71, 200, 1, 0, 39, 1, 0, 85, 0, 0, 240, 6, 128]
1542745703113;[171, 0, 17, 255, 161, 74, 234, 71, 200, 1, 0, 42, 1, 0, 84, 0, 0, 242, 6, 192]
1542745703115;[171, 0, 17, 255, 161, 74, 234, 71, 200, 1, 0, 42, 1, 0, 84, 0, 0, 242, 6, 192]
1542745703281;[171, 0, 4, 255, 132, 128, 64]
1542745703283;[171, 0, 4, 255, 132, 128, 64]
1542745703629;[171, 0, 17, 255, 161, 74, 234, 71, 200, 1, 0, 40, 1, 0, 86, 0, 0, 242, 7, 29]
1542745703631;[171, 0, 17, 255, 161, 74, 234, 71, 200, 1, 0, 40, 1, 0, 86, 0, 0, 242, 7, 29]
1542745703633;[171, 0, 17, 255, 161, 74, 234, 71, 200, 1, 0, 41, 1, 0, 84, 0, 0, 242, 7, 39]
1542745703635;[171, 0, 17, 255, 161, 74, 234, 71, 200, 1, 0, 41, 1, 0, 84, 0, 0, 242, 7, 39]
1542745703637;[171, 0, 17, 255, 161, 74, 234, 71, 201, 1, 0, 42, 1, 0, 85, 0, 0, 242, 7, 19]
1542745703639;[171, 0, 17, 255, 161, 74, 234, 71, 201, 1, 0, 42, 1, 0, 85, 0, 0, 242, 7, 19]
1542745703641;[171, 0, 17, 255, 161, 74, 234, 71, 201, 1, 0, 41, 1, 0, 85, 0, 0, 241, 7, 13]
1542745703643;[171, 0, 17, 255, 161, 74, 234, 71, 201, 1, 0, 41, 1, 0, 85, 0, 0, 241, 7, 13]
1542745703799;[171, 0, 17, 255, 161, 74, 234, 71, 201, 1, 0, 42, 1, 0, 85, 0, 0, 243, 6, 236]
1542745703801;[171, 0, 17, 255, 161, 74, 234, 71, 201, 1, 0, 42, 1, 0, 85, 0, 0, 243, 6, 236]
1542745703972;[171, 0, 17, 255, 161, 74, 234, 71, 201, 1, 0, 40, 1, 0, 83, 0, 0, 242, 6, 205]
1542745703974;[171, 0, 17, 255, 161, 74, 234, 71, 201, 1, 0, 40, 1, 0, 83, 0, 0, 242, 6, 205]
1542745703976;[171, 0, 17, 255, 161, 74, 234, 71, 201, 1, 0, 40, 1, 0, 83, 0, 0, 242, 6, 165]
1542745703977;[171, 0, 17, 255, 161, 74, 234, 71, 201, 1, 0, 40, 1, 0, 83, 0, 0, 242, 6, 165]
1542745704146;[171, 0, 17, 255, 161, 74, 234, 71, 201, 1, 0, 42, 1, 0, 83, 0, 0, 242, 6, 108]
1542745704147;[171, 0, 17, 255, 161, 74, 234, 71, 201, 1, 0, 42, 1, 0, 83, 0, 0, 242, 6, 108]
1542745704150;[171, 0, 17, 255, 161, 74, 234, 71, 201, 1, 0, 39, 1, 0, 85, 0, 0, 241, 6, 114]
1542745704151;[171, 0, 17, 255, 161, 74, 234, 71, 201, 1, 0, 39, 1, 0, 85, 0, 0, 241, 6, 114]
1542745704318;[171, 0, 17, 255, 161, 74, 234, 71, 201, 1, 0, 44, 1, 0, 81, 0, 0, 242, 6, 247]
1542745704320;[171, 0, 17, 255, 161, 74, 234, 71, 201, 1, 0, 44, 1, 0, 81, 0, 0, 242, 6, 247]
1542745704322;[171, 0, 4, 255, 132, 128, 64]
1542745704324;[171, 0, 4, 255, 132, 128, 64]
1542745704487;[171, 0, 17, 255, 161, 74, 234, 71, 201, 1, 0, 40, 1, 0, 85, 0, 0, 242, 7, 29]
1542745704488;[171, 0, 17, 255, 161, 74, 234, 71, 201, 1, 0, 40, 1, 0, 85, 0, 0, 242, 7, 29]
1542745704663;[171, 0, 17, 255, 161, 74, 234, 71, 201, 1, 0, 42, 1, 0, 84, 0, 0, 243, 7, 19]
1542745704665;[171, 0, 17, 255, 161, 74, 234, 71, 201, 1, 0, 42, 1, 0, 84, 0, 0, 243, 7, 19]
1542745704667;[171, 0, 17, 255, 161, 74, 234, 71, 202, 1, 0, 39, 1, 0, 85, 0, 0, 241, 6, 249]
1542745704669;[171, 0, 17, 255, 161, 74, 234, 71, 202, 1, 0, 39, 1, 0, 85, 0, 0, 241, 6, 249]
1542745705008;[171, 0, 17, 255, 161, 74, 234, 71, 202, 1, 0, 42, 1, 0, 85, 0, 0, 242, 6, 228]
1542745705010;[171, 0, 17, 255, 161, 74, 234, 71, 202, 1, 0, 42, 1, 0, 85, 0, 0, 242, 6, 228]
1542745705012;[171, 0, 17, 255, 161, 74, 234, 71, 202, 1, 0, 42, 1, 0, 84, 0, 0, 240, 6, 196]
1542745705014;[171, 0, 17, 255, 161, 74, 234, 71, 202, 1, 0, 42, 1, 0, 84, 0, 0, 240, 6, 196]
1542745705016;[171, 0, 17, 255, 161, 74, 234, 71, 202, 1, 0, 42, 1, 0, 87, 0, 0, 241, 6, 144]
1542745705018;[171, 0, 17, 255, 161, 74, 234, 71, 202, 1, 0, 42, 1, 0, 87, 0, 0, 241, 6, 144]
1542745705020;[171, 0, 17, 255, 161, 74, 234, 71, 202, 1, 0, 44, 1, 0, 86, 0, 0, 240, 6, 87]
1542745705021;[171, 0, 17, 255, 161, 74, 234, 71, 202, 1, 0, 44, 1, 0, 86, 0, 0, 240, 6, 87]
1542745705179;[171, 0, 17, 255, 161, 74, 234, 71, 202, 1, 0, 45, 1, 0, 84, 0, 0, 240, 6, 31]
1542745705181;[171, 0, 17, 255, 161, 74, 234, 71, 202, 1, 0, 45, 1, 0, 84, 0, 0, 240, 6, 31]
1542745705354;[171, 0, 17, 255, 161, 74, 234, 71, 202, 1, 0, 42, 1, 0, 84, 0, 0, 241, 5, 235]
1542745705356;[171, 0, 17, 255, 161, 74, 234, 71, 202, 1, 0, 42, 1, 0, 84, 0, 0, 241, 5, 235]
1542745705358;[171, 0, 17, 255, 161, 74, 234, 71, 202, 1, 0, 44, 1, 0, 85, 0, 0, 241, 6, 68]
1542745705359;[171, 0, 17, 255, 161, 74, 234, 71, 202, 1, 0, 44, 1, 0, 85, 0, 0, 241, 6, 68]
1542745705524;[171, 0, 4, 255, 132, 128, 64]
1542745705526;[171, 0, 4, 255, 132, 128, 64]
1542745705529;[171, 0, 17, 255, 161, 74, 234, 71, 202, 1, 0, 42, 1, 0, 83, 0, 0, 240, 6, 82]
1542745705531;[171, 0, 17, 255, 161, 74, 234, 71, 202, 1, 0, 42, 1, 0, 83, 0, 0, 240, 6, 82]
1542745705697;[171, 0, 17, 255, 161, 74, 234, 71, 202, 1, 0, 44, 1, 0, 86, 0, 0, 243, 6, 56]
1542745705699;[171, 0, 17, 255, 161, 74, 234, 71, 202, 1, 0, 44, 1, 0, 86, 0, 0, 243, 6, 56]
1542745705871;[171, 0, 17, 255, 161, 74, 234, 71, 203, 1, 0, 43, 1, 0, 84, 0, 0, 240, 6, 21]
1542745705873;[171, 0, 17, 255, 161, 74, 234, 71, 203, 1, 0, 43, 1, 0, 84, 0, 0, 240, 6, 21]
1542745705875;[171, 0, 17, 255, 161, 74, 234, 71, 203, 1, 0, 42, 1, 0, 84, 0, 0, 242, 5, 235]
1542745705877;[171, 0, 17, 255, 161, 74, 234, 71, 203, 1, 0, 42, 1, 0, 84, 0, 0, 242, 5, 235]
1542745706215;[171, 0, 17, 255, 161, 74, 234, 71, 203, 1, 0, 40, 1, 0, 84, 0, 0, 240, 5, 196]
1542745706218;[171, 0, 17, 255, 161, 74, 234, 71, 203, 1, 0, 40, 1, 0, 84, 0, 0, 240, 5, 196]
1542745706220;[171, 0, 17, 255, 161, 74, 234, 71, 203, 1, 0, 40, 1, 0, 86, 0, 0, 243, 5, 196]
1542745706222;[171, 0, 17, 255, 161, 74, 234, 71, 203, 1, 0, 40, 1, 0, 86, 0, 0, 243, 5, 196]
1542745706224;[171, 0, 17, 255, 161, 74, 234, 71, 203, 1, 0, 37, 1, 0, 85, 0, 0, 242, 5, 151]
1542745706226;[171, 0, 17, 255, 161, 74, 234, 71, 203, 1, 0, 37, 1, 0, 85, 0, 0, 242, 5, 151]
1542745706229;[171, 0, 17, 255, 161, 74, 234, 71, 203, 1, 0, 41, 1, 0, 82, 0, 0, 243, 5, 140]
1542745706230;[171, 0, 17, 255, 161, 74, 234, 71, 203, 1, 0, 41, 1, 0, 82, 0, 0, 243, 5, 140]
1542745706387;[171, 0, 17, 255, 161, 74, 234, 71, 203, 1, 0, 40, 1, 0, 84, 0, 0, 241, 5, 225]
1542745706389;[171, 0, 17, 255, 161, 74, 234, 71, 203, 1, 0, 40, 1, 0, 84, 0, 0, 241, 5, 225]
1542745706560;[171, 0, 17, 255, 161, 74, 234, 71, 203, 1, 0, 42, 1, 0, 85, 0, 0, 241, 6, 8]
1542745706562;[171, 0, 17, 255, 161, 74, 234, 71, 203, 1, 0, 42, 1, 0, 85, 0, 0, 241, 6, 8]
1542745706564;[171, 0, 4, 255, 132, 128, 64]
1542745706566;[171, 0, 4, 255, 132, 128, 64]
1542745706732;[171, 0, 17, 255, 161, 74, 234, 71, 203, 1, 0, 40, 1, 0, 83, 0, 0, 241, 6, 1]
1542745706734;[171, 0, 17, 255, 161, 74, 234, 71, 203, 1, 0, 40, 1, 0, 83, 0, 0, 241, 6, 1]
1542745706737;[171, 0, 17, 255, 161, 74, 234, 71, 203, 1, 0, 39, 1, 0, 84, 0, 0, 242, 5, 231]
1542745706739;[171, 0, 17, 255, 161, 74, 234, 71, 203, 1, 0, 39, 1, 0, 84, 0, 0, 242, 5, 231]
1542745706904;[171, 0, 17, 255, 161, 74, 234, 71, 204, 1, 0, 40, 1, 0, 84, 0, 0, 242, 5, 209]
1542745706906;[171, 0, 17, 255, 161, 74, 234, 71, 204, 1, 0, 40, 1, 0, 84, 0, 0, 242, 5, 209]
1542745707082;[171, 0, 17, 255, 161, 74, 234, 71, 204, 1, 0, 42, 1, 0, 85, 0, 0, 242, 5, 181]
1542745707083;[171, 0, 17, 255, 161, 74, 234, 71, 204, 1, 0, 42, 1, 0, 85, 0, 0, 242, 5, 181]
1542745707597;[171, 0, 17, 255, 161, 74, 234, 71, 204, 1, 0, 41, 1, 0, 85, 0, 0, 241, 5, 134]
1542745707599;[171, 0, 17, 255, 161, 74, 234, 71, 204, 1, 0, 41, 1, 0, 85, 0, 0, 241, 5, 134]
1542745707601;[171, 0, 17, 255, 161, 74, 234, 71, 204, 1, 0, 37, 1, 0, 83, 0, 0, 241, 5, 98]
1542745707603;[171, 0, 17, 255, 161, 74, 234, 71, 204, 1, 0, 37, 1, 0, 83, 0, 0, 241, 5, 98]
1542745707605;[171, 0, 17, 255, 161, 74, 234, 71, 204, 1, 0, 39, 1, 0, 85, 0, 0, 241, 5, 123]
1542745707607;[171, 0, 17, 255, 161, 74, 234, 71, 204, 1, 0, 39, 1, 0, 85, 0, 0, 241, 5, 123]
1542745707610;[171, 0, 17, 255, 161, 74, 234, 71, 204, 1, 0, 40, 1, 0, 83, 0, 0, 241, 5, 243]
1542745707611;[171, 0, 17, 255, 161, 74, 234, 71, 204, 1, 0, 40, 1, 0, 83, 0, 0, 241, 5, 243]
1542745707770;[171, 0, 17, 255, 161, 74, 234, 71, 204, 1, 0, 41, 1, 0, 83, 0, 0, 242, 6, 42]
1542745707772;[171, 0, 17, 255, 161, 74, 234, 71, 204, 1, 0, 41, 1, 0, 83, 0, 0, 242, 6, 42]
1542745707774;[171, 0, 17, 255, 161, 74, 234, 71, 204, 1, 0, 41, 1, 0, 82, 0, 0, 241, 6, 46]
1542745707776;[171, 0, 17, 255, 161, 74, 234, 71, 204, 1, 0, 41, 1, 0, 82, 0, 0, 241, 6, 46]
1542745707778;[171, 0, 4, 255, 132, 128, 64]
1542745707782;[171, 0, 4, 255, 132, 128, 64]
1542745707785;[171, 0, 17, 255, 161, 74, 234, 71, 204, 1, 0, 39, 1, 0, 82, 0, 0, 243, 6, 31]
1542745707786;[171, 0, 17, 255, 161, 74, 234, 71, 204, 1, 0, 39, 1, 0, 82, 0, 0, 243, 6, 31]
1542745707939;[171, 0, 17, 255, 161, 74, 234, 71, 204, 1, 0, 42, 1, 0, 82, 0, 0, 241, 6, 21]
1542745707941;[171, 0, 17, 255, 161, 74, 234, 71, 204, 1, 0, 42, 1, 0, 82, 0, 0, 241, 6, 21]
1542745707944;[171, 0, 17, 255, 161, 74, 234, 71, 205, 1, 0, 42, 1, 0, 81, 0, 0, 242, 5, 255]
1542745707945;[171, 0, 17, 255, 161, 74, 234, 71, 205, 1, 0, 42, 1, 0, 81, 0, 0, 242, 5, 255]
1542745708112;[171, 0, 17, 255, 161, 74, 234, 71, 205, 1, 0, 40, 1, 0, 84, 0, 0, 241, 5, 209]
1542745708114;[171, 0, 17, 255, 161, 74, 234, 71, 205, 1, 0, 40, 1, 0, 84, 0, 0, 241, 5, 209]
1542745708116;[171, 0, 17, 255, 161, 74, 234, 71, 205, 1, 0, 42, 1, 0, 83, 0, 0, 243, 5, 167]
1542745708118;[171, 0, 17, 255, 161, 74, 234, 71, 205, 1, 0, 42, 1, 0, 83, 0, 0, 243, 5, 167]
1542745708285;[171, 0, 17, 255, 161, 74, 234, 71, 205, 1, 0, 39, 1, 0, 83, 0, 0, 242, 5, 125]
1542745708287;[171, 0, 17, 255, 161, 74, 234, 71, 205, 1, 0, 39, 1, 0, 83, 0, 0, 242, 5, 125]
1542745708458;[171, 0, 17, 255, 161, 74, 234, 71, 205, 1, 0, 41, 1, 0, 83, 0, 0, 242, 5, 155]
1542745708459;[171, 0, 17, 255, 161, 74, 234, 71, 205, 1, 0, 41, 1, 0, 83, 0, 0, 242, 5, 155]
1542745708462;[171, 0, 17, 255, 161, 74, 234, 71, 205, 1, 0, 39, 1, 0, 83, 0, 0, 242, 6, 5]
1542745708464;[171, 0, 17, 255, 161, 74, 234, 71, 205, 1, 0, 39, 1, 0, 83, 0, 0, 242, 6, 5]
1542745708803;[171, 0, 17, 255, 161, 74, 234, 71, 205, 1, 0, 41, 1, 0, 83, 0, 0, 242, 6, 43]
1542745708805;[171, 0, 17, 255, 161, 74, 234, 71, 205, 1, 0, 41, 1, 0, 83, 0, 0, 242, 6, 43]
1542745708807;[171, 0, 17, 255, 161, 74, 234, 71, 205, 1, 0, 43, 1, 0, 86, 0, 0, 241, 6, 45]
1542745708809;[171, 0, 17, 255, 161, 74, 234, 71, 205, 1, 0, 43, 1, 0, 86, 0, 0, 241, 6, 45]
1542745708811;[171, 0, 4, 255, 132, 128, 64]
1542745708814;[171, 0, 4, 255, 132, 128, 64]
1542745708974;[171, 0, 17, 255, 161, 74, 234, 71, 205, 1, 0, 39, 1, 0, 84, 0, 0, 242, 6, 35]
1542745708976;[171, 0, 17, 255, 161, 74, 234, 71, 205, 1, 0, 39, 1, 0, 84, 0, 0, 242, 6, 35]
1542745708981;[171, 0, 17, 255, 161, 74, 234, 71, 205, 1, 0, 41, 1, 0, 87, 0, 0, 242, 6, 15]
1542745708982;[171, 0, 17, 255, 161, 74, 234, 71, 205, 1, 0, 41, 1, 0, 87, 0, 0, 242, 6, 15]
1542745709148;[171, 0, 17, 255, 161, 74, 234, 71, 206, 1, 0, 39, 1, 0, 83, 0, 0, 243, 5, 230]
1542745709150;[171, 0, 17, 255, 161, 74, 234, 71, 206, 1, 0, 39, 1, 0, 83, 0, 0, 243, 5, 230]
1542745709152;[171, 0, 17, 255, 161, 74, 234, 71, 206, 1, 0, 41, 1, 0, 85, 0, 0, 239, 5, 192]
1542745709154;[171, 0, 17, 255, 161, 74, 234, 71, 206, 1, 0, 41, 1, 0, 85, 0, 0, 239, 5, 192]
1542745709320;[171, 0, 17, 255, 161, 74, 234, 71, 206, 1, 0, 38, 1, 0, 85, 0, 0, 241, 5, 145]
1542745709322;[171, 0, 17, 255, 161, 74, 234, 71, 206, 1, 0, 38, 1, 0, 85, 0, 0, 241, 5, 145]
1542745709324;[171, 0, 17, 255, 161, 74, 234, 71, 206, 1, 0, 41, 1, 0, 85, 0, 0, 242, 5, 136]
1542745709325;[171, 0, 17, 255, 161, 74, 234, 71, 206, 1, 0, 41, 1, 0, 85, 0, 0, 242, 5, 136]
1542745709491;[171, 0, 17, 255, 161, 74, 234, 71, 206, 1, 0, 39, 1, 0, 84, 0, 0, 242, 5, 234]
1542745709493;[171, 0, 17, 255, 161, 74, 234, 71, 206, 1, 0, 39, 1, 0, 84, 0, 0, 242, 5, 234]
1542745709665;[171, 0, 17, 255, 161, 74, 234, 71, 206, 1, 0, 43, 1, 0, 83, 0, 0, 242, 6, 2]
1542745709666;[171, 0, 17, 255, 161, 74, 234, 71, 206, 1, 0, 43, 1, 0, 83, 0, 0, 242, 6, 2]
1542745709669;[171, 0, 17, 255, 161, 74, 234, 71, 206, 1, 0, 39, 1, 0, 85, 0, 0, 242, 5, 255]
1542745709671;[171, 0, 17, 255, 161, 74, 234, 71, 206, 1, 0, 39, 1, 0, 85, 0, 0, 242, 5, 255]
1542745710011;[171, 0, 17, 255, 161, 74, 234, 71, 206, 1, 0, 43, 1, 0, 83, 0, 0, 241, 5, 228]
1542745710013;[171, 0, 17, 255, 161, 74, 234, 71, 206, 1, 0, 43, 1, 0, 83, 0, 0, 241, 5, 228]
1542745710016;[171, 0, 4, 255, 132, 128, 64]
1542745710018;[171, 0, 4, 255, 132, 128, 64]
1542745710020;[171, 0, 17, 255, 161, 74, 234, 71, 206, 1, 0, 42, 1, 0, 84, 0, 0, 243, 5, 211]
1542745710022;[171, 0, 17, 255, 161, 74, 234, 71, 206, 1, 0, 42, 1, 0, 84, 0, 0, 243, 5, 211]
1542745710024;[171, 0, 17, 255, 161, 74, 234, 71, 206, 1, 0, 42, 1, 0, 86, 0, 0, 242, 5, 165]
1542745710026;[171, 0, 17, 255, 161, 74, 234, 71, 206, 1, 0, 42, 1, 0, 86, 0, 0, 242, 5, 165]
1542745710181;[171, 0, 17, 255, 161, 74, 234, 71, 207, 1, 0, 44, 1, 0, 84, 0, 0, 241, 5, 121]
1542745710183;[171, 0, 17, 255, 161, 74, 234, 71, 207, 1, 0, 44, 1, 0, 84, 0, 0, 241, 5, 121]
1542745710359;[171, 0, 17, 255, 161, 74, 234, 71, 207, 1, 0, 44, 1, 0, 83, 0, 0, 242, 5, 63]
1542745710361;[171, 0, 17, 255, 161, 74, 234, 71, 207, 1, 0, 44, 1, 0, 83, 0, 0, 242, 5, 63]
1542745710366;[171, 0, 17, 255, 161, 74, 234, 71, 207, 1, 0, 43, 1, 0, 83, 0, 0, 242, 5, 87]
1542745710367;[171, 0, 17, 255, 161, 74, 234, 71, 207, 1, 0, 43, 1, 0, 83, 0, 0, 242, 5, 87]
1542745710874;[171, 0, 17, 255, 161, 74, 234, 71, 207, 1, 0, 41, 1, 0, 86, 0, 0, 241, 5, 139]
1542745710876;[171, 0, 17, 255, 161, 74, 234, 71, 207, 1, 0, 41, 1, 0, 86, 0, 0, 241, 5, 139]
1542745710878;[171, 0, 17, 255, 161, 74, 234, 71, 207, 1, 0, 45, 1, 0, 82, 0, 0, 241, 5, 142]
1542745710880;[171, 0, 17, 255, 161, 74, 234, 71, 207, 1, 0, 45, 1, 0, 82, 0, 0, 241, 5, 142]
1542745710883;[171, 0, 17, 255, 161, 74, 234, 71, 207, 1, 0, 46, 1, 0, 86, 0, 0, 243, 5, 121]
1542745710885;[171, 0, 17, 255, 161, 74, 234, 71, 207, 1, 0, 46, 1, 0, 86, 0, 0, 243, 5, 121]
1542745710888;[171, 0, 17, 255, 161, 74, 234, 71, 207, 1, 0, 44, 1, 0, 85, 0, 0, 241, 5, 86]
1542745710889;[171, 0, 17, 255, 161, 74, 234, 71, 207, 1, 0, 44, 1, 0, 85, 0, 0, 241, 5, 86]
1542745711046;[171, 0, 17, 255, 161, 74, 234, 71, 207, 1, 0, 44, 1, 0, 86, 0, 0, 241, 5, 41]
1542745711048;[171, 0, 17, 255, 161, 74, 234, 71, 207, 1, 0, 44, 1, 0, 86, 0, 0, 241, 5, 41]
1542745711050;[171, 0, 4, 255, 132, 128, 64]
1542745711052;[171, 0, 4, 255, 132, 128, 64]
1542745711055;[171, 0, 17, 255, 161, 74, 234, 71, 207, 1, 0, 45, 1, 0, 84, 0, 0, 241, 5, 0]
1542745711056;[171, 0, 17, 255, 161, 74, 234, 71, 207, 1, 0, 45, 1, 0, 84, 0, 0, 241, 5, 0]
1542745711390;[171, 0, 17, 255, 161, 74, 234, 71, 207, 1, 0, 42, 1, 0, 85, 0, 0, 242, 4, 211]
1542745711392;[171, 0, 17, 255, 161, 74, 234, 71, 207, 1, 0, 42, 1, 0, 85, 0, 0, 242, 4, 211]
1542745711395;[171, 0, 17, 255, 161, 74, 234, 71, 208, 1, 0, 45, 1, 0, 86, 0, 0, 241, 4, 152]
1542745711397;[171, 0, 17, 255, 161, 74, 234, 71, 208, 1, 0, 45, 1, 0, 86, 0, 0, 241, 4, 152]
1542745711399;[171, 0, 17, 255, 161, 74, 234, 71, 208, 1, 0, 46, 1, 0, 85, 0, 0, 239, 4, 116]
1542745711401;[171, 0, 17, 255, 161, 74, 234, 71, 208, 1, 0, 46, 1, 0, 85, 0, 0, 239, 4, 116]
1542745711563;[171, 0, 17, 255, 161, 74, 234, 71, 208, 1, 0, 42, 1, 0, 84, 0, 0, 242, 4, 130]
1542745711565;[171, 0, 17, 255, 161, 74, 234, 71, 208, 1, 0, 42, 1, 0, 84, 0, 0, 242, 4, 130]
1542745711567;[171, 0, 17, 255, 161, 74, 234, 71, 208, 1, 0, 42, 1, 0, 85, 0, 0, 242, 4, 172]
1542745711569;[171, 0, 17, 255, 161, 74, 234, 71, 208, 1, 0, 42, 1, 0, 85, 0, 0, 242, 4, 172]
1542745711735;[171, 0, 17, 255, 161, 74, 234, 71, 208, 1, 0, 41, 1, 0, 84, 0, 0, 242, 4, 162]
1542745711737;[171, 0, 17, 255, 161, 74, 234, 71, 208, 1, 0, 41, 1, 0, 84, 0, 0, 242, 4, 162]
1542745711740;[171, 0, 17, 255, 161, 74, 234, 71, 208, 1, 0, 40, 1, 0, 86, 0, 0, 242, 4, 137]
1542745711742;[171, 0, 17, 255, 161, 74, 234, 71, 208, 1, 0, 40, 1, 0, 86, 0, 0, 242, 4, 137]
1542745712084;[171, 0, 17, 255, 161, 74, 234, 71, 208, 1, 0, 42, 1, 0, 85, 0, 0, 241, 4, 108]
1542745712086;[171, 0, 17, 255, 161, 74, 234, 71, 208, 1, 0, 42, 1, 0, 85, 0, 0, 241, 4, 108]
1542745712091;[171, 0, 17, 255, 161, 74, 234, 71, 210, 1, 0, 40, 1, 0, 82, 0, 0, 241, 3, 171]
1542745712093;[171, 0, 17, 255, 161, 74, 234, 71, 210, 1, 0, 40, 1, 0, 82, 0, 0, 241, 3, 171]
1542745712251;[171, 0, 17, 255, 161, 74, 234, 71, 210, 1, 0, 42, 1, 0, 82, 0, 0, 242, 3, 141]
1542745712253;[171, 0, 17, 255, 161, 74, 234, 71, 210, 1, 0, 42, 1, 0, 82, 0, 0, 242, 3, 141]
1542745712597;[171, 0, 17, 255, 161, 74, 234, 71, 211, 1, 0, 43, 1, 0, 87, 0, 0, 240, 3, 111]
1542745712599;[171, 0, 17, 255, 161, 74, 234, 71, 211, 1, 0, 43, 1, 0, 87, 0, 0, 240, 3, 111]
1542745712602;[171, 0, 17, 255, 161, 74, 234, 71, 211, 1, 0, 45, 1, 0, 85, 0, 0, 240, 3, 197]
1542745712604;[171, 0, 17, 255, 161, 74, 234, 71, 211, 1, 0, 45, 1, 0, 85, 0, 0, 240, 3, 197]
1542745712606;[171, 0, 17, 255, 161, 74, 234, 71, 211, 1, 0, 45, 1, 0, 84, 0, 0, 242, 4, 9]
1542745712608;[171, 0, 17, 255, 161, 74, 234, 71, 211, 1, 0, 45, 1, 0, 84, 0, 0, 242, 4, 9]
1542745712772;[171, 0, 17, 255, 161, 74, 234, 71, 211, 1, 0, 42, 1, 0, 85, 0, 0, 241, 4, 27]
1542745712775;[171, 0, 17, 255, 161, 74, 234, 71, 211, 1, 0, 42, 1, 0, 85, 0, 0, 241, 4, 27]
1542745712777;[171, 0, 17, 255, 161, 74, 234, 71, 211, 1, 0, 44, 1, 0, 84, 0, 0, 241, 4, 14]
1542745712779;[171, 0, 17, 255, 161, 74, 234, 71, 211, 1, 0, 44, 1, 0, 84, 0, 0, 241, 4, 14]
1542745712943;[171, 0, 17, 255, 161, 74, 234, 71, 211, 1, 0, 45, 1, 0, 85, 0, 0, 241, 4, 8]
1542745712945;[171, 0, 17, 255, 161, 74, 234, 71, 211, 1, 0, 45, 1, 0, 85, 0, 0, 241, 4, 8]
1542745712946;[171, 0, 17, 255, 161, 74, 234, 71, 211, 1, 0, 43, 1, 0, 84, 0, 0, 240, 3, 242]
1542745712948;[171, 0, 17, 255, 161, 74, 234, 71, 211, 1, 0, 43, 1, 0, 84, 0, 0, 240, 3, 242]
1542745713115;[171, 0, 17, 255, 161, 74, 234, 71, 211, 1, 0, 43, 1, 0, 87, 0, 0, 241, 3, 217]
1542745713117;[171, 0, 17, 255, 161, 74, 234, 71, 211, 1, 0, 43, 1, 0, 87, 0, 0, 241, 3, 217]
1542745713119;[171, 0, 4, 255, 132, 128, 64]
1542745713121;[171, 0, 4, 255, 132, 128, 64]
1542745713286;[171, 0, 17, 255, 161, 74, 234, 71, 211, 1, 0, 44, 1, 0, 84, 0, 0, 240, 3, 205]
1542745713287;[171, 0, 17, 255, 161, 74, 234, 71, 211, 1, 0, 44, 1, 0, 84, 0, 0, 240, 3, 205]
1542745713459;[171, 0, 17, 255, 161, 74, 234, 71, 211, 1, 0, 41, 1, 0, 81, 0, 0, 241, 3, 174]
1542745713462;[171, 0, 17, 255, 161, 74, 234, 71, 211, 1, 0, 41, 1, 0, 81, 0, 0, 241, 3, 174]
1542745713463;[171, 0, 17, 255, 161, 74, 234, 71, 212, 1, 0, 41, 1, 0, 82, 0, 0, 241, 3, 163]
1542745713465;[171, 0, 17, 255, 161, 74, 234, 71, 212, 1, 0, 41, 1, 0, 82, 0, 0, 241, 3, 163]
1542745713632;[171, 0, 17, 255, 161, 74, 234, 71, 212, 1, 0, 41, 1, 0, 84, 0, 0, 242, 4, 38]
1542745713634;[171, 0, 17, 255, 161, 74, 234, 71, 212, 1, 0, 41, 1, 0, 84, 0, 0, 242, 4, 38]
1542745713636;[171, 0, 17, 255, 161, 74, 234, 71, 212, 1, 0, 42, 1, 0, 85, 0, 0, 240, 4, 104]
1542745713638;[171, 0, 17, 255, 161, 74, 234, 71, 212, 1, 0, 42, 1, 0, 85, 0, 0, 240, 4, 104]
1542745713978;[171, 0, 17, 255, 161, 74, 234, 71, 212, 1, 0, 41, 1, 0, 84, 0, 0, 240, 4, 124]
1542745713980;[171, 0, 17, 255, 161, 74, 234, 71, 212, 1, 0, 41, 1, 0, 84, 0, 0, 240, 4, 124]
1542745713982;[171, 0, 17, 255, 161, 74, 234, 71, 212, 1, 0, 44, 1, 0, 85, 0, 0, 242, 4, 131]
1542745713984;[171, 0, 17, 255, 161, 74, 234, 71, 212, 1, 0, 44, 1, 0, 85, 0, 0, 242, 4, 131]
1542745713986;[171, 0, 17, 255, 161, 74, 234, 71, 212, 1, 0, 41, 1, 0, 83, 0, 0, 241, 4, 137]
1542745713988;[171, 0, 17, 255, 161, 74, 234, 71, 212, 1, 0, 41, 1, 0, 83, 0, 0, 241, 4, 137]
1542745714150;[171, 0, 17, 255, 161, 74, 234, 71, 212, 1, 0, 45, 1, 0, 84, 0, 0, 242, 4, 141]
1542745714152;[171, 0, 17, 255, 161, 74, 234, 71, 212, 1, 0, 45, 1, 0, 84, 0, 0, 242, 4, 141]
1542745714154;[171, 0, 17, 255, 161, 74, 234, 71, 212, 1, 0, 44, 1, 0, 84, 0, 0, 241, 4, 121]
1542745714156;[171, 0, 17, 255, 161, 74, 234, 71, 212, 1, 0, 44, 1, 0, 84, 0, 0, 241, 4, 121]
1542745714322;[171, 0, 4, 255, 132, 128, 64]
1542745714324;[171, 0, 4, 255, 132, 128, 64]
1542745714327;[171, 0, 17, 255, 161, 74, 234, 71, 212, 1, 0, 43, 1, 0, 85, 0, 0, 242, 4, 92]
1542745714329;[171, 0, 17, 255, 161, 74, 234, 71, 212, 1, 0, 43, 1, 0, 85, 0, 0, 242, 4, 92]
1542745714494;[171, 0, 17, 255, 161, 74, 234, 71, 212, 1, 0, 42, 1, 0, 85, 0, 0, 242, 4, 87]
1542745714496;[171, 0, 17, 255, 161, 74, 234, 71, 212, 1, 0, 42, 1, 0, 85, 0, 0, 242, 4, 87]
1542745714667;[171, 0, 17, 255, 161, 74, 234, 71, 213, 1, 0, 44, 1, 0, 84, 0, 0, 242, 5, 16]
1542745714669;[171, 0, 17, 255, 161, 74, 234, 71, 213, 1, 0, 44, 1, 0, 84, 0, 0, 242, 5, 16]
1542745714672;[171, 0, 17, 255, 161, 74, 234, 71, 213, 1, 0, 38, 1, 0, 83, 0, 0, 241, 5, 122]
1542745714674;[171, 0, 17, 255, 161, 74, 234, 71, 213, 1, 0, 38, 1, 0, 83, 0, 0, 241, 5, 122]
1542745714839;[171, 0, 17, 255, 161, 74, 234, 71, 213, 1, 0, 40, 1, 0, 84, 0, 0, 243, 5, 158]
1542745714841;[171, 0, 17, 255, 161, 74, 234, 71, 213, 1, 0, 40, 1, 0, 84, 0, 0, 243, 5, 158]
1542745714843;[171, 0, 17, 255, 161, 74, 234, 71, 213, 1, 0, 38, 1, 0, 83, 0, 0, 242, 5, 172]
1542745714845;[171, 0, 17, 255, 161, 74, 234, 71, 213, 1, 0, 38, 1, 0, 83, 0, 0, 242, 5, 172]
1542745715187;[171, 0, 17, 255, 161, 74, 234, 71, 213, 1, 0, 41, 1, 0, 85, 0, 0, 242, 5, 182]
1542745715190;[171, 0, 17, 255, 161, 74, 234, 71, 213, 1, 0, 41, 1, 0, 85, 0, 0, 242, 5, 182]
1542745715193;[171, 0, 17, 255, 161, 74, 234, 71, 213, 1, 0, 42, 1, 0, 82, 0, 0, 240, 5, 176]
1542745715195;[171, 0, 17, 255, 161, 74, 234, 71, 213, 1, 0, 42, 1, 0, 82, 0, 0, 240, 5, 176]
1542745715197;[171, 0, 17, 255, 161, 74, 234, 71, 213, 1, 0, 41, 1, 0, 87, 0, 0, 243, 5, 147]
1542745715198;[171, 0, 17, 255, 161, 74, 234, 71, 213, 1, 0, 41, 1, 0, 87, 0, 0, 243, 5, 147]
1542745715364;[171, 0, 17, 255, 161, 74, 234, 71, 213, 1, 0, 44, 1, 0, 84, 0, 0, 242, 5, 113]
1542745715367;[171, 0, 17, 255, 161, 74, 234, 71, 213, 1, 0, 44, 1, 0, 84, 0, 0, 242, 5, 113]
1542745715372;[171, 0, 4, 255, 132, 128, 64]
1542745715377;[171, 0, 4, 255, 132, 128, 64]
1542745715703;[171, 0, 17, 255, 161, 74, 234, 71, 213, 1, 0, 41, 1, 0, 83, 0, 0, 241, 5, 76]
1542745715706;[171, 0, 17, 255, 161, 74, 234, 71, 213, 1, 0, 41, 1, 0, 83, 0, 0, 241, 5, 76]
1542745715708;[171, 0, 17, 255, 161, 74, 234, 71, 213, 1, 0, 42, 1, 0, 82, 0, 0, 243, 5, 51]
1542745715710;[171, 0, 17, 255, 161, 74, 234, 71, 213, 1, 0, 42, 1, 0, 82, 0, 0, 243, 5, 51]
1542745715712;[171, 0, 17, 255, 161, 74, 234, 71, 214, 1, 0, 40, 1, 0, 86, 0, 0, 242, 5, 189]
1542745715714;[171, 0, 17, 255, 161, 74, 234, 71, 214, 1, 0, 40, 1, 0, 86, 0, 0, 242, 5, 189]
1542745715876;[171, 0, 17, 255, 161, 74, 234, 71, 214, 1, 0, 44, 1, 0, 84, 0, 0, 241, 6, 51]
1542745715878;[171, 0, 17, 255, 161, 74, 234, 71, 214, 1, 0, 44, 1, 0, 84, 0, 0, 241, 6, 51]
1542745715880;[171, 0, 17, 255, 161, 74, 234, 71, 214, 1, 0, 43, 1, 0, 85, 0, 0, 243, 6, 85]
1542745715881;[171, 0, 17, 255, 161, 74, 234, 71, 214, 1, 0, 43, 1, 0, 85, 0, 0, 243, 6, 85]
1542745716046;[171, 0, 17, 255, 161, 74, 234, 71, 214, 1, 0, 41, 1, 0, 83, 0, 0, 241, 6, 76]
1542745716048;[171, 0, 17, 255, 161, 74, 234, 71, 214, 1, 0, 41, 1, 0, 83, 0, 0, 241, 6, 76]
1542745716566;[171, 0, 17, 255, 161, 74, 234, 71, 214, 1, 0, 43, 1, 0, 85, 0, 0, 241, 6, 79]
1542745716569;[171, 0, 17, 255, 161, 74, 234, 71, 214, 1, 0, 43, 1, 0, 85, 0, 0, 241, 6, 79]
1542745716571;[171, 0, 17, 255, 161, 74, 234, 71, 214, 1, 0, 39, 1, 0, 88, 0, 0, 241, 6, 65]
1542745716573;[171, 0, 17, 255, 161, 74, 234, 71, 214, 1, 0, 39, 1, 0, 88, 0, 0, 241, 6, 65]
1542745716575;[171, 0, 17, 255, 161, 74, 234, 71, 214, 1, 0, 42, 1, 0, 81, 0, 0, 242, 6, 29]
1542745716578;[171, 0, 17, 255, 161, 74, 234, 71, 214, 1, 0, 42, 1, 0, 81, 0, 0, 242, 6, 29]
1542745716580;[171, 0, 17, 255, 161, 74, 234, 71, 214, 1, 0, 39, 1, 0, 85, 0, 0, 240, 5, 248]
1542745716582;[171, 0, 17, 255, 161, 74, 234, 71, 214, 1, 0, 39, 1, 0, 85, 0, 0, 240, 5, 248]
1542745716738;[171, 0, 4, 255, 132, 128, 64]
1542745716741;[171, 0, 4, 255, 132, 128, 64]
1542745716743;[171, 0, 17, 255, 161, 74, 234, 71, 214, 1, 0, 40, 1, 0, 82, 0, 0, 242, 5, 198]
1542745716746;[171, 0, 17, 255, 161, 74, 234, 71, 214, 1, 0, 40, 1, 0, 82, 0, 0, 242, 5, 198]
1542745716749;[171, 0, 17, 255, 161, 74, 234, 71, 214, 1, 0, 41, 1, 0, 85, 0, 0, 241, 5, 156]
1542745716751;[171, 0, 17, 255, 161, 74, 234, 71, 214, 1, 0, 41, 1, 0, 85, 0, 0, 241, 5, 156]
1542745716752;[171, 0, 17, 255, 161, 74, 234, 71, 215, 1, 0, 44, 1, 0, 82, 0, 0, 241, 5, 189]
1542745716754;[171, 0, 17, 255, 161, 74, 234, 71, 215, 1, 0, 44, 1, 0, 82, 0, 0, 241, 5, 189]
1542745716909;[171, 0, 17, 255, 161, 74, 234, 71, 215, 1, 0, 40, 1, 0, 87, 0, 0, 242, 6, 54]
1542745716911;[171, 0, 17, 255, 161, 74, 234, 71, 215, 1, 0, 40, 1, 0, 87, 0, 0, 242, 6, 54]
1542745716914;[171, 0, 17, 255, 161, 74, 234, 71, 215, 1, 0, 42, 1, 0, 83, 0, 0, 240, 6, 86]
1542745716915;[171, 0, 17, 255, 161, 74, 234, 71, 215, 1, 0, 42, 1, 0, 83, 0, 0, 240, 6, 86]
1542745717081;[171, 0, 17, 255, 161, 74, 234, 71, 215, 1, 0, 42, 1, 0, 86, 0, 0, 242, 6, 75]
1542745717083;[171, 0, 17, 255, 161, 74, 234, 71, 215, 1, 0, 42, 1, 0, 86, 0, 0, 242, 6, 75]
1542745717254;[171, 0, 17, 255, 161, 74, 234, 71, 215, 1, 0, 45, 1, 0, 84, 0, 0, 240, 6, 63]
1542745717256;[171, 0, 17, 255, 161, 74, 234, 71, 215, 1, 0, 45, 1, 0, 84, 0, 0, 240, 6, 63]
1542745717258;[171, 0, 17, 255, 161, 74, 234, 71, 215, 1, 0, 41, 1, 0, 84, 0, 0, 241, 6, 23]
1542745717260;[171, 0, 17, 255, 161, 74, 234, 71, 215, 1, 0, 41, 1, 0, 84, 0, 0, 241, 6, 23]
1542745717427;[171, 0, 17, 255, 161, 74, 234, 71, 215, 1, 0, 45, 1, 0, 85, 0, 0, 242, 5, 241]
1542745717429;[171, 0, 17, 255, 161, 74, 234, 71, 215, 1, 0, 45, 1, 0, 85, 0, 0, 242, 5, 241]
1542745717431;[171, 0, 17, 255, 161, 74, 234, 71, 215, 1, 0, 43, 1, 0, 85, 0, 0, 242, 5, 189]
1542745717433;[171, 0, 17, 255, 161, 74, 234, 71, 215, 1, 0, 43, 1, 0, 85, 0, 0, 242, 5, 189]
1542745717772;[171, 0, 4, 255, 132, 128, 64]
1542745717774;[171, 0, 4, 255, 132, 128, 64]
1542745717777;[171, 0, 17, 255, 161, 74, 234, 71, 215, 1, 0, 42, 1, 0, 85, 0, 0, 241, 5, 137]
1542745717779;[171, 0, 17, 255, 161, 74, 234, 71, 215, 1, 0, 42, 1, 0, 85, 0, 0, 241, 5, 137]
1542745717781;[171, 0, 17, 255, 161, 74, 234, 71, 215, 1, 0, 45, 1, 0, 85, 0, 0, 241, 5, 196]
1542745717782;[171, 0, 17, 255, 161, 74, 234, 71, 215, 1, 0, 45, 1, 0, 85, 0, 0, 241, 5, 196]
1542745717944;[171, 0, 17, 255, 161, 74, 234, 71, 216, 1, 0, 45, 1, 0, 83, 0, 0, 241, 6, 12]
1542745717946;[171, 0, 17, 255, 161, 74, 234, 71, 216, 1, 0, 45, 1, 0, 83, 0, 0, 241, 6, 12]
1542745717951;[171, 0, 17, 255, 161, 74, 234, 71, 216, 1, 0, 44, 1, 0, 85, 0, 0, 242, 6, 12]
1542745717952;[171, 0, 17, 255, 161, 74, 234, 71, 216, 1, 0, 44, 1, 0, 85, 0, 0, 242, 6, 12]
1542745718113;[171, 0, 17, 255, 161, 74, 234, 71, 216, 1, 0, 43, 1, 0, 83, 0, 0, 241, 5, 240]
1542745718115;[171, 0, 17, 255, 161, 74, 234, 71, 216, 1, 0, 43, 1, 0, 83, 0, 0, 241, 5, 240]
1542745718117;[171, 0, 17, 255, 161, 74, 234, 71, 216, 1, 0, 43, 1, 0, 86, 0, 0, 240, 5, 210]
1542745718118;[171, 0, 17, 255, 161, 74, 234, 71, 216, 1, 0, 43, 1, 0, 86, 0, 0, 240, 5, 210]
1542745718289;[171, 0, 17, 255, 161, 74, 234, 71, 216, 1, 0, 43, 1, 0, 86, 0, 0, 242, 5, 163]
1542745718291;[171, 0, 17, 255, 161, 74, 234, 71, 216, 1, 0, 43, 1, 0, 86, 0, 0, 242, 5, 163]
1542745718462;[171, 0, 17, 255, 161, 74, 234, 71, 216, 1, 0, 44, 1, 0, 84, 0, 0, 241, 5, 106]
1542745718466;[171, 0, 17, 255, 161, 74, 234, 71, 216, 1, 0, 44, 1, 0, 84, 0, 0, 241, 5, 106]
1542745718475;[171, 0, 17, 255, 161, 74, 234, 71, 216, 1, 0, 43, 1, 0, 87, 0, 0, 243, 5, 58]
1542745718477;[171, 0, 17, 255, 161, 74, 234, 71, 216, 1, 0, 43, 1, 0, 87, 0, 0, 243, 5, 58]
1542745718631;[171, 0, 17, 255, 161, 74, 234, 71, 216, 1, 0, 42, 1, 0, 84, 0, 0, 242, 5, 9]
1542745718634;[171, 0, 17, 255, 161, 74, 234, 71, 216, 1, 0, 42, 1, 0, 84, 0, 0, 242, 5, 9]
1542745718636;[171, 0, 4, 255, 132, 128, 63]
1542745718638;[171, 0, 4, 255, 132, 128, 63]
1542745718981;[171, 0, 17, 255, 161, 74, 234, 71, 216, 1, 0, 41, 1, 0, 85, 0, 0, 241, 4, 230]
1542745718984;[171, 0, 17, 255, 161, 74, 234, 71, 216, 1, 0, 41, 1, 0, 85, 0, 0, 241, 4, 230]
1542745718987;[171, 0, 17, 255, 161, 74, 234, 71, 216, 1, 0, 42, 1, 0, 83, 0, 0, 242, 5, 83]
1542745718989;[171, 0, 17, 255, 161, 74, 234, 71, 216, 1, 0, 42, 1, 0, 83, 0, 0, 242, 5, 83]
1542745718991;[171, 0, 17, 255, 161, 74, 234, 71, 217, 1, 0, 41, 1, 0, 85, 0, 0, 241, 5, 126]
1542745718993;[171, 0, 17, 255, 161, 74, 234, 71, 217, 1, 0, 41, 1, 0, 85, 0, 0, 241, 5, 126]
1542745719152;[171, 0, 17, 255, 161, 74, 234, 71, 217, 1, 0, 42, 1, 0, 86, 0, 0, 243, 5, 115]
1542745719154;[171, 0, 17, 255, 161, 74, 234, 71, 217, 1, 0, 42, 1, 0, 86, 0, 0, 243, 5, 115]
1542745719156;[171, 0, 17, 255, 161, 74, 234, 71, 217, 1, 0, 43, 1, 0, 85, 0, 0, 242, 5, 90]
1542745719158;[171, 0, 17, 255, 161, 74, 234, 71, 217, 1, 0, 43, 1, 0, 85, 0, 0, 242, 5, 90]
1542745719324;[171, 0, 17, 255, 161, 74, 234, 71, 217, 1, 0, 43, 1, 0, 83, 0, 0, 242, 5, 72]
1542745719327;[171, 0, 17, 255, 161, 74, 234, 71, 217, 1, 0, 43, 1, 0, 83, 0, 0, 242, 5, 72]
1542745719329;[171, 0, 17, 255, 161, 74, 234, 71, 217, 1, 0, 41, 1, 0, 84, 0, 0, 241, 5, 41]
1542745719331;[171, 0, 17, 255, 161, 74, 234, 71, 217, 1, 0, 41, 1, 0, 84, 0, 0, 241, 5, 41]
1542745719497;[171, 0, 17, 255, 161, 74, 234, 71, 217, 1, 0, 42, 1, 0, 87, 0, 0, 241, 4, 255]
1542745719499;[171, 0, 17, 255, 161, 74, 234, 71, 217, 1, 0, 42, 1, 0, 87, 0, 0, 241, 4, 255]
1542745719671;[171, 0, 17, 255, 161, 74, 234, 71, 217, 1, 0, 40, 1, 0, 84, 0, 0, 241, 4, 209]
1542745719673;[171, 0, 17, 255, 161, 74, 234, 71, 217, 1, 0, 40, 1, 0, 84, 0, 0, 241, 4, 209]
1542745719675;[171, 0, 17, 255, 161, 74, 234, 71, 217, 1, 0, 44, 1, 0, 83, 0, 0, 241, 4, 171]
1542745719677;[171, 0, 17, 255, 161, 74, 234, 71, 217, 1, 0, 44, 1, 0, 83, 0, 0, 241, 4, 171]
1542745719842;[171, 0, 4, 255, 132, 128, 63]
1542745719845;[171, 0, 4, 255, 132, 128, 63]
1542745719847;[171, 0, 17, 255, 161, 74, 234, 71, 217, 1, 0, 44, 1, 0, 84, 0, 0, 242, 4, 144]
1542745719849;[171, 0, 17, 255, 161, 74, 234, 71, 217, 1, 0, 44, 1, 0, 84, 0, 0, 242, 4, 144]
