1542749118439;[171, 0, 17, 255, 161, 74, 234, 87, 4, 1, 0, 114, 0, 0, 22, 1, 0, 219, 7, 255]
1542749118446;[171, 0, 17, 255, 161, 74, 234, 87, 5, 1, 0, 114, 0, 0, 23, 1, 0, 219, 7, 223]
1542749118447;[171, 0, 17, 255, 161, 74, 234, 87, 5, 1, 0, 114, 0, 0, 23, 1, 0, 219, 7, 223]
1542749118787;[171, 0, 17, 255, 161, 74, 234, 87, 5, 1, 0, 117, 0, 0, 21, 1, 0, 219, 7, 195]
1542749118788;[171, 0, 17, 255, 161, 74, 234, 87, 5, 1, 0, 117, 0, 0, 21, 1, 0, 219, 7, 195]
1542749118790;[171, 0, 17, 255, 161, 74, 234, 87, 5, 1, 0, 117, 0, 0, 24, 1, 0, 219, 7, 166]
1542749118792;[171, 0, 17, 255, 161, 74, 234, 87, 5, 1, 0, 117, 0, 0, 24, 1, 0, 219, 7, 166]
1542749118794;[171, 0, 17, 255, 161, 74, 234, 87, 5, 1, 0, 113, 0, 0, 22, 1, 0, 220, 7, 122]
1542749118795;[171, 0, 17, 255, 161, 74, 234, 87, 5, 1, 0, 113, 0, 0, 22, 1, 0, 220, 7, 122]
1542749118955;[171, 0, 17, 255, 161, 74, 234, 87, 5, 1, 0, 116, 0, 0, 22, 1, 0, 219, 7, 53]
1542749118959;[171, 0, 17, 255, 161, 74, 234, 87, 5, 1, 0, 116, 0, 0, 22, 1, 0, 219, 7, 53]
1542749118967;[171, 0, 4, 255, 132, 128, 69]
1542749118973;[171, 0, 4, 255, 132, 128, 69]
1542749119127;[171, 0, 17, 255, 161, 74, 234, 87, 5, 1, 0, 117, 0, 0, 21, 1, 0, 218, 6, 247]
1542749119129;[171, 0, 17, 255, 161, 74, 234, 87, 5, 1, 0, 117, 0, 0, 21, 1, 0, 218, 6, 247]
1542749119131;[171, 0, 17, 255, 161, 74, 234, 87, 5, 1, 0, 117, 0, 0, 22, 1, 0, 219, 6, 218]
1542749119132;[171, 0, 17, 255, 161, 74, 234, 87, 5, 1, 0, 117, 0, 0, 22, 1, 0, 219, 6, 218]
1542749119301;[171, 0, 17, 255, 161, 74, 234, 87, 5, 1, 0, 116, 0, 0, 20, 1, 0, 220, 7, 218]
1542749119303;[171, 0, 17, 255, 161, 74, 234, 87, 5, 1, 0, 116, 0, 0, 20, 1, 0, 220, 7, 218]
1542749119473;[171, 0, 17, 255, 161, 74, 234, 87, 5, 1, 0, 114, 0, 0, 22, 1, 0, 219, 8, 80]
1542749119475;[171, 0, 17, 255, 161, 74, 234, 87, 5, 1, 0, 114, 0, 0, 22, 1, 0, 219, 8, 80]
1542749119477;[171, 0, 17, 255, 161, 74, 234, 87, 5, 1, 0, 117, 0, 0, 22, 1, 0, 219, 8, 49]
1542749119478;[171, 0, 17, 255, 161, 74, 234, 87, 5, 1, 0, 117, 0, 0, 22, 1, 0, 219, 8, 49]
1542749119644;[171, 0, 17, 255, 161, 74, 234, 87, 6, 1, 0, 115, 0, 0, 25, 1, 0, 221, 8, 12]
1542749119646;[171, 0, 17, 255, 161, 74, 234, 87, 6, 1, 0, 115, 0, 0, 25, 1, 0, 221, 8, 12]
1542749119648;[171, 0, 17, 255, 161, 74, 234, 87, 6, 1, 0, 115, 0, 0, 24, 1, 0, 220, 7, 235]
1542749119650;[171, 0, 17, 255, 161, 74, 234, 87, 6, 1, 0, 115, 0, 0, 24, 1, 0, 220, 7, 235]
1542749119990;[171, 0, 17, 255, 161, 74, 234, 87, 6, 1, 0, 115, 0, 0, 20, 1, 0, 220, 7, 196]
1542749119992;[171, 0, 17, 255, 161, 74, 234, 87, 6, 1, 0, 115, 0, 0, 20, 1, 0, 220, 7, 196]
1542749119995;[171, 0, 17, 255, 161, 74, 234, 87, 6, 1, 0, 115, 0, 0, 22, 1, 0, 219, 7, 141]
1542749119998;[171, 0, 17, 255, 161, 74, 234, 87, 6, 1, 0, 115, 0, 0, 22, 1, 0, 219, 7, 141]
1542749120001;[171, 0, 17, 255, 161, 74, 234, 87, 6, 1, 0, 116, 0, 0, 22, 1, 0, 220, 7, 123]
1542749120002;[171, 0, 17, 255, 161, 74, 234, 87, 6, 1, 0, 116, 0, 0, 22, 1, 0, 220, 7, 123]
1542749120161;[171, 0, 4, 255, 132, 128, 69]
1542749120164;[171, 0, 4, 255, 132, 128, 69]
1542749120167;[171, 0, 17, 255, 161, 74, 234, 87, 6, 1, 0, 115, 0, 0, 22, 1, 0, 219, 8, 129]
1542749120168;[171, 0, 17, 255, 161, 74, 234, 87, 6, 1, 0, 115, 0, 0, 22, 1, 0, 219, 8, 129]
1542749120334;[171, 0, 17, 255, 161, 74, 234, 87, 6, 1, 0, 115, 0, 0, 21, 1, 0, 219, 8, 233]
1542749120336;[171, 0, 17, 255, 161, 74, 234, 87, 6, 1, 0, 115, 0, 0, 21, 1, 0, 219, 8, 233]
1542749120339;[171, 0, 17, 255, 161, 74, 234, 87, 6, 1, 0, 117, 0, 0, 21, 1, 0, 219, 8, 186]
1542749120341;[171, 0, 17, 255, 161, 74, 234, 87, 6, 1, 0, 117, 0, 0, 21, 1, 0, 219, 8, 186]
1542749120507;[171, 0, 17, 255, 161, 74, 234, 87, 6, 1, 0, 116, 0, 0, 21, 1, 0, 220, 8, 133]
1542749120509;[171, 0, 17, 255, 161, 74, 234, 87, 6, 1, 0, 116, 0, 0, 21, 1, 0, 220, 8, 133]
1542749120680;[171, 0, 17, 255, 161, 74, 234, 87, 6, 1, 0, 115, 0, 0, 24, 1, 0, 219, 8, 100]
1542749120682;[171, 0, 17, 255, 161, 74, 234, 87, 6, 1, 0, 115, 0, 0, 24, 1, 0, 219, 8, 100]
1542749120685;[171, 0, 17, 255, 161, 74, 234, 87, 7, 1, 0, 117, 0, 0, 21, 1, 0, 220, 8, 49]
1542749120687;[171, 0, 17, 255, 161, 74, 234, 87, 7, 1, 0, 117, 0, 0, 21, 1, 0, 220, 8, 49]
1542749122782;[171, 0, 17, 255, 161, 74, 234, 87, 7, 1, 0, 117, 0, 0, 22, 1, 0, 218, 7, 240]
1542749122784;[171, 0, 17, 255, 161, 74, 234, 87, 7, 1, 0, 117, 0, 0, 22, 1, 0, 218, 7, 240]
1542749122786;[171, 0, 17, 255, 161, 74, 234, 87, 7, 1, 0, 116, 0, 0, 20, 1, 0, 219, 7, 239]
1542749122787;[171, 0, 17, 255, 161, 74, 234, 87, 7, 1, 0, 116, 0, 0, 20, 1, 0, 219, 7, 239]
1542749122808;[171, 0, 17, 255, 161, 74, 234, 87, 7, 1, 0, 118, 0, 0, 21, 1, 0, 219, 9, 29]
1542749122809;[171, 0, 17, 255, 161, 74, 234, 87, 7, 1, 0, 118, 0, 0, 21, 1, 0, 219, 9, 29]
1542749122811;[171, 0, 17, 255, 161, 74, 234, 87, 7, 1, 0, 116, 0, 0, 20, 1, 0, 219, 9, 106]
1542749122813;[171, 0, 17, 255, 161, 74, 234, 87, 7, 1, 0, 116, 0, 0, 20, 1, 0, 219, 9, 106]
1542749122815;[171, 0, 4, 255, 132, 128, 69]
1542749122817;[171, 0, 4, 255, 132, 128, 69]
1542749122819;[171, 0, 17, 255, 161, 74, 234, 87, 7, 1, 0, 116, 0, 0, 23, 1, 0, 221, 9, 61]
1542749122821;[171, 0, 17, 255, 161, 74, 234, 87, 7, 1, 0, 116, 0, 0, 23, 1, 0, 221, 9, 61]
1542749122823;[171, 0, 17, 255, 161, 74, 234, 87, 7, 1, 0, 116, 0, 0, 21, 1, 0, 221, 8, 254]
1542749122825;[171, 0, 17, 255, 161, 74, 234, 87, 7, 1, 0, 116, 0, 0, 21, 1, 0, 221, 8, 254]
1542749122826;[171, 0, 17, 255, 161, 74, 234, 87, 7, 1, 0, 114, 0, 0, 20, 1, 0, 220, 8, 208]
1542749122828;[171, 0, 17, 255, 161, 74, 234, 87, 7, 1, 0, 114, 0, 0, 20, 1, 0, 220, 8, 208]
1542749122830;[171, 0, 17, 255, 161, 74, 234, 87, 7, 1, 0, 113, 0, 0, 20, 1, 0, 220, 8, 150]
1542749122832;[171, 0, 17, 255, 161, 74, 234, 87, 7, 1, 0, 113, 0, 0, 20, 1, 0, 220, 8, 150]
1542749122834;[171, 0, 17, 255, 161, 74, 234, 87, 7, 1, 0, 114, 0, 0, 21, 1, 0, 218, 8, 73]
1542749122835;[171, 0, 17, 255, 161, 74, 234, 87, 7, 1, 0, 114, 0, 0, 21, 1, 0, 218, 8, 73]
1542749122837;[171, 0, 17, 255, 161, 74, 234, 87, 8, 1, 0, 115, 0, 0, 19, 1, 0, 221, 8, 6]
1542749122839;[171, 0, 17, 255, 161, 74, 234, 87, 8, 1, 0, 115, 0, 0, 19, 1, 0, 221, 8, 6]
1542749122847;[171, 0, 17, 255, 161, 74, 234, 87, 8, 1, 0, 116, 0, 0, 24, 1, 0, 219, 8, 59]
1542749122849;[171, 0, 17, 255, 161, 74, 234, 87, 8, 1, 0, 116, 0, 0, 24, 1, 0, 219, 8, 59]
1542749122867;[171, 0, 17, 255, 161, 74, 234, 87, 8, 1, 0, 116, 0, 0, 22, 1, 0, 219, 9, 87]
1542749122869;[171, 0, 17, 255, 161, 74, 234, 87, 8, 1, 0, 116, 0, 0, 22, 1, 0, 219, 9, 87]
1542749122871;[171, 0, 17, 255, 161, 74, 234, 87, 8, 1, 0, 116, 0, 0, 22, 1, 0, 219, 9, 125]
1542749122873;[171, 0, 17, 255, 161, 74, 234, 87, 8, 1, 0, 116, 0, 0, 22, 1, 0, 219, 9, 125]
1542749122874;[171, 0, 17, 255, 161, 74, 234, 87, 8, 1, 0, 116, 0, 0, 24, 1, 0, 219, 9, 62]
1542749122875;[171, 0, 17, 255, 161, 74, 234, 87, 8, 1, 0, 116, 0, 0, 24, 1, 0, 219, 9, 62]
1542749122877;[171, 0, 4, 255, 132, 128, 69]
1542749122878;[171, 0, 4, 255, 132, 128, 69]
1542749122880;[171, 0, 17, 255, 161, 74, 234, 87, 8, 1, 0, 114, 0, 0, 19, 1, 0, 221, 8, 254]
1542749122882;[171, 0, 17, 255, 161, 74, 234, 87, 8, 1, 0, 114, 0, 0, 19, 1, 0, 221, 8, 254]
1542749122883;[171, 0, 17, 255, 161, 74, 234, 87, 8, 1, 0, 115, 0, 0, 22, 1, 0, 219, 8, 204]
1542749122885;[171, 0, 17, 255, 161, 74, 234, 87, 8, 1, 0, 115, 0, 0, 22, 1, 0, 219, 8, 204]
1542749122886;[171, 0, 17, 255, 161, 74, 234, 87, 8, 1, 0, 116, 0, 0, 19, 1, 0, 222, 8, 131]
1542749122887;[171, 0, 17, 255, 161, 74, 234, 87, 8, 1, 0, 116, 0, 0, 19, 1, 0, 222, 8, 131]
1542749122889;[171, 0, 17, 255, 161, 74, 234, 87, 8, 1, 0, 115, 0, 0, 21, 1, 0, 221, 8, 55]
1542749122890;[171, 0, 17, 255, 161, 74, 234, 87, 8, 1, 0, 115, 0, 0, 21, 1, 0, 221, 8, 55]
1542749122891;[171, 0, 17, 255, 161, 74, 234, 87, 8, 1, 0, 117, 0, 0, 22, 1, 0, 219, 7, 223]
1542749122893;[171, 0, 17, 255, 161, 74, 234, 87, 8, 1, 0, 117, 0, 0, 22, 1, 0, 219, 7, 223]
1542749122919;[171, 0, 17, 255, 161, 74, 234, 87, 9, 1, 0, 116, 0, 0, 22, 1, 0, 221, 7, 197]
1542749122920;[171, 0, 17, 255, 161, 74, 234, 87, 9, 1, 0, 116, 0, 0, 22, 1, 0, 221, 7, 197]
1542749122921;[171, 0, 17, 255, 161, 74, 234, 87, 9, 1, 0, 115, 0, 0, 20, 1, 0, 220, 8, 212]
1542749122923;[171, 0, 17, 255, 161, 74, 234, 87, 9, 1, 0, 115, 0, 0, 20, 1, 0, 220, 8, 212]
1542749123095;[171, 0, 17, 255, 161, 74, 234, 87, 9, 1, 0, 117, 0, 0, 21, 1, 0, 220, 9, 29]
1542749123097;[171, 0, 17, 255, 161, 74, 234, 87, 9, 1, 0, 117, 0, 0, 21, 1, 0, 220, 9, 29]
1542749123267;[171, 0, 17, 255, 161, 74, 234, 87, 9, 1, 0, 116, 0, 0, 20, 1, 0, 219, 8, 225]
1542749123270;[171, 0, 17, 255, 161, 74, 234, 87, 9, 1, 0, 116, 0, 0, 20, 1, 0, 219, 8, 225]
1542749123271;[171, 0, 17, 255, 161, 74, 234, 87, 9, 1, 0, 115, 0, 0, 21, 1, 0, 219, 8, 154]
1542749123273;[171, 0, 17, 255, 161, 74, 234, 87, 9, 1, 0, 115, 0, 0, 21, 1, 0, 219, 8, 154]
1542749123441;[171, 0, 4, 255, 132, 128, 69]
1542749123443;[171, 0, 4, 255, 132, 128, 69]
1542749123446;[171, 0, 17, 255, 161, 74, 234, 87, 9, 1, 0, 118, 0, 0, 21, 1, 0, 219, 8, 107]
1542749123447;[171, 0, 17, 255, 161, 74, 234, 87, 9, 1, 0, 118, 0, 0, 21, 1, 0, 219, 8, 107]
1542749123961;[171, 0, 17, 255, 161, 74, 234, 87, 9, 1, 0, 114, 0, 0, 24, 1, 0, 220, 8, 39]
1542749123963;[171, 0, 17, 255, 161, 74, 234, 87, 9, 1, 0, 114, 0, 0, 24, 1, 0, 220, 8, 39]
1542749123968;[171, 0, 17, 255, 161, 74, 234, 87, 9, 1, 0, 117, 0, 0, 22, 1, 0, 219, 7, 223]
1542749123970;[171, 0, 17, 255, 161, 74, 234, 87, 9, 1, 0, 117, 0, 0, 22, 1, 0, 219, 7, 223]
1542749123975;[171, 0, 17, 255, 161, 74, 234, 87, 9, 1, 0, 111, 0, 0, 23, 1, 0, 220, 7, 183]
1542749123977;[171, 0, 17, 255, 161, 74, 234, 87, 9, 1, 0, 111, 0, 0, 23, 1, 0, 220, 7, 183]
1542749123982;[171, 0, 17, 255, 161, 74, 234, 87, 9, 1, 0, 117, 0, 0, 21, 1, 0, 220, 8, 161]
1542749123983;[171, 0, 17, 255, 161, 74, 234, 87, 9, 1, 0, 117, 0, 0, 21, 1, 0, 220, 8, 161]
1542749124131;[171, 0, 17, 255, 161, 74, 234, 87, 10, 1, 0, 118, 0, 0, 21, 1, 0, 219, 8, 248]
1542749124134;[171, 0, 17, 255, 161, 74, 234, 87, 10, 1, 0, 118, 0, 0, 21, 1, 0, 219, 8, 248]
1542749124136;[171, 0, 17, 255, 161, 74, 234, 87, 10, 1, 0, 115, 0, 0, 21, 1, 0, 219, 8, 190]
1542749124138;[171, 0, 17, 255, 161, 74, 234, 87, 10, 1, 0, 115, 0, 0, 21, 1, 0, 219, 8, 190]
1542749124139;[171, 0, 17, 255, 161, 74, 234, 87, 10, 1, 0, 116, 0, 0, 21, 1, 0, 221, 8, 109]
1542749124141;[171, 0, 17, 255, 161, 74, 234, 87, 10, 1, 0, 116, 0, 0, 21, 1, 0, 221, 8, 109]
1542749124302;[171, 0, 17, 255, 161, 74, 234, 87, 10, 1, 0, 118, 0, 0, 20, 1, 0, 219, 8, 66]
1542749124303;[171, 0, 17, 255, 161, 74, 234, 87, 10, 1, 0, 118, 0, 0, 20, 1, 0, 219, 8, 66]
1542749124475;[171, 0, 17, 255, 161, 74, 234, 87, 10, 1, 0, 115, 0, 0, 20, 1, 0, 220, 7, 248]
1542749124477;[171, 0, 17, 255, 161, 74, 234, 87, 10, 1, 0, 115, 0, 0, 20, 1, 0, 220, 7, 248]
1542749124479;[171, 0, 4, 255, 132, 128, 69]
1542749124481;[171, 0, 4, 255, 132, 128, 69]
1542749124822;[171, 0, 17, 255, 161, 74, 234, 87, 10, 1, 0, 116, 0, 0, 22, 1, 0, 219, 7, 168]
1542749124823;[171, 0, 17, 255, 161, 74, 234, 87, 10, 1, 0, 116, 0, 0, 22, 1, 0, 219, 7, 168]
1542749124825;[171, 0, 17, 255, 161, 74, 234, 87, 10, 1, 0, 118, 0, 0, 22, 1, 0, 219, 7, 157]
1542749124827;[171, 0, 17, 255, 161, 74, 234, 87, 10, 1, 0, 118, 0, 0, 22, 1, 0, 219, 7, 157]
1542749124829;[171, 0, 17, 255, 161, 74, 234, 87, 10, 1, 0, 118, 0, 0, 23, 1, 0, 219, 8, 166]
1542749124831;[171, 0, 17, 255, 161, 74, 234, 87, 10, 1, 0, 118, 0, 0, 23, 1, 0, 219, 8, 166]
1542749124834;[171, 0, 17, 255, 161, 74, 234, 87, 10, 1, 0, 118, 0, 0, 22, 1, 0, 221, 8, 217]
1542749124836;[171, 0, 17, 255, 161, 74, 234, 87, 10, 1, 0, 118, 0, 0, 22, 1, 0, 221, 8, 217]
1542749125165;[171, 0, 17, 255, 161, 74, 234, 87, 10, 1, 0, 115, 0, 0, 20, 1, 0, 220, 8, 149]
1542749125166;[171, 0, 17, 255, 161, 74, 234, 87, 10, 1, 0, 115, 0, 0, 20, 1, 0, 220, 8, 149]
1542749125169;[171, 0, 17, 255, 161, 74, 234, 87, 11, 1, 0, 115, 0, 0, 23, 1, 0, 219, 8, 79]
1542749125171;[171, 0, 17, 255, 161, 74, 234, 87, 11, 1, 0, 115, 0, 0, 23, 1, 0, 219, 8, 79]
1542749125174;[171, 0, 17, 255, 161, 74, 234, 87, 11, 1, 0, 115, 0, 0, 23, 1, 0, 219, 8, 17]
1542749125175;[171, 0, 17, 255, 161, 74, 234, 87, 11, 1, 0, 115, 0, 0, 23, 1, 0, 219, 8, 17]
1542749125337;[171, 0, 17, 255, 161, 74, 234, 87, 11, 1, 0, 115, 0, 0, 22, 1, 0, 220, 7, 202]
1542749125339;[171, 0, 17, 255, 161, 74, 234, 87, 11, 1, 0, 115, 0, 0, 22, 1, 0, 220, 7, 202]
1542749125342;[171, 0, 17, 255, 161, 74, 234, 87, 11, 1, 0, 118, 0, 0, 22, 1, 0, 219, 7, 127]
1542749125344;[171, 0, 17, 255, 161, 74, 234, 87, 11, 1, 0, 118, 0, 0, 22, 1, 0, 219, 7, 127]
1542749125511;[171, 0, 17, 255, 161, 74, 234, 87, 11, 1, 0, 117, 0, 0, 21, 1, 0, 218, 7, 41]
1542749125513;[171, 0, 17, 255, 161, 74, 234, 87, 11, 1, 0, 117, 0, 0, 21, 1, 0, 218, 7, 41]
1542749125514;[171, 0, 4, 255, 132, 128, 69]
1542749125517;[171, 0, 4, 255, 132, 128, 69]
1542749125854;[171, 0, 17, 255, 161, 74, 234, 87, 11, 1, 0, 118, 0, 0, 19, 1, 0, 219, 7, 35]
1542749125857;[171, 0, 17, 255, 161, 74, 234, 87, 11, 1, 0, 118, 0, 0, 19, 1, 0, 219, 7, 35]
1542749125859;[171, 0, 17, 255, 161, 74, 234, 87, 11, 1, 0, 116, 0, 0, 23, 1, 0, 219, 8, 47]
1542749125861;[171, 0, 17, 255, 161, 74, 234, 87, 11, 1, 0, 116, 0, 0, 23, 1, 0, 219, 8, 47]
1542749125863;[171, 0, 17, 255, 161, 74, 234, 87, 11, 1, 0, 115, 0, 0, 23, 1, 0, 218, 8, 94]
1542749125865;[171, 0, 17, 255, 161, 74, 234, 87, 11, 1, 0, 115, 0, 0, 23, 1, 0, 218, 8, 94]
1542749126026;[171, 0, 17, 255, 161, 74, 234, 87, 11, 1, 0, 116, 0, 0, 23, 1, 0, 220, 8, 26]
1542749126028;[171, 0, 17, 255, 161, 74, 234, 87, 11, 1, 0, 116, 0, 0, 23, 1, 0, 220, 8, 26]
1542749126030;[171, 0, 17, 255, 161, 74, 234, 87, 11, 1, 0, 117, 0, 0, 23, 1, 0, 219, 7, 219]
1542749126032;[171, 0, 17, 255, 161, 74, 234, 87, 11, 1, 0, 117, 0, 0, 23, 1, 0, 219, 7, 219]
1542749126374;[171, 0, 17, 255, 161, 74, 234, 87, 12, 1, 0, 112, 0, 0, 21, 1, 0, 219, 7, 166]
1542749126376;[171, 0, 17, 255, 161, 74, 234, 87, 12, 1, 0, 112, 0, 0, 21, 1, 0, 219, 7, 166]
1542749126379;[171, 0, 17, 255, 161, 74, 234, 87, 12, 1, 0, 112, 0, 0, 21, 1, 0, 221, 7, 99]
1542749126381;[171, 0, 17, 255, 161, 74, 234, 87, 12, 1, 0, 112, 0, 0, 21, 1, 0, 221, 7, 99]
1542749126383;[171, 0, 17, 255, 161, 74, 234, 87, 12, 1, 0, 115, 0, 0, 23, 1, 0, 220, 7, 13]
1542749126384;[171, 0, 17, 255, 161, 74, 234, 87, 12, 1, 0, 115, 0, 0, 23, 1, 0, 220, 7, 13]
1542749126719;[171, 0, 17, 255, 161, 74, 234, 87, 12, 1, 0, 116, 0, 0, 21, 1, 0, 221, 6, 195]
1542749126721;[171, 0, 17, 255, 161, 74, 234, 87, 12, 1, 0, 116, 0, 0, 21, 1, 0, 221, 6, 195]
1542749126724;[171, 0, 17, 255, 161, 74, 234, 87, 12, 1, 0, 114, 0, 0, 20, 1, 0, 221, 6, 177]
1542749126726;[171, 0, 17, 255, 161, 74, 234, 87, 12, 1, 0, 114, 0, 0, 20, 1, 0, 221, 6, 177]
1542749126728;[171, 0, 4, 255, 132, 128, 69]
1542749126731;[171, 0, 4, 255, 132, 128, 69]
1542749126733;[171, 0, 17, 255, 161, 74, 234, 87, 12, 1, 0, 115, 0, 0, 20, 1, 0, 219, 7, 165]
1542749126735;[171, 0, 17, 255, 161, 74, 234, 87, 12, 1, 0, 115, 0, 0, 20, 1, 0, 219, 7, 165]
1542749126890;[171, 0, 17, 255, 161, 74, 234, 87, 12, 1, 0, 113, 0, 0, 23, 1, 0, 220, 7, 235]
1542749126892;[171, 0, 17, 255, 161, 74, 234, 87, 12, 1, 0, 113, 0, 0, 23, 1, 0, 220, 7, 235]
1542749127062;[171, 0, 17, 255, 161, 74, 234, 87, 12, 1, 0, 118, 0, 0, 23, 1, 0, 220, 7, 176]
1542749127064;[171, 0, 17, 255, 161, 74, 234, 87, 12, 1, 0, 118, 0, 0, 23, 1, 0, 220, 7, 176]
1542749127066;[171, 0, 17, 255, 161, 74, 234, 87, 12, 1, 0, 115, 0, 0, 20, 1, 0, 220, 7, 114]
1542749127067;[171, 0, 17, 255, 161, 74, 234, 87, 12, 1, 0, 115, 0, 0, 20, 1, 0, 220, 7, 114]
1542749127234;[171, 0, 17, 255, 161, 74, 234, 87, 12, 1, 0, 117, 0, 0, 21, 1, 0, 219, 7, 73]
1542749127236;[171, 0, 17, 255, 161, 74, 234, 87, 12, 1, 0, 117, 0, 0, 21, 1, 0, 219, 7, 73]
1542749127411;[171, 0, 17, 255, 161, 74, 234, 87, 13, 1, 0, 117, 0, 0, 21, 1, 0, 220, 7, 22]
1542749127413;[171, 0, 17, 255, 161, 74, 234, 87, 13, 1, 0, 117, 0, 0, 21, 1, 0, 220, 7, 22]
1542749127415;[171, 0, 17, 255, 161, 74, 234, 87, 13, 1, 0, 117, 0, 0, 24, 1, 0, 219, 6, 212]
1542749127417;[171, 0, 17, 255, 161, 74, 234, 87, 13, 1, 0, 117, 0, 0, 24, 1, 0, 219, 6, 212]
1542749127418;[171, 0, 17, 255, 161, 74, 234, 87, 13, 1, 0, 114, 0, 0, 22, 1, 0, 220, 6, 157]
1542749127420;[171, 0, 17, 255, 161, 74, 234, 87, 13, 1, 0, 114, 0, 0, 22, 1, 0, 220, 6, 157]
1542749127754;[171, 0, 17, 255, 161, 74, 234, 87, 13, 1, 0, 116, 0, 0, 22, 1, 0, 220, 7, 127]
1542749127756;[171, 0, 17, 255, 161, 74, 234, 87, 13, 1, 0, 116, 0, 0, 22, 1, 0, 220, 7, 127]
1542749127759;[171, 0, 17, 255, 161, 74, 234, 87, 13, 1, 0, 119, 0, 0, 23, 1, 0, 218, 7, 230]
1542749127761;[171, 0, 17, 255, 161, 74, 234, 87, 13, 1, 0, 119, 0, 0, 23, 1, 0, 218, 7, 230]
1542749127762;[171, 0, 4, 255, 132, 128, 69]
1542749127765;[171, 0, 4, 255, 132, 128, 69]
1542749127926;[171, 0, 17, 255, 161, 74, 234, 87, 13, 1, 0, 114, 0, 0, 23, 1, 0, 219, 7, 194]
1542749127927;[171, 0, 17, 255, 161, 74, 234, 87, 13, 1, 0, 114, 0, 0, 23, 1, 0, 219, 7, 194]
1542749127930;[171, 0, 17, 255, 161, 74, 234, 87, 13, 1, 0, 113, 0, 0, 21, 1, 0, 219, 7, 120]
1542749127932;[171, 0, 17, 255, 161, 74, 234, 87, 13, 1, 0, 113, 0, 0, 21, 1, 0, 219, 7, 120]
1542749128098;[171, 0, 17, 255, 161, 74, 234, 87, 13, 1, 0, 117, 0, 0, 24, 1, 0, 219, 7, 78]
1542749128099;[171, 0, 17, 255, 161, 74, 234, 87, 13, 1, 0, 117, 0, 0, 24, 1, 0, 219, 7, 78]
1542749128270;[171, 0, 17, 255, 161, 74, 234, 87, 13, 1, 0, 115, 0, 0, 24, 1, 0, 219, 7, 19]
1542749128271;[171, 0, 17, 255, 161, 74, 234, 87, 13, 1, 0, 115, 0, 0, 24, 1, 0, 219, 7, 19]
1542749128274;[171, 0, 17, 255, 161, 74, 234, 87, 13, 1, 0, 116, 0, 0, 20, 1, 0, 219, 6, 196]
1542749128276;[171, 0, 17, 255, 161, 74, 234, 87, 13, 1, 0, 116, 0, 0, 20, 1, 0, 219, 6, 196]
1542749128443;[171, 0, 17, 255, 161, 74, 234, 87, 14, 1, 0, 117, 0, 0, 22, 1, 0, 218, 6, 129]
1542749128445;[171, 0, 17, 255, 161, 74, 234, 87, 14, 1, 0, 117, 0, 0, 22, 1, 0, 218, 6, 129]
1542749128446;[171, 0, 17, 255, 161, 74, 234, 87, 14, 1, 0, 115, 0, 0, 23, 1, 0, 220, 6, 154]
1542749128448;[171, 0, 17, 255, 161, 74, 234, 87, 14, 1, 0, 115, 0, 0, 23, 1, 0, 220, 6, 154]
1542749128615;[171, 0, 17, 255, 161, 74, 234, 87, 14, 1, 0, 116, 0, 0, 23, 1, 0, 219, 7, 153]
1542749128617;[171, 0, 17, 255, 161, 74, 234, 87, 14, 1, 0, 116, 0, 0, 23, 1, 0, 219, 7, 153]
1542749128619;[171, 0, 17, 255, 161, 74, 234, 87, 14, 1, 0, 115, 0, 0, 22, 1, 0, 219, 7, 204]
1542749128621;[171, 0, 17, 255, 161, 74, 234, 87, 14, 1, 0, 115, 0, 0, 22, 1, 0, 219, 7, 204]
1542749128960;[171, 0, 17, 255, 161, 74, 234, 87, 14, 1, 0, 115, 0, 0, 22, 1, 0, 219, 7, 152]
1542749128961;[171, 0, 17, 255, 161, 74, 234, 87, 14, 1, 0, 115, 0, 0, 22, 1, 0, 219, 7, 152]
1542749128970;[171, 0, 4, 255, 132, 128, 69]
1542749128972;[171, 0, 4, 255, 132, 128, 69]
1542749128975;[171, 0, 17, 255, 161, 74, 234, 87, 14, 1, 0, 115, 0, 0, 23, 1, 0, 219, 7, 83]
1542749128977;[171, 0, 17, 255, 161, 74, 234, 87, 14, 1, 0, 115, 0, 0, 23, 1, 0, 219, 7, 83]
1542749129132;[171, 0, 17, 255, 161, 74, 234, 87, 14, 1, 0, 115, 0, 0, 22, 1, 0, 219, 7, 33]
1542749129135;[171, 0, 17, 255, 161, 74, 234, 87, 14, 1, 0, 115, 0, 0, 22, 1, 0, 219, 7, 33]
1542749129137;[171, 0, 17, 255, 161, 74, 234, 87, 14, 1, 0, 117, 0, 0, 21, 1, 0, 219, 6, 229]
1542749129138;[171, 0, 17, 255, 161, 74, 234, 87, 14, 1, 0, 117, 0, 0, 21, 1, 0, 219, 6, 229]
1542749129305;[171, 0, 17, 255, 161, 74, 234, 87, 14, 1, 0, 116, 0, 0, 21, 1, 0, 218, 6, 151]
1542749129306;[171, 0, 17, 255, 161, 74, 234, 87, 14, 1, 0, 116, 0, 0, 21, 1, 0, 218, 6, 151]
1542749129477;[171, 0, 17, 255, 161, 74, 234, 87, 14, 1, 0, 116, 0, 0, 22, 1, 0, 218, 6, 78]
1542749129478;[171, 0, 17, 255, 161, 74, 234, 87, 14, 1, 0, 116, 0, 0, 22, 1, 0, 218, 6, 78]
1542749129650;[171, 0, 17, 255, 161, 74, 234, 87, 15, 1, 0, 114, 0, 0, 24, 1, 0, 220, 6, 18]
1542749129654;[171, 0, 17, 255, 161, 74, 234, 87, 15, 1, 0, 114, 0, 0, 24, 1, 0, 220, 6, 18]
1542749129656;[171, 0, 17, 255, 161, 74, 234, 87, 15, 1, 0, 115, 0, 0, 22, 1, 0, 221, 6, 246]
1542749129658;[171, 0, 17, 255, 161, 74, 234, 87, 15, 1, 0, 115, 0, 0, 22, 1, 0, 221, 6, 246]
1542749129660;[171, 0, 17, 255, 161, 74, 234, 87, 15, 1, 0, 117, 0, 0, 22, 1, 0, 220, 7, 147]
1542749129662;[171, 0, 17, 255, 161, 74, 234, 87, 15, 1, 0, 117, 0, 0, 22, 1, 0, 220, 7, 147]
1542749129822;[171, 0, 17, 255, 161, 74, 234, 87, 15, 1, 0, 116, 0, 0, 20, 1, 0, 218, 7, 132]
1542749129824;[171, 0, 17, 255, 161, 74, 234, 87, 15, 1, 0, 116, 0, 0, 20, 1, 0, 218, 7, 132]
1542749129826;[171, 0, 17, 255, 161, 74, 234, 87, 15, 1, 0, 116, 0, 0, 24, 1, 0, 219, 7, 76]
1542749129828;[171, 0, 17, 255, 161, 74, 234, 87, 15, 1, 0, 116, 0, 0, 24, 1, 0, 219, 7, 76]
1542749129994;[171, 0, 4, 255, 132, 128, 69]
1542749129997;[171, 0, 4, 255, 132, 128, 69]
1542749130341;[171, 0, 17, 255, 161, 74, 234, 87, 15, 1, 0, 116, 0, 0, 22, 1, 0, 220, 7, 25]
1542749130343;[171, 0, 17, 255, 161, 74, 234, 87, 15, 1, 0, 116, 0, 0, 22, 1, 0, 220, 7, 25]
1542749130346;[171, 0, 17, 255, 161, 74, 234, 87, 15, 1, 0, 116, 0, 0, 22, 1, 0, 220, 6, 230]
1542749130348;[171, 0, 17, 255, 161, 74, 234, 87, 15, 1, 0, 116, 0, 0, 22, 1, 0, 220, 6, 230]
1542749130351;[171, 0, 17, 255, 161, 74, 234, 87, 15, 1, 0, 115, 0, 0, 21, 1, 0, 221, 6, 172]
1542749130353;[171, 0, 17, 255, 161, 74, 234, 87, 15, 1, 0, 115, 0, 0, 21, 1, 0, 221, 6, 172]
1542749130355;[171, 0, 17, 255, 161, 74, 234, 87, 15, 1, 0, 116, 0, 0, 22, 1, 0, 217, 6, 98]
1542749130357;[171, 0, 17, 255, 161, 74, 234, 87, 15, 1, 0, 116, 0, 0, 22, 1, 0, 217, 6, 98]
1542749130511;[171, 0, 17, 255, 161, 74, 234, 87, 15, 1, 0, 115, 0, 0, 22, 1, 0, 219, 6, 35]
1542749130514;[171, 0, 17, 255, 161, 74, 234, 87, 15, 1, 0, 115, 0, 0, 22, 1, 0, 219, 6, 35]
1542749130516;[171, 0, 17, 255, 161, 74, 234, 87, 16, 1, 0, 113, 0, 0, 22, 1, 0, 220, 6, 207]
1542749130518;[171, 0, 17, 255, 161, 74, 234, 87, 16, 1, 0, 113, 0, 0, 22, 1, 0, 220, 6, 207]
1542749130684;[171, 0, 17, 255, 161, 74, 234, 87, 16, 1, 0, 113, 0, 0, 25, 1, 0, 220, 7, 120]
1542749130686;[171, 0, 17, 255, 161, 74, 234, 87, 16, 1, 0, 113, 0, 0, 25, 1, 0, 220, 7, 120]
1542749130857;[171, 0, 17, 255, 161, 74, 234, 87, 16, 1, 0, 116, 0, 0, 20, 1, 0, 219, 7, 107]
1542749130859;[171, 0, 17, 255, 161, 74, 234, 87, 16, 1, 0, 116, 0, 0, 20, 1, 0, 219, 7, 107]
1542749130862;[171, 0, 17, 255, 161, 74, 234, 87, 16, 1, 0, 116, 0, 0, 22, 1, 0, 220, 7, 43]
1542749130864;[171, 0, 17, 255, 161, 74, 234, 87, 16, 1, 0, 116, 0, 0, 22, 1, 0, 220, 7, 43]
1542749131030;[171, 0, 17, 255, 161, 74, 234, 87, 16, 1, 0, 114, 0, 0, 22, 1, 0, 220, 7, 1]
1542749131032;[171, 0, 17, 255, 161, 74, 234, 87, 16, 1, 0, 114, 0, 0, 22, 1, 0, 220, 7, 1]
1542749131034;[171, 0, 4, 255, 132, 128, 69]
1542749131036;[171, 0, 4, 255, 132, 128, 69]
1542749131203;[171, 0, 17, 255, 161, 74, 234, 87, 16, 1, 0, 113, 0, 0, 21, 1, 0, 220, 6, 218]
1542749131205;[171, 0, 17, 255, 161, 74, 234, 87, 16, 1, 0, 113, 0, 0, 21, 1, 0, 220, 6, 218]
1542749131549;[171, 0, 17, 255, 161, 74, 234, 87, 16, 1, 0, 118, 0, 0, 23, 1, 0, 219, 6, 166]
1542749131551;[171, 0, 17, 255, 161, 74, 234, 87, 16, 1, 0, 118, 0, 0, 23, 1, 0, 219, 6, 166]
1542749131554;[171, 0, 17, 255, 161, 74, 234, 87, 16, 1, 0, 118, 0, 0, 19, 1, 0, 219, 6, 104]
1542749131556;[171, 0, 17, 255, 161, 74, 234, 87, 16, 1, 0, 118, 0, 0, 19, 1, 0, 219, 6, 104]
1542749131560;[171, 0, 17, 255, 161, 74, 234, 87, 16, 1, 0, 116, 0, 0, 25, 1, 0, 219, 7, 38]
1542749131562;[171, 0, 17, 255, 161, 74, 234, 87, 16, 1, 0, 116, 0, 0, 25, 1, 0, 219, 7, 38]
1542749131563;[171, 0, 17, 255, 161, 74, 234, 87, 16, 1, 0, 116, 0, 0, 20, 1, 0, 219, 7, 221]
1542749131565;[171, 0, 17, 255, 161, 74, 234, 87, 16, 1, 0, 116, 0, 0, 20, 1, 0, 219, 7, 221]
1542749131721;[171, 0, 17, 255, 161, 74, 234, 87, 17, 1, 0, 116, 0, 0, 23, 1, 0, 221, 7, 236]
1542749131722;[171, 0, 17, 255, 161, 74, 234, 87, 17, 1, 0, 116, 0, 0, 23, 1, 0, 221, 7, 236]
1542749131726;[171, 0, 17, 255, 161, 74, 234, 87, 17, 1, 0, 115, 0, 0, 21, 1, 0, 219, 7, 160]
1542749131728;[171, 0, 17, 255, 161, 74, 234, 87, 17, 1, 0, 115, 0, 0, 21, 1, 0, 219, 7, 160]
1542749131889;[171, 0, 17, 255, 161, 74, 234, 87, 17, 1, 0, 114, 0, 0, 21, 1, 0, 220, 7, 115]
1542749131890;[171, 0, 17, 255, 161, 74, 234, 87, 17, 1, 0, 114, 0, 0, 21, 1, 0, 220, 7, 115]
1542749132065;[171, 0, 17, 255, 161, 74, 234, 87, 17, 1, 0, 117, 0, 0, 22, 1, 0, 220, 7, 52]
1542749132067;[171, 0, 17, 255, 161, 74, 234, 87, 17, 1, 0, 117, 0, 0, 22, 1, 0, 220, 7, 52]
1542749132070;[171, 0, 17, 255, 161, 74, 234, 87, 17, 1, 0, 116, 0, 0, 20, 1, 0, 219, 6, 234]
1542749132071;[171, 0, 17, 255, 161, 74, 234, 87, 17, 1, 0, 116, 0, 0, 20, 1, 0, 219, 6, 234]
1542749132236;[171, 0, 4, 255, 132, 128, 69]
1542749132239;[171, 0, 4, 255, 132, 128, 69]
1542749132242;[171, 0, 17, 255, 161, 74, 234, 87, 17, 1, 0, 114, 0, 0, 23, 1, 0, 219, 6, 169]
1542749132243;[171, 0, 17, 255, 161, 74, 234, 87, 17, 1, 0, 114, 0, 0, 23, 1, 0, 219, 6, 169]
1542749132409;[171, 0, 17, 255, 161, 74, 234, 87, 17, 1, 0, 113, 0, 0, 20, 1, 0, 221, 6, 95]
1542749132411;[171, 0, 17, 255, 161, 74, 234, 87, 17, 1, 0, 113, 0, 0, 20, 1, 0, 221, 6, 95]
1542749132413;[171, 0, 17, 255, 161, 74, 234, 87, 17, 1, 0, 117, 0, 0, 23, 1, 0, 220, 7, 57]
1542749132415;[171, 0, 17, 255, 161, 74, 234, 87, 17, 1, 0, 117, 0, 0, 23, 1, 0, 220, 7, 57]
1542749132929;[171, 0, 17, 255, 161, 74, 234, 87, 17, 1, 0, 114, 0, 0, 23, 1, 0, 219, 7, 255]
1542749132931;[171, 0, 17, 255, 161, 74, 234, 87, 17, 1, 0, 114, 0, 0, 23, 1, 0, 219, 7, 255]
1542749132933;[171, 0, 17, 255, 161, 74, 234, 87, 17, 1, 0, 115, 0, 0, 20, 1, 0, 222, 7, 238]
1542749132935;[171, 0, 17, 255, 161, 74, 234, 87, 17, 1, 0, 115, 0, 0, 20, 1, 0, 222, 7, 238]
1542749132938;[171, 0, 17, 255, 161, 74, 234, 87, 18, 1, 0, 115, 0, 0, 21, 1, 0, 222, 7, 174]
1542749132940;[171, 0, 17, 255, 161, 74, 234, 87, 18, 1, 0, 115, 0, 0, 21, 1, 0, 222, 7, 174]
1542749132942;[171, 0, 17, 255, 161, 74, 234, 87, 18, 1, 0, 116, 0, 0, 24, 1, 0, 219, 7, 120]
1542749132944;[171, 0, 17, 255, 161, 74, 234, 87, 18, 1, 0, 116, 0, 0, 24, 1, 0, 219, 7, 120]
1542749133099;[171, 0, 17, 255, 161, 74, 234, 87, 18, 1, 0, 116, 0, 0, 22, 1, 0, 220, 7, 58]
1542749133101;[171, 0, 17, 255, 161, 74, 234, 87, 18, 1, 0, 116, 0, 0, 22, 1, 0, 220, 7, 58]
1542749133104;[171, 0, 17, 255, 161, 74, 234, 87, 18, 1, 0, 118, 0, 0, 21, 1, 0, 220, 6, 245]
1542749133106;[171, 0, 17, 255, 161, 74, 234, 87, 18, 1, 0, 118, 0, 0, 21, 1, 0, 220, 6, 245]
1542749133273;[171, 0, 17, 255, 161, 74, 234, 87, 18, 1, 0, 117, 0, 0, 24, 1, 0, 220, 6, 170]
1542749133275;[171, 0, 17, 255, 161, 74, 234, 87, 18, 1, 0, 117, 0, 0, 24, 1, 0, 220, 6, 170]
1542749133277;[171, 0, 4, 255, 132, 128, 69]
1542749133280;[171, 0, 4, 255, 132, 128, 69]
1542749133444;[171, 0, 17, 255, 161, 74, 234, 87, 18, 1, 0, 113, 0, 0, 24, 1, 0, 221, 6, 91]
1542749133446;[171, 0, 17, 255, 161, 74, 234, 87, 18, 1, 0, 113, 0, 0, 24, 1, 0, 221, 6, 91]
1542749133448;[171, 0, 17, 255, 161, 74, 234, 87, 18, 1, 0, 116, 0, 0, 20, 1, 0, 219, 6, 243]
1542749133450;[171, 0, 17, 255, 161, 74, 234, 87, 18, 1, 0, 116, 0, 0, 20, 1, 0, 219, 6, 243]
1542749133617;[171, 0, 17, 255, 161, 74, 234, 87, 18, 1, 0, 116, 0, 0, 25, 1, 0, 219, 7, 237]
1542749133620;[171, 0, 17, 255, 161, 74, 234, 87, 18, 1, 0, 116, 0, 0, 25, 1, 0, 219, 7, 237]
1542749133622;[171, 0, 17, 255, 161, 74, 234, 87, 18, 1, 0, 114, 0, 0, 20, 1, 0, 220, 7, 236]
1542749133624;[171, 0, 17, 255, 161, 74, 234, 87, 18, 1, 0, 114, 0, 0, 20, 1, 0, 220, 7, 236]
1542749133789;[171, 0, 17, 255, 161, 74, 234, 87, 18, 1, 0, 116, 0, 0, 23, 1, 0, 219, 7, 167]
1542749133791;[171, 0, 17, 255, 161, 74, 234, 87, 18, 1, 0, 116, 0, 0, 23, 1, 0, 219, 7, 167]
1542749134136;[171, 0, 17, 255, 161, 74, 234, 87, 19, 1, 0, 115, 0, 0, 23, 1, 0, 220, 7, 102]
1542749134138;[171, 0, 17, 255, 161, 74, 234, 87, 19, 1, 0, 115, 0, 0, 23, 1, 0, 220, 7, 102]
1542749134140;[171, 0, 17, 255, 161, 74, 234, 87, 19, 1, 0, 116, 0, 0, 21, 1, 0, 219, 7, 58]
1542749134142;[171, 0, 17, 255, 161, 74, 234, 87, 19, 1, 0, 116, 0, 0, 21, 1, 0, 219, 7, 58]
1542749134144;[171, 0, 17, 255, 161, 74, 234, 87, 19, 1, 0, 117, 0, 0, 20, 1, 0, 219, 7, 2]
1542749134146;[171, 0, 17, 255, 161, 74, 234, 87, 19, 1, 0, 117, 0, 0, 20, 1, 0, 219, 7, 2]
1542749134148;[171, 0, 17, 255, 161, 74, 234, 87, 19, 1, 0, 119, 0, 0, 23, 1, 0, 219, 6, 180]
1542749134150;[171, 0, 17, 255, 161, 74, 234, 87, 19, 1, 0, 119, 0, 0, 23, 1, 0, 219, 6, 180]
1542749134480;[171, 0, 17, 255, 161, 74, 234, 87, 21, 1, 0, 116, 0, 0, 22, 1, 0, 220, 7, 67]
1542749134482;[171, 0, 17, 255, 161, 74, 234, 87, 21, 1, 0, 116, 0, 0, 22, 1, 0, 220, 7, 67]
1542749134653;[171, 0, 17, 255, 161, 74, 234, 87, 21, 1, 0, 115, 0, 0, 23, 1, 0, 220, 6, 252]
1542749134655;[171, 0, 17, 255, 161, 74, 234, 87, 21, 1, 0, 115, 0, 0, 23, 1, 0, 220, 6, 252]
1542749134657;[171, 0, 17, 255, 161, 74, 234, 87, 21, 1, 0, 114, 0, 0, 21, 1, 0, 220, 6, 173]
1542749134659;[171, 0, 17, 255, 161, 74, 234, 87, 21, 1, 0, 114, 0, 0, 21, 1, 0, 220, 6, 173]
1542749134996;[171, 0, 17, 255, 161, 74, 234, 87, 21, 1, 0, 113, 0, 0, 22, 1, 0, 220, 6, 177]
1542749134998;[171, 0, 17, 255, 161, 74, 234, 87, 21, 1, 0, 113, 0, 0, 22, 1, 0, 220, 6, 177]
1542749135344;[171, 0, 17, 255, 161, 74, 234, 87, 21, 1, 0, 114, 0, 0, 20, 1, 0, 219, 7, 206]
1542749135346;[171, 0, 17, 255, 161, 74, 234, 87, 21, 1, 0, 114, 0, 0, 20, 1, 0, 219, 7, 206]
1542749135349;[171, 0, 17, 255, 161, 74, 234, 87, 22, 1, 0, 116, 0, 0, 22, 1, 0, 219, 7, 255]
1542749135353;[171, 0, 17, 255, 161, 74, 234, 87, 22, 1, 0, 116, 0, 0, 22, 1, 0, 219, 7, 255]
1542749135355;[171, 0, 17, 255, 161, 74, 234, 87, 22, 1, 0, 114, 0, 0, 23, 1, 0, 220, 7, 173]
1542749135357;[171, 0, 17, 255, 161, 74, 234, 87, 22, 1, 0, 114, 0, 0, 23, 1, 0, 220, 7, 173]
1542749135359;[171, 0, 17, 255, 161, 74, 234, 87, 22, 1, 0, 114, 0, 0, 21, 1, 0, 222, 7, 99]
1542749135360;[171, 0, 17, 255, 161, 74, 234, 87, 22, 1, 0, 114, 0, 0, 21, 1, 0, 222, 7, 99]
1542749135518;[171, 0, 17, 255, 161, 74, 234, 87, 22, 1, 0, 118, 0, 0, 22, 1, 0, 220, 7, 39]
1542749135520;[171, 0, 17, 255, 161, 74, 234, 87, 22, 1, 0, 118, 0, 0, 22, 1, 0, 220, 7, 39]
1542749135523;[171, 0, 17, 255, 161, 74, 234, 87, 22, 1, 0, 117, 0, 0, 22, 1, 0, 218, 6, 220]
1542749135525;[171, 0, 17, 255, 161, 74, 234, 87, 22, 1, 0, 117, 0, 0, 22, 1, 0, 218, 6, 220]
1542749135527;[171, 0, 4, 255, 132, 128, 69]
1542749135530;[171, 0, 4, 255, 132, 128, 69]
1542749135532;[171, 0, 17, 255, 161, 74, 234, 87, 22, 1, 0, 116, 0, 0, 22, 1, 0, 219, 6, 148]
1542749135534;[171, 0, 17, 255, 161, 74, 234, 87, 22, 1, 0, 116, 0, 0, 22, 1, 0, 219, 6, 148]
1542749135688;[171, 0, 17, 255, 161, 74, 234, 87, 22, 1, 0, 118, 0, 0, 21, 1, 0, 219, 6, 122]
1542749135690;[171, 0, 17, 255, 161, 74, 234, 87, 22, 1, 0, 118, 0, 0, 21, 1, 0, 219, 6, 122]
1542749135860;[171, 0, 17, 255, 161, 74, 234, 87, 22, 1, 0, 118, 0, 0, 23, 1, 0, 218, 7, 127]
1542749135862;[171, 0, 17, 255, 161, 74, 234, 87, 22, 1, 0, 118, 0, 0, 23, 1, 0, 218, 7, 127]
1542749136033;[171, 0, 17, 255, 161, 74, 234, 87, 22, 1, 0, 117, 0, 0, 22, 1, 0, 219, 7, 184]
1542749136035;[171, 0, 17, 255, 161, 74, 234, 87, 22, 1, 0, 117, 0, 0, 22, 1, 0, 219, 7, 184]
1542749136037;[171, 0, 17, 255, 161, 74, 234, 87, 22, 1, 0, 116, 0, 0, 21, 1, 0, 220, 7, 110]
1542749136039;[171, 0, 17, 255, 161, 74, 234, 87, 22, 1, 0, 116, 0, 0, 21, 1, 0, 220, 7, 110]
1542749136042;[171, 0, 17, 255, 161, 74, 234, 87, 23, 1, 0, 116, 0, 0, 22, 1, 0, 219, 7, 36]
1542749136044;[171, 0, 17, 255, 161, 74, 234, 87, 23, 1, 0, 116, 0, 0, 22, 1, 0, 219, 7, 36]
1542749136204;[171, 0, 17, 255, 161, 74, 234, 87, 23, 1, 0, 117, 0, 0, 21, 1, 0, 220, 6, 244]
1542749136206;[171, 0, 17, 255, 161, 74, 234, 87, 23, 1, 0, 117, 0, 0, 21, 1, 0, 220, 6, 244]
1542749136377;[171, 0, 17, 255, 161, 74, 234, 87, 23, 1, 0, 114, 0, 0, 22, 1, 0, 220, 6, 178]
1542749136378;[171, 0, 17, 255, 161, 74, 234, 87, 23, 1, 0, 114, 0, 0, 22, 1, 0, 220, 6, 178]
1542749136381;[171, 0, 17, 255, 161, 74, 234, 87, 23, 1, 0, 119, 0, 0, 22, 1, 0, 219, 6, 103]
1542749136382;[171, 0, 17, 255, 161, 74, 234, 87, 23, 1, 0, 119, 0, 0, 22, 1, 0, 219, 6, 103]
1542749136723;[171, 0, 17, 255, 161, 74, 234, 87, 23, 1, 0, 116, 0, 0, 21, 1, 0, 218, 6, 119]
1542749136725;[171, 0, 17, 255, 161, 74, 234, 87, 23, 1, 0, 116, 0, 0, 21, 1, 0, 218, 6, 119]
1542749136727;[171, 0, 4, 255, 132, 128, 69]
1542749136729;[171, 0, 4, 255, 132, 128, 69]
1542749136732;[171, 0, 17, 255, 161, 74, 234, 87, 23, 1, 0, 115, 0, 0, 22, 1, 0, 218, 7, 131]
1542749136734;[171, 0, 17, 255, 161, 74, 234, 87, 23, 1, 0, 115, 0, 0, 22, 1, 0, 218, 7, 131]
1542749136737;[171, 0, 17, 255, 161, 74, 234, 87, 23, 1, 0, 116, 0, 0, 21, 1, 0, 219, 7, 149]
1542749136739;[171, 0, 17, 255, 161, 74, 234, 87, 23, 1, 0, 116, 0, 0, 21, 1, 0, 219, 7, 149]
1542749136894;[171, 0, 17, 255, 161, 74, 234, 87, 23, 1, 0, 114, 0, 0, 20, 1, 0, 219, 7, 54]
1542749136896;[171, 0, 17, 255, 161, 74, 234, 87, 23, 1, 0, 114, 0, 0, 20, 1, 0, 219, 7, 54]
1542749137067;[171, 0, 17, 255, 161, 74, 234, 87, 23, 1, 0, 115, 0, 0, 22, 1, 0, 220, 6, 232]
1542749137070;[171, 0, 17, 255, 161, 74, 234, 87, 23, 1, 0, 115, 0, 0, 22, 1, 0, 220, 6, 232]
1542749137072;[171, 0, 17, 255, 161, 74, 234, 87, 23, 1, 0, 115, 0, 0, 22, 1, 0, 220, 6, 168]
1542749137074;[171, 0, 17, 255, 161, 74, 234, 87, 23, 1, 0, 115, 0, 0, 22, 1, 0, 220, 6, 168]
1542749137241;[171, 0, 17, 255, 161, 74, 234, 87, 24, 1, 0, 114, 0, 0, 22, 1, 0, 219, 6, 93]
1542749137243;[171, 0, 17, 255, 161, 74, 234, 87, 24, 1, 0, 114, 0, 0, 22, 1, 0, 219, 6, 93]
1542749137245;[171, 0, 17, 255, 161, 74, 234, 87, 24, 1, 0, 117, 0, 0, 22, 1, 0, 221, 5, 254]
1542749137247;[171, 0, 17, 255, 161, 74, 234, 87, 24, 1, 0, 117, 0, 0, 22, 1, 0, 221, 5, 254]
1542749137412;[171, 0, 17, 255, 161, 74, 234, 87, 24, 1, 0, 115, 0, 0, 23, 1, 0, 219, 5, 205]
1542749137414;[171, 0, 17, 255, 161, 74, 234, 87, 24, 1, 0, 115, 0, 0, 23, 1, 0, 219, 5, 205]
1542749137417;[171, 0, 17, 255, 161, 74, 234, 87, 24, 1, 0, 114, 0, 0, 21, 1, 0, 219, 6, 207]
1542749137419;[171, 0, 17, 255, 161, 74, 234, 87, 24, 1, 0, 114, 0, 0, 21, 1, 0, 219, 6, 207]
1542749137584;[171, 0, 17, 255, 161, 74, 234, 87, 24, 1, 0, 117, 0, 0, 20, 1, 0, 221, 7, 16]
1542749137586;[171, 0, 17, 255, 161, 74, 234, 87, 24, 1, 0, 117, 0, 0, 20, 1, 0, 221, 7, 16]
1542749137931;[171, 0, 4, 255, 132, 128, 69]
1542749137934;[171, 0, 4, 255, 132, 128, 69]
1542749137936;[171, 0, 17, 255, 161, 74, 234, 87, 24, 1, 0, 113, 0, 0, 21, 1, 0, 221, 6, 201]
1542749137938;[171, 0, 17, 255, 161, 74, 234, 87, 24, 1, 0, 113, 0, 0, 21, 1, 0, 221, 6, 201]
1542749137940;[171, 0, 17, 255, 161, 74, 234, 87, 24, 1, 0, 117, 0, 0, 18, 1, 0, 218, 6, 105]
1542749137942;[171, 0, 17, 255, 161, 74, 234, 87, 24, 1, 0, 117, 0, 0, 18, 1, 0, 218, 6, 105]
1542749137944;[171, 0, 17, 255, 161, 74, 234, 87, 24, 1, 0, 117, 0, 0, 24, 1, 0, 220, 6, 42]
1542749137946;[171, 0, 17, 255, 161, 74, 234, 87, 24, 1, 0, 117, 0, 0, 24, 1, 0, 220, 6, 42]
1542749138279;[171, 0, 17, 255, 161, 74, 234, 87, 24, 1, 0, 114, 0, 0, 22, 1, 0, 219, 5, 226]
1542749138280;[171, 0, 17, 255, 161, 74, 234, 87, 24, 1, 0, 114, 0, 0, 22, 1, 0, 219, 5, 226]
1542749138281;[171, 0, 17, 255, 161, 74, 234, 87, 24, 1, 0, 116, 0, 0, 23, 1, 0, 221, 5, 127]
1542749138282;[171, 0, 17, 255, 161, 74, 234, 87, 24, 1, 0, 116, 0, 0, 23, 1, 0, 221, 5, 127]
1542749138283;[171, 0, 17, 255, 161, 74, 234, 87, 25, 1, 0, 116, 0, 0, 22, 1, 0, 220, 5, 47]
1542749138284;[171, 0, 17, 255, 161, 74, 234, 87, 25, 1, 0, 116, 0, 0, 22, 1, 0, 220, 5, 47]
1542749138447;[171, 0, 17, 255, 161, 74, 234, 87, 25, 1, 0, 114, 0, 0, 21, 1, 0, 221, 5, 117]
1542749138449;[171, 0, 17, 255, 161, 74, 234, 87, 25, 1, 0, 114, 0, 0, 21, 1, 0, 221, 5, 117]
1542749138452;[171, 0, 17, 255, 161, 74, 234, 87, 25, 1, 0, 116, 0, 0, 21, 1, 0, 220, 6, 51]
1542749138453;[171, 0, 17, 255, 161, 74, 234, 87, 25, 1, 0, 116, 0, 0, 21, 1, 0, 220, 6, 51]
1542749138620;[171, 0, 17, 255, 161, 74, 234, 87, 25, 1, 0, 117, 0, 0, 22, 1, 0, 220, 6, 36]
1542749138622;[171, 0, 17, 255, 161, 74, 234, 87, 25, 1, 0, 117, 0, 0, 22, 1, 0, 220, 6, 36]
1542749138624;[171, 0, 17, 255, 161, 74, 234, 87, 25, 1, 0, 115, 0, 0, 22, 1, 0, 221, 5, 202]
1542749138626;[171, 0, 17, 255, 161, 74, 234, 87, 25, 1, 0, 115, 0, 0, 22, 1, 0, 221, 5, 202]
1542749138793;[171, 0, 4, 255, 132, 128, 70]
1542749138795;[171, 0, 4, 255, 132, 128, 70]
1542749139310;[171, 0, 17, 255, 161, 74, 234, 87, 25, 1, 0, 115, 0, 0, 23, 1, 0, 220, 5, 138]
1542749139312;[171, 0, 17, 255, 161, 74, 234, 87, 25, 1, 0, 115, 0, 0, 23, 1, 0, 220, 5, 138]
1542749139315;[171, 0, 17, 255, 161, 74, 234, 87, 25, 1, 0, 117, 0, 0, 22, 1, 0, 217, 5, 78]
1542749139317;[171, 0, 17, 255, 161, 74, 234, 87, 25, 1, 0, 117, 0, 0, 22, 1, 0, 217, 5, 78]
1542749139319;[171, 0, 17, 255, 161, 74, 234, 87, 25, 1, 0, 115, 0, 0, 22, 1, 0, 221, 4, 251]
1542749139321;[171, 0, 17, 255, 161, 74, 234, 87, 25, 1, 0, 115, 0, 0, 22, 1, 0, 221, 4, 251]
1542749139484;[171, 0, 17, 255, 161, 74, 234, 87, 25, 1, 0, 113, 0, 0, 21, 1, 0, 219, 4, 169]
1542749139486;[171, 0, 17, 255, 161, 74, 234, 87, 25, 1, 0, 113, 0, 0, 21, 1, 0, 219, 4, 169]
1542749139488;[171, 0, 17, 255, 161, 74, 234, 87, 25, 1, 0, 116, 0, 0, 21, 1, 0, 219, 4, 145]
1542749139490;[171, 0, 17, 255, 161, 74, 234, 87, 25, 1, 0, 116, 0, 0, 21, 1, 0, 219, 4, 145]
1542749139493;[171, 0, 17, 255, 161, 74, 234, 87, 26, 1, 0, 116, 0, 0, 20, 1, 0, 221, 5, 106]
1542749139495;[171, 0, 17, 255, 161, 74, 234, 87, 26, 1, 0, 116, 0, 0, 20, 1, 0, 221, 5, 106]
1542749139497;[171, 0, 17, 255, 161, 74, 234, 87, 26, 1, 0, 116, 0, 0, 22, 1, 0, 220, 5, 142]
1542749139499;[171, 0, 17, 255, 161, 74, 234, 87, 26, 1, 0, 116, 0, 0, 22, 1, 0, 220, 5, 142]
1542749139655;[171, 0, 17, 255, 161, 74, 234, 87, 26, 1, 0, 115, 0, 0, 19, 1, 0, 221, 5, 68]
1542749139657;[171, 0, 17, 255, 161, 74, 234, 87, 26, 1, 0, 115, 0, 0, 19, 1, 0, 221, 5, 68]
1542749139659;[171, 0, 17, 255, 161, 74, 234, 87, 26, 1, 0, 117, 0, 0, 22, 1, 0, 219, 4, 249]
1542749139661;[171, 0, 17, 255, 161, 74, 234, 87, 26, 1, 0, 117, 0, 0, 22, 1, 0, 219, 4, 249]
1542749139827;[171, 0, 17, 255, 161, 74, 234, 87, 26, 1, 0, 116, 0, 0, 20, 1, 0, 220, 4, 213]
1542749139833;[171, 0, 17, 255, 161, 74, 234, 87, 26, 1, 0, 116, 0, 0, 20, 1, 0, 220, 4, 213]
1542749139834;[171, 0, 4, 255, 132, 128, 70]
1542749139837;[171, 0, 4, 255, 132, 128, 70]
1542749140173;[171, 0, 17, 255, 161, 74, 234, 87, 26, 1, 0, 116, 0, 0, 23, 1, 0, 218, 4, 147]
1542749140175;[171, 0, 17, 255, 161, 74, 234, 87, 26, 1, 0, 116, 0, 0, 23, 1, 0, 218, 4, 147]
1542749140178;[171, 0, 17, 255, 161, 74, 234, 87, 26, 1, 0, 116, 0, 0, 21, 1, 0, 221, 4, 85]
1542749140179;[171, 0, 17, 255, 161, 74, 234, 87, 26, 1, 0, 116, 0, 0, 21, 1, 0, 221, 4, 85]
1542749140181;[171, 0, 17, 255, 161, 74, 234, 87, 26, 1, 0, 116, 0, 0, 22, 1, 0, 218, 4, 183]
1542749140183;[171, 0, 17, 255, 161, 74, 234, 87, 26, 1, 0, 116, 0, 0, 22, 1, 0, 218, 4, 183]
1542749140519;[171, 0, 17, 255, 161, 74, 234, 87, 26, 1, 0, 114, 0, 0, 20, 1, 0, 218, 5, 112]
1542749140521;[171, 0, 17, 255, 161, 74, 234, 87, 26, 1, 0, 114, 0, 0, 20, 1, 0, 218, 5, 112]
1542749140524;[171, 0, 17, 255, 161, 74, 234, 87, 26, 1, 0, 115, 0, 0, 20, 1, 0, 220, 5, 99]
1542749140526;[171, 0, 17, 255, 161, 74, 234, 87, 26, 1, 0, 115, 0, 0, 20, 1, 0, 220, 5, 99]
1542749140528;[171, 0, 17, 255, 161, 74, 234, 87, 27, 1, 0, 116, 0, 0, 21, 1, 0, 220, 5, 27]
1542749140530;[171, 0, 17, 255, 161, 74, 234, 87, 27, 1, 0, 116, 0, 0, 21, 1, 0, 220, 5, 27]
1542749140533;[171, 0, 17, 255, 161, 74, 234, 87, 27, 1, 0, 117, 0, 0, 21, 1, 0, 219, 4, 223]
1542749140534;[171, 0, 17, 255, 161, 74, 234, 87, 27, 1, 0, 117, 0, 0, 21, 1, 0, 219, 4, 223]
1542749140689;[171, 0, 17, 255, 161, 74, 234, 87, 27, 1, 0, 116, 0, 0, 18, 1, 0, 220, 4, 168]
1542749140690;[171, 0, 17, 255, 161, 74, 234, 87, 27, 1, 0, 116, 0, 0, 18, 1, 0, 220, 4, 168]
1542749140862;[171, 0, 17, 255, 161, 74, 234, 87, 27, 1, 0, 115, 0, 0, 21, 1, 0, 219, 4, 98]
1542749140864;[171, 0, 17, 255, 161, 74, 234, 87, 27, 1, 0, 115, 0, 0, 21, 1, 0, 219, 4, 98]
1542749140866;[171, 0, 17, 255, 161, 74, 234, 87, 27, 1, 0, 114, 0, 0, 22, 1, 0, 221, 4, 35]
1542749140868;[171, 0, 17, 255, 161, 74, 234, 87, 27, 1, 0, 114, 0, 0, 22, 1, 0, 221, 4, 35]
1542749141035;[171, 0, 4, 255, 132, 128, 70]
1542749141038;[171, 0, 4, 255, 132, 128, 70]
1542749141041;[171, 0, 17, 255, 161, 74, 234, 87, 27, 1, 0, 116, 0, 0, 21, 1, 0, 220, 3, 253]
1542749141042;[171, 0, 17, 255, 161, 74, 234, 87, 27, 1, 0, 116, 0, 0, 21, 1, 0, 220, 3, 253]
1542749141208;[171, 0, 17, 255, 161, 74, 234, 87, 27, 1, 0, 114, 0, 0, 20, 1, 0, 219, 4, 241]
1542749141209;[171, 0, 17, 255, 161, 74, 234, 87, 27, 1, 0, 114, 0, 0, 20, 1, 0, 219, 4, 241]
1542749141380;[171, 0, 17, 255, 161, 74, 234, 87, 27, 1, 0, 117, 0, 0, 20, 1, 0, 219, 5, 72]
1542749141382;[171, 0, 17, 255, 161, 74, 234, 87, 27, 1, 0, 117, 0, 0, 20, 1, 0, 219, 5, 72]
1542749141384;[171, 0, 17, 255, 161, 74, 234, 87, 27, 1, 0, 117, 0, 0, 21, 1, 0, 220, 5, 35]
1542749141386;[171, 0, 17, 255, 161, 74, 234, 87, 27, 1, 0, 117, 0, 0, 21, 1, 0, 220, 5, 35]
1542749141726;[171, 0, 17, 255, 161, 74, 234, 87, 27, 1, 0, 116, 0, 0, 22, 1, 0, 218, 4, 228]
1542749141728;[171, 0, 17, 255, 161, 74, 234, 87, 27, 1, 0, 116, 0, 0, 22, 1, 0, 218, 4, 228]
1542749141730;[171, 0, 17, 255, 161, 74, 234, 87, 28, 1, 0, 114, 0, 0, 21, 1, 0, 219, 4, 195]
1542749141733;[171, 0, 17, 255, 161, 74, 234, 87, 28, 1, 0, 114, 0, 0, 21, 1, 0, 219, 4, 195]
1542749141735;[171, 0, 17, 255, 161, 74, 234, 87, 28, 1, 0, 114, 0, 0, 22, 1, 0, 221, 4, 131]
1542749141738;[171, 0, 17, 255, 161, 74, 234, 87, 28, 1, 0, 114, 0, 0, 22, 1, 0, 221, 4, 131]
1542749141741;[171, 0, 17, 255, 161, 74, 234, 87, 28, 1, 0, 114, 0, 0, 21, 1, 0, 220, 4, 67]
1542749141742;[171, 0, 17, 255, 161, 74, 234, 87, 28, 1, 0, 114, 0, 0, 21, 1, 0, 220, 4, 67]
1542749141897;[171, 0, 17, 255, 161, 74, 234, 87, 28, 1, 0, 115, 0, 0, 23, 1, 0, 220, 4, 0]
1542749141898;[171, 0, 17, 255, 161, 74, 234, 87, 28, 1, 0, 115, 0, 0, 23, 1, 0, 220, 4, 0]
1542749142069;[171, 0, 17, 255, 161, 74, 234, 87, 28, 1, 0, 113, 0, 0, 21, 1, 0, 218, 3, 206]
1542749142071;[171, 0, 17, 255, 161, 74, 234, 87, 28, 1, 0, 113, 0, 0, 21, 1, 0, 218, 3, 206]
1542749142074;[171, 0, 4, 255, 132, 128, 70]
1542749142076;[171, 0, 4, 255, 132, 128, 70]
1542749142243;[171, 0, 17, 255, 161, 74, 234, 87, 28, 1, 0, 114, 0, 0, 23, 1, 0, 219, 4, 188]
1542749142245;[171, 0, 17, 255, 161, 74, 234, 87, 28, 1, 0, 114, 0, 0, 23, 1, 0, 219, 4, 188]
1542749142248;[171, 0, 17, 255, 161, 74, 234, 87, 28, 1, 0, 117, 0, 0, 21, 1, 0, 219, 5, 83]
1542749142249;[171, 0, 17, 255, 161, 74, 234, 87, 28, 1, 0, 117, 0, 0, 21, 1, 0, 219, 5, 83]
1542749142414;[171, 0, 17, 255, 161, 74, 234, 87, 28, 1, 0, 114, 0, 0, 21, 1, 0, 220, 5, 68]
1542749142416;[171, 0, 17, 255, 161, 74, 234, 87, 28, 1, 0, 114, 0, 0, 21, 1, 0, 220, 5, 68]
1542749142418;[171, 0, 17, 255, 161, 74, 234, 87, 28, 1, 0, 115, 0, 0, 23, 1, 0, 218, 5, 18]
1542749142420;[171, 0, 17, 255, 161, 74, 234, 87, 28, 1, 0, 115, 0, 0, 23, 1, 0, 218, 5, 18]
1542749142586;[171, 0, 17, 255, 161, 74, 234, 87, 28, 1, 0, 115, 0, 0, 23, 1, 0, 220, 4, 237]
1542749142588;[171, 0, 17, 255, 161, 74, 234, 87, 28, 1, 0, 115, 0, 0, 23, 1, 0, 220, 4, 237]
1542749143105;[171, 0, 17, 255, 161, 74, 234, 87, 29, 1, 0, 116, 0, 0, 23, 1, 0, 219, 4, 198]
1542749143107;[171, 0, 17, 255, 161, 74, 234, 87, 29, 1, 0, 116, 0, 0, 23, 1, 0, 219, 4, 198]
1542749143110;[171, 0, 17, 255, 161, 74, 234, 87, 29, 1, 0, 116, 0, 0, 23, 1, 0, 221, 4, 130]
1542749143112;[171, 0, 17, 255, 161, 74, 234, 87, 29, 1, 0, 116, 0, 0, 23, 1, 0, 221, 4, 130]
1542749143114;[171, 0, 17, 255, 161, 74, 234, 87, 29, 1, 0, 114, 0, 0, 20, 1, 0, 218, 4, 76]
1542749143116;[171, 0, 17, 255, 161, 74, 234, 87, 29, 1, 0, 114, 0, 0, 20, 1, 0, 218, 4, 76]
1542749143119;[171, 0, 17, 255, 161, 74, 234, 87, 29, 1, 0, 117, 0, 0, 22, 1, 0, 218, 4, 34]
1542749143121;[171, 0, 17, 255, 161, 74, 234, 87, 29, 1, 0, 117, 0, 0, 22, 1, 0, 218, 4, 34]
1542749143279;[171, 0, 17, 255, 161, 74, 234, 87, 29, 1, 0, 113, 0, 0, 22, 1, 0, 220, 5, 28]
1542749143281;[171, 0, 17, 255, 161, 74, 234, 87, 29, 1, 0, 113, 0, 0, 22, 1, 0, 220, 5, 28]
1542749143283;[171, 0, 4, 255, 132, 128, 70]
1542749143285;[171, 0, 4, 255, 132, 128, 70]
1542749143288;[171, 0, 17, 255, 161, 74, 234, 87, 29, 1, 0, 115, 0, 0, 24, 1, 0, 219, 5, 167]
1542749143290;[171, 0, 17, 255, 161, 74, 234, 87, 29, 1, 0, 115, 0, 0, 24, 1, 0, 219, 5, 167]
1542749143450;[171, 0, 17, 255, 161, 74, 234, 87, 29, 1, 0, 118, 0, 0, 22, 1, 0, 219, 5, 147]
1542749143453;[171, 0, 17, 255, 161, 74, 234, 87, 29, 1, 0, 118, 0, 0, 22, 1, 0, 219, 5, 147]
1542749143455;[171, 0, 17, 255, 161, 74, 234, 87, 29, 1, 0, 118, 0, 0, 21, 1, 0, 218, 5, 103]
1542749143457;[171, 0, 17, 255, 161, 74, 234, 87, 29, 1, 0, 118, 0, 0, 21, 1, 0, 218, 5, 103]
1542749143623;[171, 0, 17, 255, 161, 74, 234, 87, 29, 1, 0, 116, 0, 0, 21, 1, 0, 219, 5, 77]
1542749143624;[171, 0, 17, 255, 161, 74, 234, 87, 29, 1, 0, 116, 0, 0, 21, 1, 0, 219, 5, 77]
1542749143626;[171, 0, 17, 255, 161, 74, 234, 87, 29, 1, 0, 116, 0, 0, 20, 1, 0, 220, 5, 48]
1542749143628;[171, 0, 17, 255, 161, 74, 234, 87, 29, 1, 0, 116, 0, 0, 20, 1, 0, 220, 5, 48]
1542749143795;[171, 0, 17, 255, 161, 74, 234, 87, 30, 1, 0, 115, 0, 0, 22, 1, 0, 220, 4, 249]
1542749143797;[171, 0, 17, 255, 161, 74, 234, 87, 30, 1, 0, 115, 0, 0, 22, 1, 0, 220, 4, 249]
1542749143967;[171, 0, 17, 255, 161, 74, 234, 87, 30, 1, 0, 113, 0, 0, 21, 1, 0, 221, 4, 233]
1542749143969;[171, 0, 17, 255, 161, 74, 234, 87, 30, 1, 0, 113, 0, 0, 21, 1, 0, 221, 4, 233]
1542749143971;[171, 0, 17, 255, 161, 74, 234, 87, 30, 1, 0, 116, 0, 0, 20, 1, 0, 218, 5, 241]
1542749143973;[171, 0, 17, 255, 161, 74, 234, 87, 30, 1, 0, 116, 0, 0, 20, 1, 0, 218, 5, 241]
1542749144314;[171, 0, 17, 255, 161, 74, 234, 87, 30, 1, 0, 115, 0, 0, 23, 1, 0, 221, 6, 118]
1542749144317;[171, 0, 17, 255, 161, 74, 234, 87, 30, 1, 0, 115, 0, 0, 23, 1, 0, 221, 6, 118]
1542749144319;[171, 0, 17, 255, 161, 74, 234, 87, 30, 1, 0, 116, 0, 0, 21, 1, 0, 221, 6, 76]
1542749144321;[171, 0, 17, 255, 161, 74, 234, 87, 30, 1, 0, 116, 0, 0, 21, 1, 0, 221, 6, 76]
1542749144323;[171, 0, 4, 255, 132, 128, 70]
1542749144325;[171, 0, 4, 255, 132, 128, 70]
1542749144328;[171, 0, 17, 255, 161, 74, 234, 87, 30, 1, 0, 114, 0, 0, 20, 1, 0, 221, 6, 26]
1542749144329;[171, 0, 17, 255, 161, 74, 234, 87, 30, 1, 0, 114, 0, 0, 20, 1, 0, 221, 6, 26]
1542749144485;[171, 0, 17, 255, 161, 74, 234, 87, 30, 1, 0, 116, 0, 0, 21, 1, 0, 221, 5, 248]
1542749144487;[171, 0, 17, 255, 161, 74, 234, 87, 30, 1, 0, 116, 0, 0, 21, 1, 0, 221, 5, 248]
1542749144657;[171, 0, 17, 255, 161, 74, 234, 87, 30, 1, 0, 117, 0, 0, 22, 1, 0, 220, 5, 195]
1542749144659;[171, 0, 17, 255, 161, 74, 234, 87, 30, 1, 0, 117, 0, 0, 22, 1, 0, 220, 5, 195]
1542749144661;[171, 0, 17, 255, 161, 74, 234, 87, 30, 1, 0, 115, 0, 0, 24, 1, 0, 218, 5, 127]
1542749144663;[171, 0, 17, 255, 161, 74, 234, 87, 30, 1, 0, 115, 0, 0, 24, 1, 0, 218, 5, 127]
1542749144829;[171, 0, 17, 255, 161, 74, 234, 87, 30, 1, 0, 115, 0, 0, 21, 1, 0, 221, 5, 98]
1542749144831;[171, 0, 17, 255, 161, 74, 234, 87, 30, 1, 0, 115, 0, 0, 21, 1, 0, 221, 5, 98]
1542749144832;[171, 0, 17, 255, 161, 74, 234, 87, 31, 1, 0, 118, 0, 0, 24, 1, 0, 219, 6, 154]
1542749144834;[171, 0, 17, 255, 161, 74, 234, 87, 31, 1, 0, 118, 0, 0, 24, 1, 0, 219, 6, 154]
1542749145002;[171, 0, 17, 255, 161, 74, 234, 87, 31, 1, 0, 118, 0, 0, 20, 1, 0, 221, 7, 24]
1542749145003;[171, 0, 17, 255, 161, 74, 234, 87, 31, 1, 0, 118, 0, 0, 20, 1, 0, 221, 7, 24]
1542749145175;[171, 0, 17, 255, 161, 74, 234, 87, 31, 1, 0, 113, 0, 0, 22, 1, 0, 220, 6, 248]
1542749145177;[171, 0, 17, 255, 161, 74, 234, 87, 31, 1, 0, 113, 0, 0, 22, 1, 0, 220, 6, 248]
1542749145179;[171, 0, 17, 255, 161, 74, 234, 87, 31, 1, 0, 117, 0, 0, 23, 1, 0, 220, 6, 188]
1542749145181;[171, 0, 17, 255, 161, 74, 234, 87, 31, 1, 0, 117, 0, 0, 23, 1, 0, 220, 6, 188]
1542749145347;[171, 0, 17, 255, 161, 74, 234, 87, 31, 1, 0, 116, 0, 0, 21, 1, 0, 220, 6, 144]
1542749145349;[171, 0, 17, 255, 161, 74, 234, 87, 31, 1, 0, 116, 0, 0, 21, 1, 0, 220, 6, 144]
1542749145351;[171, 0, 4, 255, 132, 128, 71]
1542749145354;[171, 0, 4, 255, 132, 128, 71]
1542749145721;[171, 0, 17, 255, 161, 74, 234, 87, 31, 1, 0, 117, 0, 0, 23, 1, 0, 219, 6, 86]
1542749145723;[171, 0, 17, 255, 161, 74, 234, 87, 31, 1, 0, 117, 0, 0, 23, 1, 0, 219, 6, 86]
1542749145725;[171, 0, 17, 255, 161, 74, 234, 87, 31, 1, 0, 117, 0, 0, 21, 1, 0, 220, 6, 8]
1542749145726;[171, 0, 17, 255, 161, 74, 234, 87, 31, 1, 0, 117, 0, 0, 21, 1, 0, 220, 6, 8]
1542749145728;[171, 0, 17, 255, 161, 74, 234, 87, 31, 1, 0, 115, 0, 0, 23, 1, 0, 220, 5, 191]
1542749145730;[171, 0, 17, 255, 161, 74, 234, 87, 31, 1, 0, 115, 0, 0, 23, 1, 0, 220, 5, 191]
1542749145864;[171, 0, 17, 255, 161, 74, 234, 87, 31, 1, 0, 116, 0, 0, 21, 1, 0, 219, 5, 166]
1542749145866;[171, 0, 17, 255, 161, 74, 234, 87, 31, 1, 0, 116, 0, 0, 21, 1, 0, 219, 5, 166]
1542749145868;[171, 0, 17, 255, 161, 74, 234, 87, 31, 1, 0, 115, 0, 0, 20, 1, 0, 220, 6, 229]
1542749145870;[171, 0, 17, 255, 161, 74, 234, 87, 31, 1, 0, 115, 0, 0, 20, 1, 0, 220, 6, 229]
1542749146038;[171, 0, 17, 255, 161, 74, 234, 87, 32, 1, 0, 116, 0, 0, 22, 1, 0, 219, 7, 83]
1542749146044;[171, 0, 17, 255, 161, 74, 234, 87, 32, 1, 0, 116, 0, 0, 22, 1, 0, 219, 7, 83]
1542749146046;[171, 0, 17, 255, 161, 74, 234, 87, 32, 1, 0, 113, 0, 0, 22, 1, 0, 221, 7, 34]
1542749146048;[171, 0, 17, 255, 161, 74, 234, 87, 32, 1, 0, 113, 0, 0, 22, 1, 0, 221, 7, 34]
1542749146207;[171, 0, 17, 255, 161, 74, 234, 87, 32, 1, 0, 116, 0, 0, 25, 1, 0, 219, 6, 227]
1542749146208;[171, 0, 17, 255, 161, 74, 234, 87, 32, 1, 0, 116, 0, 0, 25, 1, 0, 219, 6, 227]
1542749146209;[171, 0, 17, 255, 161, 74, 234, 87, 32, 1, 0, 115, 0, 0, 21, 1, 0, 219, 6, 176]
1542749146210;[171, 0, 17, 255, 161, 74, 234, 87, 32, 1, 0, 115, 0, 0, 21, 1, 0, 219, 6, 176]
1542749146382;[171, 0, 17, 255, 161, 74, 234, 87, 32, 1, 0, 117, 0, 0, 21, 1, 0, 220, 6, 116]
1542749146383;[171, 0, 17, 255, 161, 74, 234, 87, 32, 1, 0, 117, 0, 0, 21, 1, 0, 220, 6, 116]
1542749146555;[171, 0, 4, 255, 132, 128, 70]
1542749146558;[171, 0, 4, 255, 132, 128, 70]
1542749146560;[171, 0, 17, 255, 161, 74, 234, 87, 32, 1, 0, 114, 0, 0, 18, 1, 0, 219, 6, 39]
1542749146562;[171, 0, 17, 255, 161, 74, 234, 87, 32, 1, 0, 114, 0, 0, 18, 1, 0, 219, 6, 39]
1542749146901;[171, 0, 17, 255, 161, 74, 234, 87, 32, 1, 0, 117, 0, 0, 20, 1, 0, 219, 5, 213]
1542749146902;[171, 0, 17, 255, 161, 74, 234, 87, 32, 1, 0, 117, 0, 0, 20, 1, 0, 219, 5, 213]
1542749146905;[171, 0, 17, 255, 161, 74, 234, 87, 32, 1, 0, 116, 0, 0, 21, 1, 0, 219, 5, 191]
1542749146907;[171, 0, 17, 255, 161, 74, 234, 87, 32, 1, 0, 116, 0, 0, 21, 1, 0, 219, 5, 191]
1542749146910;[171, 0, 17, 255, 161, 74, 234, 87, 32, 1, 0, 117, 0, 0, 23, 1, 0, 220, 6, 244]
1542749146911;[171, 0, 17, 255, 161, 74, 234, 87, 32, 1, 0, 117, 0, 0, 23, 1, 0, 220, 6, 244]
1542749147073;[171, 0, 17, 255, 161, 74, 234, 87, 32, 1, 0, 115, 0, 0, 23, 1, 0, 221, 7, 80]
1542749147074;[171, 0, 17, 255, 161, 74, 234, 87, 32, 1, 0, 115, 0, 0, 23, 1, 0, 221, 7, 80]
1542749147077;[171, 0, 17, 255, 161, 74, 234, 87, 33, 1, 0, 112, 0, 0, 24, 1, 0, 219, 7, 34]
1542749147079;[171, 0, 17, 255, 161, 74, 234, 87, 33, 1, 0, 112, 0, 0, 24, 1, 0, 219, 7, 34]
1542749147244;[171, 0, 17, 255, 161, 74, 234, 87, 33, 1, 0, 117, 0, 0, 24, 1, 0, 219, 6, 214]
1542749147246;[171, 0, 17, 255, 161, 74, 234, 87, 33, 1, 0, 117, 0, 0, 24, 1, 0, 219, 6, 214]
1542749147249;[171, 0, 17, 255, 161, 74, 234, 87, 33, 1, 0, 116, 0, 0, 20, 1, 0, 220, 6, 164]
1542749147250;[171, 0, 17, 255, 161, 74, 234, 87, 33, 1, 0, 116, 0, 0, 20, 1, 0, 220, 6, 164]
1542749147418;[171, 0, 17, 255, 161, 74, 234, 87, 33, 1, 0, 114, 0, 0, 22, 1, 0, 218, 6, 108]
1542749147420;[171, 0, 17, 255, 161, 74, 234, 87, 33, 1, 0, 114, 0, 0, 22, 1, 0, 218, 6, 108]
1542749147422;[171, 0, 17, 255, 161, 74, 234, 87, 33, 1, 0, 115, 0, 0, 24, 1, 0, 218, 6, 25]
1542749147424;[171, 0, 17, 255, 161, 74, 234, 87, 33, 1, 0, 115, 0, 0, 24, 1, 0, 218, 6, 25]
1542749147590;[171, 0, 4, 255, 132, 128, 71]
1542749147592;[171, 0, 4, 255, 132, 128, 71]
1542749147762;[171, 0, 17, 255, 161, 74, 234, 87, 33, 1, 0, 118, 0, 0, 21, 1, 0, 219, 5, 201]
1542749147764;[171, 0, 17, 255, 161, 74, 234, 87, 33, 1, 0, 118, 0, 0, 21, 1, 0, 219, 5, 201]
1542749147767;[171, 0, 17, 255, 161, 74, 234, 87, 33, 1, 0, 114, 0, 0, 24, 1, 0, 221, 6, 1]
1542749147768;[171, 0, 17, 255, 161, 74, 234, 87, 33, 1, 0, 114, 0, 0, 24, 1, 0, 221, 6, 1]
1542749148283;[171, 0, 17, 255, 161, 74, 234, 87, 33, 1, 0, 114, 0, 0, 24, 1, 0, 218, 7, 20]
1542749148286;[171, 0, 17, 255, 161, 74, 234, 87, 33, 1, 0, 114, 0, 0, 24, 1, 0, 218, 7, 20]
1542749148288;[171, 0, 17, 255, 161, 74, 234, 87, 33, 1, 0, 117, 0, 0, 22, 1, 0, 218, 7, 48]
1542749148290;[171, 0, 17, 255, 161, 74, 234, 87, 33, 1, 0, 117, 0, 0, 22, 1, 0, 218, 7, 48]
1542749148292;[171, 0, 17, 255, 161, 74, 234, 87, 33, 1, 0, 115, 0, 0, 21, 1, 0, 219, 6, 234]
1542749148294;[171, 0, 17, 255, 161, 74, 234, 87, 33, 1, 0, 115, 0, 0, 21, 1, 0, 219, 6, 234]
1542749148296;[171, 0, 17, 255, 161, 74, 234, 87, 34, 1, 0, 116, 0, 0, 21, 1, 0, 219, 6, 172]
1542749148297;[171, 0, 17, 255, 161, 74, 234, 87, 34, 1, 0, 116, 0, 0, 21, 1, 0, 219, 6, 172]
1542749148454;[171, 0, 17, 255, 161, 74, 234, 87, 34, 1, 0, 114, 0, 0, 19, 1, 0, 221, 6, 113]
1542749148455;[171, 0, 17, 255, 161, 74, 234, 87, 34, 1, 0, 114, 0, 0, 19, 1, 0, 221, 6, 113]
1542749148458;[171, 0, 17, 255, 161, 74, 234, 87, 34, 1, 0, 115, 0, 0, 21, 1, 0, 219, 6, 35]
1542749148460;[171, 0, 17, 255, 161, 74, 234, 87, 34, 1, 0, 115, 0, 0, 21, 1, 0, 219, 6, 35]
1542749148462;[171, 0, 17, 255, 161, 74, 234, 87, 34, 1, 0, 118, 0, 0, 23, 1, 0, 219, 5, 207]
1542749148464;[171, 0, 17, 255, 161, 74, 234, 87, 34, 1, 0, 118, 0, 0, 23, 1, 0, 219, 5, 207]
1542749148624;[171, 0, 17, 255, 161, 74, 234, 87, 34, 1, 0, 117, 0, 0, 21, 1, 0, 219, 5, 161]
1542749148626;[171, 0, 17, 255, 161, 74, 234, 87, 34, 1, 0, 117, 0, 0, 21, 1, 0, 219, 5, 161]
1542749148628;[171, 0, 4, 255, 132, 128, 70]
1542749148630;[171, 0, 4, 255, 132, 128, 70]
1542749148797;[171, 0, 17, 255, 161, 74, 234, 87, 34, 1, 0, 117, 0, 0, 19, 1, 0, 219, 6, 157]
1542749148799;[171, 0, 17, 255, 161, 74, 234, 87, 34, 1, 0, 117, 0, 0, 19, 1, 0, 219, 6, 157]
1542749148971;[171, 0, 17, 255, 161, 74, 234, 87, 34, 1, 0, 115, 0, 0, 23, 1, 0, 219, 6, 245]
1542749148973;[171, 0, 17, 255, 161, 74, 234, 87, 34, 1, 0, 115, 0, 0, 23, 1, 0, 219, 6, 245]
1542749148975;[171, 0, 17, 255, 161, 74, 234, 87, 34, 1, 0, 115, 0, 0, 23, 1, 0, 219, 6, 188]
1542749148976;[171, 0, 17, 255, 161, 74, 234, 87, 34, 1, 0, 115, 0, 0, 23, 1, 0, 219, 6, 188]
1542749149142;[171, 0, 17, 255, 161, 74, 234, 87, 34, 1, 0, 114, 0, 0, 22, 1, 0, 219, 6, 111]
1542749149144;[171, 0, 17, 255, 161, 74, 234, 87, 34, 1, 0, 114, 0, 0, 22, 1, 0, 219, 6, 111]
1542749149146;[171, 0, 17, 255, 161, 74, 234, 87, 34, 1, 0, 115, 0, 0, 22, 1, 0, 219, 6, 70]
1542749149148;[171, 0, 17, 255, 161, 74, 234, 87, 34, 1, 0, 115, 0, 0, 22, 1, 0, 219, 6, 70]
1542749149488;[171, 0, 17, 255, 161, 74, 234, 87, 35, 1, 0, 116, 0, 0, 22, 1, 0, 219, 6, 11]
1542749149490;[171, 0, 17, 255, 161, 74, 234, 87, 35, 1, 0, 116, 0, 0, 22, 1, 0, 219, 6, 11]
1542749149493;[171, 0, 17, 255, 161, 74, 234, 87, 35, 1, 0, 113, 0, 0, 22, 1, 0, 219, 5, 185]
1542749149495;[171, 0, 17, 255, 161, 74, 234, 87, 35, 1, 0, 113, 0, 0, 22, 1, 0, 219, 5, 185]
1542749149497;[171, 0, 17, 255, 161, 74, 234, 87, 35, 1, 0, 116, 0, 0, 20, 1, 0, 221, 5, 162]
1542749149499;[171, 0, 17, 255, 161, 74, 234, 87, 35, 1, 0, 116, 0, 0, 20, 1, 0, 221, 5, 162]
1542749149659;[171, 0, 17, 255, 161, 74, 234, 87, 35, 1, 0, 118, 0, 0, 24, 1, 0, 219, 6, 153]
1542749149661;[171, 0, 17, 255, 161, 74, 234, 87, 35, 1, 0, 118, 0, 0, 24, 1, 0, 219, 6, 153]
1542749149663;[171, 0, 17, 255, 161, 74, 234, 87, 35, 1, 0, 116, 0, 0, 23, 1, 0, 219, 6, 216]
1542749149665;[171, 0, 17, 255, 161, 74, 234, 87, 35, 1, 0, 116, 0, 0, 23, 1, 0, 219, 6, 216]
1542749149832;[171, 0, 4, 255, 132, 128, 70]
1542749149834;[171, 0, 4, 255, 132, 128, 70]
1542749149837;[171, 0, 17, 255, 161, 74, 234, 87, 35, 1, 0, 117, 0, 0, 22, 1, 0, 219, 6, 152]
1542749149839;[171, 0, 17, 255, 161, 74, 234, 87, 35, 1, 0, 117, 0, 0, 22, 1, 0, 219, 6, 152]
1542749150006;[171, 0, 17, 255, 161, 74, 234, 87, 35, 1, 0, 116, 0, 0, 23, 1, 0, 219, 6, 76]
1542749150011;[171, 0, 17, 255, 161, 74, 234, 87, 35, 1, 0, 116, 0, 0, 23, 1, 0, 219, 6, 76]
1542749150177;[171, 0, 17, 255, 161, 74, 234, 87, 35, 1, 0, 116, 0, 0, 22, 1, 0, 220, 6, 17]
1542749150179;[171, 0, 17, 255, 161, 74, 234, 87, 35, 1, 0, 116, 0, 0, 22, 1, 0, 220, 6, 17]
1542749150182;[171, 0, 17, 255, 161, 74, 234, 87, 35, 1, 0, 118, 0, 0, 22, 1, 0, 219, 5, 201]
1542749150184;[171, 0, 17, 255, 161, 74, 234, 87, 35, 1, 0, 118, 0, 0, 22, 1, 0, 219, 5, 201]
1542749150350;[171, 0, 17, 255, 161, 74, 234, 87, 35, 1, 0, 116, 0, 0, 20, 1, 0, 219, 5, 127]
1542749150353;[171, 0, 17, 255, 161, 74, 234, 87, 35, 1, 0, 116, 0, 0, 20, 1, 0, 219, 5, 127]
1542749150355;[171, 0, 17, 255, 161, 74, 234, 87, 36, 1, 0, 115, 0, 0, 20, 1, 0, 220, 5, 64]
1542749150357;[171, 0, 17, 255, 161, 74, 234, 87, 36, 1, 0, 115, 0, 0, 20, 1, 0, 220, 5, 64]
1542749150695;[171, 0, 17, 255, 161, 74, 234, 87, 36, 1, 0, 116, 0, 0, 21, 1, 0, 219, 6, 30]
1542749150697;[171, 0, 17, 255, 161, 74, 234, 87, 36, 1, 0, 116, 0, 0, 21, 1, 0, 219, 6, 30]
1542749150700;[171, 0, 17, 255, 161, 74, 234, 87, 36, 1, 0, 116, 0, 0, 23, 1, 0, 221, 6, 137]
1542749150702;[171, 0, 17, 255, 161, 74, 234, 87, 36, 1, 0, 116, 0, 0, 23, 1, 0, 221, 6, 137]
1542749150704;[171, 0, 17, 255, 161, 74, 234, 87, 36, 1, 0, 113, 0, 0, 21, 1, 0, 220, 6, 93]
1542749150706;[171, 0, 17, 255, 161, 74, 234, 87, 36, 1, 0, 113, 0, 0, 21, 1, 0, 220, 6, 93]
1542749151041;[171, 0, 17, 255, 161, 74, 234, 87, 36, 1, 0, 115, 0, 0, 21, 1, 0, 218, 6, 16]
1542749151043;[171, 0, 17, 255, 161, 74, 234, 87, 36, 1, 0, 115, 0, 0, 21, 1, 0, 218, 6, 16]
1542749151048;[171, 0, 4, 255, 132, 128, 70]
1542749151050;[171, 0, 4, 255, 132, 128, 70]
1542749151053;[171, 0, 17, 255, 161, 74, 234, 87, 36, 1, 0, 117, 0, 0, 22, 1, 0, 218, 5, 206]
1542749151055;[171, 0, 17, 255, 161, 74, 234, 87, 36, 1, 0, 117, 0, 0, 22, 1, 0, 218, 5, 206]
1542749151056;[171, 0, 17, 255, 161, 74, 234, 87, 36, 1, 0, 115, 0, 0, 23, 1, 0, 219, 5, 141]
1542749151058;[171, 0, 17, 255, 161, 74, 234, 87, 36, 1, 0, 115, 0, 0, 23, 1, 0, 219, 5, 141]
1542749151213;[171, 0, 17, 255, 161, 74, 234, 87, 36, 1, 0, 117, 0, 0, 22, 1, 0, 220, 5, 66]
1542749151215;[171, 0, 17, 255, 161, 74, 234, 87, 36, 1, 0, 117, 0, 0, 22, 1, 0, 220, 5, 66]
1542749151217;[171, 0, 17, 255, 161, 74, 234, 87, 36, 1, 0, 119, 0, 0, 22, 1, 0, 218, 4, 241]
1542749151219;[171, 0, 17, 255, 161, 74, 234, 87, 36, 1, 0, 119, 0, 0, 22, 1, 0, 218, 4, 241]
1542749151384;[171, 0, 17, 255, 161, 74, 234, 87, 36, 1, 0, 116, 0, 0, 24, 1, 0, 218, 4, 242]
1542749151386;[171, 0, 17, 255, 161, 74, 234, 87, 36, 1, 0, 116, 0, 0, 24, 1, 0, 218, 4, 242]
1542749151556;[171, 0, 17, 255, 161, 74, 234, 87, 37, 1, 0, 117, 0, 0, 23, 1, 0, 220, 5, 241]
1542749151558;[171, 0, 17, 255, 161, 74, 234, 87, 37, 1, 0, 117, 0, 0, 23, 1, 0, 220, 5, 241]
1542749151561;[171, 0, 17, 255, 161, 74, 234, 87, 37, 1, 0, 115, 0, 0, 23, 1, 0, 220, 6, 13]
1542749151563;[171, 0, 17, 255, 161, 74, 234, 87, 37, 1, 0, 115, 0, 0, 23, 1, 0, 220, 6, 13]
1542749151729;[171, 0, 17, 255, 161, 74, 234, 87, 37, 1, 0, 116, 0, 0, 19, 1, 0, 219, 5, 205]
1542749151731;[171, 0, 17, 255, 161, 74, 234, 87, 37, 1, 0, 116, 0, 0, 19, 1, 0, 219, 5, 205]
1542749151733;[171, 0, 17, 255, 161, 74, 234, 87, 37, 1, 0, 115, 0, 0, 22, 1, 0, 219, 5, 139]
1542749151735;[171, 0, 17, 255, 161, 74, 234, 87, 37, 1, 0, 115, 0, 0, 22, 1, 0, 219, 5, 139]
1542749152075;[171, 0, 17, 255, 161, 74, 234, 87, 37, 1, 0, 115, 0, 0, 22, 1, 0, 219, 5, 74]
1542749152077;[171, 0, 17, 255, 161, 74, 234, 87, 37, 1, 0, 115, 0, 0, 22, 1, 0, 219, 5, 74]
1542749152079;[171, 0, 4, 255, 132, 128, 70]
1542749152082;[171, 0, 4, 255, 132, 128, 70]
1542749152084;[171, 0, 17, 255, 161, 74, 234, 87, 37, 1, 0, 116, 0, 0, 23, 1, 0, 219, 5, 8]
1542749152086;[171, 0, 17, 255, 161, 74, 234, 87, 37, 1, 0, 116, 0, 0, 23, 1, 0, 219, 5, 8]
1542749152246;[171, 0, 17, 255, 161, 74, 234, 87, 37, 1, 0, 117, 0, 0, 23, 1, 0, 220, 4, 179]
1542749152248;[171, 0, 17, 255, 161, 74, 234, 87, 37, 1, 0, 117, 0, 0, 23, 1, 0, 220, 4, 179]
1542749152250;[171, 0, 17, 255, 161, 74, 234, 87, 37, 1, 0, 114, 0, 0, 19, 1, 0, 221, 4, 102]
1542749152252;[171, 0, 17, 255, 161, 74, 234, 87, 37, 1, 0, 114, 0, 0, 19, 1, 0, 221, 4, 102]
1542749152594;[171, 0, 17, 255, 161, 74, 234, 87, 37, 1, 0, 115, 0, 0, 23, 1, 0, 219, 4, 234]
1542749152596;[171, 0, 17, 255, 161, 74, 234, 87, 37, 1, 0, 115, 0, 0, 23, 1, 0, 219, 4, 234]
1542749152599;[171, 0, 17, 255, 161, 74, 234, 87, 37, 1, 0, 114, 0, 0, 21, 1, 0, 218, 5, 144]
1542749152601;[171, 0, 17, 255, 161, 74, 234, 87, 37, 1, 0, 114, 0, 0, 21, 1, 0, 218, 5, 144]
1542749152603;[171, 0, 17, 255, 161, 74, 234, 87, 38, 1, 0, 115, 0, 0, 21, 1, 0, 219, 5, 110]
1542749152605;[171, 0, 17, 255, 161, 74, 234, 87, 38, 1, 0, 115, 0, 0, 21, 1, 0, 219, 5, 110]
1542749152807;[171, 0, 17, 255, 161, 74, 234, 87, 38, 1, 0, 117, 0, 0, 21, 1, 0, 219, 5, 35]
1542749152809;[171, 0, 17, 255, 161, 74, 234, 87, 38, 1, 0, 117, 0, 0, 21, 1, 0, 219, 5, 35]
1542749152811;[171, 0, 17, 255, 161, 74, 234, 87, 38, 1, 0, 116, 0, 0, 22, 1, 0, 222, 4, 239]
1542749152813;[171, 0, 17, 255, 161, 74, 234, 87, 38, 1, 0, 116, 0, 0, 22, 1, 0, 222, 4, 239]
1542749152936;[171, 0, 17, 255, 161, 74, 234, 87, 38, 1, 0, 116, 0, 0, 23, 1, 0, 218, 4, 178]
1542749152938;[171, 0, 17, 255, 161, 74, 234, 87, 38, 1, 0, 116, 0, 0, 23, 1, 0, 218, 4, 178]
1542749153285;[171, 0, 17, 255, 161, 74, 234, 87, 38, 1, 0, 115, 0, 0, 20, 1, 0, 221, 4, 112]
1542749153288;[171, 0, 17, 255, 161, 74, 234, 87, 38, 1, 0, 115, 0, 0, 20, 1, 0, 221, 4, 112]
1542749153290;[171, 0, 4, 255, 132, 128, 70]
1542749153293;[171, 0, 4, 255, 132, 128, 70]
1542749153295;[171, 0, 17, 255, 161, 74, 234, 87, 38, 1, 0, 116, 0, 0, 23, 1, 0, 220, 4, 51]
1542749153297;[171, 0, 17, 255, 161, 74, 234, 87, 38, 1, 0, 116, 0, 0, 23, 1, 0, 220, 4, 51]
1542749153299;[171, 0, 17, 255, 161, 74, 234, 87, 38, 1, 0, 116, 0, 0, 20, 1, 0, 219, 4, 232]
1542749153301;[171, 0, 17, 255, 161, 74, 234, 87, 38, 1, 0, 116, 0, 0, 20, 1, 0, 219, 4, 232]
1542749153456;[171, 0, 17, 255, 161, 74, 234, 87, 38, 1, 0, 115, 0, 0, 21, 1, 0, 219, 5, 91]
1542749153458;[171, 0, 17, 255, 161, 74, 234, 87, 38, 1, 0, 115, 0, 0, 21, 1, 0, 219, 5, 91]
1542749153460;[171, 0, 17, 255, 161, 74, 234, 87, 38, 1, 0, 115, 0, 0, 24, 1, 0, 219, 5, 32]
1542749153461;[171, 0, 17, 255, 161, 74, 234, 87, 38, 1, 0, 115, 0, 0, 24, 1, 0, 219, 5, 32]
1542749153626;[171, 0, 17, 255, 161, 74, 234, 87, 38, 1, 0, 116, 0, 0, 21, 1, 0, 220, 4, 217]
1542749153628;[171, 0, 17, 255, 161, 74, 234, 87, 38, 1, 0, 116, 0, 0, 21, 1, 0, 220, 4, 217]
1542749153630;[171, 0, 17, 255, 161, 74, 234, 87, 39, 1, 0, 113, 0, 0, 22, 1, 0, 219, 4, 159]
1542749153632;[171, 0, 17, 255, 161, 74, 234, 87, 39, 1, 0, 113, 0, 0, 22, 1, 0, 219, 4, 159]
1542749153801;[171, 0, 17, 255, 161, 74, 234, 87, 39, 1, 0, 115, 0, 0, 21, 1, 0, 219, 4, 102]
1542749153802;[171, 0, 17, 255, 161, 74, 234, 87, 39, 1, 0, 115, 0, 0, 21, 1, 0, 219, 4, 102]
1542749153973;[171, 0, 17, 255, 161, 74, 234, 87, 39, 1, 0, 117, 0, 0, 21, 1, 0, 220, 4, 25]
1542749153975;[171, 0, 17, 255, 161, 74, 234, 87, 39, 1, 0, 117, 0, 0, 21, 1, 0, 220, 4, 25]
1542749153977;[171, 0, 17, 255, 161, 74, 234, 87, 39, 1, 0, 117, 0, 0, 21, 1, 0, 220, 4, 46]
1542749153979;[171, 0, 17, 255, 161, 74, 234, 87, 39, 1, 0, 117, 0, 0, 21, 1, 0, 220, 4, 46]
1542749154145;[171, 0, 17, 255, 161, 74, 234, 87, 39, 1, 0, 115, 0, 0, 24, 1, 0, 221, 5, 9]
1542749154147;[171, 0, 17, 255, 161, 74, 234, 87, 39, 1, 0, 115, 0, 0, 24, 1, 0, 221, 5, 9]
1542749154149;[171, 0, 4, 255, 132, 128, 70]
1542749154151;[171, 0, 4, 255, 132, 128, 70]
1542749154317;[171, 0, 17, 255, 161, 74, 234, 87, 39, 1, 0, 116, 0, 0, 23, 1, 0, 219, 5, 19]
1542749154319;[171, 0, 17, 255, 161, 74, 234, 87, 39, 1, 0, 116, 0, 0, 23, 1, 0, 219, 5, 19]
1542749154321;[171, 0, 17, 255, 161, 74, 234, 87, 39, 1, 0, 115, 0, 0, 21, 1, 0, 220, 4, 193]
1542749154322;[171, 0, 17, 255, 161, 74, 234, 87, 39, 1, 0, 115, 0, 0, 21, 1, 0, 220, 4, 193]
1542749154663;[171, 0, 17, 255, 161, 74, 234, 87, 39, 1, 0, 114, 0, 0, 22, 1, 0, 220, 4, 118]
1542749154665;[171, 0, 17, 255, 161, 74, 234, 87, 39, 1, 0, 114, 0, 0, 22, 1, 0, 220, 4, 118]
1542749154668;[171, 0, 17, 255, 161, 74, 234, 87, 39, 1, 0, 115, 0, 0, 21, 1, 0, 220, 4, 54]
1542749154669;[171, 0, 17, 255, 161, 74, 234, 87, 39, 1, 0, 115, 0, 0, 21, 1, 0, 220, 4, 54]
1542749154672;[171, 0, 17, 255, 161, 74, 234, 87, 39, 1, 0, 116, 0, 0, 21, 1, 0, 220, 3, 239]
1542749154674;[171, 0, 17, 255, 161, 74, 234, 87, 39, 1, 0, 116, 0, 0, 21, 1, 0, 220, 3, 239]
1542749154834;[171, 0, 17, 255, 161, 74, 234, 87, 40, 1, 0, 117, 0, 0, 23, 1, 0, 219, 3, 162]
1542749154836;[171, 0, 17, 255, 161, 74, 234, 87, 40, 1, 0, 117, 0, 0, 23, 1, 0, 219, 3, 162]
1542749154841;[171, 0, 17, 255, 161, 74, 234, 87, 40, 1, 0, 117, 0, 0, 20, 1, 0, 219, 3, 74]
1542749154843;[171, 0, 17, 255, 161, 74, 234, 87, 40, 1, 0, 117, 0, 0, 20, 1, 0, 219, 3, 74]
1542749155008;[171, 0, 17, 255, 161, 74, 234, 87, 40, 1, 0, 117, 0, 0, 22, 1, 0, 220, 3, 210]
1542749155014;[171, 0, 17, 255, 161, 74, 234, 87, 40, 1, 0, 117, 0, 0, 22, 1, 0, 220, 3, 210]
1542749155022;[171, 0, 17, 255, 161, 74, 234, 87, 40, 1, 0, 117, 0, 0, 21, 1, 0, 217, 4, 110]
1542749155024;[171, 0, 17, 255, 161, 74, 234, 87, 40, 1, 0, 117, 0, 0, 21, 1, 0, 217, 4, 110]
1542749155180;[171, 0, 17, 255, 161, 74, 234, 87, 40, 1, 0, 117, 0, 0, 23, 1, 0, 220, 4, 76]
1542749155182;[171, 0, 17, 255, 161, 74, 234, 87, 40, 1, 0, 117, 0, 0, 23, 1, 0, 220, 4, 76]
1542749155352;[171, 0, 4, 255, 132, 128, 71]
1542749155355;[171, 0, 4, 255, 132, 128, 71]
1542749155357;[171, 0, 17, 255, 161, 74, 234, 87, 40, 1, 0, 115, 0, 0, 22, 1, 0, 219, 3, 245]
1542749155360;[171, 0, 17, 255, 161, 74, 234, 87, 40, 1, 0, 115, 0, 0, 22, 1, 0, 219, 3, 245]
1542749155526;[171, 0, 17, 255, 161, 74, 234, 87, 40, 1, 0, 114, 0, 0, 21, 1, 0, 220, 3, 190]
1542749155528;[171, 0, 17, 255, 161, 74, 234, 87, 40, 1, 0, 114, 0, 0, 21, 1, 0, 220, 3, 190]
1542749155531;[171, 0, 17, 255, 161, 74, 234, 87, 40, 1, 0, 115, 0, 0, 21, 1, 0, 218, 3, 127]
1542749155533;[171, 0, 17, 255, 161, 74, 234, 87, 40, 1, 0, 115, 0, 0, 21, 1, 0, 218, 3, 127]
1542749155870;[171, 0, 17, 255, 161, 74, 234, 87, 40, 1, 0, 116, 0, 0, 21, 1, 0, 221, 3, 51]
1542749155872;[171, 0, 17, 255, 161, 74, 234, 87, 40, 1, 0, 116, 0, 0, 21, 1, 0, 221, 3, 51]
1542749155874;[171, 0, 17, 255, 161, 74, 234, 87, 40, 1, 0, 117, 0, 0, 23, 1, 0, 220, 2, 217]
1542749155876;[171, 0, 17, 255, 161, 74, 234, 87, 40, 1, 0, 117, 0, 0, 23, 1, 0, 220, 2, 217]
1542749155879;[171, 0, 17, 255, 161, 74, 234, 87, 41, 1, 0, 115, 0, 0, 22, 1, 0, 220, 2, 148]
1542749155881;[171, 0, 17, 255, 161, 74, 234, 87, 41, 1, 0, 115, 0, 0, 22, 1, 0, 220, 2, 148]
1542749156041;[171, 0, 17, 255, 161, 74, 234, 87, 41, 1, 0, 117, 0, 0, 24, 1, 0, 221, 2, 148]
1542749156043;[171, 0, 17, 255, 161, 74, 234, 87, 41, 1, 0, 117, 0, 0, 24, 1, 0, 221, 2, 148]
1542749156046;[171, 0, 17, 255, 161, 74, 234, 87, 41, 1, 0, 115, 0, 0, 21, 1, 0, 220, 3, 65]
1542749156048;[171, 0, 17, 255, 161, 74, 234, 87, 41, 1, 0, 115, 0, 0, 21, 1, 0, 220, 3, 65]
1542749156214;[171, 0, 17, 255, 161, 74, 234, 87, 41, 1, 0, 116, 0, 0, 22, 1, 0, 218, 3, 65]
1542749156216;[171, 0, 17, 255, 161, 74, 234, 87, 41, 1, 0, 116, 0, 0, 22, 1, 0, 218, 3, 65]
1542749156564;[171, 0, 17, 255, 161, 74, 234, 87, 43, 1, 0, 113, 0, 0, 24, 1, 0, 220, 2, 216]
1542749156566;[171, 0, 17, 255, 161, 74, 234, 87, 43, 1, 0, 113, 0, 0, 24, 1, 0, 220, 2, 216]
1542749156568;[171, 0, 17, 255, 161, 74, 234, 87, 43, 1, 0, 116, 0, 0, 22, 1, 0, 220, 3, 129]
1542749156570;[171, 0, 17, 255, 161, 74, 234, 87, 43, 1, 0, 116, 0, 0, 22, 1, 0, 220, 3, 129]
1542749156733;[171, 0, 17, 255, 161, 74, 234, 87, 43, 1, 0, 114, 0, 0, 23, 1, 0, 220, 4, 107]
1542749156735;[171, 0, 17, 255, 161, 74, 234, 87, 43, 1, 0, 114, 0, 0, 23, 1, 0, 220, 4, 107]
1542749156737;[171, 0, 17, 255, 161, 74, 234, 87, 43, 1, 0, 117, 0, 0, 21, 1, 0, 221, 4, 139]
1542749156739;[171, 0, 17, 255, 161, 74, 234, 87, 43, 1, 0, 117, 0, 0, 21, 1, 0, 221, 4, 139]
1542749157253;[171, 0, 17, 255, 161, 74, 234, 87, 43, 1, 0, 111, 0, 0, 19, 1, 0, 219, 4, 81]
1542749157255;[171, 0, 17, 255, 161, 74, 234, 87, 43, 1, 0, 111, 0, 0, 19, 1, 0, 219, 4, 81]
1542749157257;[171, 0, 17, 255, 161, 74, 234, 87, 44, 1, 0, 115, 0, 0, 23, 1, 0, 220, 4, 51]
1542749157258;[171, 0, 17, 255, 161, 74, 234, 87, 44, 1, 0, 115, 0, 0, 23, 1, 0, 220, 4, 51]
1542749157261;[171, 0, 17, 255, 161, 74, 234, 87, 44, 1, 0, 116, 0, 0, 22, 1, 0, 221, 4, 11]
1542749157263;[171, 0, 17, 255, 161, 74, 234, 87, 44, 1, 0, 116, 0, 0, 22, 1, 0, 221, 4, 11]
1542749157265;[171, 0, 17, 255, 161, 74, 234, 87, 44, 1, 0, 115, 0, 0, 20, 1, 0, 221, 3, 211]
1542749157267;[171, 0, 17, 255, 161, 74, 234, 87, 44, 1, 0, 115, 0, 0, 20, 1, 0, 221, 3, 211]
1542749157424;[171, 0, 17, 255, 161, 74, 234, 87, 44, 1, 0, 115, 0, 0, 21, 1, 0, 219, 3, 152]
1542749157426;[171, 0, 17, 255, 161, 74, 234, 87, 44, 1, 0, 115, 0, 0, 21, 1, 0, 219, 3, 152]
1542749157429;[171, 0, 17, 255, 161, 74, 234, 87, 44, 1, 0, 116, 0, 0, 20, 1, 0, 220, 3, 93]
1542749157431;[171, 0, 17, 255, 161, 74, 234, 87, 44, 1, 0, 116, 0, 0, 20, 1, 0, 220, 3, 93]
1542749157432;[171, 0, 4, 255, 132, 128, 71]
1542749157435;[171, 0, 4, 255, 132, 128, 71]
1542749157595;[171, 0, 17, 255, 161, 74, 234, 87, 44, 1, 0, 117, 0, 0, 22, 1, 0, 220, 3, 143]
1542749157597;[171, 0, 17, 255, 161, 74, 234, 87, 44, 1, 0, 117, 0, 0, 22, 1, 0, 220, 3, 143]
1542749157767;[171, 0, 17, 255, 161, 74, 234, 87, 44, 1, 0, 115, 0, 0, 21, 1, 0, 220, 4, 151]
1542749157769;[171, 0, 17, 255, 161, 74, 234, 87, 44, 1, 0, 115, 0, 0, 21, 1, 0, 220, 4, 151]
1542749157771;[171, 0, 17, 255, 161, 74, 234, 87, 44, 1, 0, 114, 0, 0, 22, 1, 0, 219, 4, 201]
1542749157773;[171, 0, 17, 255, 161, 74, 234, 87, 44, 1, 0, 114, 0, 0, 22, 1, 0, 219, 4, 201]
1542749157939;[171, 0, 17, 255, 161, 74, 234, 87, 44, 1, 0, 116, 0, 0, 21, 1, 0, 220, 4, 153]
1542749157941;[171, 0, 17, 255, 161, 74, 234, 87, 44, 1, 0, 116, 0, 0, 21, 1, 0, 220, 4, 153]
1542749157944;[171, 0, 17, 255, 161, 74, 234, 87, 44, 1, 0, 116, 0, 0, 23, 1, 0, 220, 4, 125]
1542749157946;[171, 0, 17, 255, 161, 74, 234, 87, 44, 1, 0, 116, 0, 0, 23, 1, 0, 220, 4, 125]
1542749158112;[171, 0, 17, 255, 161, 74, 234, 87, 45, 1, 0, 117, 0, 0, 23, 1, 0, 219, 4, 105]
1542749158114;[171, 0, 17, 255, 161, 74, 234, 87, 45, 1, 0, 117, 0, 0, 23, 1, 0, 219, 4, 105]
1542749158116;[171, 0, 17, 255, 161, 74, 234, 87, 45, 1, 0, 116, 0, 0, 21, 1, 0, 222, 4, 59]
1542749158118;[171, 0, 17, 255, 161, 74, 234, 87, 45, 1, 0, 116, 0, 0, 21, 1, 0, 222, 4, 59]
1542749158458;[171, 0, 17, 255, 161, 74, 234, 87, 45, 1, 0, 117, 0, 0, 23, 1, 0, 221, 4, 2]
1542749158460;[171, 0, 17, 255, 161, 74, 234, 87, 45, 1, 0, 117, 0, 0, 23, 1, 0, 221, 4, 2]
1542749158462;[171, 0, 17, 255, 161, 74, 234, 87, 45, 1, 0, 116, 0, 0, 19, 1, 0, 220, 4, 22]
1542749158464;[171, 0, 17, 255, 161, 74, 234, 87, 45, 1, 0, 116, 0, 0, 19, 1, 0, 220, 4, 22]
1542749158466;[171, 0, 17, 255, 161, 74, 234, 87, 45, 1, 0, 115, 0, 0, 21, 1, 0, 220, 5, 43]
1542749158468;[171, 0, 17, 255, 161, 74, 234, 87, 45, 1, 0, 115, 0, 0, 21, 1, 0, 220, 5, 43]
1542749158629;[171, 0, 4, 255, 132, 128, 71]
1542749158632;[171, 0, 4, 255, 132, 128, 71]
1542749158634;[171, 0, 17, 255, 161, 74, 234, 87, 45, 1, 0, 117, 0, 0, 22, 1, 0, 219, 5, 104]
1542749158636;[171, 0, 17, 255, 161, 74, 234, 87, 45, 1, 0, 117, 0, 0, 22, 1, 0, 219, 5, 104]
1542749158802;[171, 0, 17, 255, 161, 74, 234, 87, 45, 1, 0, 115, 0, 0, 21, 1, 0, 220, 5, 52]
1542749158804;[171, 0, 17, 255, 161, 74, 234, 87, 45, 1, 0, 115, 0, 0, 21, 1, 0, 220, 5, 52]
1542749158975;[171, 0, 17, 255, 161, 74, 234, 87, 45, 1, 0, 113, 0, 0, 22, 1, 0, 219, 5, 1]
1542749158977;[171, 0, 17, 255, 161, 74, 234, 87, 45, 1, 0, 113, 0, 0, 22, 1, 0, 219, 5, 1]
1542749158980;[171, 0, 17, 255, 161, 74, 234, 87, 45, 1, 0, 117, 0, 0, 22, 1, 0, 219, 4, 221]
1542749158982;[171, 0, 17, 255, 161, 74, 234, 87, 45, 1, 0, 117, 0, 0, 22, 1, 0, 219, 4, 221]
1542749159322;[171, 0, 17, 255, 161, 74, 234, 87, 45, 1, 0, 115, 0, 0, 25, 1, 0, 221, 4, 163]
1542749159324;[171, 0, 17, 255, 161, 74, 234, 87, 45, 1, 0, 115, 0, 0, 25, 1, 0, 221, 4, 163]
1542749159326;[171, 0, 17, 255, 161, 74, 234, 87, 46, 1, 0, 114, 0, 0, 23, 1, 0, 220, 4, 93]
1542749159328;[171, 0, 17, 255, 161, 74, 234, 87, 46, 1, 0, 114, 0, 0, 23, 1, 0, 220, 4, 93]
1542749159331;[171, 0, 17, 255, 161, 74, 234, 87, 46, 1, 0, 115, 0, 0, 24, 1, 0, 220, 4, 27]
1542749159333;[171, 0, 17, 255, 161, 74, 234, 87, 46, 1, 0, 115, 0, 0, 24, 1, 0, 220, 4, 27]
1542749159335;[171, 0, 17, 255, 161, 74, 234, 87, 46, 1, 0, 115, 0, 0, 22, 1, 0, 220, 4, 165]
1542749159337;[171, 0, 17, 255, 161, 74, 234, 87, 46, 1, 0, 115, 0, 0, 22, 1, 0, 220, 4, 165]
1542749159664;[171, 0, 17, 255, 161, 74, 234, 87, 46, 1, 0, 117, 0, 0, 22, 1, 0, 219, 5, 134]
1542749159666;[171, 0, 17, 255, 161, 74, 234, 87, 46, 1, 0, 117, 0, 0, 22, 1, 0, 219, 5, 134]
1542749159668;[171, 0, 17, 255, 161, 74, 234, 87, 46, 1, 0, 114, 0, 0, 21, 1, 0, 219, 5, 141]
1542749159670;[171, 0, 17, 255, 161, 74, 234, 87, 46, 1, 0, 114, 0, 0, 21, 1, 0, 219, 5, 141]
1542749159837;[171, 0, 4, 255, 132, 128, 71]
1542749159841;[171, 0, 4, 255, 132, 128, 71]
1542749159843;[171, 0, 17, 255, 161, 74, 234, 87, 46, 1, 0, 116, 0, 0, 25, 1, 0, 219, 5, 86]
1542749159845;[171, 0, 17, 255, 161, 74, 234, 87, 46, 1, 0, 116, 0, 0, 25, 1, 0, 219, 5, 86]
1542749159851;[171, 0, 17, 255, 161, 74, 234, 87, 46, 1, 0, 116, 0, 0, 19, 1, 0, 219, 5, 30]
1542749159852;[171, 0, 17, 255, 161, 74, 234, 87, 46, 1, 0, 116, 0, 0, 19, 1, 0, 219, 5, 30]
1542749160009;[171, 0, 17, 255, 161, 74, 234, 87, 46, 1, 0, 118, 0, 0, 23, 1, 0, 222, 4, 236]
1542749160011;[171, 0, 17, 255, 161, 74, 234, 87, 46, 1, 0, 118, 0, 0, 23, 1, 0, 222, 4, 236]
1542749160014;[171, 0, 17, 255, 161, 74, 234, 87, 46, 1, 0, 116, 0, 0, 21, 1, 0, 219, 4, 164]
