1542879065684;[171, 0, 17, 255, 161, 74, 237, 24, 136, 0, 0, 239, 0, 0, 132, 1, 0, 52, 9, 87]
1542879065697;[171, 0, 17, 255, 161, 74, 237, 24, 136, 0, 0, 224, 0, 0, 93, 1, 0, 57, 9, 111]
1542879065856;[171, 0, 17, 255, 161, 74, 237, 24, 136, 0, 1, 20, 0, 0, 133, 1, 0, 44, 9, 31]
1542879066202;[171, 0, 4, 255, 132, 128, 98]
1542879066229;[171, 0, 17, 255, 161, 74, 237, 24, 136, 0, 0, 223, 0, 0, 112, 1, 0, 23, 9, 4]
1542879066231;[171, 0, 17, 255, 161, 74, 237, 24, 136, 0, 0, 231, 0, 0, 108, 1, 0, 33, 9, 34]
1542879066233;[171, 0, 17, 255, 161, 74, 237, 24, 136, 0, 0, 245, 0, 0, 106, 1, 0, 53, 9, 21]
1542879066375;[171, 0, 17, 255, 161, 74, 237, 24, 136, 0, 0, 254, 0, 0, 118, 1, 0, 61, 8, 233]
1542879066379;[171, 0, 17, 255, 161, 74, 237, 24, 136, 0, 0, 207, 0, 0, 96, 1, 0, 4, 8, 190]
1542879066547;[171, 0, 17, 255, 161, 74, 237, 24, 137, 0, 1, 1, 0, 0, 128, 0, 0, 24, 8, 145]
1542879066718;[171, 0, 17, 255, 161, 74, 237, 24, 137, 0, 0, 232, 0, 0, 115, 1, 0, 12, 8, 110]
1542879066721;[171, 0, 17, 255, 161, 74, 237, 24, 137, 0, 0, 241, 0, 0, 95, 1, 0, 21, 8, 130]
1542879066893;[171, 0, 17, 255, 161, 74, 237, 24, 137, 0, 0, 217, 0, 0, 117, 1, 0, 63, 8, 102]
1542879066897;[171, 0, 17, 255, 161, 74, 237, 24, 137, 0, 0, 219, 0, 0, 80, 1, 0, 41, 8, 113]
1542879067064;[171, 0, 4, 255, 132, 128, 97]
1542879067093;[171, 0, 17, 255, 161, 74, 237, 24, 137, 0, 0, 185, 0, 0, 104, 1, 0, 67, 8, 23]
1542879067411;[171, 0, 17, 255, 161, 74, 237, 24, 137, 0, 1, 24, 0, 0, 104, 1, 0, 34, 8, 13]
1542879067415;[171, 0, 17, 255, 161, 74, 237, 24, 137, 0, 0, 223, 0, 0, 106, 1, 0, 6, 7, 202]
1542879067419;[171, 0, 17, 255, 161, 74, 237, 24, 137, 0, 1, 3, 0, 0, 131, 1, 0, 27, 7, 141]
1542879067581;[171, 0, 17, 255, 161, 74, 237, 24, 137, 0, 0, 174, 0, 0, 94, 1, 0, 8, 7, 157]
1542879067585;[171, 0, 17, 255, 161, 74, 237, 24, 138, 0, 1, 13, 0, 0, 140, 1, 0, 20, 7, 132]
1542879067754;[171, 0, 17, 255, 161, 74, 237, 24, 138, 0, 0, 231, 0, 0, 107, 0, 0, 11, 7, 138]
1542879067927;[171, 0, 17, 255, 161, 74, 237, 24, 138, 0, 0, 186, 0, 0, 99, 1, 0, 9, 7, 77]
1542879067931;[171, 0, 17, 255, 161, 74, 237, 24, 138, 0, 1, 25, 0, 0, 113, 1, 0, 15, 7, 92]
1542879068099;[171, 0, 17, 255, 161, 74, 237, 24, 138, 0, 0, 225, 0, 0, 107, 1, 0, 17, 7, 8]
1542879068103;[171, 0, 4, 255, 132, 128, 97]
1542879068272;[171, 0, 17, 255, 161, 74, 237, 24, 138, 0, 1, 36, 0, 0, 163, 0, 0, 7, 6, 175]
1542879068275;[171, 0, 17, 255, 161, 74, 237, 24, 138, 0, 0, 204, 0, 0, 137, 0, 0, 39, 6, 127]
1542879068443;[171, 0, 17, 255, 161, 74, 237, 24, 138, 0, 0, 205, 0, 0, 104, 0, 0, 17, 6, 159]
1542879070629;[171, 0, 17, 255, 161, 74, 237, 24, 138, 0, 0, 224, 0, 0, 85, 1, 0, 12, 6, 217]
1542879070631;[171, 0, 17, 255, 161, 74, 237, 24, 138, 0, 0, 193, 0, 0, 99, 1, 0, 17, 6, 216]
1542879070633;[171, 0, 17, 255, 161, 74, 237, 24, 139, 0, 0, 244, 0, 0, 186, 1, 0, 60, 6, 100]
1542879070634;[171, 0, 17, 255, 161, 74, 237, 24, 139, 0, 0, 248, 0, 0, 151, 0, 0, 40, 6, 29]
1542879070668;[171, 0, 17, 255, 161, 74, 237, 24, 139, 0, 0, 209, 0, 0, 139, 1, 0, 35, 5, 246]
1542879070670;[171, 0, 17, 255, 161, 74, 237, 24, 139, 0, 0, 176, 0, 0, 111, 1, 0, 38, 6, 60]
1542879070674;[171, 0, 17, 255, 161, 74, 237, 24, 139, 0, 0, 161, 0, 0, 97, 1, 0, 14, 6, 75]
1542879070676;[171, 0, 4, 255, 132, 128, 97]
1542879070679;[171, 0, 17, 255, 161, 74, 237, 24, 139, 0, 1, 18, 0, 0, 148, 0, 0, 2, 6, 53]
1542879070682;[171, 0, 17, 255, 161, 74, 237, 24, 139, 0, 0, 225, 0, 0, 125, 0, 0, 19, 6, 33]
1542879070684;[171, 0, 17, 255, 161, 74, 237, 24, 139, 0, 0, 247, 0, 0, 168, 1, 0, 44, 5, 212]
1542879070690;[171, 0, 17, 255, 161, 74, 237, 24, 139, 0, 0, 234, 0, 0, 135, 1, 0, 20, 5, 219]
1542879070695;[171, 0, 17, 255, 161, 74, 237, 24, 139, 0, 0, 203, 0, 0, 140, 0, 0, 11, 5, 222]
1542879070697;[171, 0, 17, 255, 161, 74, 237, 24, 140, 0, 0, 229, 0, 0, 137, 0, 0, 26, 5, 242]
1542879070699;[171, 0, 17, 255, 161, 74, 237, 24, 140, 0, 0, 185, 0, 0, 137, 1, 0, 20, 5, 250]
1542879070700;[171, 0, 17, 255, 161, 74, 237, 24, 140, 0, 0, 193, 0, 0, 152, 0, 0, 9, 5, 232]
1542879070705;[171, 0, 17, 255, 161, 74, 237, 24, 140, 0, 0, 198, 0, 0, 165, 1, 0, 2, 5, 203]
1542879070707;[171, 0, 17, 255, 161, 74, 237, 24, 140, 0, 0, 245, 0, 0, 162, 0, 0, 3, 5, 177]
1542879072733;[171, 0, 4, 255, 132, 128, 96]
1542879072735;[171, 0, 17, 255, 161, 74, 237, 24, 140, 0, 0, 209, 0, 0, 179, 1, 0, 13, 5, 143]
1542879072737;[171, 0, 17, 255, 161, 74, 237, 24, 140, 0, 0, 211, 0, 0, 173, 1, 0, 8, 5, 83]
1542879072750;[171, 0, 17, 255, 161, 74, 237, 24, 140, 0, 0, 213, 0, 0, 130, 0, 0, 11, 5, 165]
1542879072752;[171, 0, 17, 255, 161, 74, 237, 24, 140, 0, 0, 166, 0, 0, 168, 1, 0, 51, 5, 173]
1542879072754;[171, 0, 17, 255, 161, 74, 237, 24, 140, 0, 1, 5, 0, 0, 157, 0, 0, 23, 5, 161]
1542879072756;[171, 0, 17, 255, 161, 74, 237, 24, 141, 0, 0, 218, 0, 0, 166, 1, 0, 36, 5, 127]
1542879072764;[171, 0, 17, 255, 161, 74, 237, 24, 141, 0, 0, 206, 0, 0, 171, 1, 0, 16, 5, 135]
1542879072766;[171, 0, 17, 255, 161, 74, 237, 24, 141, 0, 0, 197, 0, 0, 136, 0, 0, 15, 5, 188]
1542879072768;[171, 0, 17, 255, 161, 74, 237, 24, 141, 0, 0, 184, 0, 0, 127, 1, 0, 56, 6, 0]
1542879072770;[171, 0, 17, 255, 161, 74, 237, 24, 141, 0, 0, 224, 0, 0, 147, 1, 0, 21, 6, 18]
1542879072771;[171, 0, 4, 255, 132, 128, 96]
1542879072774;[171, 0, 17, 255, 161, 74, 237, 24, 141, 0, 0, 220, 0, 0, 152, 1, 0, 31, 6, 37]
1542879072779;[171, 0, 17, 255, 161, 74, 237, 24, 141, 0, 0, 212, 0, 0, 143, 1, 0, 30, 6, 47]
1542879072780;[171, 0, 17, 255, 161, 74, 237, 24, 141, 0, 0, 192, 0, 0, 134, 1, 0, 20, 6, 44]
1542879072785;[171, 0, 17, 255, 161, 74, 237, 24, 141, 0, 0, 170, 0, 0, 125, 1, 0, 10, 6, 80]
1542879072787;[171, 0, 17, 255, 161, 74, 237, 24, 141, 0, 1, 6, 0, 0, 146, 1, 0, 77, 6, 66]
1542879072789;[171, 0, 17, 255, 161, 74, 237, 24, 142, 0, 0, 163, 0, 0, 120, 1, 0, 28, 6, 119]
1542879072790;[171, 0, 17, 255, 161, 74, 237, 24, 142, 0, 0, 249, 0, 0, 149, 1, 0, 3, 6, 93]
1542879072795;[171, 0, 17, 255, 161, 74, 237, 24, 142, 0, 0, 181, 0, 0, 124, 1, 0, 12, 6, 143]
1542879072802;[171, 0, 17, 255, 161, 74, 237, 24, 142, 0, 1, 19, 0, 0, 171, 1, 0, 69, 6, 64]
1542879072804;[171, 0, 17, 255, 161, 74, 237, 24, 142, 0, 0, 215, 0, 0, 126, 1, 0, 2, 6, 61]
1542879072805;[171, 0, 4, 255, 132, 128, 95]
1542879072807;[171, 0, 17, 255, 161, 74, 237, 24, 142, 0, 0, 232, 0, 0, 188, 1, 0, 62, 6, 36]
1542879072809;[171, 0, 17, 255, 161, 74, 237, 24, 142, 0, 0, 199, 0, 0, 139, 0, 0, 4, 6, 84]
1542879072929;[171, 0, 17, 255, 161, 74, 237, 24, 142, 0, 0, 206, 0, 0, 132, 1, 0, 16, 6, 96]
1542879072930;[171, 0, 17, 255, 161, 74, 237, 24, 142, 0, 0, 171, 0, 0, 102, 1, 0, 1, 6, 163]
1542879073101;[171, 0, 17, 255, 161, 74, 237, 24, 142, 0, 0, 205, 0, 0, 139, 1, 0, 117, 6, 131]
1542879073105;[171, 0, 17, 255, 161, 74, 237, 24, 143, 0, 0, 196, 0, 0, 144, 1, 0, 30, 6, 114]
1542879073274;[171, 0, 17, 255, 161, 74, 237, 24, 143, 0, 0, 229, 0, 0, 187, 1, 0, 23, 6, 26]
1542879073278;[171, 0, 17, 255, 161, 74, 237, 24, 143, 0, 0, 220, 0, 0, 137, 1, 0, 8, 6, 64]
1542879073446;[171, 0, 17, 255, 161, 74, 237, 24, 143, 0, 0, 203, 0, 0, 140, 0, 0, 19, 6, 42]
1542879073792;[171, 0, 17, 255, 161, 74, 237, 24, 143, 0, 0, 210, 0, 0, 131, 1, 0, 10, 6, 71]
1542879073796;[171, 0, 4, 255, 132, 128, 95]
1542879073823;[171, 0, 17, 255, 161, 74, 237, 24, 143, 0, 0, 169, 0, 0, 130, 1, 0, 59, 6, 98]
1542879073825;[171, 0, 17, 255, 161, 74, 237, 24, 143, 0, 0, 243, 0, 0, 174, 1, 0, 40, 6, 19]
1542879073965;[171, 0, 17, 255, 161, 74, 237, 24, 143, 0, 0, 240, 0, 0, 172, 1, 0, 16, 6, 8]
1542879073969;[171, 0, 17, 255, 161, 74, 237, 24, 143, 0, 0, 221, 0, 0, 148, 1, 0, 35, 6, 18]
1542879074137;[171, 0, 17, 255, 161, 74, 237, 24, 143, 0, 0, 215, 0, 0, 114, 1, 0, 9, 6, 40]
1542879074309;[171, 0, 17, 255, 161, 74, 237, 24, 144, 0, 0, 212, 0, 0, 158, 1, 0, 36, 6, 18]
1542879074313;[171, 0, 17, 255, 161, 74, 237, 24, 144, 0, 1, 21, 0, 0, 175, 1, 0, 20, 5, 231]
1542879074482;[171, 0, 17, 255, 161, 74, 237, 24, 144, 0, 0, 171, 0, 0, 169, 1, 0, 17, 5, 252]
1542879074486;[171, 0, 17, 255, 161, 74, 237, 24, 144, 0, 0, 202, 0, 0, 140, 1, 0, 68, 6, 79]
1542879074654;[171, 0, 17, 255, 161, 74, 237, 24, 144, 0, 0, 195, 0, 0, 116, 1, 0, 30, 6, 123]
1542879074825;[171, 0, 4, 255, 132, 128, 94]
1542879074853;[171, 0, 17, 255, 161, 74, 237, 24, 144, 0, 0, 202, 0, 0, 171, 1, 0, 10, 6, 58]
1542879075174;[171, 0, 17, 255, 161, 74, 237, 24, 144, 0, 0, 243, 0, 0, 188, 1, 0, 37, 6, 37]
1542879075178;[171, 0, 17, 255, 161, 74, 237, 24, 144, 0, 0, 220, 0, 0, 163, 1, 0, 27, 6, 51]
1542879075182;[171, 0, 17, 255, 161, 74, 237, 24, 144, 0, 0, 186, 0, 0, 156, 0, 0, 38, 6, 40]
1542879075186;[171, 0, 17, 255, 161, 74, 237, 24, 144, 0, 0, 219, 0, 0, 158, 1, 0, 1, 6, 96]
1542879075345;[171, 0, 17, 255, 161, 74, 237, 24, 145, 0, 0, 203, 0, 0, 175, 1, 0, 11, 6, 112]
1542879075517;[171, 0, 17, 255, 161, 74, 237, 24, 145, 0, 0, 216, 0, 0, 164, 0, 0, 3, 6, 112]
1542879075521;[171, 0, 17, 255, 161, 74, 237, 24, 145, 0, 0, 155, 0, 0, 130, 1, 0, 22, 6, 129]
1542879075689;[171, 0, 17, 255, 161, 74, 237, 24, 145, 0, 0, 228, 0, 0, 180, 0, 0, 12, 6, 68]
1542879075693;[171, 0, 17, 255, 161, 74, 237, 24, 145, 0, 0, 227, 0, 0, 154, 1, 0, 10, 6, 56]
1542879075861;[171, 0, 4, 255, 132, 128, 94]
1542879075887;[171, 0, 17, 255, 161, 74, 237, 24, 145, 0, 0, 219, 0, 0, 176, 1, 0, 17, 6, 129]
1542879076034;[171, 0, 17, 255, 161, 74, 237, 24, 145, 0, 0, 185, 0, 0, 149, 0, 0, 0, 6, 150]
1542879076382;[171, 0, 17, 255, 161, 74, 237, 24, 145, 0, 0, 207, 0, 0, 158, 0, 0, 54, 6, 142]
1542879076386;[171, 0, 17, 255, 161, 74, 237, 24, 145, 0, 0, 205, 0, 0, 153, 0, 0, 56, 6, 149]
1542879076390;[171, 0, 17, 255, 161, 74, 237, 24, 145, 0, 0, 252, 0, 0, 188, 0, 0, 40, 6, 74]
1542879076395;[171, 0, 17, 255, 161, 74, 237, 24, 146, 0, 0, 200, 0, 0, 144, 0, 0, 2, 6, 100]
1542879076552;[171, 0, 17, 255, 161, 74, 237, 24, 146, 0, 0, 238, 0, 0, 171, 0, 0, 8, 6, 99]
1542879076724;[171, 0, 17, 255, 161, 74, 237, 24, 146, 0, 0, 224, 0, 0, 140, 0, 0, 53, 6, 149]
1542879076729;[171, 0, 17, 255, 161, 74, 237, 24, 146, 0, 0, 216, 0, 0, 154, 0, 0, 43, 6, 158]
1542879076906;[171, 0, 17, 255, 161, 74, 237, 24, 146, 0, 0, 232, 0, 0, 172, 0, 0, 53, 6, 161]
1542879076908;[171, 0, 4, 255, 132, 128, 94]
1542879077069;[171, 0, 17, 255, 161, 74, 237, 24, 146, 0, 0, 213, 0, 0, 165, 0, 0, 38, 6, 117]
1542879077073;[171, 0, 17, 255, 161, 74, 237, 24, 146, 0, 0, 206, 0, 0, 138, 0, 0, 48, 6, 181]
1542879077242;[171, 0, 17, 255, 161, 74, 237, 24, 146, 0, 0, 194, 0, 0, 155, 0, 0, 2, 6, 217]
1542879077415;[171, 0, 17, 255, 161, 74, 237, 24, 146, 0, 0, 224, 0, 0, 141, 0, 0, 35, 6, 228]
1542879077418;[171, 0, 17, 255, 161, 74, 237, 24, 146, 0, 0, 225, 0, 0, 179, 0, 0, 23, 6, 221]
1542879077761;[171, 0, 17, 255, 161, 74, 237, 24, 147, 0, 0, 206, 0, 0, 163, 0, 0, 55, 6, 228]
1542879077765;[171, 0, 17, 255, 161, 74, 237, 24, 147, 0, 0, 184, 0, 0, 172, 0, 0, 47, 6, 238]
1542879077769;[171, 0, 17, 255, 161, 74, 237, 24, 147, 0, 0, 185, 0, 0, 124, 0, 0, 32, 7, 50]
1542879077774;[171, 0, 17, 255, 161, 74, 237, 24, 147, 0, 0, 216, 0, 0, 126, 0, 0, 10, 7, 72]
1542879077931;[171, 0, 17, 255, 161, 74, 237, 24, 147, 0, 0, 247, 0, 0, 147, 0, 0, 33, 7, 42]
1542879078277;[171, 0, 4, 255, 132, 128, 94]
1542879078304;[171, 0, 17, 255, 161, 74, 237, 24, 147, 0, 0, 238, 0, 0, 155, 0, 0, 27, 7, 36]
1542879078306;[171, 0, 17, 255, 161, 74, 237, 24, 147, 0, 0, 229, 0, 0, 156, 0, 0, 6, 7, 29]
1542879078307;[171, 0, 17, 255, 161, 74, 237, 24, 147, 0, 0, 212, 0, 0, 132, 0, 0, 22, 7, 29]
1542879078449;[171, 0, 17, 255, 161, 74, 237, 24, 147, 0, 0, 190, 0, 0, 134, 0, 0, 23, 7, 46]
1542879078622;[171, 0, 17, 255, 161, 74, 237, 24, 147, 0, 0, 229, 0, 0, 117, 0, 0, 54, 7, 42]
1542879078626;[171, 0, 17, 255, 161, 74, 237, 24, 148, 0, 0, 220, 0, 0, 132, 0, 0, 12, 7, 16]
1542879078969;[171, 0, 17, 255, 161, 74, 237, 24, 148, 0, 1, 5, 0, 0, 153, 0, 0, 42, 6, 228]
1542879078973;[171, 0, 17, 255, 161, 74, 237, 24, 148, 0, 0, 195, 0, 0, 147, 0, 0, 8, 6, 214]
1542879078976;[171, 0, 17, 255, 161, 74, 237, 24, 148, 0, 0, 228, 0, 0, 139, 0, 0, 21, 6, 195]
1542879078981;[171, 0, 17, 255, 161, 74, 237, 24, 148, 0, 0, 245, 0, 0, 140, 0, 0, 7, 6, 201]
1542879079138;[171, 0, 4, 255, 132, 128, 95]
1542879079311;[171, 0, 17, 255, 161, 74, 237, 24, 148, 0, 0, 230, 0, 0, 135, 1, 0, 14, 6, 210]
1542879079315;[171, 0, 17, 255, 161, 74, 237, 24, 148, 0, 0, 235, 0, 0, 146, 0, 0, 10, 6, 199]
1542879079485;[171, 0, 17, 255, 161, 74, 237, 24, 148, 0, 0, 192, 0, 0, 139, 0, 0, 29, 6, 208]
1542879079488;[171, 0, 17, 255, 161, 74, 237, 24, 148, 0, 0, 232, 0, 0, 144, 0, 0, 14, 6, 197]
1542879079657;[171, 0, 17, 255, 161, 74, 237, 24, 148, 0, 0, 216, 0, 0, 146, 0, 0, 36, 6, 196]
1542879079829;[171, 0, 17, 255, 161, 74, 237, 24, 149, 0, 0, 217, 0, 0, 130, 0, 0, 18, 6, 202]
1542879079833;[171, 0, 17, 255, 161, 74, 237, 24, 149, 0, 0, 242, 0, 0, 137, 0, 0, 10, 6, 195]
1542879080348;[171, 0, 17, 255, 161, 74, 237, 24, 149, 0, 0, 212, 0, 0, 122, 0, 0, 13, 6, 186]
1542879080352;[171, 0, 17, 255, 161, 74, 237, 24, 149, 0, 0, 239, 0, 0, 167, 1, 0, 14, 6, 131]
1542879080356;[171, 0, 17, 255, 161, 74, 237, 24, 149, 0, 0, 225, 0, 0, 149, 1, 0, 1, 6, 127]
1542879080360;[171, 0, 4, 255, 132, 128, 95]
1542879080520;[171, 0, 17, 255, 161, 74, 237, 24, 149, 0, 0, 244, 0, 0, 142, 0, 0, 2, 6, 122]
1542879080525;[171, 0, 17, 255, 161, 74, 237, 24, 149, 0, 0, 203, 0, 0, 133, 0, 0, 31, 6, 159]
1542879080528;[171, 0, 17, 255, 161, 74, 237, 24, 149, 0, 0, 217, 0, 0, 137, 0, 0, 17, 6, 158]
1542879080692;[171, 0, 17, 255, 161, 74, 237, 24, 149, 0, 0, 209, 0, 0, 164, 0, 0, 13, 6, 107]
1542879080696;[171, 0, 17, 255, 161, 74, 237, 24, 149, 0, 0, 247, 0, 0, 162, 0, 0, 21, 6, 73]
1542879080865;[171, 0, 17, 255, 161, 74, 237, 24, 150, 0, 0, 198, 0, 0, 125, 1, 0, 29, 6, 108]
1542879080869;[171, 0, 17, 255, 161, 74, 237, 24, 150, 0, 0, 204, 0, 0, 158, 0, 0, 25, 6, 64]
1542879081036;[171, 0, 17, 255, 161, 74, 237, 24, 150, 0, 0, 196, 0, 0, 152, 0, 0, 30, 6, 65]
1542879081209;[171, 0, 17, 255, 161, 74, 237, 24, 150, 0, 0, 214, 0, 0, 149, 0, 0, 14, 6, 78]
1542879081213;[171, 0, 17, 255, 161, 74, 237, 24, 150, 0, 0, 236, 0, 0, 162, 0, 0, 3, 6, 53]
1542879081555;[171, 0, 4, 255, 132, 128, 95]
1542879081582;[171, 0, 17, 255, 161, 74, 237, 24, 150, 0, 0, 231, 0, 0, 139, 0, 0, 13, 6, 65]
1542879081583;[171, 0, 17, 255, 161, 74, 237, 24, 150, 0, 0, 198, 0, 0, 151, 1, 0, 16, 6, 60]
1542879081727;[171, 0, 17, 255, 161, 74, 237, 24, 150, 0, 0, 220, 0, 0, 138, 0, 0, 5, 6, 38]
1542879081731;[171, 0, 17, 255, 161, 74, 237, 24, 150, 0, 0, 204, 0, 0, 156, 0, 0, 0, 6, 17]
1542879081917;[171, 0, 17, 255, 161, 74, 237, 24, 150, 0, 0, 223, 0, 0, 154, 0, 0, 8, 6, 34]
1542879081918;[171, 0, 17, 255, 161, 74, 237, 24, 151, 0, 0, 205, 0, 0, 129, 0, 0, 3, 6, 31]
1542879082072;[171, 0, 17, 255, 161, 74, 237, 24, 151, 0, 0, 202, 0, 0, 163, 1, 0, 16, 6, 4]
1542879082075;[171, 0, 17, 255, 161, 74, 237, 24, 151, 0, 0, 217, 0, 0, 150, 0, 0, 10, 6, 3]
1542879082244;[171, 0, 17, 255, 161, 74, 237, 24, 151, 0, 0, 207, 0, 0, 141, 1, 0, 8, 5, 241]
1542879082417;[171, 0, 17, 255, 161, 74, 237, 24, 151, 0, 0, 217, 0, 0, 143, 1, 0, 7, 5, 224]
1542879082420;[171, 0, 4, 255, 132, 128, 96]
1542879082763;[171, 0, 17, 255, 161, 74, 237, 24, 151, 0, 0, 221, 0, 0, 155, 1, 0, 26, 5, 238]
1542879082767;[171, 0, 17, 255, 161, 74, 237, 24, 151, 0, 0, 222, 0, 0, 150, 1, 0, 3, 5, 242]
1542879082771;[171, 0, 17, 255, 161, 74, 237, 24, 151, 0, 0, 228, 0, 0, 158, 1, 0, 3, 5, 232]
1542879082775;[171, 0, 17, 255, 161, 74, 237, 24, 151, 0, 0, 204, 0, 0, 126, 1, 0, 3, 5, 246]
1542879082934;[171, 0, 17, 255, 161, 74, 237, 24, 151, 0, 0, 217, 0, 0, 137, 1, 0, 50, 5, 213]
1542879083106;[171, 0, 17, 255, 161, 74, 237, 24, 152, 0, 0, 182, 0, 0, 139, 1, 0, 29, 5, 203]
1542879083110;[171, 0, 17, 255, 161, 74, 237, 24, 152, 0, 0, 239, 0, 0, 162, 1, 0, 20, 5, 164]
1542879083280;[171, 0, 17, 255, 161, 74, 237, 24, 152, 0, 0, 213, 0, 0, 167, 1, 0, 13, 5, 155]
1542879083283;[171, 0, 17, 255, 161, 74, 237, 24, 152, 0, 0, 215, 0, 0, 141, 1, 0, 7, 5, 161]
1542879083624;[171, 0, 17, 255, 161, 74, 237, 24, 154, 0, 0, 201, 0, 0, 128, 0, 0, 9, 2, 59]
1542879083796;[171, 0, 17, 255, 161, 74, 237, 24, 154, 0, 0, 210, 0, 0, 130, 0, 0, 4, 2, 98]
1542879083801;[171, 0, 17, 255, 161, 74, 237, 24, 154, 0, 0, 230, 0, 0, 156, 1, 0, 21, 2, 44]
1542879084142;[171, 0, 17, 255, 161, 74, 237, 24, 154, 0, 0, 208, 0, 0, 129, 0, 0, 13, 2, 9]
1542879084146;[171, 0, 17, 255, 161, 74, 237, 24, 154, 0, 0, 228, 0, 0, 139, 1, 0, 1, 1, 240]
1542879084150;[171, 0, 17, 255, 161, 74, 237, 24, 155, 0, 0, 211, 0, 0, 167, 0, 0, 4, 1, 167]
1542879084315;[171, 0, 17, 255, 161, 74, 237, 24, 155, 0, 0, 199, 0, 0, 142, 1, 0, 53, 1, 171]
1542879084319;[171, 0, 17, 255, 161, 74, 237, 24, 155, 0, 0, 211, 0, 0, 157, 0, 0, 20, 2, 45]
1542879084488;[171, 0, 17, 255, 161, 74, 237, 24, 155, 0, 0, 209, 0, 0, 138, 0, 0, 43, 2, 128]
1542879084492;[171, 0, 17, 255, 161, 74, 237, 24, 155, 0, 0, 200, 0, 0, 140, 1, 0, 28, 2, 177]
1542879084658;[171, 0, 4, 255, 132, 128, 95]
1542879084685;[171, 0, 17, 255, 161, 74, 237, 24, 155, 0, 0, 205, 0, 0, 145, 1, 0, 22, 2, 216]
1542879084832;[171, 0, 17, 255, 161, 74, 237, 24, 155, 0, 0, 215, 0, 0, 159, 1, 0, 34, 2, 232]
1542879085005;[171, 0, 17, 255, 161, 74, 237, 24, 155, 0, 0, 222, 0, 0, 154, 1, 0, 14, 3, 110]
1542879085009;[171, 0, 17, 255, 161, 74, 237, 24, 155, 0, 0, 201, 0, 0, 151, 0, 0, 13, 3, 213]
1542879085351;[171, 0, 17, 255, 161, 74, 237, 24, 155, 0, 0, 210, 0, 0, 158, 1, 0, 10, 3, 230]
1542879085354;[171, 0, 17, 255, 161, 74, 237, 24, 156, 0, 0, 195, 0, 0, 142, 1, 0, 13, 4, 60]
1542879085358;[171, 0, 17, 255, 161, 74, 237, 24, 156, 0, 0, 213, 0, 0, 161, 1, 0, 35, 4, 37]
1542879085522;[171, 0, 17, 255, 161, 74, 237, 24, 156, 0, 0, 217, 0, 0, 149, 0, 0, 8, 4, 95]
1542879085526;[171, 0, 17, 255, 161, 74, 237, 24, 156, 0, 0, 206, 0, 0, 144, 1, 0, 1, 4, 206]
1542879085695;[171, 0, 17, 255, 161, 74, 237, 24, 156, 0, 0, 223, 0, 0, 153, 1, 0, 12, 4, 249]
1542879085699;[171, 0, 4, 255, 132, 128, 95]
1542879085867;[171, 0, 17, 255, 161, 74, 237, 24, 156, 0, 0, 207, 0, 0, 152, 1, 0, 21, 5, 36]
1542879085871;[171, 0, 17, 255, 161, 74, 237, 24, 156, 0, 0, 214, 0, 0, 163, 1, 0, 45, 5, 58]
1542879086040;[171, 0, 17, 255, 161, 74, 237, 24, 156, 0, 0, 194, 0, 0, 150, 0, 0, 2, 5, 117]
1542879086213;[171, 0, 17, 255, 161, 74, 237, 24, 156, 0, 0, 209, 0, 0, 148, 1, 0, 15, 5, 122]
1542879086217;[171, 0, 17, 255, 161, 74, 237, 24, 156, 0, 0, 215, 0, 0, 153, 1, 0, 11, 6, 4]
1542879086731;[171, 0, 17, 255, 161, 74, 237, 24, 157, 0, 0, 225, 0, 0, 162, 1, 0, 41, 6, 32]
1542879086736;[171, 0, 17, 255, 161, 74, 237, 24, 157, 0, 0, 220, 0, 0, 158, 1, 0, 33, 6, 58]
1542879086739;[171, 0, 17, 255, 161, 74, 237, 24, 157, 0, 0, 219, 0, 0, 143, 1, 0, 27, 6, 85]
1542879086743;[171, 0, 17, 255, 161, 74, 237, 24, 157, 0, 0, 175, 0, 0, 136, 1, 0, 46, 6, 110]
1542879086924;[171, 0, 17, 255, 161, 74, 237, 24, 157, 0, 0, 212, 0, 0, 155, 0, 0, 3, 6, 122]
1542879086925;[171, 0, 4, 255, 132, 128, 94]
1542879086928;[171, 0, 17, 255, 161, 74, 237, 24, 157, 0, 0, 216, 0, 0, 169, 1, 0, 18, 6, 233]
1542879087075;[171, 0, 17, 255, 161, 74, 237, 24, 157, 0, 0, 191, 0, 0, 153, 1, 0, 57, 7, 32]
1542879087080;[171, 0, 17, 255, 161, 74, 237, 24, 157, 0, 0, 233, 0, 0, 152, 1, 0, 43, 7, 45]
1542879087246;[171, 0, 17, 255, 161, 74, 237, 24, 157, 0, 0, 230, 0, 0, 145, 1, 0, 34, 7, 65]
1542879087419;[171, 0, 17, 255, 161, 74, 237, 24, 157, 0, 0, 233, 0, 0, 164, 1, 0, 17, 7, 68]
1542879087423;[171, 0, 17, 255, 161, 74, 237, 24, 158, 0, 0, 179, 0, 0, 141, 1, 0, 44, 7, 116]
1542879087592;[171, 0, 17, 255, 161, 74, 237, 24, 158, 0, 0, 226, 0, 0, 148, 1, 0, 2, 7, 214]
1542879087597;[171, 0, 17, 255, 161, 74, 237, 24, 158, 0, 0, 197, 0, 0, 166, 1, 0, 56, 8, 4]
1542879087937;[171, 0, 17, 255, 161, 74, 237, 24, 158, 0, 0, 216, 0, 0, 146, 1, 0, 15, 8, 24]
1542879087942;[171, 0, 17, 255, 161, 74, 237, 24, 158, 0, 0, 192, 0, 0, 142, 1, 0, 32, 8, 11]
1542879087947;[171, 0, 4, 255, 132, 128, 94]
1542879088106;[171, 0, 17, 255, 161, 74, 237, 24, 158, 0, 0, 191, 0, 0, 119, 0, 0, 15, 8, 64]
1542879088109;[171, 0, 17, 255, 161, 74, 237, 24, 158, 0, 0, 182, 0, 0, 140, 1, 0, 51, 7, 247]
1542879088281;[171, 0, 17, 255, 161, 74, 237, 24, 158, 0, 0, 221, 0, 0, 157, 1, 0, 26, 8, 78]
1542879088285;[171, 0, 17, 255, 161, 74, 237, 24, 158, 0, 0, 247, 0, 0, 176, 1, 0, 40, 8, 59]
1542879088454;[171, 0, 17, 255, 161, 74, 237, 24, 158, 0, 0, 238, 0, 0, 155, 1, 0, 23, 8, 93]
1542879088626;[171, 0, 17, 255, 161, 74, 237, 24, 159, 0, 0, 169, 0, 0, 132, 1, 0, 65, 8, 125]
1542879088630;[171, 0, 17, 255, 161, 74, 237, 24, 159, 0, 0, 232, 0, 0, 145, 1, 0, 59, 8, 77]
1542879088799;[171, 0, 17, 255, 161, 74, 237, 24, 159, 0, 0, 182, 0, 0, 151, 1, 0, 25, 8, 87]
1542879088803;[171, 0, 17, 255, 161, 74, 237, 24, 159, 0, 0, 248, 0, 0, 164, 1, 0, 46, 8, 120]
1542879089318;[171, 0, 17, 255, 161, 74, 237, 24, 159, 0, 0, 192, 0, 0, 132, 1, 0, 55, 8, 182]
1542879089321;[171, 0, 4, 255, 132, 128, 95]
1542879089347;[171, 0, 17, 255, 161, 74, 237, 24, 159, 0, 1, 1, 0, 0, 153, 1, 0, 94, 8, 94]
1542879089349;[171, 0, 17, 255, 161, 74, 237, 24, 159, 0, 0, 199, 0, 0, 144, 1, 0, 37, 8, 131]
1542879089490;[171, 0, 17, 255, 161, 74, 237, 24, 159, 0, 0, 244, 0, 0, 176, 1, 0, 47, 8, 38]
1542879089495;[171, 0, 17, 255, 161, 74, 237, 24, 159, 0, 0, 212, 0, 0, 136, 1, 0, 54, 8, 91]
1542879089498;[171, 0, 17, 255, 161, 74, 237, 24, 159, 0, 0, 212, 0, 0, 169, 1, 0, 76, 8, 101]
1542879089662;[171, 0, 17, 255, 161, 74, 237, 24, 160, 0, 0, 212, 0, 0, 128, 1, 0, 28, 8, 160]
1542879089666;[171, 0, 17, 255, 161, 74, 237, 24, 160, 0, 0, 212, 0, 0, 153, 1, 0, 78, 8, 88]
1542879089834;[171, 0, 17, 255, 161, 74, 237, 24, 160, 0, 0, 225, 0, 0, 143, 1, 0, 25, 8, 101]
1542879090007;[171, 0, 17, 255, 161, 74, 237, 24, 160, 0, 0, 201, 0, 0, 153, 1, 0, 55, 8, 16]
1542879090011;[171, 0, 17, 255, 161, 74, 237, 24, 160, 0, 1, 4, 0, 0, 163, 1, 0, 46, 7, 253]
1542879090180;[171, 0, 4, 255, 132, 128, 95]
1542879090206;[171, 0, 17, 255, 161, 74, 237, 24, 160, 0, 0, 212, 0, 0, 149, 1, 0, 27, 8, 19]
1542879090525;[171, 0, 17, 255, 161, 74, 237, 24, 160, 0, 0, 231, 0, 0, 140, 1, 0, 14, 8, 31]
1542879090528;[171, 0, 17, 255, 161, 74, 237, 24, 160, 0, 0, 247, 0, 0, 158, 1, 0, 38, 7, 247]
1542879090532;[171, 0, 17, 255, 161, 74, 237, 24, 160, 0, 0, 254, 0, 0, 157, 1, 0, 50, 7, 221]
1542879090697;[171, 0, 17, 255, 161, 74, 237, 24, 160, 0, 0, 236, 0, 0, 143, 1, 0, 81, 7, 189]
1542879090701;[171, 0, 17, 255, 161, 74, 237, 24, 161, 0, 0, 222, 0, 0, 150, 1, 0, 20, 7, 177]
1542879090869;[171, 0, 17, 255, 161, 74, 237, 24, 161, 0, 0, 214, 0, 0, 156, 1, 0, 45, 7, 164]
1542879090872;[171, 0, 17, 255, 161, 74, 237, 24, 161, 0, 0, 236, 0, 0, 129, 1, 0, 31, 7, 199]
1542879091042;[171, 0, 17, 255, 161, 74, 237, 24, 161, 0, 0, 201, 0, 0, 167, 1, 0, 35, 7, 147]
1542879091215;[171, 0, 17, 255, 161, 74, 237, 24, 161, 0, 0, 222, 0, 0, 160, 1, 0, 12, 7, 136]
1542879091218;[171, 0, 4, 255, 132, 128, 96]
1542879091389;[171, 0, 17, 255, 161, 74, 237, 24, 161, 0, 0, 208, 0, 0, 149, 1, 0, 5, 7, 121]
1542879091393;[171, 0, 17, 255, 161, 74, 237, 24, 161, 0, 0, 193, 0, 0, 133, 1, 0, 26, 7, 79]
1542879091733;[171, 0, 17, 255, 161, 74, 237, 24, 161, 0, 0, 215, 0, 0, 175, 1, 0, 47, 7, 3]
1542879091737;[171, 0, 17, 255, 161, 74, 237, 24, 161, 0, 0, 219, 0, 0, 145, 1, 0, 12, 7, 13]
1542879091741;[171, 0, 17, 255, 161, 74, 237, 24, 161, 0, 0, 201, 0, 0, 149, 1, 0, 15, 7, 15]
1542879091905;[171, 0, 17, 255, 161, 74, 237, 24, 162, 0, 0, 190, 0, 0, 152, 1, 0, 53, 7, 32]
1542879091910;[171, 0, 17, 255, 161, 74, 237, 24, 162, 0, 0, 227, 0, 0, 186, 1, 0, 37, 7, 14]
1542879092077;[171, 0, 17, 255, 161, 74, 237, 24, 162, 0, 0, 223, 0, 0, 184, 1, 0, 17, 6, 234]
1542879092081;[171, 0, 17, 255, 161, 74, 237, 24, 162, 0, 0, 180, 0, 0, 142, 0, 0, 2, 6, 252]
1542879092249;[171, 0, 17, 255, 161, 74, 237, 24, 162, 0, 0, 199, 0, 0, 174, 1, 0, 65, 6, 182]
1542879092422;[171, 0, 4, 255, 132, 128, 97]
1542879092448;[171, 0, 17, 255, 161, 74, 237, 24, 162, 0, 0, 170, 0, 0, 147, 1, 0, 25, 6, 230]
1542879092595;[171, 0, 17, 255, 161, 74, 237, 24, 162, 0, 0, 203, 0, 0, 192, 1, 0, 46, 6, 160]
1542879092599;[171, 0, 17, 255, 161, 74, 237, 24, 162, 0, 0, 190, 0, 0, 178, 1, 0, 14, 6, 212]
1542879092767;[171, 0, 17, 255, 161, 74, 237, 24, 162, 0, 0, 220, 0, 0, 184, 1, 0, 23, 6, 125]
1542879092771;[171, 0, 17, 255, 161, 74, 237, 24, 162, 0, 0, 163, 0, 0, 175, 0, 0, 4, 6, 150]
1542879093112;[171, 0, 17, 255, 161, 74, 237, 24, 163, 0, 0, 170, 0, 0, 139, 1, 0, 34, 6, 159]
1542879093116;[171, 0, 17, 255, 161, 74, 237, 24, 163, 0, 0, 196, 0, 0, 190, 1, 0, 61, 6, 116]
1542879093120;[171, 0, 17, 255, 161, 74, 237, 24, 163, 0, 0, 201, 0, 0, 177, 1, 0, 9, 6, 106]
1542879093285;[171, 0, 17, 255, 161, 74, 237, 24, 163, 0, 0, 213, 0, 0, 177, 0, 0, 11, 5, 249]
1542879093289;[171, 0, 17, 255, 161, 74, 237, 24, 163, 0, 0, 214, 0, 0, 159, 1, 0, 19, 6, 79]
1542879093456;[171, 0, 4, 255, 132, 128, 96]
1542879093629;[171, 0, 17, 255, 161, 74, 237, 24, 163, 0, 0, 169, 0, 0, 157, 1, 0, 42, 6, 102]
1542879093633;[171, 0, 17, 255, 161, 74, 237, 24, 163, 0, 0, 206, 0, 0, 176, 1, 0, 7, 6, 93]
1542879093803;[171, 0, 17, 255, 161, 74, 237, 24, 163, 0, 0, 195, 0, 0, 189, 1, 0, 23, 6, 48]
1542879093806;[171, 0, 17, 255, 161, 74, 237, 24, 163, 0, 0, 198, 0, 0, 179, 1, 0, 3, 6, 22]
1542879093974;[171, 0, 17, 255, 161, 74, 237, 24, 163, 0, 0, 199, 0, 0, 171, 0, 0, 36, 5, 245]
1542879093978;[171, 0, 17, 255, 161, 74, 237, 24, 164, 0, 0, 160, 0, 0, 163, 1, 0, 23, 5, 226]
1542879094320;[171, 0, 17, 255, 161, 74, 237, 24, 164, 0, 0, 175, 0, 0, 177, 1, 0, 42, 6, 9]
1542879094324;[171, 0, 17, 255, 161, 74, 237, 24, 164, 0, 0, 183, 0, 0, 159, 1, 0, 28, 6, 20]
1542879094328;[171, 0, 17, 255, 161, 74, 237, 24, 164, 0, 0, 188, 0, 0, 174, 1, 0, 16, 6, 21]
1542879094493;[171, 0, 17, 255, 161, 74, 237, 24, 164, 0, 0, 191, 0, 0, 171, 1, 0, 22, 6, 13]
1542879094496;[171, 0, 4, 255, 132, 128, 98]
1542879094664;[171, 0, 17, 255, 161, 74, 237, 24, 164, 0, 0, 201, 0, 0, 194, 1, 0, 24, 5, 197]
1542879094668;[171, 0, 17, 255, 161, 74, 237, 24, 164, 0, 0, 195, 0, 0, 179, 1, 0, 8, 5, 190]
1542879094837;[171, 0, 17, 255, 161, 74, 237, 24, 164, 0, 0, 199, 0, 0, 168, 0, 0, 3, 5, 195]
1542879095009;[171, 0, 17, 255, 161, 74, 237, 24, 164, 0, 0, 189, 0, 0, 164, 1, 0, 16, 5, 205]
1542879095014;[171, 0, 17, 255, 161, 74, 237, 24, 164, 0, 0, 175, 0, 0, 174, 1, 0, 43, 5, 216]
1542879095182;[171, 0, 17, 255, 161, 74, 237, 24, 165, 0, 0, 188, 0, 0, 176, 1, 0, 24, 6, 4]
1542879095186;[171, 0, 17, 255, 161, 74, 237, 24, 165, 0, 0, 204, 0, 0, 176, 1, 0, 17, 5, 255]
1542879095702;[171, 0, 17, 255, 161, 74, 237, 24, 165, 0, 0, 200, 0, 0, 176, 1, 0, 23, 6, 5]
1542879095706;[171, 0, 17, 255, 161, 74, 237, 24, 165, 0, 0, 195, 0, 0, 168, 1, 0, 17, 5, 247]
1542879095710;[171, 0, 17, 255, 161, 74, 237, 24, 165, 0, 0, 197, 0, 0, 164, 1, 0, 19, 5, 246]
1542879095714;[171, 0, 4, 255, 132, 128, 99]
1542879095873;[171, 0, 17, 255, 161, 74, 237, 24, 165, 0, 0, 204, 0, 0, 175, 1, 0, 20, 5, 238]
1542879095877;[171, 0, 17, 255, 161, 74, 237, 24, 165, 0, 0, 202, 0, 0, 172, 1, 0, 60, 6, 87]
1542879095882;[171, 0, 17, 255, 161, 74, 237, 24, 165, 0, 0, 232, 0, 0, 171, 0, 0, 44, 6, 220]
1542879096045;[171, 0, 17, 255, 161, 74, 237, 24, 165, 0, 0, 176, 0, 0, 190, 0, 0, 9, 6, 200]
1542879096217;[171, 0, 17, 255, 161, 74, 237, 24, 165, 0, 0, 179, 0, 0, 189, 1, 0, 38, 6, 165]
1542879096221;[171, 0, 17, 255, 161, 74, 237, 24, 166, 0, 0, 183, 0, 0, 186, 1, 0, 6, 6, 102]
1542879096389;[171, 0, 17, 255, 161, 74, 237, 24, 166, 0, 0, 198, 0, 0, 174, 1, 0, 10, 6, 76]
1542879096392;[171, 0, 17, 255, 161, 74, 237, 24, 166, 0, 0, 204, 0, 0, 169, 1, 0, 13, 6, 38]
1542879096562;[171, 0, 17, 255, 161, 74, 237, 24, 166, 0, 0, 211, 0, 0, 168, 1, 0, 17, 6, 89]
1542879096566;[171, 0, 17, 255, 161, 74, 237, 24, 166, 0, 0, 192, 0, 0, 171, 1, 0, 18, 6, 101]
1542879096905;[171, 0, 4, 255, 132, 128, 99]
1542879096931;[171, 0, 17, 255, 161, 74, 237, 24, 166, 0, 0, 191, 0, 0, 173, 1, 0, 24, 6, 84]
1542879096937;[171, 0, 17, 255, 161, 74, 237, 24, 166, 0, 0, 190, 0, 0, 181, 1, 0, 17, 6, 72]
1542879097080;[171, 0, 17, 255, 161, 74, 237, 24, 166, 0, 0, 189, 0, 0, 177, 1, 0, 23, 6, 63]
1542879097085;[171, 0, 17, 255, 161, 74, 237, 24, 166, 0, 0, 188, 0, 0, 177, 1, 0, 20, 6, 46]
1542879097252;[171, 0, 17, 255, 161, 74, 237, 24, 166, 0, 0, 189, 0, 0, 176, 1, 0, 23, 6, 34]
1542879097425;[171, 0, 17, 255, 161, 74, 237, 24, 167, 0, 0, 218, 0, 0, 154, 1, 0, 18, 6, 125]
1542879097428;[171, 0, 17, 255, 161, 74, 237, 24, 167, 0, 0, 212, 0, 0, 144, 1, 0, 19, 6, 163]
1542879097595;[171, 0, 17, 255, 161, 74, 237, 24, 167, 0, 0, 207, 0, 0, 152, 1, 0, 23, 6, 136]
1542879097599;[171, 0, 17, 255, 161, 74, 237, 24, 167, 0, 0, 203, 0, 0, 158, 1, 0, 21, 6, 86]
1542879097769;[171, 0, 17, 255, 161, 74, 237, 24, 167, 0, 0, 215, 0, 0, 154, 1, 0, 16, 6, 37]
1542879097772;[171, 0, 4, 255, 132, 128, 97]
1542879098116;[171, 0, 17, 255, 161, 74, 237, 24, 167, 0, 0, 211, 0, 0, 154, 1, 0, 19, 5, 254]
1542879098122;[171, 0, 17, 255, 161, 74, 237, 24, 167, 0, 0, 212, 0, 0, 154, 1, 0, 17, 5, 200]
1542879098126;[171, 0, 17, 255, 161, 74, 237, 24, 167, 0, 0, 202, 0, 0, 154, 1, 0, 19, 5, 236]
1542879098287;[171, 0, 17, 255, 161, 74, 237, 24, 167, 0, 0, 209, 0, 0, 155, 1, 0, 19, 6, 20]
1542879098291;[171, 0, 17, 255, 161, 74, 237, 24, 167, 0, 0, 211, 0, 0, 157, 1, 0, 17, 6, 18]
1542879098459;[171, 0, 17, 255, 161, 74, 237, 24, 168, 0, 0, 209, 0, 0, 157, 1, 0, 18, 6, 8]
1542879098463;[171, 0, 17, 255, 161, 74, 237, 24, 168, 0, 0, 219, 0, 0, 157, 1, 0, 19, 5, 246]
1542879098630;[171, 0, 17, 255, 161, 74, 237, 24, 168, 0, 0, 217, 0, 0, 155, 1, 0, 13, 5, 232]
1542879098804;[171, 0, 17, 255, 161, 74, 237, 24, 168, 0, 0, 204, 0, 0, 154, 1, 0, 19, 5, 223]
1542879098808;[171, 0, 17, 255, 161, 74, 237, 24, 168, 0, 0, 209, 0, 0, 153, 1, 0, 23, 6, 41]
1542879098975;[171, 0, 4, 255, 132, 128, 95]
1542879099002;[171, 0, 17, 255, 161, 74, 237, 24, 168, 0, 0, 213, 0, 0, 154, 1, 0, 25, 6, 72]
1542879099150;[171, 0, 17, 255, 161, 74, 237, 24, 168, 0, 0, 214, 0, 0, 154, 1, 0, 20, 6, 74]
1542879099497;[171, 0, 17, 255, 161, 74, 237, 24, 168, 0, 0, 206, 0, 0, 159, 1, 0, 22, 6, 62]
1542879099501;[171, 0, 17, 255, 161, 74, 237, 24, 168, 0, 0, 210, 0, 0, 154, 1, 0, 14, 6, 60]
1542879099505;[171, 0, 17, 255, 161, 74, 237, 24, 168, 0, 0, 209, 0, 0, 154, 1, 0, 19, 6, 49]
1542879099508;[171, 0, 17, 255, 161, 74, 237, 24, 169, 0, 0, 209, 0, 0, 154, 1, 0, 23, 6, 61]
1542879099666;[171, 0, 17, 255, 161, 74, 237, 24, 169, 0, 0, 207, 0, 0, 157, 1, 0, 19, 6, 146]
1542879099670;[171, 0, 17, 255, 161, 74, 237, 24, 169, 0, 0, 213, 0, 0, 152, 1, 0, 18, 6, 186]
1542879099840;[171, 0, 17, 255, 161, 74, 237, 24, 169, 0, 0, 209, 0, 0, 154, 1, 0, 20, 6, 207]
1542879100011;[171, 0, 17, 255, 161, 74, 237, 24, 169, 0, 0, 210, 0, 0, 158, 1, 0, 22, 6, 222]
1542879100015;[171, 0, 4, 255, 132, 128, 94]
1542879100184;[171, 0, 17, 255, 161, 74, 237, 24, 169, 0, 0, 219, 0, 0, 151, 1, 0, 11, 6, 224]
1542879100188;[171, 0, 17, 255, 161, 74, 237, 24, 169, 0, 0, 210, 0, 0, 154, 1, 0, 13, 6, 229]
1542879100357;[171, 0, 17, 255, 161, 74, 237, 24, 169, 0, 0, 210, 0, 0, 154, 1, 0, 17, 7, 21]
1542879100704;[171, 0, 17, 255, 161, 74, 237, 24, 169, 0, 0, 206, 0, 0, 157, 1, 0, 12, 7, 66]
1542879100708;[171, 0, 17, 255, 161, 74, 237, 24, 169, 0, 0, 211, 0, 0, 156, 1, 0, 11, 7, 54]
1542879100712;[171, 0, 17, 255, 161, 74, 237, 24, 170, 0, 0, 212, 0, 0, 154, 1, 0, 20, 7, 27]
1542879100716;[171, 0, 17, 255, 161, 74, 237, 24, 170, 0, 0, 212, 0, 0, 155, 1, 0, 10, 7, 30]
1542879100875;[171, 0, 17, 255, 161, 74, 237, 24, 170, 0, 0, 210, 0, 0, 157, 1, 0, 11, 7, 36]
1542879100879;[171, 0, 17, 255, 161, 74, 237, 24, 170, 0, 0, 208, 0, 0, 161, 1, 0, 9, 7, 43]
1542879101046;[171, 0, 17, 255, 161, 74, 237, 24, 170, 0, 0, 208, 0, 0, 151, 0, 0, 6, 7, 95]
1542879101219;[171, 0, 4, 255, 132, 128, 92]
1542879101246;[171, 0, 17, 255, 161, 74, 237, 24, 170, 0, 0, 200, 0, 0, 158, 1, 0, 20, 7, 109]
1542879101393;[171, 0, 17, 255, 161, 74, 237, 24, 170, 0, 0, 213, 0, 0, 152, 1, 0, 17, 7, 107]
1542879101397;[171, 0, 17, 255, 161, 74, 237, 24, 170, 0, 0, 215, 0, 0, 155, 1, 0, 9, 7, 91]
1542879101564;[171, 0, 17, 255, 161, 74, 237, 24, 170, 0, 0, 216, 0, 0, 149, 1, 0, 22, 7, 84]
1542879101568;[171, 0, 17, 255, 161, 74, 237, 24, 170, 0, 0, 206, 0, 0, 157, 1, 0, 22, 7, 95]
1542879101736;[171, 0, 17, 255, 161, 74, 237, 24, 171, 0, 0, 208, 0, 0, 160, 1, 0, 23, 7, 178]
1542879102083;[171, 0, 17, 255, 161, 74, 237, 24, 171, 0, 0, 209, 0, 0, 158, 0, 0, 3, 7, 203]
1542879102087;[171, 0, 17, 255, 161, 74, 237, 24, 171, 0, 0, 207, 0, 0, 156, 1, 0, 15, 7, 220]
1542879102091;[171, 0, 17, 255, 161, 74, 237, 24, 171, 0, 0, 214, 0, 0, 155, 1, 0, 21, 7, 222]
1542879102098;[171, 0, 17, 255, 161, 74, 237, 24, 171, 0, 0, 213, 0, 0, 153, 1, 0, 15, 7, 208]
1542879102251;[171, 0, 4, 255, 132, 128, 92]
1542879102427;[171, 0, 17, 255, 161, 74, 237, 24, 171, 0, 0, 204, 0, 0, 155, 1, 0, 24, 7, 183]
1542879102431;[171, 0, 17, 255, 161, 74, 237, 24, 171, 0, 0, 211, 0, 0, 157, 1, 0, 18, 7, 212]
1542879102599;[171, 0, 17, 255, 161, 74, 237, 24, 171, 0, 0, 211, 0, 0, 154, 1, 0, 18, 7, 241]
1542879102603;[171, 0, 17, 255, 161, 74, 237, 24, 171, 0, 0, 211, 0, 0, 154, 1, 0, 20, 7, 225]
1542879102771;[171, 0, 17, 255, 161, 74, 237, 24, 171, 0, 0, 208, 0, 0, 156, 1, 0, 21, 7, 220]
1542879102775;[171, 0, 17, 255, 161, 74, 237, 24, 172, 0, 0, 215, 0, 0, 153, 1, 0, 16, 7, 225]
1542879102945;[171, 0, 17, 255, 161, 74, 237, 24, 172, 0, 0, 209, 0, 0, 151, 1, 0, 21, 7, 228]
1542879103291;[171, 0, 17, 255, 161, 74, 237, 24, 172, 0, 0, 212, 0, 0, 155, 1, 0, 17, 7, 244]
1542879103295;[171, 0, 17, 255, 161, 74, 237, 24, 172, 0, 0, 209, 0, 0, 148, 1, 0, 18, 8, 8]
1542879103299;[171, 0, 17, 255, 161, 74, 237, 24, 172, 0, 0, 215, 0, 0, 151, 1, 0, 16, 8, 9]
1542879103303;[171, 0, 4, 255, 132, 128, 93]
1542879103461;[171, 0, 17, 255, 161, 74, 237, 24, 172, 0, 0, 215, 0, 0, 151, 1, 0, 14, 7, 240]
1542879103465;[171, 0, 17, 255, 161, 74, 237, 24, 172, 0, 0, 210, 0, 0, 153, 1, 0, 18, 7, 235]
1542879103633;[171, 0, 17, 255, 161, 74, 237, 24, 172, 0, 0, 220, 0, 0, 149, 1, 0, 22, 7, 249]
1542879103807;[171, 0, 17, 255, 161, 74, 237, 24, 172, 0, 0, 212, 0, 0, 157, 1, 0, 3, 7, 236]
1542879103811;[171, 0, 17, 255, 161, 74, 237, 24, 172, 0, 0, 205, 0, 0, 151, 1, 0, 28, 7, 245]
1542879103979;[171, 0, 17, 255, 161, 74, 237, 24, 173, 0, 0, 214, 0, 0, 159, 1, 0, 29, 7, 216]
1542879103983;[171, 0, 17, 255, 161, 74, 237, 24, 173, 0, 0, 212, 0, 0, 148, 1, 0, 11, 7, 209]
1542879104153;[171, 0, 17, 255, 161, 74, 237, 24, 173, 0, 0, 219, 0, 0, 159, 0, 0, 6, 7, 162]
1542879104671;[171, 0, 17, 255, 161, 74, 237, 24, 173, 0, 0, 203, 0, 0, 161, 1, 0, 7, 7, 104]
1542879104675;[171, 0, 17, 255, 161, 74, 237, 24, 173, 0, 0, 217, 0, 0, 159, 1, 0, 16, 7, 76]
1542879104679;[171, 0, 4, 255, 132, 128, 92]
1542879104706;[171, 0, 17, 255, 161, 74, 237, 24, 173, 0, 0, 208, 0, 0, 154, 1, 0, 47, 7, 42]
1542879104842;[171, 0, 17, 255, 161, 74, 237, 24, 173, 0, 0, 204, 0, 0, 169, 1, 0, 31, 6, 254]
1542879104846;[171, 0, 17, 255, 161, 74, 237, 24, 173, 0, 0, 216, 0, 0, 145, 1, 0, 36, 7, 38]
1542879104850;[171, 0, 17, 255, 161, 74, 237, 24, 173, 0, 0, 150, 0, 0, 253, 1, 0, 24, 7, 107]
1542879105014;[171, 0, 17, 255, 161, 74, 237, 24, 173, 0, 0, 128, 0, 1, 86, 1, 0, 45, 7, 142]
1542879105018;[171, 0, 17, 255, 161, 74, 237, 24, 174, 0, 2, 89, 0, 1, 84, 0, 0, 124, 8, 12]
1542879105188;[171, 0, 17, 255, 161, 74, 237, 24, 174, 0, 0, 144, 0, 0, 118, 0, 0, 184, 6, 217]
1542879105191;[171, 0, 17, 255, 161, 74, 237, 24, 174, 0, 0, 31, 0, 0, 199, 0, 0, 157, 6, 34]
1542879105359;[171, 0, 17, 255, 161, 74, 237, 24, 174, 0, 0, 58, 0, 0, 85, 0, 0, 106, 5, 250]
1542879105878;[171, 0, 17, 255, 161, 74, 237, 24, 176, 1, 0, 101, 0, 0, 246, 1, 0, 28, 7, 199]
1542879105882;[171, 0, 17, 255, 161, 74, 237, 24, 176, 0, 0, 147, 0, 0, 194, 1, 0, 76, 7, 214]
1542879105886;[171, 0, 17, 255, 161, 74, 237, 24, 176, 1, 1, 212, 0, 1, 81, 1, 0, 37, 8, 8]
1542879105890;[171, 0, 17, 255, 161, 74, 237, 24, 176, 1, 1, 127, 0, 1, 90, 1, 0, 30, 7, 210]
1542879106049;[171, 0, 17, 255, 161, 74, 237, 24, 176, 0, 0, 49, 0, 0, 217, 1, 0, 192, 8, 29]
1542879106222;[171, 0, 17, 255, 161, 74, 237, 24, 177, 1, 0, 45, 0, 1, 13, 1, 0, 42, 8, 103]
1542879106226;[171, 0, 17, 255, 161, 74, 237, 24, 177, 1, 0, 39, 0, 1, 13, 1, 0, 19, 8, 172]
1542879106394;[171, 0, 17, 255, 161, 74, 237, 24, 177, 0, 0, 9, 0, 1, 176, 0, 0, 15, 8, 169]
1542879106398;[171, 0, 17, 255, 161, 74, 237, 24, 177, 1, 0, 14, 0, 0, 196, 1, 0, 27, 8, 74]
1542879106566;[171, 0, 17, 255, 161, 74, 237, 24, 177, 0, 0, 0, 0, 0, 114, 1, 0, 10, 7, 249]
1542879106570;[171, 0, 4, 255, 132, 128, 91]
1542879106740;[171, 0, 17, 255, 161, 74, 237, 24, 177, 0, 0, 40, 0, 2, 1, 0, 0, 51, 7, 252]
1542879107086;[171, 0, 17, 255, 161, 74, 237, 24, 177, 1, 0, 115, 0, 1, 48, 1, 0, 80, 7, 116]
1542879107090;[171, 0, 17, 255, 161, 74, 237, 24, 177, 1, 0, 17, 0, 0, 151, 0, 0, 83, 6, 221]
1542879107094;[171, 0, 17, 255, 161, 74, 237, 24, 177, 0, 0, 37, 0, 1, 8, 0, 0, 80, 7, 55]
1542879107098;[171, 0, 17, 255, 161, 74, 237, 24, 177, 0, 0, 22, 0, 1, 11, 1, 0, 2, 7, 116]
1542879107257;[171, 0, 17, 255, 161, 74, 237, 24, 178, 0, 0, 40, 0, 1, 15, 1, 0, 5, 7, 186]
1542879107429;[171, 0, 17, 255, 161, 74, 237, 24, 178, 0, 0, 31, 0, 1, 25, 0, 0, 0, 7, 203]
1542879107433;[171, 0, 17, 255, 161, 74, 237, 24, 178, 0, 0, 128, 0, 2, 38, 0, 0, 41, 8, 64]
1542879107603;[171, 0, 17, 255, 161, 74, 237, 24, 178, 0, 0, 16, 0, 0, 15, 1, 0, 44, 7, 125]
1542879107607;[171, 0, 17, 255, 161, 74, 237, 24, 178, 1, 0, 10, 0, 0, 177, 0, 0, 18, 7, 62]
1542879107775;[171, 0, 4, 255, 132, 128, 89]
1542879107801;[171, 0, 17, 255, 161, 74, 237, 24, 178, 0, 2, 245, 0, 2, 30, 1, 0, 1, 7, 124]
1542879107954;[171, 0, 17, 255, 161, 74, 237, 24, 178, 1, 0, 134, 0, 0, 196, 1, 0, 19, 6, 232]
1542879108120;[171, 0, 17, 255, 161, 74, 237, 24, 178, 0, 0, 43, 0, 1, 29, 0, 0, 23, 7, 34]
1542879108124;[171, 0, 17, 255, 161, 74, 237, 24, 178, 0, 0, 26, 0, 1, 15, 1, 0, 3, 7, 62]
1542879108466;[171, 0, 17, 255, 161, 74, 237, 24, 178, 0, 0, 32, 0, 1, 13, 1, 0, 8, 7, 55]
1542879108470;[171, 0, 17, 255, 161, 74, 237, 24, 179, 0, 0, 72, 0, 1, 10, 1, 0, 9, 7, 37]
1542879108474;[171, 0, 17, 255, 161, 74, 237, 24, 179, 0, 0, 56, 0, 1, 7, 1, 0, 24, 7, 75]
1542879108478;[171, 0, 17, 255, 161, 74, 237, 24, 179, 0, 0, 63, 0, 1, 4, 1, 0, 27, 7, 116]
1542879108636;[171, 0, 17, 255, 161, 74, 237, 24, 179, 0, 0, 51, 0, 1, 8, 1, 0, 23, 7, 124]
1542879108809;[171, 0, 17, 255, 161, 74, 237, 24, 179, 0, 0, 50, 0, 1, 9, 1, 0, 27, 7, 143]
1542879108813;[171, 0, 4, 255, 132, 128, 88]
1542879109155;[171, 0, 17, 255, 161, 74, 237, 24, 179, 0, 0, 62, 0, 1, 9, 1, 0, 17, 7, 153]
1542879109159;[171, 0, 17, 255, 161, 74, 237, 24, 179, 0, 0, 56, 0, 1, 23, 1, 0, 25, 7, 163]
1542879109163;[171, 0, 17, 255, 161, 74, 237, 24, 179, 1, 0, 40, 0, 1, 14, 0, 0, 20, 7, 101]
1542879109326;[171, 0, 17, 255, 161, 74, 237, 24, 179, 0, 0, 29, 0, 0, 244, 1, 0, 30, 6, 179]
1542879109330;[171, 0, 17, 255, 161, 74, 237, 24, 179, 0, 0, 6, 0, 1, 10, 1, 0, 37, 6, 130]
1542879109846;[171, 0, 17, 255, 161, 74, 237, 24, 180, 0, 0, 37, 0, 1, 57, 0, 0, 32, 6, 181]
1542879109850;[171, 0, 17, 255, 161, 74, 237, 24, 180, 0, 0, 37, 0, 1, 18, 1, 0, 16, 6, 247]
1542879109854;[171, 0, 17, 255, 161, 74, 237, 24, 180, 0, 0, 70, 0, 1, 4, 0, 0, 1, 7, 10]
1542879109858;[171, 0, 17, 255, 161, 74, 237, 24, 180, 0, 0, 65, 0, 1, 3, 1, 0, 6, 7, 33]
1542879110018;[171, 0, 17, 255, 161, 74, 237, 24, 180, 0, 0, 69, 0, 1, 8, 0, 0, 6, 7, 15]
1542879110021;[171, 0, 4, 255, 132, 128, 87]
1542879110048;[171, 0, 17, 255, 161, 74, 237, 24, 180, 0, 0, 80, 0, 1, 7, 0, 0, 15, 6, 203]
1542879110363;[171, 0, 17, 255, 161, 74, 237, 24, 180, 1, 0, 4, 0, 1, 37, 0, 0, 6, 6, 245]
1542879110367;[171, 0, 17, 255, 161, 74, 237, 24, 180, 1, 0, 96, 0, 0, 221, 0, 0, 40, 7, 9]
1542879110371;[171, 0, 17, 255, 161, 74, 237, 24, 180, 1, 0, 4, 0, 1, 36, 0, 0, 90, 7, 47]
1542879110375;[171, 0, 17, 255, 161, 74, 237, 24, 180, 0, 0, 1, 0, 1, 10, 1, 0, 14, 7, 99]
1542879111053;[171, 0, 17, 255, 161, 74, 237, 24, 181, 1, 0, 22, 0, 1, 15, 0, 0, 46, 7, 114]
1542879111058;[171, 0, 17, 255, 161, 74, 237, 24, 181, 1, 0, 49, 0, 0, 254, 0, 0, 32, 7, 97]
1542879111063;[171, 0, 17, 255, 161, 74, 237, 24, 181, 1, 0, 52, 0, 1, 3, 0, 0, 37, 7, 95]
1542879111067;[171, 0, 17, 255, 161, 74, 237, 24, 181, 1, 0, 38, 0, 1, 8, 0, 0, 50, 7, 100]
1542879111227;[171, 0, 17, 255, 161, 74, 237, 24, 181, 1, 0, 19, 0, 1, 17, 0, 0, 48, 7, 121]
1542879111230;[171, 0, 4, 255, 132, 128, 86]
1542879111256;[171, 0, 17, 255, 161, 74, 237, 24, 181, 1, 0, 21, 0, 1, 7, 0, 0, 21, 7, 132]
1542879111258;[171, 0, 17, 255, 161, 74, 237, 24, 181, 1, 0, 4, 0, 1, 22, 0, 0, 31, 7, 133]
1542879111397;[171, 0, 17, 255, 161, 74, 237, 24, 181, 1, 0, 3, 0, 1, 17, 0, 0, 51, 7, 116]
1542879111571;[171, 0, 17, 255, 161, 74, 237, 24, 181, 0, 0, 30, 0, 1, 17, 0, 0, 37, 7, 128]
1542879111574;[171, 0, 17, 255, 161, 74, 237, 24, 181, 0, 0, 29, 0, 1, 16, 0, 0, 1, 7, 135]
1542879111578;[171, 0, 17, 255, 161, 74, 237, 24, 182, 0, 0, 49, 0, 1, 6, 0, 0, 3, 7, 165]
1542879112434;[171, 0, 17, 255, 161, 74, 237, 24, 182, 0, 0, 32, 0, 1, 15, 1, 0, 7, 7, 205]
1542879112438;[171, 0, 17, 255, 161, 74, 237, 24, 182, 0, 0, 45, 0, 1, 12, 1, 0, 5, 7, 232]
1542879112442;[171, 0, 17, 255, 161, 74, 237, 24, 182, 0, 0, 37, 0, 1, 13, 1, 0, 2, 7, 251]
1542879112446;[171, 0, 17, 255, 161, 74, 237, 24, 182, 0, 0, 35, 0, 1, 13, 0, 0, 1, 8, 16]
1542879112606;[171, 0, 4, 255, 132, 128, 86]
1542879112632;[171, 0, 17, 255, 161, 74, 237, 24, 182, 0, 0, 35, 0, 1, 10, 0, 0, 5, 8, 31]
1542879112634;[171, 0, 17, 255, 161, 74, 237, 24, 182, 0, 0, 29, 0, 1, 9, 0, 0, 3, 8, 55]
1542879112636;[171, 0, 17, 255, 161, 74, 237, 24, 182, 1, 0, 22, 0, 1, 16, 0, 0, 8, 8, 87]
1542879113124;[171, 0, 17, 255, 161, 74, 237, 24, 182, 0, 0, 30, 0, 1, 15, 0, 0, 5, 8, 58]
1542879113128;[171, 0, 17, 255, 161, 74, 237, 24, 182, 0, 0, 17, 0, 1, 16, 0, 0, 4, 8, 55]
1542879113135;[171, 0, 17, 255, 161, 74, 237, 24, 183, 0, 0, 1, 0, 1, 16, 0, 0, 21, 8, 116]
1542879113137;[171, 0, 17, 255, 161, 74, 237, 24, 183, 0, 0, 2, 0, 1, 19, 0, 0, 22, 8, 166]
1542879113469;[171, 0, 17, 255, 161, 74, 237, 24, 183, 0, 0, 4, 0, 1, 18, 0, 0, 17, 8, 228]
1542879113473;[171, 0, 17, 255, 161, 74, 237, 24, 183, 0, 0, 1, 0, 1, 8, 0, 0, 14, 9, 18]
1542879113478;[171, 0, 17, 255, 161, 74, 237, 24, 183, 0, 0, 4, 0, 0, 242, 0, 0, 7, 9, 38]
1542879113482;[171, 0, 4, 255, 132, 128, 86]
1542879113641;[171, 0, 17, 255, 161, 74, 237, 24, 183, 0, 0, 53, 0, 1, 28, 1, 0, 5, 9, 44]
1542879113645;[171, 0, 17, 255, 161, 74, 237, 24, 183, 0, 0, 18, 0, 1, 8, 1, 0, 9, 9, 45]
1542879113650;[171, 0, 17, 255, 161, 74, 237, 24, 183, 0, 0, 29, 0, 1, 16, 0, 0, 8, 9, 78]
1542879113654;[171, 0, 17, 255, 161, 74, 237, 24, 183, 0, 0, 16, 0, 1, 12, 0, 0, 5, 9, 117]
1542879114331;[171, 0, 17, 255, 161, 74, 237, 24, 183, 0, 0, 22, 0, 1, 16, 0, 0, 9, 9, 168]
1542879114335;[171, 0, 17, 255, 161, 74, 237, 24, 184, 0, 0, 18, 0, 1, 14, 0, 0, 5, 9, 199]
1542879114339;[171, 0, 17, 255, 161, 74, 237, 24, 184, 0, 0, 19, 0, 1, 13, 0, 0, 7, 9, 229]
1542879114342;[171, 0, 17, 255, 161, 74, 237, 24, 184, 0, 0, 18, 0, 1, 14, 0, 0, 9, 9, 255]
1542879114502;[171, 0, 17, 255, 161, 74, 237, 24, 184, 0, 0, 18, 0, 1, 15, 0, 0, 7, 10, 26]
1542879115021;[171, 0, 17, 255, 161, 74, 237, 24, 184, 0, 0, 19, 0, 1, 14, 0, 0, 10, 10, 79]
1542879115026;[171, 0, 4, 255, 132, 128, 87]
1542879115052;[171, 0, 17, 255, 161, 74, 237, 24, 184, 0, 0, 18, 0, 1, 15, 0, 0, 10, 10, 132]
1542879115054;[171, 0, 17, 255, 161, 74, 237, 24, 184, 0, 0, 20, 0, 1, 16, 0, 0, 10, 10, 164]
1542879115194;[171, 0, 17, 255, 161, 74, 237, 24, 184, 0, 0, 22, 0, 1, 15, 0, 0, 10, 10, 200]
1542879115197;[171, 0, 17, 255, 161, 74, 237, 24, 184, 0, 0, 18, 0, 1, 15, 0, 0, 9, 10, 233]
1542879115202;[171, 0, 17, 255, 161, 74, 237, 24, 184, 0, 0, 20, 0, 1, 16, 0, 0, 11, 11, 13]
1542879115206;[171, 0, 17, 255, 161, 74, 237, 24, 185, 0, 0, 19, 0, 1, 15, 0, 0, 10, 11, 83]
1542879115366;[171, 0, 17, 255, 161, 74, 237, 24, 185, 0, 0, 21, 0, 1, 13, 0, 0, 11, 11, 138]
1542879115370;[171, 0, 17, 255, 161, 74, 237, 24, 185, 0, 0, 23, 0, 1, 12, 0, 0, 10, 11, 180]
1542879115375;[171, 0, 17, 255, 161, 74, 237, 24, 185, 0, 0, 18, 0, 1, 18, 0, 0, 21, 11, 220]
1542879115378;[171, 0, 17, 255, 161, 74, 237, 24, 185, 0, 0, 20, 0, 1, 18, 0, 0, 6, 12, 12]
1542879115536;[171, 0, 4, 255, 132, 128, 89]
1542879115709;[171, 0, 17, 255, 161, 74, 237, 24, 185, 0, 0, 22, 0, 1, 17, 0, 0, 5, 12, 80]
1542879115713;[171, 0, 17, 255, 161, 74, 237, 24, 185, 0, 0, 25, 0, 1, 10, 0, 0, 1, 12, 179]
1542879116055;[171, 0, 17, 255, 161, 74, 237, 24, 185, 1, 0, 1, 0, 1, 24, 1, 0, 3, 13, 13]
1542879116059;[171, 0, 17, 255, 161, 74, 237, 24, 185, 1, 0, 39, 0, 1, 7, 0, 0, 25, 13, 77]
1542879116063;[171, 0, 17, 255, 161, 74, 237, 24, 185, 1, 0, 12, 0, 1, 6, 1, 0, 23, 13, 132]
1542879116227;[171, 0, 17, 255, 161, 74, 237, 24, 186, 1, 0, 25, 0, 1, 2, 0, 0, 24, 13, 173]
1542879116230;[171, 0, 17, 255, 161, 74, 237, 24, 186, 1, 0, 34, 0, 1, 18, 0, 0, 41, 13, 204]
1542879116399;[171, 0, 17, 255, 161, 74, 237, 24, 186, 1, 0, 9, 0, 1, 16, 0, 0, 41, 13, 215]
1542879116403;[171, 0, 17, 255, 161, 74, 237, 24, 186, 1, 0, 17, 0, 1, 17, 0, 0, 16, 13, 165]
1542879116571;[171, 0, 17, 255, 161, 74, 237, 24, 186, 1, 0, 11, 0, 1, 12, 0, 0, 19, 13, 136]
1542879116575;[171, 0, 4, 255, 132, 128, 90]
1542879116917;[171, 0, 17, 255, 161, 74, 237, 24, 186, 1, 0, 7, 0, 1, 11, 0, 0, 30, 13, 156]
1542879116922;[171, 0, 17, 255, 161, 74, 237, 24, 186, 0, 0, 9, 0, 1, 13, 0, 0, 30, 13, 192]
1542879116925;[171, 0, 17, 255, 161, 74, 237, 24, 186, 0, 0, 5, 0, 1, 11, 0, 0, 41, 14, 7]
1542879117436;[171, 0, 17, 255, 161, 74, 237, 24, 186, 1, 0, 12, 0, 1, 15, 0, 0, 42, 14, 112]
1542879117441;[171, 0, 17, 255, 161, 74, 237, 24, 186, 0, 0, 10, 0, 1, 13, 0, 0, 42, 14, 178]
1542879117447;[171, 0, 17, 255, 161, 74, 237, 24, 187, 1, 0, 7, 0, 1, 11, 0, 0, 48, 14, 173]
1542879117451;[171, 0, 17, 255, 161, 74, 237, 24, 187, 1, 0, 13, 0, 1, 12, 0, 0, 44, 14, 135]
1542879117604;[171, 0, 17, 255, 161, 74, 237, 24, 187, 1, 0, 7, 0, 1, 13, 0, 0, 41, 14, 91]
1542879117607;[171, 0, 17, 255, 161, 74, 237, 24, 187, 0, 0, 22, 0, 1, 5, 0, 0, 39, 14, 29]
1542879117610;[171, 0, 17, 255, 161, 74, 237, 24, 187, 0, 0, 18, 0, 1, 7, 0, 0, 10, 13, 240]
1542879117780;[171, 0, 4, 255, 132, 128, 90]
1542879117806;[171, 0, 17, 255, 161, 74, 237, 24, 187, 0, 0, 6, 0, 1, 13, 0, 0, 38, 13, 203]
1542879117971;[171, 0, 17, 255, 161, 74, 237, 24, 187, 0, 0, 17, 0, 1, 23, 1, 0, 5, 13, 235]
1542879118298;[171, 0, 17, 255, 161, 74, 237, 24, 187, 0, 0, 62, 0, 1, 67, 0, 0, 26, 14, 106]
1542879118302;[171, 0, 17, 255, 161, 74, 237, 24, 187, 1, 0, 82, 0, 1, 19, 0, 0, 21, 14, 132]
1542879118306;[171, 0, 17, 255, 161, 74, 237, 24, 187, 0, 0, 35, 0, 0, 218, 1, 0, 11, 14, 63]
1542879118311;[171, 0, 17, 255, 161, 74, 237, 24, 192, 1, 0, 14, 0, 0, 251, 1, 0, 57, 14, 34]
1542879118642;[171, 0, 17, 255, 161, 74, 237, 24, 192, 1, 0, 8, 0, 1, 17, 1, 0, 90, 14, 7]
1542879118647;[171, 0, 17, 255, 161, 74, 237, 24, 192, 1, 0, 255, 0, 1, 106, 1, 0, 1, 13, 249]
1542879118651;[171, 0, 17, 255, 161, 74, 237, 24, 192, 1, 0, 255, 0, 2, 161, 1, 0, 5, 14, 60]
1542879118814;[171, 0, 17, 255, 161, 74, 237, 24, 192, 1, 0, 51, 0, 1, 16, 1, 0, 120, 14, 86]
1542879118817;[171, 0, 4, 255, 132, 128, 92]
1542879118986;[171, 0, 17, 255, 161, 74, 237, 24, 192, 0, 0, 2, 0, 1, 13, 1, 0, 61, 14, 157]
1542879118991;[171, 0, 17, 255, 161, 74, 237, 24, 192, 1, 0, 62, 0, 0, 239, 1, 0, 77, 14, 205]
1542879119159;[171, 0, 17, 255, 161, 74, 237, 24, 192, 0, 0, 0, 0, 1, 53, 1, 0, 63, 14, 204]
1542879119163;[171, 0, 17, 255, 161, 74, 237, 24, 192, 1, 0, 92, 0, 1, 157, 0, 0, 71, 15, 11]
1542879119505;[171, 0, 17, 255, 161, 74, 237, 24, 192, 0, 0, 245, 0, 0, 135, 1, 0, 179, 14, 99]
1542879120022;[171, 0, 17, 255, 161, 74, 237, 24, 193, 1, 0, 24, 0, 1, 26, 0, 0, 150, 14, 23]
1542879120884;[171, 0, 17, 255, 161, 74, 237, 24, 193, 1, 1, 79, 0, 2, 34, 1, 0, 10, 13, 120]
1542879121229;[171, 0, 17, 255, 161, 74, 237, 24, 193, 1, 1, 46, 0, 2, 134, 1, 0, 123, 11, 146]
1542879121575;[171, 0, 17, 255, 161, 74, 237, 24, 193, 0, 0, 0, 0, 1, 44, 1, 0, 147, 10, 232]
1542879121749;[171, 0, 17, 255, 161, 74, 237, 24, 193, 1, 0, 1, 0, 1, 11, 1, 0, 27, 10, 237]
1542879121753;[171, 0, 4, 255, 132, 128, 92]
1542879121780;[171, 0, 17, 255, 161, 74, 237, 24, 193, 1, 0, 32, 0, 1, 9, 1, 0, 21, 11, 72]
1542879121782;[171, 0, 17, 255, 161, 74, 237, 24, 193, 0, 0, 110, 0, 1, 101, 1, 0, 4, 11, 245]
1542879121921;[171, 0, 17, 255, 161, 74, 237, 24, 193, 1, 0, 28, 0, 0, 232, 1, 0, 78, 11, 35]
1542879121925;[171, 0, 17, 255, 161, 74, 237, 24, 196, 1, 0, 96, 0, 0, 162, 1, 0, 88, 7, 105]
1542879121930;[171, 0, 17, 255, 161, 74, 237, 24, 196, 0, 0, 8, 0, 1, 89, 1, 0, 2, 7, 213]
1542879121934;[171, 0, 17, 255, 161, 74, 237, 24, 196, 0, 0, 30, 0, 0, 194, 0, 0, 14, 7, 242]
1542879122611;[171, 0, 17, 255, 161, 74, 237, 24, 196, 1, 0, 18, 0, 1, 21, 1, 0, 28, 8, 13]
1542879122616;[171, 0, 17, 255, 161, 74, 237, 24, 196, 0, 0, 151, 0, 1, 106, 0, 0, 37, 8, 65]
1542879122619;[171, 0, 4, 255, 132, 128, 91]
1542879122645;[171, 0, 17, 255, 161, 74, 237, 24, 196, 1, 0, 248, 0, 0, 94, 0, 0, 27, 7, 120]
1542879122784;[171, 0, 17, 255, 161, 74, 237, 24, 196, 1, 0, 12, 0, 0, 188, 1, 0, 41, 7, 169]
1542879122788;[171, 0, 17, 255, 161, 74, 237, 24, 196, 0, 0, 27, 0, 1, 82, 1, 0, 97, 7, 96]
1542879122793;[171, 0, 17, 255, 161, 74, 237, 24, 196, 1, 1, 12, 0, 1, 75, 1, 0, 153, 7, 55]
1542879122797;[171, 0, 17, 255, 161, 74, 237, 24, 196, 1, 0, 57, 0, 3, 62, 0, 1, 94, 6, 206]
1542879122957;[171, 0, 17, 255, 161, 74, 237, 24, 197, 1, 0, 74, 0, 1, 36, 1, 0, 69, 6, 225]
1542879122979;[171, 0, 17, 255, 161, 74, 237, 24, 197, 1, 0, 17, 0, 1, 19, 1, 0, 55, 7, 16]
1542879122980;[171, 0, 17, 255, 161, 74, 237, 24, 197, 1, 0, 56, 0, 1, 102, 1, 0, 29, 7, 106]
1542879123127;[171, 0, 17, 255, 161, 74, 237, 24, 197, 0, 0, 38, 0, 1, 93, 1, 0, 11, 7, 154]
1542879123131;[171, 0, 17, 255, 161, 74, 237, 24, 197, 1, 0, 58, 0, 1, 111, 1, 0, 72, 6, 234]
1542879123299;[171, 0, 4, 255, 132, 128, 91]
1542879123326;[171, 0, 17, 255, 161, 74, 237, 24, 197, 1, 0, 1, 0, 0, 152, 1, 0, 38, 6, 130]
1542879123817;[171, 0, 17, 255, 161, 74, 237, 24, 197, 1, 0, 76, 0, 0, 242, 1, 0, 22, 6, 214]
1542879123821;[171, 0, 17, 255, 161, 74, 237, 24, 197, 1, 0, 73, 0, 1, 95, 1, 0, 143, 6, 233]
1542879123991;[171, 0, 17, 255, 161, 74, 237, 24, 197, 1, 0, 152, 0, 1, 36, 1, 0, 138, 6, 164]
1542879123995;[171, 0, 17, 255, 161, 74, 237, 24, 197, 0, 0, 88, 0, 1, 51, 0, 1, 147, 6, 192]
1542879123999;[171, 0, 17, 255, 161, 74, 237, 24, 198, 1, 0, 11, 0, 1, 53, 1, 0, 22, 6, 190]
1542879124003;[171, 0, 17, 255, 161, 74, 237, 24, 198, 0, 0, 17, 0, 1, 17, 1, 0, 13, 6, 154]
1542879124506;[171, 0, 17, 255, 161, 74, 237, 24, 198, 0, 0, 97, 0, 1, 74, 1, 0, 3, 6, 162]
1542879124510;[171, 0, 17, 255, 161, 74, 237, 24, 198, 0, 0, 5, 0, 1, 37, 0, 0, 2, 6, 195]
1542879124514;[171, 0, 17, 255, 161, 74, 237, 24, 198, 0, 0, 61, 0, 1, 101, 0, 0, 31, 6, 218]
1542879124518;[171, 0, 4, 255, 132, 128, 91]
1542879124679;[171, 0, 17, 255, 161, 74, 237, 24, 198, 0, 0, 19, 0, 1, 122, 1, 0, 30, 6, 139]
1542879124683;[171, 0, 17, 255, 161, 74, 237, 24, 198, 1, 0, 143, 0, 0, 217, 1, 0, 49, 6, 5]
1542879124686;[171, 0, 17, 255, 161, 74, 237, 24, 198, 1, 0, 22, 0, 0, 149, 1, 0, 87, 5, 204]
1542879124689;[171, 0, 17, 255, 161, 74, 237, 24, 198, 1, 0, 50, 0, 0, 200, 1, 0, 69, 5, 179]
1542879125025;[171, 0, 17, 255, 161, 74, 237, 24, 198, 0, 0, 33, 0, 1, 8, 1, 0, 113, 5, 119]
1542879125029;[171, 0, 17, 255, 161, 74, 237, 24, 199, 1, 0, 153, 0, 2, 92, 0, 0, 130, 5, 158]
1542879125033;[171, 0, 17, 255, 161, 74, 237, 24, 199, 1, 0, 72, 0, 0, 209, 1, 0, 75, 4, 189]
1542879125198;[171, 0, 17, 255, 161, 74, 237, 24, 199, 0, 0, 31, 0, 1, 25, 0, 0, 13, 5, 2]
1542879125202;[171, 0, 17, 255, 161, 74, 237, 24, 199, 0, 0, 63, 0, 1, 5, 1, 0, 46, 5, 21]
1542879125369;[171, 0, 17, 255, 161, 74, 237, 24, 199, 0, 0, 37, 0, 1, 12, 1, 0, 34, 5, 70]
1542879125373;[171, 0, 4, 255, 132, 128, 93]
1542879125542;[171, 0, 17, 255, 161, 74, 237, 24, 199, 0, 0, 17, 0, 1, 13, 1, 0, 37, 5, 117]
1542879125714;[171, 0, 17, 255, 161, 74, 237, 24, 199, 1, 0, 3, 0, 1, 13, 1, 0, 31, 5, 163]
1542879125718;[171, 0, 17, 255, 161, 74, 237, 24, 199, 1, 0, 16, 0, 1, 40, 1, 0, 21, 5, 232]
1542879126406;[171, 0, 17, 255, 161, 74, 237, 24, 199, 1, 0, 42, 0, 1, 30, 1, 0, 8, 6, 33]
1542879126410;[171, 0, 17, 255, 161, 74, 237, 24, 199, 1, 0, 6, 0, 1, 34, 1, 0, 9, 5, 224]
1542879126414;[171, 0, 17, 255, 161, 74, 237, 24, 200, 1, 0, 89, 0, 1, 65, 1, 0, 21, 5, 57]
1542879126418;[171, 0, 17, 255, 161, 74, 237, 24, 200, 1, 0, 43, 0, 0, 173, 1, 0, 78, 4, 234]
1542879126578;[171, 0, 17, 255, 161, 74, 237, 24, 200, 0, 0, 15, 0, 0, 139, 0, 0, 16, 4, 255]
1542879126582;[171, 0, 17, 255, 161, 74, 237, 24, 200, 1, 0, 56, 0, 1, 56, 1, 0, 146, 4, 228]
1542879126586;[171, 0, 17, 255, 161, 74, 237, 24, 200, 1, 1, 54, 0, 1, 158, 1, 0, 61, 4, 238]
1542879126590;[171, 0, 4, 255, 132, 128, 94]
1542879126747;[171, 0, 17, 255, 161, 74, 237, 24, 200, 0, 0, 25, 0, 0, 241, 1, 0, 25, 4, 248]
1542879126750;[171, 0, 17, 255, 161, 74, 237, 24, 200, 0, 0, 1, 0, 1, 21, 0, 0, 2, 4, 236]
1542879126922;[171, 0, 17, 255, 161, 74, 237, 24, 200, 0, 0, 36, 0, 1, 25, 1, 0, 11, 5, 51]
1542879126925;[171, 0, 17, 255, 161, 74, 237, 24, 200, 0, 0, 26, 0, 1, 30, 0, 0, 117, 5, 46]
1542879127093;[171, 0, 17, 255, 161, 74, 237, 24, 200, 0, 0, 17, 0, 1, 56, 1, 0, 2, 5, 18]
1542879127097;[171, 0, 17, 255, 161, 74, 237, 24, 201, 1, 0, 23, 0, 1, 89, 0, 0, 2, 4, 150]
1542879127268;[171, 0, 17, 255, 161, 74, 237, 24, 201, 0, 0, 64, 0, 0, 204, 1, 0, 68, 4, 48]
1542879127272;[171, 0, 17, 255, 161, 74, 237, 24, 201, 1, 0, 72, 0, 0, 172, 1, 0, 28, 4, 21]
1542879127613;[171, 0, 17, 255, 161, 74, 237, 24, 201, 1, 2, 192, 0, 1, 171, 1, 0, 172, 3, 249]
1542879127617;[171, 0, 17, 255, 161, 74, 237, 24, 201, 1, 0, 54, 0, 1, 168, 0, 1, 102, 4, 170]
1542879127621;[171, 0, 4, 255, 132, 128, 96]
1542879127957;[171, 0, 17, 255, 161, 74, 237, 24, 201, 1, 0, 37, 0, 1, 4, 1, 0, 25, 4, 133]
1542879127963;[171, 0, 17, 255, 161, 74, 237, 24, 201, 1, 0, 36, 0, 0, 240, 1, 0, 16, 4, 111]
1542879127985;[171, 0, 17, 255, 161, 74, 237, 24, 201, 0, 0, 2, 0, 1, 21, 1, 0, 19, 4, 113]
1542879127986;[171, 0, 17, 255, 161, 74, 237, 24, 201, 1, 0, 143, 0, 1, 15, 1, 0, 5, 4, 156]
1542879128129;[171, 0, 17, 255, 161, 74, 237, 24, 201, 1, 0, 1, 0, 1, 24, 1, 0, 46, 4, 175]
1542879128301;[171, 0, 17, 255, 161, 74, 237, 24, 202, 0, 0, 35, 0, 2, 42, 0, 0, 15, 4, 54]
1542879128305;[171, 0, 17, 255, 161, 74, 237, 24, 202, 1, 0, 187, 0, 0, 165, 1, 0, 159, 3, 200]
1542879128994;[171, 0, 17, 255, 161, 74, 237, 24, 202, 0, 0, 124, 0, 0, 40, 1, 0, 116, 4, 3]
1542879128997;[171, 0, 17, 255, 161, 74, 237, 24, 202, 1, 0, 95, 0, 0, 201, 1, 0, 67, 4, 74]
1542879129001;[171, 0, 17, 255, 161, 74, 237, 24, 202, 0, 1, 15, 0, 0, 123, 1, 1, 39, 4, 61]
1542879129005;[171, 0, 4, 255, 132, 128, 97]
1542879129339;[171, 0, 17, 255, 161, 74, 237, 24, 202, 0, 0, 1, 0, 1, 2, 0, 0, 28, 4, 120]
1542879129343;[171, 0, 17, 255, 161, 74, 237, 24, 202, 1, 0, 41, 0, 1, 15, 1, 0, 23, 4, 215]
1542879129347;[171, 0, 17, 255, 161, 74, 237, 24, 202, 1, 0, 51, 0, 1, 4, 1, 0, 2, 5, 20]
1542879129351;[171, 0, 17, 255, 161, 74, 237, 24, 202, 1, 0, 39, 0, 1, 17, 1, 0, 9, 5, 101]
1542879130201;[171, 0, 17, 255, 161, 74, 237, 24, 202, 1, 0, 28, 0, 1, 13, 0, 0, 4, 5, 139]
1542879130205;[171, 0, 17, 255, 161, 74, 237, 24, 203, 1, 0, 35, 0, 1, 12, 1, 0, 12, 5, 160]
1542879130210;[171, 0, 17, 255, 161, 74, 237, 24, 203, 1, 0, 18, 0, 1, 14, 1, 0, 16, 5, 185]
1542879130214;[171, 0, 17, 255, 161, 74, 237, 24, 203, 1, 0, 17, 0, 1, 11, 1, 0, 9, 5, 186]
1542879130374;[171, 0, 17, 255, 161, 74, 237, 24, 203, 1, 0, 44, 0, 1, 9, 1, 0, 5, 5, 174]
1542879130377;[171, 0, 17, 255, 161, 74, 237, 24, 203, 1, 0, 72, 0, 0, 251, 0, 0, 14, 5, 206]
1542879130381;[171, 0, 4, 255, 132, 128, 97]
1542879130408;[171, 0, 17, 255, 161, 74, 237, 24, 203, 1, 0, 20, 0, 1, 24, 1, 0, 11, 5, 254]
1542879130891;[171, 0, 17, 255, 161, 74, 237, 24, 203, 1, 0, 56, 0, 1, 2, 1, 0, 14, 6, 15]
1542879130895;[171, 0, 17, 255, 161, 74, 237, 24, 203, 1, 0, 41, 0, 1, 15, 1, 0, 9, 6, 38]
1542879130899;[171, 0, 17, 255, 161, 74, 237, 24, 203, 1, 0, 42, 0, 1, 11, 1, 0, 13, 6, 61]
1542879130903;[171, 0, 17, 255, 161, 74, 237, 24, 203, 1, 0, 22, 0, 1, 12, 1, 0, 4, 6, 94]
1542879131065;[171, 0, 17, 255, 161, 74, 237, 24, 204, 1, 0, 36, 0, 1, 9, 0, 0, 3, 6, 157]
1542879131069;[171, 0, 17, 255, 161, 74, 237, 24, 204, 1, 0, 19, 0, 1, 14, 0, 0, 8, 6, 245]
1542879131072;[171, 0, 17, 255, 161, 74, 237, 24, 204, 1, 0, 19, 0, 1, 15, 1, 0, 12, 7, 21]
1542879131076;[171, 0, 17, 255, 161, 74, 237, 24, 204, 1, 0, 31, 0, 1, 0, 1, 0, 9, 7, 9]
1542879131410;[171, 0, 17, 255, 161, 74, 237, 24, 204, 1, 0, 10, 0, 1, 19, 0, 0, 3, 7, 30]
1542879131414;[171, 0, 4, 255, 132, 128, 100]
1542879131441;[171, 0, 17, 255, 161, 74, 237, 24, 204, 0, 0, 49, 0, 1, 49, 0, 0, 44, 7, 84]
1542879131443;[171, 0, 17, 255, 161, 74, 237, 24, 204, 1, 0, 1, 0, 1, 17, 0, 0, 15, 7, 146]
1542879131751;[171, 0, 17, 255, 161, 74, 237, 24, 204, 0, 0, 9, 0, 1, 20, 0, 0, 4, 7, 187]
1542879131924;[171, 0, 17, 255, 161, 74, 237, 24, 204, 1, 0, 6, 0, 1, 20, 0, 0, 10, 7, 212]
1542879132099;[171, 0, 17, 255, 161, 74, 237, 24, 204, 0, 0, 2, 0, 1, 12, 0, 0, 11, 7, 239]
1542879132103;[171, 0, 17, 255, 161, 74, 237, 24, 205, 0, 0, 4, 0, 1, 14, 0, 0, 4, 7, 253]
1542879132107;[171, 0, 17, 255, 161, 74, 237, 24, 205, 0, 0, 20, 0, 1, 12, 1, 0, 3, 7, 254]
1542879132111;[171, 0, 17, 255, 161, 74, 237, 24, 205, 0, 0, 33, 0, 1, 12, 1, 0, 10, 8, 27]
1542879132270;[171, 0, 17, 255, 161, 74, 237, 24, 205, 0, 0, 44, 0, 1, 11, 1, 0, 17, 8, 37]
1542879132274;[171, 0, 17, 255, 161, 74, 237, 24, 205, 0, 0, 77, 0, 0, 252, 1, 0, 22, 8, 7]
1542879132281;[171, 0, 4, 255, 132, 128, 101]
1542879132439;[171, 0, 17, 255, 161, 74, 237, 24, 205, 0, 0, 65, 0, 1, 5, 1, 0, 19, 7, 245]
1542879132959;[171, 0, 17, 255, 161, 74, 237, 24, 205, 0, 0, 65, 0, 1, 7, 1, 0, 9, 7, 222]
1542879133133;[171, 0, 17, 255, 161, 74, 237, 24, 205, 0, 0, 70, 0, 1, 6, 1, 0, 9, 7, 214]
1542879133137;[171, 0, 17, 255, 161, 74, 237, 24, 205, 0, 0, 63, 0, 1, 8, 1, 0, 7, 7, 218]
1542879133141;[171, 0, 17, 255, 161, 74, 237, 24, 205, 0, 0, 59, 0, 1, 10, 1, 0, 10, 7, 227]
1542879133146;[171, 0, 17, 255, 161, 74, 237, 24, 206, 0, 0, 62, 0, 1, 8, 1, 0, 7, 7, 241]
1542879133306;[171, 0, 17, 255, 161, 74, 237, 24, 206, 0, 0, 64, 0, 1, 12, 1, 0, 15, 8, 0]
1542879133310;[171, 0, 17, 255, 161, 74, 237, 24, 206, 0, 0, 70, 0, 1, 25, 1, 0, 7, 8, 6]
1542879133314;[171, 0, 17, 255, 161, 74, 237, 24, 206, 1, 0, 40, 0, 0, 235, 0, 0, 6, 8, 33]
1542879133318;[171, 0, 17, 255, 161, 74, 237, 24, 206, 0, 0, 64, 0, 1, 15, 0, 0, 6, 8, 70]
1542879133650;[171, 0, 4, 255, 132, 128, 103]
1542879133676;[171, 0, 17, 255, 161, 74, 237, 24, 206, 0, 0, 20, 0, 1, 3, 1, 0, 5, 8, 73]
1542879133678;[171, 0, 17, 255, 161, 74, 237, 24, 206, 0, 0, 23, 0, 1, 17, 1, 0, 12, 8, 66]
1542879134169;[171, 0, 17, 255, 161, 74, 237, 24, 206, 0, 0, 24, 0, 1, 16, 1, 0, 33, 8, 94]
1542879134172;[171, 0, 17, 255, 161, 74, 237, 24, 206, 0, 0, 83, 0, 0, 255, 1, 0, 6, 8, 103]
1542879134177;[171, 0, 17, 255, 161, 74, 237, 24, 206, 0, 0, 35, 0, 1, 15, 1, 0, 1, 8, 91]
1542879134180;[171, 0, 17, 255, 161, 74, 237, 24, 207, 0, 0, 39, 0, 1, 3, 0, 0, 16, 8, 91]
1542879134340;[171, 0, 17, 255, 161, 74, 237, 24, 207, 0, 0, 29, 0, 1, 26, 0, 0, 21, 8, 100]
1542879134344;[171, 0, 17, 255, 161, 74, 237, 24, 207, 0, 0, 39, 0, 1, 7, 0, 0, 17, 8, 103]
1542879134348;[171, 0, 17, 255, 161, 74, 237, 24, 207, 0, 0, 59, 0, 1, 0, 0, 0, 1, 8, 85]
1542879134684;[171, 0, 17, 255, 161, 74, 237, 24, 209, 0, 0, 104, 0, 0, 216, 1, 0, 35, 8, 255]
1542879134687;[171, 0, 17, 255, 161, 74, 237, 24, 209, 0, 0, 109, 0, 1, 9, 1, 0, 55, 9, 21]
1542879135376;[171, 0, 17, 255, 161, 74, 237, 24, 209, 0, 0, 16, 0, 0, 202, 1, 0, 27, 9, 3]
1542879135380;[171, 0, 17, 255, 161, 74, 237, 24, 209, 0, 0, 109, 0, 1, 4, 1, 0, 26, 9, 46]
1542879135384;[171, 0, 17, 255, 161, 74, 237, 24, 209, 0, 0, 120, 0, 1, 21, 1, 0, 20, 9, 36]
1542879135388;[171, 0, 17, 255, 161, 74, 237, 24, 210, 0, 0, 131, 0, 0, 251, 1, 0, 24, 9, 87]
1542879135549;[171, 0, 17, 255, 161, 74, 237, 24, 210, 0, 1, 35, 0, 0, 254, 1, 0, 57, 9, 113]
1542879135553;[171, 0, 17, 255, 161, 74, 237, 24, 210, 0, 0, 38, 0, 0, 231, 0, 0, 109, 9, 135]
1542879135557;[171, 0, 17, 255, 161, 74, 237, 24, 210, 0, 0, 19, 0, 0, 240, 0, 0, 3, 9, 144]
1542879135561;[171, 0, 17, 255, 161, 74, 237, 24, 210, 0, 0, 111, 0, 1, 19, 0, 0, 60, 9, 181]
1542879135719;[171, 0, 4, 255, 132, 128, 104]
1542879135745;[171, 0, 17, 255, 161, 74, 237, 24, 210, 0, 0, 32, 0, 1, 8, 0, 0, 55, 9, 158]
1542879136755;[171, 0, 17, 255, 161, 74, 237, 24, 210, 0, 0, 5, 0, 1, 5, 0, 0, 66, 9, 166]
1542879136759;[171, 0, 17, 255, 161, 74, 237, 24, 210, 1, 0, 23, 0, 1, 7, 0, 0, 32, 9, 198]
1542879136763;[171, 0, 17, 255, 161, 74, 237, 24, 210, 1, 0, 44, 0, 1, 1, 0, 0, 4, 9, 211]
1542879136767;[171, 0, 17, 255, 161, 74, 237, 24, 210, 1, 0, 13, 0, 1, 14, 0, 0, 2, 9, 245]
1542879137789;[171, 0, 17, 255, 161, 74, 237, 24, 211, 1, 0, 27, 0, 1, 13, 0, 0, 6, 10, 19]
1542879137793;[171, 0, 17, 255, 161, 74, 237, 24, 211, 1, 0, 13, 0, 1, 19, 0, 0, 12, 10, 42]
1542879137963;[171, 0, 17, 255, 161, 74, 237, 24, 211, 1, 0, 14, 0, 1, 15, 0, 0, 3, 10, 73]
1542879137967;[171, 0, 17, 255, 161, 74, 237, 24, 211, 1, 0, 3, 0, 1, 17, 0, 0, 3, 10, 95]
1542879137970;[171, 0, 17, 255, 161, 74, 237, 24, 211, 0, 0, 2, 0, 1, 16, 0, 0, 4, 10, 106]
1542879138482;[171, 0, 4, 255, 132, 128, 104]
1542879138508;[171, 0, 17, 255, 161, 74, 237, 24, 211, 0, 0, 13, 0, 1, 17, 0, 0, 4, 10, 92]
1542879138510;[171, 0, 17, 255, 161, 74, 237, 24, 211, 0, 0, 19, 0, 1, 15, 0, 0, 20, 10, 55]
1542879138511;[171, 0, 17, 255, 161, 74, 237, 24, 211, 0, 0, 27, 0, 1, 11, 0, 0, 11, 10, 44]
1542879138826;[171, 0, 17, 255, 161, 74, 237, 24, 211, 0, 0, 46, 0, 1, 8, 0, 0, 13, 10, 31]
1542879138830;[171, 0, 17, 255, 161, 74, 237, 24, 211, 0, 0, 35, 0, 1, 10, 0, 0, 0, 10, 3]
1542879138834;[171, 0, 17, 255, 161, 74, 237, 24, 212, 0, 0, 43, 0, 1, 13, 0, 0, 9, 9, 251]
1542879138838;[171, 0, 17, 255, 161, 74, 237, 24, 212, 0, 0, 53, 0, 1, 23, 0, 0, 8, 9, 235]
1542879139171;[171, 0, 17, 255, 161, 74, 237, 24, 212, 0, 0, 52, 0, 1, 10, 0, 0, 15, 9, 229]
1542879139175;[171, 0, 17, 255, 161, 74, 237, 24, 212, 0, 0, 53, 0, 1, 7, 0, 0, 21, 9, 205]
1542879139180;[171, 0, 17, 255, 161, 74, 237, 24, 212, 0, 0, 71, 0, 1, 5, 0, 0, 24, 9, 165]
1542879139184;[171, 0, 4, 255, 132, 128, 104]
1542879139515;[171, 0, 17, 255, 161, 74, 237, 24, 212, 0, 0, 70, 0, 1, 2, 0, 0, 19, 9, 120]
1542879139688;[171, 0, 17, 255, 161, 74, 237, 24, 212, 0, 0, 101, 0, 0, 254, 0, 0, 27, 9, 97]
1542879139691;[171, 0, 17, 255, 161, 74, 237, 24, 212, 0, 0, 101, 0, 0, 249, 0, 0, 19, 9, 69]
1542879139696;[171, 0, 17, 255, 161, 74, 237, 24, 212, 0, 0, 106, 0, 1, 0, 0, 0, 20, 9, 61]
1542879139700;[171, 0, 17, 255, 161, 74, 237, 24, 212, 0, 0, 84, 0, 0, 255, 0, 0, 18, 9, 71]
1542879140378;[171, 0, 17, 255, 161, 74, 237, 24, 213, 0, 0, 68, 0, 1, 4, 0, 0, 18, 9, 83]
1542879140382;[171, 0, 17, 255, 161, 74, 237, 24, 213, 0, 0, 89, 0, 1, 5, 0, 0, 31, 9, 88]
1542879140386;[171, 0, 17, 255, 161, 74, 237, 24, 213, 0, 0, 47, 0, 1, 16, 0, 0, 21, 9, 110]
1542879140724;[171, 0, 17, 255, 161, 74, 237, 24, 213, 0, 0, 41, 0, 1, 6, 0, 0, 9, 9, 127]
1542879140727;[171, 0, 17, 255, 161, 74, 237, 24, 213, 0, 0, 34, 0, 1, 10, 0, 0, 9, 9, 137]
1542879140731;[171, 0, 4, 255, 132, 128, 103]
1542879140758;[171, 0, 17, 255, 161, 74, 237, 24, 213, 0, 0, 39, 0, 1, 3, 0, 0, 36, 9, 142]
1542879140897;[171, 0, 17, 255, 161, 74, 237, 24, 213, 0, 0, 31, 0, 1, 18, 0, 0, 8, 9, 148]
1542879140901;[171, 0, 17, 255, 161, 74, 237, 24, 213, 0, 0, 34, 0, 1, 73, 0, 0, 41, 9, 173]
1542879140905;[171, 0, 17, 255, 161, 74, 237, 24, 213, 0, 0, 46, 0, 1, 73, 1, 0, 3, 9, 214]
1542879140909;[171, 0, 17, 255, 161, 74, 237, 24, 213, 1, 0, 49, 0, 0, 195, 0, 0, 40, 9, 142]
1542879141068;[171, 0, 17, 255, 161, 74, 237, 24, 214, 1, 0, 10, 0, 1, 6, 1, 0, 123, 9, 19]
1542879141073;[171, 0, 17, 255, 161, 74, 237, 24, 214, 1, 0, 172, 0, 1, 36, 1, 0, 43, 9, 19]
1542879141076;[171, 0, 17, 255, 161, 74, 237, 24, 214, 0, 1, 196, 0, 1, 124, 0, 0, 91, 9, 47]
1542879141081;[171, 0, 17, 255, 161, 74, 237, 24, 214, 0, 0, 50, 0, 0, 184, 0, 0, 77, 8, 114]
1542879141238;[171, 0, 17, 255, 161, 74, 237, 24, 214, 0, 0, 8, 0, 1, 12, 0, 0, 6, 8, 234]
1542879141757;[171, 0, 4, 255, 132, 128, 106]
1542879141783;[171, 0, 17, 255, 161, 74, 237, 24, 214, 0, 0, 3, 0, 1, 10, 1, 0, 45, 9, 32]
1542879141785;[171, 0, 17, 255, 161, 74, 237, 24, 214, 1, 0, 24, 0, 1, 5, 1, 0, 84, 9, 70]
1542879141932;[171, 0, 17, 255, 161, 74, 237, 24, 214, 1, 0, 51, 0, 1, 2, 1, 0, 43, 9, 75]
1542879141936;[171, 0, 17, 255, 161, 74, 237, 24, 214, 1, 0, 50, 0, 1, 18, 1, 0, 44, 9, 73]
1542879141940;[171, 0, 17, 255, 161, 74, 237, 24, 214, 1, 0, 50, 0, 1, 75, 0, 0, 18, 9, 118]
1542879141944;[171, 0, 17, 255, 161, 74, 237, 24, 215, 0, 0, 26, 0, 1, 90, 1, 0, 86, 9, 38]
1542879142620;[171, 0, 17, 255, 161, 74, 237, 24, 215, 1, 0, 12, 0, 0, 123, 1, 0, 40, 8, 181]
1542879142625;[171, 0, 17, 255, 161, 74, 237, 24, 215, 0, 0, 16, 0, 0, 151, 1, 0, 55, 8, 147]
1542879142630;[171, 0, 17, 255, 161, 74, 237, 24, 215, 1, 0, 100, 0, 1, 138, 1, 0, 114, 8, 126]
1542879142633;[171, 0, 17, 255, 161, 74, 237, 24, 215, 1, 0, 188, 0, 1, 90, 1, 0, 179, 8, 7]
1542879145208;[171, 0, 4, 255, 132, 128, 108]
1542879145234;[171, 0, 17, 255, 161, 74, 237, 24, 215, 0, 0, 96, 0, 1, 181, 0, 0, 254, 8, 87]
1542879145898;[171, 0, 17, 255, 161, 74, 237, 24, 215, 0, 0, 63, 0, 1, 64, 1, 0, 139, 8, 118]
1542879145903;[171, 0, 17, 255, 161, 74, 237, 24, 215, 1, 0, 31, 0, 1, 23, 1, 0, 77, 8, 179]
1542879145907;[171, 0, 17, 255, 161, 74, 237, 24, 215, 1, 0, 6, 0, 1, 14, 1, 0, 45, 8, 249]
1542879145911;[171, 0, 17, 255, 161, 74, 237, 24, 215, 1, 0, 12, 0, 1, 30, 1, 0, 39, 9, 59]
1542879146243;[171, 0, 17, 255, 161, 74, 237, 24, 216, 1, 0, 50, 0, 1, 53, 1, 0, 30, 9, 66]
1542879146247;[171, 0, 17, 255, 161, 74, 237, 24, 218, 0, 0, 7, 0, 1, 42, 0, 0, 10, 8, 107]
1542879146251;[171, 0, 17, 255, 161, 74, 237, 24, 218, 0, 0, 23, 0, 1, 154, 0, 0, 53, 8, 175]
1542879146255;[171, 0, 17, 255, 161, 74, 237, 24, 220, 1, 0, 2, 0, 1, 14, 0, 0, 3, 6, 116]
1542879146760;[171, 0, 17, 255, 161, 74, 237, 24, 220, 0, 0, 16, 0, 1, 7, 1, 0, 6, 6, 177]
1542879146764;[171, 0, 17, 255, 161, 74, 237, 24, 220, 0, 0, 68, 0, 1, 168, 1, 0, 57, 6, 171]
1542879146768;[171, 0, 17, 255, 161, 74, 237, 24, 220, 1, 0, 73, 0, 0, 213, 1, 0, 26, 6, 112]
1542879147279;[171, 0, 17, 255, 161, 74, 237, 24, 221, 0, 0, 83, 0, 0, 143, 1, 0, 15, 6, 85]
1542879147283;[171, 0, 17, 255, 161, 74, 237, 24, 221, 1, 0, 102, 0, 1, 27, 0, 0, 73, 6, 92]
1542879147287;[171, 0, 17, 255, 161, 74, 237, 24, 221, 1, 0, 153, 0, 1, 87, 1, 0, 62, 5, 25]
1542879147292;[171, 0, 17, 255, 161, 74, 237, 24, 221, 0, 0, 24, 0, 1, 25, 1, 0, 70, 2, 214]
1542879147451;[171, 0, 17, 255, 161, 74, 237, 24, 221, 0, 0, 33, 0, 1, 22, 1, 0, 53, 2, 6]
1542879147455;[171, 0, 4, 255, 132, 128, 104]
1542879147481;[171, 0, 17, 255, 161, 74, 237, 24, 221, 1, 0, 39, 0, 0, 235, 1, 0, 64, 2, 6]
1542879147483;[171, 0, 17, 255, 161, 74, 237, 24, 221, 1, 0, 10, 0, 1, 6, 1, 0, 57, 1, 196]
1542879147622;[171, 0, 17, 255, 161, 74, 237, 24, 221, 1, 0, 20, 0, 1, 23, 1, 0, 50, 1, 241]
1542879147627;[171, 0, 17, 255, 161, 74, 237, 24, 221, 1, 0, 35, 0, 1, 49, 1, 0, 30, 2, 160]
1542879147630;[171, 0, 17, 255, 161, 74, 237, 24, 221, 1, 0, 27, 0, 1, 15, 1, 0, 51, 3, 37]
1542879147794;[171, 0, 17, 255, 161, 74, 237, 24, 222, 1, 0, 134, 0, 0, 234, 1, 0, 49, 3, 10]
1542879147798;[171, 0, 17, 255, 161, 74, 237, 24, 222, 0, 0, 83, 0, 0, 115, 1, 0, 11, 3, 8]
1542879148487;[171, 0, 17, 255, 161, 74, 237, 24, 222, 1, 1, 8, 0, 1, 59, 0, 0, 142, 3, 14]
1542879148491;[171, 0, 17, 255, 161, 74, 237, 24, 222, 0, 0, 8, 0, 1, 91, 0, 0, 124, 3, 88]
1542879148495;[171, 0, 17, 255, 161, 74, 237, 24, 222, 0, 0, 19, 0, 1, 11, 1, 0, 12, 3, 79]
1542879148499;[171, 0, 4, 255, 132, 128, 103]
1542879148659;[171, 0, 17, 255, 161, 74, 237, 24, 222, 0, 0, 13, 0, 1, 18, 0, 0, 49, 3, 60]
1542879148663;[171, 0, 17, 255, 161, 74, 237, 24, 222, 0, 0, 6, 0, 1, 2, 0, 0, 21, 3, 41]
1542879148668;[171, 0, 17, 255, 161, 74, 237, 24, 222, 0, 0, 22, 0, 1, 20, 0, 0, 20, 2, 236]
1542879148672;[171, 0, 17, 255, 161, 74, 237, 24, 222, 0, 0, 22, 0, 1, 11, 0, 0, 5, 2, 198]
1542879148830;[171, 0, 17, 255, 161, 74, 237, 24, 222, 0, 0, 49, 0, 1, 23, 0, 0, 13, 2, 208]
1542879148834;[171, 0, 17, 255, 161, 74, 237, 24, 223, 0, 0, 57, 0, 1, 6, 1, 0, 11, 2, 182]
1542879149020;[171, 0, 17, 255, 161, 74, 237, 24, 223, 0, 0, 38, 0, 1, 14, 0, 0, 19, 2, 153]
1542879149022;[171, 0, 17, 255, 161, 74, 237, 24, 223, 0, 0, 53, 0, 1, 12, 0, 0, 17, 2, 154]
1542879149348;[171, 0, 17, 255, 161, 74, 237, 24, 223, 0, 0, 31, 0, 1, 8, 0, 0, 41, 2, 209]
1542879149352;[171, 0, 17, 255, 161, 74, 237, 24, 223, 0, 0, 56, 0, 1, 7, 0, 0, 27, 2, 247]
1542879149356;[171, 0, 4, 255, 132, 128, 102]
1542879149520;[171, 0, 17, 255, 161, 74, 237, 24, 223, 0, 0, 57, 0, 1, 10, 0, 0, 13, 3, 1]
1542879149524;[171, 0, 17, 255, 161, 74, 237, 24, 223, 0, 0, 22, 0, 1, 9, 1, 0, 14, 3, 3]
1542879149697;[171, 0, 17, 255, 161, 74, 237, 24, 223, 1, 0, 17, 0, 1, 13, 0, 0, 2, 3, 25]
1542879149699;[171, 0, 17, 255, 161, 74, 237, 24, 223, 0, 0, 120, 0, 0, 249, 1, 0, 9, 3, 41]
1542879149862;[171, 0, 17, 255, 161, 74, 237, 24, 223, 0, 0, 34, 0, 1, 6, 0, 0, 18, 3, 11]
1542879149865;[171, 0, 17, 255, 161, 74, 237, 24, 224, 0, 0, 54, 0, 1, 12, 0, 0, 20, 3, 43]
1542879150036;[171, 0, 17, 255, 161, 74, 237, 24, 224, 0, 0, 46, 0, 1, 11, 0, 0, 12, 3, 85]
1542879150210;[171, 0, 17, 255, 161, 74, 237, 24, 224, 0, 0, 51, 0, 1, 13, 0, 0, 13, 3, 109]
1542879150214;[171, 0, 17, 255, 161, 74, 237, 24, 224, 0, 0, 51, 0, 1, 7, 1, 0, 5, 3, 128]
1542879150382;[171, 0, 17, 255, 161, 74, 237, 24, 224, 0, 0, 42, 0, 1, 9, 0, 0, 6, 3, 129]
1542879150385;[171, 0, 4, 255, 132, 128, 102]
1542879150728;[171, 0, 17, 255, 161, 74, 237, 24, 224, 0, 0, 46, 0, 1, 13, 0, 0, 15, 3, 161]
1542879150733;[171, 0, 17, 255, 161, 74, 237, 24, 224, 0, 0, 44, 0, 1, 11, 0, 0, 15, 3, 207]
1542879150737;[171, 0, 17, 255, 161, 74, 237, 24, 224, 0, 0, 63, 0, 1, 33, 0, 0, 33, 4, 31]
1542879150900;[171, 0, 17, 255, 161, 74, 237, 24, 224, 0, 0, 76, 0, 1, 39, 0, 0, 17, 4, 30]
1542879150904;[171, 0, 17, 255, 161, 74, 237, 24, 224, 1, 0, 55, 0, 1, 83, 0, 0, 77, 4, 32]
1542879151072;[171, 0, 17, 255, 161, 74, 237, 24, 225, 0, 0, 38, 0, 1, 114, 1, 0, 218, 4, 9]
1542879151076;[171, 0, 17, 255, 161, 74, 237, 24, 225, 1, 0, 9, 0, 0, 193, 1, 0, 41, 3, 244]
1542879151245;[171, 0, 17, 255, 161, 74, 237, 24, 225, 1, 0, 154, 0, 0, 59, 0, 0, 49, 3, 246]
1542879151416;[171, 0, 17, 255, 161, 74, 237, 24, 225, 1, 0, 199, 0, 0, 247, 0, 0, 56, 3, 33]
1542879151420;[171, 0, 17, 255, 161, 74, 237, 24, 225, 1, 0, 51, 0, 0, 253, 1, 0, 65, 0, 240]
1542879151589;[171, 0, 4, 255, 132, 128, 102]
1542879151615;[171, 0, 17, 255, 161, 74, 237, 24, 225, 1, 0, 29, 0, 1, 11, 1, 0, 29, 0, 244]
1542879151936;[171, 0, 17, 255, 161, 74, 237, 24, 225, 1, 0, 10, 0, 1, 50, 1, 0, 33, 1, 139]
1542879151940;[171, 0, 17, 255, 161, 74, 237, 24, 225, 1, 0, 10, 0, 1, 44, 1, 0, 58, 2, 41]
1542879151944;[171, 0, 17, 255, 161, 74, 237, 24, 225, 1, 0, 4, 0, 1, 43, 1, 0, 13, 2, 4]
1542879152106;[171, 0, 17, 255, 161, 74, 237, 24, 225, 1, 1, 138, 0, 0, 112, 1, 0, 11, 1, 169]
1542879152110;[171, 0, 17, 255, 161, 74, 237, 24, 226, 1, 0, 8, 0, 0, 231, 0, 0, 17, 1, 188]
1542879152280;[171, 0, 17, 255, 161, 74, 237, 24, 226, 0, 0, 4, 0, 1, 41, 1, 0, 58, 1, 176]
1542879152283;[171, 0, 17, 255, 161, 74, 237, 24, 226, 1, 0, 69, 0, 1, 67, 1, 0, 68, 1, 187]
1542879152452;[171, 0, 17, 255, 161, 74, 237, 24, 226, 0, 2, 14, 0, 2, 127, 0, 0, 104, 2, 15]
1542879152624;[171, 0, 17, 255, 161, 74, 237, 24, 226, 0, 0, 9, 0, 1, 52, 0, 0, 10, 1, 203]
1542879152628;[171, 0, 4, 255, 132, 128, 102]
1542879152797;[171, 0, 17, 255, 161, 74, 237, 24, 226, 0, 0, 41, 0, 1, 13, 1, 0, 46, 1, 222]
1542879152801;[171, 0, 17, 255, 161, 74, 237, 24, 226, 1, 0, 1, 0, 1, 16, 1, 0, 15, 1, 251]
1542879153317;[171, 0, 17, 255, 161, 74, 237, 24, 226, 0, 0, 19, 0, 1, 26, 1, 0, 15, 2, 51]
1542879153321;[171, 0, 17, 255, 161, 74, 237, 24, 226, 0, 0, 2, 0, 1, 39, 1, 0, 5, 2, 143]
1542879153325;[171, 0, 17, 255, 161, 74, 237, 24, 226, 0, 0, 39, 0, 1, 69, 1, 0, 11, 2, 137]
1542879153329;[171, 0, 17, 255, 161, 74, 237, 24, 227, 1, 0, 35, 0, 0, 245, 1, 0, 49, 2, 19]
1542879153487;[171, 0, 17, 255, 161, 74, 237, 24, 227, 1, 0, 32, 0, 0, 170, 0, 0, 12, 2, 18]
1542879153491;[171, 0, 17, 255, 161, 74, 237, 24, 227, 1, 0, 5, 0, 1, 6, 1, 0, 17, 2, 11]
1542879153496;[171, 0, 17, 255, 161, 74, 237, 24, 227, 1, 0, 14, 0, 1, 77, 1, 0, 76, 2, 13]
1542879153659;[171, 0, 17, 255, 161, 74, 237, 24, 227, 1, 0, 48, 0, 1, 9, 0, 0, 28, 2, 16]
1542879153663;[171, 0, 4, 255, 132, 128, 102]
1542879153831;[171, 0, 17, 255, 161, 74, 237, 24, 227, 0, 0, 49, 0, 1, 4, 1, 0, 3, 2, 37]
1542879154025;[171, 0, 17, 255, 161, 74, 237, 24, 227, 0, 0, 107, 0, 0, 187, 0, 0, 157, 1, 223]
1542879154027;[171, 0, 17, 255, 161, 74, 237, 24, 227, 0, 0, 32, 0, 1, 15, 1, 0, 64, 1, 229]
1542879154178;[171, 0, 17, 255, 161, 74, 237, 24, 227, 0, 0, 65, 0, 0, 254, 1, 0, 67, 1, 247]
1542879154182;[171, 0, 17, 255, 161, 74, 237, 24, 227, 0, 0, 52, 0, 1, 4, 1, 0, 46, 2, 9]
1542879154523;[171, 0, 17, 255, 161, 74, 237, 24, 228, 0, 0, 173, 0, 0, 220, 1, 0, 42, 2, 28]
1542879154527;[171, 0, 17, 255, 161, 74, 237, 24, 228, 0, 0, 89, 0, 0, 245, 1, 0, 34, 2, 26]
1542879154531;[171, 0, 17, 255, 161, 74, 237, 24, 228, 0, 0, 65, 0, 1, 3, 1, 0, 37, 2, 32]
1542879154694;[171, 0, 17, 255, 161, 74, 237, 24, 228, 0, 0, 75, 0, 0, 252, 1, 0, 37, 2, 44]
1542879154698;[171, 0, 17, 255, 161, 74, 237, 24, 228, 0, 0, 67, 0, 1, 0, 1, 0, 40, 2, 61]
1542879154866;[171, 0, 4, 255, 132, 128, 102]
