1542955572160;[171, 0, 17, 255, 161, 74, 238, 236, 85, 0, 0, 21, 1, 0, 234, 0, 0, 76, 2, 46]
1542955572502;[171, 0, 17, 255, 161, 74, 238, 236, 85, 0, 0, 25, 1, 0, 236, 0, 0, 73, 2, 237]
1542955572506;[171, 0, 17, 255, 161, 74, 238, 236, 85, 1, 0, 9, 1, 1, 17, 0, 0, 50, 3, 92]
1542955572510;[171, 0, 17, 255, 161, 74, 238, 236, 85, 1, 0, 40, 1, 0, 172, 0, 0, 156, 3, 189]
1542955572674;[171, 0, 17, 255, 161, 74, 238, 236, 86, 1, 0, 41, 1, 0, 242, 0, 0, 64, 3, 230]
1542955572678;[171, 0, 17, 255, 161, 74, 238, 236, 86, 1, 0, 69, 1, 0, 204, 0, 0, 165, 4, 50]
1542955572845;[171, 0, 17, 255, 161, 74, 238, 236, 86, 1, 0, 52, 1, 0, 227, 0, 0, 104, 4, 99]
1542955572849;[171, 0, 17, 255, 161, 74, 238, 236, 86, 1, 0, 54, 1, 0, 222, 0, 0, 109, 5, 18]
1542955573193;[171, 0, 17, 255, 161, 74, 238, 236, 86, 1, 0, 57, 1, 0, 221, 0, 0, 105, 6, 75]
1542955573197;[171, 0, 4, 255, 132, 128, 103]
1542955573201;[171, 0, 17, 255, 161, 74, 238, 236, 86, 1, 0, 56, 1, 0, 221, 0, 0, 106, 6, 245]
1542955573363;[171, 0, 17, 255, 161, 74, 238, 236, 86, 1, 0, 56, 1, 0, 220, 0, 0, 107, 7, 90]
1542955573367;[171, 0, 17, 255, 161, 74, 238, 236, 86, 1, 0, 54, 1, 0, 220, 0, 0, 107, 7, 197]
1542955573711;[171, 0, 17, 255, 161, 74, 238, 236, 86, 1, 0, 55, 1, 0, 220, 0, 0, 107, 7, 249]
1542955573715;[171, 0, 17, 255, 161, 74, 238, 236, 86, 1, 0, 56, 1, 0, 220, 0, 0, 104, 8, 96]
1542955573719;[171, 0, 17, 255, 161, 74, 238, 236, 87, 1, 0, 55, 1, 0, 221, 0, 0, 106, 9, 176]
1542955573723;[171, 0, 17, 255, 161, 74, 238, 236, 87, 1, 0, 58, 1, 0, 219, 0, 0, 103, 9, 176]
1542955573881;[171, 0, 17, 255, 161, 74, 238, 236, 87, 1, 0, 56, 1, 0, 221, 0, 0, 107, 9, 250]
1542955574053;[171, 0, 17, 255, 161, 74, 238, 236, 87, 1, 0, 54, 1, 0, 223, 0, 0, 106, 10, 67]
1542955574226;[171, 0, 17, 255, 161, 74, 238, 236, 89, 1, 0, 57, 1, 0, 220, 0, 0, 106, 14, 53]
1542955574399;[171, 0, 17, 255, 161, 74, 238, 236, 89, 1, 0, 56, 1, 0, 220, 0, 0, 108, 14, 191]
1542955574745;[171, 0, 17, 255, 161, 74, 238, 236, 89, 1, 0, 56, 1, 0, 220, 0, 0, 107, 14, 180]
1542955574749;[171, 0, 17, 255, 161, 74, 238, 236, 89, 1, 0, 57, 1, 0, 219, 0, 0, 107, 14, 149]
1542955574753;[171, 0, 17, 255, 161, 74, 238, 236, 89, 1, 0, 55, 1, 0, 220, 0, 0, 106, 14, 81]
1542955574757;[171, 0, 17, 255, 161, 74, 238, 236, 90, 1, 0, 56, 1, 0, 221, 0, 0, 107, 13, 250]
1542955575089;[171, 0, 17, 255, 161, 74, 238, 236, 90, 1, 0, 56, 1, 0, 220, 0, 0, 106, 13, 164]
1542955575093;[171, 0, 17, 255, 161, 74, 238, 236, 90, 1, 0, 56, 1, 0, 221, 0, 0, 106, 13, 242]
1542955575098;[171, 0, 17, 255, 161, 74, 238, 236, 90, 1, 0, 56, 1, 0, 222, 0, 0, 105, 14, 90]
1542955575261;[171, 0, 17, 255, 161, 74, 238, 236, 90, 1, 0, 56, 1, 0, 221, 0, 0, 107, 14, 73]
1542955575265;[171, 0, 4, 255, 132, 128, 100]
1542955575435;[171, 0, 17, 255, 161, 74, 238, 236, 90, 1, 0, 57, 1, 0, 220, 0, 0, 107, 14, 42]
1542955575438;[171, 0, 17, 255, 161, 74, 238, 236, 90, 1, 0, 55, 1, 0, 219, 0, 0, 107, 14, 14]
1542955575606;[171, 0, 17, 255, 161, 74, 238, 236, 90, 1, 0, 57, 1, 0, 220, 0, 0, 106, 13, 205]
1542955575779;[171, 0, 17, 255, 161, 74, 238, 236, 90, 1, 0, 56, 1, 0, 221, 0, 0, 107, 13, 158]
1542955575782;[171, 0, 17, 255, 161, 74, 238, 236, 90, 1, 0, 57, 1, 0, 220, 0, 0, 107, 14, 40]
1542955576298;[171, 0, 17, 255, 161, 74, 238, 236, 91, 1, 0, 55, 1, 0, 220, 0, 0, 105, 14, 48]
1542955576302;[171, 0, 17, 255, 161, 74, 238, 236, 91, 1, 0, 57, 1, 0, 220, 0, 0, 107, 14, 15]
1542955576306;[171, 0, 17, 255, 161, 74, 238, 236, 91, 1, 0, 55, 1, 0, 221, 0, 0, 106, 13, 228]
1542955576310;[171, 0, 17, 255, 161, 74, 238, 236, 91, 1, 0, 56, 1, 0, 218, 0, 0, 106, 13, 165]
1542955576469;[171, 0, 17, 255, 161, 74, 238, 236, 91, 1, 0, 57, 1, 0, 222, 0, 0, 106, 13, 95]
1542955576473;[171, 0, 4, 255, 132, 128, 99]
1542955576479;[171, 0, 17, 255, 161, 74, 238, 236, 91, 1, 0, 56, 1, 0, 219, 0, 0, 106, 13, 77]
1542955576637;[171, 0, 17, 255, 161, 74, 238, 236, 91, 1, 0, 55, 1, 0, 221, 0, 0, 105, 13, 207]
1542955576640;[171, 0, 17, 255, 161, 74, 238, 236, 91, 1, 0, 56, 1, 0, 219, 0, 0, 105, 13, 194]
1542955576814;[171, 0, 17, 255, 161, 74, 238, 236, 91, 1, 0, 57, 1, 0, 221, 0, 0, 104, 13, 157]
1542955576819;[171, 0, 17, 255, 161, 74, 238, 236, 91, 1, 0, 57, 1, 0, 221, 0, 0, 106, 13, 105]
1542955577160;[171, 0, 17, 255, 161, 74, 238, 236, 92, 1, 0, 58, 1, 0, 219, 0, 0, 107, 13, 24]
1542955577164;[171, 0, 17, 255, 161, 74, 238, 236, 92, 1, 0, 55, 1, 0, 220, 0, 0, 108, 12, 138]
1542955577167;[171, 0, 17, 255, 161, 74, 238, 236, 92, 1, 0, 55, 1, 0, 218, 0, 0, 108, 11, 251]
1542955577331;[171, 0, 17, 255, 161, 74, 238, 236, 92, 1, 0, 61, 1, 0, 227, 0, 0, 114, 11, 225]
1542955577334;[171, 0, 17, 255, 161, 74, 238, 236, 92, 1, 0, 55, 1, 0, 221, 0, 0, 127, 11, 67]
1542955577677;[171, 0, 4, 255, 132, 128, 99]
1542955577681;[171, 0, 17, 255, 161, 74, 238, 236, 92, 1, 0, 61, 1, 0, 211, 0, 0, 119, 10, 60]
1542955577685;[171, 0, 17, 255, 161, 74, 238, 236, 92, 1, 0, 55, 1, 0, 226, 0, 0, 110, 8, 248]
1542955577849;[171, 0, 17, 255, 161, 74, 238, 236, 92, 1, 0, 69, 1, 0, 219, 0, 0, 124, 7, 149]
1542955577853;[171, 0, 17, 255, 161, 74, 238, 236, 92, 1, 0, 77, 1, 0, 201, 0, 0, 118, 6, 57]
1542955578021;[171, 0, 17, 255, 161, 74, 238, 236, 92, 1, 0, 79, 1, 0, 204, 0, 0, 127, 5, 126]
1542955578025;[171, 0, 17, 255, 161, 74, 238, 236, 93, 1, 0, 87, 1, 0, 198, 0, 0, 126, 5, 101]
1542955578194;[171, 0, 17, 255, 161, 74, 238, 236, 93, 1, 0, 90, 1, 0, 194, 0, 0, 127, 4, 249]
1542955578366;[171, 0, 17, 255, 161, 74, 238, 236, 93, 1, 0, 92, 1, 0, 201, 0, 0, 131, 4, 118]
1542955578370;[171, 0, 17, 255, 161, 74, 238, 236, 93, 1, 0, 90, 1, 0, 205, 0, 0, 99, 4, 4]
1542955578539;[171, 0, 17, 255, 161, 74, 238, 236, 93, 1, 0, 81, 1, 0, 177, 0, 0, 120, 3, 180]
1542955578542;[171, 0, 4, 255, 132, 128, 98]
1542955579059;[171, 0, 17, 255, 161, 74, 238, 236, 93, 1, 0, 76, 1, 0, 184, 0, 0, 187, 3, 152]
1542955579063;[171, 0, 17, 255, 161, 74, 238, 236, 93, 1, 0, 78, 1, 0, 195, 0, 0, 147, 4, 44]
1542955579068;[171, 0, 17, 255, 161, 74, 238, 236, 93, 1, 0, 89, 1, 0, 182, 0, 0, 139, 5, 3]
1542955579072;[171, 0, 17, 255, 161, 74, 238, 236, 93, 1, 0, 83, 1, 0, 168, 0, 0, 138, 5, 189]
1542955579230;[171, 0, 17, 255, 161, 74, 238, 236, 93, 1, 0, 101, 1, 0, 180, 0, 0, 201, 6, 162]
1542955579234;[171, 0, 17, 255, 161, 74, 238, 236, 94, 1, 0, 92, 1, 0, 177, 0, 0, 154, 7, 88]
1542955579238;[171, 0, 17, 255, 161, 74, 238, 236, 94, 1, 0, 64, 1, 0, 189, 0, 0, 177, 7, 237]
1542955579400;[171, 0, 17, 255, 161, 74, 238, 236, 94, 1, 0, 79, 1, 0, 183, 0, 0, 152, 9, 23]
1542955579573;[171, 0, 17, 255, 161, 74, 238, 236, 94, 1, 0, 96, 1, 0, 178, 0, 0, 151, 10, 113]
1542955579577;[171, 0, 17, 255, 161, 74, 238, 236, 94, 1, 0, 70, 1, 0, 207, 0, 0, 152, 11, 58]
1542955579747;[171, 0, 4, 255, 132, 128, 97]
1542955579751;[171, 0, 17, 255, 161, 74, 238, 236, 94, 1, 0, 192, 1, 0, 117, 0, 0, 225, 12, 8]
1542955580265;[171, 0, 17, 255, 161, 74, 238, 236, 94, 0, 0, 14, 1, 1, 28, 0, 0, 79, 11, 89]
1542955580269;[171, 0, 17, 255, 161, 74, 238, 236, 94, 1, 0, 79, 1, 0, 167, 0, 0, 70, 9, 214]
1542955580273;[171, 0, 17, 255, 161, 74, 238, 236, 94, 0, 0, 11, 1, 0, 75, 0, 0, 60, 8, 79]
1542955580277;[171, 0, 17, 255, 161, 74, 238, 236, 94, 1, 0, 178, 1, 1, 5, 0, 0, 192, 8, 84]
1542955580437;[171, 0, 17, 255, 161, 74, 238, 236, 95, 1, 0, 100, 1, 0, 180, 0, 0, 79, 8, 21]
1542955580441;[171, 0, 17, 255, 161, 74, 238, 236, 95, 1, 0, 56, 1, 0, 225, 0, 0, 22, 7, 61]
1542955580444;[171, 0, 17, 255, 161, 74, 238, 236, 95, 1, 0, 62, 1, 0, 243, 0, 0, 76, 6, 133]
1542955580608;[171, 0, 17, 255, 161, 74, 238, 236, 95, 1, 0, 69, 1, 0, 219, 0, 0, 76, 5, 184]
1542955580612;[171, 0, 17, 255, 161, 74, 238, 236, 95, 1, 0, 67, 1, 0, 229, 0, 0, 71, 5, 20]
1542955580780;[171, 0, 4, 255, 132, 128, 96]
1542955580955;[171, 0, 17, 255, 161, 74, 238, 236, 95, 1, 0, 68, 1, 0, 230, 0, 0, 77, 5, 49]
1542955580958;[171, 0, 17, 255, 161, 74, 238, 236, 95, 1, 0, 68, 1, 0, 229, 0, 0, 78, 5, 28]
1542955581127;[171, 0, 17, 255, 161, 74, 238, 236, 95, 1, 0, 67, 1, 0, 228, 0, 0, 77, 4, 172]
1542955581131;[171, 0, 17, 255, 161, 74, 238, 236, 95, 1, 0, 68, 1, 0, 229, 0, 0, 74, 4, 52]
1542955581471;[171, 0, 17, 255, 161, 74, 238, 236, 95, 1, 0, 68, 1, 0, 230, 0, 0, 79, 3, 189]
1542955581475;[171, 0, 17, 255, 161, 74, 238, 236, 96, 1, 0, 67, 1, 0, 227, 0, 0, 75, 3, 77]
1542955581479;[171, 0, 17, 255, 161, 74, 238, 236, 96, 1, 0, 64, 1, 0, 230, 0, 0, 79, 3, 77]
1542955583596;[171, 0, 17, 255, 161, 74, 238, 236, 96, 1, 0, 64, 1, 0, 230, 0, 0, 78, 3, 131]
1542955583598;[171, 0, 17, 255, 161, 74, 238, 236, 96, 1, 0, 64, 1, 0, 229, 0, 0, 79, 3, 73]
1542955583600;[171, 0, 17, 255, 161, 74, 238, 236, 96, 1, 0, 63, 1, 0, 229, 0, 0, 79, 2, 235]
1542955583601;[171, 0, 4, 255, 132, 128, 95]
1542955583604;[171, 0, 17, 255, 161, 74, 238, 236, 96, 1, 0, 63, 1, 0, 229, 0, 0, 79, 2, 157]
1542955583605;[171, 0, 17, 255, 161, 74, 238, 236, 96, 1, 0, 66, 1, 0, 228, 0, 0, 79, 2, 62]
1542955583607;[171, 0, 17, 255, 161, 74, 238, 236, 96, 1, 0, 66, 1, 0, 229, 0, 0, 78, 2, 17]
1542955583609;[171, 0, 17, 255, 161, 74, 238, 236, 96, 1, 0, 65, 1, 0, 229, 0, 0, 77, 2, 17]
1542955583611;[171, 0, 17, 255, 161, 74, 238, 236, 96, 1, 0, 66, 1, 0, 228, 0, 0, 77, 1, 250]
1542955583615;[171, 0, 17, 255, 161, 74, 238, 236, 97, 1, 0, 67, 1, 0, 229, 0, 0, 78, 1, 180]
1542955583617;[171, 0, 17, 255, 161, 74, 238, 236, 97, 1, 0, 64, 1, 0, 228, 0, 0, 80, 1, 110]
1542955583619;[171, 0, 17, 255, 161, 74, 238, 236, 97, 1, 0, 65, 1, 0, 229, 0, 0, 78, 1, 37]
1542955583621;[171, 0, 17, 255, 161, 74, 238, 236, 97, 1, 0, 64, 1, 0, 229, 0, 0, 77, 0, 229]
1542955583622;[171, 0, 17, 255, 161, 74, 238, 236, 97, 1, 0, 65, 1, 0, 229, 0, 0, 78, 1, 74]
1542955583624;[171, 0, 4, 255, 132, 128, 95]
1542955583626;[171, 0, 17, 255, 161, 74, 238, 236, 97, 1, 0, 65, 1, 0, 228, 0, 0, 78, 1, 58]
1542955583628;[171, 0, 17, 255, 161, 74, 238, 236, 97, 1, 0, 66, 1, 0, 228, 0, 0, 78, 0, 252]
1542955583630;[171, 0, 17, 255, 161, 74, 238, 236, 97, 1, 0, 65, 1, 0, 229, 0, 0, 79, 16, 190]
1542955583632;[171, 0, 17, 255, 161, 74, 238, 236, 97, 1, 0, 63, 1, 0, 228, 0, 0, 77, 7, 144]
1542955583636;[171, 0, 17, 255, 161, 74, 238, 236, 97, 1, 0, 65, 1, 0, 228, 0, 0, 78, 7, 90]
1542955583638;[171, 0, 17, 255, 161, 74, 238, 236, 98, 1, 0, 64, 1, 0, 227, 0, 0, 78, 7, 189]
1542955583713;[171, 0, 17, 255, 161, 74, 238, 236, 98, 1, 0, 64, 1, 0, 228, 0, 0, 79, 7, 185]
1542955583717;[171, 0, 17, 255, 161, 74, 238, 236, 98, 1, 0, 66, 1, 0, 231, 0, 0, 78, 7, 116]
1542955584059;[171, 0, 17, 255, 161, 74, 238, 236, 98, 1, 0, 66, 1, 0, 226, 0, 0, 79, 7, 67]
1542955584063;[171, 0, 17, 255, 161, 74, 238, 236, 98, 1, 0, 63, 1, 0, 229, 0, 0, 77, 7, 0]
1542955584067;[171, 0, 4, 255, 132, 128, 94]
1542955584403;[171, 0, 17, 255, 161, 74, 238, 236, 98, 1, 0, 65, 1, 0, 231, 0, 0, 78, 7, 1]
1542955584407;[171, 0, 17, 255, 161, 74, 238, 236, 98, 1, 0, 66, 1, 0, 227, 0, 0, 79, 7, 111]
1542955584411;[171, 0, 17, 255, 161, 74, 238, 236, 98, 1, 0, 67, 1, 0, 227, 0, 0, 75, 7, 88]
1542955584577;[171, 0, 17, 255, 161, 74, 238, 236, 98, 1, 0, 66, 1, 0, 228, 0, 0, 75, 7, 40]
1542955584581;[171, 0, 17, 255, 161, 74, 238, 236, 98, 1, 0, 65, 1, 0, 228, 0, 0, 72, 6, 250]
1542955584748;[171, 0, 17, 255, 161, 74, 238, 236, 99, 1, 0, 65, 1, 0, 230, 0, 0, 75, 6, 196]
1542955584752;[171, 0, 17, 255, 161, 74, 238, 236, 99, 1, 0, 66, 1, 0, 230, 0, 0, 74, 7, 12]
1542955584921;[171, 0, 17, 255, 161, 74, 238, 236, 99, 1, 0, 63, 1, 0, 233, 0, 0, 74, 7, 87]
1542955584925;[171, 0, 17, 255, 161, 74, 238, 236, 99, 1, 0, 71, 1, 0, 220, 0, 0, 77, 7, 62]
1542955585267;[171, 0, 17, 255, 161, 74, 238, 236, 99, 1, 0, 67, 1, 0, 229, 0, 0, 78, 7, 67]
1542955585271;[171, 0, 4, 255, 132, 128, 94]
1542955585274;[171, 0, 17, 255, 161, 74, 238, 236, 99, 1, 0, 56, 1, 1, 5, 0, 0, 74, 7, 36]
1542955585439;[171, 0, 17, 255, 161, 74, 238, 236, 99, 1, 0, 77, 1, 0, 201, 0, 0, 75, 7, 72]
1542955585443;[171, 0, 17, 255, 161, 74, 238, 236, 99, 1, 0, 69, 1, 0, 226, 0, 0, 79, 8, 49]
1542955585612;[171, 0, 17, 255, 161, 74, 238, 236, 99, 1, 0, 67, 1, 0, 232, 0, 0, 78, 8, 130]
1542955585616;[171, 0, 17, 255, 161, 74, 238, 236, 99, 1, 0, 57, 1, 0, 243, 0, 0, 72, 8, 71]
1542955585957;[171, 0, 17, 255, 161, 74, 238, 236, 100, 1, 0, 70, 1, 0, 218, 0, 0, 81, 8, 20]
1542955585961;[171, 0, 17, 255, 161, 74, 238, 236, 100, 1, 0, 55, 1, 1, 25, 0, 0, 82, 8, 12]
1542955585965;[171, 0, 17, 255, 161, 74, 238, 236, 100, 1, 0, 79, 1, 0, 185, 0, 0, 71, 9, 59]
1542955586128;[171, 0, 17, 255, 161, 74, 238, 236, 100, 1, 0, 68, 1, 0, 226, 0, 0, 77, 10, 51]
1542955586132;[171, 0, 17, 255, 161, 74, 238, 236, 100, 1, 0, 75, 1, 0, 194, 0, 0, 83, 10, 141]
1542955586647;[171, 0, 4, 255, 132, 128, 94]
1542955586651;[171, 0, 17, 255, 161, 74, 238, 236, 100, 1, 0, 71, 1, 1, 48, 0, 0, 79, 10, 133]
1542955586655;[171, 0, 17, 255, 161, 74, 238, 236, 100, 1, 0, 86, 1, 0, 167, 0, 0, 92, 10, 224]
1542955586659;[171, 0, 17, 255, 161, 74, 238, 236, 100, 1, 0, 48, 1, 0, 255, 0, 0, 69, 11, 79]
1542955586820;[171, 0, 17, 255, 161, 74, 238, 236, 100, 1, 0, 45, 1, 1, 7, 0, 0, 66, 12, 79]
1542955586823;[171, 0, 17, 255, 161, 74, 238, 236, 100, 1, 0, 87, 1, 0, 157, 0, 0, 77, 12, 175]
1542955586827;[171, 0, 17, 255, 161, 74, 238, 236, 101, 1, 0, 58, 1, 0, 249, 0, 0, 81, 12, 210]
1542955586990;[171, 0, 17, 255, 161, 74, 238, 236, 101, 1, 0, 70, 1, 0, 207, 0, 0, 69, 12, 214]
1542955587163;[171, 0, 17, 255, 161, 74, 238, 236, 101, 1, 0, 62, 1, 0, 242, 0, 0, 79, 12, 212]
1542955587167;[171, 0, 17, 255, 161, 74, 238, 236, 101, 1, 0, 63, 1, 0, 233, 0, 0, 82, 14, 68]
1542955587337;[171, 0, 17, 255, 161, 74, 238, 236, 101, 1, 0, 64, 1, 0, 227, 0, 0, 77, 14, 248]
1542955587340;[171, 0, 4, 255, 132, 128, 95]
1542955587508;[171, 0, 17, 255, 161, 74, 238, 236, 101, 1, 0, 61, 1, 0, 231, 0, 0, 74, 15, 1]
1542955587512;[171, 0, 17, 255, 161, 74, 238, 236, 101, 1, 0, 59, 1, 0, 234, 0, 0, 78, 15, 14]
1542955587854;[171, 0, 17, 255, 161, 74, 238, 236, 101, 1, 0, 60, 1, 0, 230, 0, 0, 74, 14, 248]
1542955587857;[171, 0, 17, 255, 161, 74, 238, 236, 101, 1, 0, 59, 1, 0, 234, 0, 0, 73, 31, 119]
1542955587861;[171, 0, 17, 255, 161, 74, 238, 236, 101, 1, 0, 62, 1, 0, 231, 0, 0, 73, 7, 208]
1542955588026;[171, 0, 17, 255, 161, 74, 238, 236, 102, 1, 0, 58, 1, 0, 230, 0, 0, 73, 7, 208]
1542955588030;[171, 0, 17, 255, 161, 74, 238, 236, 102, 1, 0, 57, 1, 0, 232, 0, 0, 73, 7, 155]
1542955588198;[171, 0, 17, 255, 161, 74, 238, 236, 102, 1, 0, 56, 1, 0, 234, 0, 0, 69, 7, 92]
1542955588373;[171, 0, 17, 255, 161, 74, 238, 236, 102, 1, 0, 57, 1, 0, 232, 0, 0, 70, 6, 254]
1542955588377;[171, 0, 17, 255, 161, 74, 238, 236, 102, 1, 0, 54, 1, 0, 234, 0, 0, 72, 8, 67]
1542955588544;[171, 0, 4, 255, 132, 128, 96]
1542955588547;[171, 0, 17, 255, 161, 74, 238, 236, 102, 1, 0, 53, 1, 0, 236, 0, 0, 70, 8, 168]
1542955588716;[171, 0, 17, 255, 161, 74, 238, 236, 102, 1, 0, 53, 1, 0, 228, 0, 0, 70, 8, 90]
1542955588720;[171, 0, 17, 255, 161, 74, 238, 236, 102, 1, 0, 53, 1, 0, 231, 0, 0, 67, 8, 21]
1542955589408;[171, 0, 17, 255, 161, 74, 238, 236, 102, 1, 0, 53, 1, 0, 235, 0, 0, 67, 7, 168]
1542955589412;[171, 0, 17, 255, 161, 74, 238, 236, 102, 1, 0, 52, 1, 0, 237, 0, 0, 70, 7, 114]
1542955589416;[171, 0, 17, 255, 161, 74, 238, 236, 103, 1, 0, 49, 1, 0, 238, 0, 0, 66, 8, 123]
1542955589420;[171, 0, 17, 255, 161, 74, 238, 236, 103, 1, 0, 49, 1, 0, 236, 0, 0, 70, 8, 112]
1542955589582;[171, 0, 17, 255, 161, 74, 238, 236, 103, 1, 0, 53, 1, 0, 230, 0, 0, 71, 7, 251]
1542955589586;[171, 0, 17, 255, 161, 74, 238, 236, 103, 1, 0, 54, 1, 0, 229, 0, 0, 65, 7, 142]
1542955589590;[171, 0, 17, 255, 161, 74, 238, 236, 103, 1, 0, 50, 1, 0, 237, 0, 0, 66, 7, 3]
1542955589594;[171, 0, 4, 255, 132, 128, 96]
1542955589751;[171, 0, 17, 255, 161, 74, 238, 236, 103, 1, 0, 51, 1, 0, 237, 0, 0, 70, 6, 184]
1542955589755;[171, 0, 17, 255, 161, 74, 238, 236, 103, 1, 0, 54, 1, 0, 231, 0, 0, 71, 7, 98]
1542955589923;[171, 0, 17, 255, 161, 74, 238, 236, 103, 1, 0, 55, 1, 0, 228, 0, 0, 69, 7, 43]
1542955589927;[171, 0, 17, 255, 161, 74, 238, 236, 103, 1, 0, 56, 1, 0, 237, 0, 0, 70, 6, 167]
1542955590097;[171, 0, 17, 255, 161, 74, 238, 236, 103, 1, 0, 55, 1, 0, 232, 0, 0, 72, 6, 58]
1542955590444;[171, 0, 17, 255, 161, 74, 238, 236, 104, 1, 0, 54, 1, 0, 235, 0, 0, 72, 5, 165]
1542955590447;[171, 0, 17, 255, 161, 74, 238, 236, 104, 1, 0, 68, 1, 0, 208, 0, 0, 72, 5, 104]
1542955590451;[171, 0, 17, 255, 161, 74, 238, 236, 104, 1, 0, 60, 1, 0, 227, 0, 0, 70, 5, 173]
1542955590455;[171, 0, 17, 255, 161, 74, 238, 236, 104, 1, 0, 55, 1, 0, 247, 0, 0, 75, 5, 82]
1542955590614;[171, 0, 17, 255, 161, 74, 238, 236, 104, 1, 0, 61, 1, 0, 220, 0, 0, 80, 4, 206]
1542955590617;[171, 0, 4, 255, 132, 128, 97]
1542955590786;[171, 0, 17, 255, 161, 74, 238, 236, 104, 1, 0, 66, 1, 0, 232, 0, 0, 82, 4, 81]
1542955590958;[171, 0, 17, 255, 161, 74, 238, 236, 104, 1, 0, 70, 1, 0, 236, 0, 0, 83, 3, 192]
1542955590962;[171, 0, 17, 255, 161, 74, 238, 236, 104, 1, 0, 66, 1, 0, 240, 0, 0, 78, 3, 112]
1542955591306;[171, 0, 17, 255, 161, 74, 238, 236, 104, 1, 0, 69, 1, 0, 225, 0, 0, 81, 3, 74]
1542955591310;[171, 0, 17, 255, 161, 74, 238, 236, 104, 1, 0, 67, 1, 0, 231, 0, 0, 78, 2, 188]
1542955591314;[171, 0, 17, 255, 161, 74, 238, 236, 105, 1, 0, 70, 1, 0, 228, 0, 0, 80, 2, 40]
1542955591822;[171, 0, 17, 255, 161, 74, 238, 236, 105, 1, 0, 69, 1, 0, 228, 0, 0, 81, 1, 145]
1542955591826;[171, 0, 17, 255, 161, 74, 238, 236, 105, 1, 0, 69, 1, 0, 227, 0, 0, 80, 0, 241]
1542955591830;[171, 0, 17, 255, 161, 74, 238, 236, 105, 1, 0, 68, 1, 0, 228, 0, 0, 79, 0, 213]
1542955591834;[171, 0, 17, 255, 161, 74, 238, 236, 105, 1, 0, 71, 1, 0, 227, 0, 0, 80, 16, 165]
1542955591994;[171, 0, 4, 255, 132, 128, 98]
1542955591998;[171, 0, 17, 255, 161, 74, 238, 236, 105, 1, 0, 69, 1, 0, 227, 0, 0, 82, 7, 92]
1542955592002;[171, 0, 17, 255, 161, 74, 238, 236, 105, 1, 0, 69, 1, 0, 228, 0, 0, 81, 7, 92]
1542955592341;[171, 0, 17, 255, 161, 74, 238, 236, 105, 1, 0, 69, 1, 0, 229, 0, 0, 82, 6, 238]
1542955592345;[171, 0, 17, 255, 161, 74, 238, 236, 105, 1, 0, 69, 1, 0, 227, 0, 0, 80, 6, 123]
1542955592348;[171, 0, 17, 255, 161, 74, 238, 236, 105, 1, 0, 67, 1, 0, 226, 0, 0, 80, 6, 73]
1542955592352;[171, 0, 17, 255, 161, 74, 238, 236, 106, 1, 0, 68, 1, 0, 228, 0, 0, 80, 6, 72]
1542955592510;[171, 0, 17, 255, 161, 74, 238, 236, 106, 1, 0, 69, 1, 0, 227, 0, 0, 80, 6, 0]
1542955592514;[171, 0, 17, 255, 161, 74, 238, 236, 106, 1, 0, 68, 1, 0, 226, 0, 0, 81, 5, 185]
1542955592684;[171, 0, 17, 255, 161, 74, 238, 236, 106, 1, 0, 70, 1, 0, 227, 0, 0, 80, 5, 95]
1542955593030;[171, 0, 17, 255, 161, 74, 238, 236, 106, 1, 0, 68, 1, 0, 227, 0, 0, 80, 5, 7]
1542955593035;[171, 0, 4, 255, 132, 128, 99]
1542955593040;[171, 0, 17, 255, 161, 74, 238, 236, 106, 1, 0, 69, 1, 0, 227, 0, 0, 80, 4, 191]
1542955593044;[171, 0, 17, 255, 161, 74, 238, 236, 106, 1, 0, 68, 1, 0, 227, 0, 0, 80, 4, 224]
1542955593197;[171, 0, 17, 255, 161, 74, 238, 236, 106, 1, 0, 70, 1, 0, 227, 0, 0, 80, 4, 180]
1542955593372;[171, 0, 17, 255, 161, 74, 238, 236, 106, 1, 0, 69, 1, 0, 225, 0, 0, 80, 4, 118]
1542955593374;[171, 0, 17, 255, 161, 74, 238, 236, 106, 1, 0, 68, 1, 0, 227, 0, 0, 81, 4, 54]
1542955593547;[171, 0, 17, 255, 161, 74, 238, 236, 107, 1, 0, 68, 1, 0, 228, 0, 0, 80, 3, 231]
1542955593551;[171, 0, 17, 255, 161, 74, 238, 236, 107, 1, 0, 68, 1, 0, 226, 0, 0, 78, 3, 151]
1542955593720;[171, 0, 17, 255, 161, 74, 238, 236, 107, 1, 0, 71, 1, 0, 228, 0, 0, 79, 3, 190]
1542955593724;[171, 0, 17, 255, 161, 74, 238, 236, 107, 1, 0, 68, 1, 0, 225, 0, 0, 81, 3, 216]
1542955593891;[171, 0, 17, 255, 161, 74, 238, 236, 107, 1, 0, 69, 1, 0, 228, 0, 0, 82, 3, 180]
1542955594237;[171, 0, 4, 255, 132, 128, 99]
1542955594241;[171, 0, 17, 255, 161, 74, 238, 236, 107, 1, 0, 70, 1, 0, 228, 0, 0, 82, 3, 133]
1542955594245;[171, 0, 17, 255, 161, 74, 238, 236, 107, 1, 0, 68, 1, 0, 226, 0, 0, 81, 3, 79]
1542955594409;[171, 0, 17, 255, 161, 74, 238, 236, 107, 1, 0, 69, 1, 0, 228, 0, 0, 79, 3, 23]
1542955594413;[171, 0, 17, 255, 161, 74, 238, 236, 107, 1, 0, 71, 1, 0, 226, 0, 0, 81, 2, 248]
1542955594416;[171, 0, 17, 255, 161, 74, 238, 236, 107, 1, 0, 72, 1, 0, 226, 0, 0, 78, 3, 107]
1542955594582;[171, 0, 17, 255, 161, 74, 238, 236, 108, 1, 0, 72, 1, 0, 226, 0, 0, 79, 3, 117]
1542955594753;[171, 0, 17, 255, 161, 74, 238, 236, 108, 1, 0, 70, 1, 0, 226, 0, 0, 79, 3, 91]
1542955594757;[171, 0, 17, 255, 161, 74, 238, 236, 108, 1, 0, 70, 1, 0, 225, 0, 0, 80, 3, 64]
1542955594926;[171, 0, 17, 255, 161, 74, 238, 236, 108, 1, 0, 72, 1, 0, 226, 0, 0, 77, 3, 31]
1542955594929;[171, 0, 17, 255, 161, 74, 238, 236, 108, 1, 0, 71, 1, 0, 227, 0, 0, 79, 3, 11]
1542955595097;[171, 0, 4, 255, 132, 128, 100]
1542955595617;[171, 0, 17, 255, 161, 74, 238, 236, 108, 1, 0, 71, 1, 0, 226, 0, 0, 78, 3, 183]
1542955595621;[171, 0, 17, 255, 161, 74, 238, 236, 108, 1, 0, 67, 1, 0, 225, 0, 0, 78, 3, 234]
1542955595625;[171, 0, 17, 255, 161, 74, 238, 236, 108, 1, 0, 72, 1, 0, 227, 0, 0, 79, 3, 231]
1542955595629;[171, 0, 17, 255, 161, 74, 238, 236, 108, 1, 0, 71, 1, 0, 228, 0, 0, 79, 3, 228]
1542955595789;[171, 0, 17, 255, 161, 74, 238, 236, 108, 1, 0, 70, 1, 0, 227, 0, 0, 79, 3, 192]
1542955595793;[171, 0, 17, 255, 161, 74, 238, 236, 109, 1, 0, 70, 1, 0, 225, 0, 0, 80, 3, 172]
1542955595797;[171, 0, 17, 255, 161, 74, 238, 236, 109, 1, 0, 70, 1, 0, 226, 0, 0, 79, 4, 173]
1542955595961;[171, 0, 17, 255, 161, 74, 238, 236, 109, 1, 0, 68, 1, 0, 229, 0, 0, 79, 5, 32]
1542955595965;[171, 0, 17, 255, 161, 74, 238, 236, 109, 1, 0, 72, 1, 0, 228, 0, 0, 79, 5, 50]
1542955596306;[171, 0, 17, 255, 161, 74, 238, 236, 111, 1, 0, 68, 1, 0, 223, 0, 0, 81, 6, 235]
1542955596479;[171, 0, 17, 255, 161, 74, 238, 236, 111, 1, 0, 68, 1, 0, 229, 0, 0, 80, 6, 232]
1542955596482;[171, 0, 17, 255, 161, 74, 238, 236, 111, 1, 0, 69, 1, 0, 228, 0, 0, 79, 8, 53]
1542955596825;[171, 0, 17, 255, 161, 74, 238, 236, 111, 1, 0, 69, 1, 0, 225, 0, 0, 78, 8, 171]
1542955596830;[171, 0, 17, 255, 161, 74, 238, 236, 111, 1, 0, 68, 1, 0, 226, 0, 0, 80, 8, 219]
1542955596833;[171, 0, 17, 255, 161, 74, 238, 236, 112, 1, 0, 69, 1, 0, 226, 0, 0, 80, 9, 14]
1542955596837;[171, 0, 17, 255, 161, 74, 238, 236, 112, 1, 0, 70, 1, 0, 226, 0, 0, 81, 8, 255]
1542955596996;[171, 0, 17, 255, 161, 74, 238, 236, 112, 1, 0, 71, 1, 0, 228, 0, 0, 80, 9, 94]
1542955597169;[171, 0, 17, 255, 161, 74, 238, 236, 112, 1, 0, 69, 1, 0, 225, 0, 0, 79, 10, 185]
1542955597173;[171, 0, 17, 255, 161, 74, 238, 236, 112, 1, 0, 71, 1, 0, 225, 0, 0, 80, 11, 17]
1542955597340;[171, 0, 4, 255, 132, 128, 99]
1542955597344;[171, 0, 17, 255, 161, 74, 238, 236, 112, 1, 0, 70, 1, 0, 227, 0, 0, 80, 11, 17]
1542955597512;[171, 0, 17, 255, 161, 74, 238, 236, 112, 1, 0, 71, 1, 0, 226, 0, 0, 81, 11, 7]
1542955597686;[171, 0, 17, 255, 161, 74, 238, 236, 112, 1, 0, 71, 1, 0, 225, 0, 0, 79, 10, 218]
1542955597690;[171, 0, 17, 255, 161, 74, 238, 236, 112, 1, 0, 67, 1, 0, 224, 0, 0, 79, 11, 19]
1542955598205;[171, 0, 17, 255, 161, 74, 238, 236, 112, 1, 0, 72, 1, 0, 226, 0, 0, 79, 12, 78]
1542955598208;[171, 0, 17, 255, 161, 74, 238, 236, 113, 1, 0, 68, 1, 0, 227, 0, 0, 82, 12, 102]
1542955598212;[171, 0, 17, 255, 161, 74, 238, 236, 113, 1, 0, 71, 1, 0, 228, 0, 0, 80, 12, 33]
1542955598216;[171, 0, 17, 255, 161, 74, 238, 236, 113, 1, 0, 68, 1, 0, 225, 0, 0, 80, 11, 220]
1542955598377;[171, 0, 17, 255, 161, 74, 238, 236, 113, 1, 0, 70, 1, 0, 227, 0, 0, 82, 11, 116]
1542955598381;[171, 0, 17, 255, 161, 74, 238, 236, 113, 1, 0, 72, 1, 0, 223, 0, 0, 81, 11, 28]
1542955598385;[171, 0, 4, 255, 132, 128, 99]
1542955598549;[171, 0, 17, 255, 161, 74, 238, 236, 113, 1, 0, 72, 1, 0, 225, 0, 0, 81, 12, 84]
1542955598553;[171, 0, 17, 255, 161, 74, 238, 236, 113, 1, 0, 67, 1, 0, 227, 0, 0, 81, 12, 116]
1542955598721;[171, 0, 17, 255, 161, 74, 238, 236, 113, 1, 0, 72, 1, 0, 228, 0, 0, 79, 12, 54]
1542955598724;[171, 0, 17, 255, 161, 74, 238, 236, 113, 1, 0, 71, 1, 0, 226, 0, 0, 81, 12, 7]
1542955598895;[171, 0, 17, 255, 161, 74, 238, 236, 113, 1, 0, 71, 1, 0, 225, 0, 0, 80, 11, 177]
1542955599067;[171, 0, 17, 255, 161, 74, 238, 236, 114, 1, 0, 71, 1, 0, 227, 0, 0, 81, 11, 82]
1542955599070;[171, 0, 17, 255, 161, 74, 238, 236, 114, 1, 0, 69, 1, 0, 227, 0, 0, 81, 12, 141]
1542955599413;[171, 0, 17, 255, 161, 74, 238, 236, 114, 1, 0, 69, 1, 0, 224, 0, 0, 82, 12, 234]
1542955599417;[171, 0, 17, 255, 161, 74, 238, 236, 114, 1, 0, 68, 1, 0, 228, 0, 0, 81, 12, 204]
1542955599420;[171, 0, 17, 255, 161, 74, 238, 236, 114, 1, 0, 67, 1, 0, 225, 0, 0, 82, 12, 175]
1542955599424;[171, 0, 4, 255, 132, 128, 99]
1542955599583;[171, 0, 17, 255, 161, 74, 238, 236, 114, 1, 0, 71, 1, 0, 227, 0, 0, 81, 12, 98]
1542955599756;[171, 0, 17, 255, 161, 74, 238, 236, 114, 1, 0, 69, 1, 0, 228, 0, 0, 80, 11, 245]
1542955599761;[171, 0, 17, 255, 161, 74, 238, 236, 114, 1, 0, 70, 1, 0, 226, 0, 0, 82, 12, 209]
1542955599929;[171, 0, 17, 255, 161, 74, 238, 236, 114, 1, 0, 70, 1, 0, 227, 0, 0, 81, 13, 76]
1542955599933;[171, 0, 17, 255, 161, 74, 238, 236, 114, 1, 0, 71, 1, 0, 225, 0, 0, 82, 13, 6]
1542955600100;[171, 0, 17, 255, 161, 74, 238, 236, 115, 1, 0, 71, 1, 0, 225, 0, 0, 80, 12, 179]
1542955600273;[171, 0, 17, 255, 161, 74, 238, 236, 115, 1, 0, 69, 1, 0, 226, 0, 0, 81, 12, 92]
1542955600277;[171, 0, 17, 255, 161, 74, 238, 236, 115, 1, 0, 69, 1, 0, 226, 0, 0, 83, 11, 233]
1542955600621;[171, 0, 17, 255, 161, 74, 238, 236, 115, 1, 0, 69, 1, 0, 225, 0, 0, 83, 12, 122]
1542955600625;[171, 0, 17, 255, 161, 74, 238, 236, 115, 1, 0, 69, 1, 0, 228, 0, 0, 82, 12, 249]
1542955600629;[171, 0, 4, 255, 132, 128, 99]
1542955600633;[171, 0, 17, 255, 161, 74, 238, 236, 115, 1, 0, 70, 1, 0, 227, 0, 0, 82, 12, 188]
1542955600791;[171, 0, 17, 255, 161, 74, 238, 236, 115, 1, 0, 71, 1, 0, 225, 0, 0, 80, 12, 110]
1542955600963;[171, 0, 17, 255, 161, 74, 238, 236, 115, 1, 0, 68, 1, 0, 228, 0, 0, 82, 12, 22]
1542955600966;[171, 0, 17, 255, 161, 74, 238, 236, 115, 1, 0, 69, 1, 0, 228, 0, 0, 81, 11, 163]
1542955601310;[171, 0, 17, 255, 161, 74, 238, 236, 115, 1, 0, 69, 1, 0, 226, 0, 0, 83, 12, 157]
1542955601314;[171, 0, 17, 255, 161, 74, 238, 236, 116, 1, 0, 72, 1, 0, 226, 0, 0, 82, 12, 214]
1542955601318;[171, 0, 17, 255, 161, 74, 238, 236, 116, 1, 0, 69, 1, 0, 225, 0, 0, 81, 12, 123]
1542955601322;[171, 0, 17, 255, 161, 74, 238, 236, 116, 1, 0, 69, 1, 0, 227, 0, 0, 81, 12, 54]
1542955601482;[171, 0, 17, 255, 161, 74, 238, 236, 116, 1, 0, 70, 1, 0, 225, 0, 0, 81, 11, 214]
1542955601653;[171, 0, 17, 255, 161, 74, 238, 236, 116, 1, 0, 69, 1, 0, 226, 0, 0, 82, 11, 135]
1542955601657;[171, 0, 4, 255, 132, 128, 98]
1542955601999;[171, 0, 17, 255, 161, 74, 238, 236, 116, 1, 0, 71, 1, 0, 223, 0, 0, 81, 12, 162]
1542955602003;[171, 0, 17, 255, 161, 74, 238, 236, 116, 1, 0, 69, 1, 0, 225, 0, 0, 82, 12, 185]
1542955602007;[171, 0, 17, 255, 161, 74, 238, 236, 116, 1, 0, 68, 1, 0, 227, 0, 0, 81, 12, 111]
1542955602172;[171, 0, 17, 255, 161, 74, 238, 236, 116, 1, 0, 69, 1, 0, 227, 0, 0, 82, 12, 49]
1542955602175;[171, 0, 17, 255, 161, 74, 238, 236, 116, 1, 0, 71, 1, 0, 226, 0, 0, 82, 11, 209]
1542955602344;[171, 0, 17, 255, 161, 74, 238, 236, 117, 1, 0, 69, 1, 0, 226, 0, 0, 82, 11, 233]
1542955602348;[171, 0, 17, 255, 161, 74, 238, 236, 117, 1, 0, 71, 1, 0, 225, 0, 0, 83, 12, 208]
1542955602516;[171, 0, 17, 255, 161, 74, 238, 236, 117, 1, 0, 69, 1, 0, 226, 0, 0, 82, 12, 187]
1542955602520;[171, 0, 17, 255, 161, 74, 238, 236, 117, 1, 0, 69, 1, 0, 228, 0, 0, 81, 12, 111]
1542955602689;[171, 0, 17, 255, 161, 74, 238, 236, 117, 1, 0, 69, 1, 0, 227, 0, 0, 82, 12, 33]
1542955602862;[171, 0, 4, 255, 132, 128, 98]
1542955602866;[171, 0, 17, 255, 161, 74, 238, 236, 117, 1, 0, 68, 1, 0, 225, 0, 0, 83, 11, 186]
1542955603208;[171, 0, 17, 255, 161, 74, 238, 236, 117, 1, 0, 73, 1, 0, 228, 0, 0, 82, 12, 97]
1542955603212;[171, 0, 17, 255, 161, 74, 238, 236, 117, 1, 0, 69, 1, 0, 225, 0, 0, 81, 12, 239]
1542955603216;[171, 0, 17, 255, 161, 74, 238, 236, 117, 1, 0, 73, 1, 0, 227, 0, 0, 82, 12, 183]
1542955603220;[171, 0, 17, 255, 161, 74, 238, 236, 117, 1, 0, 70, 1, 0, 227, 0, 0, 80, 12, 94]
1542955603379;[171, 0, 17, 255, 161, 74, 238, 236, 118, 1, 0, 68, 1, 0, 226, 0, 0, 82, 11, 255]
1542955603551;[171, 0, 17, 255, 161, 74, 238, 236, 118, 1, 0, 68, 1, 0, 227, 0, 0, 81, 11, 118]
1542955603554;[171, 0, 17, 255, 161, 74, 238, 236, 118, 1, 0, 70, 1, 0, 226, 0, 0, 81, 12, 54]
1542955603725;[171, 0, 17, 255, 161, 74, 238, 236, 118, 1, 0, 70, 1, 0, 226, 0, 0, 80, 12, 128]
1542955603728;[171, 0, 17, 255, 161, 74, 238, 236, 118, 1, 0, 72, 1, 0, 228, 0, 0, 80, 12, 55]
1542955603896;[171, 0, 4, 255, 132, 128, 98]
1542955604069;[171, 0, 17, 255, 161, 74, 238, 236, 118, 1, 0, 71, 1, 0, 227, 0, 0, 80, 11, 234]
1542955604073;[171, 0, 17, 255, 161, 74, 238, 236, 118, 1, 0, 70, 1, 0, 227, 0, 0, 81, 11, 144]
1542955604589;[171, 0, 17, 255, 161, 74, 238, 236, 118, 1, 0, 71, 1, 0, 226, 0, 0, 82, 11, 21]
1542955604592;[171, 0, 17, 255, 161, 74, 238, 236, 118, 1, 0, 71, 1, 0, 226, 0, 0, 80, 11, 221]
1542955604597;[171, 0, 17, 255, 161, 74, 238, 236, 118, 1, 0, 70, 1, 0, 227, 0, 0, 82, 12, 37]
1542955604602;[171, 0, 17, 255, 161, 74, 238, 236, 119, 1, 0, 71, 1, 0, 226, 0, 0, 81, 11, 200]
1542955604759;[171, 0, 17, 255, 161, 74, 238, 236, 119, 1, 0, 71, 1, 0, 227, 0, 0, 81, 11, 128]
1542955604762;[171, 0, 17, 255, 161, 74, 238, 236, 119, 1, 0, 69, 1, 0, 226, 0, 0, 82, 11, 32]
1542955604765;[171, 0, 17, 255, 161, 74, 238, 236, 119, 1, 0, 71, 1, 0, 226, 0, 0, 80, 10, 194]
1542955604932;[171, 0, 17, 255, 161, 74, 238, 236, 119, 1, 0, 70, 1, 0, 225, 0, 0, 82, 11, 241]
1542955604935;[171, 0, 4, 255, 132, 128, 98]
1542955605103;[171, 0, 17, 255, 161, 74, 238, 236, 119, 1, 0, 68, 1, 0, 227, 0, 0, 82, 12, 28]
1542955605277;[171, 0, 17, 255, 161, 74, 238, 236, 119, 1, 0, 70, 1, 0, 226, 0, 0, 79, 11, 212]
1542955605280;[171, 0, 17, 255, 161, 74, 238, 236, 119, 1, 0, 70, 1, 0, 225, 0, 0, 82, 11, 139]
1542955605448;[171, 0, 17, 255, 161, 74, 238, 236, 119, 1, 0, 72, 1, 0, 226, 0, 0, 81, 11, 42]
1542955605452;[171, 0, 17, 255, 161, 74, 238, 236, 119, 1, 0, 73, 1, 0, 225, 0, 0, 81, 10, 221]
1542955605794;[171, 0, 17, 255, 161, 74, 238, 236, 120, 1, 0, 69, 1, 0, 227, 0, 0, 81, 12, 13]
1542955605798;[171, 0, 17, 255, 161, 74, 238, 236, 120, 1, 0, 70, 1, 0, 225, 0, 0, 80, 12, 55]
1542955605802;[171, 0, 17, 255, 161, 74, 238, 236, 120, 1, 0, 71, 1, 0, 226, 0, 0, 80, 11, 236]
1542955605967;[171, 0, 17, 255, 161, 74, 238, 236, 120, 1, 0, 70, 1, 0, 228, 0, 0, 81, 11, 173]
1542955605971;[171, 0, 17, 255, 161, 74, 238, 236, 120, 1, 0, 69, 1, 0, 225, 0, 0, 80, 11, 64]
1542955606139;[171, 0, 4, 255, 132, 128, 99]
1542955606143;[171, 0, 17, 255, 161, 74, 238, 236, 120, 1, 0, 69, 1, 0, 225, 0, 0, 80, 10, 225]
1542955606311;[171, 0, 17, 255, 161, 74, 238, 236, 120, 1, 0, 72, 1, 0, 226, 0, 0, 81, 12, 25]
1542955606315;[171, 0, 17, 255, 161, 74, 238, 236, 120, 1, 0, 71, 1, 0, 226, 0, 0, 81, 12, 79]
1542955606484;[171, 0, 17, 255, 161, 74, 238, 236, 120, 1, 0, 68, 1, 0, 225, 0, 0, 82, 12, 4]
1542955606656;[171, 0, 17, 255, 161, 74, 238, 236, 120, 1, 0, 71, 1, 0, 225, 0, 0, 80, 11, 188]
1542955606660;[171, 0, 17, 255, 161, 74, 238, 236, 121, 1, 0, 70, 1, 0, 226, 0, 0, 80, 11, 80]
1542955607002;[171, 0, 17, 255, 161, 74, 238, 236, 121, 1, 0, 69, 1, 0, 225, 0, 0, 82, 10, 199]
1542955607006;[171, 0, 17, 255, 161, 74, 238, 236, 121, 1, 0, 70, 1, 0, 225, 0, 0, 82, 11, 183]
1542955607010;[171, 0, 17, 255, 161, 74, 238, 236, 121, 1, 0, 71, 1, 0, 226, 0, 0, 82, 12, 47]
1542955607174;[171, 0, 17, 255, 161, 74, 238, 236, 121, 1, 0, 71, 1, 0, 225, 0, 0, 79, 11, 229]
1542955607177;[171, 0, 4, 255, 132, 128, 99]
1542955607346;[171, 0, 17, 255, 161, 74, 238, 236, 121, 1, 0, 70, 1, 0, 226, 0, 0, 82, 11, 157]
1542955607349;[171, 0, 17, 255, 161, 74, 238, 236, 121, 1, 0, 71, 1, 0, 225, 0, 0, 82, 11, 77]
1542955607519;[171, 0, 17, 255, 161, 74, 238, 236, 121, 1, 0, 69, 1, 0, 225, 0, 0, 82, 10, 206]
1542955607525;[171, 0, 17, 255, 161, 74, 238, 236, 121, 1, 0, 72, 1, 0, 225, 0, 0, 80, 11, 139]
1542955607692;[171, 0, 17, 255, 161, 74, 238, 236, 121, 1, 0, 68, 1, 0, 225, 0, 0, 82, 12, 9]
1542955607864;[171, 0, 17, 255, 161, 74, 238, 236, 122, 1, 0, 68, 1, 0, 225, 0, 0, 82, 11, 198]
1542955607867;[171, 0, 17, 255, 161, 74, 238, 236, 122, 1, 0, 69, 1, 0, 227, 0, 0, 81, 11, 114]
1542955608036;[171, 0, 17, 255, 161, 74, 238, 236, 122, 1, 0, 69, 1, 0, 226, 0, 0, 81, 11, 27]
1542955608040;[171, 0, 17, 255, 161, 74, 238, 236, 122, 1, 0, 67, 1, 0, 227, 0, 0, 81, 10, 155]
1542955608382;[171, 0, 17, 255, 161, 74, 238, 236, 122, 1, 0, 69, 1, 0, 227, 0, 0, 80, 11, 174]
1542955608386;[171, 0, 4, 255, 132, 128, 99]
1542955608390;[171, 0, 17, 255, 161, 74, 238, 236, 122, 1, 0, 70, 1, 0, 228, 0, 0, 81, 12, 44]
1542955608553;[171, 0, 17, 255, 161, 74, 238, 236, 122, 1, 0, 69, 1, 0, 225, 0, 0, 80, 11, 247]
1542955608557;[171, 0, 17, 255, 161, 74, 238, 236, 122, 1, 0, 71, 1, 0, 226, 0, 0, 81, 11, 172]
1542955608726;[171, 0, 17, 255, 161, 74, 238, 236, 122, 1, 0, 69, 1, 0, 225, 0, 0, 84, 11, 79]
1542955608730;[171, 0, 17, 255, 161, 74, 238, 236, 122, 1, 0, 70, 1, 0, 228, 0, 0, 80, 10, 207]
1542955608898;[171, 0, 17, 255, 161, 74, 238, 236, 123, 1, 0, 70, 1, 0, 228, 0, 0, 81, 11, 178]
1542955609072;[171, 0, 17, 255, 161, 74, 238, 236, 123, 1, 0, 69, 1, 0, 227, 0, 0, 80, 12, 93]
1542955609076;[171, 0, 17, 255, 161, 74, 238, 236, 123, 1, 0, 69, 1, 0, 227, 0, 0, 81, 12, 60]
1542955609244;[171, 0, 17, 255, 161, 74, 238, 236, 123, 1, 0, 70, 1, 0, 227, 0, 0, 80, 11, 242]
1542955609248;[171, 0, 17, 255, 161, 74, 238, 236, 123, 1, 0, 69, 1, 0, 225, 0, 0, 80, 11, 159]
1542955609589;[171, 0, 4, 255, 132, 128, 99]
1542955609593;[171, 0, 17, 255, 161, 74, 238, 236, 123, 1, 0, 68, 1, 0, 226, 0, 0, 81, 11, 40]
1542955609597;[171, 0, 17, 255, 161, 74, 238, 236, 123, 1, 0, 71, 1, 0, 225, 0, 0, 80, 11, 57]
1542955609761;[171, 0, 17, 255, 161, 74, 238, 236, 123, 1, 0, 71, 1, 0, 225, 0, 0, 83, 12, 104]
1542955609765;[171, 0, 17, 255, 161, 74, 238, 236, 123, 1, 0, 70, 1, 0, 229, 0, 0, 82, 12, 76]
1542955609934;[171, 0, 17, 255, 161, 74, 238, 236, 123, 1, 0, 64, 1, 0, 240, 0, 0, 84, 11, 234]
1542955609937;[171, 0, 17, 255, 161, 74, 238, 236, 128, 1, 0, 52, 1, 0, 235, 0, 0, 86, 11, 251]
1542955610105;[171, 0, 17, 255, 161, 74, 238, 236, 128, 0, 0, 81, 1, 0, 226, 0, 0, 58, 12, 51]
1542955610283;[171, 0, 17, 255, 161, 74, 238, 236, 128, 0, 0, 102, 1, 1, 0, 0, 0, 63, 12, 229]
1542955610288;[171, 0, 17, 255, 161, 74, 238, 236, 128, 0, 0, 79, 1, 1, 1, 0, 0, 72, 12, 229]
1542955610448;[171, 0, 17, 255, 161, 74, 238, 236, 128, 0, 0, 197, 1, 0, 187, 0, 0, 56, 12, 229]
1542955610450;[171, 0, 4, 255, 132, 128, 99]
1542955610623;[171, 0, 17, 255, 161, 74, 238, 236, 128, 0, 0, 63, 1, 0, 190, 0, 0, 49, 13, 216]
1542955610627;[171, 0, 17, 255, 161, 74, 238, 236, 128, 0, 0, 189, 1, 0, 133, 0, 0, 61, 14, 14]
1542955610969;[171, 0, 17, 255, 161, 74, 238, 236, 128, 0, 0, 188, 1, 0, 142, 0, 0, 76, 13, 247]
1542955610973;[171, 0, 17, 255, 161, 74, 238, 236, 128, 0, 0, 178, 1, 0, 139, 0, 0, 50, 13, 217]
1542955610977;[171, 0, 17, 255, 161, 74, 238, 236, 128, 0, 0, 178, 1, 0, 140, 0, 0, 69, 31, 160]
1542955611141;[171, 0, 17, 255, 161, 74, 238, 236, 129, 0, 0, 173, 1, 0, 157, 0, 0, 63, 8, 22]
1542955611145;[171, 0, 17, 255, 161, 74, 238, 236, 129, 0, 0, 158, 1, 0, 165, 0, 0, 75, 8, 5]
1542955611315;[171, 0, 17, 255, 161, 74, 238, 236, 129, 0, 0, 151, 1, 0, 173, 0, 0, 73, 8, 55]
1542955611318;[171, 0, 17, 255, 161, 74, 238, 236, 129, 0, 1, 105, 1, 0, 116, 0, 0, 86, 8, 33]
1542955611486;[171, 0, 17, 255, 161, 74, 238, 236, 129, 0, 0, 72, 1, 0, 196, 0, 0, 109, 8, 101]
1542955611658;[171, 0, 4, 255, 132, 128, 99]
1542955611661;[171, 0, 17, 255, 161, 74, 238, 236, 129, 0, 0, 74, 1, 0, 187, 0, 0, 57, 9, 138]
1542955611830;[171, 0, 17, 255, 161, 74, 238, 236, 129, 0, 0, 101, 1, 0, 199, 0, 0, 117, 9, 177]
1542955611834;[171, 0, 17, 255, 161, 74, 238, 236, 129, 0, 0, 118, 1, 0, 193, 0, 0, 89, 8, 249]
1542955612177;[171, 0, 17, 255, 161, 74, 238, 236, 129, 0, 0, 25, 1, 0, 221, 0, 0, 120, 8, 68]
1542955612181;[171, 0, 17, 255, 161, 74, 238, 236, 129, 0, 0, 51, 1, 0, 230, 0, 0, 92, 7, 175]
1542955612185;[171, 0, 17, 255, 161, 74, 238, 236, 130, 0, 0, 42, 1, 0, 220, 0, 0, 104, 7, 176]
1542955612348;[171, 0, 17, 255, 161, 74, 238, 236, 130, 0, 0, 36, 1, 0, 224, 0, 0, 104, 9, 38]
1542955612352;[171, 0, 17, 255, 161, 74, 238, 236, 130, 0, 0, 37, 1, 0, 222, 0, 0, 101, 9, 96]
1542955612521;[171, 0, 17, 255, 161, 74, 238, 236, 130, 0, 0, 38, 1, 0, 225, 0, 0, 103, 9, 40]
1542955612525;[171, 0, 17, 255, 161, 74, 238, 236, 130, 0, 0, 37, 1, 0, 223, 0, 0, 102, 9, 26]
1542955612693;[171, 0, 4, 255, 132, 128, 100]
1542955612866;[171, 0, 17, 255, 161, 74, 238, 236, 130, 0, 0, 36, 1, 0, 222, 0, 0, 102, 8, 221]
1542955612869;[171, 0, 17, 255, 161, 74, 238, 236, 130, 0, 0, 38, 1, 0, 224, 0, 0, 105, 8, 180]
1542955613038;[171, 0, 17, 255, 161, 74, 238, 236, 130, 0, 0, 35, 1, 0, 221, 0, 0, 104, 9, 183]
1542955613042;[171, 0, 17, 255, 161, 74, 238, 236, 130, 0, 0, 40, 1, 0, 223, 0, 0, 103, 9, 207]
1542955613558;[171, 0, 17, 255, 161, 74, 238, 236, 130, 0, 0, 39, 1, 0, 224, 0, 0, 105, 9, 139]
1542955613562;[171, 0, 17, 255, 161, 74, 238, 236, 131, 0, 0, 35, 1, 0, 222, 0, 0, 103, 9, 78]
1542955613566;[171, 0, 17, 255, 161, 74, 238, 236, 131, 0, 0, 36, 1, 0, 223, 0, 0, 106, 8, 254]
1542955613570;[171, 0, 17, 255, 161, 74, 238, 236, 131, 0, 0, 36, 1, 0, 223, 0, 0, 104, 8, 164]
1542955613729;[171, 0, 17, 255, 161, 74, 238, 236, 131, 0, 0, 38, 1, 0, 225, 0, 0, 104, 9, 1]
1542955613733;[171, 0, 17, 255, 161, 74, 238, 236, 131, 0, 0, 37, 1, 0, 223, 0, 0, 104, 9, 56]
1542955613737;[171, 0, 4, 255, 132, 128, 100]
1542955614076;[171, 0, 17, 255, 161, 74, 238, 236, 131, 0, 0, 33, 1, 0, 223, 0, 0, 100, 8, 206]
1542955614080;[171, 0, 17, 255, 161, 74, 238, 236, 131, 0, 0, 37, 1, 0, 225, 0, 0, 103, 8, 86]
1542955614084;[171, 0, 17, 255, 161, 74, 238, 236, 131, 0, 0, 34, 1, 0, 224, 0, 0, 100, 7, 211]
1542955614246;[171, 0, 17, 255, 161, 74, 238, 236, 131, 0, 0, 36, 1, 0, 223, 0, 0, 101, 7, 79]
1542955614250;[171, 0, 17, 255, 161, 74, 238, 236, 131, 0, 0, 36, 1, 0, 224, 0, 0, 99, 6, 186]
1542955614420;[171, 0, 17, 255, 161, 74, 238, 236, 132, 0, 0, 34, 1, 0, 225, 0, 0, 98, 6, 127]
1542955614423;[171, 0, 17, 255, 161, 74, 238, 236, 132, 0, 0, 33, 1, 0, 226, 0, 0, 98, 6, 144]
1542955614764;[171, 0, 17, 255, 161, 74, 238, 236, 132, 0, 0, 28, 1, 0, 227, 0, 0, 97, 6, 13]
1542955614768;[171, 0, 17, 255, 161, 74, 238, 236, 132, 0, 0, 32, 1, 0, 226, 0, 0, 97, 5, 220]
1542955614772;[171, 0, 17, 255, 161, 74, 238, 236, 132, 0, 0, 66, 1, 0, 237, 0, 0, 109, 6, 5]
1542955614936;[171, 0, 4, 255, 132, 128, 101]
1542955614939;[171, 0, 17, 255, 161, 74, 238, 236, 132, 0, 0, 48, 1, 0, 250, 0, 0, 77, 6, 21]
1542955615108;[171, 0, 17, 255, 161, 74, 238, 236, 132, 1, 0, 14, 1, 1, 2, 0, 0, 83, 6, 58]
1542955615112;[171, 0, 17, 255, 161, 74, 238, 236, 132, 0, 0, 39, 1, 0, 231, 0, 0, 67, 6, 84]
1542955615281;[171, 0, 17, 255, 161, 74, 238, 236, 132, 0, 0, 65, 1, 0, 154, 0, 0, 152, 6, 79]
1542955615452;[171, 0, 17, 255, 161, 74, 238, 236, 132, 1, 0, 27, 1, 0, 218, 0, 0, 141, 3, 235]
1542955615458;[171, 0, 17, 255, 161, 74, 238, 236, 133, 0, 0, 0, 1, 0, 191, 0, 0, 124, 2, 148]
1542955615626;[171, 0, 17, 255, 161, 74, 238, 236, 133, 0, 0, 12, 1, 0, 198, 0, 0, 145, 1, 246]
1542955615630;[171, 0, 17, 255, 161, 74, 238, 236, 133, 0, 0, 11, 1, 0, 193, 0, 0, 151, 1, 191]
1542955615972;[171, 0, 17, 255, 161, 74, 238, 236, 133, 0, 0, 2, 1, 0, 204, 0, 0, 145, 0, 241]
1542955615975;[171, 0, 17, 255, 161, 74, 238, 236, 133, 0, 0, 5, 1, 0, 231, 0, 0, 93, 1, 34]
1542955615979;[171, 0, 4, 255, 132, 128, 101]
1542955616144;[171, 0, 17, 255, 161, 74, 238, 236, 133, 1, 0, 10, 1, 0, 202, 0, 0, 185, 16, 102]
1542955616147;[171, 0, 17, 255, 161, 74, 238, 236, 133, 1, 0, 8, 1, 0, 229, 0, 0, 53, 7, 20]
1542955616314;[171, 0, 17, 255, 161, 74, 238, 236, 133, 0, 0, 42, 1, 0, 200, 0, 0, 165, 7, 35]
1542955616316;[171, 0, 17, 255, 161, 74, 238, 236, 133, 0, 0, 1, 1, 0, 217, 0, 0, 102, 6, 241]
1542955616488;[171, 0, 17, 255, 161, 74, 238, 236, 133, 1, 0, 7, 1, 0, 198, 0, 0, 108, 6, 135]
1542955616662;[171, 0, 17, 255, 161, 74, 238, 236, 134, 0, 0, 3, 1, 0, 202, 0, 0, 134, 6, 14]
1542955616665;[171, 0, 17, 255, 161, 74, 238, 236, 134, 0, 0, 10, 1, 0, 217, 0, 0, 171, 5, 158]
1542955616833;[171, 0, 17, 255, 161, 74, 238, 236, 134, 0, 0, 47, 1, 0, 218, 0, 0, 15, 4, 241]
1542955616837;[171, 0, 17, 255, 161, 74, 238, 236, 134, 0, 0, 36, 1, 0, 191, 0, 0, 140, 5, 35]
1542955617006;[171, 0, 17, 255, 161, 74, 238, 236, 134, 0, 0, 20, 1, 0, 207, 0, 0, 130, 4, 168]
1542955617009;[171, 0, 4, 255, 132, 128, 101]
1542955617351;[171, 0, 17, 255, 161, 74, 238, 236, 134, 1, 0, 13, 1, 0, 205, 0, 0, 162, 4, 90]
1542955617355;[171, 0, 17, 255, 161, 74, 238, 236, 134, 1, 0, 57, 1, 0, 208, 0, 0, 134, 4, 132]
1542955617359;[171, 0, 17, 255, 161, 74, 238, 236, 134, 1, 0, 19, 1, 0, 210, 0, 0, 155, 4, 126]
1542955617525;[171, 0, 17, 255, 161, 74, 238, 236, 134, 0, 0, 1, 1, 0, 182, 0, 0, 129, 4, 111]
1542955617528;[171, 0, 17, 255, 161, 74, 238, 236, 134, 0, 0, 1, 1, 0, 196, 0, 0, 133, 4, 127]
1542955617696;[171, 0, 17, 255, 161, 74, 238, 236, 135, 1, 0, 19, 1, 0, 184, 0, 0, 151, 4, 81]
1542955617869;[171, 0, 17, 255, 161, 74, 238, 236, 135, 1, 0, 10, 1, 0, 224, 0, 0, 161, 3, 117]
1542955617873;[171, 0, 17, 255, 161, 74, 238, 236, 135, 1, 0, 6, 1, 0, 236, 0, 0, 96, 3, 105]
1542955618042;[171, 0, 17, 255, 161, 74, 238, 236, 135, 1, 0, 7, 1, 0, 223, 0, 0, 83, 3, 163]
1542955618214;[171, 0, 17, 255, 161, 74, 238, 236, 137, 1, 0, 71, 1, 0, 189, 0, 0, 147, 12, 91]
1542955618560;[171, 0, 17, 255, 161, 74, 238, 236, 137, 1, 0, 113, 1, 0, 178, 0, 0, 164, 12, 249]
1542955618564;[171, 0, 17, 255, 161, 74, 238, 236, 137, 1, 0, 54, 1, 0, 236, 0, 0, 144, 13, 48]
1542955618568;[171, 0, 17, 255, 161, 74, 238, 236, 137, 1, 0, 35, 1, 0, 236, 0, 0, 139, 13, 109]
1542955618732;[171, 0, 17, 255, 161, 74, 238, 236, 137, 1, 0, 32, 1, 0, 219, 0, 0, 124, 13, 157]
1542955618736;[171, 0, 17, 255, 161, 74, 238, 236, 138, 1, 0, 89, 1, 0, 252, 0, 0, 97, 14, 6]
1542955618905;[171, 0, 17, 255, 161, 74, 238, 236, 138, 1, 0, 69, 1, 0, 200, 0, 0, 120, 14, 124]
1542955619077;[171, 0, 17, 255, 161, 74, 238, 236, 138, 0, 0, 31, 1, 0, 253, 0, 0, 99, 13, 129]
1542955619081;[171, 0, 17, 255, 161, 74, 238, 236, 138, 0, 0, 18, 1, 0, 221, 0, 0, 75, 11, 121]
1542955619248;[171, 0, 17, 255, 161, 74, 238, 236, 138, 1, 0, 47, 1, 0, 157, 0, 0, 205, 10, 164]
1542955619252;[171, 0, 4, 255, 132, 128, 99]
1542955619421;[171, 0, 17, 255, 161, 74, 238, 236, 138, 0, 0, 5, 1, 0, 227, 0, 0, 113, 10, 93]
1542955619424;[171, 0, 17, 255, 161, 74, 238, 236, 138, 1, 0, 5, 1, 0, 241, 0, 0, 85, 10, 72]
1542955619940;[171, 0, 17, 255, 161, 74, 238, 236, 138, 0, 0, 2, 1, 0, 227, 0, 0, 109, 10, 50]
1542955619943;[171, 0, 17, 255, 161, 74, 238, 236, 138, 0, 0, 3, 1, 0, 225, 0, 0, 115, 9, 224]
1542955619947;[171, 0, 17, 255, 161, 74, 238, 236, 138, 0, 0, 117, 1, 0, 111, 0, 0, 58, 9, 88]
1542955619951;[171, 0, 17, 255, 161, 74, 238, 236, 139, 0, 0, 71, 1, 1, 179, 0, 0, 142, 9, 21]
1542955620113;[171, 0, 17, 255, 161, 74, 238, 236, 139, 0, 0, 15, 1, 0, 225, 0, 0, 70, 8, 52]
1542955620117;[171, 0, 17, 255, 161, 74, 238, 236, 139, 1, 0, 122, 1, 0, 201, 0, 0, 97, 7, 49]
1542955620121;[171, 0, 17, 255, 161, 74, 238, 236, 139, 1, 0, 16, 1, 0, 191, 0, 0, 87, 5, 205]
1542955620284;[171, 0, 17, 255, 161, 74, 238, 236, 139, 0, 0, 213, 1, 0, 172, 0, 0, 210, 5, 135]
1542955620456;[171, 0, 4, 255, 132, 128, 99]
1542955620460;[171, 0, 17, 255, 161, 74, 238, 236, 139, 1, 0, 130, 1, 1, 4, 1, 0, 35, 5, 171]
1542955620628;[171, 0, 17, 255, 161, 74, 238, 236, 139, 1, 0, 120, 1, 0, 213, 0, 0, 56, 5, 93]
1542955620632;[171, 0, 17, 255, 161, 74, 238, 236, 139, 1, 0, 118, 1, 0, 234, 0, 0, 37, 2, 154]
1542955620800;[171, 0, 17, 255, 161, 74, 238, 236, 139, 1, 0, 76, 1, 1, 29, 0, 0, 111, 2, 154]
1542955621146;[171, 0, 17, 255, 161, 74, 238, 236, 139, 1, 0, 9, 1, 1, 102, 0, 0, 53, 0, 245]
1542955621151;[171, 0, 17, 255, 161, 74, 238, 236, 140, 1, 0, 201, 1, 0, 223, 0, 0, 139, 16, 143]
1542955621155;[171, 0, 17, 255, 161, 74, 238, 236, 140, 0, 0, 136, 1, 0, 23, 1, 0, 28, 7, 127]
1542955621159;[171, 0, 17, 255, 161, 74, 238, 236, 140, 1, 2, 24, 1, 0, 219, 0, 1, 57, 6, 142]
1542955621319;[171, 0, 17, 255, 161, 74, 238, 236, 140, 1, 0, 77, 1, 1, 44, 1, 0, 224, 6, 127]
1542955621323;[171, 0, 17, 255, 161, 74, 238, 236, 140, 0, 0, 19, 1, 0, 225, 1, 0, 77, 4, 140]
1542955621491;[171, 0, 4, 255, 132, 128, 99]
1542955621664;[171, 0, 17, 255, 161, 74, 238, 236, 140, 0, 0, 243, 1, 1, 50, 1, 0, 125, 4, 140]
1542955621668;[171, 0, 17, 255, 161, 74, 238, 236, 140, 1, 0, 206, 1, 1, 242, 0, 1, 92, 4, 140]
1542955621836;[171, 0, 17, 255, 161, 74, 238, 236, 140, 0, 0, 95, 1, 0, 231, 0, 0, 90, 4, 162]
1542955621840;[171, 0, 17, 255, 161, 74, 238, 236, 140, 1, 0, 48, 1, 1, 59, 0, 0, 205, 5, 90]
1542955622008;[171, 0, 17, 255, 161, 74, 238, 236, 140, 1, 0, 215, 1, 1, 67, 0, 0, 201, 6, 100]
1542955622012;[171, 0, 17, 255, 161, 74, 238, 236, 141, 1, 0, 246, 1, 1, 59, 1, 1, 151, 5, 173]
1542955622354;[171, 0, 17, 255, 161, 74, 238, 236, 141, 0, 0, 40, 1, 1, 18, 1, 0, 43, 6, 218]
1542955622358;[171, 0, 17, 255, 161, 74, 238, 236, 141, 0, 0, 43, 1, 0, 242, 1, 0, 3, 7, 112]
1542955622362;[171, 0, 17, 255, 161, 74, 238, 236, 141, 1, 0, 48, 1, 0, 241, 0, 0, 36, 7, 56]
1542955622699;[171, 0, 17, 255, 161, 74, 238, 236, 141, 0, 0, 11, 1, 0, 247, 0, 0, 64, 7, 28]
1542955622703;[171, 0, 4, 255, 132, 128, 102]
1542955622707;[171, 0, 17, 255, 161, 74, 238, 236, 141, 0, 0, 1, 1, 0, 241, 0, 0, 32, 6, 222]
1542955622871;[171, 0, 17, 255, 161, 74, 238, 236, 141, 1, 0, 10, 1, 0, 246, 0, 0, 40, 6, 86]
1542955622875;[171, 0, 17, 255, 161, 74, 238, 236, 141, 1, 0, 5, 1, 0, 247, 0, 0, 46, 5, 137]
1542955623044;[171, 0, 17, 255, 161, 74, 238, 236, 141, 1, 0, 19, 1, 0, 251, 0, 0, 38, 4, 223]
1542955623048;[171, 0, 17, 255, 161, 74, 238, 236, 141, 1, 0, 32, 1, 1, 0, 0, 0, 41, 4, 154]
1542955623216;[171, 0, 17, 255, 161, 74, 238, 236, 142, 1, 0, 20, 1, 1, 0, 0, 0, 27, 5, 160]
1542955623220;[171, 0, 17, 255, 161, 74, 238, 236, 142, 0, 0, 38, 1, 1, 93, 1, 0, 17, 6, 162]
1542955623389;[171, 0, 17, 255, 161, 74, 238, 236, 142, 0, 0, 88, 1, 0, 147, 0, 0, 87, 7, 142]
1542955623735;[171, 0, 17, 255, 161, 74, 238, 236, 142, 0, 0, 28, 1, 0, 143, 1, 0, 31, 7, 224]
1542955623738;[171, 0, 17, 255, 161, 74, 238, 236, 142, 1, 0, 84, 1, 1, 155, 0, 0, 100, 8, 52]
1542955623742;[171, 0, 4, 255, 132, 128, 102]
1542955623746;[171, 0, 17, 255, 161, 74, 238, 236, 142, 0, 0, 108, 1, 1, 122, 0, 0, 46, 9, 207]
1542955624252;[171, 0, 17, 255, 161, 74, 238, 236, 142, 0, 0, 71, 1, 1, 15, 1, 0, 75, 9, 102]
1542955624256;[171, 0, 17, 255, 161, 74, 238, 236, 142, 0, 0, 49, 1, 0, 233, 0, 0, 30, 7, 223]
1542955624260;[171, 0, 17, 255, 161, 74, 238, 236, 142, 0, 0, 28, 1, 1, 5, 0, 0, 46, 6, 146]
1542955624264;[171, 0, 17, 255, 161, 74, 238, 236, 142, 0, 0, 22, 1, 1, 9, 0, 0, 47, 5, 237]
1542955624426;[171, 0, 17, 255, 161, 74, 238, 236, 143, 1, 0, 5, 1, 1, 10, 0, 0, 60, 6, 212]
1542955624429;[171, 0, 17, 255, 161, 74, 238, 236, 143, 0, 0, 22, 1, 0, 229, 0, 0, 46, 7, 229]
1542955624433;[171, 0, 17, 255, 161, 74, 238, 236, 143, 0, 0, 0, 1, 0, 253, 0, 0, 56, 8, 170]
1542955624596;[171, 0, 17, 255, 161, 74, 238, 236, 143, 1, 0, 47, 1, 0, 239, 0, 0, 45, 8, 53]
1542955624944;[171, 0, 17, 255, 161, 74, 238, 236, 143, 0, 0, 45, 1, 0, 228, 0, 0, 30, 6, 255]
1542955624947;[171, 0, 4, 255, 132, 128, 101]
1542955624952;[171, 0, 17, 255, 161, 74, 238, 236, 143, 0, 0, 8, 1, 0, 251, 0, 0, 38, 5, 112]
1542955624956;[171, 0, 17, 255, 161, 74, 238, 236, 143, 0, 0, 3, 1, 0, 243, 0, 0, 45, 4, 183]
1542955625113;[171, 0, 17, 255, 161, 74, 238, 236, 143, 1, 0, 2, 1, 0, 245, 0, 0, 31, 4, 70]
1542955625117;[171, 0, 17, 255, 161, 74, 238, 236, 143, 0, 0, 5, 1, 0, 241, 0, 0, 26, 3, 252]
1542955625285;[171, 0, 17, 255, 161, 74, 238, 236, 143, 1, 0, 5, 1, 0, 241, 0, 0, 22, 3, 161]
1542955625459;[171, 0, 17, 255, 161, 74, 238, 236, 144, 1, 0, 11, 1, 0, 250, 0, 0, 31, 3, 78]
1542955625462;[171, 0, 17, 255, 161, 74, 238, 236, 144, 1, 0, 5, 1, 0, 244, 0, 0, 33, 3, 4]
1542955625631;[171, 0, 17, 255, 161, 74, 238, 236, 144, 1, 0, 3, 1, 0, 236, 0, 0, 36, 3, 24]
1542955625635;[171, 0, 17, 255, 161, 74, 238, 236, 144, 1, 0, 4, 1, 0, 246, 0, 0, 32, 3, 60]
1542955625803;[171, 0, 17, 255, 161, 74, 238, 236, 144, 1, 0, 5, 1, 0, 245, 0, 0, 37, 3, 6]
1542955626322;[171, 0, 4, 255, 132, 128, 101]
1542955626327;[171, 0, 17, 255, 161, 74, 238, 236, 144, 1, 0, 7, 1, 0, 245, 0, 0, 38, 2, 148]
1542955626331;[171, 0, 17, 255, 161, 74, 238, 236, 144, 1, 0, 6, 1, 0, 235, 0, 0, 13, 1, 248]
1542955626335;[171, 0, 17, 255, 161, 74, 238, 236, 144, 0, 0, 5, 1, 0, 244, 0, 0, 24, 1, 75]
1542955626494;[171, 0, 17, 255, 161, 74, 238, 236, 144, 0, 0, 16, 1, 0, 250, 0, 0, 5, 16, 140]
1542955626668;[171, 0, 17, 255, 161, 74, 238, 236, 144, 0, 0, 3, 1, 0, 244, 0, 0, 16, 7, 49]
1542955626672;[171, 0, 17, 255, 161, 74, 238, 236, 145, 0, 0, 74, 1, 0, 239, 0, 0, 27, 7, 14]
1542955626675;[171, 0, 17, 255, 161, 74, 238, 236, 145, 0, 0, 134, 1, 0, 200, 1, 0, 111, 7, 89]
1542955626680;[171, 0, 17, 255, 161, 74, 238, 236, 145, 1, 0, 80, 1, 0, 239, 0, 0, 61, 7, 59]
1542955626840;[171, 0, 17, 255, 161, 74, 238, 236, 145, 1, 0, 31, 1, 0, 249, 0, 0, 17, 6, 242]
1542955626844;[171, 0, 17, 255, 161, 74, 238, 236, 145, 1, 0, 72, 1, 1, 98, 0, 0, 50, 6, 93]
1542955627011;[171, 0, 4, 255, 132, 128, 101]
1542955627016;[171, 0, 17, 255, 161, 74, 238, 236, 145, 1, 1, 168, 1, 1, 20, 1, 0, 41, 7, 198]
1542955627183;[171, 0, 17, 255, 161, 74, 238, 236, 145, 1, 1, 215, 0, 1, 77, 1, 0, 145, 8, 174]
1542955627531;[171, 0, 17, 255, 161, 74, 238, 236, 145, 0, 0, 31, 0, 0, 18, 0, 0, 15, 9, 77]
1542955627535;[171, 0, 17, 255, 161, 74, 238, 236, 145, 1, 0, 144, 1, 1, 252, 0, 0, 91, 10, 47]
1542955627540;[171, 0, 17, 255, 161, 74, 238, 236, 145, 1, 1, 48, 1, 0, 45, 0, 0, 147, 12, 88]
1542955627545;[171, 0, 17, 255, 161, 74, 238, 236, 146, 1, 0, 249, 1, 0, 134, 0, 0, 172, 13, 143]
1542955627699;[171, 0, 17, 255, 161, 74, 238, 236, 146, 1, 0, 26, 1, 1, 18, 0, 0, 135, 14, 247]
1542955627874;[171, 0, 17, 255, 161, 74, 238, 236, 146, 0, 0, 114, 1, 0, 208, 1, 0, 15, 31, 170]
1542955627878;[171, 0, 17, 255, 161, 74, 238, 236, 146, 0, 0, 21, 1, 0, 178, 0, 0, 152, 9, 172]
1542955628047;[171, 0, 17, 255, 161, 74, 238, 236, 146, 0, 0, 18, 1, 0, 194, 0, 0, 142, 9, 172]
1542955628050;[171, 0, 4, 255, 132, 128, 101]
1542955628219;[171, 0, 17, 255, 161, 74, 238, 236, 146, 0, 0, 15, 1, 0, 212, 0, 0, 138, 9, 172]
1542955628223;[171, 0, 17, 255, 161, 74, 238, 236, 146, 0, 0, 21, 1, 0, 231, 0, 0, 94, 10, 136]
1542955628392;[171, 0, 17, 255, 161, 74, 238, 236, 146, 0, 0, 34, 1, 0, 216, 0, 0, 164, 11, 58]
1542955628910;[171, 0, 17, 255, 161, 74, 238, 236, 146, 1, 0, 1, 1, 0, 220, 0, 0, 127, 11, 207]
1542955628914;[171, 0, 17, 255, 161, 74, 238, 236, 146, 0, 0, 30, 1, 0, 181, 0, 0, 120, 13, 51]
1542955628917;[171, 0, 17, 255, 161, 74, 238, 236, 147, 1, 0, 16, 1, 0, 237, 0, 0, 171, 13, 136]
1542955628922;[171, 0, 17, 255, 161, 74, 238, 236, 147, 1, 0, 12, 1, 0, 252, 0, 0, 111, 13, 31]
1542955629081;[171, 0, 17, 255, 161, 74, 238, 236, 147, 0, 0, 8, 1, 0, 245, 0, 0, 64, 12, 195]
1542955629086;[171, 0, 17, 255, 161, 74, 238, 236, 147, 0, 0, 17, 1, 0, 233, 0, 0, 82, 12, 84]
1542955629089;[171, 0, 17, 255, 161, 74, 238, 236, 147, 1, 0, 4, 1, 1, 13, 0, 0, 104, 13, 22]
1542955629600;[171, 0, 4, 255, 132, 128, 100]
1542955629604;[171, 0, 17, 255, 161, 74, 238, 236, 147, 0, 0, 17, 1, 0, 229, 1, 0, 2, 13, 134]
1542955629608;[171, 0, 17, 255, 161, 74, 238, 236, 147, 0, 0, 20, 1, 0, 241, 0, 0, 46, 13, 202]
1542955629612;[171, 0, 17, 255, 161, 74, 238, 236, 147, 0, 0, 7, 1, 0, 209, 0, 0, 11, 14, 33]
1542955629772;[171, 0, 17, 255, 161, 74, 238, 236, 147, 0, 0, 54, 1, 0, 227, 0, 0, 121, 14, 86]
1542955629776;[171, 0, 17, 255, 161, 74, 238, 236, 147, 0, 0, 83, 1, 0, 208, 0, 0, 133, 15, 24]
1542955629780;[171, 0, 17, 255, 161, 74, 238, 236, 148, 0, 0, 37, 1, 0, 224, 0, 0, 109, 31, 162]
1542955630119;[171, 0, 17, 255, 161, 74, 238, 236, 148, 0, 0, 29, 1, 0, 251, 0, 0, 43, 7, 208]
1542955630123;[171, 0, 17, 255, 161, 74, 238, 236, 148, 0, 0, 79, 1, 0, 230, 0, 0, 90, 7, 108]
1542955630127;[171, 0, 17, 255, 161, 74, 238, 236, 148, 0, 0, 23, 1, 0, 203, 0, 0, 139, 7, 96]
1542955630131;[171, 0, 17, 255, 161, 74, 238, 236, 148, 0, 0, 60, 1, 0, 244, 0, 0, 95, 7, 220]
1542955630287;[171, 0, 4, 255, 132, 128, 100]
1542955630634;[171, 0, 17, 255, 161, 74, 238, 236, 148, 0, 0, 35, 1, 0, 216, 0, 0, 105, 8, 94]
1542955630638;[171, 0, 17, 255, 161, 74, 238, 236, 148, 0, 0, 36, 1, 0, 224, 0, 0, 109, 8, 68]
1542955630642;[171, 0, 17, 255, 161, 74, 238, 236, 148, 1, 0, 14, 1, 1, 23, 0, 0, 91, 7, 219]
1542955630646;[171, 0, 17, 255, 161, 74, 238, 236, 148, 1, 0, 55, 1, 0, 200, 0, 0, 57, 7, 49]
1542955630805;[171, 0, 17, 255, 161, 74, 238, 236, 148, 0, 0, 71, 1, 1, 7, 0, 0, 100, 6, 127]
1542955630809;[171, 0, 17, 255, 161, 74, 238, 236, 149, 1, 0, 159, 1, 0, 239, 0, 0, 70, 6, 14]
1542955631325;[171, 0, 17, 255, 161, 74, 238, 236, 149, 1, 0, 71, 1, 0, 239, 0, 0, 84, 5, 59]
1542955631329;[171, 0, 17, 255, 161, 74, 238, 236, 149, 1, 0, 71, 1, 0, 225, 0, 0, 86, 4, 110]
1542955631333;[171, 0, 17, 255, 161, 74, 238, 236, 149, 1, 0, 76, 1, 0, 221, 0, 0, 84, 3, 156]
1542955631337;[171, 0, 17, 255, 161, 74, 238, 236, 149, 1, 0, 71, 1, 0, 225, 0, 0, 85, 3, 20]
1542955631495;[171, 0, 4, 255, 132, 128, 100]
1542955631500;[171, 0, 17, 255, 161, 74, 238, 236, 149, 1, 0, 71, 1, 0, 224, 0, 0, 85, 3, 25]
1542955631668;[171, 0, 17, 255, 161, 74, 238, 236, 149, 1, 0, 74, 1, 0, 224, 0, 0, 85, 2, 171]
1542955631672;[171, 0, 17, 255, 161, 74, 238, 236, 149, 1, 0, 74, 1, 0, 222, 0, 0, 85, 2, 24]
1542955631841;[171, 0, 17, 255, 161, 74, 238, 236, 149, 1, 0, 74, 1, 0, 222, 0, 0, 84, 1, 131]
1542955631844;[171, 0, 17, 255, 161, 74, 238, 236, 149, 1, 0, 74, 1, 0, 223, 0, 0, 84, 0, 233]
1542955632014;[171, 0, 17, 255, 161, 74, 238, 236, 150, 1, 0, 73, 1, 0, 223, 0, 0, 84, 0, 233]
1542955632018;[171, 0, 17, 255, 161, 74, 238, 236, 150, 1, 0, 71, 1, 0, 230, 0, 0, 86, 16, 144]
1542955632187;[171, 0, 17, 255, 161, 74, 238, 236, 150, 1, 0, 59, 1, 1, 6, 0, 0, 82, 7, 34]
1542955632706;[171, 0, 17, 255, 161, 74, 238, 236, 150, 1, 0, 149, 1, 0, 172, 0, 0, 135, 6, 155]
1542955632710;[171, 0, 17, 255, 161, 74, 238, 236, 150, 1, 0, 35, 1, 0, 225, 0, 0, 75, 6, 29]
1542955632714;[171, 0, 4, 255, 132, 128, 101]
1542955632718;[171, 0, 17, 255, 161, 74, 238, 236, 150, 1, 0, 183, 1, 0, 249, 0, 0, 154, 6, 104]
1542955632876;[171, 0, 17, 255, 161, 74, 238, 236, 150, 1, 0, 124, 1, 0, 202, 0, 0, 76, 6, 125]
1542955632880;[171, 0, 17, 255, 161, 74, 238, 236, 150, 1, 0, 127, 1, 0, 186, 0, 0, 145, 6, 168]
1542955632884;[171, 0, 17, 255, 161, 74, 238, 236, 150, 1, 0, 123, 1, 0, 198, 0, 0, 104, 6, 150]
1542955633050;[171, 0, 17, 255, 161, 74, 238, 236, 150, 1, 0, 126, 1, 0, 197, 0, 0, 85, 6, 95]
1542955633054;[171, 0, 17, 255, 161, 74, 238, 236, 151, 1, 0, 127, 1, 0, 197, 0, 0, 108, 6, 135]
1542955633221;[171, 0, 17, 255, 161, 74, 238, 236, 151, 1, 0, 125, 1, 0, 198, 0, 0, 95, 6, 155]
1542955633225;[171, 0, 17, 255, 161, 74, 238, 236, 151, 1, 0, 126, 1, 0, 196, 0, 0, 101, 6, 133]
1542955633913;[171, 0, 17, 255, 161, 74, 238, 236, 151, 1, 0, 122, 1, 0, 198, 0, 0, 99, 6, 84]
1542955633917;[171, 0, 17, 255, 161, 74, 238, 236, 151, 1, 0, 127, 1, 0, 197, 0, 0, 99, 6, 58]
1542955633921;[171, 0, 4, 255, 132, 128, 104]
1542955633925;[171, 0, 17, 255, 161, 74, 238, 236, 151, 1, 0, 126, 1, 0, 194, 0, 0, 99, 6, 58]
1542955634086;[171, 0, 17, 255, 161, 74, 238, 236, 151, 1, 0, 127, 1, 0, 198, 0, 0, 98, 6, 91]
1542955634090;[171, 0, 17, 255, 161, 74, 238, 236, 151, 1, 0, 127, 1, 0, 196, 0, 0, 98, 6, 74]
1542955634094;[171, 0, 17, 255, 161, 74, 238, 236, 151, 1, 0, 126, 1, 0, 196, 0, 0, 98, 6, 60]
1542955634098;[171, 0, 17, 255, 161, 74, 238, 236, 151, 1, 0, 125, 1, 0, 196, 0, 0, 100, 6, 39]
1542955634256;[171, 0, 17, 255, 161, 74, 238, 236, 152, 1, 0, 128, 1, 0, 195, 0, 0, 99, 6, 42]
1542955634259;[171, 0, 17, 255, 161, 74, 238, 236, 152, 1, 0, 127, 1, 0, 195, 0, 0, 100, 6, 100]
1542955634429;[171, 0, 17, 255, 161, 74, 238, 236, 152, 1, 0, 130, 1, 0, 195, 0, 0, 98, 6, 105]
1542955634433;[171, 0, 17, 255, 161, 74, 238, 236, 152, 1, 0, 129, 1, 0, 194, 0, 0, 99, 6, 91]
1542955634601;[171, 0, 17, 255, 161, 74, 238, 236, 152, 1, 0, 130, 1, 0, 196, 0, 0, 98, 6, 84]
1542955634774;[171, 0, 4, 255, 132, 128, 106]
1542955634777;[171, 0, 17, 255, 161, 74, 238, 236, 152, 1, 0, 128, 1, 0, 197, 0, 0, 97, 6, 65]
1542955635465;[171, 0, 17, 255, 161, 74, 238, 236, 152, 1, 0, 129, 1, 0, 195, 0, 0, 98, 6, 137]
1542955635469;[171, 0, 17, 255, 161, 74, 238, 236, 152, 1, 0, 127, 1, 0, 196, 0, 0, 99, 6, 181]
1542955635473;[171, 0, 17, 255, 161, 74, 238, 236, 152, 1, 0, 128, 1, 0, 195, 0, 0, 98, 6, 198]
1542955635477;[171, 0, 17, 255, 161, 74, 238, 236, 152, 1, 0, 130, 1, 0, 194, 0, 0, 98, 6, 208]
1542955635638;[171, 0, 17, 255, 161, 74, 238, 236, 153, 1, 0, 130, 1, 0, 196, 0, 0, 99, 6, 217]
1542955635641;[171, 0, 17, 255, 161, 74, 238, 236, 153, 1, 0, 128, 1, 0, 196, 0, 0, 97, 7, 40]
1542955635645;[171, 0, 17, 255, 161, 74, 238, 236, 153, 1, 0, 129, 1, 0, 198, 0, 0, 99, 7, 145]
1542955635649;[171, 0, 17, 255, 161, 74, 238, 236, 153, 1, 0, 131, 1, 0, 196, 0, 0, 96, 7, 209]
1542955635810;[171, 0, 17, 255, 161, 74, 238, 236, 153, 1, 0, 129, 1, 0, 195, 0, 0, 99, 8, 8]
1542955635814;[171, 0, 4, 255, 132, 128, 107]
1542955635818;[171, 0, 17, 255, 161, 74, 238, 236, 153, 1, 0, 126, 1, 0, 196, 0, 0, 100, 8, 51]
1542955635980;[171, 0, 17, 255, 161, 74, 238, 236, 153, 1, 0, 130, 1, 0, 196, 0, 0, 98, 8, 115]
1542955636154;[171, 0, 17, 255, 161, 74, 238, 236, 153, 1, 0, 129, 1, 0, 196, 0, 0, 96, 9, 42]
1542955636157;[171, 0, 17, 255, 161, 74, 238, 236, 153, 1, 0, 129, 1, 0, 195, 0, 0, 96, 9, 165]
1542955636499;[171, 0, 17, 255, 161, 74, 238, 236, 153, 1, 0, 128, 1, 0, 197, 0, 0, 98, 9, 245]
1542955636503;[171, 0, 17, 255, 161, 74, 238, 236, 154, 1, 0, 129, 1, 0, 195, 0, 0, 97, 10, 74]
1542955636507;[171, 0, 17, 255, 161, 74, 238, 236, 154, 1, 0, 125, 1, 0, 193, 0, 0, 97, 10, 142]
1542955636671;[171, 0, 17, 255, 161, 74, 238, 236, 154, 1, 0, 131, 1, 0, 199, 0, 0, 96, 11, 50]
1542955636675;[171, 0, 17, 255, 161, 74, 238, 236, 154, 1, 0, 128, 1, 0, 196, 0, 0, 98, 11, 241]
1542955636844;[171, 0, 17, 255, 161, 74, 238, 236, 154, 1, 0, 129, 1, 0, 196, 0, 0, 98, 12, 105]
1542955636847;[171, 0, 4, 255, 132, 128, 109]
1542955637017;[171, 0, 17, 255, 161, 74, 238, 236, 154, 1, 0, 128, 1, 0, 200, 0, 0, 94, 12, 215]
1542955637020;[171, 0, 17, 255, 161, 74, 238, 236, 154, 1, 0, 129, 1, 0, 198, 0, 0, 97, 13, 64]
1542955637189;[171, 0, 17, 255, 161, 74, 238, 236, 154, 1, 0, 126, 1, 0, 197, 0, 0, 98, 13, 164]
1542955637361;[171, 0, 17, 255, 161, 74, 238, 236, 154, 1, 0, 128, 1, 0, 196, 0, 0, 97, 14, 181]
1542955637364;[171, 0, 17, 255, 161, 74, 238, 236, 154, 1, 0, 130, 1, 0, 198, 0, 0, 97, 31, 79]
1542955637882;[171, 0, 17, 255, 161, 74, 238, 236, 155, 1, 0, 128, 1, 0, 197, 0, 0, 96, 7, 208]
1542955637886;[171, 0, 17, 255, 161, 74, 238, 236, 155, 1, 0, 126, 1, 0, 195, 0, 0, 97, 8, 70]
1542955637890;[171, 0, 17, 255, 161, 74, 238, 236, 155, 1, 0, 128, 1, 0, 197, 0, 0, 97, 8, 151]
1542955637894;[171, 0, 17, 255, 161, 74, 238, 236, 155, 1, 0, 129, 1, 0, 196, 0, 0, 97, 9, 101]
1542955638053;[171, 0, 17, 255, 161, 74, 238, 236, 155, 1, 0, 130, 1, 0, 197, 0, 0, 98, 10, 99]
1542955638057;[171, 0, 4, 255, 132, 128, 109]
1542955638061;[171, 0, 17, 255, 161, 74, 238, 236, 155, 1, 0, 130, 1, 0, 198, 0, 0, 97, 10, 221]
1542955638225;[171, 0, 17, 255, 161, 74, 238, 236, 155, 1, 0, 129, 1, 0, 197, 0, 0, 95, 11, 77]
1542955638228;[171, 0, 17, 255, 161, 74, 238, 236, 155, 1, 0, 131, 1, 0, 197, 0, 0, 96, 11, 166]
1542955638397;[171, 0, 17, 255, 161, 74, 238, 236, 155, 1, 0, 128, 1, 0, 198, 0, 0, 99, 11, 221]
1542955638568;[171, 0, 17, 255, 161, 74, 238, 236, 155, 1, 0, 131, 1, 0, 196, 0, 0, 95, 12, 184]
1542955638572;[171, 0, 17, 255, 161, 74, 238, 236, 156, 1, 0, 127, 1, 0, 197, 0, 0, 97, 13, 103]
1542955638747;[171, 0, 17, 255, 161, 74, 238, 236, 156, 1, 0, 127, 1, 0, 198, 0, 0, 98, 13, 171]
1542955638749;[171, 0, 17, 255, 161, 74, 238, 236, 156, 1, 0, 128, 1, 0, 198, 0, 0, 97, 13, 230]
1542955639088;[171, 0, 17, 255, 161, 74, 238, 236, 156, 1, 0, 129, 1, 0, 196, 0, 0, 98, 14, 9]
1542955639091;[171, 0, 17, 255, 161, 74, 238, 236, 156, 1, 0, 130, 1, 0, 196, 0, 0, 96, 14, 20]
1542955639095;[171, 0, 4, 255, 132, 128, 109]
1542955639433;[171, 0, 17, 255, 161, 74, 238, 236, 156, 1, 0, 128, 1, 0, 196, 0, 0, 96, 14, 185]
1542955639437;[171, 0, 17, 255, 161, 74, 238, 236, 156, 1, 0, 128, 1, 0, 196, 0, 0, 96, 15, 19]
1542955639441;[171, 0, 17, 255, 161, 74, 238, 236, 156, 1, 0, 130, 1, 0, 197, 0, 0, 97, 15, 19]
1542955639445;[171, 0, 17, 255, 161, 74, 238, 236, 156, 1, 0, 130, 1, 0, 196, 0, 0, 96, 15, 39]
1542955639603;[171, 0, 17, 255, 161, 74, 238, 236, 156, 1, 0, 129, 1, 0, 196, 0, 0, 97, 15, 31]
1542955639951;[171, 0, 17, 255, 161, 74, 238, 236, 157, 1, 0, 129, 1, 0, 197, 0, 0, 97, 15, 30]
1542955639955;[171, 0, 17, 255, 161, 74, 238, 236, 157, 1, 0, 128, 1, 0, 196, 0, 0, 98, 31, 187]
1542955639959;[171, 0, 17, 255, 161, 74, 238, 236, 157, 1, 0, 127, 1, 0, 196, 0, 0, 98, 7, 220]
1542955639963;[171, 0, 17, 255, 161, 74, 238, 236, 157, 1, 0, 125, 1, 0, 195, 0, 0, 97, 7, 193]
1542955640294;[171, 0, 17, 255, 161, 74, 238, 236, 159, 1, 0, 129, 1, 0, 196, 0, 0, 97, 5, 190]
1542955640467;[171, 0, 17, 255, 161, 74, 238, 236, 159, 1, 0, 127, 1, 0, 198, 0, 0, 97, 5, 136]
1542955640471;[171, 0, 17, 255, 161, 74, 238, 236, 159, 1, 0, 125, 1, 0, 195, 0, 0, 97, 5, 103]
1542955640640;[171, 0, 17, 255, 161, 74, 238, 236, 159, 1, 0, 129, 1, 0, 195, 0, 0, 94, 5, 61]
1542955640644;[171, 0, 17, 255, 161, 74, 238, 236, 159, 1, 0, 122, 1, 0, 201, 0, 0, 97, 5, 12]
1542955640810;[171, 0, 17, 255, 161, 74, 238, 236, 160, 1, 0, 130, 1, 0, 198, 0, 0, 100, 4, 224]
1542955640814;[171, 0, 17, 255, 161, 74, 238, 236, 160, 1, 0, 126, 1, 0, 197, 0, 0, 86, 4, 190]
1542955640986;[171, 0, 17, 255, 161, 74, 238, 236, 160, 1, 0, 127, 1, 0, 194, 0, 0, 99, 4, 136]
1542955641156;[171, 0, 17, 255, 161, 74, 238, 236, 160, 1, 0, 126, 1, 0, 196, 0, 0, 98, 4, 124]
1542955641160;[171, 0, 17, 255, 161, 74, 238, 236, 160, 1, 0, 129, 1, 0, 192, 0, 0, 95, 4, 107]
1542955641328;[171, 0, 4, 255, 132, 128, 109]
1542955641332;[171, 0, 17, 255, 161, 74, 238, 236, 160, 1, 0, 127, 1, 0, 195, 0, 0, 98, 4, 80]
1542955641674;[171, 0, 17, 255, 161, 74, 238, 236, 160, 1, 0, 125, 1, 0, 196, 0, 0, 98, 4, 94]
1542955641677;[171, 0, 17, 255, 161, 74, 238, 236, 160, 1, 0, 125, 1, 0, 196, 0, 0, 97, 4, 97]
1542955641681;[171, 0, 17, 255, 161, 74, 238, 236, 160, 1, 0, 128, 1, 0, 197, 0, 0, 95, 4, 90]
1542955641847;[171, 0, 17, 255, 161, 74, 238, 236, 160, 1, 0, 125, 1, 0, 199, 0, 0, 97, 4, 68]
1542955641851;[171, 0, 17, 255, 161, 74, 238, 236, 161, 1, 0, 128, 1, 0, 196, 0, 0, 97, 4, 59]
1542955642020;[171, 0, 17, 255, 161, 74, 238, 236, 161, 1, 0, 127, 1, 0, 195, 0, 0, 95, 4, 35]
1542955642023;[171, 0, 17, 255, 161, 74, 238, 236, 161, 1, 0, 127, 1, 0, 196, 0, 0, 95, 4, 44]
1542955642191;[171, 0, 17, 255, 161, 74, 238, 236, 161, 1, 0, 129, 1, 0, 196, 0, 0, 96, 4, 71]
1542955642365;[171, 0, 17, 255, 161, 74, 238, 236, 161, 1, 0, 126, 1, 0, 197, 0, 0, 97, 4, 60]
1542955642368;[171, 0, 4, 255, 132, 128, 108]
1542955642536;[171, 0, 17, 255, 161, 74, 238, 236, 161, 1, 0, 125, 1, 0, 198, 0, 0, 94, 4, 52]
1542955642541;[171, 0, 17, 255, 161, 74, 238, 236, 161, 1, 0, 126, 1, 0, 197, 0, 0, 97, 4, 35]
1542955642882;[171, 0, 17, 255, 161, 74, 238, 236, 161, 1, 0, 129, 1, 0, 196, 0, 0, 97, 4, 25]
1542955642886;[171, 0, 17, 255, 161, 74, 238, 236, 161, 1, 0, 128, 1, 0, 199, 0, 0, 95, 4, 39]
1542955642890;[171, 0, 17, 255, 161, 74, 238, 236, 161, 1, 0, 125, 1, 0, 197, 0, 0, 97, 4, 61]
1542955643054;[171, 0, 17, 255, 161, 74, 238, 236, 162, 1, 0, 127, 1, 0, 198, 0, 0, 97, 4, 55]
1542955643058;[171, 0, 17, 255, 161, 74, 238, 236, 162, 1, 0, 125, 1, 0, 195, 0, 0, 96, 4, 39]
1542955643226;[171, 0, 17, 255, 161, 74, 238, 236, 162, 1, 0, 128, 1, 0, 191, 0, 0, 95, 4, 32]
1542955643230;[171, 0, 17, 255, 161, 74, 238, 236, 162, 1, 0, 126, 1, 0, 195, 0, 0, 96, 4, 12]
1542955643398;[171, 0, 17, 255, 161, 74, 238, 236, 162, 1, 0, 127, 1, 0, 197, 0, 0, 97, 4, 30]
1542955643571;[171, 0, 4, 255, 132, 128, 108]
1542955643575;[171, 0, 17, 255, 161, 74, 238, 236, 162, 1, 0, 129, 1, 0, 196, 0, 0, 95, 4, 49]
1542955643744;[171, 0, 17, 255, 161, 74, 238, 236, 162, 1, 0, 128, 1, 0, 194, 0, 0, 96, 4, 37]
1542955643747;[171, 0, 17, 255, 161, 74, 238, 236, 162, 1, 0, 128, 1, 0, 196, 0, 0, 96, 4, 29]
1542955644263;[171, 0, 17, 255, 161, 74, 238, 236, 162, 1, 0, 127, 1, 0, 197, 0, 0, 97, 4, 15]
1542955644267;[171, 0, 17, 255, 161, 74, 238, 236, 162, 1, 0, 126, 1, 0, 196, 0, 0, 97, 4, 5]
1542955644271;[171, 0, 17, 255, 161, 74, 238, 236, 163, 1, 0, 128, 1, 0, 199, 0, 0, 96, 4, 56]
1542955644275;[171, 0, 17, 255, 161, 74, 238, 236, 163, 1, 0, 128, 1, 0, 196, 0, 0, 97, 4, 78]
1542955644435;[171, 0, 17, 255, 161, 74, 238, 236, 163, 1, 0, 128, 1, 0, 198, 0, 0, 97, 4, 75]
1542955644439;[171, 0, 17, 255, 161, 74, 238, 236, 163, 1, 0, 127, 1, 0, 197, 0, 0, 97, 4, 74]
1542955644443;[171, 0, 17, 255, 161, 74, 238, 236, 163, 1, 0, 128, 1, 0, 199, 0, 0, 96, 4, 68]
1542955644606;[171, 0, 4, 255, 132, 128, 108]
1542955644610;[171, 0, 17, 255, 161, 74, 238, 236, 163, 1, 0, 127, 1, 0, 197, 0, 0, 96, 4, 67]
1542955644776;[171, 0, 17, 255, 161, 74, 238, 236, 163, 1, 0, 126, 1, 0, 197, 0, 0, 95, 4, 108]
1542955644951;[171, 0, 17, 255, 161, 74, 238, 236, 163, 1, 0, 128, 1, 0, 197, 0, 0, 95, 4, 112]
1542955644955;[171, 0, 17, 255, 161, 74, 238, 236, 163, 1, 0, 127, 1, 0, 195, 0, 0, 95, 4, 104]
1542955645123;[171, 0, 17, 255, 161, 74, 238, 236, 163, 1, 0, 125, 1, 0, 196, 0, 0, 95, 4, 109]
1542955645127;[171, 0, 17, 255, 161, 74, 238, 236, 164, 1, 0, 125, 1, 0, 196, 0, 0, 95, 4, 100]
1542955645643;[171, 0, 17, 255, 161, 74, 238, 236, 164, 1, 0, 126, 1, 0, 197, 0, 0, 94, 4, 88]
1542955645647;[171, 0, 17, 255, 161, 74, 238, 236, 164, 1, 0, 127, 1, 0, 198, 0, 0, 95, 4, 130]
1542955645651;[171, 0, 17, 255, 161, 74, 238, 236, 164, 1, 0, 128, 1, 0, 197, 0, 0, 95, 4, 129]
1542955645655;[171, 0, 17, 255, 161, 74, 238, 236, 164, 1, 0, 125, 1, 0, 199, 0, 0, 96, 4, 119]
1542955645814;[171, 0, 4, 255, 132, 128, 107]
1542955645820;[171, 0, 17, 255, 161, 74, 238, 236, 164, 1, 0, 127, 1, 0, 198, 0, 0, 95, 4, 111]
1542955645823;[171, 0, 17, 255, 161, 74, 238, 236, 164, 1, 0, 128, 1, 0, 199, 0, 0, 95, 4, 92]
1542955645987;[171, 0, 17, 255, 161, 74, 238, 236, 164, 1, 0, 128, 1, 0, 199, 0, 0, 96, 4, 87]
1542955646159;[171, 0, 17, 255, 161, 74, 238, 236, 164, 1, 0, 126, 1, 0, 199, 0, 0, 96, 4, 123]
1542955646162;[171, 0, 17, 255, 161, 74, 238, 236, 164, 1, 0, 124, 1, 0, 198, 0, 0, 95, 4, 109]
1542955646331;[171, 0, 17, 255, 161, 74, 238, 236, 165, 1, 0, 127, 1, 0, 197, 0, 0, 93, 4, 97]
1542955646334;[171, 0, 17, 255, 161, 74, 238, 236, 165, 1, 0, 127, 1, 0, 198, 0, 0, 94, 4, 78]
1542955646678;[171, 0, 17, 255, 161, 74, 238, 236, 165, 1, 0, 128, 1, 0, 198, 0, 0, 93, 4, 53]
1542955646682;[171, 0, 17, 255, 161, 74, 238, 236, 165, 1, 0, 127, 1, 0, 198, 0, 0, 95, 4, 50]
1542955646686;[171, 0, 17, 255, 161, 74, 238, 236, 165, 1, 0, 129, 1, 0, 197, 0, 0, 95, 4, 58]
1542955647021;[171, 0, 4, 255, 132, 128, 106]
1542955647025;[171, 0, 17, 255, 161, 74, 238, 236, 165, 1, 0, 125, 1, 0, 197, 0, 0, 95, 4, 39]
1542955647029;[171, 0, 17, 255, 161, 74, 238, 236, 165, 1, 0, 125, 1, 0, 198, 0, 0, 95, 4, 15]
1542955647033;[171, 0, 17, 255, 161, 74, 238, 236, 165, 1, 0, 127, 1, 0, 199, 0, 0, 96, 3, 251]
1542955647193;[171, 0, 17, 255, 161, 74, 238, 236, 165, 1, 0, 126, 1, 0, 197, 0, 0, 94, 3, 228]
1542955647366;[171, 0, 17, 255, 161, 74, 238, 236, 165, 1, 0, 125, 1, 0, 199, 0, 0, 95, 3, 240]
1542955647370;[171, 0, 17, 255, 161, 74, 238, 236, 166, 1, 0, 127, 1, 0, 200, 0, 0, 93, 3, 253]
1542955647538;[171, 0, 17, 255, 161, 74, 238, 236, 166, 1, 0, 127, 1, 0, 197, 0, 0, 96, 3, 238]
1542955647542;[171, 0, 17, 255, 161, 74, 238, 236, 166, 1, 0, 127, 1, 0, 198, 0, 0, 95, 3, 215]
1542955647710;[171, 0, 17, 255, 161, 74, 238, 236, 166, 1, 0, 126, 1, 0, 198, 0, 0, 95, 3, 203]
1542955647714;[171, 0, 17, 255, 161, 74, 238, 236, 166, 1, 0, 128, 1, 0, 199, 0, 0, 95, 3, 178]
1542955648057;[171, 0, 4, 255, 132, 128, 106]
1542955648061;[171, 0, 17, 255, 161, 74, 238, 236, 166, 1, 0, 130, 1, 0, 200, 0, 0, 92, 3, 182]
1542955648065;[171, 0, 17, 255, 161, 74, 238, 236, 166, 1, 0, 125, 1, 0, 199, 0, 0, 94, 3, 212]
1542955648229;[171, 0, 17, 255, 161, 74, 238, 236, 166, 1, 0, 125, 1, 0, 197, 0, 0, 94, 3, 201]
1542955648233;[171, 0, 17, 255, 161, 74, 238, 236, 166, 1, 0, 124, 1, 0, 199, 0, 0, 95, 3, 181]
1542955648401;[171, 0, 17, 255, 161, 74, 238, 236, 166, 1, 0, 127, 1, 0, 194, 0, 0, 97, 3, 167]
1542955648575;[171, 0, 17, 255, 161, 74, 238, 236, 167, 1, 0, 128, 1, 0, 196, 0, 0, 96, 3, 130]
1542955648578;[171, 0, 17, 255, 161, 74, 238, 236, 167, 1, 0, 124, 1, 0, 198, 0, 0, 96, 3, 86]
1542955648747;[171, 0, 17, 255, 161, 74, 238, 236, 167, 1, 0, 128, 1, 0, 196, 0, 0, 94, 3, 62]
1542955648751;[171, 0, 17, 255, 161, 74, 238, 236, 167, 1, 0, 129, 1, 0, 196, 0, 0, 97, 3, 0]
1542955648920;[171, 0, 17, 255, 161, 74, 238, 236, 167, 1, 0, 128, 1, 0, 197, 0, 0, 97, 2, 180]
1542955648923;[171, 0, 4, 255, 132, 128, 105]
1542955649265;[171, 0, 17, 255, 161, 74, 238, 236, 167, 1, 0, 124, 1, 0, 198, 0, 0, 99, 2, 111]
1542955649269;[171, 0, 17, 255, 161, 74, 238, 236, 167, 1, 0, 131, 1, 0, 199, 0, 0, 96, 2, 74]
1542955649273;[171, 0, 17, 255, 161, 74, 238, 236, 167, 1, 0, 130, 1, 0, 197, 0, 0, 99, 2, 95]
1542955649436;[171, 0, 17, 255, 161, 74, 238, 236, 167, 1, 0, 130, 1, 0, 194, 0, 0, 96, 2, 149]
1542955649439;[171, 0, 17, 255, 161, 74, 238, 236, 167, 1, 0, 128, 1, 0, 194, 0, 0, 97, 2, 181]
1542955649609;[171, 0, 17, 255, 161, 74, 238, 236, 168, 1, 0, 129, 1, 0, 195, 0, 0, 97, 2, 196]
1542955649613;[171, 0, 17, 255, 161, 74, 238, 236, 168, 1, 0, 130, 1, 0, 196, 0, 0, 98, 2, 208]
1542955649781;[171, 0, 17, 255, 161, 74, 238, 236, 168, 1, 0, 130, 1, 0, 196, 0, 0, 96, 2, 223]
1542955649954;[171, 0, 17, 255, 161, 74, 238, 236, 168, 1, 0, 130, 1, 0, 196, 0, 0, 99, 2, 237]
1542955649957;[171, 0, 17, 255, 161, 74, 238, 236, 168, 1, 0, 126, 1, 0, 195, 0, 0, 98, 3, 37]
1542955650125;[171, 0, 4, 255, 132, 128, 105]
1542955650129;[171, 0, 17, 255, 161, 74, 238, 236, 168, 1, 0, 130, 1, 0, 197, 0, 0, 98, 3, 65]
1542955650298;[171, 0, 17, 255, 161, 74, 238, 236, 168, 1, 0, 128, 1, 0, 195, 0, 0, 95, 3, 69]
1542955650646;[171, 0, 17, 255, 161, 74, 238, 236, 168, 1, 0, 129, 1, 0, 195, 0, 0, 98, 3, 57]
1542955650649;[171, 0, 17, 255, 161, 74, 238, 236, 168, 1, 0, 126, 1, 0, 198, 0, 0, 96, 3, 35]
1542955650654;[171, 0, 17, 255, 161, 74, 238, 236, 168, 1, 0, 126, 1, 0, 196, 0, 0, 96, 2, 232]
1542955650657;[171, 0, 17, 255, 161, 74, 238, 236, 169, 1, 0, 126, 1, 0, 197, 0, 0, 97, 2, 222]
1542955650813;[171, 0, 17, 255, 161, 74, 238, 236, 169, 1, 0, 124, 1, 0, 194, 0, 0, 95, 2, 165]
1542955650816;[171, 0, 17, 255, 161, 74, 238, 236, 169, 1, 0, 130, 1, 0, 197, 0, 0, 94, 2, 102]
1542955650987;[171, 0, 17, 255, 161, 74, 238, 236, 169, 1, 0, 125, 1, 0, 198, 0, 0, 98, 2, 78]
1542955651161;[171, 0, 17, 255, 161, 74, 238, 236, 169, 1, 0, 129, 1, 0, 193, 0, 0, 96, 2, 59]
1542955651165;[171, 0, 4, 255, 132, 128, 104]
1542955651334;[171, 0, 17, 255, 161, 74, 238, 236, 169, 1, 0, 127, 1, 0, 198, 0, 0, 95, 2, 24]
1542955651337;[171, 0, 17, 255, 161, 74, 238, 236, 169, 1, 0, 125, 1, 0, 198, 0, 0, 95, 2, 54]
1542955651505;[171, 0, 17, 255, 161, 74, 238, 236, 169, 1, 0, 126, 1, 0, 197, 0, 0, 97, 2, 63]
1542955651852;[171, 0, 17, 255, 161, 74, 238, 236, 169, 1, 0, 124, 1, 0, 200, 0, 0, 94, 2, 45]
1542955651856;[171, 0, 17, 255, 161, 74, 238, 236, 169, 1, 0, 122, 1, 0, 200, 0, 0, 96, 2, 26]
1542955651860;[171, 0, 17, 255, 161, 74, 238, 236, 170, 1, 0, 126, 1, 0, 196, 0, 0, 97, 2, 39]
1542955651864;[171, 0, 17, 255, 161, 74, 238, 236, 170, 1, 0, 126, 1, 0, 197, 0, 0, 94, 2, 29]
1542955652196;[171, 0, 17, 255, 161, 74, 238, 236, 170, 1, 0, 128, 1, 0, 198, 0, 0, 95, 2, 47]
1542955652201;[171, 0, 17, 255, 161, 74, 238, 236, 170, 1, 0, 133, 1, 0, 199, 0, 0, 94, 2, 60]
1542955652204;[171, 0, 17, 255, 161, 74, 238, 236, 170, 1, 0, 128, 1, 0, 197, 0, 0, 100, 2, 11]
1542955652368;[171, 0, 4, 255, 132, 128, 104]
1542955652372;[171, 0, 17, 255, 161, 74, 238, 236, 170, 1, 0, 126, 1, 0, 198, 0, 0, 95, 1, 181]
1542955652542;[171, 0, 17, 255, 161, 74, 238, 236, 170, 1, 0, 125, 1, 0, 198, 0, 0, 98, 1, 121]
1542955652546;[171, 0, 17, 255, 161, 74, 238, 236, 170, 1, 0, 128, 1, 0, 199, 0, 0, 97, 1, 83]
1542955652714;[171, 0, 17, 255, 161, 74, 238, 236, 170, 1, 0, 128, 1, 0, 196, 0, 0, 95, 1, 78]
1542955652718;[171, 0, 17, 255, 161, 74, 238, 236, 170, 1, 0, 123, 1, 0, 199, 0, 0, 96, 1, 88]
1542955653233;[171, 0, 17, 255, 161, 74, 238, 236, 171, 1, 0, 127, 1, 0, 198, 0, 0, 97, 1, 64]
1542955653237;[171, 0, 17, 255, 161, 74, 238, 236, 171, 1, 0, 126, 1, 0, 196, 0, 0, 94, 1, 47]
1542955653241;[171, 0, 17, 255, 161, 74, 238, 236, 171, 1, 0, 125, 1, 0, 194, 0, 0, 99, 1, 57]
1542955653245;[171, 0, 17, 255, 161, 74, 238, 236, 171, 1, 0, 127, 1, 0, 198, 0, 0, 94, 1, 71]
1542955653404;[171, 0, 17, 255, 161, 74, 238, 236, 171, 1, 0, 127, 1, 0, 197, 0, 0, 97, 1, 154]
1542955653408;[171, 0, 4, 255, 132, 128, 103]
1542955653576;[171, 0, 17, 255, 161, 74, 238, 236, 171, 1, 0, 126, 1, 0, 199, 0, 0, 99, 1, 243]
1542955653583;[171, 0, 17, 255, 161, 74, 238, 236, 171, 1, 0, 125, 1, 0, 196, 0, 0, 90, 2, 7]
1542955653749;[171, 0, 17, 255, 161, 74, 238, 236, 171, 1, 0, 128, 1, 0, 197, 0, 0, 96, 2, 18]
1542955653753;[171, 0, 17, 255, 161, 74, 238, 236, 171, 1, 0, 127, 1, 0, 201, 0, 0, 92, 2, 12]
1542955653920;[171, 0, 17, 255, 161, 74, 238, 236, 171, 1, 0, 128, 1, 0, 197, 0, 0, 97, 2, 3]
1542955653924;[171, 0, 17, 255, 161, 74, 238, 236, 172, 1, 0, 126, 1, 0, 199, 0, 0, 95, 2, 45]
1542955654094;[171, 0, 17, 255, 161, 74, 238, 236, 172, 1, 0, 126, 1, 0, 197, 0, 0, 96, 2, 57]
