1542744336581;[171, 0, 17, 255, 161, 74, 234, 66, 21, 0, 0, 154, 0, 0, 1, 0, 0, 205, 6, 155]
1542744336737;[171, 0, 17, 255, 161, 74, 234, 66, 21, 0, 0, 153, 0, 0, 2, 0, 0, 204, 6, 159]
1542744336739;[171, 0, 17, 255, 161, 74, 234, 66, 21, 0, 0, 153, 0, 0, 2, 0, 0, 204, 6, 159]
1542744336909;[171, 0, 17, 255, 161, 74, 234, 66, 21, 0, 0, 155, 0, 0, 1, 0, 0, 206, 6, 150]
1542744336911;[171, 0, 17, 255, 161, 74, 234, 66, 21, 0, 0, 155, 0, 0, 1, 0, 0, 206, 6, 150]
1542744336913;[171, 0, 4, 255, 132, 128, 69]
1542744336915;[171, 0, 4, 255, 132, 128, 69]
1542744337082;[171, 0, 17, 255, 161, 74, 234, 66, 22, 0, 0, 157, 0, 0, 3, 0, 0, 205, 6, 139]
1542744337083;[171, 0, 17, 255, 161, 74, 234, 66, 22, 0, 0, 157, 0, 0, 3, 0, 0, 205, 6, 139]
1542744337254;[171, 0, 17, 255, 161, 74, 234, 66, 22, 0, 0, 155, 0, 0, 4, 0, 0, 205, 6, 129]
1542744337256;[171, 0, 17, 255, 161, 74, 234, 66, 22, 0, 0, 155, 0, 0, 4, 0, 0, 205, 6, 129]
1542744337258;[171, 0, 17, 255, 161, 74, 234, 66, 22, 0, 0, 156, 0, 0, 2, 0, 0, 207, 6, 140]
1542744337260;[171, 0, 17, 255, 161, 74, 234, 66, 22, 0, 0, 156, 0, 0, 2, 0, 0, 207, 6, 140]
1542744337263;[171, 0, 17, 255, 161, 74, 234, 66, 22, 0, 0, 155, 0, 0, 3, 0, 0, 206, 7, 30]
1542744337264;[171, 0, 17, 255, 161, 74, 234, 66, 22, 0, 0, 155, 0, 0, 3, 0, 0, 206, 7, 30]
1542744337427;[171, 0, 17, 255, 161, 74, 234, 66, 22, 0, 0, 157, 0, 0, 2, 0, 0, 205, 7, 126]
1542744337428;[171, 0, 17, 255, 161, 74, 234, 66, 22, 0, 0, 157, 0, 0, 2, 0, 0, 205, 7, 126]
1542744337600;[171, 0, 17, 255, 161, 74, 234, 66, 22, 0, 0, 153, 0, 0, 2, 0, 0, 207, 7, 182]
1542744337602;[171, 0, 17, 255, 161, 74, 234, 66, 22, 0, 0, 153, 0, 0, 2, 0, 0, 207, 7, 182]
1542744337605;[171, 0, 17, 255, 161, 74, 234, 66, 22, 0, 0, 155, 0, 0, 5, 0, 0, 206, 7, 209]
1542744337606;[171, 0, 17, 255, 161, 74, 234, 66, 22, 0, 0, 155, 0, 0, 5, 0, 0, 206, 7, 209]
1542744337966;[171, 0, 17, 255, 161, 74, 234, 66, 22, 0, 0, 154, 0, 0, 3, 0, 0, 205, 7, 233]
1542744337967;[171, 0, 17, 255, 161, 74, 234, 66, 22, 0, 0, 154, 0, 0, 3, 0, 0, 205, 7, 233]
1542744337968;[171, 0, 17, 255, 161, 74, 234, 66, 22, 0, 0, 155, 0, 0, 2, 0, 0, 206, 7, 240]
1542744337970;[171, 0, 17, 255, 161, 74, 234, 66, 22, 0, 0, 155, 0, 0, 2, 0, 0, 206, 7, 240]
1542744337971;[171, 0, 17, 255, 161, 74, 234, 66, 22, 0, 0, 153, 0, 0, 3, 0, 0, 205, 7, 232]
1542744337972;[171, 0, 17, 255, 161, 74, 234, 66, 22, 0, 0, 153, 0, 0, 3, 0, 0, 205, 7, 232]
1542744337974;[171, 0, 4, 255, 132, 128, 69]
1542744337975;[171, 0, 4, 255, 132, 128, 69]
1542744338112;[171, 0, 17, 255, 161, 74, 234, 66, 23, 0, 0, 156, 0, 0, 1, 0, 0, 204, 7, 214]
1542744338113;[171, 0, 17, 255, 161, 74, 234, 66, 23, 0, 0, 156, 0, 0, 1, 0, 0, 204, 7, 214]
1542744338289;[171, 0, 17, 255, 161, 74, 234, 66, 23, 0, 0, 156, 0, 0, 2, 0, 0, 206, 7, 193]
1542744338291;[171, 0, 17, 255, 161, 74, 234, 66, 23, 0, 0, 156, 0, 0, 2, 0, 0, 206, 7, 193]
1542744338294;[171, 0, 17, 255, 161, 74, 234, 66, 23, 0, 0, 155, 0, 0, 5, 0, 0, 205, 7, 177]
1542744338295;[171, 0, 17, 255, 161, 74, 234, 66, 23, 0, 0, 155, 0, 0, 5, 0, 0, 205, 7, 177]
1542744338462;[171, 0, 17, 255, 161, 74, 234, 66, 23, 0, 0, 156, 0, 0, 3, 0, 0, 206, 7, 229]
1542744338464;[171, 0, 17, 255, 161, 74, 234, 66, 23, 0, 0, 156, 0, 0, 3, 0, 0, 206, 7, 229]
1542744338467;[171, 0, 17, 255, 161, 74, 234, 66, 23, 0, 0, 156, 0, 0, 2, 0, 0, 207, 8, 108]
1542744338468;[171, 0, 17, 255, 161, 74, 234, 66, 23, 0, 0, 156, 0, 0, 2, 0, 0, 207, 8, 108]
1542744338635;[171, 0, 17, 255, 161, 74, 234, 66, 23, 0, 0, 156, 0, 0, 2, 0, 0, 205, 8, 157]
1542744338637;[171, 0, 17, 255, 161, 74, 234, 66, 23, 0, 0, 156, 0, 0, 2, 0, 0, 205, 8, 157]
1542744338806;[171, 0, 17, 255, 161, 74, 234, 66, 23, 0, 0, 153, 0, 0, 2, 0, 0, 206, 8, 164]
1542744338808;[171, 0, 17, 255, 161, 74, 234, 66, 23, 0, 0, 153, 0, 0, 2, 0, 0, 206, 8, 164]
1542744338811;[171, 0, 17, 255, 161, 74, 234, 66, 23, 0, 0, 154, 0, 0, 2, 0, 0, 207, 8, 177]
1542744338812;[171, 0, 17, 255, 161, 74, 234, 66, 23, 0, 0, 154, 0, 0, 2, 0, 0, 207, 8, 177]
1542744339153;[171, 0, 17, 255, 161, 74, 234, 66, 23, 0, 0, 155, 0, 0, 2, 0, 0, 206, 8, 185]
1542744339156;[171, 0, 17, 255, 161, 74, 234, 66, 23, 0, 0, 155, 0, 0, 2, 0, 0, 206, 8, 185]
1542744339158;[171, 0, 17, 255, 161, 74, 234, 66, 23, 0, 0, 155, 0, 0, 2, 0, 0, 205, 8, 187]
1542744339160;[171, 0, 17, 255, 161, 74, 234, 66, 23, 0, 0, 155, 0, 0, 2, 0, 0, 205, 8, 187]
1542744339162;[171, 0, 4, 255, 132, 128, 68]
1542744339164;[171, 0, 4, 255, 132, 128, 68]
1542744339326;[171, 0, 17, 255, 161, 74, 234, 66, 24, 0, 0, 154, 0, 0, 1, 0, 0, 207, 8, 178]
1542744339329;[171, 0, 17, 255, 161, 74, 234, 66, 24, 0, 0, 154, 0, 0, 1, 0, 0, 207, 8, 178]
1542744339330;[171, 0, 17, 255, 161, 74, 234, 66, 24, 0, 0, 151, 0, 0, 3, 0, 0, 207, 8, 178]
1542744339332;[171, 0, 17, 255, 161, 74, 234, 66, 24, 0, 0, 151, 0, 0, 3, 0, 0, 207, 8, 178]
1542744339497;[171, 0, 17, 255, 161, 74, 234, 66, 24, 0, 0, 153, 0, 0, 2, 0, 0, 206, 8, 220]
1542744339499;[171, 0, 17, 255, 161, 74, 234, 66, 24, 0, 0, 153, 0, 0, 2, 0, 0, 206, 8, 220]
1542744339501;[171, 0, 17, 255, 161, 74, 234, 66, 24, 0, 0, 155, 0, 0, 3, 0, 0, 207, 9, 89]
1542744339503;[171, 0, 17, 255, 161, 74, 234, 66, 24, 0, 0, 155, 0, 0, 3, 0, 0, 207, 9, 89]
1542744339844;[171, 0, 17, 255, 161, 74, 234, 66, 24, 0, 0, 155, 0, 0, 3, 0, 0, 206, 9, 121]
1542744339846;[171, 0, 17, 255, 161, 74, 234, 66, 24, 0, 0, 155, 0, 0, 3, 0, 0, 206, 9, 121]
1542744339849;[171, 0, 17, 255, 161, 74, 234, 66, 24, 0, 0, 153, 0, 0, 3, 0, 0, 206, 9, 116]
1542744339851;[171, 0, 17, 255, 161, 74, 234, 66, 24, 0, 0, 153, 0, 0, 3, 0, 0, 206, 9, 116]
1542744339853;[171, 0, 17, 255, 161, 74, 234, 66, 24, 0, 0, 156, 0, 0, 3, 0, 0, 205, 9, 104]
1542744339855;[171, 0, 17, 255, 161, 74, 234, 66, 24, 0, 0, 156, 0, 0, 3, 0, 0, 205, 9, 104]
1542744340018;[171, 0, 17, 255, 161, 74, 234, 66, 24, 0, 0, 155, 0, 0, 3, 0, 0, 207, 9, 84]
1542744340020;[171, 0, 17, 255, 161, 74, 234, 66, 24, 0, 0, 155, 0, 0, 3, 0, 0, 207, 9, 84]
1542744340022;[171, 0, 17, 255, 161, 74, 234, 66, 24, 0, 0, 155, 0, 0, 2, 0, 0, 206, 9, 61]
1542744340024;[171, 0, 17, 255, 161, 74, 234, 66, 24, 0, 0, 155, 0, 0, 2, 0, 0, 206, 9, 61]
1542744340534;[171, 0, 17, 255, 161, 74, 234, 66, 24, 0, 0, 154, 0, 0, 2, 0, 0, 206, 9, 31]
1542744340537;[171, 0, 17, 255, 161, 74, 234, 66, 24, 0, 0, 154, 0, 0, 2, 0, 0, 206, 9, 31]
1542744340538;[171, 0, 4, 255, 132, 128, 67]
1542744340541;[171, 0, 4, 255, 132, 128, 67]
1542744340544;[171, 0, 17, 255, 161, 74, 234, 66, 25, 0, 0, 156, 0, 0, 3, 0, 0, 206, 8, 253]
1542744342578;[171, 0, 17, 255, 161, 74, 234, 66, 25, 0, 0, 156, 0, 0, 3, 0, 0, 206, 8, 253]
1542744342579;[171, 0, 17, 255, 161, 74, 234, 66, 25, 0, 0, 152, 0, 0, 2, 0, 0, 205, 8, 250]
1542744342581;[171, 0, 17, 255, 161, 74, 234, 66, 25, 0, 0, 152, 0, 0, 2, 0, 0, 205, 8, 250]
1542744342582;[171, 0, 17, 255, 161, 74, 234, 66, 25, 0, 0, 155, 0, 0, 2, 0, 0, 205, 9, 101]
1542744342584;[171, 0, 17, 255, 161, 74, 234, 66, 25, 0, 0, 155, 0, 0, 2, 0, 0, 205, 9, 101]
1542744342585;[171, 0, 17, 255, 161, 74, 234, 66, 25, 0, 0, 155, 0, 0, 2, 0, 0, 207, 9, 141]
1542744342587;[171, 0, 17, 255, 161, 74, 234, 66, 25, 0, 0, 155, 0, 0, 2, 0, 0, 207, 9, 141]
1542744342588;[171, 0, 17, 255, 161, 74, 234, 66, 25, 0, 0, 152, 0, 0, 1, 0, 0, 205, 9, 135]
1542744342590;[171, 0, 17, 255, 161, 74, 234, 66, 25, 0, 0, 152, 0, 0, 1, 0, 0, 205, 9, 135]
1542744342600;[171, 0, 17, 255, 161, 74, 234, 66, 25, 0, 0, 153, 0, 0, 3, 0, 0, 207, 9, 108]
1542744342602;[171, 0, 17, 255, 161, 74, 234, 66, 25, 0, 0, 153, 0, 0, 3, 0, 0, 207, 9, 108]
1542744342604;[171, 0, 17, 255, 161, 74, 234, 66, 25, 0, 0, 154, 0, 0, 4, 0, 0, 205, 9, 81]
1542744342605;[171, 0, 17, 255, 161, 74, 234, 66, 25, 0, 0, 154, 0, 0, 4, 0, 0, 205, 9, 81]
1542744342626;[171, 0, 17, 255, 161, 74, 234, 66, 25, 0, 0, 156, 0, 0, 3, 0, 0, 205, 9, 48]
1542744342628;[171, 0, 17, 255, 161, 74, 234, 66, 25, 0, 0, 156, 0, 0, 3, 0, 0, 205, 9, 48]
1542744342630;[171, 0, 17, 255, 161, 74, 234, 66, 25, 0, 0, 155, 0, 0, 3, 0, 0, 207, 8, 253]
1542744342631;[171, 0, 17, 255, 161, 74, 234, 66, 25, 0, 0, 155, 0, 0, 3, 0, 0, 207, 8, 253]
1542744342633;[171, 0, 17, 255, 161, 74, 234, 66, 25, 0, 0, 155, 0, 0, 1, 0, 0, 204, 8, 215]
1542744342635;[171, 0, 17, 255, 161, 74, 234, 66, 25, 0, 0, 155, 0, 0, 1, 0, 0, 204, 8, 215]
1542744342637;[171, 0, 4, 255, 132, 128, 67]
1542744342639;[171, 0, 4, 255, 132, 128, 67]
1542744342642;[171, 0, 17, 255, 161, 74, 234, 66, 26, 0, 0, 154, 0, 0, 2, 0, 0, 205, 8, 178]
1542744342643;[171, 0, 17, 255, 161, 74, 234, 66, 26, 0, 0, 154, 0, 0, 2, 0, 0, 205, 8, 178]
1542744342645;[171, 0, 17, 255, 161, 74, 234, 66, 26, 0, 0, 155, 0, 0, 2, 0, 0, 205, 8, 233]
1542744342647;[171, 0, 17, 255, 161, 74, 234, 66, 26, 0, 0, 155, 0, 0, 2, 0, 0, 205, 8, 233]
1542744342649;[171, 0, 17, 255, 161, 74, 234, 66, 26, 0, 0, 154, 0, 0, 3, 0, 0, 205, 9, 14]
1542744342651;[171, 0, 17, 255, 161, 74, 234, 66, 26, 0, 0, 154, 0, 0, 3, 0, 0, 205, 9, 14]
1542744342653;[171, 0, 17, 255, 161, 74, 234, 66, 26, 0, 0, 156, 0, 0, 2, 0, 0, 205, 9, 3]
1542744342654;[171, 0, 17, 255, 161, 74, 234, 66, 26, 0, 0, 156, 0, 0, 2, 0, 0, 205, 9, 3]
1542744342662;[171, 0, 17, 255, 161, 74, 234, 66, 26, 0, 0, 157, 0, 0, 3, 0, 0, 206, 8, 220]
1542744342663;[171, 0, 17, 255, 161, 74, 234, 66, 26, 0, 0, 157, 0, 0, 3, 0, 0, 206, 8, 220]
1542744342665;[171, 0, 17, 255, 161, 74, 234, 66, 26, 0, 0, 153, 0, 0, 3, 0, 0, 206, 8, 189]
1542744342666;[171, 0, 17, 255, 161, 74, 234, 66, 26, 0, 0, 153, 0, 0, 3, 0, 0, 206, 8, 189]
1542744342683;[171, 0, 17, 255, 161, 74, 234, 66, 26, 0, 0, 155, 0, 0, 0, 0, 0, 205, 8, 146]
1542744342685;[171, 0, 17, 255, 161, 74, 234, 66, 26, 0, 0, 155, 0, 0, 0, 0, 0, 205, 8, 146]
1542744342686;[171, 0, 17, 255, 161, 74, 234, 66, 26, 0, 0, 155, 0, 0, 2, 0, 0, 204, 8, 102]
1542744342687;[171, 0, 17, 255, 161, 74, 234, 66, 26, 0, 0, 155, 0, 0, 2, 0, 0, 204, 8, 102]
1542744342689;[171, 0, 17, 255, 161, 74, 234, 66, 26, 0, 0, 155, 0, 0, 3, 0, 0, 205, 8, 55]
1542744342690;[171, 0, 17, 255, 161, 74, 234, 66, 26, 0, 0, 155, 0, 0, 3, 0, 0, 205, 8, 55]
1542744342692;[171, 0, 17, 255, 161, 74, 234, 66, 29, 0, 0, 155, 0, 0, 3, 0, 0, 207, 7, 5]
1542744342693;[171, 0, 17, 255, 161, 74, 234, 66, 29, 0, 0, 155, 0, 0, 3, 0, 0, 207, 7, 5]
1542744342694;[171, 0, 17, 255, 161, 74, 234, 66, 29, 0, 0, 156, 0, 0, 2, 0, 0, 206, 6, 236]
1542744342696;[171, 0, 17, 255, 161, 74, 234, 66, 29, 0, 0, 156, 0, 0, 2, 0, 0, 206, 6, 236]
1542744343121;[171, 0, 17, 255, 161, 74, 234, 66, 29, 0, 0, 152, 0, 0, 2, 0, 0, 205, 6, 197]
1542744343123;[171, 0, 17, 255, 161, 74, 234, 66, 29, 0, 0, 152, 0, 0, 2, 0, 0, 205, 6, 197]
1542744343125;[171, 0, 17, 255, 161, 74, 234, 66, 29, 0, 0, 155, 0, 0, 1, 0, 0, 205, 6, 164]
1542744343126;[171, 0, 17, 255, 161, 74, 234, 66, 29, 0, 0, 155, 0, 0, 1, 0, 0, 205, 6, 164]
1542744343129;[171, 0, 17, 255, 161, 74, 234, 66, 29, 0, 0, 156, 0, 0, 3, 0, 0, 205, 6, 126]
1542744343131;[171, 0, 17, 255, 161, 74, 234, 66, 29, 0, 0, 156, 0, 0, 3, 0, 0, 205, 6, 126]
1542744343133;[171, 0, 17, 255, 161, 74, 234, 66, 29, 0, 0, 154, 0, 0, 4, 0, 0, 206, 6, 80]
1542744343135;[171, 0, 17, 255, 161, 74, 234, 66, 29, 0, 0, 154, 0, 0, 4, 0, 0, 206, 6, 80]
1542744343293;[171, 0, 17, 255, 161, 74, 234, 66, 29, 0, 0, 154, 0, 0, 4, 0, 0, 206, 6, 84]
1542744343295;[171, 0, 17, 255, 161, 74, 234, 66, 29, 0, 0, 154, 0, 0, 4, 0, 0, 206, 6, 84]
1542744343297;[171, 0, 17, 255, 161, 74, 234, 66, 29, 0, 0, 151, 0, 0, 3, 0, 0, 207, 6, 95]
1542744343299;[171, 0, 17, 255, 161, 74, 234, 66, 29, 0, 0, 151, 0, 0, 3, 0, 0, 207, 6, 95]
1542744343302;[171, 0, 17, 255, 161, 74, 234, 66, 29, 0, 0, 155, 0, 0, 2, 0, 0, 207, 6, 89]
1542744343304;[171, 0, 17, 255, 161, 74, 234, 66, 29, 0, 0, 155, 0, 0, 2, 0, 0, 207, 6, 89]
1542744343465;[171, 0, 17, 255, 161, 74, 234, 66, 29, 0, 0, 155, 0, 0, 2, 0, 0, 206, 6, 54]
1542744343467;[171, 0, 17, 255, 161, 74, 234, 66, 29, 0, 0, 155, 0, 0, 2, 0, 0, 206, 6, 54]
1542744343470;[171, 0, 4, 255, 132, 128, 66]
1542744343472;[171, 0, 4, 255, 132, 128, 66]
1542744343637;[171, 0, 17, 255, 161, 74, 234, 66, 30, 0, 0, 152, 0, 0, 3, 0, 0, 206, 6, 34]
1542744343638;[171, 0, 17, 255, 161, 74, 234, 66, 30, 0, 0, 152, 0, 0, 3, 0, 0, 206, 6, 34]
1542744343810;[171, 0, 17, 255, 161, 74, 234, 66, 30, 0, 0, 153, 0, 0, 3, 0, 0, 205, 6, 3]
1542744343812;[171, 0, 17, 255, 161, 74, 234, 66, 30, 0, 0, 153, 0, 0, 3, 0, 0, 205, 6, 3]
1542744343814;[171, 0, 17, 255, 161, 74, 234, 66, 30, 0, 0, 155, 0, 0, 3, 0, 0, 205, 5, 227]
1542744343816;[171, 0, 17, 255, 161, 74, 234, 66, 30, 0, 0, 155, 0, 0, 3, 0, 0, 205, 5, 227]
1542744343982;[171, 0, 17, 255, 161, 74, 234, 66, 30, 0, 0, 152, 0, 0, 1, 0, 0, 204, 5, 202]
1542744343985;[171, 0, 17, 255, 161, 74, 234, 66, 30, 0, 0, 152, 0, 0, 1, 0, 0, 204, 5, 202]
1542744343987;[171, 0, 17, 255, 161, 74, 234, 66, 30, 0, 0, 155, 0, 0, 1, 0, 0, 206, 5, 196]
1542744343989;[171, 0, 17, 255, 161, 74, 234, 66, 30, 0, 0, 155, 0, 0, 1, 0, 0, 206, 5, 196]
1542744344328;[171, 0, 17, 255, 161, 74, 234, 66, 30, 0, 0, 154, 0, 0, 2, 0, 0, 206, 5, 222]
1542744344331;[171, 0, 17, 255, 161, 74, 234, 66, 30, 0, 0, 154, 0, 0, 2, 0, 0, 206, 5, 222]
1542744344333;[171, 0, 17, 255, 161, 74, 234, 66, 30, 0, 0, 154, 0, 0, 5, 0, 0, 207, 5, 240]
1542744344335;[171, 0, 17, 255, 161, 74, 234, 66, 30, 0, 0, 154, 0, 0, 5, 0, 0, 207, 5, 240]
1542744344337;[171, 0, 17, 255, 161, 74, 234, 66, 30, 0, 0, 155, 0, 0, 2, 0, 0, 205, 5, 233]
1542744344338;[171, 0, 17, 255, 161, 74, 234, 66, 30, 0, 0, 155, 0, 0, 2, 0, 0, 205, 5, 233]
1542744344501;[171, 0, 17, 255, 161, 74, 234, 66, 30, 0, 0, 155, 0, 0, 1, 0, 0, 206, 5, 216]
1542744344502;[171, 0, 17, 255, 161, 74, 234, 66, 30, 0, 0, 155, 0, 0, 1, 0, 0, 206, 5, 216]
1542744344504;[171, 0, 17, 255, 161, 74, 234, 66, 30, 0, 0, 153, 0, 0, 2, 0, 0, 205, 5, 198]
1542744344506;[171, 0, 17, 255, 161, 74, 234, 66, 30, 0, 0, 153, 0, 0, 2, 0, 0, 205, 5, 198]
1542744344673;[171, 0, 4, 255, 132, 128, 65]
1542744344675;[171, 0, 4, 255, 132, 128, 65]
1542744344678;[171, 0, 17, 255, 161, 74, 234, 66, 31, 0, 0, 156, 0, 0, 2, 0, 0, 206, 5, 182]
1542744344679;[171, 0, 17, 255, 161, 74, 234, 66, 31, 0, 0, 156, 0, 0, 2, 0, 0, 206, 5, 182]
1542744344845;[171, 0, 17, 255, 161, 74, 234, 66, 31, 0, 0, 155, 0, 0, 1, 0, 0, 205, 5, 144]
1542744344846;[171, 0, 17, 255, 161, 74, 234, 66, 31, 0, 0, 155, 0, 0, 1, 0, 0, 205, 5, 144]
1542744345192;[171, 0, 17, 255, 161, 74, 234, 66, 31, 0, 0, 155, 0, 0, 3, 0, 0, 205, 5, 136]
1542744345194;[171, 0, 17, 255, 161, 74, 234, 66, 31, 0, 0, 155, 0, 0, 3, 0, 0, 205, 5, 136]
1542744345197;[171, 0, 17, 255, 161, 74, 234, 66, 31, 0, 0, 154, 0, 0, 3, 0, 0, 206, 5, 176]
1542744345198;[171, 0, 17, 255, 161, 74, 234, 66, 31, 0, 0, 154, 0, 0, 3, 0, 0, 206, 5, 176]
1542744345201;[171, 0, 17, 255, 161, 74, 234, 66, 31, 0, 0, 157, 0, 0, 1, 0, 0, 204, 5, 189]
1542744345203;[171, 0, 17, 255, 161, 74, 234, 66, 31, 0, 0, 157, 0, 0, 1, 0, 0, 204, 5, 189]
1542744345207;[171, 0, 17, 255, 161, 74, 234, 66, 31, 0, 0, 155, 0, 0, 2, 0, 0, 206, 5, 173]
1542744345209;[171, 0, 17, 255, 161, 74, 234, 66, 31, 0, 0, 155, 0, 0, 2, 0, 0, 206, 5, 173]
1542744345709;[171, 0, 17, 255, 161, 74, 234, 66, 31, 0, 0, 153, 0, 0, 2, 0, 0, 204, 5, 172]
1542744345710;[171, 0, 17, 255, 161, 74, 234, 66, 31, 0, 0, 153, 0, 0, 2, 0, 0, 204, 5, 172]
1542744345713;[171, 0, 17, 255, 161, 74, 234, 66, 31, 0, 0, 157, 0, 0, 2, 0, 0, 205, 5, 146]
1542744345715;[171, 0, 17, 255, 161, 74, 234, 66, 31, 0, 0, 157, 0, 0, 2, 0, 0, 205, 5, 146]
1542744345717;[171, 0, 17, 255, 161, 74, 234, 66, 31, 0, 0, 155, 0, 0, 2, 0, 0, 205, 5, 125]
1542744345719;[171, 0, 17, 255, 161, 74, 234, 66, 31, 0, 0, 155, 0, 0, 2, 0, 0, 205, 5, 125]
1542744345722;[171, 0, 17, 255, 161, 74, 234, 66, 31, 0, 0, 155, 0, 0, 3, 0, 0, 206, 5, 98]
1542744345723;[171, 0, 17, 255, 161, 74, 234, 66, 31, 0, 0, 155, 0, 0, 3, 0, 0, 206, 5, 98]
1542744345880;[171, 0, 4, 255, 132, 128, 66]
1542744345883;[171, 0, 4, 255, 132, 128, 66]
1542744345886;[171, 0, 17, 255, 161, 74, 234, 66, 32, 0, 0, 153, 1, 0, 1, 0, 0, 207, 5, 70]
1542744345888;[171, 0, 17, 255, 161, 74, 234, 66, 32, 0, 0, 153, 1, 0, 1, 0, 0, 207, 5, 70]
1542744345890;[171, 0, 17, 255, 161, 74, 234, 66, 32, 0, 0, 156, 0, 0, 3, 0, 0, 204, 5, 72]
1542744345892;[171, 0, 17, 255, 161, 74, 234, 66, 32, 0, 0, 156, 0, 0, 3, 0, 0, 204, 5, 72]
1542744346227;[171, 0, 17, 255, 161, 74, 234, 66, 32, 0, 0, 153, 0, 0, 3, 0, 0, 206, 5, 140]
1542744346229;[171, 0, 17, 255, 161, 74, 234, 66, 32, 0, 0, 153, 0, 0, 3, 0, 0, 206, 5, 140]
1542744346232;[171, 0, 17, 255, 161, 74, 234, 66, 32, 0, 0, 153, 0, 0, 3, 0, 0, 206, 5, 189]
1542744346234;[171, 0, 17, 255, 161, 74, 234, 66, 32, 0, 0, 153, 0, 0, 3, 0, 0, 206, 5, 189]
1542744346236;[171, 0, 17, 255, 161, 74, 234, 66, 32, 0, 0, 158, 0, 0, 3, 0, 0, 207, 5, 193]
1542744346238;[171, 0, 17, 255, 161, 74, 234, 66, 32, 0, 0, 158, 0, 0, 3, 0, 0, 207, 5, 193]
1542744346398;[171, 0, 17, 255, 161, 74, 234, 66, 32, 0, 0, 153, 0, 0, 4, 0, 0, 207, 5, 195]
1542744346401;[171, 0, 17, 255, 161, 74, 234, 66, 32, 0, 0, 153, 0, 0, 4, 0, 0, 207, 5, 195]
1542744346403;[171, 0, 17, 255, 161, 74, 234, 66, 32, 0, 0, 156, 0, 0, 3, 0, 0, 207, 5, 193]
1542744346404;[171, 0, 17, 255, 161, 74, 234, 66, 32, 0, 0, 156, 0, 0, 3, 0, 0, 207, 5, 193]
1542744346571;[171, 0, 17, 255, 161, 74, 234, 66, 32, 0, 0, 154, 0, 0, 3, 0, 0, 204, 5, 185]
1542744346573;[171, 0, 17, 255, 161, 74, 234, 66, 32, 0, 0, 154, 0, 0, 3, 0, 0, 204, 5, 185]
1542744346575;[171, 0, 17, 255, 161, 74, 234, 66, 32, 0, 0, 153, 0, 0, 3, 0, 0, 206, 5, 166]
1542744346577;[171, 0, 17, 255, 161, 74, 234, 66, 32, 0, 0, 153, 0, 0, 3, 0, 0, 206, 5, 166]
1542744346915;[171, 0, 17, 255, 161, 74, 234, 66, 32, 0, 0, 154, 0, 0, 0, 0, 0, 206, 5, 144]
1542744346918;[171, 0, 17, 255, 161, 74, 234, 66, 32, 0, 0, 154, 0, 0, 0, 0, 0, 206, 5, 144]
1542744346920;[171, 0, 4, 255, 132, 128, 66]
1542744346923;[171, 0, 4, 255, 132, 128, 66]
1542744346925;[171, 0, 17, 255, 161, 74, 234, 66, 33, 0, 0, 154, 0, 0, 3, 0, 0, 206, 5, 121]
1542744346927;[171, 0, 17, 255, 161, 74, 234, 66, 33, 0, 0, 154, 0, 0, 3, 0, 0, 206, 5, 121]
1542744347089;[171, 0, 17, 255, 161, 74, 234, 66, 33, 0, 0, 154, 0, 0, 3, 0, 0, 205, 5, 133]
1542744347091;[171, 0, 17, 255, 161, 74, 234, 66, 33, 0, 0, 154, 0, 0, 3, 0, 0, 205, 5, 133]
1542744347093;[171, 0, 17, 255, 161, 74, 234, 66, 33, 0, 0, 152, 0, 0, 3, 0, 0, 204, 5, 223]
1542744347094;[171, 0, 17, 255, 161, 74, 234, 66, 33, 0, 0, 152, 0, 0, 3, 0, 0, 204, 5, 223]
1542744347259;[171, 0, 17, 255, 161, 74, 234, 66, 33, 0, 0, 153, 0, 0, 4, 0, 0, 205, 6, 15]
1542744347261;[171, 0, 17, 255, 161, 74, 234, 66, 33, 0, 0, 153, 0, 0, 4, 0, 0, 205, 6, 15]
1542744347432;[171, 0, 17, 255, 161, 74, 234, 66, 33, 0, 0, 154, 0, 0, 5, 0, 0, 207, 6, 24]
1542744347434;[171, 0, 17, 255, 161, 74, 234, 66, 33, 0, 0, 154, 0, 0, 5, 0, 0, 207, 6, 24]
1542744347436;[171, 0, 17, 255, 161, 74, 234, 66, 33, 0, 0, 153, 0, 0, 3, 0, 0, 206, 6, 23]
1542744347438;[171, 0, 17, 255, 161, 74, 234, 66, 33, 0, 0, 153, 0, 0, 3, 0, 0, 206, 6, 23]
1542744347605;[171, 0, 17, 255, 161, 74, 234, 66, 33, 0, 0, 153, 0, 0, 3, 0, 0, 207, 6, 22]
1542744347608;[171, 0, 17, 255, 161, 74, 234, 66, 33, 0, 0, 153, 0, 0, 3, 0, 0, 207, 6, 22]
1542744347610;[171, 0, 17, 255, 161, 74, 234, 66, 33, 0, 0, 154, 0, 0, 3, 0, 0, 205, 6, 15]
1542744347611;[171, 0, 17, 255, 161, 74, 234, 66, 33, 0, 0, 154, 0, 0, 3, 0, 0, 205, 6, 15]
1542744347778;[171, 0, 17, 255, 161, 74, 234, 66, 33, 0, 0, 154, 0, 0, 3, 0, 0, 207, 6, 2]
1542744347780;[171, 0, 17, 255, 161, 74, 234, 66, 33, 0, 0, 154, 0, 0, 3, 0, 0, 207, 6, 2]
1542744347783;[171, 0, 17, 255, 161, 74, 234, 66, 33, 0, 0, 157, 0, 0, 2, 0, 0, 207, 5, 233]
1542744347785;[171, 0, 17, 255, 161, 74, 234, 66, 33, 0, 0, 157, 0, 0, 2, 0, 0, 207, 5, 233]
1542744348122;[171, 0, 4, 255, 132, 128, 66]
1542744348125;[171, 0, 4, 255, 132, 128, 66]
1542744348127;[171, 0, 17, 255, 161, 74, 234, 66, 34, 0, 0, 152, 0, 0, 4, 0, 0, 208, 5, 223]
1542744348129;[171, 0, 17, 255, 161, 74, 234, 66, 34, 0, 0, 152, 0, 0, 4, 0, 0, 208, 5, 223]
1542744348131;[171, 0, 17, 255, 161, 74, 234, 66, 34, 0, 0, 153, 0, 0, 2, 0, 0, 206, 6, 56]
1542744348133;[171, 0, 17, 255, 161, 74, 234, 66, 34, 0, 0, 153, 0, 0, 2, 0, 0, 206, 6, 56]
1542744348295;[171, 0, 17, 255, 161, 74, 234, 66, 34, 0, 0, 152, 0, 0, 2, 0, 0, 204, 6, 127]
1542744348297;[171, 0, 17, 255, 161, 74, 234, 66, 34, 0, 0, 152, 0, 0, 2, 0, 0, 204, 6, 127]
1542744348300;[171, 0, 17, 255, 161, 74, 234, 66, 34, 0, 0, 158, 0, 0, 2, 0, 0, 206, 6, 145]
1542744348302;[171, 0, 17, 255, 161, 74, 234, 66, 34, 0, 0, 158, 0, 0, 2, 0, 0, 206, 6, 145]
1542744348469;[171, 0, 17, 255, 161, 74, 234, 66, 34, 0, 0, 154, 0, 0, 1, 0, 0, 205, 6, 147]
1542744348472;[171, 0, 17, 255, 161, 74, 234, 66, 34, 0, 0, 154, 0, 0, 1, 0, 0, 205, 6, 147]
1542744348473;[171, 0, 17, 255, 161, 74, 234, 66, 34, 0, 0, 155, 0, 0, 1, 0, 0, 206, 6, 163]
1542744348475;[171, 0, 17, 255, 161, 74, 234, 66, 34, 0, 0, 155, 0, 0, 1, 0, 0, 206, 6, 163]
1542744348814;[171, 0, 17, 255, 161, 74, 234, 66, 34, 0, 0, 153, 0, 0, 3, 0, 0, 207, 6, 153]
1542744348816;[171, 0, 17, 255, 161, 74, 234, 66, 34, 0, 0, 153, 0, 0, 3, 0, 0, 207, 6, 153]
1542744348818;[171, 0, 17, 255, 161, 74, 234, 66, 34, 0, 0, 155, 0, 0, 2, 0, 0, 206, 6, 128]
1542744348820;[171, 0, 17, 255, 161, 74, 234, 66, 34, 0, 0, 155, 0, 0, 2, 0, 0, 206, 6, 128]
1542744348822;[171, 0, 17, 255, 161, 74, 234, 66, 34, 0, 0, 153, 0, 0, 3, 0, 0, 204, 6, 113]
1542744348824;[171, 0, 17, 255, 161, 74, 234, 66, 34, 0, 0, 153, 0, 0, 3, 0, 0, 204, 6, 113]
1542744348985;[171, 0, 17, 255, 161, 74, 234, 66, 34, 0, 0, 155, 0, 0, 3, 0, 0, 206, 6, 180]
1542744348987;[171, 0, 17, 255, 161, 74, 234, 66, 34, 0, 0, 155, 0, 0, 3, 0, 0, 206, 6, 180]
1542744348988;[171, 0, 4, 255, 132, 128, 66]
1542744348991;[171, 0, 4, 255, 132, 128, 66]
1542744349505;[171, 0, 17, 255, 161, 74, 234, 66, 35, 0, 0, 153, 0, 0, 2, 0, 0, 205, 6, 252]
1542744349508;[171, 0, 17, 255, 161, 74, 234, 66, 35, 0, 0, 153, 0, 0, 2, 0, 0, 205, 6, 252]
1542744349510;[171, 0, 17, 255, 161, 74, 234, 66, 35, 0, 0, 156, 0, 0, 2, 0, 0, 206, 7, 9]
1542744349512;[171, 0, 17, 255, 161, 74, 234, 66, 35, 0, 0, 156, 0, 0, 2, 0, 0, 206, 7, 9]
1542744349514;[171, 0, 17, 255, 161, 74, 234, 66, 35, 0, 0, 157, 0, 0, 3, 0, 0, 206, 7, 3]
1542744349516;[171, 0, 17, 255, 161, 74, 234, 66, 35, 0, 0, 157, 0, 0, 3, 0, 0, 206, 7, 3]
1542744349518;[171, 0, 17, 255, 161, 74, 234, 66, 35, 0, 0, 155, 0, 0, 3, 0, 0, 205, 6, 252]
1542744349520;[171, 0, 17, 255, 161, 74, 234, 66, 35, 0, 0, 155, 0, 0, 3, 0, 0, 205, 6, 252]
1542744349676;[171, 0, 17, 255, 161, 74, 234, 66, 35, 0, 0, 156, 0, 0, 2, 0, 0, 206, 6, 236]
1542744349678;[171, 0, 17, 255, 161, 74, 234, 66, 35, 0, 0, 156, 0, 0, 2, 0, 0, 206, 6, 236]
1542744349680;[171, 0, 17, 255, 161, 74, 234, 66, 35, 0, 0, 154, 0, 0, 2, 0, 0, 205, 6, 207]
1542744349682;[171, 0, 17, 255, 161, 74, 234, 66, 35, 0, 0, 154, 0, 0, 2, 0, 0, 205, 6, 207]
1542744349684;[171, 0, 17, 255, 161, 74, 234, 66, 35, 0, 0, 154, 0, 0, 3, 0, 0, 205, 6, 175]
1542744349686;[171, 0, 17, 255, 161, 74, 234, 66, 35, 0, 0, 154, 0, 0, 3, 0, 0, 205, 6, 175]
1542744349846;[171, 0, 17, 255, 161, 74, 234, 66, 35, 0, 0, 158, 0, 0, 2, 0, 0, 206, 6, 144]
1542744349848;[171, 0, 17, 255, 161, 74, 234, 66, 35, 0, 0, 158, 0, 0, 2, 0, 0, 206, 6, 144]
1542744350024;[171, 0, 17, 255, 161, 74, 234, 66, 35, 0, 0, 153, 0, 0, 3, 0, 0, 206, 6, 152]
1542744350026;[171, 0, 17, 255, 161, 74, 234, 66, 35, 0, 0, 153, 0, 0, 3, 0, 0, 206, 6, 152]
1542744350034;[171, 0, 17, 255, 161, 74, 234, 66, 35, 0, 0, 154, 0, 0, 2, 0, 0, 205, 6, 245]
1542744350036;[171, 0, 17, 255, 161, 74, 234, 66, 35, 0, 0, 154, 0, 0, 2, 0, 0, 205, 6, 245]
1542744350192;[171, 0, 4, 255, 132, 128, 66]
1542744350195;[171, 0, 4, 255, 132, 128, 66]
1542744350198;[171, 0, 17, 255, 161, 74, 234, 66, 36, 0, 0, 155, 0, 0, 1, 0, 0, 205, 7, 17]
1542744350199;[171, 0, 17, 255, 161, 74, 234, 66, 36, 0, 0, 155, 0, 0, 1, 0, 0, 205, 7, 17]
1542744350364;[171, 0, 17, 255, 161, 74, 234, 66, 36, 0, 0, 155, 0, 0, 2, 0, 0, 205, 7, 15]
1542744350366;[171, 0, 17, 255, 161, 74, 234, 66, 36, 0, 0, 155, 0, 0, 2, 0, 0, 205, 7, 15]
1542744350368;[171, 0, 17, 255, 161, 74, 234, 66, 36, 0, 0, 156, 0, 0, 2, 0, 0, 207, 6, 254]
1542744350370;[171, 0, 17, 255, 161, 74, 234, 66, 36, 0, 0, 156, 0, 0, 2, 0, 0, 207, 6, 254]
1542744350710;[171, 0, 17, 255, 161, 74, 234, 66, 36, 0, 0, 153, 0, 0, 2, 0, 0, 206, 6, 233]
1542744350712;[171, 0, 17, 255, 161, 74, 234, 66, 36, 0, 0, 153, 0, 0, 2, 0, 0, 206, 6, 233]
1542744350715;[171, 0, 17, 255, 161, 74, 234, 66, 36, 0, 0, 155, 0, 0, 1, 0, 0, 205, 6, 198]
1542744350717;[171, 0, 17, 255, 161, 74, 234, 66, 36, 0, 0, 155, 0, 0, 1, 0, 0, 205, 6, 198]
1542744350719;[171, 0, 17, 255, 161, 74, 234, 66, 36, 0, 0, 154, 1, 0, 1, 0, 0, 206, 6, 161]
1542744350722;[171, 0, 17, 255, 161, 74, 234, 66, 36, 0, 0, 154, 1, 0, 1, 0, 0, 206, 6, 161]
1542744350882;[171, 0, 17, 255, 161, 74, 234, 66, 36, 0, 0, 157, 0, 0, 2, 0, 0, 204, 6, 128]
1542744350884;[171, 0, 17, 255, 161, 74, 234, 66, 36, 0, 0, 157, 0, 0, 2, 0, 0, 204, 6, 128]
1542744350886;[171, 0, 17, 255, 161, 74, 234, 66, 36, 0, 0, 154, 0, 0, 1, 0, 0, 203, 6, 89]
1542744350888;[171, 0, 17, 255, 161, 74, 234, 66, 36, 0, 0, 154, 0, 0, 1, 0, 0, 203, 6, 89]
1542744351229;[171, 0, 17, 255, 161, 74, 234, 66, 36, 0, 0, 154, 0, 0, 3, 0, 0, 206, 6, 97]
1542744351231;[171, 0, 17, 255, 161, 74, 234, 66, 36, 0, 0, 154, 0, 0, 3, 0, 0, 206, 6, 97]
1542744351233;[171, 0, 17, 255, 161, 74, 234, 66, 36, 0, 0, 155, 0, 0, 2, 0, 0, 207, 6, 167]
1542744351235;[171, 0, 17, 255, 161, 74, 234, 66, 36, 0, 0, 155, 0, 0, 2, 0, 0, 207, 6, 167]
1542744351237;[171, 0, 4, 255, 132, 128, 66]
1542744351239;[171, 0, 4, 255, 132, 128, 66]
1542744351401;[171, 0, 17, 255, 161, 74, 234, 66, 37, 0, 0, 157, 0, 0, 3, 0, 0, 206, 6, 194]
1542744351404;[171, 0, 17, 255, 161, 74, 234, 66, 37, 0, 0, 157, 0, 0, 3, 0, 0, 206, 6, 194]
1542744351406;[171, 0, 17, 255, 161, 74, 234, 66, 37, 0, 0, 156, 0, 0, 3, 0, 0, 207, 6, 188]
1542744351408;[171, 0, 17, 255, 161, 74, 234, 66, 37, 0, 0, 156, 0, 0, 3, 0, 0, 207, 6, 188]
1542744351572;[171, 0, 17, 255, 161, 74, 234, 66, 37, 0, 0, 157, 0, 0, 1, 0, 0, 207, 6, 186]
1542744351574;[171, 0, 17, 255, 161, 74, 234, 66, 37, 0, 0, 157, 0, 0, 1, 0, 0, 207, 6, 186]
1542744351576;[171, 0, 17, 255, 161, 74, 234, 66, 37, 0, 0, 154, 0, 0, 2, 0, 0, 206, 6, 183]
1542744351578;[171, 0, 17, 255, 161, 74, 234, 66, 37, 0, 0, 154, 0, 0, 2, 0, 0, 206, 6, 183]
1542744351920;[171, 0, 17, 255, 161, 74, 234, 66, 37, 0, 0, 151, 0, 0, 3, 0, 0, 208, 6, 173]
1542744351922;[171, 0, 17, 255, 161, 74, 234, 66, 37, 0, 0, 151, 0, 0, 3, 0, 0, 208, 6, 173]
1542744351924;[171, 0, 17, 255, 161, 74, 234, 66, 37, 0, 0, 154, 0, 0, 3, 0, 0, 205, 6, 156]
1542744351927;[171, 0, 17, 255, 161, 74, 234, 66, 37, 0, 0, 154, 0, 0, 3, 0, 0, 205, 6, 156]
1542744351929;[171, 0, 17, 255, 161, 74, 234, 66, 37, 0, 0, 155, 0, 0, 3, 0, 0, 204, 6, 153]
1542744351931;[171, 0, 17, 255, 161, 74, 234, 66, 37, 0, 0, 155, 0, 0, 3, 0, 0, 204, 6, 153]
1542744352090;[171, 0, 17, 255, 161, 74, 234, 66, 37, 0, 0, 152, 0, 0, 2, 0, 0, 205, 6, 211]
1542744352092;[171, 0, 17, 255, 161, 74, 234, 66, 37, 0, 0, 152, 0, 0, 2, 0, 0, 205, 6, 211]
1542744352094;[171, 0, 17, 255, 161, 74, 234, 66, 37, 0, 0, 153, 0, 0, 3, 0, 0, 205, 6, 249]
1542744352095;[171, 0, 17, 255, 161, 74, 234, 66, 37, 0, 0, 153, 0, 0, 3, 0, 0, 205, 6, 249]
1542744352262;[171, 0, 17, 255, 161, 74, 234, 66, 37, 0, 0, 155, 0, 0, 3, 0, 0, 205, 6, 248]
1542744352263;[171, 0, 17, 255, 161, 74, 234, 66, 37, 0, 0, 155, 0, 0, 3, 0, 0, 205, 6, 248]
1542744352266;[171, 0, 4, 255, 132, 128, 66]
1542744352268;[171, 0, 4, 255, 132, 128, 66]
1542744352605;[171, 0, 17, 255, 161, 74, 234, 66, 38, 0, 0, 153, 0, 0, 1, 0, 0, 205, 6, 230]
1542744352606;[171, 0, 17, 255, 161, 74, 234, 66, 38, 0, 0, 153, 0, 0, 1, 0, 0, 205, 6, 230]
1542744352609;[171, 0, 17, 255, 161, 74, 234, 66, 38, 0, 0, 155, 0, 0, 3, 0, 0, 205, 6, 207]
1542744352610;[171, 0, 17, 255, 161, 74, 234, 66, 38, 0, 0, 155, 0, 0, 3, 0, 0, 205, 6, 207]
1542744352612;[171, 0, 17, 255, 161, 74, 234, 66, 38, 0, 0, 155, 0, 0, 2, 0, 0, 206, 6, 190]
1542744352614;[171, 0, 17, 255, 161, 74, 234, 66, 38, 0, 0, 155, 0, 0, 2, 0, 0, 206, 6, 190]
1542744352781;[171, 0, 17, 255, 161, 74, 234, 66, 38, 0, 0, 156, 0, 0, 2, 0, 0, 206, 6, 155]
1542744352782;[171, 0, 17, 255, 161, 74, 234, 66, 38, 0, 0, 156, 0, 0, 2, 0, 0, 206, 6, 155]
1542744352784;[171, 0, 17, 255, 161, 74, 234, 66, 38, 0, 0, 156, 0, 0, 2, 0, 0, 206, 6, 122]
1542744352786;[171, 0, 17, 255, 161, 74, 234, 66, 38, 0, 0, 156, 0, 0, 2, 0, 0, 206, 6, 122]
1542744352953;[171, 0, 17, 255, 161, 74, 234, 66, 38, 0, 0, 152, 0, 0, 1, 0, 0, 207, 6, 100]
1542744352954;[171, 0, 17, 255, 161, 74, 234, 66, 38, 0, 0, 152, 0, 0, 1, 0, 0, 207, 6, 100]
1542744352957;[171, 0, 17, 255, 161, 74, 234, 66, 38, 0, 0, 152, 0, 0, 3, 0, 0, 206, 6, 163]
1542744352959;[171, 0, 17, 255, 161, 74, 234, 66, 38, 0, 0, 152, 0, 0, 3, 0, 0, 206, 6, 163]
1542744353298;[171, 0, 17, 255, 161, 74, 234, 66, 38, 0, 0, 152, 1, 0, 2, 0, 0, 207, 6, 184]
1542744353300;[171, 0, 17, 255, 161, 74, 234, 66, 38, 0, 0, 152, 1, 0, 2, 0, 0, 207, 6, 184]
1542744353303;[171, 0, 17, 255, 161, 74, 234, 66, 38, 0, 0, 154, 0, 0, 5, 0, 0, 204, 6, 185]
1542744353305;[171, 0, 17, 255, 161, 74, 234, 66, 38, 0, 0, 154, 0, 0, 5, 0, 0, 204, 6, 185]
1542744353307;[171, 0, 17, 255, 161, 74, 234, 66, 38, 0, 0, 155, 0, 0, 3, 0, 0, 205, 6, 157]
1542744353309;[171, 0, 17, 255, 161, 74, 234, 66, 38, 0, 0, 155, 0, 0, 3, 0, 0, 205, 6, 157]
1542744353471;[171, 0, 4, 255, 132, 128, 66]
1542744353476;[171, 0, 4, 255, 132, 128, 66]
1542744353479;[171, 0, 17, 255, 161, 74, 234, 66, 39, 0, 0, 153, 0, 0, 3, 0, 0, 206, 6, 136]
1542744353481;[171, 0, 17, 255, 161, 74, 234, 66, 39, 0, 0, 153, 0, 0, 3, 0, 0, 206, 6, 136]
1542744353638;[171, 0, 17, 255, 161, 74, 234, 66, 39, 0, 0, 155, 0, 0, 3, 0, 0, 206, 6, 111]
1542744353640;[171, 0, 17, 255, 161, 74, 234, 66, 39, 0, 0, 155, 0, 0, 3, 0, 0, 206, 6, 111]
1542744353815;[171, 0, 17, 255, 161, 74, 234, 66, 39, 0, 0, 157, 0, 0, 2, 0, 0, 207, 6, 75]
1542744353818;[171, 0, 17, 255, 161, 74, 234, 66, 39, 0, 0, 157, 0, 0, 2, 0, 0, 207, 6, 75]
1542744353823;[171, 0, 17, 255, 161, 74, 234, 66, 39, 0, 0, 155, 0, 0, 2, 0, 0, 206, 6, 39]
1542744353825;[171, 0, 17, 255, 161, 74, 234, 66, 39, 0, 0, 155, 0, 0, 2, 0, 0, 206, 6, 39]
1542744353987;[171, 0, 17, 255, 161, 74, 234, 66, 39, 0, 0, 155, 0, 0, 2, 0, 0, 205, 6, 5]
1542744353989;[171, 0, 17, 255, 161, 74, 234, 66, 39, 0, 0, 155, 0, 0, 2, 0, 0, 205, 6, 5]
1542744353991;[171, 0, 17, 255, 161, 74, 234, 66, 39, 0, 0, 157, 0, 0, 3, 0, 0, 205, 6, 24]
1542744353993;[171, 0, 17, 255, 161, 74, 234, 66, 39, 0, 0, 157, 0, 0, 3, 0, 0, 205, 6, 24]
1542744354160;[171, 0, 17, 255, 161, 74, 234, 66, 39, 0, 0, 152, 0, 0, 1, 0, 0, 205, 6, 71]
1542744354162;[171, 0, 17, 255, 161, 74, 234, 66, 39, 0, 0, 152, 0, 0, 1, 0, 0, 205, 6, 71]
1542744354164;[171, 0, 17, 255, 161, 74, 234, 66, 39, 0, 0, 155, 0, 0, 5, 0, 0, 205, 6, 67]
1542744354166;[171, 0, 17, 255, 161, 74, 234, 66, 39, 0, 0, 155, 0, 0, 5, 0, 0, 205, 6, 67]
1542744354505;[171, 0, 17, 255, 161, 74, 234, 66, 39, 0, 0, 153, 0, 0, 2, 0, 0, 205, 6, 38]
1542744354507;[171, 0, 17, 255, 161, 74, 234, 66, 39, 0, 0, 153, 0, 0, 2, 0, 0, 205, 6, 38]
1542744354510;[171, 0, 17, 255, 161, 74, 234, 66, 39, 0, 0, 154, 0, 0, 3, 0, 0, 206, 6, 20]
1542744354511;[171, 0, 17, 255, 161, 74, 234, 66, 39, 0, 0, 154, 0, 0, 3, 0, 0, 206, 6, 20]
1542744354513;[171, 0, 4, 255, 132, 128, 66]
1542744354515;[171, 0, 4, 255, 132, 128, 66]
1542744354677;[171, 0, 17, 255, 161, 74, 234, 66, 40, 0, 0, 155, 0, 0, 3, 0, 0, 206, 5, 249]
1542744354679;[171, 0, 17, 255, 161, 74, 234, 66, 40, 0, 0, 155, 0, 0, 3, 0, 0, 206, 5, 249]
1542744354682;[171, 0, 17, 255, 161, 74, 234, 66, 40, 0, 0, 152, 0, 0, 3, 0, 0, 204, 5, 218]
1542744354684;[171, 0, 17, 255, 161, 74, 234, 66, 40, 0, 0, 152, 0, 0, 3, 0, 0, 204, 5, 218]
1542744354850;[171, 0, 17, 255, 161, 74, 234, 66, 40, 0, 0, 153, 0, 0, 2, 0, 0, 207, 5, 182]
1542744354853;[171, 0, 17, 255, 161, 74, 234, 66, 40, 0, 0, 153, 0, 0, 2, 0, 0, 207, 5, 182]
1542744354855;[171, 0, 17, 255, 161, 74, 234, 66, 40, 0, 0, 155, 0, 0, 1, 0, 0, 206, 5, 148]
1542744354856;[171, 0, 17, 255, 161, 74, 234, 66, 40, 0, 0, 155, 0, 0, 1, 0, 0, 206, 5, 148]
1542744355195;[171, 0, 17, 255, 161, 74, 234, 66, 40, 0, 0, 154, 0, 0, 3, 0, 0, 206, 5, 173]
1542744355197;[171, 0, 17, 255, 161, 74, 234, 66, 40, 0, 0, 154, 0, 0, 3, 0, 0, 206, 5, 173]
1542744355201;[171, 0, 17, 255, 161, 74, 234, 66, 40, 0, 0, 154, 0, 0, 0, 0, 0, 204, 5, 221]
1542744355203;[171, 0, 17, 255, 161, 74, 234, 66, 40, 0, 0, 154, 0, 0, 0, 0, 0, 204, 5, 221]
1542744355205;[171, 0, 17, 255, 161, 74, 234, 66, 40, 0, 0, 157, 0, 0, 3, 0, 0, 207, 5, 231]
1542744355207;[171, 0, 17, 255, 161, 74, 234, 66, 40, 0, 0, 157, 0, 0, 3, 0, 0, 207, 5, 231]
1542744355367;[171, 0, 17, 255, 161, 74, 234, 66, 40, 0, 0, 153, 0, 0, 4, 0, 0, 205, 5, 209]
1542744355370;[171, 0, 17, 255, 161, 74, 234, 66, 40, 0, 0, 153, 0, 0, 4, 0, 0, 205, 5, 209]
1542744355371;[171, 0, 17, 255, 161, 74, 234, 66, 40, 0, 0, 155, 0, 0, 3, 0, 0, 204, 5, 211]
1542744355373;[171, 0, 17, 255, 161, 74, 234, 66, 40, 0, 0, 155, 0, 0, 3, 0, 0, 204, 5, 211]
1542744355886;[171, 0, 17, 255, 161, 74, 234, 66, 40, 0, 0, 157, 0, 0, 3, 0, 0, 205, 5, 182]
1542744355888;[171, 0, 17, 255, 161, 74, 234, 66, 40, 0, 0, 157, 0, 0, 3, 0, 0, 205, 5, 182]
1542744355890;[171, 0, 4, 255, 132, 128, 66]
1542744355892;[171, 0, 4, 255, 132, 128, 66]
1542744355895;[171, 0, 17, 255, 161, 74, 234, 66, 41, 0, 0, 156, 0, 0, 2, 0, 0, 207, 5, 164]
1542744355897;[171, 0, 17, 255, 161, 74, 234, 66, 41, 0, 0, 156, 0, 0, 2, 0, 0, 207, 5, 164]
1542744355898;[171, 0, 17, 255, 161, 74, 234, 66, 41, 0, 0, 154, 0, 0, 3, 0, 0, 205, 5, 129]
1542744355900;[171, 0, 17, 255, 161, 74, 234, 66, 41, 0, 0, 154, 0, 0, 3, 0, 0, 205, 5, 129]
1542744356057;[171, 0, 17, 255, 161, 74, 234, 66, 41, 0, 0, 155, 0, 0, 1, 0, 0, 207, 5, 153]
1542744356059;[171, 0, 17, 255, 161, 74, 234, 66, 41, 0, 0, 155, 0, 0, 1, 0, 0, 207, 5, 153]
1542744356066;[171, 0, 17, 255, 161, 74, 234, 66, 41, 0, 0, 155, 0, 0, 3, 0, 0, 205, 5, 195]
1542744356068;[171, 0, 17, 255, 161, 74, 234, 66, 41, 0, 0, 155, 0, 0, 3, 0, 0, 205, 5, 195]
1542744356069;[171, 0, 17, 255, 161, 74, 234, 66, 41, 0, 0, 153, 0, 0, 2, 0, 0, 204, 5, 191]
1542744356071;[171, 0, 17, 255, 161, 74, 234, 66, 41, 0, 0, 153, 0, 0, 2, 0, 0, 204, 5, 191]
1542744356231;[171, 0, 17, 255, 161, 74, 234, 66, 41, 0, 0, 158, 0, 0, 2, 0, 0, 207, 5, 165]
1542744356233;[171, 0, 17, 255, 161, 74, 234, 66, 41, 0, 0, 158, 0, 0, 2, 0, 0, 207, 5, 165]
1542744356402;[171, 0, 17, 255, 161, 74, 234, 66, 41, 0, 0, 155, 0, 0, 4, 0, 0, 205, 5, 150]
1542744356404;[171, 0, 17, 255, 161, 74, 234, 66, 41, 0, 0, 155, 0, 0, 4, 0, 0, 205, 5, 150]
1542744356407;[171, 0, 17, 255, 161, 74, 234, 66, 41, 0, 0, 157, 0, 0, 3, 0, 0, 204, 5, 124]
1542744356409;[171, 0, 17, 255, 161, 74, 234, 66, 41, 0, 0, 157, 0, 0, 3, 0, 0, 204, 5, 124]
1542744356749;[171, 0, 17, 255, 161, 74, 234, 66, 41, 0, 0, 152, 0, 0, 3, 0, 0, 206, 5, 83]
1542744356751;[171, 0, 17, 255, 161, 74, 234, 66, 41, 0, 0, 152, 0, 0, 3, 0, 0, 206, 5, 83]
1542744356753;[171, 0, 17, 255, 161, 74, 234, 66, 41, 0, 0, 155, 0, 0, 2, 0, 0, 207, 5, 55]
1542744356755;[171, 0, 17, 255, 161, 74, 234, 66, 41, 0, 0, 155, 0, 0, 2, 0, 0, 207, 5, 55]
1542744356757;[171, 0, 4, 255, 132, 128, 66]
1542744356759;[171, 0, 4, 255, 132, 128, 66]
1542744356762;[171, 0, 17, 255, 161, 74, 234, 66, 42, 0, 0, 154, 0, 0, 2, 0, 0, 206, 5, 21]
1542744356764;[171, 0, 17, 255, 161, 74, 234, 66, 42, 0, 0, 154, 0, 0, 2, 0, 0, 206, 5, 21]
1542744357098;[171, 0, 17, 255, 161, 74, 234, 66, 42, 0, 0, 155, 0, 0, 3, 0, 0, 207, 5, 76]
1542744357102;[171, 0, 17, 255, 161, 74, 234, 66, 42, 0, 0, 155, 0, 0, 3, 0, 0, 207, 5, 76]
1542744357103;[171, 0, 17, 255, 161, 74, 234, 66, 42, 0, 0, 157, 0, 0, 2, 0, 0, 206, 5, 102]
1542744357105;[171, 0, 17, 255, 161, 74, 234, 66, 42, 0, 0, 157, 0, 0, 2, 0, 0, 206, 5, 102]
1542744357109;[171, 0, 17, 255, 161, 74, 234, 66, 42, 0, 0, 154, 0, 0, 5, 0, 0, 205, 5, 105]
1542744357110;[171, 0, 17, 255, 161, 74, 234, 66, 42, 0, 0, 154, 0, 0, 5, 0, 0, 205, 5, 105]
1542744357264;[171, 0, 17, 255, 161, 74, 234, 66, 42, 0, 0, 155, 0, 0, 3, 0, 0, 207, 5, 83]
1542744357266;[171, 0, 17, 255, 161, 74, 234, 66, 42, 0, 0, 155, 0, 0, 3, 0, 0, 207, 5, 83]
1542744357268;[171, 0, 17, 255, 161, 74, 234, 66, 42, 0, 0, 155, 0, 0, 1, 0, 0, 207, 5, 70]
1542744357269;[171, 0, 17, 255, 161, 74, 234, 66, 42, 0, 0, 155, 0, 0, 1, 0, 0, 207, 5, 70]
1542744357436;[171, 0, 17, 255, 161, 74, 234, 66, 42, 0, 0, 153, 0, 0, 2, 0, 0, 205, 5, 45]
1542744357438;[171, 0, 17, 255, 161, 74, 234, 66, 42, 0, 0, 153, 0, 0, 2, 0, 0, 205, 5, 45]
1542744357784;[171, 0, 17, 255, 161, 74, 234, 66, 42, 0, 0, 156, 0, 0, 2, 0, 0, 206, 5, 16]
1542744357786;[171, 0, 17, 255, 161, 74, 234, 66, 42, 0, 0, 156, 0, 0, 2, 0, 0, 206, 5, 16]
1542744357788;[171, 0, 17, 255, 161, 74, 234, 66, 42, 0, 0, 156, 0, 0, 2, 0, 0, 207, 4, 223]
1542744357790;[171, 0, 17, 255, 161, 74, 234, 66, 42, 0, 0, 156, 0, 0, 2, 0, 0, 207, 4, 223]
1542744357793;[171, 0, 17, 255, 161, 74, 234, 66, 42, 0, 0, 155, 0, 0, 3, 0, 0, 205, 4, 201]
1542744357795;[171, 0, 17, 255, 161, 74, 234, 66, 42, 0, 0, 155, 0, 0, 3, 0, 0, 205, 4, 201]
1542744357797;[171, 0, 4, 255, 132, 128, 66]
1542744357799;[171, 0, 4, 255, 132, 128, 66]
1542744358474;[171, 0, 17, 255, 161, 74, 234, 66, 43, 0, 0, 154, 0, 0, 2, 0, 0, 206, 4, 233]
1542744358475;[171, 0, 17, 255, 161, 74, 234, 66, 43, 0, 0, 154, 0, 0, 2, 0, 0, 206, 4, 233]
1542744358478;[171, 0, 17, 255, 161, 74, 234, 66, 43, 0, 0, 155, 0, 0, 2, 0, 0, 205, 5, 15]
1542744358480;[171, 0, 17, 255, 161, 74, 234, 66, 43, 0, 0, 155, 0, 0, 2, 0, 0, 205, 5, 15]
1542744358482;[171, 0, 17, 255, 161, 74, 234, 66, 43, 0, 0, 153, 0, 0, 3, 0, 0, 206, 5, 14]
1542744358484;[171, 0, 17, 255, 161, 74, 234, 66, 43, 0, 0, 153, 0, 0, 3, 0, 0, 206, 5, 14]
1542744358486;[171, 0, 17, 255, 161, 74, 234, 66, 43, 0, 0, 152, 0, 0, 3, 0, 0, 206, 5, 2]
1542744358488;[171, 0, 17, 255, 161, 74, 234, 66, 43, 0, 0, 152, 0, 0, 3, 0, 0, 206, 5, 2]
1542744358646;[171, 0, 17, 255, 161, 74, 234, 66, 43, 0, 0, 153, 0, 0, 2, 0, 0, 207, 4, 246]
1542744358647;[171, 0, 17, 255, 161, 74, 234, 66, 43, 0, 0, 153, 0, 0, 2, 0, 0, 207, 4, 246]
1542744358649;[171, 0, 17, 255, 161, 74, 234, 66, 43, 0, 0, 154, 0, 0, 1, 0, 0, 205, 4, 224]
1542744358651;[171, 0, 17, 255, 161, 74, 234, 66, 43, 0, 0, 154, 0, 0, 1, 0, 0, 205, 4, 224]
1542744358991;[171, 0, 17, 255, 161, 74, 234, 66, 43, 0, 0, 155, 0, 0, 2, 0, 0, 206, 4, 205]
1542744358993;[171, 0, 17, 255, 161, 74, 234, 66, 43, 0, 0, 155, 0, 0, 2, 0, 0, 206, 4, 205]
1542744358997;[171, 0, 17, 255, 161, 74, 234, 66, 43, 0, 0, 152, 0, 0, 4, 0, 0, 205, 4, 196]
1542744358998;[171, 0, 17, 255, 161, 74, 234, 66, 43, 0, 0, 152, 0, 0, 4, 0, 0, 205, 4, 196]
1542744359001;[171, 0, 17, 255, 161, 74, 234, 66, 43, 0, 0, 156, 0, 0, 3, 0, 0, 206, 4, 221]
1542744359003;[171, 0, 17, 255, 161, 74, 234, 66, 43, 0, 0, 156, 0, 0, 3, 0, 0, 206, 4, 221]
1542744359006;[171, 0, 17, 255, 161, 74, 234, 66, 43, 0, 0, 155, 0, 0, 4, 0, 0, 208, 5, 34]
1542744359008;[171, 0, 17, 255, 161, 74, 234, 66, 43, 0, 0, 155, 0, 0, 4, 0, 0, 208, 5, 34]
1542744359163;[171, 0, 4, 255, 132, 128, 66]
1542744359165;[171, 0, 4, 255, 132, 128, 66]
1542744359168;[171, 0, 17, 255, 161, 74, 234, 66, 44, 0, 0, 153, 0, 0, 3, 0, 0, 207, 5, 60]
1542744359170;[171, 0, 17, 255, 161, 74, 234, 66, 44, 0, 0, 153, 0, 0, 3, 0, 0, 207, 5, 60]
1542744359172;[171, 0, 17, 255, 161, 74, 234, 66, 44, 0, 0, 155, 0, 0, 4, 0, 0, 207, 5, 63]
1542744359175;[171, 0, 17, 255, 161, 74, 234, 66, 44, 0, 0, 155, 0, 0, 4, 0, 0, 207, 5, 63]
1542744359177;[171, 0, 17, 255, 161, 74, 234, 66, 44, 0, 0, 154, 0, 0, 2, 0, 0, 205, 5, 54]
1542744359179;[171, 0, 17, 255, 161, 74, 234, 66, 44, 0, 0, 154, 0, 0, 2, 0, 0, 205, 5, 54]
1542744359334;[171, 0, 17, 255, 161, 74, 234, 66, 44, 0, 0, 154, 0, 0, 3, 0, 0, 204, 5, 49]
1542744359336;[171, 0, 17, 255, 161, 74, 234, 66, 44, 0, 0, 154, 0, 0, 3, 0, 0, 204, 5, 49]
1542744359682;[171, 0, 17, 255, 161, 74, 234, 66, 44, 0, 0, 155, 0, 0, 4, 0, 0, 206, 5, 35]
1542744359684;[171, 0, 17, 255, 161, 74, 234, 66, 44, 0, 0, 155, 0, 0, 4, 0, 0, 206, 5, 35]
1542744359686;[171, 0, 17, 255, 161, 74, 234, 66, 44, 0, 0, 155, 0, 0, 2, 0, 0, 206, 5, 7]
1542744359688;[171, 0, 17, 255, 161, 74, 234, 66, 44, 0, 0, 155, 0, 0, 2, 0, 0, 206, 5, 7]
1542744359691;[171, 0, 17, 255, 161, 74, 234, 66, 44, 0, 0, 152, 0, 0, 4, 0, 0, 205, 5, 42]
1542744359693;[171, 0, 17, 255, 161, 74, 234, 66, 44, 0, 0, 152, 0, 0, 4, 0, 0, 205, 5, 42]
1542744359695;[171, 0, 17, 255, 161, 74, 234, 66, 44, 0, 0, 152, 0, 0, 3, 0, 0, 206, 5, 104]
1542744359697;[171, 0, 17, 255, 161, 74, 234, 66, 44, 0, 0, 152, 0, 0, 3, 0, 0, 206, 5, 104]
1542744359851;[171, 0, 17, 255, 161, 74, 234, 66, 44, 0, 0, 156, 0, 0, 2, 0, 0, 205, 5, 127]
1542744359853;[171, 0, 17, 255, 161, 74, 234, 66, 44, 0, 0, 156, 0, 0, 2, 0, 0, 205, 5, 127]
1542744359856;[171, 0, 17, 255, 161, 74, 234, 66, 44, 0, 0, 154, 0, 0, 2, 0, 0, 204, 5, 116]
1542744359857;[171, 0, 17, 255, 161, 74, 234, 66, 44, 0, 0, 154, 0, 0, 2, 0, 0, 204, 5, 116]
1542744360024;[171, 0, 4, 255, 132, 128, 66]
1542744360026;[171, 0, 4, 255, 132, 128, 66]
1542744360198;[171, 0, 17, 255, 161, 74, 234, 66, 45, 0, 0, 154, 0, 0, 2, 0, 0, 204, 5, 103]
1542744360200;[171, 0, 17, 255, 161, 74, 234, 66, 45, 0, 0, 154, 0, 0, 2, 0, 0, 204, 5, 103]
1542744360202;[171, 0, 17, 255, 161, 74, 234, 66, 45, 0, 0, 155, 0, 0, 2, 0, 0, 206, 5, 95]
1542744360204;[171, 0, 17, 255, 161, 74, 234, 66, 45, 0, 0, 155, 0, 0, 2, 0, 0, 206, 5, 95]
1542744360369;[171, 0, 17, 255, 161, 74, 234, 66, 45, 0, 0, 155, 0, 0, 2, 0, 0, 206, 5, 67]
1542744360371;[171, 0, 17, 255, 161, 74, 234, 66, 45, 0, 0, 155, 0, 0, 2, 0, 0, 206, 5, 67]
1542744360373;[171, 0, 17, 255, 161, 74, 234, 66, 45, 0, 0, 153, 0, 0, 0, 0, 0, 206, 5, 37]
1542744360375;[171, 0, 17, 255, 161, 74, 234, 66, 45, 0, 0, 153, 0, 0, 0, 0, 0, 206, 5, 37]
1542744360888;[171, 0, 17, 255, 161, 74, 234, 66, 45, 0, 0, 155, 0, 0, 2, 0, 0, 204, 5, 10]
1542744360889;[171, 0, 17, 255, 161, 74, 234, 66, 45, 0, 0, 155, 0, 0, 2, 0, 0, 204, 5, 10]
1542744360892;[171, 0, 17, 255, 161, 74, 234, 66, 45, 0, 0, 156, 0, 0, 3, 0, 0, 205, 5, 79]
1542744360894;[171, 0, 17, 255, 161, 74, 234, 66, 45, 0, 0, 156, 0, 0, 3, 0, 0, 205, 5, 79]
1542744360897;[171, 0, 17, 255, 161, 74, 234, 66, 45, 0, 0, 153, 0, 0, 3, 0, 0, 206, 5, 138]
1542744360899;[171, 0, 17, 255, 161, 74, 234, 66, 45, 0, 0, 153, 0, 0, 3, 0, 0, 206, 5, 138]
1542744360902;[171, 0, 17, 255, 161, 74, 234, 66, 45, 0, 0, 153, 0, 0, 3, 0, 0, 206, 5, 144]
1542744360903;[171, 0, 17, 255, 161, 74, 234, 66, 45, 0, 0, 153, 0, 0, 3, 0, 0, 206, 5, 144]
1542744361060;[171, 0, 17, 255, 161, 74, 234, 66, 45, 0, 0, 155, 0, 0, 3, 0, 0, 206, 5, 134]
1542744361061;[171, 0, 17, 255, 161, 74, 234, 66, 45, 0, 0, 155, 0, 0, 3, 0, 0, 206, 5, 134]
1542744361065;[171, 0, 17, 255, 161, 74, 234, 66, 45, 0, 0, 154, 0, 0, 1, 0, 0, 205, 5, 126]
1542744361066;[171, 0, 17, 255, 161, 74, 234, 66, 45, 0, 0, 154, 0, 0, 1, 0, 0, 205, 5, 126]
1542744361070;[171, 0, 4, 255, 132, 128, 67]
1542744361072;[171, 0, 4, 255, 132, 128, 67]
1542744361234;[171, 0, 17, 255, 161, 74, 234, 66, 46, 0, 0, 157, 0, 0, 2, 0, 0, 205, 5, 114]
1542744361236;[171, 0, 17, 255, 161, 74, 234, 66, 46, 0, 0, 157, 0, 0, 2, 0, 0, 205, 5, 114]
1542744361579;[171, 0, 17, 255, 161, 74, 234, 66, 46, 0, 0, 155, 0, 0, 1, 0, 0, 205, 5, 75]
1542744361581;[171, 0, 17, 255, 161, 74, 234, 66, 46, 0, 0, 155, 0, 0, 1, 0, 0, 205, 5, 75]
1542744361584;[171, 0, 17, 255, 161, 74, 234, 66, 46, 0, 0, 153, 0, 0, 3, 0, 0, 206, 5, 50]
1542744361587;[171, 0, 17, 255, 161, 74, 234, 66, 46, 0, 0, 153, 0, 0, 3, 0, 0, 206, 5, 50]
1542744361589;[171, 0, 17, 255, 161, 74, 234, 66, 46, 0, 0, 156, 0, 0, 2, 0, 0, 204, 5, 38]
1542744361591;[171, 0, 17, 255, 161, 74, 234, 66, 46, 0, 0, 156, 0, 0, 2, 0, 0, 204, 5, 38]
1542744361593;[171, 0, 17, 255, 161, 74, 234, 66, 46, 0, 0, 156, 0, 0, 3, 0, 0, 204, 5, 124]
1542744361595;[171, 0, 17, 255, 161, 74, 234, 66, 46, 0, 0, 156, 0, 0, 3, 0, 0, 204, 5, 124]
1542744361751;[171, 0, 17, 255, 161, 74, 234, 66, 46, 0, 0, 155, 0, 0, 3, 0, 0, 205, 5, 161]
1542744361753;[171, 0, 17, 255, 161, 74, 234, 66, 46, 0, 0, 155, 0, 0, 3, 0, 0, 205, 5, 161]
1542744361755;[171, 0, 17, 255, 161, 74, 234, 66, 46, 0, 0, 153, 0, 0, 1, 0, 0, 205, 5, 160]
1542744361757;[171, 0, 17, 255, 161, 74, 234, 66, 46, 0, 0, 153, 0, 0, 1, 0, 0, 205, 5, 160]
1542744361921;[171, 0, 17, 255, 161, 74, 234, 66, 46, 0, 0, 154, 0, 0, 2, 0, 0, 206, 5, 150]
1542744361923;[171, 0, 17, 255, 161, 74, 234, 66, 46, 0, 0, 154, 0, 0, 2, 0, 0, 206, 5, 150]
1542744362268;[171, 0, 17, 255, 161, 74, 234, 66, 46, 0, 0, 155, 0, 0, 3, 0, 0, 206, 5, 143]
1542744362270;[171, 0, 17, 255, 161, 74, 234, 66, 46, 0, 0, 155, 0, 0, 3, 0, 0, 206, 5, 143]
1542744362273;[171, 0, 17, 255, 161, 74, 234, 66, 46, 0, 0, 154, 0, 0, 3, 0, 0, 206, 5, 136]
1542744362275;[171, 0, 17, 255, 161, 74, 234, 66, 46, 0, 0, 154, 0, 0, 3, 0, 0, 206, 5, 136]
1542744362277;[171, 0, 4, 255, 132, 128, 67]
1542744362279;[171, 0, 4, 255, 132, 128, 67]
1542744362282;[171, 0, 17, 255, 161, 74, 234, 66, 47, 0, 0, 155, 0, 0, 3, 0, 0, 205, 5, 106]
1542744362283;[171, 0, 17, 255, 161, 74, 234, 66, 47, 0, 0, 155, 0, 0, 3, 0, 0, 205, 5, 106]
1542744362441;[171, 0, 17, 255, 161, 74, 234, 66, 47, 0, 0, 155, 0, 0, 2, 0, 0, 204, 5, 108]
1542744362443;[171, 0, 17, 255, 161, 74, 234, 66, 47, 0, 0, 155, 0, 0, 2, 0, 0, 204, 5, 108]
1542744362786;[171, 0, 17, 255, 161, 74, 234, 66, 47, 0, 0, 156, 0, 0, 3, 0, 0, 205, 5, 192]
1542744362789;[171, 0, 17, 255, 161, 74, 234, 66, 47, 0, 0, 156, 0, 0, 3, 0, 0, 205, 5, 192]
1542744362791;[171, 0, 17, 255, 161, 74, 234, 66, 47, 0, 0, 155, 0, 0, 3, 0, 0, 206, 5, 250]
1542744362793;[171, 0, 17, 255, 161, 74, 234, 66, 47, 0, 0, 155, 0, 0, 3, 0, 0, 206, 5, 250]
1542744362795;[171, 0, 17, 255, 161, 74, 234, 66, 47, 0, 0, 155, 0, 0, 2, 0, 0, 208, 6, 11]
1542744362797;[171, 0, 17, 255, 161, 74, 234, 66, 47, 0, 0, 155, 0, 0, 2, 0, 0, 208, 6, 11]
1542744362799;[171, 0, 17, 255, 161, 74, 234, 66, 47, 0, 0, 153, 0, 0, 3, 0, 0, 206, 6, 12]
1542744362801;[171, 0, 17, 255, 161, 74, 234, 66, 47, 0, 0, 153, 0, 0, 3, 0, 0, 206, 6, 12]
1542744362957;[171, 0, 17, 255, 161, 74, 234, 66, 47, 0, 0, 155, 0, 0, 2, 0, 0, 207, 6, 20]
1542744362958;[171, 0, 17, 255, 161, 74, 234, 66, 47, 0, 0, 155, 0, 0, 2, 0, 0, 207, 6, 20]
1542744363130;[171, 0, 17, 255, 161, 74, 234, 66, 47, 0, 0, 156, 0, 0, 1, 0, 0, 205, 6, 14]
1542744363132;[171, 0, 17, 255, 161, 74, 234, 66, 47, 0, 0, 156, 0, 0, 1, 0, 0, 205, 6, 14]
1542744363134;[171, 0, 17, 255, 161, 74, 234, 66, 47, 0, 0, 155, 0, 0, 3, 0, 0, 207, 5, 254]
1542744363136;[171, 0, 17, 255, 161, 74, 234, 66, 47, 0, 0, 155, 0, 0, 3, 0, 0, 207, 5, 254]
1542744363476;[171, 0, 17, 255, 161, 74, 234, 66, 47, 0, 0, 155, 0, 0, 2, 0, 0, 205, 6, 24]
1542744363478;[171, 0, 17, 255, 161, 74, 234, 66, 47, 0, 0, 155, 0, 0, 2, 0, 0, 205, 6, 24]
1542744363480;[171, 0, 4, 255, 132, 128, 67]
1542744363482;[171, 0, 4, 255, 132, 128, 67]
1542744363485;[171, 0, 17, 255, 161, 74, 234, 66, 48, 0, 0, 153, 0, 0, 2, 0, 0, 205, 6, 114]
1542744363487;[171, 0, 17, 255, 161, 74, 234, 66, 48, 0, 0, 153, 0, 0, 2, 0, 0, 205, 6, 114]
1542744363490;[171, 0, 17, 255, 161, 74, 234, 66, 48, 0, 0, 154, 0, 0, 3, 0, 0, 206, 6, 150]
1542744363491;[171, 0, 17, 255, 161, 74, 234, 66, 48, 0, 0, 154, 0, 0, 3, 0, 0, 206, 6, 150]
1542744363647;[171, 0, 17, 255, 161, 74, 234, 66, 48, 0, 0, 156, 0, 0, 2, 0, 0, 206, 6, 150]
1542744363649;[171, 0, 17, 255, 161, 74, 234, 66, 48, 0, 0, 156, 0, 0, 2, 0, 0, 206, 6, 150]
1542744363651;[171, 0, 17, 255, 161, 74, 234, 66, 48, 0, 0, 155, 0, 0, 4, 0, 0, 206, 6, 128]
1542744363653;[171, 0, 17, 255, 161, 74, 234, 66, 48, 0, 0, 155, 0, 0, 4, 0, 0, 206, 6, 128]
1542744363819;[171, 0, 17, 255, 161, 74, 234, 66, 48, 0, 0, 154, 0, 0, 1, 0, 0, 206, 6, 114]
1542744363821;[171, 0, 17, 255, 161, 74, 234, 66, 48, 0, 0, 154, 0, 0, 1, 0, 0, 206, 6, 114]
1542744363994;[171, 0, 17, 255, 161, 74, 234, 66, 48, 0, 0, 154, 0, 0, 2, 0, 0, 207, 6, 92]
1542744363997;[171, 0, 17, 255, 161, 74, 234, 66, 48, 0, 0, 154, 0, 0, 2, 0, 0, 207, 6, 92]
1542744363998;[171, 0, 17, 255, 161, 74, 234, 66, 48, 0, 0, 155, 0, 0, 3, 0, 0, 206, 6, 65]
1542744364000;[171, 0, 17, 255, 161, 74, 234, 66, 48, 0, 0, 155, 0, 0, 3, 0, 0, 206, 6, 65]
1542744364164;[171, 0, 17, 255, 161, 74, 234, 66, 48, 0, 0, 152, 0, 0, 3, 0, 0, 205, 6, 36]
1542744364166;[171, 0, 17, 255, 161, 74, 234, 66, 48, 0, 0, 152, 0, 0, 3, 0, 0, 205, 6, 36]
1542744364168;[171, 0, 17, 255, 161, 74, 234, 66, 48, 0, 0, 154, 0, 0, 4, 0, 0, 205, 6, 110]
1542744364170;[171, 0, 17, 255, 161, 74, 234, 66, 48, 0, 0, 154, 0, 0, 4, 0, 0, 205, 6, 110]
1542744364509;[171, 0, 17, 255, 161, 74, 234, 66, 51, 0, 0, 151, 0, 0, 2, 0, 0, 206, 6, 89]
1542744364510;[171, 0, 17, 255, 161, 74, 234, 66, 51, 0, 0, 151, 0, 0, 2, 0, 0, 206, 6, 89]
1542744364856;[171, 0, 17, 255, 161, 74, 234, 66, 51, 0, 0, 152, 0, 0, 4, 0, 0, 207, 6, 79]
1542744364858;[171, 0, 17, 255, 161, 74, 234, 66, 51, 0, 0, 152, 0, 0, 4, 0, 0, 207, 6, 79]
1542744364861;[171, 0, 17, 255, 161, 74, 234, 66, 51, 0, 0, 155, 0, 0, 0, 0, 0, 206, 6, 61]
1542744364862;[171, 0, 17, 255, 161, 74, 234, 66, 51, 0, 0, 155, 0, 0, 0, 0, 0, 206, 6, 61]
1542744364865;[171, 0, 17, 255, 161, 74, 234, 66, 51, 0, 0, 154, 0, 0, 4, 0, 0, 206, 6, 106]
1542744364867;[171, 0, 17, 255, 161, 74, 234, 66, 51, 0, 0, 154, 0, 0, 4, 0, 0, 206, 6, 106]
1542744364870;[171, 0, 17, 255, 161, 74, 234, 66, 51, 0, 0, 157, 0, 0, 4, 0, 0, 206, 6, 185]
1542744364871;[171, 0, 17, 255, 161, 74, 234, 66, 51, 0, 0, 157, 0, 0, 4, 0, 0, 206, 6, 185]
1542744365027;[171, 0, 17, 255, 161, 74, 234, 66, 51, 0, 0, 153, 0, 0, 1, 0, 0, 206, 6, 209]
1542744365029;[171, 0, 17, 255, 161, 74, 234, 66, 51, 0, 0, 153, 0, 0, 1, 0, 0, 206, 6, 209]
1542744365373;[171, 0, 17, 255, 161, 74, 234, 66, 51, 0, 0, 155, 0, 0, 2, 0, 0, 205, 6, 202]
1542744365375;[171, 0, 17, 255, 161, 74, 234, 66, 51, 0, 0, 155, 0, 0, 2, 0, 0, 205, 6, 202]
1542744365378;[171, 0, 17, 255, 161, 74, 234, 66, 51, 0, 0, 156, 0, 0, 2, 0, 0, 205, 6, 184]
1542744365380;[171, 0, 17, 255, 161, 74, 234, 66, 51, 0, 0, 156, 0, 0, 2, 0, 0, 205, 6, 184]
1542744365383;[171, 0, 17, 255, 161, 74, 234, 66, 51, 0, 0, 152, 0, 0, 2, 0, 0, 207, 6, 176]
1542744365386;[171, 0, 17, 255, 161, 74, 234, 66, 51, 0, 0, 152, 0, 0, 2, 0, 0, 207, 6, 176]
1542744365388;[171, 0, 17, 255, 161, 74, 234, 66, 51, 0, 0, 152, 0, 0, 1, 0, 0, 207, 6, 148]
1542744365390;[171, 0, 17, 255, 161, 74, 234, 66, 51, 0, 0, 152, 0, 0, 1, 0, 0, 207, 6, 148]
1542744365718;[171, 0, 4, 255, 132, 128, 68]
1542744365720;[171, 0, 4, 255, 132, 128, 68]
1542744365723;[171, 0, 17, 255, 161, 74, 234, 66, 52, 0, 0, 154, 0, 0, 3, 0, 0, 205, 6, 120]
1542744365725;[171, 0, 17, 255, 161, 74, 234, 66, 52, 0, 0, 154, 0, 0, 3, 0, 0, 205, 6, 120]
1542744365727;[171, 0, 17, 255, 161, 74, 234, 66, 52, 0, 0, 155, 0, 0, 3, 0, 0, 207, 6, 172]
1542744365729;[171, 0, 17, 255, 161, 74, 234, 66, 52, 0, 0, 155, 0, 0, 3, 0, 0, 207, 6, 172]
1542744366067;[171, 0, 17, 255, 161, 74, 234, 66, 52, 0, 0, 155, 0, 0, 3, 0, 0, 205, 6, 216]
1542744366070;[171, 0, 17, 255, 161, 74, 234, 66, 52, 0, 0, 155, 0, 0, 3, 0, 0, 205, 6, 216]
1542744366072;[171, 0, 17, 255, 161, 74, 234, 66, 52, 0, 0, 153, 0, 0, 3, 0, 0, 206, 6, 210]
1542744366074;[171, 0, 17, 255, 161, 74, 234, 66, 52, 0, 0, 153, 0, 0, 3, 0, 0, 206, 6, 210]
1542744366076;[171, 0, 17, 255, 161, 74, 234, 66, 52, 0, 0, 154, 0, 0, 2, 0, 0, 206, 6, 187]
1542744366077;[171, 0, 17, 255, 161, 74, 234, 66, 52, 0, 0, 154, 0, 0, 2, 0, 0, 206, 6, 187]
1542744366083;[171, 0, 17, 255, 161, 74, 234, 66, 52, 0, 0, 155, 0, 0, 2, 0, 0, 205, 6, 170]
1542744366084;[171, 0, 17, 255, 161, 74, 234, 66, 52, 0, 0, 155, 0, 0, 2, 0, 0, 205, 6, 170]
1542744366235;[171, 0, 17, 255, 161, 74, 234, 66, 52, 0, 0, 156, 0, 0, 3, 0, 0, 206, 6, 126]
1542744366237;[171, 0, 17, 255, 161, 74, 234, 66, 52, 0, 0, 156, 0, 0, 3, 0, 0, 206, 6, 126]
1542744366407;[171, 0, 17, 255, 161, 74, 234, 66, 52, 0, 0, 155, 0, 0, 3, 0, 0, 206, 6, 88]
1542744366409;[171, 0, 17, 255, 161, 74, 234, 66, 52, 0, 0, 155, 0, 0, 3, 0, 0, 206, 6, 88]
1542744366411;[171, 0, 17, 255, 161, 74, 234, 66, 52, 0, 0, 154, 0, 0, 5, 0, 0, 206, 6, 36]
1542744366413;[171, 0, 17, 255, 161, 74, 234, 66, 52, 0, 0, 154, 0, 0, 5, 0, 0, 206, 6, 36]
1542744366580;[171, 0, 17, 255, 161, 74, 234, 66, 52, 0, 0, 155, 0, 0, 3, 0, 0, 207, 6, 44]
1542744366582;[171, 0, 17, 255, 161, 74, 234, 66, 52, 0, 0, 155, 0, 0, 3, 0, 0, 207, 6, 44]
1542744366584;[171, 0, 4, 255, 132, 128, 69]
1542744366586;[171, 0, 4, 255, 132, 128, 69]
1542744366752;[171, 0, 17, 255, 161, 74, 234, 66, 53, 0, 0, 155, 0, 0, 4, 0, 0, 204, 6, 68]
1542744366754;[171, 0, 17, 255, 161, 74, 234, 66, 53, 0, 0, 155, 0, 0, 4, 0, 0, 204, 6, 68]
1542744366756;[171, 0, 17, 255, 161, 74, 234, 66, 53, 0, 0, 157, 0, 0, 2, 0, 0, 205, 6, 54]
1542744366758;[171, 0, 17, 255, 161, 74, 234, 66, 53, 0, 0, 157, 0, 0, 2, 0, 0, 205, 6, 54]
1542744366924;[171, 0, 17, 255, 161, 74, 234, 66, 53, 0, 0, 155, 0, 0, 3, 0, 0, 207, 6, 16]
1542744366926;[171, 0, 17, 255, 161, 74, 234, 66, 53, 0, 0, 155, 0, 0, 3, 0, 0, 207, 6, 16]
1542744367271;[171, 0, 17, 255, 161, 74, 234, 66, 53, 0, 0, 157, 0, 0, 2, 0, 0, 206, 5, 233]
1542744367274;[171, 0, 17, 255, 161, 74, 234, 66, 53, 0, 0, 157, 0, 0, 2, 0, 0, 206, 5, 233]
1542744367276;[171, 0, 17, 255, 161, 74, 234, 66, 53, 0, 0, 155, 0, 0, 1, 0, 0, 206, 5, 195]
1542744367278;[171, 0, 17, 255, 161, 74, 234, 66, 53, 0, 0, 155, 0, 0, 1, 0, 0, 206, 5, 195]
1542744367280;[171, 0, 17, 255, 161, 74, 234, 66, 53, 0, 0, 152, 0, 0, 3, 0, 0, 207, 5, 148]
1542744367282;[171, 0, 17, 255, 161, 74, 234, 66, 53, 0, 0, 152, 0, 0, 3, 0, 0, 207, 5, 148]
1542744367284;[171, 0, 17, 255, 161, 74, 234, 66, 53, 0, 0, 153, 1, 0, 1, 0, 0, 205, 5, 95]
1542744367286;[171, 0, 17, 255, 161, 74, 234, 66, 53, 0, 0, 153, 1, 0, 1, 0, 0, 205, 5, 95]
1542744367442;[171, 0, 17, 255, 161, 74, 234, 66, 53, 0, 0, 152, 0, 0, 2, 0, 0, 205, 5, 43]
1542744367444;[171, 0, 17, 255, 161, 74, 234, 66, 53, 0, 0, 152, 0, 0, 2, 0, 0, 205, 5, 43]
1542744367614;[171, 0, 17, 255, 161, 74, 234, 66, 53, 0, 0, 153, 0, 0, 2, 0, 0, 205, 5, 32]
1542744367616;[171, 0, 17, 255, 161, 74, 234, 66, 53, 0, 0, 153, 0, 0, 2, 0, 0, 205, 5, 32]
1542744367618;[171, 0, 17, 255, 161, 74, 234, 66, 53, 0, 0, 155, 0, 0, 2, 0, 0, 206, 5, 25]
1542744367620;[171, 0, 17, 255, 161, 74, 234, 66, 53, 0, 0, 155, 0, 0, 2, 0, 0, 206, 5, 25]
1542744367961;[171, 0, 4, 255, 132, 128, 69]
1542744367963;[171, 0, 4, 255, 132, 128, 69]
1542744367965;[171, 0, 17, 255, 161, 74, 234, 66, 54, 0, 0, 156, 0, 0, 4, 0, 0, 205, 4, 241]
1542744367966;[171, 0, 17, 255, 161, 74, 234, 66, 54, 0, 0, 156, 0, 0, 4, 0, 0, 205, 4, 241]
1542744367967;[171, 0, 17, 255, 161, 74, 234, 66, 54, 0, 0, 154, 0, 0, 2, 0, 0, 206, 4, 201]
1542744367969;[171, 0, 17, 255, 161, 74, 234, 66, 54, 0, 0, 154, 0, 0, 2, 0, 0, 206, 4, 201]
1542744367970;[171, 0, 17, 255, 161, 74, 234, 66, 54, 0, 0, 155, 0, 0, 4, 0, 0, 207, 4, 156]
1542744367983;[171, 0, 17, 255, 161, 74, 234, 66, 54, 0, 0, 155, 0, 0, 4, 0, 0, 207, 4, 156]
1542744368305;[171, 0, 17, 255, 161, 74, 234, 66, 54, 0, 0, 154, 0, 0, 3, 0, 0, 206, 4, 120]
1542744368306;[171, 0, 17, 255, 161, 74, 234, 66, 54, 0, 0, 154, 0, 0, 3, 0, 0, 206, 4, 120]
1542744368308;[171, 0, 17, 255, 161, 74, 234, 66, 54, 0, 0, 154, 0, 0, 1, 0, 0, 206, 4, 85]
1542744368309;[171, 0, 17, 255, 161, 74, 234, 66, 54, 0, 0, 154, 0, 0, 1, 0, 0, 206, 4, 85]
1542744368311;[171, 0, 17, 255, 161, 74, 234, 66, 54, 0, 0, 156, 0, 0, 3, 0, 0, 205, 4, 40]
1542744368312;[171, 0, 17, 255, 161, 74, 234, 66, 54, 0, 0, 156, 0, 0, 3, 0, 0, 205, 4, 40]
1542744368652;[171, 0, 17, 255, 161, 74, 234, 66, 54, 0, 0, 153, 0, 0, 2, 0, 0, 205, 4, 31]
1542744368654;[171, 0, 17, 255, 161, 74, 234, 66, 54, 0, 0, 153, 0, 0, 2, 0, 0, 205, 4, 31]
1542744368656;[171, 0, 17, 255, 161, 74, 234, 66, 54, 0, 0, 154, 1, 0, 1, 0, 0, 206, 4, 31]
1542744368658;[171, 0, 17, 255, 161, 74, 234, 66, 54, 0, 0, 154, 1, 0, 1, 0, 0, 206, 4, 31]
1542744368660;[171, 0, 17, 255, 161, 74, 234, 66, 54, 0, 0, 157, 0, 0, 4, 0, 0, 205, 4, 14]
1542744368662;[171, 0, 17, 255, 161, 74, 234, 66, 54, 0, 0, 157, 0, 0, 4, 0, 0, 205, 4, 14]
1542744368664;[171, 0, 17, 255, 161, 74, 234, 66, 54, 0, 0, 152, 0, 0, 1, 0, 0, 206, 3, 254]
1542744368666;[171, 0, 17, 255, 161, 74, 234, 66, 54, 0, 0, 152, 0, 0, 1, 0, 0, 206, 3, 254]
1542744368821;[171, 0, 4, 255, 132, 128, 69]
1542744368823;[171, 0, 4, 255, 132, 128, 69]
1542744368997;[171, 0, 17, 255, 161, 74, 234, 66, 55, 0, 0, 154, 0, 0, 3, 0, 0, 205, 3, 232]
1542744368999;[171, 0, 17, 255, 161, 74, 234, 66, 55, 0, 0, 154, 0, 0, 3, 0, 0, 205, 3, 232]
1542744369001;[171, 0, 17, 255, 161, 74, 234, 66, 55, 0, 0, 154, 0, 0, 3, 0, 0, 205, 3, 204]
1542744369003;[171, 0, 17, 255, 161, 74, 234, 66, 55, 0, 0, 154, 0, 0, 3, 0, 0, 205, 3, 204]
1542744369167;[171, 0, 17, 255, 161, 74, 234, 66, 55, 0, 0, 157, 0, 0, 5, 0, 0, 206, 3, 178]
1542744369169;[171, 0, 17, 255, 161, 74, 234, 66, 55, 0, 0, 157, 0, 0, 5, 0, 0, 206, 3, 178]
1542744369171;[171, 0, 17, 255, 161, 74, 234, 66, 55, 0, 0, 156, 0, 0, 4, 0, 0, 205, 3, 153]
1542744369173;[171, 0, 17, 255, 161, 74, 234, 66, 55, 0, 0, 156, 0, 0, 4, 0, 0, 205, 3, 153]
1542744369339;[171, 0, 17, 255, 161, 74, 234, 66, 55, 0, 0, 152, 0, 0, 2, 0, 0, 206, 3, 135]
1542744369341;[171, 0, 17, 255, 161, 74, 234, 66, 55, 0, 0, 152, 0, 0, 2, 0, 0, 206, 3, 135]
1542744369513;[171, 0, 17, 255, 161, 74, 234, 66, 55, 0, 0, 153, 0, 0, 2, 0, 0, 206, 3, 127]
1542744369517;[171, 0, 17, 255, 161, 74, 234, 66, 55, 0, 0, 153, 0, 0, 2, 0, 0, 206, 3, 127]
1542744369518;[171, 0, 17, 255, 161, 74, 234, 66, 55, 0, 0, 152, 0, 0, 1, 0, 0, 206, 3, 111]
1542744369520;[171, 0, 17, 255, 161, 74, 234, 66, 55, 0, 0, 152, 0, 0, 1, 0, 0, 206, 3, 111]
1542744369860;[171, 0, 17, 255, 161, 74, 234, 66, 55, 0, 0, 155, 0, 0, 2, 0, 0, 206, 3, 87]
1542744369862;[171, 0, 17, 255, 161, 74, 234, 66, 55, 0, 0, 155, 0, 0, 2, 0, 0, 206, 3, 87]
1542744369865;[171, 0, 17, 255, 161, 74, 234, 66, 55, 0, 0, 154, 0, 0, 2, 0, 0, 206, 3, 70]
1542744369867;[171, 0, 17, 255, 161, 74, 234, 66, 55, 0, 0, 154, 0, 0, 2, 0, 0, 206, 3, 70]
1542744369870;[171, 0, 17, 255, 161, 74, 234, 66, 55, 0, 0, 154, 0, 0, 2, 0, 0, 205, 3, 47]
1542744369871;[171, 0, 17, 255, 161, 74, 234, 66, 55, 0, 0, 154, 0, 0, 2, 0, 0, 205, 3, 47]
1542744369873;[171, 0, 4, 255, 132, 128, 70]
1542744369875;[171, 0, 4, 255, 132, 128, 70]
1542744370029;[171, 0, 17, 255, 161, 74, 234, 66, 56, 0, 0, 155, 0, 0, 4, 0, 0, 205, 3, 19]
1542744370031;[171, 0, 17, 255, 161, 74, 234, 66, 56, 0, 0, 155, 0, 0, 4, 0, 0, 205, 3, 19]
1542744370202;[171, 0, 17, 255, 161, 74, 234, 66, 56, 0, 0, 154, 0, 0, 2, 0, 0, 206, 3, 11]
1542744370204;[171, 0, 17, 255, 161, 74, 234, 66, 56, 0, 0, 154, 0, 0, 2, 0, 0, 206, 3, 11]
1542744370206;[171, 0, 17, 255, 161, 74, 234, 66, 56, 0, 0, 155, 0, 0, 2, 0, 0, 205, 2, 242]
1542744370208;[171, 0, 17, 255, 161, 74, 234, 66, 56, 0, 0, 155, 0, 0, 2, 0, 0, 205, 2, 242]
1542744370375;[171, 0, 17, 255, 161, 74, 234, 66, 56, 0, 0, 154, 0, 0, 2, 0, 0, 205, 2, 234]
1542744370377;[171, 0, 17, 255, 161, 74, 234, 66, 56, 0, 0, 154, 0, 0, 2, 0, 0, 205, 2, 234]
1542744370378;[171, 0, 17, 255, 161, 74, 234, 66, 56, 0, 0, 156, 0, 0, 3, 0, 0, 204, 2, 230]
1542744370380;[171, 0, 17, 255, 161, 74, 234, 66, 56, 0, 0, 156, 0, 0, 3, 0, 0, 204, 2, 230]
1542744370548;[171, 0, 17, 255, 161, 74, 234, 66, 56, 0, 0, 153, 0, 0, 4, 0, 0, 207, 2, 217]
1542744370550;[171, 0, 17, 255, 161, 74, 234, 66, 56, 0, 0, 153, 0, 0, 4, 0, 0, 207, 2, 217]
1542744370552;[171, 0, 17, 255, 161, 74, 234, 66, 56, 0, 0, 153, 0, 0, 2, 0, 0, 204, 2, 196]
1542744370554;[171, 0, 17, 255, 161, 74, 234, 66, 56, 0, 0, 153, 0, 0, 2, 0, 0, 204, 2, 196]
1542744370719;[171, 0, 17, 255, 161, 74, 234, 66, 56, 0, 0, 153, 0, 0, 1, 0, 0, 206, 2, 174]
1542744370721;[171, 0, 17, 255, 161, 74, 234, 66, 56, 0, 0, 153, 0, 0, 1, 0, 0, 206, 2, 174]
1542744370893;[171, 0, 17, 255, 161, 74, 234, 66, 56, 0, 0, 155, 0, 0, 4, 0, 0, 204, 2, 153]
1542744370895;[171, 0, 17, 255, 161, 74, 234, 66, 56, 0, 0, 155, 0, 0, 4, 0, 0, 204, 2, 153]
1542744370897;[171, 0, 17, 255, 161, 74, 234, 66, 56, 0, 0, 154, 0, 0, 0, 0, 0, 205, 2, 136]
1542744370898;[171, 0, 17, 255, 161, 74, 234, 66, 56, 0, 0, 154, 0, 0, 0, 0, 0, 205, 2, 136]
1542744371237;[171, 0, 4, 255, 132, 128, 70]
1542744371240;[171, 0, 4, 255, 132, 128, 70]
1542744371243;[171, 0, 17, 255, 161, 74, 234, 66, 57, 0, 0, 155, 0, 0, 1, 0, 0, 205, 2, 115]
1542744371245;[171, 0, 17, 255, 161, 74, 234, 66, 57, 0, 0, 155, 0, 0, 1, 0, 0, 205, 2, 115]
1542744371247;[171, 0, 17, 255, 161, 74, 234, 66, 57, 0, 0, 155, 0, 0, 1, 0, 0, 207, 2, 95]
1542744371249;[171, 0, 17, 255, 161, 74, 234, 66, 57, 0, 0, 155, 0, 0, 1, 0, 0, 207, 2, 95]
1542744371409;[171, 0, 17, 255, 161, 74, 234, 66, 57, 0, 0, 154, 0, 0, 3, 0, 0, 207, 2, 92]
1542744371411;[171, 0, 17, 255, 161, 74, 234, 66, 57, 0, 0, 154, 0, 0, 3, 0, 0, 207, 2, 92]
1542744371414;[171, 0, 17, 255, 161, 74, 234, 66, 57, 0, 0, 155, 0, 0, 3, 0, 0, 205, 2, 97]
1542744371415;[171, 0, 17, 255, 161, 74, 234, 66, 57, 0, 0, 155, 0, 0, 3, 0, 0, 205, 2, 97]
1542744371756;[171, 0, 17, 255, 161, 74, 234, 66, 57, 0, 0, 152, 0, 0, 2, 0, 0, 207, 2, 105]
1542744371758;[171, 0, 17, 255, 161, 74, 234, 66, 57, 0, 0, 152, 0, 0, 2, 0, 0, 207, 2, 105]
1542744371760;[171, 0, 17, 255, 161, 74, 234, 66, 57, 0, 0, 152, 0, 0, 4, 0, 0, 206, 2, 114]
1542744371762;[171, 0, 17, 255, 161, 74, 234, 66, 57, 0, 0, 152, 0, 0, 4, 0, 0, 206, 2, 114]
1542744371764;[171, 0, 17, 255, 161, 74, 234, 66, 57, 0, 0, 154, 0, 0, 4, 0, 0, 204, 2, 113]
1542744371766;[171, 0, 17, 255, 161, 74, 234, 66, 57, 0, 0, 154, 0, 0, 4, 0, 0, 204, 2, 113]
1542744371769;[171, 0, 17, 255, 161, 74, 234, 66, 57, 0, 0, 154, 0, 0, 2, 0, 0, 207, 2, 118]
1542744371771;[171, 0, 17, 255, 161, 74, 234, 66, 57, 0, 0, 154, 0, 0, 2, 0, 0, 207, 2, 118]
1542744371927;[171, 0, 17, 255, 161, 74, 234, 66, 57, 0, 0, 153, 0, 0, 3, 0, 0, 205, 2, 106]
1542744371929;[171, 0, 17, 255, 161, 74, 234, 66, 57, 0, 0, 153, 0, 0, 3, 0, 0, 205, 2, 106]
1542744372099;[171, 0, 17, 255, 161, 74, 234, 66, 57, 0, 0, 155, 0, 0, 3, 0, 0, 207, 2, 98]
1542744372101;[171, 0, 17, 255, 161, 74, 234, 66, 57, 0, 0, 155, 0, 0, 3, 0, 0, 207, 2, 98]
1542744372103;[171, 0, 4, 255, 132, 128, 70]
1542744372105;[171, 0, 4, 255, 132, 128, 70]
1542744372446;[171, 0, 17, 255, 161, 74, 234, 66, 58, 0, 0, 154, 0, 0, 2, 0, 0, 206, 2, 100]
1542744372448;[171, 0, 17, 255, 161, 74, 234, 66, 58, 0, 0, 154, 0, 0, 2, 0, 0, 206, 2, 100]
1542744372451;[171, 0, 17, 255, 161, 74, 234, 66, 58, 0, 0, 153, 0, 0, 3, 0, 0, 207, 2, 91]
1542744372453;[171, 0, 17, 255, 161, 74, 234, 66, 58, 0, 0, 153, 0, 0, 3, 0, 0, 207, 2, 91]
1542744372455;[171, 0, 17, 255, 161, 74, 234, 66, 58, 0, 0, 152, 0, 0, 3, 0, 0, 204, 2, 118]
1542744372457;[171, 0, 17, 255, 161, 74, 234, 66, 58, 0, 0, 152, 0, 0, 3, 0, 0, 204, 2, 118]
1542744372459;[171, 0, 17, 255, 161, 74, 234, 66, 58, 0, 0, 152, 0, 0, 3, 0, 0, 206, 2, 141]
1542744372461;[171, 0, 17, 255, 161, 74, 234, 66, 58, 0, 0, 152, 0, 0, 3, 0, 0, 206, 2, 141]
1542744372614;[171, 0, 17, 255, 161, 74, 234, 66, 58, 0, 0, 156, 0, 0, 3, 0, 0, 206, 2, 150]
1542744372616;[171, 0, 17, 255, 161, 74, 234, 66, 58, 0, 0, 156, 0, 0, 3, 0, 0, 206, 2, 150]
1542744372790;[171, 0, 17, 255, 161, 74, 234, 66, 58, 0, 0, 156, 0, 0, 2, 0, 0, 205, 2, 158]
1542744372792;[171, 0, 17, 255, 161, 74, 234, 66, 58, 0, 0, 156, 0, 0, 2, 0, 0, 205, 2, 158]
1542744372795;[171, 0, 17, 255, 161, 74, 234, 66, 58, 0, 0, 155, 0, 0, 4, 0, 0, 206, 2, 163]
1542744372797;[171, 0, 17, 255, 161, 74, 234, 66, 58, 0, 0, 155, 0, 0, 4, 0, 0, 206, 2, 163]
1542744372962;[171, 0, 17, 255, 161, 74, 234, 66, 58, 0, 0, 154, 0, 0, 2, 0, 0, 205, 2, 171]
1542744372964;[171, 0, 17, 255, 161, 74, 234, 66, 58, 0, 0, 154, 0, 0, 2, 0, 0, 205, 2, 171]
1542744372966;[171, 0, 17, 255, 161, 74, 234, 66, 58, 0, 0, 155, 0, 0, 3, 0, 0, 206, 2, 172]
1542744372968;[171, 0, 17, 255, 161, 74, 234, 66, 58, 0, 0, 155, 0, 0, 3, 0, 0, 206, 2, 172]
1542744373133;[171, 0, 17, 255, 161, 74, 234, 66, 58, 0, 0, 154, 0, 0, 2, 0, 0, 207, 2, 155]
1542744373135;[171, 0, 17, 255, 161, 74, 234, 66, 58, 0, 0, 154, 0, 0, 2, 0, 0, 207, 2, 155]
1542744373307;[171, 0, 4, 255, 132, 128, 70]
1542744373310;[171, 0, 4, 255, 132, 128, 70]
1542744373312;[171, 0, 17, 255, 161, 74, 234, 66, 59, 0, 0, 152, 0, 0, 2, 0, 0, 206, 2, 146]
1542744373314;[171, 0, 17, 255, 161, 74, 234, 66, 59, 0, 0, 152, 0, 0, 2, 0, 0, 206, 2, 146]
1542744373825;[171, 0, 17, 255, 161, 74, 234, 66, 59, 0, 0, 153, 0, 0, 3, 0, 0, 206, 2, 143]
1542744373827;[171, 0, 17, 255, 161, 74, 234, 66, 59, 0, 0, 153, 0, 0, 3, 0, 0, 206, 2, 143]
1542744373830;[171, 0, 17, 255, 161, 74, 234, 66, 59, 0, 0, 154, 0, 0, 3, 0, 0, 206, 2, 190]
1542744373833;[171, 0, 17, 255, 161, 74, 234, 66, 59, 0, 0, 154, 0, 0, 3, 0, 0, 206, 2, 190]
1542744373835;[171, 0, 17, 255, 161, 74, 234, 66, 59, 0, 0, 156, 0, 0, 3, 0, 0, 206, 3, 6]
1542744373837;[171, 0, 17, 255, 161, 74, 234, 66, 59, 0, 0, 156, 0, 0, 3, 0, 0, 206, 3, 6]
1542744373841;[171, 0, 17, 255, 161, 74, 234, 66, 59, 0, 0, 153, 0, 0, 3, 0, 0, 205, 3, 59]
1542744373843;[171, 0, 17, 255, 161, 74, 234, 66, 59, 0, 0, 153, 0, 0, 3, 0, 0, 205, 3, 59]
1542744373999;[171, 0, 17, 255, 161, 74, 234, 66, 59, 0, 0, 156, 0, 0, 2, 0, 0, 205, 3, 85]
1542744374001;[171, 0, 17, 255, 161, 74, 234, 66, 59, 0, 0, 156, 0, 0, 2, 0, 0, 205, 3, 85]
1542744374003;[171, 0, 17, 255, 161, 74, 234, 66, 59, 0, 0, 156, 0, 0, 3, 0, 0, 204, 3, 122]
1542744374005;[171, 0, 17, 255, 161, 74, 234, 66, 59, 0, 0, 156, 0, 0, 3, 0, 0, 204, 3, 122]
1542744374008;[171, 0, 17, 255, 161, 74, 234, 66, 59, 0, 0, 155, 0, 0, 3, 0, 0, 206, 3, 131]
1542744374010;[171, 0, 17, 255, 161, 74, 234, 66, 59, 0, 0, 155, 0, 0, 3, 0, 0, 206, 3, 131]
1542744374345;[171, 0, 17, 255, 161, 74, 234, 66, 59, 0, 0, 156, 0, 0, 4, 0, 0, 205, 3, 146]
1542744374347;[171, 0, 17, 255, 161, 74, 234, 66, 59, 0, 0, 156, 0, 0, 4, 0, 0, 205, 3, 146]
1542744374350;[171, 0, 17, 255, 161, 74, 234, 66, 59, 0, 0, 155, 0, 0, 4, 0, 0, 206, 3, 136]
1542744374352;[171, 0, 17, 255, 161, 74, 234, 66, 59, 0, 0, 155, 0, 0, 4, 0, 0, 206, 3, 136]
1542744374354;[171, 0, 4, 255, 132, 128, 69]
1542744374356;[171, 0, 4, 255, 132, 128, 69]
1542744374514;[171, 0, 17, 255, 161, 74, 234, 66, 64, 0, 0, 153, 0, 0, 3, 0, 0, 203, 3, 125]
1542744374516;[171, 0, 17, 255, 161, 74, 234, 66, 64, 0, 0, 153, 0, 0, 3, 0, 0, 203, 3, 125]
1542744375034;[171, 0, 17, 255, 161, 74, 234, 66, 64, 0, 0, 157, 0, 0, 2, 0, 0, 207, 3, 116]
1542744375036;[171, 0, 17, 255, 161, 74, 234, 66, 64, 0, 0, 157, 0, 0, 2, 0, 0, 207, 3, 116]
1542744375039;[171, 0, 17, 255, 161, 74, 234, 66, 64, 0, 0, 155, 0, 0, 3, 0, 0, 205, 3, 100]
1542744375041;[171, 0, 17, 255, 161, 74, 234, 66, 64, 0, 0, 155, 0, 0, 3, 0, 0, 205, 3, 100]
1542744375043;[171, 0, 17, 255, 161, 74, 234, 66, 64, 0, 0, 154, 0, 0, 3, 0, 0, 206, 3, 153]
1542744375046;[171, 0, 17, 255, 161, 74, 234, 66, 64, 0, 0, 154, 0, 0, 3, 0, 0, 206, 3, 153]
1542744375047;[171, 0, 17, 255, 161, 74, 234, 66, 64, 0, 0, 157, 0, 0, 3, 0, 0, 205, 4, 3]
1542744375049;[171, 0, 17, 255, 161, 74, 234, 66, 64, 0, 0, 157, 0, 0, 3, 0, 0, 205, 4, 3]
1542744375205;[171, 0, 17, 255, 161, 74, 234, 66, 64, 0, 0, 155, 0, 0, 2, 0, 0, 206, 4, 64]
1542744375207;[171, 0, 17, 255, 161, 74, 234, 66, 64, 0, 0, 155, 0, 0, 2, 0, 0, 206, 4, 64]
1542744375376;[171, 0, 17, 255, 161, 74, 234, 66, 64, 0, 0, 154, 0, 0, 3, 0, 0, 206, 4, 90]
1542744375378;[171, 0, 17, 255, 161, 74, 234, 66, 64, 0, 0, 154, 0, 0, 3, 0, 0, 206, 4, 90]
1542744375551;[171, 0, 17, 255, 161, 74, 234, 66, 64, 0, 0, 155, 0, 0, 2, 0, 0, 205, 4, 129]
1542744375553;[171, 0, 17, 255, 161, 74, 234, 66, 64, 0, 0, 155, 0, 0, 2, 0, 0, 205, 4, 129]
1542744375555;[171, 0, 17, 255, 161, 74, 234, 66, 64, 0, 0, 155, 0, 0, 2, 0, 0, 206, 4, 169]
1542744375557;[171, 0, 17, 255, 161, 74, 234, 66, 64, 0, 0, 155, 0, 0, 2, 0, 0, 206, 4, 169]
1542744375561;[171, 0, 17, 255, 161, 74, 234, 66, 64, 0, 0, 154, 0, 0, 4, 0, 0, 205, 4, 194]
1542744375563;[171, 0, 17, 255, 161, 74, 234, 66, 64, 0, 0, 154, 0, 0, 4, 0, 0, 205, 4, 194]
1542744375565;[171, 0, 4, 255, 132, 128, 69]
1542744375567;[171, 0, 4, 255, 132, 128, 69]
1542744375896;[171, 0, 17, 255, 161, 74, 234, 66, 65, 0, 0, 156, 0, 0, 2, 0, 0, 205, 4, 207]
1542744375898;[171, 0, 17, 255, 161, 74, 234, 66, 65, 0, 0, 156, 0, 0, 2, 0, 0, 205, 4, 207]
1542744375904;[171, 0, 17, 255, 161, 74, 234, 66, 65, 0, 0, 155, 0, 0, 4, 0, 0, 205, 4, 223]
1542744375906;[171, 0, 17, 255, 161, 74, 234, 66, 65, 0, 0, 155, 0, 0, 4, 0, 0, 205, 4, 223]
1542744375908;[171, 0, 17, 255, 161, 74, 234, 66, 65, 0, 0, 153, 0, 0, 1, 0, 0, 206, 5, 14]
1542744375910;[171, 0, 17, 255, 161, 74, 234, 66, 65, 0, 0, 153, 0, 0, 1, 0, 0, 206, 5, 14]
1542744375911;[171, 0, 17, 255, 161, 74, 234, 66, 65, 0, 0, 155, 0, 0, 3, 0, 0, 206, 5, 138]
1542744375913;[171, 0, 17, 255, 161, 74, 234, 66, 65, 0, 0, 155, 0, 0, 3, 0, 0, 206, 5, 138]
1542744376241;[171, 0, 17, 255, 161, 74, 234, 66, 65, 0, 0, 152, 0, 0, 1, 0, 0, 204, 5, 213]
1542744376243;[171, 0, 17, 255, 161, 74, 234, 66, 65, 0, 0, 152, 0, 0, 1, 0, 0, 204, 5, 213]
1542744376245;[171, 0, 17, 255, 161, 74, 234, 66, 65, 0, 0, 154, 0, 0, 3, 0, 0, 208, 5, 230]
1542744376247;[171, 0, 17, 255, 161, 74, 234, 66, 65, 0, 0, 154, 0, 0, 3, 0, 0, 208, 5, 230]
1542744376251;[171, 0, 17, 255, 161, 74, 234, 66, 65, 0, 0, 155, 0, 0, 1, 0, 0, 204, 5, 253]
1542744376253;[171, 0, 17, 255, 161, 74, 234, 66, 65, 0, 0, 155, 0, 0, 1, 0, 0, 204, 5, 253]
1542744376255;[171, 0, 17, 255, 161, 74, 234, 66, 65, 0, 0, 156, 0, 0, 3, 0, 0, 207, 6, 13]
1542744376257;[171, 0, 17, 255, 161, 74, 234, 66, 65, 0, 0, 156, 0, 0, 3, 0, 0, 207, 6, 13]
1542744376414;[171, 0, 17, 255, 161, 74, 234, 66, 65, 0, 0, 155, 0, 0, 3, 0, 0, 205, 6, 6]
1542744376415;[171, 0, 17, 255, 161, 74, 234, 66, 65, 0, 0, 155, 0, 0, 3, 0, 0, 205, 6, 6]
1542744376417;[171, 0, 17, 255, 161, 74, 234, 66, 65, 0, 0, 156, 0, 0, 2, 0, 0, 206, 5, 247]
1542744376419;[171, 0, 17, 255, 161, 74, 234, 66, 65, 0, 0, 156, 0, 0, 2, 0, 0, 206, 5, 247]
1542744376586;[171, 0, 4, 255, 132, 128, 68]
1542744376588;[171, 0, 4, 255, 132, 128, 68]
1542744376591;[171, 0, 17, 255, 161, 74, 234, 66, 66, 0, 0, 153, 0, 0, 2, 0, 0, 207, 5, 232]
1542744376593;[171, 0, 17, 255, 161, 74, 234, 66, 66, 0, 0, 153, 0, 0, 2, 0, 0, 207, 5, 232]
1542744376930;[171, 0, 17, 255, 161, 74, 234, 66, 66, 0, 0, 152, 0, 0, 4, 0, 0, 206, 5, 228]
1542744376932;[171, 0, 17, 255, 161, 74, 234, 66, 66, 0, 0, 152, 0, 0, 4, 0, 0, 206, 5, 228]
1542744376935;[171, 0, 17, 255, 161, 74, 234, 66, 66, 0, 0, 154, 0, 0, 2, 0, 0, 205, 6, 96]
1542744376937;[171, 0, 17, 255, 161, 74, 234, 66, 66, 0, 0, 154, 0, 0, 2, 0, 0, 205, 6, 96]
1542744376940;[171, 0, 17, 255, 161, 74, 234, 66, 66, 0, 0, 153, 0, 0, 3, 0, 0, 205, 6, 167]
1542744376942;[171, 0, 17, 255, 161, 74, 234, 66, 66, 0, 0, 153, 0, 0, 3, 0, 0, 205, 6, 167]
1542744377102;[171, 0, 17, 255, 161, 74, 234, 66, 66, 0, 0, 155, 0, 0, 4, 0, 0, 206, 6, 186]
1542744377104;[171, 0, 17, 255, 161, 74, 234, 66, 66, 0, 0, 155, 0, 0, 4, 0, 0, 206, 6, 186]
1542744377107;[171, 0, 17, 255, 161, 74, 234, 66, 66, 0, 0, 156, 0, 0, 2, 0, 0, 206, 6, 192]
1542744377109;[171, 0, 17, 255, 161, 74, 234, 66, 66, 0, 0, 156, 0, 0, 2, 0, 0, 206, 6, 192]
1542744377274;[171, 0, 17, 255, 161, 74, 234, 66, 66, 0, 0, 154, 0, 0, 3, 0, 0, 205, 6, 195]
1542744377276;[171, 0, 17, 255, 161, 74, 234, 66, 66, 0, 0, 154, 0, 0, 3, 0, 0, 205, 6, 195]
1542744377278;[171, 0, 17, 255, 161, 74, 234, 66, 66, 0, 0, 153, 0, 0, 3, 0, 0, 205, 6, 187]
1542744377280;[171, 0, 17, 255, 161, 74, 234, 66, 66, 0, 0, 153, 0, 0, 3, 0, 0, 205, 6, 187]
1542744377620;[171, 0, 17, 255, 161, 74, 234, 66, 66, 0, 0, 153, 0, 0, 3, 0, 0, 206, 6, 162]
1542744377622;[171, 0, 17, 255, 161, 74, 234, 66, 66, 0, 0, 153, 0, 0, 3, 0, 0, 206, 6, 162]
1542744377625;[171, 0, 17, 255, 161, 74, 234, 66, 66, 0, 0, 152, 0, 0, 3, 0, 0, 205, 6, 141]
1542744377627;[171, 0, 17, 255, 161, 74, 234, 66, 66, 0, 0, 152, 0, 0, 3, 0, 0, 205, 6, 141]
1542744377629;[171, 0, 4, 255, 132, 128, 67]
1542744377631;[171, 0, 4, 255, 132, 128, 67]
1542744377792;[171, 0, 17, 255, 161, 74, 234, 66, 67, 0, 0, 154, 0, 0, 3, 0, 0, 206, 6, 114]
1542744377794;[171, 0, 17, 255, 161, 74, 234, 66, 67, 0, 0, 154, 0, 0, 3, 0, 0, 206, 6, 114]
1542744377796;[171, 0, 17, 255, 161, 74, 234, 66, 67, 0, 0, 154, 0, 0, 4, 0, 0, 206, 6, 92]
1542744377798;[171, 0, 17, 255, 161, 74, 234, 66, 67, 0, 0, 154, 0, 0, 4, 0, 0, 206, 6, 92]
1542744378139;[171, 0, 17, 255, 161, 74, 234, 66, 67, 0, 0, 155, 0, 0, 2, 0, 0, 207, 6, 175]
1542744378141;[171, 0, 17, 255, 161, 74, 234, 66, 67, 0, 0, 155, 0, 0, 2, 0, 0, 207, 6, 175]
1542744378143;[171, 0, 17, 255, 161, 74, 234, 66, 67, 0, 0, 153, 0, 0, 3, 0, 0, 205, 6, 226]
1542744378145;[171, 0, 17, 255, 161, 74, 234, 66, 67, 0, 0, 153, 0, 0, 3, 0, 0, 205, 6, 226]
1542744378147;[171, 0, 17, 255, 161, 74, 234, 66, 67, 0, 0, 154, 0, 0, 1, 0, 0, 206, 6, 235]
1542744378148;[171, 0, 17, 255, 161, 74, 234, 66, 67, 0, 0, 154, 0, 0, 1, 0, 0, 206, 6, 235]
1542744378310;[171, 0, 17, 255, 161, 74, 234, 66, 67, 0, 0, 155, 0, 0, 3, 0, 0, 205, 6, 210]
1542744378312;[171, 0, 17, 255, 161, 74, 234, 66, 67, 0, 0, 155, 0, 0, 3, 0, 0, 205, 6, 210]
1542744378314;[171, 0, 17, 255, 161, 74, 234, 66, 67, 0, 0, 154, 0, 0, 1, 0, 0, 205, 6, 212]
1542744378316;[171, 0, 17, 255, 161, 74, 234, 66, 67, 0, 0, 154, 0, 0, 1, 0, 0, 205, 6, 212]
1542744378482;[171, 0, 17, 255, 161, 74, 234, 66, 67, 0, 0, 154, 0, 0, 5, 0, 0, 205, 6, 188]
1542744378484;[171, 0, 17, 255, 161, 74, 234, 66, 67, 0, 0, 154, 0, 0, 5, 0, 0, 205, 6, 188]
1542744378487;[171, 0, 17, 255, 161, 74, 234, 66, 67, 0, 0, 154, 0, 0, 5, 0, 0, 206, 6, 171]
1542744378488;[171, 0, 17, 255, 161, 74, 234, 66, 67, 0, 0, 154, 0, 0, 5, 0, 0, 206, 6, 171]
1542744378828;[171, 0, 17, 255, 161, 74, 234, 66, 67, 0, 0, 157, 0, 0, 3, 0, 0, 205, 6, 143]
1542744378830;[171, 0, 17, 255, 161, 74, 234, 66, 67, 0, 0, 157, 0, 0, 3, 0, 0, 205, 6, 143]
