1542792180014;[171, 0, 4, 255, 132, 128, 86]
1542792180185;[171, 0, 17, 255, 161, 74, 235, 22, 114, 0, 0, 74, 1, 0, 164, 1, 0, 100, 9, 129]
1542792180358;[171, 0, 17, 255, 161, 74, 235, 22, 114, 0, 0, 93, 1, 0, 236, 1, 0, 63, 9, 151]
1542792180362;[171, 0, 17, 255, 161, 74, 235, 22, 114, 0, 0, 111, 1, 1, 8, 0, 0, 8, 9, 238]
1542792180530;[171, 0, 17, 255, 161, 74, 235, 22, 114, 0, 0, 61, 1, 0, 253, 0, 0, 24, 10, 25]
1542792180534;[171, 0, 17, 255, 161, 74, 235, 22, 115, 0, 0, 67, 1, 0, 222, 1, 0, 24, 10, 4]
1542792180875;[171, 0, 17, 255, 161, 74, 235, 22, 115, 0, 0, 71, 1, 0, 187, 1, 0, 106, 9, 151]
1542792180879;[171, 0, 17, 255, 161, 74, 235, 22, 115, 0, 0, 66, 1, 0, 221, 1, 0, 72, 9, 121]
1542792180883;[171, 0, 17, 255, 161, 74, 235, 22, 115, 0, 0, 76, 1, 0, 232, 1, 0, 67, 9, 118]
1542792181045;[171, 0, 17, 255, 161, 74, 235, 22, 115, 0, 0, 65, 1, 0, 224, 1, 0, 46, 9, 141]
1542792181220;[171, 0, 17, 255, 161, 74, 235, 22, 117, 0, 0, 84, 1, 0, 217, 1, 0, 100, 7, 142]
1542792181224;[171, 0, 17, 255, 161, 74, 235, 22, 117, 0, 0, 52, 1, 0, 226, 1, 0, 104, 7, 142]
1542792181393;[171, 0, 17, 255, 161, 74, 235, 22, 117, 0, 0, 91, 1, 0, 204, 1, 0, 97, 7, 91]
1542792181397;[171, 0, 17, 255, 161, 74, 235, 22, 117, 0, 0, 87, 1, 0, 186, 1, 0, 102, 6, 229]
1542792181736;[171, 0, 17, 255, 161, 74, 235, 22, 118, 0, 0, 76, 1, 0, 200, 1, 0, 119, 6, 165]
1542792181740;[171, 0, 17, 255, 161, 74, 235, 22, 118, 0, 0, 71, 1, 0, 218, 1, 0, 102, 6, 175]
1542792182089;[171, 0, 17, 255, 161, 74, 235, 22, 118, 0, 0, 82, 1, 0, 203, 1, 0, 105, 6, 170]
1542792182091;[171, 0, 17, 255, 161, 74, 235, 22, 118, 0, 0, 72, 1, 0, 210, 1, 0, 114, 6, 139]
1542792182111;[171, 0, 17, 255, 161, 74, 235, 22, 118, 0, 0, 73, 1, 0, 188, 1, 0, 104, 6, 96]
1542792182254;[171, 0, 17, 255, 161, 74, 235, 22, 118, 0, 0, 89, 1, 0, 198, 1, 0, 90, 6, 44]
1542792182257;[171, 0, 4, 255, 132, 128, 86]
1542792182426;[171, 0, 17, 255, 161, 74, 235, 22, 118, 0, 0, 75, 1, 0, 214, 1, 0, 101, 6, 0]
1542792182429;[171, 0, 17, 255, 161, 74, 235, 22, 118, 0, 0, 79, 1, 0, 203, 1, 0, 106, 5, 244]
1542792182598;[171, 0, 17, 255, 161, 74, 235, 22, 118, 0, 0, 75, 1, 0, 205, 1, 0, 103, 6, 9]
1542792182602;[171, 0, 17, 255, 161, 74, 235, 22, 118, 0, 0, 77, 1, 0, 196, 1, 0, 121, 5, 204]
1542792182771;[171, 0, 17, 255, 161, 74, 235, 22, 119, 0, 0, 76, 1, 0, 204, 1, 0, 115, 5, 167]
1542792182943;[171, 0, 17, 255, 161, 74, 235, 22, 119, 0, 0, 80, 1, 0, 220, 1, 0, 110, 5, 154]
1542792182947;[171, 0, 17, 255, 161, 74, 235, 22, 119, 0, 0, 73, 1, 0, 203, 1, 0, 100, 5, 162]
1542792183463;[171, 0, 17, 255, 161, 74, 235, 22, 119, 0, 0, 70, 1, 0, 204, 1, 0, 110, 5, 156]
1542792183467;[171, 0, 17, 255, 161, 74, 235, 22, 119, 0, 0, 71, 1, 0, 207, 1, 0, 110, 5, 176]
1542792183471;[171, 0, 17, 255, 161, 74, 235, 22, 119, 0, 0, 69, 1, 0, 205, 1, 0, 119, 5, 162]
1542792183475;[171, 0, 4, 255, 132, 128, 86]
1542792183634;[171, 0, 17, 255, 161, 74, 235, 22, 119, 0, 0, 80, 1, 0, 212, 1, 0, 114, 5, 131]
1542792183639;[171, 0, 17, 255, 161, 74, 235, 22, 119, 0, 0, 60, 1, 0, 242, 1, 0, 105, 5, 89]
1542792183643;[171, 0, 17, 255, 161, 74, 235, 22, 119, 0, 0, 65, 1, 0, 208, 1, 0, 111, 5, 59]
1542792183810;[171, 0, 17, 255, 161, 74, 235, 22, 119, 0, 0, 64, 1, 0, 209, 1, 0, 113, 5, 14]
1542792183813;[171, 0, 17, 255, 161, 74, 235, 22, 120, 0, 0, 58, 1, 0, 208, 1, 0, 123, 4, 238]
1542792183976;[171, 0, 17, 255, 161, 74, 235, 22, 120, 0, 0, 60, 1, 0, 222, 1, 0, 94, 5, 35]
1542792184150;[171, 0, 17, 255, 161, 74, 235, 22, 120, 0, 0, 77, 1, 0, 200, 1, 0, 84, 5, 52]
1542792184154;[171, 0, 17, 255, 161, 74, 235, 22, 120, 0, 0, 61, 1, 0, 224, 1, 0, 112, 5, 16]
1542792184324;[171, 0, 17, 255, 161, 74, 235, 22, 120, 0, 0, 39, 1, 0, 202, 1, 0, 100, 4, 251]
1542792184328;[171, 0, 17, 255, 161, 74, 235, 22, 120, 0, 0, 53, 1, 0, 220, 1, 0, 114, 4, 217]
1542792186455;[171, 0, 4, 255, 132, 128, 87]
1542792186458;[171, 0, 17, 255, 161, 74, 235, 22, 120, 0, 0, 50, 1, 0, 211, 1, 0, 113, 4, 171]
1542792186460;[171, 0, 17, 255, 161, 74, 235, 22, 120, 0, 0, 49, 1, 0, 223, 1, 0, 85, 4, 205]
1542792186465;[171, 0, 17, 255, 161, 74, 235, 22, 120, 0, 0, 49, 1, 0, 218, 1, 0, 85, 5, 2]
1542792186466;[171, 0, 17, 255, 161, 74, 235, 22, 120, 0, 0, 53, 1, 0, 206, 1, 0, 121, 4, 209]
1542792186468;[171, 0, 17, 255, 161, 74, 235, 22, 121, 0, 0, 53, 1, 0, 203, 1, 0, 110, 4, 175]
1542792186470;[171, 0, 17, 255, 161, 74, 235, 22, 121, 0, 0, 55, 1, 0, 236, 1, 0, 111, 4, 164]
1542792186483;[171, 0, 17, 255, 161, 74, 235, 22, 121, 0, 0, 61, 1, 0, 217, 1, 0, 127, 4, 155]
1542792186485;[171, 0, 17, 255, 161, 74, 235, 22, 121, 0, 0, 32, 1, 0, 233, 1, 0, 103, 4, 173]
1542792186487;[171, 0, 17, 255, 161, 74, 235, 22, 121, 0, 0, 54, 1, 0, 193, 1, 0, 71, 4, 238]
1542792186489;[171, 0, 17, 255, 161, 74, 235, 22, 121, 0, 0, 63, 1, 0, 190, 1, 0, 98, 4, 252]
1542792186491;[171, 0, 4, 255, 132, 128, 87]
1542792186499;[171, 0, 17, 255, 161, 74, 235, 22, 121, 0, 0, 60, 1, 0, 207, 1, 0, 119, 4, 252]
1542792186501;[171, 0, 17, 255, 161, 74, 235, 22, 121, 0, 0, 60, 1, 0, 219, 1, 0, 114, 4, 250]
1542792186504;[171, 0, 17, 255, 161, 74, 235, 22, 121, 0, 0, 52, 1, 0, 212, 1, 0, 108, 4, 255]
1542792186506;[171, 0, 17, 255, 161, 74, 235, 22, 121, 0, 0, 63, 1, 0, 202, 1, 0, 97, 5, 21]
1542792186508;[171, 0, 17, 255, 161, 74, 235, 22, 122, 0, 0, 72, 1, 0, 190, 1, 0, 102, 5, 29]
1542792186541;[171, 0, 17, 255, 161, 74, 235, 22, 122, 0, 0, 51, 1, 0, 228, 1, 0, 135, 5, 70]
1542792186562;[171, 0, 17, 255, 161, 74, 235, 22, 122, 0, 0, 89, 1, 0, 233, 1, 0, 112, 5, 157]
1542792186563;[171, 0, 17, 255, 161, 74, 235, 22, 122, 0, 0, 70, 1, 0, 225, 1, 0, 92, 5, 197]
1542792186565;[171, 0, 17, 255, 161, 74, 235, 22, 122, 0, 0, 47, 1, 0, 226, 1, 0, 118, 5, 211]
1542792186572;[171, 0, 17, 255, 161, 74, 235, 22, 122, 0, 0, 47, 1, 0, 210, 1, 0, 98, 5, 236]
1542792186738;[171, 0, 4, 255, 132, 128, 87]
1542792186765;[171, 0, 17, 255, 161, 74, 235, 22, 122, 0, 0, 47, 1, 0, 218, 1, 0, 102, 5, 224]
1542792186911;[171, 0, 17, 255, 161, 74, 235, 22, 122, 0, 0, 93, 1, 0, 208, 1, 0, 109, 5, 171]
1542792186915;[171, 0, 17, 255, 161, 74, 235, 22, 122, 0, 0, 22, 1, 0, 226, 1, 0, 106, 5, 168]
1542792187257;[171, 0, 17, 255, 161, 74, 235, 22, 122, 0, 0, 27, 1, 0, 231, 1, 0, 117, 5, 215]
1542792187261;[171, 0, 17, 255, 161, 74, 235, 22, 123, 0, 0, 67, 1, 0, 234, 1, 0, 89, 6, 74]
1542792187265;[171, 0, 17, 255, 161, 74, 235, 22, 123, 0, 0, 48, 1, 0, 187, 1, 0, 83, 6, 96]
1542792187430;[171, 0, 17, 255, 161, 74, 235, 22, 123, 0, 0, 29, 1, 0, 216, 1, 0, 100, 6, 78]
1542792187434;[171, 0, 17, 255, 161, 74, 235, 22, 123, 0, 0, 55, 1, 0, 219, 1, 0, 86, 6, 61]
1542792187775;[171, 0, 17, 255, 161, 74, 235, 22, 123, 0, 0, 39, 1, 0, 239, 1, 0, 94, 6, 72]
1542792187779;[171, 0, 17, 255, 161, 74, 235, 22, 123, 0, 0, 47, 1, 0, 214, 1, 0, 92, 6, 47]
1542792187783;[171, 0, 4, 255, 132, 128, 87]
1542792187946;[171, 0, 17, 255, 161, 74, 235, 22, 123, 0, 0, 35, 1, 0, 222, 1, 0, 100, 6, 26]
1542792187951;[171, 0, 17, 255, 161, 74, 235, 22, 123, 0, 0, 39, 1, 0, 220, 1, 0, 86, 6, 95]
1542792188119;[171, 0, 17, 255, 161, 74, 235, 22, 123, 0, 0, 48, 1, 0, 214, 1, 0, 101, 6, 123]
1542792188123;[171, 0, 17, 255, 161, 74, 235, 22, 123, 0, 0, 41, 1, 0, 240, 1, 0, 100, 6, 123]
1542792188464;[171, 0, 17, 255, 161, 74, 235, 22, 128, 0, 0, 42, 1, 0, 234, 1, 0, 92, 6, 121]
1542792188468;[171, 0, 17, 255, 161, 74, 235, 22, 128, 0, 0, 37, 1, 0, 210, 1, 0, 101, 6, 105]
1542792188472;[171, 0, 17, 255, 161, 74, 235, 22, 128, 0, 0, 35, 1, 0, 218, 1, 0, 87, 6, 85]
1542792188637;[171, 0, 17, 255, 161, 74, 235, 22, 128, 0, 0, 51, 1, 0, 207, 1, 0, 103, 6, 33]
1542792188640;[171, 0, 17, 255, 161, 74, 235, 22, 128, 0, 0, 69, 1, 0, 196, 1, 0, 56, 6, 78]
1542792188809;[171, 0, 17, 255, 161, 74, 235, 22, 128, 0, 0, 89, 1, 0, 228, 1, 0, 116, 6, 79]
1542792188812;[171, 0, 4, 255, 132, 128, 86]
1542792188981;[171, 0, 17, 255, 161, 74, 235, 22, 128, 0, 0, 12, 1, 0, 250, 1, 0, 72, 6, 130]
1542792189153;[171, 0, 17, 255, 161, 74, 235, 22, 128, 0, 0, 22, 1, 0, 233, 1, 0, 63, 6, 209]
1542792189157;[171, 0, 17, 255, 161, 74, 235, 22, 128, 0, 0, 64, 1, 0, 194, 1, 0, 78, 6, 193]
1542792190019;[171, 0, 17, 255, 161, 74, 235, 22, 128, 0, 0, 61, 1, 0, 179, 1, 0, 118, 6, 45]
1542792190023;[171, 0, 17, 255, 161, 74, 235, 22, 129, 0, 0, 12, 1, 0, 216, 1, 0, 126, 5, 255]
1542792190027;[171, 0, 17, 255, 161, 74, 235, 22, 129, 0, 0, 3, 1, 0, 246, 1, 0, 92, 5, 253]
1542792190031;[171, 0, 17, 255, 161, 74, 235, 22, 129, 0, 0, 88, 1, 1, 4, 1, 0, 37, 6, 96]
1542792190191;[171, 0, 17, 255, 161, 74, 235, 22, 129, 0, 0, 107, 1, 0, 236, 1, 0, 72, 6, 167]
1542792190196;[171, 0, 17, 255, 161, 74, 235, 22, 129, 1, 0, 6, 1, 0, 243, 1, 0, 123, 6, 156]
1542792190199;[171, 0, 17, 255, 161, 74, 235, 22, 129, 0, 0, 40, 1, 0, 190, 1, 0, 117, 6, 105]
1542792190203;[171, 0, 4, 255, 132, 128, 86]
1542792190361;[171, 0, 17, 255, 161, 74, 235, 22, 129, 0, 0, 35, 1, 0, 217, 1, 0, 118, 6, 33]
1542792190534;[171, 0, 17, 255, 161, 74, 235, 22, 129, 0, 0, 4, 1, 0, 186, 1, 0, 95, 5, 251]
1542792190538;[171, 0, 17, 255, 161, 74, 235, 22, 129, 0, 0, 13, 1, 1, 31, 1, 0, 94, 5, 220]
1542792190703;[171, 0, 17, 255, 161, 74, 235, 22, 129, 0, 0, 88, 1, 1, 13, 1, 0, 82, 6, 8]
1542792190705;[171, 0, 17, 255, 161, 74, 235, 22, 130, 0, 0, 50, 1, 0, 200, 1, 0, 70, 6, 94]
1542792191052;[171, 0, 17, 255, 161, 74, 235, 22, 130, 0, 0, 65, 1, 0, 189, 1, 0, 73, 6, 92]
1542792191055;[171, 0, 17, 255, 161, 74, 235, 22, 130, 0, 0, 51, 1, 0, 189, 1, 0, 105, 6, 29]
1542792191060;[171, 0, 17, 255, 161, 74, 235, 22, 130, 0, 0, 46, 1, 0, 219, 1, 0, 73, 6, 44]
1542792191224;[171, 0, 17, 255, 161, 74, 235, 22, 130, 0, 0, 53, 1, 0, 226, 1, 0, 84, 6, 50]
1542792191228;[171, 0, 17, 255, 161, 74, 235, 22, 130, 0, 0, 51, 1, 0, 210, 1, 0, 94, 6, 24]
1542792191396;[171, 0, 4, 255, 132, 128, 86]
1542792191422;[171, 0, 17, 255, 161, 74, 235, 22, 130, 0, 0, 56, 1, 0, 219, 1, 0, 86, 6, 40]
1542792191568;[171, 0, 17, 255, 161, 74, 235, 22, 130, 0, 0, 47, 1, 0, 200, 1, 0, 100, 6, 103]
1542792191742;[171, 0, 17, 255, 161, 74, 235, 22, 130, 0, 0, 38, 1, 0, 207, 1, 0, 85, 6, 133]
1542792191746;[171, 0, 17, 255, 161, 74, 235, 22, 130, 0, 0, 63, 1, 0, 234, 1, 0, 96, 6, 120]
1542792192431;[171, 0, 17, 255, 161, 74, 235, 22, 131, 0, 0, 52, 1, 0, 217, 1, 0, 95, 6, 99]
1542792192605;[171, 0, 17, 255, 161, 74, 235, 22, 131, 0, 0, 37, 1, 0, 224, 1, 0, 98, 6, 94]
1542792192609;[171, 0, 17, 255, 161, 74, 235, 22, 131, 0, 0, 47, 1, 0, 211, 1, 0, 102, 6, 70]
1542792192613;[171, 0, 17, 255, 161, 74, 235, 22, 131, 0, 0, 42, 1, 0, 216, 1, 0, 112, 6, 36]
1542792192617;[171, 0, 17, 255, 161, 74, 235, 22, 131, 0, 0, 46, 1, 0, 220, 1, 0, 94, 6, 104]
1542792192778;[171, 0, 17, 255, 161, 74, 235, 22, 131, 0, 0, 35, 1, 0, 235, 1, 0, 108, 6, 141]
1542792192782;[171, 0, 4, 255, 132, 128, 85]
1542792192808;[171, 0, 17, 255, 161, 74, 235, 22, 131, 0, 0, 55, 1, 0, 219, 1, 0, 85, 6, 137]
1542792192810;[171, 0, 17, 255, 161, 74, 235, 22, 131, 0, 0, 42, 1, 0, 208, 1, 0, 98, 6, 88]
1542792192948;[171, 0, 17, 255, 161, 74, 235, 22, 131, 0, 0, 61, 1, 0, 207, 1, 0, 109, 5, 253]
1542792192952;[171, 0, 17, 255, 161, 74, 235, 22, 131, 0, 0, 49, 1, 0, 198, 1, 0, 104, 5, 179]
1542792192956;[171, 0, 17, 255, 161, 74, 235, 22, 132, 0, 0, 31, 1, 0, 231, 1, 0, 114, 5, 171]
1542792193130;[171, 0, 17, 255, 161, 74, 235, 22, 132, 0, 0, 48, 1, 0, 231, 1, 0, 88, 5, 254]
1542792193131;[171, 0, 17, 255, 161, 74, 235, 22, 132, 0, 0, 42, 1, 0, 217, 1, 0, 89, 6, 47]
1542792193294;[171, 0, 17, 255, 161, 74, 235, 22, 132, 0, 0, 64, 1, 0, 206, 1, 0, 92, 6, 31]
1542792193297;[171, 0, 17, 255, 161, 74, 235, 22, 132, 0, 0, 62, 1, 0, 193, 1, 0, 110, 6, 5]
1542792193640;[171, 0, 17, 255, 161, 74, 235, 22, 132, 0, 0, 135, 1, 1, 7, 1, 0, 115, 5, 255]
1542792193644;[171, 0, 4, 255, 132, 128, 85]
1542792193670;[171, 0, 17, 255, 161, 74, 235, 22, 132, 0, 0, 125, 1, 0, 208, 1, 0, 101, 6, 6]
1542792193811;[171, 0, 17, 255, 161, 74, 235, 22, 132, 0, 0, 54, 1, 0, 229, 1, 0, 116, 6, 83]
1542792193815;[171, 0, 17, 255, 161, 74, 235, 22, 132, 0, 0, 44, 1, 1, 13, 1, 0, 118, 6, 134]
1542792193983;[171, 0, 17, 255, 161, 74, 235, 22, 132, 0, 0, 58, 1, 0, 195, 1, 0, 108, 6, 186]
1542792194156;[171, 0, 17, 255, 161, 74, 235, 22, 133, 0, 0, 10, 1, 0, 232, 1, 0, 118, 6, 177]
1542792194160;[171, 0, 17, 255, 161, 74, 235, 22, 133, 0, 0, 84, 1, 0, 211, 1, 0, 121, 6, 145]
1542792194329;[171, 0, 17, 255, 161, 74, 235, 22, 133, 0, 0, 67, 1, 0, 219, 1, 0, 102, 6, 93]
1542792194333;[171, 0, 17, 255, 161, 74, 235, 22, 133, 0, 0, 93, 1, 0, 253, 1, 0, 98, 6, 143]
1542792194502;[171, 0, 17, 255, 161, 74, 235, 22, 133, 0, 0, 36, 1, 0, 203, 1, 0, 86, 6, 212]
1542792194505;[171, 0, 17, 255, 161, 74, 235, 22, 133, 0, 0, 28, 1, 0, 184, 1, 0, 103, 6, 211]
1542792194846;[171, 0, 4, 255, 132, 128, 84]
1542792194873;[171, 0, 17, 255, 161, 74, 235, 22, 133, 0, 0, 59, 1, 0, 201, 1, 0, 98, 6, 172]
1542792194875;[171, 0, 17, 255, 161, 74, 235, 22, 133, 0, 0, 56, 1, 0, 215, 1, 0, 143, 6, 70]
1542792195019;[171, 0, 17, 255, 161, 74, 235, 22, 133, 0, 0, 72, 1, 0, 225, 1, 0, 120, 6, 22]
1542792195026;[171, 0, 17, 255, 161, 74, 235, 22, 133, 0, 0, 54, 1, 0, 213, 1, 0, 89, 6, 64]
1542792195187;[171, 0, 17, 255, 161, 74, 235, 22, 134, 0, 0, 46, 1, 0, 190, 1, 0, 89, 6, 120]
1542792195190;[171, 0, 17, 255, 161, 74, 235, 22, 134, 0, 0, 55, 1, 0, 213, 1, 0, 113, 6, 121]
1542792195364;[171, 0, 17, 255, 161, 74, 235, 22, 134, 0, 0, 52, 1, 0, 235, 1, 0, 104, 6, 124]
1542792195538;[171, 0, 17, 255, 161, 74, 235, 22, 134, 0, 0, 69, 1, 0, 192, 1, 0, 124, 6, 89]
1542792195542;[171, 0, 17, 255, 161, 74, 235, 22, 134, 0, 0, 52, 1, 0, 204, 1, 0, 114, 6, 73]
1542792195706;[171, 0, 17, 255, 161, 74, 235, 22, 134, 0, 0, 60, 1, 0, 194, 1, 0, 113, 6, 95]
1542792195884;[171, 0, 4, 255, 132, 128, 84]
1542792195885;[171, 0, 17, 255, 161, 74, 235, 22, 134, 0, 0, 57, 1, 0, 216, 1, 0, 120, 6, 132]
1542792196398;[171, 0, 17, 255, 161, 74, 235, 22, 134, 0, 0, 44, 1, 0, 215, 1, 0, 113, 6, 151]
1542792196572;[171, 0, 17, 255, 161, 74, 235, 22, 134, 0, 0, 43, 1, 0, 205, 1, 0, 113, 6, 149]
1542792196576;[171, 0, 17, 255, 161, 74, 235, 22, 134, 0, 0, 45, 1, 0, 192, 1, 0, 108, 6, 83]
1542792196580;[171, 0, 17, 255, 161, 74, 235, 22, 135, 0, 0, 37, 1, 0, 229, 1, 0, 102, 6, 40]
1542792196584;[171, 0, 17, 255, 161, 74, 235, 22, 135, 0, 0, 61, 1, 0, 218, 1, 0, 124, 6, 18]
1542792196745;[171, 0, 17, 255, 161, 74, 235, 22, 135, 0, 0, 42, 1, 0, 217, 1, 0, 128, 6, 89]
1542792196749;[171, 0, 17, 255, 161, 74, 235, 22, 135, 0, 0, 52, 1, 0, 223, 1, 0, 93, 6, 140]
1542792196753;[171, 0, 17, 255, 161, 74, 235, 22, 135, 0, 0, 40, 1, 0, 197, 1, 0, 96, 6, 137]
1542792196758;[171, 0, 17, 255, 161, 74, 235, 22, 135, 0, 0, 59, 1, 0, 196, 1, 0, 112, 6, 96]
1542792196916;[171, 0, 4, 255, 132, 128, 84]
1542792196943;[171, 0, 17, 255, 161, 74, 235, 22, 135, 0, 0, 39, 1, 0, 187, 1, 0, 102, 6, 60]
1542792197089;[171, 0, 17, 255, 161, 74, 235, 22, 135, 0, 0, 56, 1, 0, 231, 1, 0, 113, 6, 10]
1542792197436;[171, 0, 17, 255, 161, 74, 235, 22, 135, 0, 0, 50, 1, 0, 227, 1, 0, 119, 6, 82]
1542792197440;[171, 0, 17, 255, 161, 74, 235, 22, 135, 0, 0, 36, 1, 0, 216, 1, 0, 86, 6, 136]
1542792197444;[171, 0, 17, 255, 161, 74, 235, 22, 136, 0, 0, 56, 1, 0, 192, 1, 0, 99, 6, 73]
1542792197448;[171, 0, 17, 255, 161, 74, 235, 22, 136, 0, 0, 39, 1, 0, 204, 1, 0, 108, 6, 26]
1542792197606;[171, 0, 17, 255, 161, 74, 235, 22, 136, 0, 0, 77, 1, 0, 217, 1, 0, 78, 6, 2]
1542792197610;[171, 0, 17, 255, 161, 74, 235, 22, 136, 0, 0, 45, 1, 0, 233, 1, 0, 103, 6, 6]
1542792197778;[171, 0, 17, 255, 161, 74, 235, 22, 136, 0, 0, 51, 1, 0, 246, 1, 0, 91, 6, 75]
1542792197951;[171, 0, 17, 255, 161, 74, 235, 22, 136, 0, 0, 79, 1, 0, 203, 1, 0, 115, 6, 80]
1542792198138;[171, 0, 4, 255, 132, 128, 85]
1542792198141;[171, 0, 17, 255, 161, 74, 235, 22, 136, 0, 0, 67, 1, 0, 220, 1, 0, 111, 6, 48]
1542792198143;[171, 0, 17, 255, 161, 74, 235, 22, 136, 0, 0, 61, 1, 0, 191, 1, 0, 106, 6, 76]
1542792198297;[171, 0, 17, 255, 161, 74, 235, 22, 136, 0, 0, 73, 1, 0, 242, 1, 0, 79, 6, 115]
1542792198301;[171, 0, 17, 255, 161, 74, 235, 22, 136, 0, 0, 72, 1, 0, 213, 1, 0, 99, 6, 114]
1542792198988;[171, 0, 17, 255, 161, 74, 235, 22, 137, 0, 0, 80, 1, 0, 209, 1, 0, 121, 6, 73]
1542792198991;[171, 0, 17, 255, 161, 74, 235, 22, 137, 0, 0, 62, 1, 0, 194, 1, 0, 74, 6, 131]
1542792198995;[171, 0, 17, 255, 161, 74, 235, 22, 137, 0, 0, 72, 1, 0, 196, 1, 0, 90, 6, 178]
1542792199000;[171, 0, 17, 255, 161, 74, 235, 22, 137, 0, 0, 75, 1, 0, 231, 1, 0, 85, 6, 197]
1542792199160;[171, 0, 17, 255, 161, 74, 235, 22, 137, 0, 0, 49, 1, 0, 191, 1, 0, 70, 6, 211]
1542792199164;[171, 0, 17, 255, 161, 74, 235, 22, 137, 0, 0, 82, 1, 0, 198, 1, 0, 110, 6, 150]
1542792199168;[171, 0, 4, 255, 132, 128, 85]
1542792199194;[171, 0, 17, 255, 161, 74, 235, 22, 137, 0, 0, 74, 1, 0, 194, 1, 0, 87, 6, 139]
1542792199331;[171, 0, 17, 255, 161, 74, 235, 22, 137, 0, 0, 71, 1, 0, 202, 1, 0, 74, 6, 150]
1542792199335;[171, 0, 17, 255, 161, 74, 235, 22, 137, 0, 0, 66, 1, 0, 204, 1, 0, 100, 6, 214]
1542792199677;[171, 0, 17, 255, 161, 74, 235, 22, 137, 0, 0, 89, 1, 0, 225, 1, 0, 86, 7, 5]
1542792199681;[171, 0, 17, 255, 161, 74, 235, 22, 138, 0, 0, 91, 1, 0, 197, 1, 0, 96, 6, 252]
1542792199685;[171, 0, 17, 255, 161, 74, 235, 22, 138, 0, 0, 62, 1, 0, 203, 1, 0, 110, 6, 248]
1542792200022;[171, 0, 17, 255, 161, 74, 235, 22, 138, 0, 0, 90, 1, 0, 196, 1, 0, 123, 6, 194]
1542792200026;[171, 0, 17, 255, 161, 74, 235, 22, 138, 0, 0, 67, 1, 0, 215, 1, 0, 102, 6, 201]
1542792200030;[171, 0, 17, 255, 161, 74, 235, 22, 138, 0, 0, 43, 1, 0, 211, 1, 0, 83, 7, 19]
1542792200193;[171, 0, 17, 255, 161, 74, 235, 22, 140, 0, 0, 38, 1, 0, 219, 1, 0, 132, 4, 77]
1542792200197;[171, 0, 17, 255, 161, 74, 235, 22, 140, 0, 0, 70, 1, 0, 217, 1, 0, 117, 4, 69]
1542792200366;[171, 0, 17, 255, 161, 74, 235, 22, 140, 0, 0, 67, 1, 0, 200, 1, 0, 99, 4, 67]
1542792200539;[171, 0, 17, 255, 161, 74, 235, 22, 140, 0, 0, 59, 1, 0, 203, 1, 0, 115, 4, 79]
1542792200712;[171, 0, 17, 255, 161, 74, 235, 22, 141, 0, 0, 54, 1, 0, 245, 1, 0, 115, 4, 171]
1542792200716;[171, 0, 17, 255, 161, 74, 235, 22, 141, 0, 0, 58, 1, 0, 221, 1, 0, 112, 4, 229]
1542792200883;[171, 0, 17, 255, 161, 74, 235, 22, 141, 0, 0, 81, 1, 0, 199, 1, 0, 109, 5, 4]
1542792201228;[171, 0, 17, 255, 161, 74, 235, 22, 141, 0, 0, 34, 1, 0, 196, 1, 0, 82, 5, 37]
1542792201232;[171, 0, 17, 255, 161, 74, 235, 22, 141, 0, 0, 66, 1, 0, 192, 1, 0, 94, 5, 13]
1542792201235;[171, 0, 17, 255, 161, 74, 235, 22, 141, 0, 0, 43, 1, 0, 195, 1, 0, 103, 5, 14]
1542792201238;[171, 0, 4, 255, 132, 128, 88]
1542792201401;[171, 0, 17, 255, 161, 74, 235, 22, 141, 0, 0, 53, 1, 0, 216, 1, 0, 110, 5, 99]
1542792201405;[171, 0, 17, 255, 161, 74, 235, 22, 141, 0, 0, 74, 1, 0, 241, 1, 0, 87, 5, 182]
1542792201575;[171, 0, 17, 255, 161, 74, 235, 22, 141, 0, 0, 58, 1, 0, 220, 1, 0, 85, 5, 227]
1542792201746;[171, 0, 17, 255, 161, 74, 235, 22, 141, 0, 0, 40, 1, 0, 254, 1, 0, 124, 6, 4]
1542792201749;[171, 0, 17, 255, 161, 74, 235, 22, 142, 0, 0, 48, 1, 0, 218, 1, 0, 94, 6, 9]
1542792201919;[171, 0, 17, 255, 161, 74, 235, 22, 142, 0, 0, 56, 1, 0, 212, 1, 0, 133, 5, 211]
1542792201923;[171, 0, 17, 255, 161, 74, 235, 22, 142, 0, 0, 23, 1, 0, 219, 1, 0, 85, 6, 7]
1542792202093;[171, 0, 17, 255, 161, 74, 235, 22, 142, 0, 0, 61, 1, 0, 212, 1, 0, 59, 6, 63]
1542792202100;[171, 0, 17, 255, 161, 74, 235, 22, 142, 0, 0, 59, 1, 0, 206, 1, 0, 114, 6, 17]
1542792202263;[171, 0, 17, 255, 161, 74, 235, 22, 142, 0, 0, 28, 1, 1, 4, 1, 0, 85, 6, 30]
1542792202610;[171, 0, 4, 255, 132, 128, 89]
1542792202636;[171, 0, 17, 255, 161, 74, 235, 22, 142, 0, 0, 12, 1, 0, 191, 1, 0, 74, 6, 54]
1542792202638;[171, 0, 17, 255, 161, 74, 235, 22, 142, 0, 0, 27, 1, 0, 213, 1, 0, 100, 5, 188]
1542792202640;[171, 0, 17, 255, 161, 74, 235, 22, 142, 0, 0, 19, 1, 0, 228, 1, 0, 123, 5, 93]
1542792202781;[171, 0, 17, 255, 161, 74, 235, 22, 142, 0, 0, 28, 1, 0, 223, 1, 0, 93, 5, 125]
1542792202952;[171, 0, 17, 255, 161, 74, 235, 22, 143, 0, 0, 16, 1, 0, 203, 1, 0, 62, 5, 168]
1542792202956;[171, 0, 17, 255, 161, 74, 235, 22, 143, 0, 0, 46, 1, 0, 204, 1, 0, 127, 5, 144]
1542792203148;[171, 0, 17, 255, 161, 74, 235, 22, 143, 0, 0, 61, 1, 0, 225, 1, 0, 29, 5, 159]
1542792203150;[171, 0, 17, 255, 161, 74, 235, 22, 143, 0, 0, 37, 1, 0, 224, 1, 0, 73, 5, 217]
1542792203298;[171, 0, 17, 255, 161, 74, 235, 22, 143, 0, 0, 48, 1, 0, 218, 1, 0, 45, 5, 169]
1542792203302;[171, 0, 17, 255, 161, 74, 235, 22, 143, 0, 0, 18, 1, 0, 203, 1, 0, 53, 5, 99]
1542792203470;[171, 0, 4, 255, 132, 128, 89]
1542792203818;[171, 0, 17, 255, 161, 74, 235, 22, 143, 0, 0, 33, 1, 0, 221, 1, 0, 94, 5, 110]
1542792203822;[171, 0, 17, 255, 161, 74, 235, 22, 143, 0, 0, 14, 1, 0, 237, 1, 0, 85, 5, 193]
1542792203826;[171, 0, 17, 255, 161, 74, 235, 22, 143, 0, 0, 83, 1, 0, 236, 1, 0, 100, 5, 222]
1542792203831;[171, 0, 17, 255, 161, 74, 235, 22, 143, 0, 0, 39, 1, 0, 232, 1, 0, 92, 5, 199]
1542792203988;[171, 0, 17, 255, 161, 74, 235, 22, 144, 0, 0, 66, 1, 0, 193, 1, 0, 68, 5, 184]
1542792204163;[171, 0, 17, 255, 161, 74, 235, 22, 144, 0, 0, 43, 1, 0, 214, 1, 0, 101, 5, 132]
1542792204165;[171, 0, 17, 255, 161, 74, 235, 22, 144, 0, 0, 45, 1, 0, 180, 1, 0, 69, 5, 65]
1542792204334;[171, 0, 17, 255, 161, 74, 235, 22, 144, 0, 0, 49, 1, 0, 194, 1, 0, 109, 5, 85]
1542792204338;[171, 0, 17, 255, 161, 74, 235, 22, 144, 0, 0, 35, 1, 1, 12, 1, 0, 77, 5, 172]
1542792204506;[171, 0, 17, 255, 161, 74, 235, 22, 144, 0, 0, 61, 1, 1, 23, 1, 0, 67, 5, 244]
1542792204510;[171, 0, 4, 255, 132, 128, 89]
1542792204678;[171, 0, 17, 255, 161, 74, 235, 22, 144, 0, 0, 24, 1, 0, 211, 1, 0, 70, 5, 254]
1542792204850;[171, 0, 17, 255, 161, 74, 235, 22, 144, 0, 0, 27, 1, 0, 174, 1, 0, 124, 5, 165]
1542792204854;[171, 0, 17, 255, 161, 74, 235, 22, 144, 0, 0, 16, 1, 0, 246, 1, 0, 94, 5, 120]
1542792205196;[171, 0, 17, 255, 161, 74, 235, 22, 144, 0, 0, 80, 1, 0, 211, 1, 0, 54, 5, 132]
1542792205202;[171, 0, 17, 255, 161, 74, 235, 22, 145, 0, 0, 13, 1, 0, 187, 1, 0, 116, 5, 153]
1542792205205;[171, 0, 17, 255, 161, 74, 235, 22, 145, 0, 0, 35, 1, 0, 245, 1, 0, 105, 5, 168]
1542792205209;[171, 0, 17, 255, 161, 74, 235, 22, 145, 0, 0, 20, 1, 0, 245, 1, 0, 71, 5, 172]
1542792205368;[171, 0, 17, 255, 161, 74, 235, 22, 145, 0, 0, 9, 1, 0, 230, 1, 0, 92, 5, 127]
1542792205540;[171, 0, 17, 255, 161, 74, 235, 22, 145, 0, 0, 60, 1, 0, 205, 1, 0, 102, 5, 61]
1542792205544;[171, 0, 17, 255, 161, 74, 235, 22, 145, 0, 0, 30, 1, 0, 211, 1, 0, 95, 5, 30]
1542792205713;[171, 0, 4, 255, 132, 128, 89]
1542792205741;[171, 0, 17, 255, 161, 74, 235, 22, 145, 0, 0, 3, 1, 0, 229, 1, 0, 85, 5, 36]
1542792205885;[171, 0, 17, 255, 161, 74, 235, 22, 145, 0, 0, 48, 1, 0, 229, 1, 0, 97, 5, 68]
1542792206058;[171, 0, 17, 255, 161, 74, 235, 22, 145, 0, 0, 17, 1, 0, 209, 1, 0, 89, 5, 78]
1542792206062;[171, 0, 17, 255, 161, 74, 235, 22, 145, 0, 0, 36, 1, 0, 214, 1, 0, 96, 5, 62]
1542792206407;[171, 0, 17, 255, 161, 74, 235, 22, 146, 0, 0, 57, 1, 0, 224, 1, 0, 91, 5, 11]
1542792206410;[171, 0, 17, 255, 161, 74, 235, 22, 146, 0, 0, 49, 1, 0, 240, 1, 0, 107, 5, 2]
1542792206414;[171, 0, 17, 255, 161, 74, 235, 22, 146, 0, 0, 45, 1, 0, 217, 1, 0, 94, 4, 248]
1542792206418;[171, 0, 17, 255, 161, 74, 235, 22, 146, 0, 0, 37, 1, 0, 228, 1, 0, 75, 4, 252]
1542792206751;[171, 0, 17, 255, 161, 74, 235, 22, 146, 0, 0, 59, 1, 0, 214, 1, 0, 101, 5, 42]
1542792206755;[171, 0, 17, 255, 161, 74, 235, 22, 146, 0, 0, 26, 1, 0, 219, 1, 0, 91, 5, 58]
1542792206759;[171, 0, 4, 255, 132, 128, 89]
1542792206921;[171, 0, 17, 255, 161, 74, 235, 22, 146, 0, 0, 34, 1, 0, 215, 1, 0, 83, 5, 57]
1542792206925;[171, 0, 17, 255, 161, 74, 235, 22, 146, 0, 0, 33, 1, 0, 220, 1, 0, 88, 5, 21]
1542792207094;[171, 0, 17, 255, 161, 74, 235, 22, 146, 0, 0, 29, 1, 0, 234, 1, 0, 86, 4, 242]
1542792207098;[171, 0, 17, 255, 161, 74, 235, 22, 146, 0, 0, 69, 1, 0, 219, 1, 0, 70, 4, 200]
1542792207266;[171, 0, 17, 255, 161, 74, 235, 22, 147, 0, 0, 22, 1, 0, 208, 1, 0, 139, 4, 206]
1542792207785;[171, 0, 17, 255, 161, 74, 235, 22, 147, 0, 0, 30, 1, 0, 228, 1, 0, 99, 5, 23]
1542792207790;[171, 0, 17, 255, 161, 74, 235, 22, 147, 0, 0, 52, 1, 0, 218, 1, 0, 87, 5, 29]
1542792207795;[171, 0, 17, 255, 161, 74, 235, 22, 147, 0, 0, 15, 1, 0, 223, 1, 0, 91, 5, 4]
1542792207798;[171, 0, 17, 255, 161, 74, 235, 22, 147, 0, 0, 44, 1, 0, 233, 1, 0, 69, 4, 242]
1542792207957;[171, 0, 17, 255, 161, 74, 235, 22, 147, 0, 0, 21, 1, 0, 214, 1, 0, 71, 4, 210]
1542792207961;[171, 0, 4, 255, 132, 128, 89]
1542792207987;[171, 0, 17, 255, 161, 74, 235, 22, 147, 1, 0, 8, 1, 1, 12, 1, 0, 132, 4, 152]
1542792208133;[171, 0, 17, 255, 161, 74, 235, 22, 147, 0, 0, 60, 1, 0, 247, 1, 0, 86, 4, 173]
1542792208155;[171, 0, 17, 255, 161, 74, 235, 22, 147, 0, 0, 51, 1, 0, 227, 1, 0, 90, 4, 178]
1542792208300;[171, 0, 17, 255, 161, 74, 235, 22, 147, 0, 0, 38, 1, 0, 196, 1, 0, 102, 4, 162]
1542792208304;[171, 0, 17, 255, 161, 74, 235, 22, 148, 0, 0, 35, 1, 0, 227, 1, 0, 87, 4, 156]
1542792208470;[171, 0, 17, 255, 161, 74, 235, 22, 148, 0, 0, 57, 1, 0, 222, 1, 0, 91, 4, 140]
1542792208646;[171, 0, 17, 255, 161, 74, 235, 22, 148, 0, 0, 46, 1, 0, 233, 1, 0, 111, 4, 96]
1542792208649;[171, 0, 17, 255, 161, 74, 235, 22, 148, 0, 0, 55, 1, 0, 185, 1, 0, 79, 4, 78]
1542792208993;[171, 0, 17, 255, 161, 74, 235, 22, 148, 0, 0, 33, 1, 0, 217, 1, 0, 106, 4, 106]
1542792208998;[171, 0, 17, 255, 161, 74, 235, 22, 148, 0, 0, 70, 1, 0, 204, 1, 0, 96, 4, 134]
1542792209002;[171, 0, 4, 255, 132, 128, 89]
1542792209028;[171, 0, 17, 255, 161, 74, 235, 22, 148, 0, 0, 54, 1, 0, 235, 1, 0, 94, 4, 145]
1542792209163;[171, 0, 17, 255, 161, 74, 235, 22, 148, 0, 0, 64, 1, 0, 226, 1, 0, 66, 4, 191]
1542792209336;[171, 0, 17, 255, 161, 74, 235, 22, 148, 0, 0, 58, 1, 0, 212, 1, 0, 73, 4, 176]
1542792209340;[171, 0, 17, 255, 161, 74, 235, 22, 148, 0, 0, 50, 1, 0, 223, 1, 0, 120, 4, 139]
1542792209507;[171, 0, 17, 255, 161, 74, 235, 22, 149, 0, 0, 50, 1, 0, 202, 1, 0, 80, 4, 172]
1542792209512;[171, 0, 17, 255, 161, 74, 235, 22, 149, 0, 0, 38, 1, 0, 214, 1, 0, 94, 4, 204]
1542792209681;[171, 0, 17, 255, 161, 74, 235, 22, 149, 0, 0, 36, 1, 0, 228, 1, 0, 92, 4, 210]
1542792209853;[171, 0, 17, 255, 161, 74, 235, 22, 149, 0, 0, 44, 1, 0, 241, 1, 0, 85, 4, 219]
1542792209857;[171, 0, 17, 255, 161, 74, 235, 22, 149, 0, 0, 33, 1, 0, 216, 1, 0, 69, 4, 217]
1542792210201;[171, 0, 17, 255, 161, 74, 235, 22, 149, 0, 0, 47, 1, 0, 211, 1, 0, 91, 4, 171]
1542792210205;[171, 0, 4, 255, 132, 128, 89]
1542792210231;[171, 0, 17, 255, 161, 74, 235, 22, 149, 0, 0, 47, 1, 0, 229, 1, 0, 69, 4, 130]
1542792210233;[171, 0, 17, 255, 161, 74, 235, 22, 149, 0, 0, 31, 1, 0, 229, 1, 0, 92, 4, 197]
1542792210370;[171, 0, 17, 255, 161, 74, 235, 22, 149, 0, 0, 43, 1, 0, 216, 1, 0, 78, 4, 236]
1542792210544;[171, 0, 17, 255, 161, 74, 235, 22, 149, 0, 0, 38, 1, 0, 236, 1, 0, 64, 4, 237]
1542792210548;[171, 0, 17, 255, 161, 74, 235, 22, 150, 0, 0, 30, 1, 0, 235, 1, 0, 78, 4, 225]
1542792210716;[171, 0, 17, 255, 161, 74, 235, 22, 150, 0, 0, 18, 1, 0, 216, 1, 0, 90, 4, 174]
1542792210720;[171, 0, 17, 255, 161, 74, 235, 22, 150, 0, 0, 34, 1, 0, 209, 1, 0, 87, 4, 114]
1542792210888;[171, 0, 17, 255, 161, 74, 235, 22, 150, 0, 0, 36, 1, 0, 218, 1, 0, 98, 4, 75]
1542792211062;[171, 0, 17, 255, 161, 74, 235, 22, 150, 0, 0, 39, 1, 0, 227, 1, 0, 78, 4, 141]
1542792211066;[171, 0, 17, 255, 161, 74, 235, 22, 150, 0, 0, 48, 1, 0, 226, 1, 0, 81, 4, 169]
1542792211233;[171, 0, 4, 255, 132, 128, 89]
1542792211260;[171, 0, 17, 255, 161, 74, 235, 22, 150, 0, 0, 55, 1, 0, 236, 1, 0, 73, 4, 170]
1542792211580;[171, 0, 17, 255, 161, 74, 235, 22, 150, 0, 0, 48, 1, 0, 212, 1, 0, 86, 4, 169]
1542792211584;[171, 0, 17, 255, 161, 74, 235, 22, 150, 0, 0, 64, 1, 0, 208, 1, 0, 103, 4, 127]
1542792211589;[171, 0, 17, 255, 161, 74, 235, 22, 150, 0, 0, 64, 1, 0, 179, 1, 0, 87, 4, 99]
1542792211752;[171, 0, 17, 255, 161, 74, 235, 22, 151, 0, 0, 26, 1, 0, 228, 1, 0, 120, 4, 80]
1542792211756;[171, 0, 17, 255, 161, 74, 235, 22, 151, 0, 0, 61, 1, 0, 232, 1, 0, 64, 4, 159]
1542792211923;[171, 0, 17, 255, 161, 74, 235, 22, 151, 0, 0, 23, 1, 0, 235, 1, 0, 48, 4, 216]
1542792211927;[171, 0, 17, 255, 161, 74, 235, 22, 151, 0, 0, 56, 1, 0, 225, 1, 0, 56, 4, 236]
1542792212097;[171, 0, 17, 255, 161, 74, 235, 22, 151, 0, 0, 40, 1, 0, 225, 1, 0, 89, 4, 211]
1542792212101;[171, 0, 17, 255, 161, 74, 235, 22, 151, 0, 0, 58, 1, 1, 5, 1, 0, 76, 4, 203]
1542792212267;[171, 0, 4, 255, 132, 128, 89]
1542792212441;[171, 0, 17, 255, 161, 74, 235, 22, 151, 0, 0, 37, 1, 0, 225, 1, 0, 93, 4, 232]
1542792212445;[171, 0, 17, 255, 161, 74, 235, 22, 151, 0, 0, 16, 1, 0, 228, 1, 0, 91, 5, 33]
1542792212787;[171, 0, 17, 255, 161, 74, 235, 22, 151, 0, 0, 73, 1, 0, 244, 1, 0, 57, 5, 67]
1542792212791;[171, 0, 17, 255, 161, 74, 235, 22, 151, 0, 0, 30, 1, 0, 226, 1, 0, 52, 5, 69]
1542792212795;[171, 0, 17, 255, 161, 74, 235, 22, 152, 0, 0, 48, 1, 0, 210, 1, 0, 87, 5, 20]
1542792212961;[171, 0, 17, 255, 161, 74, 235, 22, 152, 0, 0, 47, 1, 0, 223, 1, 0, 99, 4, 211]
1542792212963;[171, 0, 17, 255, 161, 74, 235, 22, 152, 0, 0, 68, 1, 0, 238, 1, 0, 73, 4, 182]
1542792213132;[171, 0, 17, 255, 161, 74, 235, 22, 152, 0, 0, 35, 1, 0, 235, 1, 0, 106, 4, 226]
1542792213140;[171, 0, 17, 255, 161, 74, 235, 22, 152, 0, 0, 61, 1, 0, 236, 1, 0, 69, 5, 37]
1542792213303;[171, 0, 17, 255, 161, 74, 235, 22, 152, 0, 0, 55, 1, 0, 222, 1, 0, 71, 5, 48]
1542792213307;[171, 0, 4, 255, 132, 128, 89]
1542792213475;[171, 0, 17, 255, 161, 74, 235, 22, 152, 0, 0, 32, 1, 0, 221, 1, 0, 68, 5, 46]
1542792213648;[171, 0, 17, 255, 161, 74, 235, 22, 152, 0, 0, 55, 1, 0, 218, 1, 0, 68, 5, 2]
1542792213652;[171, 0, 17, 255, 161, 74, 235, 22, 152, 0, 0, 42, 1, 0, 219, 1, 0, 79, 4, 189]
1542792213821;[171, 0, 17, 255, 161, 74, 235, 22, 152, 0, 0, 43, 1, 0, 224, 1, 0, 92, 4, 135]
1542792213824;[171, 0, 17, 255, 161, 74, 235, 22, 153, 0, 0, 42, 1, 0, 218, 1, 0, 88, 4, 171]
1542792214167;[171, 0, 17, 255, 161, 74, 235, 22, 153, 0, 0, 50, 1, 0, 225, 1, 0, 74, 4, 204]
1542792214171;[171, 0, 17, 255, 161, 74, 235, 22, 153, 0, 0, 49, 1, 0, 200, 1, 0, 81, 4, 198]
1542792214175;[171, 0, 17, 255, 161, 74, 235, 22, 153, 0, 0, 40, 1, 0, 220, 1, 0, 71, 4, 202]
1542792214338;[171, 0, 17, 255, 161, 74, 235, 22, 153, 0, 0, 46, 1, 0, 201, 1, 0, 73, 4, 177]
1542792214342;[171, 0, 17, 255, 161, 74, 235, 22, 153, 0, 0, 44, 1, 0, 213, 1, 0, 109, 4, 137]
1542792214510;[171, 0, 4, 255, 132, 128, 89]
1542792214536;[171, 0, 17, 255, 161, 74, 235, 22, 153, 0, 0, 57, 1, 0, 229, 1, 0, 85, 4, 182]
1542792214683;[171, 0, 17, 255, 161, 74, 235, 22, 153, 0, 0, 47, 1, 0, 235, 1, 0, 70, 5, 13]
1542792214856;[171, 0, 17, 255, 161, 74, 235, 22, 153, 0, 0, 67, 1, 0, 218, 1, 0, 90, 5, 8]
1542792214860;[171, 0, 17, 255, 161, 74, 235, 22, 153, 0, 0, 43, 1, 0, 205, 1, 0, 97, 4, 230]
1542792215029;[171, 0, 17, 255, 161, 74, 235, 22, 154, 0, 0, 50, 1, 0, 217, 1, 0, 90, 4, 183]
1542792215034;[171, 0, 17, 255, 161, 74, 235, 22, 154, 0, 0, 35, 1, 0, 223, 1, 0, 85, 4, 140]
1542792215376;[171, 0, 17, 255, 161, 74, 235, 22, 154, 0, 0, 62, 1, 0, 214, 1, 0, 97, 4, 132]
1542792215380;[171, 0, 17, 255, 161, 74, 235, 22, 154, 0, 0, 29, 1, 0, 229, 1, 0, 107, 4, 210]
1542792215384;[171, 0, 17, 255, 161, 74, 235, 22, 154, 0, 0, 39, 1, 0, 212, 1, 0, 78, 4, 228]
1542792215545;[171, 0, 17, 255, 161, 74, 235, 22, 154, 0, 0, 52, 1, 0, 210, 1, 0, 84, 4, 192]
1542792215549;[171, 0, 4, 255, 132, 128, 89]
1542792215718;[171, 0, 17, 255, 161, 74, 235, 22, 154, 0, 0, 40, 1, 0, 230, 1, 0, 78, 4, 171]
1542792215722;[171, 0, 17, 255, 161, 74, 235, 22, 154, 0, 0, 40, 1, 0, 217, 1, 0, 95, 4, 161]
1542792215901;[171, 0, 17, 255, 161, 74, 235, 22, 154, 0, 0, 41, 1, 0, 208, 1, 0, 95, 4, 160]
1542792215903;[171, 0, 17, 255, 161, 74, 235, 22, 154, 0, 0, 53, 1, 0, 222, 1, 0, 88, 4, 221]
1542792216237;[171, 0, 17, 255, 161, 74, 235, 22, 155, 0, 0, 54, 1, 0, 215, 1, 0, 95, 4, 240]
1542792216241;[171, 0, 17, 255, 161, 74, 235, 22, 155, 0, 0, 28, 1, 0, 246, 1, 0, 118, 4, 221]
1542792216245;[171, 0, 17, 255, 161, 74, 235, 22, 155, 0, 0, 45, 1, 0, 228, 1, 0, 103, 4, 218]
1542792216582;[171, 0, 17, 255, 161, 74, 235, 22, 155, 0, 0, 47, 1, 0, 222, 1, 0, 72, 4, 183]
1542792216587;[171, 0, 17, 255, 161, 74, 235, 22, 155, 0, 0, 45, 1, 0, 201, 1, 0, 101, 4, 110]
1542792216591;[171, 0, 17, 255, 161, 74, 235, 22, 155, 0, 0, 63, 1, 0, 212, 1, 0, 107, 4, 129]
1542792216754;[171, 0, 4, 255, 132, 128, 89]
1542792216780;[171, 0, 17, 255, 161, 74, 235, 22, 155, 0, 0, 37, 1, 0, 207, 1, 0, 97, 4, 139]
1542792216925;[171, 0, 17, 255, 161, 74, 235, 22, 155, 0, 0, 56, 1, 0, 210, 1, 0, 89, 4, 120]
1542792216929;[171, 0, 17, 255, 161, 74, 235, 22, 155, 0, 0, 55, 1, 0, 229, 1, 0, 107, 4, 89]
1542792217100;[171, 0, 17, 255, 161, 74, 235, 22, 155, 0, 0, 61, 1, 0, 218, 1, 0, 113, 4, 53]
1542792217104;[171, 0, 17, 255, 161, 74, 235, 22, 156, 0, 0, 64, 1, 0, 234, 1, 0, 95, 4, 75]
1542792217271;[171, 0, 17, 255, 161, 74, 235, 22, 156, 0, 0, 60, 1, 0, 215, 1, 0, 111, 4, 131]
1542792217443;[171, 0, 17, 255, 161, 74, 235, 22, 156, 0, 0, 40, 1, 0, 220, 1, 0, 106, 4, 164]
1542792217447;[171, 0, 17, 255, 161, 74, 235, 22, 156, 0, 0, 56, 1, 0, 208, 1, 0, 108, 4, 127]
1542792217615;[171, 0, 17, 255, 161, 74, 235, 22, 156, 0, 0, 59, 1, 0, 211, 1, 0, 108, 4, 66]
1542792217619;[171, 0, 17, 255, 161, 74, 235, 22, 156, 0, 0, 63, 1, 0, 235, 1, 0, 110, 4, 19]
1542792217961;[171, 0, 4, 255, 132, 128, 89]
1542792217988;[171, 0, 17, 255, 161, 74, 235, 22, 156, 0, 0, 84, 1, 0, 232, 1, 0, 99, 4, 29]
1542792217990;[171, 0, 17, 255, 161, 74, 235, 22, 156, 0, 0, 45, 1, 0, 218, 1, 0, 102, 4, 92]
1542792218133;[171, 0, 17, 255, 161, 74, 235, 22, 156, 0, 0, 32, 1, 0, 224, 1, 0, 104, 4, 125]
1542792218136;[171, 0, 17, 255, 161, 74, 235, 22, 156, 0, 0, 51, 1, 0, 201, 1, 0, 106, 4, 104]
1542792218306;[171, 0, 17, 255, 161, 74, 235, 22, 157, 0, 0, 55, 1, 0, 227, 1, 0, 118, 4, 50]
1542792218310;[171, 0, 17, 255, 161, 74, 235, 22, 157, 0, 0, 64, 1, 0, 231, 1, 0, 99, 4, 7]
1542792218478;[171, 0, 17, 255, 161, 74, 235, 22, 157, 0, 0, 55, 1, 0, 229, 1, 0, 105, 3, 241]
1542792218650;[171, 0, 17, 255, 161, 74, 235, 22, 157, 0, 0, 62, 1, 0, 197, 1, 0, 120, 4, 4]
1542792218654;[171, 0, 17, 255, 161, 74, 235, 22, 157, 0, 0, 46, 1, 0, 202, 1, 0, 116, 4, 43]
1542792218823;[171, 0, 17, 255, 161, 74, 235, 22, 157, 0, 0, 45, 1, 0, 205, 1, 0, 98, 4, 24]
1542792218827;[171, 0, 4, 255, 132, 128, 90]
1542792219176;[171, 0, 17, 255, 161, 74, 235, 22, 157, 0, 0, 36, 1, 0, 186, 1, 0, 98, 3, 228]
1542792219178;[171, 0, 17, 255, 161, 74, 235, 22, 157, 0, 0, 62, 1, 0, 215, 1, 0, 105, 3, 166]
1542792219181;[171, 0, 17, 255, 161, 74, 235, 22, 157, 0, 0, 53, 1, 0, 202, 1, 0, 97, 3, 91]
1542792219338;[171, 0, 17, 255, 161, 74, 235, 22, 157, 0, 0, 63, 1, 0, 210, 1, 0, 117, 3, 64]
1542792219340;[171, 0, 17, 255, 161, 74, 235, 22, 158, 0, 0, 55, 1, 0, 204, 1, 0, 118, 3, 112]
1542792219514;[171, 0, 17, 255, 161, 74, 235, 22, 158, 0, 0, 67, 1, 0, 226, 1, 0, 105, 3, 124]
1542792219517;[171, 0, 17, 255, 161, 74, 235, 22, 158, 0, 0, 44, 1, 0, 198, 1, 0, 129, 3, 86]
1542792219686;[171, 0, 17, 255, 161, 74, 235, 22, 158, 0, 0, 53, 1, 0, 223, 1, 0, 113, 3, 83]
1542792219858;[171, 0, 17, 255, 161, 74, 235, 22, 158, 0, 0, 65, 1, 0, 207, 1, 0, 119, 3, 13]
1542792219862;[171, 0, 17, 255, 161, 74, 235, 22, 158, 0, 0, 47, 1, 0, 215, 1, 0, 110, 3, 21]
1542792220031;[171, 0, 4, 255, 132, 128, 90]
1542792220058;[171, 0, 17, 255, 161, 74, 235, 22, 158, 0, 0, 63, 1, 0, 215, 1, 0, 107, 3, 65]
1542792220203;[171, 0, 17, 255, 161, 74, 235, 22, 158, 0, 0, 49, 1, 0, 225, 1, 0, 108, 3, 84]
1542792220207;[171, 0, 17, 255, 161, 74, 235, 22, 158, 0, 0, 43, 1, 0, 211, 1, 0, 109, 3, 71]
1542792220549;[171, 0, 17, 255, 161, 74, 235, 22, 158, 0, 0, 57, 1, 0, 202, 1, 0, 108, 3, 77]
1542792220553;[171, 0, 17, 255, 161, 74, 235, 22, 159, 0, 0, 60, 1, 0, 190, 1, 0, 109, 3, 31]
1542792220557;[171, 0, 17, 255, 161, 74, 235, 22, 159, 0, 0, 45, 1, 0, 218, 1, 0, 109, 3, 7]
1542792220721;[171, 0, 17, 255, 161, 74, 235, 22, 159, 0, 0, 72, 1, 0, 217, 1, 0, 123, 3, 63]
1542792220725;[171, 0, 17, 255, 161, 74, 235, 22, 159, 0, 0, 49, 1, 0, 237, 1, 0, 107, 3, 102]
1542792220893;[171, 0, 17, 255, 161, 74, 235, 22, 159, 0, 0, 64, 1, 0, 204, 1, 0, 110, 3, 84]
1542792220897;[171, 0, 17, 255, 161, 74, 235, 22, 159, 0, 0, 43, 1, 0, 193, 1, 0, 110, 3, 60]
1542792221065;[171, 0, 4, 255, 132, 128, 91]
1542792221239;[171, 0, 17, 255, 161, 74, 235, 22, 159, 0, 0, 55, 1, 0, 211, 1, 0, 97, 2, 250]
1542792221243;[171, 0, 17, 255, 161, 74, 235, 22, 159, 0, 0, 69, 1, 0, 210, 1, 0, 133, 2, 155]
1542792221411;[171, 0, 17, 255, 161, 74, 235, 22, 159, 0, 0, 35, 1, 0, 205, 1, 0, 84, 2, 155]
1542792221415;[171, 0, 17, 255, 161, 74, 235, 22, 159, 0, 0, 66, 1, 0, 206, 1, 0, 111, 2, 163]
1542792221757;[171, 0, 17, 255, 161, 74, 235, 22, 160, 0, 0, 51, 1, 0, 194, 1, 0, 112, 2, 190]
1542792221761;[171, 0, 17, 255, 161, 74, 235, 22, 160, 0, 0, 51, 1, 0, 187, 1, 0, 117, 2, 168]
1542792221765;[171, 0, 17, 255, 161, 74, 235, 22, 160, 0, 0, 60, 1, 0, 199, 1, 0, 132, 2, 108]
1542792222102;[171, 0, 17, 255, 161, 74, 235, 22, 160, 0, 0, 56, 1, 0, 216, 1, 0, 112, 2, 87]
1542792222106;[171, 0, 17, 255, 161, 74, 235, 22, 160, 0, 0, 64, 1, 0, 220, 1, 0, 89, 2, 76]
1542792222110;[171, 0, 17, 255, 161, 74, 235, 22, 162, 0, 0, 117, 1, 0, 201, 1, 0, 98, 1, 184]
1542792222274;[171, 0, 17, 255, 161, 74, 235, 22, 162, 0, 0, 18, 1, 0, 255, 1, 0, 136, 1, 173]
1542792222446;[171, 0, 17, 255, 161, 74, 235, 22, 162, 0, 0, 50, 1, 0, 219, 1, 0, 157, 1, 184]
1542792222450;[171, 0, 17, 255, 161, 74, 235, 22, 162, 0, 0, 93, 1, 0, 244, 1, 0, 95, 1, 223]
1542792222617;[171, 0, 17, 255, 161, 74, 235, 22, 163, 0, 0, 42, 1, 0, 220, 1, 0, 125, 1, 212]
1542792223137;[171, 0, 17, 255, 161, 74, 235, 22, 163, 0, 0, 33, 1, 0, 210, 1, 0, 142, 1, 201]
1542792223142;[171, 0, 17, 255, 161, 74, 235, 22, 163, 0, 0, 51, 1, 0, 254, 1, 0, 81, 1, 234]
1542792223147;[171, 0, 17, 255, 161, 74, 235, 22, 163, 0, 0, 73, 1, 0, 214, 1, 0, 83, 1, 228]
1542792223152;[171, 0, 17, 255, 161, 74, 235, 22, 163, 0, 0, 19, 1, 0, 238, 1, 0, 129, 1, 167]
1542792223482;[171, 0, 17, 255, 161, 74, 235, 22, 163, 0, 0, 75, 1, 0, 219, 1, 0, 74, 1, 189]
1542792223486;[171, 0, 4, 255, 132, 128, 92]
1542792223512;[171, 0, 17, 255, 161, 74, 235, 22, 163, 0, 0, 58, 1, 0, 209, 1, 0, 115, 1, 223]
1542792223655;[171, 0, 17, 255, 161, 74, 235, 22, 163, 0, 0, 69, 1, 0, 211, 1, 0, 74, 1, 240]
1542792223659;[171, 0, 17, 255, 161, 74, 235, 22, 163, 0, 0, 21, 1, 0, 201, 1, 0, 104, 1, 215]
1542792223663;[171, 0, 17, 255, 161, 74, 235, 22, 163, 0, 0, 64, 1, 0, 235, 1, 0, 105, 1, 176]
1542792223827;[171, 0, 17, 255, 161, 74, 235, 22, 164, 0, 0, 43, 1, 0, 239, 1, 0, 88, 1, 156]
1542792223830;[171, 0, 17, 255, 161, 74, 235, 22, 164, 0, 0, 80, 1, 0, 235, 1, 0, 109, 1, 145]
1542792223998;[171, 0, 17, 255, 161, 74, 235, 22, 164, 0, 0, 62, 1, 0, 198, 1, 0, 75, 1, 199]
1542792224002;[171, 0, 17, 255, 161, 74, 235, 22, 164, 0, 0, 70, 1, 0, 201, 1, 0, 100, 1, 234]
1542792224345;[171, 0, 17, 255, 161, 74, 235, 22, 164, 0, 0, 52, 1, 0, 197, 1, 0, 106, 2, 4]
1542792224349;[171, 0, 17, 255, 161, 74, 235, 22, 164, 0, 0, 55, 1, 0, 218, 1, 0, 102, 2, 12]
1542792224352;[171, 0, 4, 255, 132, 128, 92]
1542792224515;[171, 0, 17, 255, 161, 74, 235, 22, 164, 0, 0, 75, 1, 0, 223, 1, 0, 123, 1, 236]
1542792224519;[171, 0, 17, 255, 161, 74, 235, 22, 164, 0, 0, 41, 1, 0, 227, 1, 0, 100, 1, 245]
1542792224688;[171, 0, 17, 255, 161, 74, 235, 22, 164, 0, 0, 34, 1, 0, 230, 1, 0, 91, 2, 10]
1542792224862;[171, 0, 17, 255, 161, 74, 235, 22, 164, 0, 0, 71, 1, 0, 205, 1, 0, 69, 2, 3]
1542792224866;[171, 0, 17, 255, 161, 74, 235, 22, 165, 0, 0, 39, 1, 0, 218, 1, 0, 98, 2, 88]
1542792225034;[171, 0, 17, 255, 161, 74, 235, 22, 165, 0, 0, 63, 1, 0, 203, 1, 0, 97, 2, 134]
1542792225038;[171, 0, 17, 255, 161, 74, 235, 22, 165, 0, 0, 65, 1, 0, 213, 1, 0, 78, 2, 153]
1542792225206;[171, 0, 17, 255, 161, 74, 235, 22, 165, 0, 0, 66, 1, 0, 210, 1, 0, 121, 2, 150]
1542792225210;[171, 0, 17, 255, 161, 74, 235, 22, 165, 0, 0, 51, 1, 0, 204, 1, 0, 62, 2, 181]
1542792225552;[171, 0, 17, 255, 161, 74, 235, 22, 165, 0, 0, 47, 1, 0, 220, 1, 0, 88, 2, 179]
1542792225556;[171, 0, 4, 255, 132, 128, 91]
1542792225582;[171, 0, 17, 255, 161, 74, 235, 22, 165, 0, 0, 86, 1, 0, 182, 1, 0, 100, 2, 122]
1542792225723;[171, 0, 17, 255, 161, 74, 235, 22, 165, 0, 0, 64, 1, 0, 218, 1, 0, 93, 2, 161]
1542792225727;[171, 0, 17, 255, 161, 74, 235, 22, 165, 0, 0, 48, 1, 0, 246, 1, 0, 101, 3, 13]
1542792225898;[171, 0, 17, 255, 161, 74, 235, 22, 165, 0, 0, 85, 1, 0, 215, 1, 0, 90, 3, 65]
1542792225902;[171, 0, 17, 255, 161, 74, 235, 22, 166, 0, 0, 53, 1, 0, 196, 1, 0, 97, 3, 80]
1542792226068;[171, 0, 17, 255, 161, 74, 235, 22, 166, 0, 0, 50, 1, 0, 192, 1, 0, 122, 3, 63]
1542792226252;[171, 0, 17, 255, 161, 74, 235, 22, 166, 0, 0, 42, 1, 0, 199, 1, 0, 91, 3, 49]
1542792226253;[171, 0, 17, 255, 161, 74, 235, 22, 166, 0, 0, 32, 1, 0, 224, 1, 0, 85, 3, 33]
1542792226413;[171, 0, 17, 255, 161, 74, 235, 22, 166, 0, 0, 42, 1, 0, 233, 1, 0, 84, 3, 116]
1542792226417;[171, 0, 17, 255, 161, 74, 235, 22, 166, 0, 0, 56, 1, 0, 232, 1, 0, 103, 3, 202]
1542792226586;[171, 0, 4, 255, 132, 128, 91]
1542792226933;[171, 0, 17, 255, 161, 74, 235, 22, 166, 0, 0, 26, 1, 0, 238, 1, 0, 105, 3, 202]
1542792226937;[171, 0, 17, 255, 161, 74, 235, 22, 166, 0, 0, 71, 1, 0, 215, 1, 0, 121, 3, 183]
1542792226941;[171, 0, 17, 255, 161, 74, 235, 22, 166, 0, 0, 41, 1, 0, 213, 1, 0, 84, 3, 189]
1542792226945;[171, 0, 17, 255, 161, 74, 235, 22, 166, 0, 0, 39, 1, 0, 229, 1, 0, 92, 3, 193]
1542792227104;[171, 0, 17, 255, 161, 74, 235, 22, 167, 0, 0, 34, 1, 0, 218, 1, 0, 93, 3, 143]
1542792227108;[171, 0, 17, 255, 161, 74, 235, 22, 167, 0, 0, 35, 1, 0, 214, 1, 0, 95, 3, 149]
1542792227451;[171, 0, 17, 255, 161, 74, 235, 22, 167, 0, 0, 61, 1, 0, 241, 1, 0, 89, 3, 240]
1542792227455;[171, 0, 17, 255, 161, 74, 235, 22, 167, 0, 0, 68, 1, 0, 206, 1, 0, 78, 4, 19]
1542792227459;[171, 0, 17, 255, 161, 74, 235, 22, 167, 0, 0, 35, 1, 0, 204, 1, 0, 80, 4, 54]
1542792227620;[171, 0, 17, 255, 161, 74, 235, 22, 167, 0, 0, 55, 1, 0, 197, 1, 0, 89, 3, 240]
1542792227623;[171, 0, 4, 255, 132, 128, 90]
1542792227794;[171, 0, 17, 255, 161, 74, 235, 22, 167, 0, 0, 42, 1, 0, 237, 1, 0, 98, 3, 205]
1542792227798;[171, 0, 17, 255, 161, 74, 235, 22, 167, 0, 0, 62, 1, 0, 219, 1, 0, 88, 3, 184]
1542792228140;[171, 0, 17, 255, 161, 74, 235, 22, 167, 0, 0, 47, 1, 0, 198, 1, 0, 92, 3, 168]
1542792228144;[171, 0, 17, 255, 161, 74, 235, 22, 167, 0, 0, 18, 1, 0, 234, 1, 0, 84, 3, 193]
1542792228148;[171, 0, 17, 255, 161, 74, 235, 22, 168, 0, 0, 53, 1, 0, 230, 1, 0, 106, 4, 2]
1542792228312;[171, 0, 17, 255, 161, 74, 235, 22, 168, 0, 0, 58, 1, 0, 233, 1, 0, 101, 4, 26]
1542792228316;[171, 0, 17, 255, 161, 74, 235, 22, 168, 0, 0, 61, 1, 0, 240, 1, 0, 90, 4, 37]
1542792228482;[171, 0, 17, 255, 161, 74, 235, 22, 168, 0, 0, 50, 1, 0, 216, 1, 0, 85, 4, 65]
1542792228656;[171, 0, 17, 255, 161, 74, 235, 22, 168, 0, 0, 57, 1, 0, 225, 1, 0, 70, 4, 92]
1542792228660;[171, 0, 17, 255, 161, 74, 235, 22, 168, 0, 0, 54, 1, 0, 224, 1, 0, 62, 4, 77]
1542792228830;[171, 0, 4, 255, 132, 128, 89]
1542792228856;[171, 0, 17, 255, 161, 74, 235, 22, 168, 0, 0, 65, 1, 0, 228, 1, 0, 85, 4, 150]
1542792229000;[171, 0, 17, 255, 161, 74, 235, 22, 168, 0, 0, 58, 1, 0, 216, 1, 0, 85, 4, 212]
1542792229004;[171, 0, 17, 255, 161, 74, 235, 22, 168, 0, 0, 39, 1, 0, 199, 1, 0, 99, 4, 212]
1542792229188;[171, 0, 17, 255, 161, 74, 235, 22, 168, 0, 0, 58, 1, 0, 215, 1, 0, 78, 4, 198]
1542792229520;[171, 0, 17, 255, 161, 74, 235, 22, 169, 0, 0, 48, 1, 0, 222, 1, 0, 50, 4, 210]
1542792229524;[171, 0, 17, 255, 161, 74, 235, 22, 169, 0, 0, 54, 1, 0, 254, 1, 0, 71, 4, 248]
1542792229528;[171, 0, 17, 255, 161, 74, 235, 22, 169, 0, 0, 72, 1, 0, 236, 1, 0, 58, 5, 27]
1542792229532;[171, 0, 17, 255, 161, 74, 235, 22, 169, 0, 0, 61, 1, 0, 205, 1, 0, 92, 5, 93]
1542792229691;[171, 0, 17, 255, 161, 74, 235, 22, 169, 0, 0, 41, 1, 0, 199, 1, 0, 73, 5, 116]
1542792229695;[171, 0, 17, 255, 161, 74, 235, 22, 169, 0, 0, 42, 1, 0, 238, 1, 0, 73, 5, 94]
1542792229863;[171, 0, 4, 255, 132, 128, 89]
1542792230036;[171, 0, 17, 255, 161, 74, 235, 22, 169, 0, 0, 52, 1, 0, 220, 1, 0, 66, 5, 95]
1542792230039;[171, 0, 17, 255, 161, 74, 235, 22, 169, 0, 0, 44, 1, 0, 246, 1, 0, 69, 5, 97]
1542792230208;[171, 0, 17, 255, 161, 74, 235, 22, 169, 0, 0, 45, 1, 0, 225, 1, 0, 71, 5, 64]
1542792230212;[171, 0, 17, 255, 161, 74, 235, 22, 169, 0, 0, 54, 1, 0, 220, 1, 0, 94, 5, 82]
1542792230381;[171, 0, 17, 255, 161, 74, 235, 22, 170, 0, 0, 52, 1, 0, 194, 1, 0, 80, 5, 125]
1542792230729;[171, 0, 17, 255, 161, 74, 235, 22, 170, 0, 0, 56, 1, 0, 208, 1, 0, 65, 5, 93]
1542792230732;[171, 0, 17, 255, 161, 74, 235, 22, 170, 0, 0, 63, 1, 0, 223, 1, 0, 62, 5, 46]
1542792230736;[171, 0, 17, 255, 161, 74, 235, 22, 170, 0, 0, 78, 1, 0, 231, 1, 0, 70, 5, 24]
1542792230740;[171, 0, 17, 255, 161, 74, 235, 22, 170, 0, 0, 44, 1, 0, 229, 1, 0, 89, 5, 5]
1542792230902;[171, 0, 17, 255, 161, 74, 235, 22, 170, 0, 0, 57, 1, 0, 221, 1, 0, 87, 5, 15]
1542792230904;[171, 0, 4, 255, 132, 128, 88]
1542792231071;[171, 0, 17, 255, 161, 74, 235, 22, 170, 0, 0, 79, 1, 0, 222, 1, 0, 54, 5, 65]
1542792231244;[171, 0, 17, 255, 161, 74, 235, 22, 170, 0, 0, 69, 1, 0, 222, 1, 0, 77, 5, 60]
1542792231248;[171, 0, 17, 255, 161, 74, 235, 22, 170, 0, 0, 64, 1, 0, 230, 1, 0, 89, 5, 38]
1542792231415;[171, 0, 17, 255, 161, 74, 235, 22, 170, 0, 0, 76, 1, 0, 218, 1, 0, 65, 5, 18]
1542792231419;[171, 0, 17, 255, 161, 74, 235, 22, 171, 0, 0, 64, 1, 0, 217, 1, 0, 81, 4, 226]
1542792231588;[171, 0, 17, 255, 161, 74, 235, 22, 171, 0, 0, 72, 1, 0, 209, 1, 0, 66, 4, 247]
1542792231592;[171, 0, 17, 255, 161, 74, 235, 22, 171, 0, 0, 78, 1, 0, 209, 1, 0, 83, 5, 27]
1542792232108;[171, 0, 17, 255, 161, 74, 235, 22, 171, 0, 0, 61, 1, 0, 234, 1, 0, 59, 5, 72]
1542792232112;[171, 0, 17, 255, 161, 74, 235, 22, 171, 0, 0, 65, 1, 0, 211, 1, 0, 60, 5, 54]
1542792232116;[171, 0, 17, 255, 161, 74, 235, 22, 171, 0, 0, 68, 1, 0, 207, 1, 0, 86, 5, 10]
1542792232120;[171, 0, 4, 255, 132, 128, 88]
1542792232280;[171, 0, 17, 255, 161, 74, 235, 22, 171, 0, 0, 61, 1, 0, 211, 1, 0, 69, 4, 232]
1542792232284;[171, 0, 17, 255, 161, 74, 235, 22, 171, 0, 0, 71, 1, 0, 211, 1, 0, 69, 4, 235]
1542792232451;[171, 0, 17, 255, 161, 74, 235, 22, 171, 0, 0, 76, 1, 0, 221, 1, 0, 73, 5, 26]
1542792232454;[171, 0, 17, 255, 161, 74, 235, 22, 171, 0, 0, 77, 1, 0, 216, 1, 0, 76, 5, 37]
1542792232625;[171, 0, 17, 255, 161, 74, 235, 22, 172, 0, 0, 75, 1, 0, 202, 1, 0, 89, 5, 6]
1542792232629;[171, 0, 17, 255, 161, 74, 235, 22, 172, 0, 0, 71, 1, 0, 211, 1, 0, 77, 5, 3]
1542792232796;[171, 0, 17, 255, 161, 74, 235, 22, 172, 0, 0, 54, 1, 0, 217, 1, 0, 83, 4, 240]
1542792232799;[171, 0, 17, 255, 161, 74, 235, 22, 172, 0, 0, 66, 1, 0, 231, 1, 0, 88, 4, 211]
1542792232968;[171, 0, 17, 255, 161, 74, 235, 22, 172, 0, 0, 77, 1, 0, 213, 1, 0, 73, 5, 6]
1542792233316;[171, 0, 17, 255, 161, 74, 235, 22, 172, 0, 0, 61, 1, 0, 215, 1, 0, 104, 5, 10]
1542792233319;[171, 0, 4, 255, 132, 128, 88]
1542792233346;[171, 0, 17, 255, 161, 74, 235, 22, 172, 0, 0, 60, 1, 0, 224, 1, 0, 90, 4, 241]
1542792233347;[171, 0, 17, 255, 161, 74, 235, 22, 172, 0, 0, 67, 1, 0, 213, 1, 0, 76, 4, 206]
1542792233486;[171, 0, 17, 255, 161, 74, 235, 22, 172, 0, 0, 58, 1, 0, 219, 1, 0, 72, 4, 142]
1542792233659;[171, 0, 17, 255, 161, 74, 235, 22, 172, 0, 0, 63, 1, 0, 215, 1, 0, 97, 4, 44]
1542792233662;[171, 0, 17, 255, 161, 74, 235, 22, 173, 0, 0, 62, 1, 0, 230, 1, 0, 89, 3, 249]
1542792233831;[171, 0, 17, 255, 161, 74, 235, 22, 173, 0, 0, 56, 1, 0, 226, 1, 0, 107, 3, 252]
1542792233835;[171, 0, 17, 255, 161, 74, 235, 22, 173, 0, 0, 63, 1, 0, 231, 1, 0, 87, 4, 8]
1542792234004;[171, 0, 17, 255, 161, 74, 235, 22, 173, 0, 0, 64, 1, 0, 212, 1, 0, 92, 3, 214]
1542792234008;[171, 0, 17, 255, 161, 74, 235, 22, 173, 0, 0, 63, 1, 0, 206, 1, 0, 86, 3, 157]
1542792234197;[171, 0, 17, 255, 161, 74, 235, 22, 173, 0, 0, 67, 1, 0, 230, 1, 0, 86, 3, 110]
1542792234522;[171, 0, 4, 255, 132, 128, 88]
1542792234548;[171, 0, 17, 255, 161, 74, 235, 22, 173, 0, 0, 60, 1, 0, 210, 1, 0, 100, 3, 27]
1542792234550;[171, 0, 17, 255, 161, 74, 235, 22, 173, 0, 0, 70, 1, 0, 218, 1, 0, 100, 2, 234]
1542792234552;[171, 0, 17, 255, 161, 74, 235, 22, 173, 0, 0, 58, 1, 0, 225, 1, 0, 101, 2, 217]
1542792234694;[171, 0, 17, 255, 161, 74, 235, 22, 173, 0, 0, 49, 1, 0, 216, 1, 0, 103, 2, 188]
1542792234697;[171, 0, 17, 255, 161, 74, 235, 22, 174, 0, 0, 60, 1, 0, 215, 1, 0, 103, 2, 153]
1542792234866;[171, 0, 17, 255, 161, 74, 235, 22, 174, 0, 0, 51, 1, 0, 215, 1, 0, 103, 2, 81]
1542792235038;[171, 0, 17, 255, 161, 74, 235, 22, 174, 0, 0, 47, 1, 0, 219, 1, 0, 102, 2, 29]
1542792235042;[171, 0, 17, 255, 161, 74, 235, 22, 174, 0, 0, 48, 1, 0, 212, 1, 0, 97, 1, 218]
1542792235212;[171, 0, 17, 255, 161, 74, 235, 22, 174, 0, 0, 43, 1, 0, 216, 1, 0, 90, 1, 243]
1542792235216;[171, 0, 17, 255, 161, 74, 235, 22, 174, 0, 0, 31, 1, 0, 223, 1, 0, 101, 1, 232]
1542792235383;[171, 0, 4, 255, 132, 128, 88]
1542792235556;[171, 0, 17, 255, 161, 74, 235, 22, 174, 0, 0, 30, 1, 0, 228, 1, 0, 91, 1, 187]
1542792235560;[171, 0, 17, 255, 161, 74, 235, 22, 174, 0, 0, 34, 1, 0, 219, 1, 0, 99, 1, 115]
1542792235901;[171, 0, 17, 255, 161, 74, 235, 22, 174, 0, 0, 36, 1, 0, 221, 1, 0, 100, 1, 29]
1542792235905;[171, 0, 17, 255, 161, 74, 235, 22, 174, 0, 0, 32, 1, 0, 204, 1, 0, 101, 16, 191]
1542792235912;[171, 0, 17, 255, 161, 74, 235, 22, 175, 0, 0, 27, 1, 0, 219, 1, 0, 103, 7, 129]
1542792235915;[171, 0, 17, 255, 161, 74, 235, 22, 175, 0, 0, 30, 1, 0, 237, 1, 0, 103, 7, 91]
1542792236073;[171, 0, 17, 255, 161, 74, 235, 22, 175, 0, 0, 39, 1, 0, 238, 1, 0, 86, 7, 92]
1542792236246;[171, 0, 17, 255, 161, 74, 235, 22, 175, 0, 0, 35, 1, 0, 231, 1, 0, 99, 7, 59]
1542792236250;[171, 0, 17, 255, 161, 74, 235, 22, 175, 0, 0, 38, 1, 0, 230, 1, 0, 108, 7, 14]
1542792236420;[171, 0, 17, 255, 161, 74, 235, 22, 175, 0, 0, 27, 1, 0, 198, 1, 0, 87, 6, 231]
1542792236422;[171, 0, 4, 255, 132, 128, 88]
1542792236591;[171, 0, 17, 255, 161, 74, 235, 22, 175, 0, 0, 29, 1, 0, 226, 1, 0, 81, 6, 182]
1542792236595;[171, 0, 17, 255, 161, 74, 235, 22, 175, 0, 0, 33, 1, 0, 210, 1, 0, 102, 6, 98]
1542792236766;[171, 0, 17, 255, 161, 74, 235, 22, 175, 0, 0, 34, 1, 0, 243, 1, 0, 84, 6, 116]
1542792237110;[171, 0, 17, 255, 161, 74, 235, 22, 175, 0, 0, 43, 1, 0, 246, 1, 0, 68, 6, 178]
1542792237114;[171, 0, 17, 255, 161, 74, 235, 22, 176, 0, 0, 49, 1, 0, 250, 1, 0, 101, 6, 235]
1542792237118;[171, 0, 17, 255, 161, 74, 235, 22, 176, 1, 0, 163, 1, 0, 148, 1, 0, 19, 7, 23]
1542792237122;[171, 0, 17, 255, 161, 74, 235, 22, 176, 1, 0, 23, 1, 1, 27, 1, 0, 14, 6, 183]
1542792237279;[171, 0, 17, 255, 161, 74, 235, 22, 176, 0, 0, 3, 1, 1, 4, 1, 0, 19, 5, 229]
1542792237454;[171, 0, 17, 255, 161, 74, 235, 22, 176, 0, 0, 22, 1, 0, 223, 1, 0, 6, 6, 22]
1542792237458;[171, 0, 17, 255, 161, 74, 235, 22, 176, 0, 0, 6, 1, 0, 250, 0, 0, 62, 6, 148]
1542792237629;[171, 0, 4, 255, 132, 128, 89]
1542792237632;[171, 0, 17, 255, 161, 74, 235, 22, 176, 1, 0, 1, 1, 0, 252, 0, 0, 35, 6, 181]
1542792237798;[171, 0, 17, 255, 161, 74, 235, 22, 176, 0, 0, 57, 1, 0, 187, 0, 0, 102, 6, 19]
1542792237802;[171, 0, 17, 255, 161, 74, 235, 22, 176, 0, 0, 36, 1, 1, 7, 0, 0, 7, 3, 224]
1542792237971;[171, 0, 17, 255, 161, 74, 235, 22, 176, 0, 0, 31, 1, 0, 152, 0, 0, 11, 3, 224]
1542792238487;[171, 0, 17, 255, 161, 74, 235, 22, 177, 0, 0, 30, 1, 0, 221, 0, 0, 26, 3, 224]
1542792238491;[171, 0, 17, 255, 161, 74, 235, 22, 177, 0, 0, 18, 1, 0, 252, 0, 0, 31, 3, 115]
1542792238663;[171, 0, 17, 255, 161, 74, 235, 22, 177, 0, 0, 26, 1, 0, 252, 0, 0, 32, 3, 82]
1542792238667;[171, 0, 17, 255, 161, 74, 235, 22, 177, 0, 0, 27, 1, 0, 240, 0, 0, 15, 3, 105]
1542792238671;[171, 0, 17, 255, 161, 74, 235, 22, 177, 0, 0, 20, 1, 0, 248, 0, 0, 15, 3, 121]
1542792238675;[171, 0, 17, 255, 161, 74, 235, 22, 177, 0, 0, 25, 1, 0, 249, 0, 0, 25, 3, 138]
1542792238832;[171, 0, 4, 255, 132, 128, 89]
1542792239007;[171, 0, 17, 255, 161, 74, 235, 22, 177, 0, 0, 32, 1, 0, 245, 0, 0, 17, 3, 150]
1542792239011;[171, 0, 17, 255, 161, 74, 235, 22, 177, 0, 0, 41, 1, 0, 230, 0, 0, 19, 3, 159]
1542792239015;[171, 0, 17, 255, 161, 74, 235, 22, 177, 0, 0, 44, 1, 1, 4, 1, 0, 22, 3, 181]
1542792239019;[171, 0, 17, 255, 161, 74, 235, 22, 177, 0, 0, 25, 1, 0, 241, 0, 0, 13, 4, 5]
1542792239181;[171, 0, 17, 255, 161, 74, 235, 22, 178, 0, 0, 21, 1, 0, 255, 0, 0, 31, 4, 74]
1542792239351;[171, 0, 17, 255, 161, 74, 235, 22, 178, 0, 0, 44, 1, 0, 242, 0, 0, 21, 4, 108]
1542792239355;[171, 0, 17, 255, 161, 74, 235, 22, 178, 0, 0, 21, 1, 0, 245, 1, 0, 8, 4, 120]
1542792239698;[171, 0, 17, 255, 161, 74, 235, 22, 178, 0, 0, 25, 1, 0, 237, 0, 0, 3, 4, 151]
1542792239702;[171, 0, 17, 255, 161, 74, 235, 22, 178, 0, 0, 31, 1, 0, 241, 0, 0, 28, 4, 156]
1542792239706;[171, 0, 17, 255, 161, 74, 235, 22, 178, 0, 0, 32, 1, 0, 221, 0, 0, 41, 4, 239]
1542792239710;[171, 0, 4, 255, 132, 128, 89]
1542792239869;[171, 0, 17, 255, 161, 74, 235, 22, 178, 0, 0, 43, 1, 0, 248, 0, 0, 16, 5, 78]
1542792240042;[171, 0, 17, 255, 161, 74, 235, 22, 178, 0, 0, 54, 1, 0, 252, 0, 0, 34, 5, 138]
1542792240046;[171, 0, 17, 255, 161, 74, 235, 22, 178, 0, 0, 27, 1, 0, 234, 0, 0, 18, 5, 174]
1542792240217;[171, 0, 17, 255, 161, 74, 235, 22, 178, 0, 0, 38, 1, 0, 234, 0, 0, 28, 5, 200]
1542792240219;[171, 0, 17, 255, 161, 74, 235, 22, 179, 0, 0, 35, 1, 0, 234, 0, 0, 22, 5, 225]
1542792240399;[171, 0, 17, 255, 161, 74, 235, 22, 179, 0, 0, 30, 1, 0, 242, 0, 0, 9, 5, 216]
1542792240558;[171, 0, 17, 255, 161, 74, 235, 22, 179, 0, 0, 17, 1, 0, 236, 0, 0, 0, 6, 58]
1542792240562;[171, 0, 17, 255, 161, 74, 235, 22, 179, 0, 0, 31, 1, 0, 253, 1, 0, 10, 6, 135]
1542792240906;[171, 0, 17, 255, 161, 74, 235, 22, 179, 0, 0, 22, 1, 0, 248, 0, 0, 0, 6, 176]
1542792240910;[171, 0, 17, 255, 161, 74, 235, 22, 179, 0, 0, 31, 1, 0, 242, 0, 0, 9, 6, 195]
1542792240913;[171, 0, 4, 255, 132, 128, 89]
1542792240939;[171, 0, 17, 255, 161, 74, 235, 22, 179, 0, 0, 18, 1, 0, 229, 1, 0, 14, 6, 192]
1542792241077;[171, 0, 17, 255, 161, 74, 235, 22, 179, 0, 0, 12, 1, 0, 236, 1, 0, 28, 6, 185]
1542792241249;[171, 0, 17, 255, 161, 74, 235, 22, 179, 0, 0, 11, 1, 0, 243, 1, 0, 22, 6, 248]
1542792241253;[171, 0, 17, 255, 161, 74, 235, 22, 179, 0, 0, 11, 1, 0, 248, 1, 0, 21, 7, 98]
1542792241422;[171, 0, 17, 255, 161, 74, 235, 22, 180, 0, 0, 16, 1, 1, 4, 1, 0, 25, 7, 160]
1542792241426;[171, 0, 17, 255, 161, 74, 235, 22, 180, 0, 0, 2, 1, 0, 247, 1, 0, 28, 7, 201]
1542792241594;[171, 0, 17, 255, 161, 74, 235, 22, 180, 0, 0, 12, 1, 0, 235, 1, 0, 22, 7, 231]
1542792241598;[171, 0, 17, 255, 161, 74, 235, 22, 180, 0, 0, 7, 1, 0, 244, 1, 0, 41, 7, 236]
1542792241766;[171, 0, 17, 255, 161, 74, 235, 22, 180, 1, 0, 5, 1, 0, 231, 1, 0, 34, 7, 245]
1542792241938;[171, 0, 17, 255, 161, 74, 235, 22, 180, 0, 0, 5, 1, 0, 243, 1, 0, 49, 8, 82]
1542792241942;[171, 0, 4, 255, 132, 128, 89]
1542792242285;[171, 0, 17, 255, 161, 74, 235, 22, 180, 0, 0, 1, 1, 0, 241, 1, 0, 42, 8, 157]
1542792242290;[171, 0, 17, 255, 161, 74, 235, 22, 180, 0, 0, 3, 1, 0, 249, 1, 0, 52, 8, 193]
1542792242294;[171, 0, 17, 255, 161, 74, 235, 22, 180, 0, 0, 13, 1, 0, 253, 1, 0, 52, 8, 221]
1542792242455;[171, 0, 17, 255, 161, 74, 235, 22, 180, 1, 0, 13, 1, 0, 241, 1, 0, 47, 8, 231]
1542792242459;[171, 0, 17, 255, 161, 74, 235, 22, 181, 1, 0, 1, 1, 0, 239, 1, 0, 43, 8, 230]
1542792242629;[171, 0, 17, 255, 161, 74, 235, 22, 181, 0, 0, 7, 1, 0, 230, 1, 0, 60, 8, 218]
1542792242634;[171, 0, 17, 255, 161, 74, 235, 22, 181, 0, 0, 10, 1, 1, 7, 1, 0, 42, 9, 67]
1542792242800;[171, 0, 17, 255, 161, 74, 235, 22, 181, 0, 0, 10, 1, 0, 223, 1, 0, 35, 9, 117]
1542792242804;[171, 0, 17, 255, 161, 74, 235, 22, 181, 1, 0, 3, 1, 0, 240, 1, 0, 66, 9, 119]
1542792242973;[171, 0, 17, 255, 161, 74, 235, 22, 181, 0, 0, 8, 1, 0, 195, 1, 0, 56, 9, 105]
1542792243145;[171, 0, 4, 255, 132, 128, 88]
1542792243172;[171, 0, 17, 255, 161, 74, 235, 22, 181, 1, 0, 3, 1, 0, 212, 1, 0, 32, 9, 102]
1542792243492;[171, 0, 17, 255, 161, 74, 235, 22, 181, 0, 0, 10, 1, 1, 7, 1, 0, 45, 9, 102]
1542792243496;[171, 0, 17, 255, 161, 74, 235, 22, 181, 0, 0, 20, 1, 0, 237, 1, 0, 67, 9, 111]
1542792243500;[171, 0, 17, 255, 161, 74, 235, 22, 181, 0, 0, 4, 1, 0, 220, 1, 0, 53, 9, 200]
1542792243504;[171, 0, 17, 255, 161, 74, 235, 22, 182, 0, 0, 1, 1, 0, 211, 1, 0, 63, 9, 218]
1542792243663;[171, 0, 17, 255, 161, 74, 235, 22, 182, 0, 0, 16, 1, 0, 225, 1, 0, 56, 9, 200]
1542792243836;[171, 0, 17, 255, 161, 74, 235, 22, 182, 1, 0, 4, 1, 1, 17, 1, 0, 57, 9, 220]
1542792243840;[171, 0, 17, 255, 161, 74, 235, 22, 182, 0, 0, 46, 1, 0, 251, 1, 0, 60, 9, 223]
1542792244010;[171, 0, 17, 255, 161, 74, 235, 22, 182, 0, 0, 17, 1, 0, 231, 1, 0, 50, 9, 211]
1542792244184;[171, 0, 17, 255, 161, 74, 235, 22, 184, 0, 0, 59, 1, 0, 246, 1, 0, 80, 10, 135]
1542792244353;[171, 0, 17, 255, 161, 74, 235, 22, 184, 0, 0, 37, 1, 1, 2, 1, 0, 57, 10, 192]
1542792244357;[171, 0, 17, 255, 161, 74, 235, 22, 184, 0, 0, 35, 1, 0, 221, 1, 0, 48, 10, 200]
1542792244526;[171, 0, 17, 255, 161, 74, 235, 22, 184, 0, 0, 10, 1, 0, 234, 1, 0, 45, 10, 178]
1542792244872;[171, 0, 17, 255, 161, 74, 235, 22, 185, 0, 0, 31, 1, 0, 209, 1, 0, 99, 10, 93]
1542792244876;[171, 0, 17, 255, 161, 74, 235, 22, 185, 0, 0, 30, 1, 0, 253, 1, 0, 78, 10, 56]
1542792244880;[171, 0, 17, 255, 161, 74, 235, 22, 185, 0, 0, 39, 1, 0, 255, 1, 0, 62, 10, 111]
1542792245044;[171, 0, 17, 255, 161, 74, 235, 22, 185, 0, 0, 55, 1, 0, 245, 1, 0, 49, 10, 165]
1542792245048;[171, 0, 17, 255, 161, 74, 235, 22, 185, 1, 0, 26, 1, 0, 191, 1, 0, 15, 10, 199]
1542792245215;[171, 0, 17, 255, 161, 74, 235, 22, 185, 1, 0, 1, 1, 0, 225, 1, 0, 60, 10, 155]
1542792245222;[171, 0, 4, 255, 132, 128, 89]
1542792245389;[171, 0, 17, 255, 161, 74, 235, 22, 185, 0, 0, 62, 1, 1, 4, 1, 0, 81, 10, 98]
1542792245393;[171, 0, 17, 255, 161, 74, 235, 22, 185, 0, 0, 24, 1, 0, 177, 1, 0, 72, 10, 73]
1542792245561;[171, 0, 17, 255, 161, 74, 235, 22, 185, 0, 0, 13, 1, 1, 6, 1, 0, 53, 10, 60]
1542792245733;[171, 0, 17, 255, 161, 74, 235, 22, 185, 0, 0, 69, 1, 0, 242, 1, 0, 80, 10, 125]
1542792245737;[171, 0, 17, 255, 161, 74, 235, 22, 186, 0, 0, 47, 1, 1, 7, 1, 0, 41, 10, 182]
1542792246080;[171, 0, 17, 255, 161, 74, 235, 22, 186, 0, 0, 38, 1, 1, 8, 1, 0, 55, 10, 193]
1542792246085;[171, 0, 17, 255, 161, 74, 235, 22, 186, 0, 0, 67, 1, 0, 225, 1, 0, 90, 10, 165]
1542792246089;[171, 0, 17, 255, 161, 74, 235, 22, 186, 0, 0, 64, 1, 0, 232, 1, 0, 58, 10, 166]
1542792246249;[171, 0, 17, 255, 161, 74, 235, 22, 186, 1, 0, 5, 1, 1, 31, 1, 0, 62, 10, 173]
1542792246252;[171, 0, 17, 255, 161, 74, 235, 22, 186, 0, 0, 67, 1, 0, 234, 1, 0, 78, 10, 207]
1542792246422;[171, 0, 4, 255, 132, 128, 89]
1542792246448;[171, 0, 17, 255, 161, 74, 235, 22, 186, 0, 0, 45, 1, 0, 237, 1, 0, 58, 11, 16]
1542792246596;[171, 0, 17, 255, 161, 74, 235, 22, 186, 0, 0, 42, 1, 1, 7, 1, 0, 32, 11, 59]
1542792246599;[171, 0, 17, 255, 161, 74, 235, 22, 186, 0, 0, 36, 1, 0, 212, 1, 0, 56, 11, 68]
1542792246768;[171, 0, 17, 255, 161, 74, 235, 22, 186, 0, 0, 44, 1, 1, 0, 1, 0, 47, 11, 76]
1542792246942;[171, 0, 17, 255, 161, 74, 235, 22, 187, 0, 0, 20, 1, 0, 237, 1, 0, 36, 11, 89]
1542792246946;[171, 0, 17, 255, 161, 74, 235, 22, 187, 1, 0, 6, 1, 0, 240, 1, 0, 17, 11, 117]
1542792247460;[171, 0, 17, 255, 161, 74, 235, 22, 187, 0, 0, 15, 1, 0, 247, 1, 0, 38, 11, 174]
1542792247463;[171, 0, 17, 255, 161, 74, 235, 22, 187, 0, 0, 19, 1, 1, 2, 1, 0, 45, 11, 206]
1542792247467;[171, 0, 17, 255, 161, 74, 235, 22, 187, 0, 0, 20, 1, 0, 244, 1, 0, 21, 11, 241]
1542792247472;[171, 0, 17, 255, 161, 74, 235, 22, 187, 1, 0, 5, 1, 0, 250, 1, 0, 38, 12, 8]
1542792247632;[171, 0, 4, 255, 132, 128, 89]
1542792247658;[171, 0, 17, 255, 161, 74, 235, 22, 187, 0, 0, 1, 1, 0, 241, 1, 0, 11, 12, 2]
1542792247663;[171, 0, 17, 255, 161, 74, 235, 22, 187, 0, 0, 47, 1, 0, 234, 1, 0, 22, 11, 171]
1542792247803;[171, 0, 17, 255, 161, 74, 235, 22, 187, 0, 0, 5, 1, 0, 235, 1, 0, 31, 11, 156]
1542792247807;[171, 0, 17, 255, 161, 74, 235, 22, 187, 0, 0, 34, 1, 1, 4, 1, 0, 50, 11, 232]
1542792247975;[171, 0, 17, 255, 161, 74, 235, 22, 192, 1, 0, 28, 1, 0, 249, 1, 0, 48, 11, 248]
1542792248148;[171, 0, 17, 255, 161, 74, 235, 22, 192, 1, 0, 47, 1, 1, 0, 1, 0, 43, 11, 195]
1542792248152;[171, 0, 17, 255, 161, 74, 235, 22, 192, 1, 0, 104, 1, 0, 223, 1, 0, 125, 9, 89]
1542792248321;[171, 0, 17, 255, 161, 74, 235, 22, 192, 1, 0, 57, 1, 1, 16, 1, 0, 73, 8, 28]
1542792248325;[171, 0, 17, 255, 161, 74, 235, 22, 192, 1, 0, 69, 1, 1, 28, 1, 0, 38, 7, 95]
1542792248668;[171, 0, 17, 255, 161, 74, 235, 22, 192, 0, 0, 30, 1, 0, 94, 1, 0, 41, 7, 137]
1542792248671;[171, 0, 4, 255, 132, 128, 89]
1542792248698;[171, 0, 17, 255, 161, 74, 235, 22, 192, 1, 0, 49, 1, 0, 172, 1, 0, 27, 7, 160]
1542792248838;[171, 0, 17, 255, 161, 74, 235, 22, 192, 1, 0, 20, 1, 0, 215, 1, 0, 46, 7, 211]
1542792248843;[171, 0, 17, 255, 161, 74, 235, 22, 192, 1, 1, 15, 1, 1, 140, 1, 0, 89, 7, 125]
1542792249011;[171, 0, 17, 255, 161, 74, 235, 22, 192, 1, 0, 83, 1, 0, 237, 1, 0, 66, 7, 253]
1542792249015;[171, 0, 17, 255, 161, 74, 235, 22, 193, 1, 0, 11, 1, 0, 243, 1, 0, 86, 8, 53]
1542792249183;[171, 0, 17, 255, 161, 74, 235, 22, 193, 1, 0, 20, 1, 0, 202, 1, 0, 67, 8, 179]
1542792249355;[171, 0, 17, 255, 161, 74, 235, 22, 193, 1, 0, 45, 1, 0, 192, 1, 0, 104, 8, 243]
1542792249359;[171, 0, 17, 255, 161, 74, 235, 22, 193, 1, 0, 10, 1, 0, 181, 1, 0, 111, 9, 16]
1542792249530;[171, 0, 17, 255, 161, 74, 235, 22, 193, 1, 0, 8, 1, 0, 200, 1, 0, 169, 9, 28]
1542792249533;[171, 0, 17, 255, 161, 74, 235, 22, 193, 1, 0, 3, 1, 0, 202, 1, 0, 167, 9, 58]
1542792249874;[171, 0, 4, 255, 132, 128, 89]
1542792249901;[171, 0, 17, 255, 161, 74, 235, 22, 193, 1, 0, 2, 1, 0, 199, 1, 0, 150, 9, 115]
1542792249903;[171, 0, 17, 255, 161, 74, 235, 22, 193, 0, 0, 0, 1, 0, 159, 1, 0, 151, 9, 224]
1542792250046;[171, 0, 17, 255, 161, 74, 235, 22, 193, 1, 0, 29, 1, 0, 177, 1, 0, 167, 10, 8]
1542792250051;[171, 0, 17, 255, 161, 74, 235, 22, 193, 0, 0, 1, 1, 0, 163, 1, 0, 156, 10, 56]
1542792250220;[171, 0, 17, 255, 161, 74, 235, 22, 194, 1, 0, 13, 1, 0, 196, 1, 0, 158, 10, 77]
1542792250222;[171, 0, 17, 255, 161, 74, 235, 22, 194, 1, 0, 13, 1, 0, 176, 1, 0, 182, 10, 97]
1542792250391;[171, 0, 17, 255, 161, 74, 235, 22, 194, 0, 0, 20, 1, 0, 184, 1, 0, 146, 10, 118]
1542792250395;[171, 0, 17, 255, 161, 74, 235, 22, 194, 0, 0, 20, 1, 0, 178, 1, 0, 202, 10, 161]
1542792250563;[171, 0, 17, 255, 161, 74, 235, 22, 194, 0, 0, 21, 1, 0, 157, 1, 0, 191, 10, 227]
1542792250736;[171, 0, 17, 255, 161, 74, 235, 22, 194, 0, 0, 1, 1, 0, 186, 1, 0, 170, 11, 8]
1542792250739;[171, 0, 4, 255, 132, 128, 89]
1542792250908;[171, 0, 17, 255, 161, 74, 235, 22, 194, 0, 0, 11, 1, 0, 168, 1, 0, 122, 11, 60]
1542792250912;[171, 0, 17, 255, 161, 74, 235, 22, 194, 0, 0, 11, 1, 0, 180, 1, 0, 180, 11, 52]
1542792251253;[171, 0, 17, 255, 161, 74, 235, 22, 194, 0, 0, 30, 1, 0, 197, 1, 0, 184, 11, 57]
1542792251258;[171, 0, 17, 255, 161, 74, 235, 22, 194, 1, 0, 4, 1, 0, 166, 1, 0, 157, 11, 117]
1542792251262;[171, 0, 17, 255, 161, 74, 235, 22, 195, 0, 0, 12, 1, 0, 152, 1, 0, 207, 11, 170]
1542792251426;[171, 0, 17, 255, 161, 74, 235, 22, 195, 0, 0, 38, 1, 0, 165, 1, 0, 177, 11, 194]
1542792251430;[171, 0, 17, 255, 161, 74, 235, 22, 195, 0, 0, 12, 1, 0, 176, 1, 0, 182, 11, 212]
1542792251598;[171, 0, 17, 255, 161, 74, 235, 22, 195, 0, 0, 26, 1, 0, 174, 1, 0, 165, 11, 234]
1542792251602;[171, 0, 17, 255, 161, 74, 235, 22, 195, 0, 0, 22, 1, 0, 172, 1, 0, 167, 11, 253]
1542792251771;[171, 0, 17, 255, 161, 74, 235, 22, 195, 0, 0, 8, 1, 0, 192, 1, 0, 174, 11, 253]
1542792251943;[171, 0, 4, 255, 132, 128, 90]
1542792251970;[171, 0, 17, 255, 161, 74, 235, 22, 195, 0, 0, 14, 1, 0, 171, 1, 0, 174, 12, 74]
1542792252116;[171, 0, 17, 255, 161, 74, 235, 22, 195, 1, 0, 1, 1, 0, 183, 1, 0, 185, 12, 120]
1542792252120;[171, 0, 17, 255, 161, 74, 235, 22, 195, 0, 0, 23, 1, 0, 165, 1, 0, 161, 12, 139]
1542792252462;[171, 0, 17, 255, 161, 74, 235, 22, 195, 1, 0, 5, 1, 0, 167, 1, 0, 171, 12, 115]
1542792252466;[171, 0, 17, 255, 161, 74, 235, 22, 196, 1, 0, 9, 1, 0, 181, 1, 0, 183, 12, 59]
1542792252470;[171, 0, 17, 255, 161, 74, 235, 22, 196, 0, 0, 18, 1, 0, 190, 1, 0, 166, 12, 41]
1542792252636;[171, 0, 17, 255, 161, 74, 235, 22, 196, 0, 0, 3, 1, 0, 209, 1, 0, 147, 12, 43]
1542792252638;[171, 0, 17, 255, 161, 74, 235, 22, 196, 0, 0, 18, 1, 0, 193, 1, 0, 150, 12, 121]
1542792252806;[171, 0, 17, 255, 161, 74, 235, 22, 196, 1, 0, 24, 1, 0, 184, 1, 0, 161, 12, 187]
1542792252810;[171, 0, 17, 255, 161, 74, 235, 22, 196, 1, 0, 9, 1, 0, 168, 1, 0, 137, 12, 180]
1542792252978;[171, 0, 4, 255, 132, 128, 90]
1542792253150;[171, 0, 17, 255, 161, 74, 235, 22, 196, 1, 0, 10, 1, 0, 192, 1, 0, 174, 12, 121]
1542792253154;[171, 0, 17, 255, 161, 74, 235, 22, 196, 1, 0, 11, 1, 0, 195, 1, 0, 143, 12, 73]
1542792253323;[171, 0, 17, 255, 161, 74, 235, 22, 196, 1, 0, 11, 1, 0, 218, 1, 0, 158, 12, 37]
1542792253327;[171, 0, 17, 255, 161, 74, 235, 22, 196, 1, 0, 1, 1, 0, 193, 1, 0, 142, 12, 20]
1542792253496;[171, 0, 17, 255, 161, 74, 235, 22, 197, 1, 0, 13, 1, 0, 178, 1, 0, 167, 12, 50]
1542792253500;[171, 0, 17, 255, 161, 74, 235, 22, 197, 0, 0, 2, 1, 0, 180, 1, 0, 146, 12, 41]
1542792253842;[171, 0, 17, 255, 161, 74, 235, 22, 197, 1, 0, 1, 1, 0, 177, 1, 0, 165, 11, 227]
1542792253846;[171, 0, 17, 255, 161, 74, 235, 22, 197, 1, 0, 3, 1, 0, 169, 1, 0, 171, 11, 169]
1542792253850;[171, 0, 17, 255, 161, 74, 235, 22, 197, 1, 0, 12, 1, 0, 201, 1, 0, 153, 11, 123]
1542792254014;[171, 0, 17, 255, 161, 74, 235, 22, 197, 0, 0, 10, 1, 0, 168, 1, 0, 175, 11, 96]
1542792254018;[171, 0, 4, 255, 132, 128, 90]
1542792254186;[171, 0, 17, 255, 161, 74, 235, 22, 197, 1, 0, 9, 1, 0, 181, 1, 0, 172, 11, 55]
1542792254356;[171, 0, 17, 255, 161, 74, 235, 22, 197, 0, 0, 10, 1, 0, 167, 1, 0, 151, 11, 66]
1542792254359;[171, 0, 17, 255, 161, 74, 235, 22, 197, 1, 0, 3, 1, 0, 179, 1, 0, 188, 11, 36]
1542792254531;[171, 0, 17, 255, 161, 74, 235, 22, 197, 1, 0, 20, 1, 0, 171, 1, 0, 160, 11, 22]
1542792254535;[171, 0, 17, 255, 161, 74, 235, 22, 198, 1, 0, 5, 1, 0, 187, 1, 0, 156, 10, 242]
1542792254704;[171, 0, 17, 255, 161, 74, 235, 22, 198, 1, 0, 19, 1, 0, 191, 1, 0, 188, 10, 200]
1542792254708;[171, 0, 17, 255, 161, 74, 235, 22, 198, 1, 0, 10, 1, 0, 189, 1, 0, 167, 10, 195]
1542792255049;[171, 0, 17, 255, 161, 74, 235, 22, 198, 1, 0, 23, 1, 0, 164, 1, 0, 160, 10, 183]
1542792255053;[171, 0, 17, 255, 161, 74, 235, 22, 198, 1, 0, 16, 1, 0, 206, 1, 0, 165, 10, 186]
1542792255057;[171, 0, 17, 255, 161, 74, 235, 22, 198, 1, 0, 15, 1, 0, 188, 1, 0, 136, 10, 194]
1542792255227;[171, 0, 4, 255, 132, 128, 90]
1542792255231;[171, 0, 17, 255, 161, 74, 235, 22, 198, 1, 0, 8, 1, 0, 185, 1, 0, 196, 10, 141]
1542792255394;[171, 0, 17, 255, 161, 74, 235, 22, 198, 1, 0, 2, 1, 0, 190, 1, 0, 156, 10, 113]
1542792255398;[171, 0, 17, 255, 161, 74, 235, 22, 198, 1, 0, 4, 1, 0, 165, 1, 0, 164, 10, 87]
1542792255566;[171, 0, 17, 255, 161, 74, 235, 22, 198, 0, 0, 14, 1, 0, 151, 1, 0, 202, 10, 24]
1542792255739;[171, 0, 17, 255, 161, 74, 235, 22, 199, 1, 0, 5, 1, 0, 180, 1, 0, 153, 9, 233]
1542792255743;[171, 0, 17, 255, 161, 74, 235, 22, 199, 0, 0, 14, 1, 0, 164, 1, 0, 177, 9, 181]
1542792255910;[171, 0, 17, 255, 161, 74, 235, 22, 199, 1, 0, 2, 1, 0, 183, 1, 0, 193, 9, 176]
1542792255914;[171, 0, 17, 255, 161, 74, 235, 22, 199, 1, 0, 19, 1, 0, 191, 1, 0, 159, 9, 189]
1542792256430;[171, 0, 17, 255, 161, 74, 235, 22, 199, 0, 0, 15, 1, 0, 180, 1, 0, 165, 9, 161]
1542792256435;[171, 0, 17, 255, 161, 74, 235, 22, 199, 0, 0, 5, 1, 0, 148, 1, 0, 173, 9, 172]
1542792256439;[171, 0, 4, 255, 132, 128, 90]
1542792256465;[171, 0, 17, 255, 161, 74, 235, 22, 199, 1, 0, 63, 1, 0, 161, 1, 0, 185, 9, 144]
1542792256602;[171, 0, 17, 255, 161, 74, 235, 22, 199, 1, 0, 16, 1, 0, 177, 1, 0, 161, 9, 115]
1542792256606;[171, 0, 17, 255, 161, 74, 235, 22, 199, 0, 0, 7, 1, 0, 188, 1, 0, 139, 9, 98]
1542792256610;[171, 0, 17, 255, 161, 74, 235, 22, 199, 0, 0, 10, 1, 0, 196, 1, 0, 193, 9, 94]
1542792256947;[171, 0, 17, 255, 161, 74, 235, 22, 200, 1, 0, 6, 1, 0, 191, 1, 0, 177, 9, 112]
1542792256951;[171, 0, 17, 255, 161, 74, 235, 22, 200, 0, 0, 9, 1, 0, 139, 1, 0, 150, 9, 121]
1542792256956;[171, 0, 17, 255, 161, 74, 235, 22, 200, 0, 0, 15, 1, 0, 162, 1, 0, 208, 9, 31]
1542792257119;[171, 0, 17, 255, 161, 74, 235, 22, 200, 0, 0, 21, 1, 0, 177, 1, 0, 136, 9, 29]
1542792257292;[171, 0, 17, 255, 161, 74, 235, 22, 200, 0, 0, 12, 1, 0, 195, 1, 0, 161, 9, 10]
1542792257296;[171, 0, 17, 255, 161, 74, 235, 22, 200, 1, 0, 2, 1, 0, 204, 1, 0, 176, 8, 247]
1542792257299;[171, 0, 4, 255, 132, 128, 90]
1542792257636;[171, 0, 17, 255, 161, 74, 235, 22, 200, 1, 0, 10, 1, 0, 189, 1, 0, 176, 9, 14]
1542792257643;[171, 0, 17, 255, 161, 74, 235, 22, 200, 1, 0, 10, 1, 0, 161, 1, 0, 141, 9, 34]
1542792257647;[171, 0, 17, 255, 161, 74, 235, 22, 200, 0, 0, 10, 1, 0, 139, 1, 0, 167, 8, 250]
1542792257809;[171, 0, 17, 255, 161, 74, 235, 22, 200, 1, 0, 10, 1, 0, 193, 1, 0, 179, 8, 158]
1542792257813;[171, 0, 17, 255, 161, 74, 235, 22, 201, 1, 0, 5, 1, 0, 189, 1, 0, 162, 8, 149]
1542792257982;[171, 0, 17, 255, 161, 74, 235, 22, 201, 1, 0, 1, 1, 0, 221, 1, 0, 183, 8, 123]
1542792258154;[171, 0, 17, 255, 161, 74, 235, 22, 201, 0, 0, 15, 1, 0, 175, 1, 0, 161, 8, 151]
1542792258158;[171, 0, 17, 255, 161, 74, 235, 22, 201, 1, 0, 27, 1, 0, 152, 1, 0, 149, 8, 198]
1542792258326;[171, 0, 17, 255, 161, 74, 235, 22, 201, 1, 0, 30, 1, 0, 183, 1, 0, 175, 8, 174]
1542792258329;[171, 0, 17, 255, 161, 74, 235, 22, 201, 1, 0, 8, 1, 0, 166, 1, 0, 166, 8, 134]
1542792258498;[171, 0, 4, 255, 132, 128, 90]
1542792258524;[171, 0, 17, 255, 161, 74, 235, 22, 201, 1, 0, 37, 1, 0, 195, 1, 0, 185, 8, 72]
1542792258847;[171, 0, 17, 255, 161, 74, 235, 22, 201, 0, 0, 9, 1, 0, 192, 1, 0, 171, 8, 9]
1542792258850;[171, 0, 17, 255, 161, 74, 235, 22, 201, 1, 0, 16, 1, 0, 197, 1, 0, 142, 8, 0]
1542792258855;[171, 0, 17, 255, 161, 74, 235, 22, 201, 0, 0, 4, 1, 0, 188, 1, 0, 138, 8, 10]
1542792259016;[171, 0, 17, 255, 161, 74, 235, 22, 202, 1, 0, 5, 1, 0, 167, 1, 0, 155, 8, 25]
1542792259020;[171, 0, 17, 255, 161, 74, 235, 22, 202, 1, 0, 32, 1, 0, 166, 1, 0, 178, 8, 33]
1542792259189;[171, 0, 17, 255, 161, 74, 235, 22, 202, 1, 0, 28, 1, 0, 177, 1, 0, 169, 8, 30]
1542792259193;[171, 0, 17, 255, 161, 74, 235, 22, 202, 1, 0, 9, 1, 0, 200, 1, 0, 184, 8, 7]
1542792259534;[171, 0, 17, 255, 161, 74, 235, 22, 202, 0, 0, 10, 1, 0, 207, 1, 0, 121, 8, 53]
1542792259538;[171, 0, 17, 255, 161, 74, 235, 22, 202, 1, 0, 20, 1, 0, 215, 1, 0, 167, 8, 50]
1542792259542;[171, 0, 4, 255, 132, 128, 89]
1542792259705;[171, 0, 17, 255, 161, 74, 235, 22, 202, 1, 0, 6, 1, 0, 165, 1, 0, 131, 7, 253]
1542792259709;[171, 0, 17, 255, 161, 74, 235, 22, 202, 1, 0, 14, 1, 0, 197, 1, 0, 175, 7, 231]
1542792259878;[171, 0, 17, 255, 161, 74, 235, 22, 202, 1, 0, 9, 1, 0, 184, 1, 0, 116, 8, 19]
1542792260232;[171, 0, 17, 255, 161, 74, 235, 22, 202, 0, 0, 0, 1, 0, 181, 1, 0, 164, 8, 10]
1542792260234;[171, 0, 17, 255, 161, 74, 235, 22, 203, 1, 0, 12, 1, 0, 206, 1, 0, 142, 8, 10]
1542792260236;[171, 0, 17, 255, 161, 74, 235, 22, 203, 1, 0, 5, 1, 0, 179, 1, 0, 125, 8, 59]
1542792260238;[171, 0, 17, 255, 161, 74, 235, 22, 203, 1, 0, 33, 1, 0, 201, 1, 0, 192, 8, 31]
1542792260397;[171, 0, 17, 255, 161, 74, 235, 22, 203, 0, 0, 39, 1, 0, 205, 1, 0, 124, 8, 58]
1542792260401;[171, 0, 17, 255, 161, 74, 235, 22, 203, 1, 0, 6, 1, 0, 193, 1, 0, 127, 8, 164]
1542792260568;[171, 0, 17, 255, 161, 74, 235, 22, 203, 1, 0, 10, 1, 0, 195, 1, 0, 159, 8, 226]
1542792260740;[171, 0, 4, 255, 132, 128, 89]
1542792260767;[171, 0, 17, 255, 161, 74, 235, 22, 203, 0, 0, 11, 1, 0, 181, 1, 0, 135, 9, 14]
1542792260913;[171, 0, 17, 255, 161, 74, 235, 22, 203, 1, 0, 1, 1, 0, 192, 1, 0, 148, 9, 13]
1542792260917;[171, 0, 17, 255, 161, 74, 235, 22, 203, 0, 0, 15, 1, 0, 162, 1, 0, 164, 9, 34]
1542792261086;[171, 0, 17, 255, 161, 74, 235, 22, 203, 1, 0, 29, 1, 0, 188, 1, 0, 152, 9, 18]
1542792261434;[171, 0, 17, 255, 161, 74, 235, 22, 204, 0, 0, 7, 1, 0, 188, 1, 0, 156, 7, 133]
1542792261438;[171, 0, 17, 255, 161, 74, 235, 22, 204, 0, 0, 55, 1, 0, 227, 1, 0, 158, 4, 215]
1542792261442;[171, 0, 17, 255, 161, 74, 235, 22, 204, 1, 0, 1, 1, 0, 228, 1, 0, 134, 4, 43]
1542792261446;[171, 0, 17, 255, 161, 74, 235, 22, 204, 1, 0, 58, 1, 0, 212, 1, 0, 97, 3, 153]
1542792261603;[171, 0, 17, 255, 161, 74, 235, 22, 204, 1, 0, 47, 1, 0, 88, 1, 0, 205, 3, 128]
1542792261607;[171, 0, 17, 255, 161, 74, 235, 22, 204, 1, 0, 54, 1, 0, 225, 1, 0, 107, 3, 75]
1542792261950;[171, 0, 4, 255, 132, 128, 89]
1542792261976;[171, 0, 17, 255, 161, 74, 235, 22, 204, 0, 0, 15, 1, 0, 230, 1, 0, 145, 2, 251]
1542792261978;[171, 0, 17, 255, 161, 74, 235, 22, 204, 0, 0, 7, 1, 0, 224, 1, 0, 144, 3, 70]
1542792262122;[171, 0, 17, 255, 161, 74, 235, 22, 204, 0, 0, 12, 1, 0, 181, 1, 0, 133, 3, 164]
1542792262125;[171, 0, 17, 255, 161, 74, 235, 22, 204, 0, 0, 11, 1, 0, 173, 1, 0, 117, 4, 68]
1542792262292;[171, 0, 17, 255, 161, 74, 235, 22, 205, 1, 0, 53, 1, 0, 213, 1, 0, 145, 4, 184]
1542792262295;[171, 0, 17, 255, 161, 74, 235, 22, 205, 0, 0, 20, 1, 0, 211, 1, 0, 129, 5, 40]
1542792262812;[171, 0, 17, 255, 161, 74, 235, 22, 205, 1, 0, 16, 1, 0, 179, 1, 0, 136, 5, 108]
1542792262816;[171, 0, 17, 255, 161, 74, 235, 22, 205, 1, 0, 66, 1, 0, 189, 1, 0, 170, 5, 225]
1542792262820;[171, 0, 17, 255, 161, 74, 235, 22, 205, 0, 0, 18, 1, 0, 229, 1, 0, 194, 6, 116]
1542792262824;[171, 0, 17, 255, 161, 74, 235, 22, 205, 1, 0, 65, 1, 0, 165, 1, 0, 161, 6, 219]
1542792262984;[171, 0, 4, 255, 132, 128, 89]
1542792263012;[171, 0, 17, 255, 161, 74, 235, 22, 205, 1, 0, 22, 1, 0, 198, 1, 0, 129, 7, 51]
1542792263156;[171, 0, 17, 255, 161, 74, 235, 22, 205, 0, 0, 5, 1, 0, 223, 1, 0, 156, 7, 139]
1542792263159;[171, 0, 17, 255, 161, 74, 235, 22, 205, 1, 0, 54, 1, 0, 197, 1, 0, 152, 7, 175]
1542792263328;[171, 0, 17, 255, 161, 74, 235, 22, 205, 0, 0, 14, 1, 0, 195, 1, 0, 121, 8, 9]
1542792263501;[171, 0, 17, 255, 161, 74, 235, 22, 206, 0, 0, 25, 1, 0, 169, 1, 0, 145, 8, 160]
