1542962111118;[171, 0, 17, 255, 161, 74, 239, 9, 149, 0, 0, 15, 1, 0, 238, 0, 0, 78, 2, 95]
1542962111285;[171, 0, 17, 255, 161, 74, 239, 9, 149, 0, 0, 15, 1, 0, 235, 0, 0, 76, 2, 14]
1542962111458;[171, 0, 17, 255, 161, 74, 239, 9, 149, 0, 0, 13, 1, 0, 236, 0, 0, 78, 2, 14]
1542962111462;[171, 0, 17, 255, 161, 74, 239, 9, 150, 0, 0, 15, 1, 0, 235, 0, 0, 79, 2, 16]
1542962111631;[171, 0, 17, 255, 161, 74, 239, 9, 150, 0, 0, 16, 1, 0, 236, 0, 0, 76, 1, 243]
1542962111635;[171, 0, 4, 255, 132, 128, 110]
1542962111803;[171, 0, 17, 255, 161, 74, 239, 9, 150, 0, 0, 12, 1, 0, 235, 0, 0, 80, 1, 220]
1542962112151;[171, 0, 17, 255, 161, 74, 239, 9, 150, 0, 0, 22, 1, 0, 236, 0, 0, 78, 1, 195]
1542962112155;[171, 0, 17, 255, 161, 74, 239, 9, 150, 0, 0, 15, 1, 0, 239, 0, 0, 73, 1, 134]
1542962112159;[171, 0, 17, 255, 161, 74, 239, 9, 150, 1, 0, 48, 1, 0, 229, 0, 0, 59, 1, 191]
1542962112163;[171, 0, 17, 255, 161, 74, 239, 9, 150, 1, 0, 15, 1, 0, 236, 0, 0, 57, 1, 156]
1542962112321;[171, 0, 17, 255, 161, 74, 239, 9, 150, 1, 0, 8, 1, 0, 239, 0, 0, 73, 1, 29]
1542962112325;[171, 0, 17, 255, 161, 74, 239, 9, 150, 1, 0, 16, 1, 0, 230, 0, 0, 79, 16, 184]
1542962112494;[171, 0, 17, 255, 161, 74, 239, 9, 150, 1, 0, 11, 1, 0, 234, 0, 0, 70, 7, 79]
1542962112666;[171, 0, 17, 255, 161, 74, 239, 9, 151, 1, 0, 13, 1, 0, 239, 0, 0, 78, 7, 21]
1542962112673;[171, 0, 17, 255, 161, 74, 239, 9, 151, 0, 0, 1, 1, 0, 251, 0, 0, 70, 7, 94]
1542962112838;[171, 0, 4, 255, 132, 128, 110]
1542962112865;[171, 0, 17, 255, 161, 74, 239, 9, 151, 1, 0, 52, 1, 1, 24, 0, 0, 48, 7, 71]
1542962113011;[171, 0, 17, 255, 161, 74, 239, 9, 151, 1, 0, 83, 1, 1, 7, 0, 0, 42, 6, 247]
1542962113015;[171, 0, 17, 255, 161, 74, 239, 9, 151, 1, 0, 53, 1, 0, 243, 0, 0, 68, 7, 17]
1542962113357;[171, 0, 17, 255, 161, 74, 239, 9, 151, 1, 0, 2, 1, 0, 195, 0, 0, 144, 7, 18]
1542962113361;[171, 0, 17, 255, 161, 74, 239, 9, 151, 1, 0, 177, 1, 1, 10, 0, 0, 37, 6, 255]
1542962113364;[171, 0, 17, 255, 161, 74, 239, 9, 151, 1, 0, 123, 1, 0, 254, 0, 1, 21, 7, 16]
1542962113530;[171, 0, 17, 255, 161, 74, 239, 9, 151, 1, 0, 76, 1, 0, 237, 0, 0, 72, 7, 5]
1542962113534;[171, 0, 17, 255, 161, 74, 239, 9, 151, 1, 0, 75, 1, 0, 233, 0, 0, 50, 6, 255]
1542962113701;[171, 0, 17, 255, 161, 74, 239, 9, 152, 1, 0, 72, 1, 0, 237, 0, 0, 47, 6, 240]
1542962113873;[171, 0, 17, 255, 161, 74, 239, 9, 152, 1, 0, 70, 1, 0, 254, 0, 0, 53, 6, 200]
1542962113876;[171, 0, 4, 255, 132, 128, 110]
1542962114046;[171, 0, 17, 255, 161, 74, 239, 9, 152, 1, 0, 136, 1, 0, 150, 0, 0, 53, 6, 245]
1542962114050;[171, 0, 17, 255, 161, 74, 239, 9, 152, 1, 0, 102, 1, 0, 216, 0, 0, 59, 6, 243]
1542962114220;[171, 0, 17, 255, 161, 74, 239, 9, 152, 1, 0, 99, 1, 0, 216, 0, 0, 66, 6, 231]
1542962114242;[171, 0, 17, 255, 161, 74, 239, 9, 152, 1, 0, 100, 1, 0, 228, 0, 0, 67, 6, 225]
1542962114391;[171, 0, 17, 255, 161, 74, 239, 9, 152, 1, 0, 97, 1, 0, 215, 0, 0, 63, 6, 213]
1542962114738;[171, 0, 17, 255, 161, 74, 239, 9, 152, 1, 0, 108, 1, 0, 217, 0, 0, 66, 6, 227]
1542962114744;[171, 0, 17, 255, 161, 74, 239, 9, 152, 1, 0, 122, 1, 0, 218, 0, 0, 69, 7, 67]
1542962114747;[171, 0, 17, 255, 161, 74, 239, 9, 152, 1, 0, 103, 1, 0, 223, 0, 0, 56, 7, 143]
1542962114751;[171, 0, 17, 255, 161, 74, 239, 9, 153, 1, 0, 131, 1, 0, 183, 0, 0, 49, 7, 237]
1542962114909;[171, 0, 17, 255, 161, 74, 239, 9, 153, 1, 0, 85, 1, 0, 235, 0, 0, 59, 8, 16]
1542962115255;[171, 0, 4, 255, 132, 128, 110]
1542962115281;[171, 0, 17, 255, 161, 74, 239, 9, 153, 1, 0, 105, 1, 0, 217, 0, 0, 71, 8, 34]
1542962115283;[171, 0, 17, 255, 161, 74, 239, 9, 153, 1, 0, 125, 1, 0, 195, 0, 0, 66, 8, 88]
1542962115285;[171, 0, 17, 255, 161, 74, 239, 9, 153, 1, 0, 135, 1, 0, 230, 0, 0, 40, 8, 242]
1542962115426;[171, 0, 17, 255, 161, 74, 239, 9, 153, 1, 0, 95, 1, 1, 11, 0, 0, 94, 9, 63]
1542962115430;[171, 0, 17, 255, 161, 74, 239, 9, 153, 1, 0, 123, 1, 0, 203, 0, 0, 39, 9, 106]
1542962115598;[171, 0, 17, 255, 161, 74, 239, 9, 153, 1, 0, 87, 1, 0, 218, 0, 0, 49, 9, 157]
1542962115945;[171, 0, 17, 255, 161, 74, 239, 9, 153, 1, 0, 143, 1, 0, 198, 0, 0, 74, 9, 191]
1542962115949;[171, 0, 17, 255, 161, 74, 239, 9, 153, 1, 0, 120, 1, 0, 214, 0, 0, 45, 10, 47]
1542962115953;[171, 0, 17, 255, 161, 74, 239, 9, 154, 1, 0, 104, 1, 0, 232, 0, 0, 35, 10, 153]
1542962116116;[171, 0, 17, 255, 161, 74, 239, 9, 156, 1, 0, 31, 1, 0, 243, 0, 0, 28, 6, 4]
1542962116120;[171, 0, 17, 255, 161, 74, 239, 9, 156, 1, 0, 34, 1, 0, 244, 0, 0, 35, 5, 252]
1542962116289;[171, 0, 17, 255, 161, 74, 239, 9, 156, 1, 0, 32, 1, 0, 245, 0, 0, 32, 5, 191]
1542962116461;[171, 0, 17, 255, 161, 74, 239, 9, 156, 1, 0, 36, 1, 0, 243, 0, 0, 32, 5, 141]
1542962116634;[171, 0, 17, 255, 161, 74, 239, 9, 156, 1, 0, 37, 1, 0, 240, 0, 0, 34, 5, 83]
1542962116807;[171, 0, 17, 255, 161, 74, 239, 9, 156, 1, 0, 38, 1, 0, 243, 0, 0, 32, 5, 49]
1542962116811;[171, 0, 17, 255, 161, 74, 239, 9, 156, 1, 0, 32, 1, 0, 249, 0, 0, 33, 5, 140]
1542962117152;[171, 0, 17, 255, 161, 74, 239, 9, 156, 1, 0, 64, 1, 0, 224, 1, 0, 34, 5, 133]
1542962117156;[171, 0, 17, 255, 161, 74, 239, 9, 157, 1, 0, 59, 1, 0, 236, 0, 0, 18, 5, 123]
1542962117160;[171, 0, 17, 255, 161, 74, 239, 9, 157, 1, 0, 44, 1, 0, 248, 0, 0, 26, 5, 75]
1542962117164;[171, 0, 4, 255, 132, 128, 109]
1542962117329;[171, 0, 17, 255, 161, 74, 239, 9, 157, 1, 0, 18, 1, 0, 240, 0, 0, 32, 5, 31]
1542962117331;[171, 0, 17, 255, 161, 74, 239, 9, 157, 1, 0, 54, 1, 0, 225, 0, 0, 69, 5, 29]
1542962117499;[171, 0, 17, 255, 161, 74, 239, 9, 157, 1, 0, 12, 1, 0, 240, 0, 0, 52, 5, 135]
1542962117668;[171, 0, 17, 255, 161, 74, 239, 9, 157, 1, 0, 64, 1, 1, 26, 0, 0, 54, 5, 248]
1542962117672;[171, 0, 17, 255, 161, 74, 239, 9, 157, 1, 0, 54, 1, 0, 237, 0, 0, 95, 6, 115]
1542962117841;[171, 0, 17, 255, 161, 74, 239, 9, 157, 1, 0, 88, 1, 0, 229, 0, 0, 68, 6, 201]
1542962117845;[171, 0, 17, 255, 161, 74, 239, 9, 157, 1, 0, 112, 1, 0, 203, 0, 0, 80, 6, 244]
1542962118014;[171, 0, 17, 255, 161, 74, 239, 9, 157, 1, 0, 70, 1, 0, 235, 0, 0, 91, 7, 177]
1542962118018;[171, 0, 17, 255, 161, 74, 239, 9, 158, 1, 0, 65, 1, 0, 234, 0, 0, 75, 8, 112]
1542962118187;[171, 0, 17, 255, 161, 74, 239, 9, 158, 1, 0, 69, 1, 0, 222, 0, 0, 80, 8, 214]
1542962118532;[171, 0, 4, 255, 132, 128, 109]
1542962118559;[171, 0, 17, 255, 161, 74, 239, 9, 158, 1, 0, 57, 1, 0, 235, 0, 0, 76, 9, 51]
1542962118561;[171, 0, 17, 255, 161, 74, 239, 9, 158, 1, 0, 79, 1, 0, 220, 0, 0, 89, 9, 145]
1542962118563;[171, 0, 17, 255, 161, 74, 239, 9, 158, 1, 0, 52, 1, 0, 240, 0, 0, 65, 9, 176]
1542962118703;[171, 0, 17, 255, 161, 74, 239, 9, 158, 1, 0, 80, 1, 0, 230, 0, 0, 64, 10, 168]
1542962118877;[171, 0, 17, 255, 161, 74, 239, 9, 158, 1, 0, 75, 1, 0, 240, 0, 0, 76, 11, 115]
1542962118881;[171, 0, 17, 255, 161, 74, 239, 9, 158, 1, 0, 57, 1, 1, 1, 0, 0, 16, 12, 30]
1542962119049;[171, 0, 17, 255, 161, 74, 239, 9, 158, 1, 0, 100, 1, 0, 230, 0, 0, 59, 12, 215]
1542962119052;[171, 0, 17, 255, 161, 74, 239, 9, 158, 1, 0, 91, 1, 0, 220, 0, 0, 58, 13, 99]
1542962119225;[171, 0, 17, 255, 161, 74, 239, 9, 159, 1, 0, 36, 1, 1, 5, 1, 0, 6, 13, 99]
1542962119247;[171, 0, 17, 255, 161, 74, 239, 9, 159, 1, 0, 36, 1, 0, 219, 0, 0, 58, 14, 53]
1542962119393;[171, 0, 4, 255, 132, 128, 108]
1542962119742;[171, 0, 17, 255, 161, 74, 239, 9, 159, 1, 0, 77, 1, 0, 150, 0, 0, 2, 14, 71]
1542962119746;[171, 0, 17, 255, 161, 74, 239, 9, 159, 0, 0, 1, 1, 1, 5, 0, 0, 13, 13, 191]
1542962119750;[171, 0, 17, 255, 161, 74, 239, 9, 159, 0, 0, 253, 1, 0, 103, 0, 0, 161, 14, 30]
1542962119754;[171, 0, 17, 255, 161, 74, 239, 9, 159, 0, 0, 42, 1, 1, 48, 1, 0, 22, 13, 119]
1542962119911;[171, 0, 17, 255, 161, 74, 239, 9, 159, 1, 0, 10, 1, 0, 240, 0, 0, 72, 13, 150]
1542962119916;[171, 0, 17, 255, 161, 74, 239, 9, 159, 1, 0, 5, 1, 0, 241, 0, 0, 71, 13, 70]
1542962120084;[171, 0, 17, 255, 161, 74, 239, 9, 159, 0, 0, 9, 1, 0, 233, 0, 0, 70, 12, 114]
1542962120256;[171, 0, 17, 255, 161, 74, 239, 9, 159, 0, 0, 39, 1, 0, 240, 0, 0, 75, 11, 142]
1542962120260;[171, 0, 17, 255, 161, 74, 239, 9, 160, 1, 0, 17, 1, 0, 233, 0, 0, 72, 11, 4]
1542962120429;[171, 0, 17, 255, 161, 74, 239, 9, 160, 0, 0, 17, 1, 0, 218, 0, 0, 39, 10, 96]
1542962120432;[171, 0, 4, 255, 132, 128, 108]
1542962120601;[171, 0, 17, 255, 161, 74, 239, 9, 160, 0, 0, 29, 1, 0, 245, 0, 0, 67, 10, 114]
1542962120774;[171, 0, 17, 255, 161, 74, 239, 9, 160, 0, 0, 5, 1, 0, 234, 0, 0, 72, 10, 78]
1542962120778;[171, 0, 17, 255, 161, 74, 239, 9, 160, 0, 0, 26, 1, 0, 238, 0, 0, 65, 9, 228]
1542962121120;[171, 0, 17, 255, 161, 74, 239, 9, 160, 0, 0, 21, 1, 0, 237, 0, 0, 71, 9, 130]
1542962121124;[171, 0, 17, 255, 161, 74, 239, 9, 160, 0, 0, 23, 1, 0, 236, 0, 0, 69, 9, 21]
1542962121128;[171, 0, 17, 255, 161, 74, 239, 9, 160, 0, 0, 31, 1, 0, 236, 0, 0, 71, 9, 21]
1542962121132;[171, 0, 17, 255, 161, 74, 239, 9, 160, 0, 0, 34, 1, 0, 236, 0, 0, 70, 9, 25]
1542962121291;[171, 0, 17, 255, 161, 74, 239, 9, 160, 0, 0, 33, 1, 0, 235, 0, 0, 72, 8, 226]
1542962121464;[171, 0, 17, 255, 161, 74, 239, 9, 161, 0, 0, 34, 1, 0, 235, 0, 0, 70, 8, 133]
1542962121468;[171, 0, 17, 255, 161, 74, 239, 9, 161, 0, 0, 35, 1, 0, 238, 0, 0, 71, 8, 54]
1542962121635;[171, 0, 4, 255, 132, 128, 107]
1542962121662;[171, 0, 17, 255, 161, 74, 239, 9, 161, 0, 0, 32, 1, 0, 240, 0, 0, 68, 7, 223]
1542962123788;[171, 0, 17, 255, 161, 74, 239, 9, 161, 0, 0, 27, 1, 0, 239, 0, 0, 66, 7, 219]
1542962123790;[171, 0, 17, 255, 161, 74, 239, 9, 161, 0, 0, 19, 1, 0, 238, 0, 0, 71, 7, 201]
1542962123824;[171, 0, 17, 255, 161, 74, 239, 9, 161, 0, 0, 19, 1, 0, 237, 0, 0, 69, 7, 136]
1542962123829;[171, 0, 17, 255, 161, 74, 239, 9, 161, 0, 0, 36, 1, 1, 7, 0, 0, 67, 7, 122]
1542962123831;[171, 0, 17, 255, 161, 74, 239, 9, 161, 1, 0, 16, 1, 0, 243, 0, 0, 68, 7, 74]
1542962123832;[171, 0, 17, 255, 161, 74, 239, 9, 161, 0, 0, 20, 1, 0, 217, 1, 0, 23, 7, 60]
1542962123834;[171, 0, 17, 255, 161, 74, 239, 9, 161, 1, 0, 2, 1, 0, 254, 1, 0, 34, 7, 7]
1542962123836;[171, 0, 17, 255, 161, 74, 239, 9, 162, 1, 0, 64, 1, 0, 245, 0, 0, 113, 6, 219]
1542962123838;[171, 0, 17, 255, 161, 74, 239, 9, 162, 1, 0, 35, 1, 0, 123, 0, 0, 164, 7, 5]
1542962123840;[171, 0, 4, 255, 132, 128, 107]
1542962123848;[171, 0, 17, 255, 161, 74, 239, 9, 162, 1, 0, 43, 1, 0, 234, 0, 0, 16, 6, 227]
1542962123850;[171, 0, 17, 255, 161, 74, 239, 9, 162, 1, 0, 19, 1, 0, 242, 0, 0, 63, 6, 155]
1542962123854;[171, 0, 17, 255, 161, 74, 239, 9, 162, 0, 0, 3, 1, 0, 238, 0, 0, 74, 6, 121]
1542962123856;[171, 0, 17, 255, 161, 74, 239, 9, 162, 0, 0, 24, 1, 0, 232, 0, 0, 75, 6, 17]
1542962123858;[171, 0, 17, 255, 161, 74, 239, 9, 162, 0, 0, 38, 1, 0, 241, 0, 0, 64, 5, 162]
1542962123881;[171, 0, 17, 255, 161, 74, 239, 9, 162, 0, 0, 6, 1, 1, 8, 0, 0, 67, 5, 112]
1542962123885;[171, 0, 17, 255, 161, 74, 239, 9, 162, 0, 0, 87, 1, 1, 52, 0, 0, 66, 5, 112]
1542962123888;[171, 0, 17, 255, 161, 74, 239, 9, 162, 1, 0, 113, 1, 0, 223, 1, 0, 22, 5, 53]
1542962123892;[171, 0, 17, 255, 161, 74, 239, 9, 163, 1, 0, 54, 1, 0, 219, 1, 0, 8, 5, 72]
1542962124053;[171, 0, 17, 255, 161, 74, 239, 9, 163, 0, 0, 8, 1, 0, 235, 0, 0, 22, 4, 242]
1542962124057;[171, 0, 4, 255, 132, 128, 107]
1542962124085;[171, 0, 17, 255, 161, 74, 239, 9, 163, 0, 0, 5, 1, 1, 5, 0, 0, 33, 4, 140]
1542962124087;[171, 0, 17, 255, 161, 74, 239, 9, 163, 0, 0, 41, 1, 0, 239, 0, 0, 99, 4, 99]
1542962124224;[171, 0, 17, 255, 161, 74, 239, 9, 163, 1, 0, 50, 1, 0, 231, 0, 0, 22, 4, 32]
1542962124229;[171, 0, 17, 255, 161, 74, 239, 9, 163, 1, 0, 78, 1, 1, 39, 0, 0, 102, 4, 121]
1542962124235;[171, 0, 17, 255, 161, 74, 239, 9, 163, 1, 0, 28, 1, 0, 243, 0, 0, 57, 4, 161]
1542962124396;[171, 0, 17, 255, 161, 74, 239, 9, 163, 1, 0, 20, 1, 0, 243, 0, 0, 61, 4, 102]
1542962124569;[171, 0, 17, 255, 161, 74, 239, 9, 163, 1, 0, 18, 1, 0, 241, 0, 0, 52, 4, 5]
1542962124573;[171, 0, 17, 255, 161, 74, 239, 9, 163, 0, 0, 82, 1, 0, 237, 0, 0, 47, 3, 146]
1542962124917;[171, 0, 17, 255, 161, 74, 239, 9, 164, 0, 0, 73, 1, 0, 225, 0, 0, 70, 3, 43]
1542962124922;[171, 0, 17, 255, 161, 74, 239, 9, 164, 0, 0, 26, 1, 0, 238, 0, 0, 55, 3, 86]
1542962124925;[171, 0, 4, 255, 132, 128, 107]
1542962124951;[171, 0, 17, 255, 161, 74, 239, 9, 164, 0, 0, 27, 1, 0, 247, 0, 0, 59, 3, 76]
1542962125087;[171, 0, 17, 255, 161, 74, 239, 9, 164, 1, 0, 12, 1, 1, 15, 1, 0, 1, 3, 13]
1542962125258;[171, 0, 17, 255, 161, 74, 239, 9, 164, 1, 0, 8, 1, 0, 206, 0, 0, 34, 3, 46]
1542962125262;[171, 0, 17, 255, 161, 74, 239, 9, 164, 1, 0, 15, 1, 0, 247, 1, 0, 42, 3, 1]
1542962125431;[171, 0, 17, 255, 161, 74, 239, 9, 164, 1, 0, 103, 1, 0, 232, 0, 0, 89, 3, 66]
1542962125435;[171, 0, 17, 255, 161, 74, 239, 9, 164, 0, 0, 37, 1, 0, 250, 1, 0, 34, 3, 117]
1542962125603;[171, 0, 17, 255, 161, 74, 239, 9, 164, 1, 0, 11, 1, 0, 243, 0, 0, 31, 3, 91]
1542962125776;[171, 0, 17, 255, 161, 74, 239, 9, 164, 0, 0, 15, 1, 0, 247, 0, 0, 50, 2, 229]
1542962125780;[171, 0, 17, 255, 161, 74, 239, 9, 165, 0, 0, 52, 1, 0, 231, 0, 0, 57, 1, 148]
1542962126122;[171, 0, 17, 255, 161, 74, 239, 9, 165, 0, 0, 50, 1, 0, 239, 0, 0, 46, 16, 157]
1542962126126;[171, 0, 4, 255, 132, 128, 106]
1542962126152;[171, 0, 17, 255, 161, 74, 239, 9, 165, 0, 0, 65, 1, 0, 237, 0, 0, 42, 7, 124]
1542962126154;[171, 0, 17, 255, 161, 74, 239, 9, 165, 0, 0, 83, 1, 0, 229, 0, 0, 28, 7, 185]
1542962126293;[171, 0, 17, 255, 161, 74, 239, 9, 165, 0, 0, 62, 1, 0, 231, 0, 0, 37, 8, 3]
1542962126466;[171, 0, 17, 255, 161, 74, 239, 9, 165, 0, 0, 67, 1, 0, 232, 0, 0, 40, 8, 75]
1542962126470;[171, 0, 17, 255, 161, 74, 239, 9, 165, 0, 0, 64, 1, 0, 234, 0, 0, 47, 8, 117]
1542962126639;[171, 0, 17, 255, 161, 74, 239, 9, 165, 0, 0, 68, 1, 0, 233, 0, 0, 51, 8, 131]
1542962126643;[171, 0, 17, 255, 161, 74, 239, 9, 165, 0, 0, 74, 1, 0, 228, 0, 0, 47, 8, 235]
1542962126811;[171, 0, 17, 255, 161, 74, 239, 9, 165, 0, 0, 96, 1, 0, 223, 0, 0, 49, 9, 112]
1542962126816;[171, 0, 17, 255, 161, 74, 239, 9, 166, 0, 0, 82, 1, 0, 228, 0, 0, 48, 9, 137]
1542962126984;[171, 0, 17, 255, 161, 74, 239, 9, 166, 0, 0, 87, 1, 0, 228, 0, 0, 47, 9, 169]
1542962127155;[171, 0, 4, 255, 132, 128, 105]
1542962127182;[171, 0, 17, 255, 161, 74, 239, 9, 166, 0, 0, 65, 1, 0, 238, 0, 0, 32, 9, 235]
1542962127502;[171, 0, 17, 255, 161, 74, 239, 9, 166, 0, 0, 11, 1, 1, 44, 0, 0, 69, 10, 96]
1542962127506;[171, 0, 17, 255, 161, 74, 239, 9, 166, 0, 0, 36, 1, 0, 246, 1, 0, 37, 10, 209]
1542962127510;[171, 0, 17, 255, 161, 74, 239, 9, 166, 1, 0, 42, 1, 0, 212, 1, 0, 28, 11, 52]
1542962127674;[171, 0, 17, 255, 161, 74, 239, 9, 166, 1, 0, 73, 1, 0, 250, 0, 0, 84, 11, 100]
1542962127678;[171, 0, 17, 255, 161, 74, 239, 9, 166, 0, 0, 98, 1, 0, 243, 1, 0, 93, 11, 149]
1542962127847;[171, 0, 17, 255, 161, 74, 239, 9, 166, 0, 0, 24, 1, 0, 245, 0, 0, 2, 11, 179]
1542962127851;[171, 0, 17, 255, 161, 74, 239, 9, 166, 0, 0, 30, 1, 0, 243, 0, 0, 47, 11, 113]
1542962128019;[171, 0, 17, 255, 161, 74, 239, 9, 167, 0, 0, 6, 1, 0, 242, 0, 0, 56, 11, 210]
1542962128022;[171, 0, 17, 255, 161, 74, 239, 9, 167, 1, 0, 1, 1, 0, 240, 0, 0, 57, 12, 51]
1542962128190;[171, 0, 4, 255, 132, 128, 104]
1542962128364;[171, 0, 17, 255, 161, 74, 239, 9, 167, 1, 0, 15, 1, 0, 251, 0, 0, 74, 12, 83]
1542962128368;[171, 0, 17, 255, 161, 74, 239, 9, 167, 1, 0, 33, 1, 1, 2, 0, 0, 51, 12, 127]
1542962128711;[171, 0, 17, 255, 161, 74, 239, 9, 167, 0, 0, 42, 1, 1, 45, 0, 0, 89, 12, 197]
1542962128715;[171, 0, 17, 255, 161, 74, 239, 9, 167, 1, 1, 25, 1, 0, 192, 0, 0, 149, 13, 86]
1542962128719;[171, 0, 17, 255, 161, 74, 239, 9, 167, 0, 0, 26, 1, 0, 137, 1, 0, 69, 13, 241]
1542962128723;[171, 0, 17, 255, 161, 74, 239, 9, 167, 1, 0, 53, 1, 1, 126, 1, 0, 17, 14, 75]
1542962128881;[171, 0, 17, 255, 161, 74, 239, 9, 167, 1, 0, 212, 1, 0, 239, 0, 0, 101, 14, 147]
1542962129074;[171, 0, 17, 255, 161, 74, 239, 9, 167, 1, 0, 80, 1, 0, 194, 1, 0, 145, 14, 245]
1542962129076;[171, 0, 17, 255, 161, 74, 239, 9, 168, 0, 0, 17, 1, 0, 249, 0, 0, 73, 14, 228]
1542962129245;[171, 0, 17, 255, 161, 74, 239, 9, 168, 0, 0, 41, 1, 0, 245, 0, 0, 55, 14, 231]
1542962129247;[171, 0, 4, 255, 132, 128, 104]
1542962129400;[171, 0, 17, 255, 161, 74, 239, 9, 168, 0, 0, 4, 1, 0, 248, 0, 0, 67, 31, 102]
1542962129572;[171, 0, 17, 255, 161, 74, 239, 9, 168, 0, 0, 9, 1, 1, 24, 0, 0, 36, 7, 183]
1542962129576;[171, 0, 17, 255, 161, 74, 239, 9, 168, 0, 0, 52, 1, 1, 49, 0, 0, 52, 7, 207]
1542962129744;[171, 0, 17, 255, 161, 74, 239, 9, 168, 1, 0, 141, 1, 0, 116, 0, 0, 101, 8, 47]
1542962129748;[171, 0, 17, 255, 161, 74, 239, 9, 168, 0, 0, 13, 1, 0, 106, 1, 0, 12, 8, 1]
1542962130090;[171, 0, 17, 255, 161, 74, 239, 9, 168, 1, 0, 56, 1, 1, 131, 0, 0, 1, 8, 90]
1542962130094;[171, 0, 17, 255, 161, 74, 239, 9, 168, 1, 0, 118, 1, 1, 155, 0, 0, 44, 8, 104]
1542962130097;[171, 0, 17, 255, 161, 74, 239, 9, 168, 1, 0, 11, 1, 1, 23, 0, 0, 214, 9, 56]
1542962130265;[171, 0, 17, 255, 161, 74, 239, 9, 169, 1, 0, 13, 1, 0, 250, 0, 0, 102, 9, 19]
1542962130267;[171, 0, 17, 255, 161, 74, 239, 9, 169, 0, 0, 40, 1, 1, 17, 0, 0, 63, 8, 123]
1542962130433;[171, 0, 4, 255, 132, 128, 104]
1542962130460;[171, 0, 17, 255, 161, 74, 239, 9, 169, 1, 0, 48, 1, 1, 0, 0, 0, 62, 8, 87]
1542962130606;[171, 0, 17, 255, 161, 74, 239, 9, 169, 1, 0, 17, 1, 1, 14, 0, 0, 48, 8, 63]
1542962130779;[171, 0, 17, 255, 161, 74, 239, 9, 169, 0, 0, 21, 1, 1, 61, 0, 0, 48, 8, 187]
1542962130783;[171, 0, 17, 255, 161, 74, 239, 9, 169, 1, 0, 242, 1, 0, 125, 0, 0, 111, 9, 28]
1542962130952;[171, 0, 17, 255, 161, 74, 239, 9, 169, 0, 0, 20, 1, 0, 137, 1, 0, 7, 8, 237]
1542962130956;[171, 0, 17, 255, 161, 74, 239, 9, 169, 1, 0, 59, 1, 1, 109, 0, 0, 40, 8, 189]
1542962131297;[171, 0, 17, 255, 161, 74, 239, 9, 169, 1, 1, 1, 1, 1, 13, 0, 0, 48, 8, 81]
1542962131301;[171, 0, 17, 255, 161, 74, 239, 9, 169, 1, 0, 60, 1, 0, 221, 0, 0, 87, 9, 63]
1542962131305;[171, 0, 17, 255, 161, 74, 239, 9, 170, 1, 0, 20, 1, 1, 2, 0, 0, 82, 8, 110]
1542962131469;[171, 0, 17, 255, 161, 74, 239, 9, 170, 1, 0, 26, 1, 0, 235, 0, 0, 80, 7, 6]
1542962131472;[171, 0, 4, 255, 132, 128, 103]
1542962131641;[171, 0, 17, 255, 161, 74, 239, 9, 170, 1, 0, 39, 1, 0, 238, 0, 0, 56, 6, 64]
1542962131645;[171, 0, 17, 255, 161, 74, 239, 9, 170, 0, 0, 32, 1, 1, 54, 0, 0, 34, 5, 139]
1542962131813;[171, 0, 17, 255, 161, 74, 239, 9, 170, 1, 0, 53, 1, 1, 64, 0, 0, 73, 6, 32]
1542962131818;[171, 0, 17, 255, 161, 74, 239, 9, 170, 0, 0, 73, 1, 0, 47, 0, 0, 31, 6, 184]
1542962131986;[171, 0, 17, 255, 161, 74, 239, 9, 170, 1, 0, 22, 1, 0, 231, 1, 0, 46, 6, 186]
1542962132159;[171, 0, 17, 255, 161, 74, 239, 9, 170, 1, 1, 11, 1, 1, 157, 0, 0, 72, 6, 214]
1542962132163;[171, 0, 17, 255, 161, 74, 239, 9, 170, 1, 1, 87, 1, 0, 201, 1, 1, 14, 6, 189]
1542962132678;[171, 0, 17, 255, 161, 74, 239, 9, 170, 0, 0, 60, 1, 0, 255, 0, 0, 61, 6, 189]
1542962132682;[171, 0, 17, 255, 161, 74, 239, 9, 171, 0, 0, 61, 1, 0, 238, 0, 0, 66, 6, 182]
1542962132685;[171, 0, 17, 255, 161, 74, 239, 9, 171, 0, 0, 26, 1, 0, 232, 0, 0, 65, 6, 219]
1542962132689;[171, 0, 4, 255, 132, 128, 103]
1542962132851;[171, 0, 17, 255, 161, 74, 239, 9, 171, 0, 0, 2, 1, 0, 251, 0, 0, 75, 6, 220]
1542962132855;[171, 0, 17, 255, 161, 74, 239, 9, 171, 1, 0, 22, 1, 1, 23, 0, 0, 54, 6, 212]
1542962132859;[171, 0, 17, 255, 161, 74, 239, 9, 171, 0, 0, 51, 1, 1, 12, 0, 0, 55, 6, 200]
1542962133021;[171, 0, 17, 255, 161, 74, 239, 9, 171, 1, 0, 98, 1, 1, 94, 0, 0, 63, 6, 170]
1542962133025;[171, 0, 17, 255, 161, 74, 239, 9, 171, 0, 0, 75, 1, 0, 113, 0, 0, 78, 6, 222]
1542962133194;[171, 0, 17, 255, 161, 74, 239, 9, 171, 0, 0, 6, 1, 0, 188, 0, 0, 13, 6, 160]
1542962133367;[171, 0, 17, 255, 161, 74, 239, 9, 171, 1, 0, 207, 1, 2, 17, 0, 0, 23, 6, 64]
1542962133371;[171, 0, 17, 255, 161, 74, 239, 9, 171, 1, 1, 103, 1, 2, 207, 1, 1, 0, 5, 254]
1542962133539;[171, 0, 17, 255, 161, 74, 239, 9, 172, 0, 0, 18, 1, 1, 12, 0, 0, 17, 6, 58]
1542962133542;[171, 0, 17, 255, 161, 74, 239, 9, 172, 1, 0, 17, 1, 0, 242, 0, 0, 79, 6, 58]
1542962133886;[171, 0, 4, 255, 132, 128, 103]
1542962133913;[171, 0, 17, 255, 161, 74, 239, 9, 172, 1, 0, 1, 1, 0, 234, 0, 0, 75, 6, 92]
1542962133915;[171, 0, 17, 255, 161, 74, 239, 9, 172, 1, 0, 48, 1, 0, 250, 0, 0, 70, 6, 112]
1542962134057;[171, 0, 17, 255, 161, 74, 239, 9, 172, 1, 0, 33, 1, 0, 250, 0, 0, 86, 6, 91]
1542962134061;[171, 0, 17, 255, 161, 74, 239, 9, 172, 1, 0, 22, 1, 1, 8, 0, 0, 49, 6, 16]
1542962134231;[171, 0, 17, 255, 161, 74, 239, 9, 172, 0, 0, 25, 1, 1, 30, 0, 0, 32, 5, 213]
1542962134234;[171, 0, 17, 255, 161, 74, 239, 9, 172, 1, 0, 119, 1, 0, 174, 0, 0, 96, 5, 176]
1542962134401;[171, 0, 17, 255, 161, 74, 239, 9, 172, 0, 0, 26, 1, 0, 111, 0, 0, 72, 5, 137]
1542962134574;[171, 0, 17, 255, 161, 74, 239, 9, 172, 0, 0, 9, 1, 1, 16, 0, 0, 21, 5, 19]
1542962134578;[171, 0, 17, 255, 161, 74, 239, 9, 173, 1, 0, 202, 1, 1, 144, 0, 0, 50, 4, 208]
1542962134746;[171, 0, 17, 255, 161, 74, 239, 9, 173, 0, 0, 149, 1, 1, 5, 1, 0, 147, 4, 49]
1542962134749;[171, 0, 4, 255, 132, 128, 104]
1542962135089;[171, 0, 17, 255, 161, 74, 239, 9, 173, 0, 0, 41, 1, 0, 228, 0, 0, 116, 4, 26]
1542962135094;[171, 0, 17, 255, 161, 74, 239, 9, 173, 0, 0, 28, 1, 0, 246, 0, 0, 90, 3, 231]
1542962135096;[171, 0, 17, 255, 161, 74, 239, 9, 173, 0, 0, 17, 1, 0, 241, 0, 0, 50, 3, 136]
1542962135272;[171, 0, 17, 255, 161, 74, 239, 9, 173, 0, 0, 0, 1, 0, 250, 0, 0, 50, 3, 109]
1542962135273;[171, 0, 17, 255, 161, 74, 239, 9, 173, 0, 0, 19, 1, 1, 4, 0, 0, 49, 2, 236]
1542962135437;[171, 0, 17, 255, 161, 74, 239, 9, 173, 0, 0, 27, 1, 1, 53, 0, 0, 22, 2, 95]
1542962135440;[171, 0, 17, 255, 161, 74, 239, 9, 173, 0, 0, 52, 1, 1, 182, 0, 0, 40, 2, 122]
1542962135608;[171, 0, 17, 255, 161, 74, 239, 9, 173, 1, 1, 39, 1, 0, 29, 0, 0, 39, 2, 79]
1542962135612;[171, 0, 17, 255, 161, 74, 239, 9, 174, 1, 0, 10, 1, 0, 119, 0, 0, 48, 2, 46]
1542962135780;[171, 0, 17, 255, 161, 74, 239, 9, 174, 0, 0, 64, 1, 2, 101, 0, 0, 63, 1, 198]
1542962135953;[171, 0, 4, 255, 132, 128, 104]
1542962135980;[171, 0, 17, 255, 161, 74, 239, 9, 174, 0, 0, 1, 1, 0, 145, 0, 0, 71, 2, 76]
1542962136126;[171, 0, 17, 255, 161, 74, 239, 9, 174, 0, 0, 138, 1, 0, 212, 1, 0, 48, 1, 189]
1542962136130;[171, 0, 17, 255, 161, 74, 239, 9, 174, 0, 0, 149, 1, 0, 214, 0, 0, 12, 1, 189]
1542962136473;[171, 0, 17, 255, 161, 74, 239, 9, 174, 0, 0, 65, 1, 0, 233, 0, 0, 18, 1, 155]
1542962136477;[171, 0, 17, 255, 161, 74, 239, 9, 174, 0, 0, 45, 1, 0, 235, 1, 0, 8, 1, 103]
1542962136481;[171, 0, 17, 255, 161, 74, 239, 9, 174, 0, 0, 54, 1, 0, 245, 0, 0, 17, 16, 193]
1542962136643;[171, 0, 17, 255, 161, 74, 239, 9, 174, 1, 0, 6, 1, 1, 20, 0, 0, 29, 7, 114]
1542962136647;[171, 0, 17, 255, 161, 74, 239, 9, 174, 0, 0, 11, 1, 1, 7, 1, 0, 25, 6, 204]
1542962136817;[171, 0, 17, 255, 161, 74, 239, 9, 175, 0, 0, 10, 1, 1, 29, 0, 0, 33, 6, 232]
1542962136822;[171, 0, 17, 255, 161, 74, 239, 9, 175, 1, 0, 12, 1, 0, 127, 1, 0, 78, 6, 174]
1542962136988;[171, 0, 4, 255, 132, 128, 104]
1542962137161;[171, 0, 17, 255, 161, 74, 239, 9, 175, 1, 0, 30, 1, 0, 154, 0, 0, 85, 7, 18]
1542962137165;[171, 0, 17, 255, 161, 74, 239, 9, 175, 1, 0, 41, 1, 1, 171, 1, 0, 3, 6, 153]
1542962137334;[171, 0, 17, 255, 161, 74, 239, 9, 175, 0, 2, 219, 1, 1, 194, 0, 0, 74, 6, 250]
1542962137338;[171, 0, 17, 255, 161, 74, 239, 9, 175, 0, 0, 49, 1, 1, 33, 0, 0, 49, 7, 77]
1542962137680;[171, 0, 17, 255, 161, 74, 239, 9, 175, 1, 0, 8, 1, 1, 4, 0, 0, 33, 6, 181]
1542962137684;[171, 0, 17, 255, 161, 74, 239, 9, 175, 1, 0, 31, 1, 0, 228, 0, 0, 28, 5, 251]
1542962137687;[171, 0, 17, 255, 161, 74, 239, 9, 175, 1, 0, 18, 1, 1, 7, 0, 0, 6, 5, 154]
1542962137851;[171, 0, 17, 255, 161, 74, 239, 9, 175, 0, 0, 55, 1, 1, 117, 0, 0, 7, 5, 154]
1542962137858;[171, 0, 17, 255, 161, 74, 239, 9, 176, 1, 0, 135, 1, 0, 88, 0, 0, 68, 5, 230]
1542962138024;[171, 0, 17, 255, 161, 74, 239, 9, 178, 1, 0, 35, 1, 0, 243, 1, 0, 23, 6, 92]
1542962138196;[171, 0, 17, 255, 161, 74, 239, 9, 178, 1, 0, 44, 1, 0, 248, 1, 0, 21, 6, 177]
1542962138368;[171, 0, 17, 255, 161, 74, 239, 9, 178, 1, 0, 38, 1, 1, 14, 0, 0, 4, 6, 99]
1542962138541;[171, 0, 17, 255, 161, 74, 239, 9, 178, 1, 0, 232, 1, 1, 55, 1, 0, 21, 6, 33]
1542962138545;[171, 0, 17, 255, 161, 74, 239, 9, 178, 1, 0, 165, 1, 0, 199, 0, 0, 117, 6, 26]
1542962139061;[171, 0, 17, 255, 161, 74, 239, 9, 178, 0, 0, 159, 0, 0, 71, 0, 0, 61, 6, 127]
1542962139065;[171, 0, 17, 255, 161, 74, 239, 9, 178, 0, 0, 65, 1, 1, 14, 0, 0, 102, 7, 210]
1542962139070;[171, 0, 17, 255, 161, 74, 239, 9, 178, 1, 0, 92, 1, 2, 108, 0, 0, 170, 9, 150]
1542962139073;[171, 0, 17, 255, 161, 74, 239, 9, 179, 1, 0, 135, 1, 0, 191, 0, 0, 6, 9, 150]
1542962139233;[171, 0, 17, 255, 161, 74, 239, 9, 179, 1, 0, 13, 1, 0, 241, 0, 0, 44, 9, 9]
1542962139236;[171, 0, 4, 255, 132, 128, 104]
1542962139264;[171, 0, 17, 255, 161, 74, 239, 9, 179, 1, 0, 16, 1, 0, 250, 0, 0, 60, 8, 146]
1542962139403;[171, 0, 17, 255, 161, 74, 239, 9, 179, 1, 0, 9, 1, 0, 246, 0, 0, 45, 8, 57]
1542962139577;[171, 0, 17, 255, 161, 74, 239, 9, 179, 1, 0, 35, 1, 0, 253, 0, 0, 27, 8, 102]
1542962139580;[171, 0, 17, 255, 161, 74, 239, 9, 179, 0, 0, 16, 1, 1, 90, 1, 0, 17, 8, 131]
1542962139749;[171, 0, 17, 255, 161, 74, 239, 9, 179, 1, 0, 3, 1, 1, 2, 1, 0, 33, 8, 226]
1542962139753;[171, 0, 17, 255, 161, 74, 239, 9, 179, 1, 0, 168, 1, 0, 225, 0, 0, 91, 9, 147]
1542962139921;[171, 0, 17, 255, 161, 74, 239, 9, 179, 1, 0, 53, 1, 0, 213, 0, 0, 75, 9, 189]
1542962139925;[171, 0, 17, 255, 161, 74, 239, 9, 179, 1, 0, 40, 1, 0, 190, 0, 0, 110, 10, 184]
1542962140280;[171, 0, 17, 255, 161, 74, 239, 9, 180, 1, 0, 45, 1, 1, 23, 0, 0, 164, 11, 83]
1542962140440;[171, 0, 17, 255, 161, 74, 239, 9, 180, 1, 0, 198, 1, 1, 199, 0, 0, 125, 12, 71]
1542962140443;[171, 0, 4, 255, 132, 128, 104]
1542962140470;[171, 0, 17, 255, 161, 74, 239, 9, 180, 0, 0, 29, 1, 1, 67, 0, 0, 107, 12, 116]
1542962140471;[171, 0, 17, 255, 161, 74, 239, 9, 180, 1, 0, 29, 1, 0, 66, 1, 0, 34, 12, 219]
1542962140611;[171, 0, 17, 255, 161, 74, 239, 9, 180, 0, 0, 38, 1, 0, 228, 0, 0, 21, 13, 176]
1542962140615;[171, 0, 17, 255, 161, 74, 239, 9, 180, 0, 0, 67, 1, 0, 243, 0, 0, 53, 14, 86]
1542962140785;[171, 0, 17, 255, 161, 74, 239, 9, 180, 0, 0, 48, 1, 0, 240, 0, 0, 63, 14, 180]
1542962140956;[171, 0, 17, 255, 161, 74, 239, 9, 180, 1, 0, 20, 1, 1, 10, 0, 0, 46, 15, 57]
1542962140960;[171, 0, 17, 255, 161, 74, 239, 9, 180, 1, 0, 24, 1, 1, 25, 0, 0, 51, 31, 142]
1542962141129;[171, 0, 17, 255, 161, 74, 239, 9, 180, 0, 0, 12, 1, 1, 64, 0, 0, 44, 7, 252]
1542962141133;[171, 0, 17, 255, 161, 74, 239, 9, 181, 1, 0, 249, 1, 0, 98, 0, 0, 89, 9, 115]
1542962141475;[171, 0, 17, 255, 161, 74, 239, 9, 181, 0, 0, 8, 1, 0, 155, 1, 0, 54, 9, 148]
1542962141478;[171, 0, 4, 255, 132, 128, 104]
1542962141505;[171, 0, 17, 255, 161, 74, 239, 9, 181, 1, 0, 124, 1, 1, 65, 0, 0, 49, 9, 141]
1542962141646;[171, 0, 17, 255, 161, 74, 239, 9, 181, 0, 0, 170, 1, 1, 55, 1, 0, 16, 9, 49]
1542962141649;[171, 0, 17, 255, 161, 74, 239, 9, 181, 0, 0, 23, 1, 1, 11, 0, 0, 102, 9, 225]
1542962141818;[171, 0, 17, 255, 161, 74, 239, 9, 181, 1, 0, 7, 1, 0, 255, 0, 0, 63, 10, 129]
1542962141822;[171, 0, 17, 255, 161, 74, 239, 9, 181, 1, 0, 5, 1, 0, 244, 0, 0, 50, 10, 96]
1542962141991;[171, 0, 17, 255, 161, 74, 239, 9, 181, 1, 0, 16, 1, 0, 252, 0, 0, 36, 9, 243]
1542962142165;[171, 0, 17, 255, 161, 74, 239, 9, 181, 0, 0, 18, 1, 1, 89, 0, 0, 47, 9, 229]
1542962142168;[171, 0, 17, 255, 161, 74, 239, 9, 181, 1, 0, 100, 1, 1, 17, 0, 0, 62, 9, 106]
1542962142337;[171, 0, 17, 255, 161, 74, 239, 9, 182, 0, 0, 62, 1, 0, 88, 0, 0, 60, 9, 186]
1542962142341;[171, 0, 17, 255, 161, 74, 239, 9, 182, 0, 0, 0, 1, 0, 210, 1, 0, 42, 9, 149]
1542962142509;[171, 0, 4, 255, 132, 128, 105]
1542962142536;[171, 0, 17, 255, 161, 74, 239, 9, 182, 1, 0, 132, 1, 1, 218, 0, 0, 47, 9, 112]
1542962142855;[171, 0, 17, 255, 161, 74, 239, 9, 182, 0, 0, 107, 1, 0, 242, 0, 0, 11, 9, 146]
1542962142858;[171, 0, 17, 255, 161, 74, 239, 9, 182, 1, 0, 20, 1, 1, 8, 0, 0, 122, 9, 221]
1542962142864;[171, 0, 17, 255, 161, 74, 239, 9, 182, 1, 0, 3, 1, 0, 250, 0, 0, 70, 9, 176]
1542962143027;[171, 0, 17, 255, 161, 74, 239, 9, 182, 0, 0, 16, 1, 0, 242, 0, 0, 38, 9, 162]
1542962143031;[171, 0, 17, 255, 161, 74, 239, 9, 182, 1, 0, 5, 1, 0, 252, 0, 0, 42, 9, 55]
1542962143198;[171, 0, 17, 255, 161, 74, 239, 9, 182, 0, 0, 6, 1, 1, 5, 0, 0, 63, 8, 120]
1542962143372;[171, 0, 17, 255, 161, 74, 239, 9, 182, 1, 0, 15, 1, 1, 38, 0, 0, 47, 8, 53]
1542962143375;[171, 0, 17, 255, 161, 74, 239, 9, 183, 1, 0, 99, 1, 0, 226, 0, 0, 83, 8, 23]
1542962143544;[171, 0, 17, 255, 161, 74, 239, 9, 183, 0, 0, 36, 1, 0, 83, 0, 0, 32, 8, 145]
1542962143547;[171, 0, 4, 255, 132, 128, 105]
1542962143716;[171, 0, 17, 255, 161, 74, 239, 9, 183, 0, 0, 19, 1, 1, 65, 1, 0, 54, 8, 25]
1542962143721;[171, 0, 17, 255, 161, 74, 239, 9, 183, 1, 0, 164, 1, 0, 236, 0, 0, 50, 8, 13]
1542962144062;[171, 0, 17, 255, 161, 74, 239, 9, 183, 0, 0, 64, 1, 1, 28, 1, 0, 3, 7, 184]
1542962144066;[171, 0, 17, 255, 161, 74, 239, 9, 183, 1, 0, 9, 1, 1, 12, 0, 0, 51, 7, 109]
1542962144070;[171, 0, 17, 255, 161, 74, 239, 9, 183, 1, 0, 17, 1, 0, 245, 0, 0, 25, 7, 62]
1542962144235;[171, 0, 17, 255, 161, 74, 239, 9, 183, 1, 0, 8, 1, 0, 234, 0, 0, 38, 7, 32]
1542962144239;[171, 0, 17, 255, 161, 74, 239, 9, 183, 0, 0, 24, 1, 0, 252, 0, 0, 43, 6, 130]
1542962144406;[171, 0, 17, 255, 161, 74, 239, 9, 183, 0, 0, 24, 1, 0, 241, 0, 0, 21, 5, 240]
1542962144580;[171, 0, 17, 255, 161, 74, 239, 9, 184, 0, 0, 10, 1, 0, 241, 0, 0, 40, 5, 138]
1542962144584;[171, 0, 17, 255, 161, 74, 239, 9, 184, 0, 0, 16, 1, 0, 246, 0, 0, 56, 5, 44]
1542962144752;[171, 0, 4, 255, 132, 128, 105]
1542962144779;[171, 0, 17, 255, 161, 74, 239, 9, 184, 1, 0, 18, 1, 0, 248, 0, 0, 62, 5, 42]
1542962144925;[171, 0, 17, 255, 161, 74, 239, 9, 184, 1, 0, 22, 1, 0, 250, 0, 0, 53, 5, 66]
1542962144928;[171, 0, 17, 255, 161, 74, 239, 9, 184, 0, 0, 45, 1, 1, 22, 0, 0, 83, 5, 75]
1542962145139;[171, 0, 17, 255, 161, 74, 239, 9, 184, 1, 0, 130, 1, 0, 183, 0, 0, 84, 5, 15]
1542962145443;[171, 0, 17, 255, 161, 74, 239, 9, 184, 0, 0, 86, 1, 0, 107, 1, 0, 26, 4, 172]
1542962145447;[171, 0, 17, 255, 161, 74, 239, 9, 184, 0, 0, 10, 1, 1, 42, 1, 0, 59, 4, 80]
1542962145451;[171, 0, 17, 255, 161, 74, 239, 9, 184, 1, 0, 133, 1, 1, 13, 1, 0, 18, 4, 38]
1542962145455;[171, 0, 17, 255, 161, 74, 239, 9, 184, 0, 0, 113, 1, 1, 7, 0, 0, 8, 3, 183]
1542962145615;[171, 0, 17, 255, 161, 74, 239, 9, 185, 1, 0, 33, 1, 0, 203, 0, 0, 1, 3, 114]
1542962145618;[171, 0, 17, 255, 161, 74, 239, 9, 185, 1, 0, 11, 1, 0, 237, 0, 0, 37, 3, 115]
1542962145786;[171, 0, 4, 255, 132, 128, 105]
1542962145960;[171, 0, 17, 255, 161, 74, 239, 9, 185, 1, 0, 9, 1, 0, 246, 0, 0, 50, 2, 223]
1542962145963;[171, 0, 17, 255, 161, 74, 239, 9, 185, 1, 0, 16, 1, 0, 239, 0, 0, 62, 2, 81]
1542962146133;[171, 0, 17, 255, 161, 74, 239, 9, 185, 1, 0, 22, 1, 0, 240, 0, 0, 61, 1, 189]
1542962146136;[171, 0, 17, 255, 161, 74, 239, 9, 185, 1, 0, 30, 1, 0, 255, 0, 0, 72, 0, 235]
1542962146303;[171, 0, 17, 255, 161, 74, 239, 9, 185, 1, 0, 26, 1, 0, 240, 0, 0, 79, 16, 0]
1542962146650;[171, 0, 17, 255, 161, 74, 239, 9, 185, 1, 0, 42, 1, 0, 233, 0, 0, 79, 6, 125]
1542962146654;[171, 0, 17, 255, 161, 74, 239, 9, 185, 1, 0, 65, 1, 0, 243, 0, 0, 84, 5, 211]
1542962146658;[171, 0, 17, 255, 161, 74, 239, 9, 185, 1, 0, 59, 1, 0, 231, 0, 0, 54, 5, 211]
1542962146662;[171, 0, 17, 255, 161, 74, 239, 9, 186, 1, 0, 117, 1, 1, 26, 0, 0, 68, 6, 52]
1542962146823;[171, 0, 17, 255, 161, 74, 239, 9, 186, 1, 0, 161, 1, 0, 161, 0, 0, 105, 6, 80]
1542962146826;[171, 0, 4, 255, 132, 128, 105]
1542962146995;[171, 0, 17, 255, 161, 74, 239, 9, 186, 1, 0, 9, 1, 0, 222, 1, 0, 120, 6, 15]
1542962147166;[171, 0, 17, 255, 161, 74, 239, 9, 186, 1, 0, 30, 1, 1, 192, 1, 0, 7, 6, 11]
1542962147170;[171, 0, 17, 255, 161, 74, 239, 9, 186, 1, 0, 51, 1, 0, 189, 0, 0, 96, 6, 89]
1542962147339;[171, 0, 17, 255, 161, 74, 239, 9, 186, 1, 0, 100, 1, 1, 93, 1, 0, 37, 6, 46]
1542962147343;[171, 0, 17, 255, 161, 74, 239, 9, 186, 0, 0, 55, 1, 1, 5, 0, 0, 87, 6, 31]
1542962147511;[171, 0, 17, 255, 161, 74, 239, 9, 186, 0, 0, 61, 1, 0, 229, 0, 0, 66, 6, 14]
1542962147515;[171, 0, 17, 255, 161, 74, 239, 9, 186, 0, 0, 46, 1, 0, 237, 0, 0, 60, 5, 208]
1542962148031;[171, 0, 17, 255, 161, 74, 239, 9, 186, 0, 0, 56, 1, 0, 236, 0, 0, 71, 5, 177]
1542962148035;[171, 0, 17, 255, 161, 74, 239, 9, 187, 0, 0, 54, 1, 0, 235, 0, 0, 69, 5, 168]
1542962148039;[171, 0, 17, 255, 161, 74, 239, 9, 187, 0, 0, 59, 1, 0, 230, 0, 0, 57, 5, 132]
1542962148043;[171, 0, 4, 255, 132, 128, 105]
1542962148201;[171, 0, 17, 255, 161, 74, 239, 9, 187, 0, 0, 43, 1, 0, 232, 0, 0, 66, 5, 82]
1542962148205;[171, 0, 17, 255, 161, 74, 239, 9, 187, 0, 0, 50, 1, 0, 232, 0, 0, 69, 5, 21]
1542962148373;[171, 0, 17, 255, 161, 74, 239, 9, 187, 0, 0, 53, 1, 0, 232, 0, 0, 69, 4, 225]
1542962148378;[171, 0, 17, 255, 161, 74, 239, 9, 187, 0, 0, 55, 1, 0, 232, 0, 0, 68, 4, 253]
1542962148545;[171, 0, 17, 255, 161, 74, 239, 9, 187, 0, 0, 53, 1, 0, 231, 0, 0, 65, 4, 233]
1542962148549;[171, 0, 17, 255, 161, 74, 239, 9, 187, 0, 0, 52, 1, 0, 231, 0, 0, 67, 4, 205]
1542962148720;[171, 0, 17, 255, 161, 74, 239, 9, 187, 0, 0, 52, 1, 0, 233, 0, 0, 67, 4, 172]
1542962148727;[171, 0, 17, 255, 161, 74, 239, 9, 187, 0, 0, 52, 1, 0, 234, 0, 0, 65, 4, 143]
1542962148890;[171, 0, 17, 255, 161, 74, 239, 9, 192, 0, 0, 53, 1, 0, 233, 0, 0, 66, 4, 128]
1542962149248;[171, 0, 17, 255, 161, 74, 239, 9, 192, 0, 0, 50, 1, 0, 234, 0, 0, 65, 4, 119]
1542962149250;[171, 0, 4, 255, 132, 128, 105]
1542962149254;[171, 0, 17, 255, 161, 74, 239, 9, 192, 0, 0, 52, 1, 0, 235, 0, 0, 60, 4, 89]
1542962149256;[171, 0, 17, 255, 161, 74, 239, 9, 192, 0, 0, 49, 1, 0, 236, 0, 0, 56, 4, 73]
1542962149409;[171, 0, 17, 255, 161, 74, 239, 9, 192, 0, 0, 49, 1, 0, 238, 0, 0, 51, 4, 62]
1542962149413;[171, 0, 17, 255, 161, 74, 239, 9, 192, 0, 0, 49, 1, 0, 238, 0, 0, 42, 4, 44]
1542962149580;[171, 0, 17, 255, 161, 74, 239, 9, 192, 0, 0, 48, 1, 0, 242, 0, 0, 31, 4, 129]
1542962149753;[171, 0, 17, 255, 161, 74, 239, 9, 192, 0, 0, 57, 1, 0, 240, 0, 0, 26, 4, 189]
1542962149757;[171, 0, 17, 255, 161, 74, 239, 9, 192, 0, 0, 45, 1, 0, 245, 0, 0, 10, 4, 209]
1542962149926;[171, 0, 17, 255, 161, 74, 239, 9, 192, 0, 0, 56, 1, 0, 240, 1, 0, 15, 4, 171]
1542962149930;[171, 0, 17, 255, 161, 74, 239, 9, 193, 0, 0, 54, 1, 0, 236, 1, 0, 18, 4, 147]
1542962150098;[171, 0, 17, 255, 161, 74, 239, 9, 193, 1, 0, 161, 1, 1, 54, 0, 0, 65, 5, 14]
1542962150446;[171, 0, 4, 255, 132, 128, 105]
1542962150473;[171, 0, 17, 255, 161, 74, 239, 9, 193, 0, 0, 38, 1, 0, 180, 0, 0, 0, 5, 40]
1542962150475;[171, 0, 17, 255, 161, 74, 239, 9, 193, 1, 0, 70, 1, 0, 247, 0, 0, 27, 5, 74]
1542962150476;[171, 0, 17, 255, 161, 74, 239, 9, 193, 1, 0, 67, 1, 1, 110, 1, 0, 18, 5, 35]
1542962150616;[171, 0, 17, 255, 161, 74, 239, 9, 193, 0, 0, 129, 1, 1, 61, 0, 0, 45, 5, 10]
1542962150620;[171, 0, 17, 255, 161, 74, 239, 9, 193, 0, 0, 24, 1, 0, 232, 0, 0, 67, 5, 247]
1542962150788;[171, 0, 17, 255, 161, 74, 239, 9, 193, 1, 0, 9, 1, 0, 219, 0, 0, 134, 7, 54]
1542962150965;[171, 0, 17, 255, 161, 74, 239, 9, 193, 1, 0, 124, 1, 1, 13, 0, 0, 123, 7, 255]
1542962150967;[171, 0, 17, 255, 161, 74, 239, 9, 193, 0, 0, 15, 1, 0, 137, 1, 0, 88, 8, 85]
1542962151134;[171, 0, 17, 255, 161, 74, 239, 9, 194, 0, 1, 17, 1, 2, 76, 0, 1, 153, 8, 228]
1542962151138;[171, 0, 17, 255, 161, 74, 239, 9, 194, 1, 0, 44, 1, 0, 158, 0, 0, 201, 8, 106]
1542962151305;[171, 0, 4, 255, 132, 128, 106]
1542962151480;[171, 0, 17, 255, 161, 74, 239, 9, 194, 0, 0, 161, 1, 0, 246, 0, 0, 48, 7, 215]
1542962151484;[171, 0, 17, 255, 161, 74, 239, 9, 194, 0, 0, 46, 1, 0, 243, 0, 0, 61, 7, 38]
1542962151825;[171, 0, 17, 255, 161, 74, 239, 9, 194, 0, 0, 45, 1, 0, 241, 0, 0, 50, 6, 175]
1542962151828;[171, 0, 17, 255, 161, 74, 239, 9, 194, 0, 0, 34, 1, 0, 243, 0, 0, 43, 6, 64]
1542962151833;[171, 0, 17, 255, 161, 74, 239, 9, 194, 0, 0, 43, 1, 0, 242, 0, 0, 38, 5, 201]
1542962151837;[171, 0, 17, 255, 161, 74, 239, 9, 194, 0, 0, 53, 1, 3, 153, 0, 0, 31, 5, 14]
1542962151996;[171, 0, 17, 255, 161, 74, 239, 9, 194, 0, 0, 22, 1, 1, 1, 0, 0, 2, 4, 109]
1542962152169;[171, 0, 17, 255, 161, 74, 239, 9, 194, 0, 0, 67, 1, 1, 36, 0, 0, 22, 3, 219]
1542962152172;[171, 0, 17, 255, 161, 74, 239, 9, 195, 0, 0, 116, 1, 0, 186, 1, 0, 27, 4, 163]
1542962152340;[171, 0, 17, 255, 161, 74, 239, 9, 195, 1, 0, 22, 1, 0, 190, 0, 0, 70, 5, 34]
1542962152515;[171, 0, 4, 255, 132, 128, 106]
1542962152542;[171, 0, 17, 255, 161, 74, 239, 9, 195, 0, 0, 55, 1, 1, 112, 0, 0, 216, 6, 45]
1542962152543;[171, 0, 17, 255, 161, 74, 239, 9, 195, 1, 0, 28, 1, 0, 59, 0, 1, 98, 7, 137]
1542962152686;[171, 0, 17, 255, 161, 74, 239, 9, 195, 1, 1, 178, 1, 1, 204, 1, 0, 7, 8, 83]
1542962153033;[171, 0, 17, 255, 161, 74, 239, 9, 195, 1, 0, 61, 1, 0, 208, 0, 0, 237, 8, 253]
1542962153038;[171, 0, 17, 255, 161, 74, 239, 9, 195, 0, 0, 22, 1, 0, 223, 0, 0, 96, 9, 94]
1542962153046;[171, 0, 17, 255, 161, 74, 239, 9, 195, 0, 0, 42, 1, 0, 216, 0, 0, 69, 9, 94]
1542962153049;[171, 0, 17, 255, 161, 74, 239, 9, 195, 0, 0, 10, 1, 0, 248, 0, 0, 68, 9, 94]
1542962153200;[171, 0, 17, 255, 161, 74, 239, 9, 195, 0, 0, 19, 1, 0, 235, 0, 0, 74, 9, 192]
1542962153376;[171, 0, 17, 255, 161, 74, 239, 9, 196, 0, 0, 61, 1, 0, 240, 0, 0, 77, 10, 20]
1542962153380;[171, 0, 17, 255, 161, 74, 239, 9, 196, 0, 0, 57, 1, 0, 234, 0, 0, 83, 10, 80]
1542962153550;[171, 0, 4, 255, 132, 128, 107]
1542962153577;[171, 0, 17, 255, 161, 74, 239, 9, 196, 0, 0, 53, 1, 0, 224, 0, 0, 77, 10, 237]
1542962153722;[171, 0, 17, 255, 161, 74, 239, 9, 196, 0, 0, 88, 1, 1, 10, 0, 0, 65, 12, 59]
1542962153726;[171, 0, 17, 255, 161, 74, 239, 9, 196, 0, 0, 48, 1, 0, 188, 0, 0, 30, 13, 61]
1542962153893;[171, 0, 17, 255, 161, 74, 239, 9, 196, 0, 0, 71, 1, 0, 194, 0, 0, 50, 13, 122]
1542962154067;[171, 0, 17, 255, 161, 74, 239, 9, 196, 0, 1, 81, 1, 0, 197, 0, 0, 134, 13, 129]
1542962154071;[171, 0, 17, 255, 161, 74, 239, 9, 196, 1, 0, 16, 1, 0, 217, 1, 0, 100, 13, 175]
1542962154413;[171, 0, 17, 255, 161, 74, 239, 9, 196, 0, 0, 13, 1, 0, 245, 0, 0, 55, 13, 227]
1542962154418;[171, 0, 17, 255, 161, 74, 239, 9, 196, 1, 0, 66, 1, 0, 214, 0, 0, 68, 14, 51]
1542962154422;[171, 0, 17, 255, 161, 74, 239, 9, 197, 1, 0, 19, 1, 0, 253, 0, 0, 74, 14, 101]
1542962154426;[171, 0, 17, 255, 161, 74, 239, 9, 197, 1, 0, 12, 1, 1, 34, 0, 0, 60, 14, 78]
1542962154583;[171, 0, 4, 255, 132, 128, 106]
1542962154757;[171, 0, 17, 255, 161, 74, 239, 9, 197, 0, 0, 107, 1, 1, 35, 0, 0, 24, 14, 141]
1542962154761;[171, 0, 17, 255, 161, 74, 239, 9, 197, 0, 0, 35, 1, 0, 164, 0, 0, 135, 14, 119]
1542962154930;[171, 0, 17, 255, 161, 74, 239, 9, 197, 0, 0, 42, 1, 0, 95, 0, 0, 35, 14, 249]
1542962154934;[171, 0, 17, 255, 161, 74, 239, 9, 197, 1, 0, 15, 1, 1, 70, 0, 0, 50, 14, 164]
1542962155101;[171, 0, 17, 255, 161, 74, 239, 9, 197, 1, 1, 9, 1, 1, 44, 0, 0, 98, 14, 166]
1542962155273;[171, 0, 17, 255, 161, 74, 239, 9, 197, 1, 0, 136, 1, 0, 206, 0, 0, 175, 14, 93]
1542962155280;[171, 0, 17, 255, 161, 74, 239, 9, 197, 1, 0, 7, 1, 0, 248, 0, 0, 9, 13, 239]
1542962155621;[171, 0, 17, 255, 161, 74, 239, 9, 197, 0, 0, 4, 1, 1, 2, 0, 0, 26, 12, 234]
1542962155624;[171, 0, 17, 255, 161, 74, 239, 9, 198, 1, 0, 23, 1, 0, 253, 0, 0, 49, 11, 161]
1542962155628;[171, 0, 17, 255, 161, 74, 239, 9, 198, 0, 0, 114, 1, 1, 101, 0, 0, 47, 10, 229]
1542962155632;[171, 0, 4, 255, 132, 128, 106]
1542962155791;[171, 0, 17, 255, 161, 74, 239, 9, 198, 1, 1, 30, 1, 0, 138, 0, 0, 106, 11, 28]
1542962156031;[171, 0, 17, 255, 161, 74, 239, 9, 198, 0, 0, 33, 1, 0, 129, 1, 0, 48, 10, 191]
1542962156033;[171, 0, 17, 255, 161, 74, 239, 9, 198, 1, 0, 143, 1, 1, 129, 0, 0, 44, 10, 126]
1542962156136;[171, 0, 17, 255, 161, 74, 239, 9, 198, 1, 0, 90, 1, 0, 27, 1, 2, 215, 11, 95]
1542962156139;[171, 0, 17, 255, 161, 74, 239, 9, 198, 1, 0, 19, 1, 1, 14, 0, 0, 11, 11, 97]
1542962156309;[171, 0, 17, 255, 161, 74, 239, 9, 198, 1, 0, 41, 1, 0, 222, 0, 0, 42, 10, 110]
1542962156313;[171, 0, 17, 255, 161, 74, 239, 9, 198, 0, 0, 5, 1, 1, 23, 0, 0, 17, 9, 179]
1542962156482;[171, 0, 17, 255, 161, 74, 239, 9, 198, 1, 0, 52, 1, 1, 148, 0, 0, 81, 9, 112]
1542962157001;[171, 0, 17, 255, 161, 74, 239, 9, 199, 0, 0, 44, 1, 0, 30, 0, 0, 112, 9, 88]
1542962157004;[171, 0, 17, 255, 161, 74, 239, 9, 199, 0, 0, 13, 1, 0, 190, 1, 0, 20, 8, 238]
1542962157008;[171, 0, 4, 255, 132, 128, 106]
1542962157036;[171, 0, 17, 255, 161, 74, 239, 9, 199, 1, 0, 235, 1, 1, 165, 0, 0, 97, 8, 189]
1542962157173;[171, 0, 17, 255, 161, 74, 239, 9, 199, 0, 0, 194, 1, 0, 198, 1, 0, 44, 8, 102]
1542962157177;[171, 0, 17, 255, 161, 74, 239, 9, 199, 0, 0, 44, 1, 0, 116, 1, 0, 14, 8, 94]
1542962157181;[171, 0, 17, 255, 161, 74, 239, 9, 199, 1, 0, 8, 1, 0, 247, 0, 0, 44, 8, 37]
1542962157345;[171, 0, 17, 255, 161, 74, 239, 9, 199, 1, 0, 4, 1, 0, 247, 0, 0, 36, 7, 122]
1542962157348;[171, 0, 17, 255, 161, 74, 239, 9, 199, 1, 0, 37, 1, 1, 2, 0, 0, 45, 7, 17]
1542962157516;[171, 0, 17, 255, 161, 74, 239, 9, 199, 0, 0, 42, 1, 1, 71, 0, 0, 34, 6, 163]
1542962157519;[171, 0, 17, 255, 161, 74, 239, 9, 199, 1, 0, 87, 1, 0, 218, 0, 0, 18, 6, 97]
1542962157689;[171, 0, 17, 255, 161, 74, 239, 9, 200, 0, 0, 26, 1, 0, 39, 0, 0, 11, 6, 72]
1542962157861;[171, 0, 17, 255, 161, 74, 239, 9, 200, 0, 0, 21, 1, 1, 58, 1, 0, 72, 5, 168]
1542962157864;[171, 0, 4, 255, 132, 128, 106]
1542962158207;[171, 0, 17, 255, 161, 74, 239, 9, 200, 1, 1, 11, 1, 1, 53, 0, 0, 238, 5, 211]
1542962158211;[171, 0, 17, 255, 161, 74, 239, 9, 200, 0, 0, 40, 1, 0, 154, 1, 0, 147, 5, 193]
1542962158215;[171, 0, 17, 255, 161, 74, 239, 9, 200, 0, 0, 33, 1, 1, 4, 1, 0, 22, 5, 75]
1542962158378;[171, 0, 17, 255, 161, 74, 239, 9, 200, 0, 0, 17, 1, 0, 247, 0, 0, 26, 4, 178]
1542962158382;[171, 0, 17, 255, 161, 74, 239, 9, 200, 0, 0, 23, 1, 0, 244, 0, 0, 24, 4, 0]
1542962158550;[171, 0, 17, 255, 161, 74, 239, 9, 200, 0, 0, 67, 1, 0, 248, 0, 0, 23, 4, 0]
1542962158554;[171, 0, 17, 255, 161, 74, 239, 9, 200, 0, 0, 57, 1, 0, 232, 0, 0, 37, 3, 206]
1542962158724;[171, 0, 17, 255, 161, 74, 239, 9, 200, 0, 0, 4, 1, 0, 233, 0, 0, 36, 3, 188]
1542962158728;[171, 0, 17, 255, 161, 74, 239, 9, 201, 0, 0, 10, 1, 0, 243, 0, 0, 38, 3, 155]
1542962158895;[171, 0, 17, 255, 161, 74, 239, 9, 201, 0, 0, 21, 1, 0, 238, 0, 0, 33, 3, 96]
1542962159069;[171, 0, 4, 255, 132, 128, 106]
1542962159096;[171, 0, 17, 255, 161, 74, 239, 9, 201, 0, 0, 32, 1, 0, 248, 0, 0, 60, 3, 102]
1542962159416;[171, 0, 17, 255, 161, 74, 239, 9, 201, 0, 0, 58, 1, 0, 253, 0, 0, 78, 3, 83]
1542962159419;[171, 0, 17, 255, 161, 74, 239, 9, 201, 1, 0, 4, 1, 0, 236, 0, 0, 36, 3, 15]
1542962159423;[171, 0, 17, 255, 161, 74, 239, 9, 201, 1, 0, 39, 1, 0, 224, 1, 0, 11, 2, 253]
1542962159427;[171, 0, 17, 255, 161, 74, 239, 9, 201, 0, 0, 8, 1, 1, 10, 0, 0, 52, 2, 191]
1542962159586;[171, 0, 17, 255, 161, 74, 239, 9, 201, 1, 0, 23, 1, 0, 211, 0, 0, 1, 2, 113]
1542962159759;[171, 0, 17, 255, 161, 74, 239, 9, 201, 1, 0, 74, 1, 0, 209, 0, 0, 50, 2, 53]
1542962159763;[171, 0, 17, 255, 161, 74, 239, 9, 201, 0, 0, 127, 1, 2, 50, 0, 0, 244, 2, 102]
1542962159931;[171, 0, 17, 255, 161, 74, 239, 9, 202, 0, 0, 31, 1, 0, 223, 1, 0, 3, 2, 95]
1542962160104;[171, 0, 17, 255, 161, 74, 239, 9, 204, 1, 0, 14, 1, 0, 194, 0, 0, 43, 7, 22]
1542962160277;[171, 0, 17, 255, 161, 74, 239, 9, 204, 1, 0, 7, 1, 1, 94, 0, 0, 83, 7, 122]
1542962160281;[171, 0, 17, 255, 161, 74, 239, 9, 204, 1, 0, 26, 1, 1, 9, 1, 0, 4, 7, 241]
1542962160448;[171, 0, 17, 255, 161, 74, 239, 9, 204, 0, 1, 25, 1, 0, 229, 1, 0, 15, 7, 218]
1542962160795;[171, 0, 17, 255, 161, 74, 239, 9, 204, 0, 0, 30, 1, 0, 185, 0, 0, 12, 8, 41]
1542962160799;[171, 0, 17, 255, 161, 74, 239, 9, 204, 0, 0, 19, 1, 0, 242, 0, 0, 34, 8, 93]
1542962160803;[171, 0, 17, 255, 161, 74, 239, 9, 204, 0, 0, 15, 1, 0, 237, 0, 0, 45, 8, 145]
1542962160967;[171, 0, 17, 255, 161, 74, 239, 9, 204, 0, 0, 7, 1, 0, 247, 0, 0, 40, 8, 153]
1542962160971;[171, 0, 17, 255, 161, 74, 239, 9, 205, 1, 0, 7, 1, 1, 4, 0, 0, 53, 8, 141]
1542962161140;[171, 0, 17, 255, 161, 74, 239, 9, 205, 1, 0, 10, 1, 1, 26, 0, 0, 22, 8, 44]
1542962161144;[171, 0, 4, 255, 132, 128, 106]
1542962161313;[171, 0, 17, 255, 161, 74, 239, 9, 205, 0, 0, 24, 1, 1, 84, 0, 0, 29, 8, 12]
1542962161315;[171, 0, 17, 255, 161, 74, 239, 9, 205, 1, 0, 100, 1, 0, 75, 0, 0, 75, 8, 192]
1542962161484;[171, 0, 17, 255, 161, 74, 239, 9, 205, 1, 0, 73, 1, 0, 161, 0, 0, 16, 9, 43]
1542962161656;[171, 0, 17, 255, 161, 74, 239, 9, 205, 1, 0, 53, 1, 1, 39, 1, 0, 10, 9, 100]
1542962161660;[171, 0, 17, 255, 161, 74, 239, 9, 205, 1, 0, 50, 1, 1, 81, 0, 0, 41, 9, 194]
1542962162002;[171, 0, 17, 255, 161, 74, 239, 9, 205, 1, 0, 5, 1, 0, 244, 0, 0, 5, 10, 60]
1542962162006;[171, 0, 17, 255, 161, 74, 239, 9, 205, 1, 0, 9, 1, 0, 223, 0, 0, 19, 11, 17]
1542962162009;[171, 0, 17, 255, 161, 74, 239, 9, 205, 0, 0, 103, 1, 1, 36, 1, 0, 38, 11, 223]
1542962162174;[171, 0, 17, 255, 161, 74, 239, 9, 206, 0, 0, 55, 1, 0, 237, 0, 0, 78, 12, 137]
1542962162177;[171, 0, 17, 255, 161, 74, 239, 9, 206, 0, 0, 62, 1, 0, 236, 1, 0, 3, 12, 195]
1542962162345;[171, 0, 4, 255, 132, 128, 106]
1542962162372;[171, 0, 17, 255, 161, 74, 239, 9, 206, 0, 0, 63, 1, 0, 239, 0, 0, 19, 13, 11]
1542962162520;[171, 0, 17, 255, 161, 74, 239, 9, 206, 0, 0, 64, 1, 0, 236, 0, 0, 27, 13, 53]
1542962162523;[171, 0, 17, 255, 161, 74, 239, 9, 206, 0, 0, 69, 1, 0, 232, 0, 0, 28, 14, 15]
1542962162691;[171, 0, 17, 255, 161, 74, 239, 9, 206, 0, 0, 68, 1, 0, 233, 0, 0, 28, 14, 144]
1542962162864;[171, 0, 17, 255, 161, 74, 239, 9, 206, 0, 0, 73, 1, 0, 233, 0, 0, 27, 14, 169]
1542962162868;[171, 0, 17, 255, 161, 74, 239, 9, 206, 0, 0, 57, 1, 0, 242, 0, 0, 27, 14, 134]
1542962163383;[171, 0, 17, 255, 161, 74, 239, 9, 206, 0, 0, 54, 1, 0, 242, 0, 0, 30, 14, 67]
1542962163387;[171, 0, 17, 255, 161, 74, 239, 9, 206, 0, 0, 54, 1, 0, 240, 0, 0, 28, 14, 5]
1542962163391;[171, 0, 17, 255, 161, 74, 239, 9, 207, 0, 0, 51, 1, 0, 238, 0, 0, 34, 13, 193]
1542962163395;[171, 0, 17, 255, 161, 74, 239, 9, 207, 0, 0, 40, 1, 0, 243, 0, 0, 24, 13, 122]
1542962163555;[171, 0, 4, 255, 132, 128, 106]
1542962163582;[171, 0, 17, 255, 161, 74, 239, 9, 207, 0, 0, 48, 1, 0, 250, 0, 0, 26, 13, 42]
1542962163584;[171, 0, 17, 255, 161, 74, 239, 9, 207, 0, 0, 42, 1, 0, 250, 0, 0, 13, 13, 46]
1542962163727;[171, 0, 17, 255, 161, 74, 239, 9, 207, 0, 0, 81, 1, 1, 27, 1, 0, 38, 13, 9]
1542962163731;[171, 0, 17, 255, 161, 74, 239, 9, 207, 1, 0, 10, 1, 0, 226, 1, 0, 29, 13, 37]
1542962163899;[171, 0, 17, 255, 161, 74, 239, 9, 207, 1, 0, 79, 1, 0, 192, 0, 0, 63, 13, 97]
1542962164070;[171, 0, 17, 255, 161, 74, 239, 9, 207, 1, 0, 38, 1, 0, 127, 1, 0, 15, 13, 185]
1542962164074;[171, 0, 17, 255, 161, 74, 239, 9, 207, 0, 0, 23, 1, 0, 201, 0, 0, 4, 13, 204]
1542962164244;[171, 0, 17, 255, 161, 74, 239, 9, 207, 0, 0, 37, 1, 1, 156, 0, 0, 30, 13, 192]
1542962164247;[171, 0, 17, 255, 161, 74, 239, 9, 208, 1, 0, 93, 1, 1, 84, 0, 0, 1, 14, 31]
1542962164589;[171, 0, 17, 255, 161, 74, 239, 9, 208, 1, 0, 30, 1, 0, 231, 1, 0, 9, 14, 166]
1542962164593;[171, 0, 4, 255, 132, 128, 107]
1542962164620;[171, 0, 17, 255, 161, 74, 239, 9, 208, 0, 0, 2, 1, 0, 252, 0, 0, 36, 14, 184]
1542962164761;[171, 0, 17, 255, 161, 74, 239, 9, 208, 1, 0, 17, 1, 0, 239, 0, 0, 2, 14, 173]
1542962164764;[171, 0, 17, 255, 161, 74, 239, 9, 208, 1, 0, 11, 1, 0, 254, 0, 0, 26, 14, 73]
1542962164935;[171, 0, 17, 255, 161, 74, 239, 9, 208, 1, 0, 16, 1, 1, 73, 0, 0, 8, 13, 188]
1542962164939;[171, 0, 17, 255, 161, 74, 239, 9, 208, 0, 0, 58, 1, 1, 109, 0, 0, 59, 13, 117]
1542962165107;[171, 0, 17, 255, 161, 74, 239, 9, 208, 1, 0, 116, 1, 0, 67, 0, 0, 39, 13, 159]
1542962165280;[171, 0, 17, 255, 161, 74, 239, 9, 208, 1, 0, 53, 1, 0, 154, 0, 0, 65, 13, 253]
1542962165284;[171, 0, 17, 255, 161, 74, 239, 9, 208, 0, 0, 28, 1, 1, 223, 0, 0, 4, 13, 201]
1542962165452;[171, 0, 17, 255, 161, 74, 239, 9, 209, 1, 1, 1, 1, 1, 36, 0, 0, 186, 14, 3]
1542962165456;[171, 0, 17, 255, 161, 74, 239, 9, 209, 1, 0, 155, 1, 0, 197, 0, 1, 108, 14, 180]
1542962165797;[171, 0, 4, 255, 132, 128, 107]
1542962165824;[171, 0, 17, 255, 161, 74, 239, 9, 209, 1, 0, 24, 1, 0, 239, 0, 0, 21, 14, 232]
1542962165826;[171, 0, 17, 255, 161, 74, 239, 9, 209, 0, 0, 35, 1, 0, 245, 0, 0, 25, 14, 70]
1542962165970;[171, 0, 17, 255, 161, 74, 239, 9, 209, 1, 0, 46, 1, 1, 23, 0, 0, 27, 13, 178]
1542962165973;[171, 0, 17, 255, 161, 74, 239, 9, 209, 0, 0, 1, 1, 1, 60, 0, 0, 28, 12, 173]
1542962166141;[171, 0, 17, 255, 161, 74, 239, 9, 209, 0, 0, 11, 1, 1, 87, 0, 0, 53, 12, 118]
1542962166145;[171, 0, 17, 255, 161, 74, 239, 9, 209, 1, 0, 33, 1, 0, 81, 0, 0, 61, 13, 1]
1542962166320;[171, 0, 17, 255, 161, 74, 239, 9, 209, 1, 0, 39, 1, 0, 153, 0, 0, 77, 13, 106]
1542962166322;[171, 0, 17, 255, 161, 74, 239, 9, 209, 0, 0, 3, 1, 1, 247, 0, 0, 57, 13, 42]
1542962166487;[171, 0, 17, 255, 161, 74, 239, 9, 210, 1, 0, 101, 1, 0, 251, 0, 0, 166, 13, 141]
1542962166659;[171, 0, 17, 255, 161, 74, 239, 9, 210, 1, 1, 17, 1, 3, 72, 0, 0, 177, 13, 104]
1542962166663;[171, 0, 4, 255, 132, 128, 107]
1542962166831;[171, 0, 17, 255, 161, 74, 239, 9, 210, 1, 0, 19, 1, 1, 36, 0, 0, 29, 13, 143]
1542962166835;[171, 0, 17, 255, 161, 74, 239, 9, 210, 0, 0, 8, 1, 0, 243, 0, 0, 17, 13, 166]
1542962167177;[171, 0, 17, 255, 161, 74, 239, 9, 210, 1, 0, 38, 1, 0, 248, 0, 0, 31, 13, 114]
1542962167181;[171, 0, 17, 255, 161, 74, 239, 9, 210, 0, 0, 4, 1, 1, 35, 0, 0, 20, 12, 228]
1542962167185;[171, 0, 17, 255, 161, 74, 239, 9, 210, 0, 0, 46, 1, 1, 97, 0, 0, 36, 12, 125]
1542962167350;[171, 0, 17, 255, 161, 74, 239, 9, 210, 0, 0, 17, 1, 0, 227, 0, 0, 53, 12, 46]
1542962167353;[171, 0, 17, 255, 161, 74, 239, 9, 210, 1, 0, 23, 1, 0, 57, 0, 0, 20, 12, 128]
1542962167521;[171, 0, 17, 255, 161, 74, 239, 9, 210, 0, 0, 29, 1, 1, 28, 0, 0, 43, 12, 113]
1542962167525;[171, 0, 17, 255, 161, 74, 239, 9, 211, 1, 0, 227, 1, 1, 115, 0, 0, 198, 12, 169]
1542962167693;[171, 0, 17, 255, 161, 74, 239, 9, 211, 1, 0, 68, 1, 1, 30, 0, 0, 69, 12, 138]
1542962167865;[171, 0, 4, 255, 132, 128, 107]
1542962167892;[171, 0, 17, 255, 161, 74, 239, 9, 211, 0, 0, 6, 1, 1, 92, 0, 1, 57, 12, 12]
1542962168040;[171, 0, 17, 255, 161, 74, 239, 9, 211, 0, 0, 31, 1, 0, 255, 0, 0, 13, 12, 47]
1542962168044;[171, 0, 17, 255, 161, 74, 239, 9, 211, 0, 0, 21, 1, 0, 242, 0, 0, 37, 12, 10]
1542962168386;[171, 0, 17, 255, 161, 74, 239, 9, 211, 0, 0, 13, 1, 0, 248, 0, 0, 44, 11, 144]
1542962168390;[171, 0, 17, 255, 161, 74, 239, 9, 211, 1, 0, 4, 1, 1, 39, 0, 0, 54, 11, 81]
1542962168395;[171, 0, 17, 255, 161, 74, 239, 9, 211, 0, 0, 34, 1, 1, 53, 0, 0, 47, 10, 192]
1542962168558;[171, 0, 17, 255, 161, 74, 239, 9, 211, 1, 0, 59, 1, 1, 5, 0, 0, 64, 10, 171]
1542962168562;[171, 0, 17, 255, 161, 74, 239, 9, 211, 0, 0, 66, 1, 0, 62, 0, 0, 33, 10, 174]
1542962168729;[171, 0, 17, 255, 161, 74, 239, 9, 212, 1, 0, 4, 1, 0, 232, 1, 0, 22, 10, 149]
1542962168732;[171, 0, 17, 255, 161, 74, 239, 9, 212, 1, 1, 82, 1, 1, 218, 0, 0, 48, 10, 88]
1542962168902;[171, 0, 4, 255, 132, 128, 107]
1542962169076;[171, 0, 17, 255, 161, 74, 239, 9, 212, 0, 0, 2, 1, 0, 235, 1, 0, 80, 10, 30]
1542962169078;[171, 0, 17, 255, 161, 74, 239, 9, 212, 0, 0, 83, 1, 0, 237, 0, 0, 11, 10, 67]
1542962169249;[171, 0, 17, 255, 161, 74, 239, 9, 212, 0, 0, 45, 1, 0, 242, 0, 0, 54, 10, 100]
1542962169251;[171, 0, 17, 255, 161, 74, 239, 9, 212, 0, 0, 7, 1, 0, 244, 0, 0, 45, 10, 93]
1542962169419;[171, 0, 17, 255, 161, 74, 239, 9, 212, 0, 0, 40, 1, 0, 252, 0, 0, 53, 10, 40]
1542962169423;[171, 0, 17, 255, 161, 74, 239, 9, 212, 1, 0, 28, 1, 1, 35, 0, 0, 56, 10, 27]
1542962169763;[171, 0, 17, 255, 161, 74, 239, 9, 212, 0, 0, 37, 1, 1, 83, 0, 0, 38, 9, 214]
1542962169767;[171, 0, 17, 255, 161, 74, 239, 9, 212, 1, 0, 92, 1, 0, 157, 0, 0, 59, 9, 183]
1542962169771;[171, 0, 17, 255, 161, 74, 239, 9, 213, 0, 0, 0, 1, 0, 70, 0, 0, 7, 9, 193]
1542962169936;[171, 0, 17, 255, 161, 74, 239, 9, 213, 0, 0, 13, 1, 1, 76, 0, 0, 3, 9, 127]
1542962169939;[171, 0, 4, 255, 132, 128, 107]
1542962170108;[171, 0, 17, 255, 161, 74, 239, 9, 213, 1, 0, 114, 1, 0, 188, 0, 0, 32, 9, 174]
1542962170112;[171, 0, 17, 255, 161, 74, 239, 9, 213, 0, 0, 214, 1, 0, 199, 0, 0, 11, 9, 74]
1542962170281;[171, 0, 17, 255, 161, 74, 239, 9, 213, 1, 0, 85, 1, 1, 192, 0, 0, 19, 9, 19]
1542962170454;[171, 0, 17, 255, 161, 74, 239, 9, 213, 0, 0, 31, 1, 0, 251, 0, 0, 21, 9, 52]
1542962170457;[171, 0, 17, 255, 161, 74, 239, 9, 213, 0, 0, 28, 1, 0, 234, 0, 0, 49, 8, 210]
1542962170627;[171, 0, 17, 255, 161, 74, 239, 9, 213, 0, 0, 27, 1, 0, 242, 0, 0, 44, 8, 55]
1542962170631;[171, 0, 17, 255, 161, 74, 239, 9, 213, 0, 0, 38, 1, 0, 240, 0, 0, 49, 7, 193]
1542962170973;[171, 0, 17, 255, 161, 74, 239, 9, 213, 0, 0, 44, 1, 0, 242, 0, 0, 39, 7, 85]
1542962170977;[171, 0, 17, 255, 161, 74, 239, 9, 214, 0, 0, 23, 1, 0, 241, 0, 0, 33, 7, 133]
1542962170981;[171, 0, 17, 255, 161, 74, 239, 9, 214, 0, 0, 18, 1, 0, 244, 0, 0, 30, 7, 109]
1542962171145;[171, 0, 4, 255, 132, 128, 107]
1542962171171;[171, 0, 17, 255, 161, 74, 239, 9, 214, 0, 0, 18, 1, 0, 244, 0, 0, 26, 7, 73]
1542962171330;[171, 0, 17, 255, 161, 74, 239, 9, 214, 0, 0, 13, 1, 0, 241, 0, 0, 24, 7, 48]
1542962171332;[171, 0, 17, 255, 161, 74, 239, 9, 214, 0, 0, 14, 1, 0, 247, 0, 0, 21, 7, 24]
1542962171489;[171, 0, 17, 255, 161, 74, 239, 9, 214, 0, 0, 23, 1, 0, 245, 0, 0, 27, 7, 37]
1542962171661;[171, 0, 17, 255, 161, 74, 239, 9, 214, 0, 0, 17, 1, 0, 245, 0, 0, 22, 7, 39]
1542962171664;[171, 0, 17, 255, 161, 74, 239, 9, 214, 0, 0, 23, 1, 0, 245, 0, 0, 23, 7, 16]
1542962171839;[171, 0, 17, 255, 161, 74, 239, 9, 214, 0, 0, 25, 1, 0, 244, 0, 0, 22, 6, 229]
1542962171840;[171, 0, 17, 255, 161, 74, 239, 9, 214, 0, 0, 21, 1, 0, 244, 0, 0, 21, 6, 188]
1542962172353;[171, 0, 17, 255, 161, 74, 239, 9, 215, 0, 0, 23, 1, 0, 245, 0, 0, 23, 6, 176]
1542962172357;[171, 0, 17, 255, 161, 74, 239, 9, 215, 0, 0, 23, 1, 0, 243, 0, 0, 22, 6, 182]
1542962172361;[171, 0, 4, 255, 132, 128, 107]
1542962172388;[171, 0, 17, 255, 161, 74, 239, 9, 215, 0, 0, 22, 1, 0, 244, 0, 0, 22, 6, 170]
1542962172525;[171, 0, 17, 255, 161, 74, 239, 9, 215, 0, 0, 20, 1, 0, 242, 0, 0, 25, 6, 137]
1542962172529;[171, 0, 17, 255, 161, 74, 239, 9, 215, 0, 0, 22, 1, 0, 243, 0, 0, 22, 6, 113]
1542962172533;[171, 0, 17, 255, 161, 74, 239, 9, 215, 0, 0, 21, 1, 0, 244, 0, 0, 21, 6, 95]
1542962172696;[171, 0, 17, 255, 161, 74, 239, 9, 215, 0, 0, 23, 1, 0, 245, 0, 0, 20, 6, 148]
1542962172869;[171, 0, 17, 255, 161, 74, 239, 9, 215, 0, 0, 22, 1, 0, 243, 0, 0, 20, 6, 149]
1542962172873;[171, 0, 17, 255, 161, 74, 239, 9, 215, 0, 0, 23, 1, 0, 245, 0, 0, 21, 6, 127]
1542962173040;[171, 0, 17, 255, 161, 74, 239, 9, 215, 0, 0, 22, 1, 0, 244, 0, 0, 17, 6, 116]
1542962173044;[171, 0, 17, 255, 161, 74, 239, 9, 216, 0, 0, 20, 1, 0, 244, 0, 0, 18, 6, 95]
1542962173215;[171, 0, 17, 255, 161, 74, 239, 9, 216, 0, 0, 24, 1, 0, 245, 0, 0, 16, 6, 158]
1542962173218;[171, 0, 4, 255, 132, 128, 107]
1542962173560;[171, 0, 17, 255, 161, 74, 239, 9, 216, 0, 0, 23, 1, 0, 243, 0, 0, 17, 6, 197]
1542962173564;[171, 0, 17, 255, 161, 74, 239, 9, 216, 0, 0, 22, 1, 0, 243, 0, 0, 17, 6, 206]
1542962173568;[171, 0, 17, 255, 161, 74, 239, 9, 216, 0, 0, 22, 1, 0, 244, 0, 0, 16, 6, 216]
1542962173731;[171, 0, 17, 255, 161, 74, 239, 9, 216, 0, 0, 24, 1, 0, 245, 0, 0, 13, 6, 226]
1542962173737;[171, 0, 17, 255, 161, 74, 239, 9, 216, 0, 0, 19, 1, 0, 245, 0, 0, 14, 7, 55]
1542962173904;[171, 0, 17, 255, 161, 74, 239, 9, 216, 0, 0, 17, 1, 0, 246, 0, 0, 11, 7, 126]
1542962174077;[171, 0, 17, 255, 161, 74, 239, 9, 216, 0, 0, 17, 1, 0, 242, 0, 0, 10, 7, 116]
1542962174081;[171, 0, 17, 255, 161, 74, 239, 9, 216, 0, 0, 15, 1, 0, 246, 0, 0, 8, 7, 116]
1542962174251;[171, 0, 17, 255, 161, 74, 239, 9, 217, 0, 0, 20, 1, 0, 246, 0, 0, 9, 7, 116]
1542962174254;[171, 0, 17, 255, 161, 74, 239, 9, 217, 0, 0, 17, 1, 0, 241, 0, 0, 9, 7, 176]
1542962174420;[171, 0, 4, 255, 132, 128, 107]
1542962174447;[171, 0, 17, 255, 161, 74, 239, 9, 217, 0, 0, 19, 1, 0, 245, 0, 0, 9, 8, 16]
1542962174768;[171, 0, 17, 255, 161, 74, 239, 9, 217, 0, 0, 17, 1, 0, 244, 0, 0, 10, 8, 43]
1542962174772;[171, 0, 17, 255, 161, 74, 239, 9, 217, 0, 0, 17, 1, 0, 245, 0, 0, 13, 8, 56]
1542962174776;[171, 0, 17, 255, 161, 74, 239, 9, 217, 0, 0, 18, 1, 0, 244, 0, 0, 16, 8, 37]
1542962174939;[171, 0, 17, 255, 161, 74, 239, 9, 217, 0, 0, 20, 1, 0, 244, 0, 0, 18, 8, 49]
1542962174942;[171, 0, 17, 255, 161, 74, 239, 9, 217, 0, 0, 19, 1, 0, 244, 0, 0, 22, 8, 188]
1542962175110;[171, 0, 17, 255, 161, 74, 239, 9, 217, 0, 0, 21, 1, 0, 243, 0, 0, 20, 8, 237]
1542962175114;[171, 0, 17, 255, 161, 74, 239, 9, 217, 0, 0, 21, 1, 0, 246, 0, 0, 22, 8, 248]
1542962175284;[171, 0, 17, 255, 161, 74, 239, 9, 218, 0, 0, 20, 1, 0, 243, 0, 0, 23, 8, 253]
1542962175456;[171, 0, 17, 255, 161, 74, 239, 9, 218, 0, 0, 24, 1, 0, 244, 0, 0, 27, 9, 0]
1542962175460;[171, 0, 4, 255, 132, 128, 108]
1542962175628;[171, 0, 17, 255, 161, 74, 239, 9, 218, 0, 0, 21, 1, 0, 242, 0, 0, 25, 9, 176]
1542962175632;[171, 0, 17, 255, 161, 74, 239, 9, 218, 0, 0, 21, 1, 0, 243, 0, 0, 29, 9, 250]
1542962175800;[171, 0, 17, 255, 161, 74, 239, 9, 218, 0, 0, 21, 1, 0, 244, 0, 0, 28, 9, 228]
1542962176149;[171, 0, 17, 255, 161, 74, 239, 9, 218, 0, 0, 22, 1, 0, 243, 0, 0, 32, 9, 200]
1542962176152;[171, 0, 17, 255, 161, 74, 239, 9, 218, 0, 0, 24, 1, 0, 244, 0, 0, 32, 9, 189]
1542962176156;[171, 0, 17, 255, 161, 74, 239, 9, 218, 0, 0, 20, 1, 0, 243, 0, 0, 34, 10, 51]
1542962176160;[171, 0, 17, 255, 161, 74, 239, 9, 218, 0, 0, 21, 1, 0, 242, 0, 0, 33, 10, 189]
1542962176338;[171, 0, 17, 255, 161, 74, 239, 9, 218, 0, 0, 22, 1, 0, 243, 0, 0, 29, 10, 232]
1542962176340;[171, 0, 17, 255, 161, 74, 239, 9, 219, 0, 0, 15, 1, 0, 252, 0, 0, 28, 11, 2]
1542962176491;[171, 0, 17, 255, 161, 74, 239, 9, 219, 0, 0, 13, 1, 0, 243, 0, 0, 24, 11, 77]
1542962176663;[171, 0, 4, 255, 132, 128, 109]
1542962176690;[171, 0, 17, 255, 161, 74, 239, 9, 219, 0, 0, 5, 1, 0, 246, 0, 0, 21, 11, 162]
1542962176837;[171, 0, 17, 255, 161, 74, 239, 9, 219, 1, 0, 4, 1, 0, 250, 0, 0, 12, 12, 166]
1542962176841;[171, 0, 17, 255, 161, 74, 239, 9, 219, 1, 0, 11, 1, 0, 247, 0, 0, 12, 13, 4]
1542962177008;[171, 0, 17, 255, 161, 74, 239, 9, 219, 1, 0, 5, 1, 1, 7, 1, 0, 16, 13, 8]
1542962177012;[171, 0, 17, 255, 161, 74, 239, 9, 219, 0, 0, 10, 1, 1, 51, 1, 0, 10, 13, 107]
1542962177355;[171, 0, 17, 255, 161, 74, 239, 9, 219, 1, 0, 134, 1, 0, 170, 0, 0, 13, 13, 197]
1542962177359;[171, 0, 17, 255, 161, 74, 239, 9, 219, 1, 0, 15, 1, 0, 133, 0, 0, 60, 14, 202]
1542962177363;[171, 0, 17, 255, 161, 74, 239, 9, 219, 1, 0, 31, 1, 1, 83, 0, 0, 68, 15, 51]
1542962177527;[171, 0, 17, 255, 161, 74, 239, 9, 220, 0, 0, 110, 1, 0, 217, 1, 0, 158, 31, 164]
1542962177530;[171, 0, 17, 255, 161, 74, 239, 9, 220, 0, 0, 20, 1, 1, 28, 1, 0, 17, 8, 39]
1542962177697;[171, 0, 4, 255, 132, 128, 110]
1542962177873;[171, 0, 17, 255, 161, 74, 239, 9, 220, 0, 0, 1, 1, 1, 11, 0, 0, 18, 7, 247]
1542962177876;[171, 0, 17, 255, 161, 74, 239, 9, 220, 1, 0, 42, 1, 0, 236, 0, 0, 18, 7, 219]
1542962178044;[171, 0, 17, 255, 161, 74, 239, 9, 220, 1, 0, 30, 1, 1, 9, 0, 0, 20, 7, 255]
1542962178048;[171, 0, 17, 255, 161, 74, 239, 9, 220, 0, 0, 97, 1, 1, 152, 0, 0, 34, 7, 205]
1542962178216;[171, 0, 17, 255, 161, 74, 239, 9, 220, 1, 0, 108, 1, 0, 56, 1, 0, 6, 8, 19]
1542962178220;[171, 0, 17, 255, 161, 74, 239, 9, 220, 1, 0, 18, 1, 0, 145, 0, 0, 54, 8, 2]
1542962178390;[171, 0, 17, 255, 161, 74, 239, 9, 220, 1, 0, 61, 1, 1, 88, 0, 0, 63, 7, 49]
1542962178736;[171, 0, 17, 255, 161, 74, 239, 9, 220, 0, 0, 2, 1, 0, 233, 0, 1, 63, 9, 5]
1542962178740;[171, 0, 17, 255, 161, 74, 239, 9, 221, 1, 0, 96, 1, 0, 212, 0, 0, 32, 9, 5]
1542962178744;[171, 0, 17, 255, 161, 74, 239, 9, 221, 0, 0, 124, 1, 0, 156, 0, 0, 33, 7, 173]
1542962178748;[171, 0, 4, 255, 132, 128, 110]
1542962178906;[171, 0, 17, 255, 161, 74, 239, 9, 221, 1, 0, 14, 1, 0, 241, 0, 0, 57, 6, 212]
1542962179079;[171, 0, 17, 255, 161, 74, 239, 9, 221, 0, 0, 21, 1, 0, 247, 0, 0, 40, 6, 10]
1542962179083;[171, 0, 17, 255, 161, 74, 239, 9, 221, 0, 0, 26, 1, 0, 242, 0, 0, 46, 5, 169]
1542962179251;[171, 0, 17, 255, 161, 74, 239, 9, 221, 0, 0, 36, 1, 0, 244, 0, 0, 43, 5, 210]
1542962179255;[171, 0, 17, 255, 161, 74, 239, 9, 221, 0, 0, 34, 1, 0, 243, 0, 0, 41, 5, 191]
1542962179424;[171, 0, 17, 255, 161, 74, 239, 9, 221, 0, 0, 3, 1, 0, 245, 0, 0, 42, 5, 156]
1542962179428;[171, 0, 17, 255, 161, 74, 239, 9, 221, 0, 0, 36, 1, 0, 242, 0, 0, 32, 5, 62]
1542962179596;[171, 0, 17, 255, 161, 74, 239, 9, 221, 0, 0, 34, 1, 0, 239, 0, 0, 36, 4, 240]
1542962179944;[171, 0, 17, 255, 161, 74, 239, 9, 222, 0, 0, 45, 1, 0, 240, 0, 0, 27, 5, 67]
1542962179947;[171, 0, 17, 255, 161, 74, 239, 9, 222, 0, 0, 58, 1, 0, 238, 0, 0, 25, 5, 79]
1542962179951;[171, 0, 4, 255, 132, 128, 111]
1542962179978;[171, 0, 17, 255, 161, 74, 239, 9, 222, 0, 0, 49, 1, 0, 244, 0, 0, 24, 5, 69]
1542962180114;[171, 0, 17, 255, 161, 74, 239, 9, 222, 1, 0, 5, 1, 0, 240, 0, 0, 18, 5, 39]
1542962180118;[171, 0, 17, 255, 161, 74, 239, 9, 222, 0, 0, 33, 1, 0, 246, 0, 0, 21, 4, 218]
1542962180286;[171, 0, 17, 255, 161, 74, 239, 9, 222, 0, 0, 25, 1, 0, 246, 0, 0, 17, 4, 238]
1542962180459;[171, 0, 17, 255, 161, 74, 239, 9, 222, 0, 0, 36, 1, 0, 242, 0, 0, 18, 5, 36]
1542962180463;[171, 0, 17, 255, 161, 74, 239, 9, 222, 0, 0, 20, 1, 0, 240, 0, 0, 15, 5, 21]
1542962180633;[171, 0, 17, 255, 161, 74, 239, 9, 222, 0, 0, 29, 1, 0, 246, 0, 0, 10, 4, 209]
1542962180636;[171, 0, 17, 255, 161, 74, 239, 9, 222, 0, 0, 29, 1, 0, 244, 0, 0, 11, 4, 145]
1542962180803;[171, 0, 17, 255, 161, 74, 239, 9, 223, 0, 0, 30, 1, 0, 243, 0, 0, 4, 4, 63]
1542962181344;[171, 0, 17, 255, 161, 74, 239, 9, 223, 0, 0, 32, 1, 0, 244, 0, 0, 0, 4, 63]
1542962181346;[171, 0, 4, 255, 132, 128, 111]
1542962181349;[171, 0, 17, 255, 161, 74, 239, 9, 223, 0, 0, 32, 1, 0, 240, 1, 0, 9, 4, 73]
1542962181351;[171, 0, 17, 255, 161, 74, 239, 9, 223, 0, 0, 47, 1, 0, 240, 1, 0, 8, 4, 55]
1542962181494;[171, 0, 17, 255, 161, 74, 239, 9, 223, 0, 0, 64, 1, 0, 237, 1, 0, 5, 4, 41]
1542962181498;[171, 0, 17, 255, 161, 74, 239, 9, 223, 0, 0, 70, 1, 0, 238, 1, 0, 4, 3, 248]
1542962181502;[171, 0, 17, 255, 161, 74, 239, 9, 223, 0, 0, 70, 1, 0, 234, 1, 0, 8, 3, 240]
1542962181666;[171, 0, 17, 255, 161, 74, 239, 9, 223, 0, 0, 79, 1, 0, 232, 1, 0, 10, 4, 41]
1542962181670;[171, 0, 17, 255, 161, 74, 239, 9, 223, 0, 0, 78, 1, 0, 230, 1, 0, 8, 4, 46]
1542962181857;[171, 0, 17, 255, 161, 74, 239, 9, 223, 0, 0, 78, 1, 0, 228, 1, 0, 10, 4, 15]
1542962181859;[171, 0, 17, 255, 161, 74, 239, 9, 224, 0, 0, 77, 1, 0, 232, 1, 0, 7, 3, 233]
1542962182013;[171, 0, 17, 255, 161, 74, 239, 9, 226, 0, 0, 65, 1, 0, 237, 1, 0, 1, 2, 167]
1542962182184;[171, 0, 17, 255, 161, 74, 239, 9, 226, 0, 0, 63, 1, 0, 234, 1, 0, 4, 2, 88]
1542962182530;[171, 0, 17, 255, 161, 74, 239, 9, 226, 0, 0, 69, 1, 0, 236, 0, 0, 3, 2, 16]
1542962182536;[171, 0, 17, 255, 161, 74, 239, 9, 226, 0, 0, 71, 1, 0, 232, 0, 0, 0, 2, 10]
1542962182539;[171, 0, 17, 255, 161, 74, 239, 9, 226, 0, 0, 69, 1, 0, 235, 1, 0, 1, 1, 200]
1542962182702;[171, 0, 17, 255, 161, 74, 239, 9, 226, 0, 0, 68, 1, 0, 235, 1, 0, 4, 1, 127]
1542962182874;[171, 0, 17, 255, 161, 74, 239, 9, 226, 0, 0, 68, 1, 0, 238, 1, 0, 1, 1, 58]
1542962182878;[171, 0, 17, 255, 161, 74, 239, 9, 226, 0, 0, 68, 1, 0, 235, 1, 0, 2, 0, 245]
1542962183046;[171, 0, 17, 255, 161, 74, 239, 9, 227, 0, 0, 67, 1, 0, 237, 1, 0, 5, 0, 252]
1542962183050;[171, 0, 17, 255, 161, 74, 239, 9, 227, 0, 0, 67, 1, 0, 234, 1, 0, 3, 0, 239]
1542962183218;[171, 0, 4, 255, 132, 128, 112]
1542962183245;[171, 0, 17, 255, 161, 74, 239, 9, 227, 0, 0, 65, 1, 0, 234, 1, 0, 4, 16, 184]
1542962183391;[171, 0, 17, 255, 161, 74, 239, 9, 227, 0, 0, 65, 1, 0, 236, 1, 0, 3, 7, 155]
1542962183737;[171, 0, 17, 255, 161, 74, 239, 9, 227, 0, 0, 68, 1, 0, 235, 1, 0, 2, 7, 99]
1542962183741;[171, 0, 17, 255, 161, 74, 239, 9, 227, 0, 0, 66, 1, 0, 233, 1, 0, 3, 7, 39]
1542962183745;[171, 0, 17, 255, 161, 74, 239, 9, 227, 0, 0, 68, 1, 0, 236, 1, 0, 3, 7, 91]
1542962183749;[171, 0, 17, 255, 161, 74, 239, 9, 227, 0, 0, 66, 1, 0, 235, 1, 0, 2, 7, 79]
1542962183908;[171, 0, 17, 255, 161, 74, 239, 9, 227, 0, 0, 67, 1, 0, 238, 1, 0, 1, 7, 29]
1542962183912;[171, 0, 17, 255, 161, 74, 239, 9, 227, 0, 0, 67, 1, 0, 237, 1, 0, 3, 6, 246]
1542962184081;[171, 0, 17, 255, 161, 74, 239, 9, 228, 0, 0, 66, 1, 0, 236, 1, 0, 3, 6, 198]
1542962184255;[171, 0, 17, 255, 161, 74, 239, 9, 228, 0, 0, 65, 1, 0, 237, 1, 0, 1, 6, 172]
1542962184258;[171, 0, 4, 255, 132, 128, 111]
1542962184426;[171, 0, 17, 255, 161, 74, 239, 9, 228, 0, 0, 63, 1, 0, 238, 1, 0, 3, 6, 236]
1542962184430;[171, 0, 17, 255, 161, 74, 239, 9, 228, 0, 0, 62, 1, 0, 235, 1, 0, 3, 6, 230]
1542962184599;[171, 0, 17, 255, 161, 74, 239, 9, 228, 0, 0, 68, 1, 0, 233, 1, 0, 4, 6, 176]
1542962184770;[171, 0, 17, 255, 161, 74, 239, 9, 228, 0, 0, 66, 1, 0, 236, 1, 0, 1, 6, 129]
1542962184774;[171, 0, 17, 255, 161, 74, 239, 9, 228, 0, 0, 53, 1, 0, 232, 1, 0, 2, 6, 74]
1542962185119;[171, 0, 17, 255, 161, 74, 239, 9, 228, 0, 0, 69, 1, 0, 236, 1, 0, 3, 6, 74]
1542962185123;[171, 0, 17, 255, 161, 74, 239, 9, 228, 0, 0, 57, 1, 0, 234, 1, 0, 8, 6, 158]
1542962185127;[171, 0, 17, 255, 161, 74, 239, 9, 228, 0, 0, 66, 1, 0, 238, 1, 0, 1, 6, 173]
1542962185131;[171, 0, 17, 255, 161, 74, 239, 9, 229, 0, 0, 45, 1, 0, 237, 1, 0, 8, 6, 145]
1542962185289;[171, 0, 17, 255, 161, 74, 239, 9, 229, 0, 0, 44, 1, 0, 237, 1, 0, 11, 6, 113]
1542962185462;[171, 0, 4, 255, 132, 128, 111]
1542962185489;[171, 0, 17, 255, 161, 74, 239, 9, 229, 0, 0, 47, 1, 0, 242, 1, 0, 8, 6, 59]
1542962185634;[171, 0, 17, 255, 161, 74, 239, 9, 229, 0, 0, 42, 1, 0, 241, 1, 0, 9, 6, 110]
1542962185638;[171, 0, 17, 255, 161, 74, 239, 9, 229, 0, 0, 36, 1, 0, 245, 1, 0, 11, 6, 157]
1542962186035;[171, 0, 17, 255, 161, 74, 239, 9, 229, 0, 0, 34, 1, 0, 242, 1, 0, 8, 6, 149]
1542962186036;[171, 0, 17, 255, 161, 74, 239, 9, 229, 0, 0, 38, 1, 0, 242, 1, 0, 8, 6, 137]
1542962186038;[171, 0, 17, 255, 161, 74, 239, 9, 229, 0, 0, 34, 1, 0, 246, 1, 0, 1, 6, 119]
1542962186326;[171, 0, 17, 255, 161, 74, 239, 9, 229, 0, 0, 34, 1, 0, 240, 1, 0, 15, 6, 89]
1542962186332;[171, 0, 17, 255, 161, 74, 239, 9, 229, 0, 0, 40, 1, 0, 246, 1, 0, 2, 6, 246]
1542962186354;[171, 0, 17, 255, 161, 74, 239, 9, 230, 0, 0, 37, 1, 0, 241, 1, 0, 9, 7, 79]
1542962186356;[171, 0, 17, 255, 161, 74, 239, 9, 230, 0, 0, 35, 1, 0, 243, 1, 0, 6, 7, 92]
1542962186496;[171, 0, 4, 255, 132, 128, 111]
1542962186669;[171, 0, 17, 255, 161, 74, 239, 9, 230, 0, 0, 35, 1, 0, 241, 1, 0, 7, 7, 104]
1542962186673;[171, 0, 17, 255, 161, 74, 239, 9, 230, 0, 0, 38, 1, 0, 243, 1, 0, 8, 7, 112]
1542962187020;[171, 0, 17, 255, 161, 74, 239, 9, 230, 0, 0, 35, 1, 0, 238, 1, 0, 8, 7, 167]
1542962187022;[171, 0, 17, 255, 161, 74, 239, 9, 230, 0, 0, 39, 1, 0, 242, 1, 0, 8, 8, 116]
1542962187025;[171, 0, 17, 255, 161, 74, 239, 9, 230, 0, 0, 39, 1, 0, 243, 1, 0, 7, 8, 198]
1542962187029;[171, 0, 17, 255, 161, 74, 239, 9, 230, 0, 0, 33, 1, 0, 240, 1, 0, 10, 8, 212]
1542962187187;[171, 0, 17, 255, 161, 74, 239, 9, 230, 0, 0, 34, 1, 0, 243, 1, 0, 12, 8, 220]
1542962187706;[171, 0, 17, 255, 161, 74, 239, 9, 230, 0, 0, 33, 1, 0, 242, 1, 0, 9, 8, 199]
1542962187710;[171, 0, 17, 255, 161, 74, 239, 9, 231, 0, 0, 33, 1, 0, 244, 1, 0, 11, 9, 76]
1542962187715;[171, 0, 17, 255, 161, 74, 239, 9, 231, 0, 0, 31, 1, 0, 241, 1, 0, 9, 9, 198]
1542962187718;[171, 0, 4, 255, 132, 128, 110]
1542962187878;[171, 0, 17, 255, 161, 74, 239, 9, 231, 0, 0, 31, 1, 0, 241, 1, 0, 14, 9, 213]
1542962187882;[171, 0, 17, 255, 161, 74, 239, 9, 231, 0, 0, 35, 1, 0, 242, 1, 0, 11, 9, 208]
1542962187885;[171, 0, 17, 255, 161, 74, 239, 9, 231, 0, 0, 34, 1, 0, 244, 1, 0, 11, 9, 182]
1542962188049;[171, 0, 17, 255, 161, 74, 239, 9, 231, 0, 0, 31, 1, 0, 241, 1, 0, 11, 9, 189]
1542962188053;[171, 0, 17, 255, 161, 74, 239, 9, 231, 0, 0, 28, 1, 0, 240, 1, 0, 10, 10, 116]
1542962188223;[171, 0, 17, 255, 161, 74, 239, 9, 231, 0, 0, 31, 1, 0, 241, 1, 0, 11, 10, 160]
1542962188227;[171, 0, 17, 255, 161, 74, 239, 9, 231, 0, 0, 29, 1, 0, 242, 1, 0, 10, 10, 143]
1542962188393;[171, 0, 17, 255, 161, 74, 239, 9, 231, 0, 0, 33, 1, 0, 241, 1, 0, 11, 10, 127]
1542962188566;[171, 0, 17, 255, 161, 74, 239, 9, 232, 0, 0, 33, 1, 0, 243, 1, 0, 14, 10, 92]
1542962188569;[171, 0, 17, 255, 161, 74, 239, 9, 232, 0, 0, 32, 1, 0, 242, 1, 0, 11, 11, 10]
1542962188913;[171, 0, 4, 255, 132, 128, 110]
1542962188939;[171, 0, 17, 255, 161, 74, 239, 9, 232, 0, 0, 33, 1, 0, 243, 1, 0, 11, 11, 114]
1542962188941;[171, 0, 17, 255, 161, 74, 239, 9, 232, 0, 0, 31, 1, 0, 243, 1, 0, 13, 11, 113]
1542962188942;[171, 0, 17, 255, 161, 74, 239, 9, 232, 0, 0, 32, 1, 0, 242, 1, 0, 11, 11, 108]
1542962189083;[171, 0, 17, 255, 161, 74, 239, 9, 232, 0, 0, 31, 1, 0, 242, 1, 0, 12, 11, 64]
1542962189255;[171, 0, 17, 255, 161, 74, 239, 9, 232, 0, 0, 33, 1, 0, 244, 1, 0, 11, 11, 120]
1542962189259;[171, 0, 17, 255, 161, 74, 239, 9, 232, 0, 0, 35, 1, 0, 241, 1, 0, 10, 12, 25]
1542962189429;[171, 0, 17, 255, 161, 74, 239, 9, 232, 0, 0, 32, 1, 0, 245, 1, 0, 12, 12, 49]
1542962189433;[171, 0, 17, 255, 161, 74, 239, 9, 232, 0, 0, 30, 1, 0, 243, 1, 0, 11, 12, 24]
1542962189601;[171, 0, 17, 255, 161, 74, 239, 9, 233, 0, 0, 31, 1, 0, 243, 1, 0, 12, 11, 236]
1542962189773;[171, 0, 17, 255, 161, 74, 239, 9, 233, 0, 0, 31, 1, 0, 242, 1, 0, 11, 11, 187]
1542962189777;[171, 0, 4, 255, 132, 128, 110]
1542962190119;[171, 0, 17, 255, 161, 74, 239, 9, 233, 0, 0, 29, 1, 0, 241, 1, 0, 11, 12, 107]
1542962190122;[171, 0, 17, 255, 161, 74, 239, 9, 233, 0, 0, 31, 1, 0, 244, 1, 0, 9, 12, 145]
1542962190125;[171, 0, 17, 255, 161, 74, 239, 9, 233, 0, 0, 30, 1, 0, 241, 1, 0, 12, 12, 103]
1542962190127;[171, 0, 17, 255, 161, 74, 239, 9, 233, 0, 0, 33, 1, 0, 243, 1, 0, 13, 12, 52]
1542962190292;[171, 0, 17, 255, 161, 74, 239, 9, 233, 0, 0, 31, 1, 0, 240, 1, 0, 18, 11, 229]
1542962190463;[171, 0, 17, 255, 161, 74, 239, 9, 233, 0, 0, 41, 1, 0, 247, 1, 0, 7, 12, 46]
1542962190467;[171, 0, 17, 255, 161, 74, 239, 9, 233, 0, 0, 35, 1, 0, 244, 1, 0, 14, 12, 138]
1542962190637;[171, 0, 17, 255, 161, 74, 239, 9, 233, 0, 0, 35, 1, 0, 239, 1, 0, 9, 12, 115]
1542962190641;[171, 0, 17, 255, 161, 74, 239, 9, 234, 0, 0, 38, 1, 0, 240, 1, 0, 13, 12, 85]
1542962190808;[171, 0, 17, 255, 161, 74, 239, 9, 234, 0, 0, 36, 1, 0, 242, 1, 0, 11, 12, 53]
1542962190811;[171, 0, 4, 255, 132, 128, 109]
1542962190980;[171, 0, 17, 255, 161, 74, 239, 9, 234, 0, 0, 35, 1, 0, 242, 1, 0, 13, 12, 47]
1542962191154;[171, 0, 17, 255, 161, 74, 239, 9, 234, 0, 0, 29, 1, 0, 243, 1, 0, 14, 12, 174]
1542962191158;[171, 0, 17, 255, 161, 74, 239, 9, 234, 0, 0, 24, 1, 0, 242, 1, 0, 17, 12, 158]
1542962191499;[171, 0, 17, 255, 161, 74, 239, 9, 234, 0, 0, 36, 1, 0, 243, 1, 0, 8, 12, 86]
1542962191503;[171, 0, 17, 255, 161, 74, 239, 9, 234, 0, 0, 31, 1, 0, 241, 1, 0, 14, 12, 25]
1542962191508;[171, 0, 17, 255, 161, 74, 239, 9, 234, 0, 0, 33, 1, 0, 241, 1, 0, 16, 11, 192]
1542962191673;[171, 0, 17, 255, 161, 74, 239, 9, 234, 0, 0, 30, 1, 0, 242, 1, 0, 10, 12, 5]
1542962191676;[171, 0, 17, 255, 161, 74, 239, 9, 234, 0, 0, 32, 1, 0, 245, 1, 0, 10, 12, 7]
1542962191844;[171, 0, 17, 255, 161, 74, 239, 9, 235, 0, 0, 27, 1, 0, 241, 1, 0, 13, 11, 225]
1542962191848;[171, 0, 17, 255, 161, 74, 239, 9, 235, 0, 0, 33, 1, 0, 242, 1, 0, 17, 11, 171]
1542962192017;[171, 0, 4, 255, 132, 128, 109]
1542962192046;[171, 0, 17, 255, 161, 74, 239, 9, 235, 0, 0, 32, 1, 0, 242, 1, 0, 14, 11, 96]
1542962192189;[171, 0, 17, 255, 161, 74, 239, 9, 235, 0, 0, 37, 1, 0, 245, 1, 0, 12, 11, 87]
1542962192362;[171, 0, 17, 255, 161, 74, 239, 9, 235, 0, 0, 25, 1, 0, 242, 1, 0, 14, 11, 148]
1542962192366;[171, 0, 17, 255, 161, 74, 239, 9, 235, 0, 0, 27, 1, 0, 241, 1, 0, 17, 11, 109]
1542962192708;[171, 0, 17, 255, 161, 74, 239, 9, 235, 0, 0, 30, 1, 0, 246, 1, 0, 14, 11, 36]
1542962192711;[171, 0, 17, 255, 161, 74, 239, 9, 235, 0, 0, 25, 1, 0, 243, 1, 0, 14, 10, 206]
1542962192715;[171, 0, 17, 255, 161, 74, 239, 9, 235, 0, 0, 29, 1, 0, 244, 1, 0, 14, 10, 118]
1542962192719;[171, 0, 17, 255, 161, 74, 239, 9, 235, 0, 0, 30, 1, 0, 244, 1, 0, 14, 10, 156]
1542962192879;[171, 0, 17, 255, 161, 74, 239, 9, 236, 0, 0, 31, 1, 0, 247, 1, 0, 13, 10, 128]
1542962193051;[171, 0, 17, 255, 161, 74, 239, 9, 236, 0, 0, 20, 1, 0, 241, 1, 0, 12, 10, 74]
1542962193054;[171, 0, 4, 255, 132, 128, 109]
1542962193396;[171, 0, 17, 255, 161, 74, 239, 9, 236, 0, 0, 28, 1, 0, 241, 1, 0, 18, 10, 4]
1542962193401;[171, 0, 17, 255, 161, 74, 239, 9, 236, 0, 0, 27, 1, 0, 240, 1, 0, 10, 9, 178]
1542962193404;[171, 0, 17, 255, 161, 74, 239, 9, 236, 0, 0, 28, 1, 0, 243, 1, 0, 13, 9, 150]
1542962193570;[171, 0, 17, 255, 161, 74, 239, 9, 236, 0, 0, 27, 1, 0, 243, 1, 0, 14, 9, 135]
1542962193574;[171, 0, 17, 255, 161, 74, 239, 9, 236, 0, 0, 28, 1, 0, 243, 1, 0, 12, 9, 72]
1542962193740;[171, 0, 17, 255, 161, 74, 239, 9, 236, 0, 0, 27, 1, 0, 243, 1, 0, 14, 9, 2]
1542962193745;[171, 0, 17, 255, 161, 74, 239, 9, 236, 0, 0, 27, 1, 0, 245, 1, 0, 14, 8, 185]
1542962194087;[171, 0, 17, 255, 161, 74, 239, 9, 236, 0, 0, 23, 1, 0, 242, 1, 0, 14, 8, 112]
1542962194091;[171, 0, 17, 255, 161, 74, 239, 9, 237, 0, 0, 27, 1, 0, 243, 1, 0, 15, 8, 129]
1542962194095;[171, 0, 17, 255, 161, 74, 239, 9, 237, 0, 0, 27, 1, 0, 242, 1, 0, 14, 8, 77]
1542962194258;[171, 0, 4, 255, 132, 128, 109]
1542962194285;[171, 0, 17, 255, 161, 74, 239, 9, 237, 0, 0, 24, 1, 0, 244, 1, 0, 13, 8, 8]
1542962194432;[171, 0, 17, 255, 161, 74, 239, 9, 237, 0, 0, 23, 1, 0, 252, 1, 0, 13, 7, 191]
1542962194436;[171, 0, 17, 255, 161, 74, 239, 9, 237, 0, 0, 15, 1, 0, 228, 1, 0, 7, 7, 112]
1542962194604;[171, 0, 17, 255, 161, 74, 239, 9, 237, 0, 0, 20, 1, 0, 237, 1, 0, 8, 7, 98]
1542962194776;[171, 0, 17, 255, 161, 74, 239, 9, 237, 0, 0, 27, 1, 0, 244, 1, 0, 14, 7, 86]
1542962194780;[171, 0, 17, 255, 161, 74, 239, 9, 237, 0, 0, 26, 1, 0, 242, 1, 0, 10, 7, 23]
1542962194949;[171, 0, 17, 255, 161, 74, 239, 9, 237, 0, 0, 30, 1, 0, 243, 1, 0, 14, 6, 223]
1542962194953;[171, 0, 17, 255, 161, 74, 239, 9, 237, 0, 0, 27, 1, 0, 245, 1, 0, 13, 6, 163]
1542962195295;[171, 0, 17, 255, 161, 74, 239, 9, 238, 0, 0, 24, 1, 0, 243, 1, 0, 15, 6, 116]
1542962195299;[171, 0, 17, 255, 161, 74, 239, 9, 238, 0, 0, 26, 1, 0, 243, 1, 0, 14, 6, 134]
