1543002411707;[171, 0, 4, 255, 132, 128, 81]
1543002411719;[171, 0, 17, 255, 161, 74, 240, 60, 136, 0, 0, 106, 0, 0, 16, 0, 0, 237, 5, 216]
1543002411720;[171, 0, 17, 255, 161, 74, 240, 60, 136, 0, 0, 105, 0, 0, 15, 0, 0, 235, 5, 208]
1543002413811;[171, 0, 17, 255, 161, 74, 240, 60, 136, 0, 0, 106, 0, 0, 17, 0, 0, 237, 5, 213]
1543002413813;[171, 0, 17, 255, 161, 74, 240, 60, 136, 0, 0, 110, 0, 0, 16, 0, 0, 235, 5, 219]
1543002413814;[171, 0, 17, 255, 161, 74, 240, 60, 136, 0, 0, 107, 0, 0, 19, 0, 0, 237, 5, 223]
1543002413830;[171, 0, 17, 255, 161, 74, 240, 60, 136, 0, 0, 105, 0, 0, 18, 0, 0, 237, 5, 213]
1543002413832;[171, 0, 17, 255, 161, 74, 240, 60, 137, 0, 0, 106, 0, 0, 17, 0, 0, 236, 5, 211]
1543002413860;[171, 0, 17, 255, 161, 74, 240, 60, 137, 0, 0, 106, 0, 0, 18, 0, 0, 235, 5, 202]
1543002413861;[171, 0, 17, 255, 161, 74, 240, 60, 137, 0, 0, 105, 0, 0, 16, 0, 0, 237, 5, 195]
1543002413874;[171, 0, 17, 255, 161, 74, 240, 60, 137, 0, 0, 107, 0, 0, 16, 0, 0, 238, 5, 197]
1543002413875;[171, 0, 4, 255, 132, 128, 81]
1543002413879;[171, 0, 17, 255, 161, 74, 240, 60, 137, 0, 0, 106, 0, 0, 17, 0, 0, 236, 5, 206]
1543002413907;[171, 0, 17, 255, 161, 74, 240, 60, 137, 0, 0, 106, 0, 0, 17, 0, 0, 237, 5, 210]
1543002413910;[171, 0, 17, 255, 161, 74, 240, 60, 137, 0, 0, 106, 0, 0, 14, 0, 0, 237, 5, 202]
1543002413919;[171, 0, 17, 255, 161, 74, 240, 60, 137, 0, 0, 108, 0, 0, 15, 0, 0, 237, 5, 198]
1543002413920;[171, 0, 17, 255, 161, 74, 240, 60, 137, 0, 0, 107, 0, 0, 18, 0, 0, 237, 5, 190]
1543002413921;[171, 0, 17, 255, 161, 74, 240, 60, 137, 0, 0, 105, 0, 0, 17, 0, 0, 236, 5, 180]
1543002413927;[171, 0, 17, 255, 161, 74, 240, 60, 138, 0, 0, 104, 0, 0, 16, 0, 0, 237, 5, 173]
1543002413928;[171, 0, 17, 255, 161, 74, 240, 60, 138, 0, 0, 108, 0, 0, 17, 0, 0, 238, 5, 187]
1543002413936;[171, 0, 17, 255, 161, 74, 240, 60, 138, 0, 0, 106, 0, 0, 16, 0, 0, 236, 5, 193]
1543002413937;[171, 0, 17, 255, 161, 74, 240, 60, 138, 0, 0, 106, 0, 0, 19, 0, 0, 238, 5, 195]
1543002413942;[171, 0, 4, 255, 132, 128, 81]
1543002413943;[171, 0, 17, 255, 161, 74, 240, 60, 138, 0, 0, 109, 0, 0, 15, 0, 0, 237, 5, 186]
1543002413957;[171, 0, 17, 255, 161, 74, 240, 60, 138, 0, 0, 108, 0, 0, 17, 0, 0, 237, 5, 183]
1543002414120;[171, 0, 17, 255, 161, 74, 240, 60, 138, 0, 0, 106, 0, 0, 17, 0, 0, 237, 5, 177]
1543002414122;[171, 0, 17, 255, 161, 74, 240, 60, 138, 0, 0, 106, 0, 0, 15, 0, 0, 237, 5, 170]
1543002414294;[171, 0, 17, 255, 161, 74, 240, 60, 138, 0, 0, 105, 0, 0, 18, 0, 0, 237, 5, 165]
1543002414298;[171, 0, 17, 255, 161, 74, 240, 60, 138, 0, 0, 106, 0, 0, 19, 0, 0, 237, 5, 175]
1543002414812;[171, 0, 17, 255, 161, 74, 240, 60, 139, 0, 0, 108, 0, 0, 16, 0, 0, 237, 5, 178]
1543002414816;[171, 0, 17, 255, 161, 74, 240, 60, 139, 0, 0, 106, 0, 0, 17, 0, 0, 235, 5, 173]
1543002414820;[171, 0, 17, 255, 161, 74, 240, 60, 139, 0, 0, 108, 0, 0, 19, 0, 0, 236, 5, 160]
1543002414824;[171, 0, 17, 255, 161, 74, 240, 60, 139, 0, 0, 106, 0, 0, 17, 0, 0, 237, 5, 158]
1543002414984;[171, 0, 4, 255, 132, 128, 81]
1543002414988;[171, 0, 17, 255, 161, 74, 240, 60, 139, 0, 0, 106, 0, 0, 17, 0, 0, 235, 5, 155]
1543002414992;[171, 0, 17, 255, 161, 74, 240, 60, 139, 0, 0, 107, 0, 0, 16, 0, 0, 236, 5, 157]
1543002415156;[171, 0, 17, 255, 161, 74, 240, 60, 139, 0, 0, 107, 0, 0, 18, 0, 0, 238, 5, 173]
1543002415328;[171, 0, 17, 255, 161, 74, 240, 60, 139, 0, 0, 106, 0, 0, 17, 0, 0, 236, 5, 169]
1543002415332;[171, 0, 17, 255, 161, 74, 240, 60, 139, 0, 0, 107, 0, 0, 18, 0, 0, 237, 5, 163]
1543002415500;[171, 0, 17, 255, 161, 74, 240, 60, 139, 0, 0, 107, 0, 0, 19, 0, 0, 237, 5, 155]
1543002415506;[171, 0, 17, 255, 161, 74, 240, 60, 140, 0, 0, 103, 0, 0, 17, 0, 0, 235, 5, 156]
1543002415846;[171, 0, 17, 255, 161, 74, 240, 60, 140, 0, 0, 107, 0, 0, 18, 0, 0, 237, 5, 147]
1543002415851;[171, 0, 17, 255, 161, 74, 240, 60, 140, 0, 0, 107, 0, 0, 17, 0, 0, 237, 5, 158]
1543002415857;[171, 0, 17, 255, 161, 74, 240, 60, 140, 0, 0, 105, 0, 0, 17, 0, 0, 238, 5, 171]
1543002416018;[171, 0, 4, 255, 132, 128, 81]
1543002416022;[171, 0, 17, 255, 161, 74, 240, 60, 140, 0, 0, 107, 0, 0, 16, 0, 0, 235, 5, 165]
1543002416191;[171, 0, 17, 255, 161, 74, 240, 60, 140, 0, 0, 104, 0, 0, 16, 0, 0, 235, 5, 162]
1543002416195;[171, 0, 17, 255, 161, 74, 240, 60, 140, 0, 0, 105, 0, 0, 17, 0, 0, 237, 5, 153]
1543002416363;[171, 0, 17, 255, 161, 74, 240, 60, 140, 0, 0, 105, 0, 0, 17, 0, 0, 235, 5, 143]
1543002416367;[171, 0, 17, 255, 161, 74, 240, 60, 140, 0, 0, 106, 0, 0, 18, 0, 0, 237, 5, 139]
1543002416551;[171, 0, 17, 255, 161, 74, 240, 60, 140, 0, 0, 105, 0, 0, 16, 0, 0, 238, 5, 132]
1543002416707;[171, 0, 17, 255, 161, 74, 240, 60, 141, 0, 0, 106, 0, 0, 16, 0, 0, 236, 5, 161]
1543002416711;[171, 0, 17, 255, 161, 74, 240, 60, 141, 0, 0, 108, 0, 0, 17, 0, 0, 238, 5, 164]
1543002417229;[171, 0, 17, 255, 161, 74, 240, 60, 141, 0, 0, 107, 0, 0, 18, 0, 0, 236, 5, 149]
1543002417232;[171, 0, 17, 255, 161, 74, 240, 60, 141, 0, 0, 105, 0, 0, 16, 0, 0, 238, 5, 141]
1543002417236;[171, 0, 4, 255, 132, 128, 81]
1543002417239;[171, 0, 17, 255, 161, 74, 240, 60, 141, 0, 0, 104, 0, 0, 19, 0, 0, 238, 5, 138]
1543002417401;[171, 0, 17, 255, 161, 74, 240, 60, 141, 0, 0, 107, 0, 0, 16, 0, 0, 237, 5, 132]
1543002417406;[171, 0, 17, 255, 161, 74, 240, 60, 141, 0, 0, 107, 0, 0, 16, 0, 0, 239, 5, 114]
1543002417409;[171, 0, 17, 255, 161, 74, 240, 60, 141, 0, 0, 104, 0, 0, 18, 0, 0, 236, 5, 125]
1543002417573;[171, 0, 17, 255, 161, 74, 240, 60, 141, 0, 0, 108, 0, 0, 18, 0, 0, 237, 5, 131]
1543002417577;[171, 0, 17, 255, 161, 74, 240, 60, 141, 0, 0, 107, 0, 0, 17, 0, 0, 239, 5, 132]
1543002417919;[171, 0, 17, 255, 161, 74, 240, 60, 142, 0, 0, 106, 0, 0, 17, 0, 0, 236, 5, 127]
1543002417921;[171, 0, 17, 255, 161, 74, 240, 60, 142, 0, 0, 106, 0, 0, 18, 0, 0, 237, 5, 117]
1543002417925;[171, 0, 17, 255, 161, 74, 240, 60, 142, 0, 0, 107, 0, 0, 16, 0, 0, 236, 5, 108]
1543002418089;[171, 0, 17, 255, 161, 74, 240, 60, 142, 0, 0, 106, 0, 0, 15, 0, 0, 236, 5, 100]
1543002418095;[171, 0, 4, 255, 132, 128, 81]
1543002418432;[171, 0, 17, 255, 161, 74, 240, 60, 142, 0, 0, 106, 0, 0, 18, 0, 0, 237, 5, 114]
1543002418438;[171, 0, 17, 255, 161, 74, 240, 60, 142, 0, 0, 106, 0, 0, 16, 0, 0, 237, 5, 126]
1543002418440;[171, 0, 17, 255, 161, 74, 240, 60, 142, 0, 0, 106, 0, 0, 17, 0, 0, 236, 5, 125]
1543002418604;[171, 0, 17, 255, 161, 74, 240, 60, 142, 0, 0, 106, 0, 0, 16, 0, 0, 236, 5, 111]
1543002418608;[171, 0, 17, 255, 161, 74, 240, 60, 142, 0, 0, 107, 0, 0, 16, 0, 0, 237, 5, 104]
1543002418778;[171, 0, 17, 255, 161, 74, 240, 60, 142, 0, 0, 107, 0, 0, 17, 0, 0, 237, 5, 90]
1543002418782;[171, 0, 17, 255, 161, 74, 240, 60, 143, 0, 0, 109, 0, 0, 19, 0, 0, 239, 5, 86]
1543002418950;[171, 0, 17, 255, 161, 74, 240, 60, 143, 0, 0, 106, 0, 0, 17, 0, 0, 237, 5, 81]
1543002419123;[171, 0, 17, 255, 161, 74, 240, 60, 143, 0, 0, 105, 0, 0, 21, 0, 0, 237, 5, 107]
1543002419126;[171, 0, 17, 255, 161, 74, 240, 60, 143, 0, 0, 106, 0, 0, 15, 0, 0, 237, 5, 107]
1543002419295;[171, 0, 4, 255, 132, 128, 81]
1543002419299;[171, 0, 17, 255, 161, 74, 240, 60, 143, 0, 0, 109, 0, 0, 17, 0, 0, 237, 5, 102]
1543002419675;[171, 0, 17, 255, 161, 74, 240, 60, 143, 0, 0, 107, 0, 0, 15, 0, 0, 236, 5, 93]
1543002419676;[171, 0, 17, 255, 161, 74, 240, 60, 143, 0, 0, 105, 0, 0, 18, 0, 0, 236, 5, 83]
1543002419676;[171, 0, 17, 255, 161, 74, 240, 60, 143, 0, 0, 107, 0, 0, 17, 0, 0, 235, 5, 67]
1543002419812;[171, 0, 17, 255, 161, 74, 240, 60, 143, 0, 0, 107, 0, 0, 18, 0, 0, 237, 5, 55]
1543002419814;[171, 0, 17, 255, 161, 74, 240, 60, 143, 0, 0, 106, 0, 0, 17, 0, 0, 237, 5, 44]
1543002419985;[171, 0, 17, 255, 161, 74, 240, 60, 144, 0, 0, 106, 0, 0, 16, 0, 0, 237, 5, 58]
1543002419988;[171, 0, 17, 255, 161, 74, 240, 60, 144, 0, 0, 107, 0, 0, 18, 0, 0, 237, 5, 65]
1543002420158;[171, 0, 17, 255, 161, 74, 240, 60, 144, 0, 0, 107, 0, 0, 18, 0, 0, 235, 5, 57]
1543002420332;[171, 0, 17, 255, 161, 74, 240, 60, 144, 0, 0, 105, 0, 0, 18, 0, 0, 238, 5, 48]
1543002420335;[171, 0, 4, 255, 132, 128, 81]
1543002420503;[171, 0, 17, 255, 161, 74, 240, 60, 144, 0, 0, 105, 0, 0, 16, 0, 0, 237, 5, 44]
1543002420507;[171, 0, 17, 255, 161, 74, 240, 60, 144, 0, 0, 106, 0, 0, 17, 0, 0, 236, 5, 37]
1543002420677;[171, 0, 17, 255, 161, 74, 240, 60, 144, 0, 0, 105, 0, 0, 17, 0, 0, 237, 5, 25]
1543002420681;[171, 0, 17, 255, 161, 74, 240, 60, 144, 0, 0, 103, 0, 0, 19, 0, 0, 238, 5, 22]
1543002421021;[171, 0, 17, 255, 161, 74, 240, 60, 144, 0, 0, 106, 0, 0, 15, 0, 0, 235, 5, 39]
1543002421022;[171, 0, 17, 255, 161, 74, 240, 60, 144, 0, 0, 105, 0, 0, 15, 0, 0, 238, 5, 35]
1543002421025;[171, 0, 17, 255, 161, 74, 240, 60, 145, 0, 0, 106, 0, 0, 16, 0, 0, 237, 5, 28]
1543002421192;[171, 0, 17, 255, 161, 74, 240, 60, 145, 0, 0, 108, 0, 0, 16, 0, 0, 236, 5, 16]
1543002421196;[171, 0, 17, 255, 161, 74, 240, 60, 145, 0, 0, 107, 0, 0, 15, 0, 0, 235, 5, 18]
1543002421365;[171, 0, 17, 255, 161, 74, 240, 60, 145, 0, 0, 105, 0, 0, 17, 0, 0, 238, 5, 3]
1543002421368;[171, 0, 4, 255, 132, 128, 81]
1543002421537;[171, 0, 17, 255, 161, 74, 240, 60, 145, 0, 0, 104, 0, 0, 18, 0, 0, 237, 4, 254]
1543002421711;[171, 0, 17, 255, 161, 74, 240, 60, 145, 0, 0, 105, 0, 0, 17, 0, 0, 237, 5, 22]
1543002421715;[171, 0, 17, 255, 161, 74, 240, 60, 145, 0, 0, 107, 0, 0, 18, 0, 0, 236, 5, 14]
1543002421883;[171, 0, 17, 255, 161, 74, 240, 60, 145, 0, 0, 106, 0, 0, 17, 0, 0, 237, 5, 5]
1543002421889;[171, 0, 17, 255, 161, 74, 240, 60, 145, 0, 0, 104, 0, 0, 18, 0, 0, 237, 5, 5]
1543002422228;[171, 0, 17, 255, 161, 74, 240, 60, 145, 0, 0, 107, 0, 0, 17, 0, 0, 235, 4, 250]
1543002422232;[171, 0, 17, 255, 161, 74, 240, 60, 146, 0, 0, 103, 0, 0, 17, 0, 0, 236, 4, 243]
1543002422238;[171, 0, 17, 255, 161, 74, 240, 60, 146, 0, 0, 107, 0, 0, 16, 0, 0, 236, 4, 230]
1543002422401;[171, 0, 17, 255, 161, 74, 240, 60, 146, 0, 0, 107, 0, 0, 20, 0, 0, 237, 4, 234]
1543002422408;[171, 0, 17, 255, 161, 74, 240, 60, 146, 0, 0, 107, 0, 0, 18, 0, 0, 238, 4, 251]
1543002422573;[171, 0, 4, 255, 132, 128, 81]
1543002422577;[171, 0, 17, 255, 161, 74, 240, 60, 146, 0, 0, 105, 0, 0, 17, 0, 0, 237, 4, 242]
1543002422745;[171, 0, 17, 255, 161, 74, 240, 60, 146, 0, 0, 107, 0, 0, 17, 0, 0, 236, 4, 240]
1543002422918;[171, 0, 17, 255, 161, 74, 240, 60, 146, 0, 0, 107, 0, 0, 17, 0, 0, 238, 4, 227]
1543002422922;[171, 0, 17, 255, 161, 74, 240, 60, 146, 0, 0, 104, 0, 0, 16, 0, 0, 239, 4, 222]
1543002423091;[171, 0, 17, 255, 161, 74, 240, 60, 146, 0, 0, 107, 0, 0, 18, 0, 0, 238, 4, 215]
1543002423095;[171, 0, 17, 255, 161, 74, 240, 60, 146, 0, 0, 106, 0, 0, 16, 0, 0, 235, 4, 199]
1543002423264;[171, 0, 17, 255, 161, 74, 240, 60, 147, 0, 0, 107, 0, 0, 18, 0, 0, 236, 4, 207]
1543002423268;[171, 0, 17, 255, 161, 74, 240, 60, 147, 0, 0, 105, 0, 0, 18, 0, 0, 237, 4, 223]
1543002423607;[171, 0, 17, 255, 161, 74, 240, 60, 147, 0, 0, 107, 0, 0, 17, 0, 0, 236, 4, 209]
1543002423610;[171, 0, 17, 255, 161, 74, 240, 60, 147, 0, 0, 106, 0, 0, 18, 0, 0, 236, 4, 200]
1543002423613;[171, 0, 4, 255, 132, 128, 81]
1543002423780;[171, 0, 17, 255, 161, 74, 240, 60, 147, 0, 0, 106, 0, 0, 17, 0, 0, 238, 4, 200]
1543002423784;[171, 0, 17, 255, 161, 74, 240, 60, 147, 0, 0, 105, 0, 0, 19, 0, 0, 237, 4, 194]
1543002423951;[171, 0, 17, 255, 161, 74, 240, 60, 147, 0, 0, 105, 0, 0, 16, 0, 0, 237, 4, 179]
1543002424299;[171, 0, 17, 255, 161, 74, 240, 60, 147, 0, 0, 106, 0, 0, 18, 0, 0, 236, 4, 181]
1543002424303;[171, 0, 17, 255, 161, 74, 240, 60, 147, 0, 0, 105, 0, 0, 18, 0, 0, 235, 4, 196]
1543002424309;[171, 0, 17, 255, 161, 74, 240, 60, 147, 0, 0, 104, 0, 0, 18, 0, 0, 235, 4, 193]
1543002424320;[171, 0, 17, 255, 161, 74, 240, 60, 148, 0, 0, 106, 0, 0, 17, 0, 0, 237, 4, 186]
1543002424468;[171, 0, 17, 255, 161, 74, 240, 60, 148, 0, 0, 106, 0, 0, 16, 0, 0, 237, 4, 179]
1543002424472;[171, 0, 17, 255, 161, 74, 240, 60, 148, 0, 0, 105, 0, 0, 16, 0, 0, 237, 4, 175]
1543002424817;[171, 0, 17, 255, 161, 74, 240, 60, 148, 0, 0, 109, 0, 0, 20, 0, 0, 239, 4, 164]
1543002424824;[171, 0, 4, 255, 132, 128, 81]
1543002424827;[171, 0, 17, 255, 161, 74, 240, 60, 148, 0, 0, 106, 0, 0, 15, 0, 0, 238, 4, 168]
1543002425161;[171, 0, 17, 255, 161, 74, 240, 60, 148, 0, 0, 108, 0, 0, 17, 0, 0, 237, 4, 188]
1543002425165;[171, 0, 17, 255, 161, 74, 240, 60, 148, 0, 0, 106, 0, 0, 16, 0, 0, 237, 4, 184]
1543002425169;[171, 0, 17, 255, 161, 74, 240, 60, 148, 0, 0, 106, 0, 0, 18, 0, 0, 236, 4, 175]
1543002425173;[171, 0, 17, 255, 161, 74, 240, 60, 148, 0, 0, 107, 0, 0, 17, 0, 0, 237, 4, 163]
1543002425334;[171, 0, 17, 255, 161, 74, 240, 60, 148, 0, 0, 108, 0, 0, 16, 0, 0, 237, 4, 162]
1543002425511;[171, 0, 17, 255, 161, 74, 240, 60, 149, 0, 0, 106, 0, 0, 15, 0, 0, 237, 4, 156]
1543002425513;[171, 0, 17, 255, 161, 74, 240, 60, 149, 0, 0, 105, 0, 0, 16, 0, 0, 236, 4, 148]
1543002425678;[171, 0, 17, 255, 161, 74, 240, 60, 149, 0, 0, 106, 0, 0, 17, 0, 0, 235, 4, 161]
1543002425682;[171, 0, 17, 255, 161, 74, 240, 60, 149, 0, 0, 107, 0, 0, 18, 0, 0, 238, 4, 164]
1543002426196;[171, 0, 4, 255, 132, 128, 81]
1543002426199;[171, 0, 17, 255, 161, 74, 240, 60, 149, 0, 0, 104, 0, 0, 16, 0, 0, 237, 4, 162]
1543002426203;[171, 0, 17, 255, 161, 74, 240, 60, 149, 0, 0, 105, 0, 0, 17, 0, 0, 237, 4, 154]
1543002426206;[171, 0, 17, 255, 161, 74, 240, 60, 149, 0, 0, 105, 0, 0, 17, 0, 0, 237, 4, 143]
1543002426372;[171, 0, 17, 255, 161, 74, 240, 60, 149, 0, 0, 109, 0, 0, 16, 0, 0, 236, 4, 134]
1543002426375;[171, 0, 17, 255, 161, 74, 240, 60, 149, 0, 0, 103, 0, 0, 18, 0, 0, 236, 4, 126]
1543002426378;[171, 0, 17, 255, 161, 74, 240, 60, 149, 0, 0, 106, 0, 0, 17, 0, 0, 237, 4, 118]
1543002426538;[171, 0, 17, 255, 161, 74, 240, 60, 150, 0, 0, 106, 0, 0, 19, 0, 0, 236, 4, 129]
1543002426714;[171, 0, 17, 255, 161, 74, 240, 60, 150, 0, 0, 106, 0, 0, 16, 0, 0, 237, 4, 130]
1543002426717;[171, 0, 17, 255, 161, 74, 240, 60, 150, 0, 0, 107, 0, 0, 17, 0, 0, 238, 4, 126]
1543002426888;[171, 0, 17, 255, 161, 74, 240, 60, 150, 0, 0, 107, 0, 0, 16, 0, 0, 238, 4, 121]
1543002426890;[171, 0, 4, 255, 132, 128, 81]
1543002427058;[171, 0, 17, 255, 161, 74, 240, 60, 150, 0, 0, 104, 0, 0, 18, 0, 0, 237, 4, 114]
1543002427406;[171, 0, 17, 255, 161, 74, 240, 60, 150, 0, 0, 105, 0, 0, 19, 0, 0, 236, 4, 115]
1543002427409;[171, 0, 17, 255, 161, 74, 240, 60, 150, 0, 0, 106, 0, 0, 16, 0, 0, 236, 4, 98]
1543002427413;[171, 0, 17, 255, 161, 74, 240, 60, 150, 0, 0, 107, 0, 0, 17, 0, 0, 238, 4, 113]
1543002427419;[171, 0, 17, 255, 161, 74, 240, 60, 150, 0, 0, 106, 0, 0, 17, 0, 0, 236, 4, 120]
1543002427576;[171, 0, 17, 255, 161, 74, 240, 60, 150, 0, 0, 104, 0, 0, 17, 0, 0, 237, 4, 115]
1543002427580;[171, 0, 17, 255, 161, 74, 240, 60, 151, 0, 0, 105, 0, 0, 17, 0, 0, 236, 4, 108]
1543002427749;[171, 0, 17, 255, 161, 74, 240, 60, 151, 0, 0, 106, 0, 0, 19, 0, 0, 237, 4, 109]
1543002427921;[171, 0, 17, 255, 161, 74, 240, 60, 151, 0, 0, 108, 0, 0, 17, 0, 0, 239, 4, 91]
1543002427924;[171, 0, 17, 255, 161, 74, 240, 60, 151, 0, 0, 107, 0, 0, 19, 0, 0, 235, 4, 90]
1543002428091;[171, 0, 4, 255, 132, 128, 81]
1543002428094;[171, 0, 17, 255, 161, 74, 240, 60, 151, 0, 0, 108, 0, 0, 16, 0, 0, 237, 4, 102]
1543002428267;[171, 0, 17, 255, 161, 74, 240, 60, 151, 0, 0, 105, 0, 0, 17, 0, 0, 239, 4, 113]
1543002428271;[171, 0, 17, 255, 161, 74, 240, 60, 151, 0, 0, 107, 0, 0, 18, 0, 0, 236, 4, 115]
1543002428611;[171, 0, 17, 255, 161, 74, 240, 60, 151, 0, 0, 105, 0, 0, 17, 0, 0, 237, 4, 102]
1543002428615;[171, 0, 17, 255, 161, 74, 240, 60, 151, 0, 0, 107, 0, 0, 16, 0, 0, 237, 4, 87]
1543002428619;[171, 0, 17, 255, 161, 74, 240, 60, 151, 0, 0, 105, 0, 0, 17, 0, 0, 237, 4, 86]
1543002428782;[171, 0, 17, 255, 161, 74, 240, 60, 152, 0, 0, 105, 0, 0, 19, 0, 0, 237, 4, 73]
1543002428786;[171, 0, 17, 255, 161, 74, 240, 60, 152, 0, 0, 106, 0, 0, 15, 0, 0, 236, 4, 74]
1543002428954;[171, 0, 17, 255, 161, 74, 240, 60, 152, 0, 0, 106, 0, 0, 16, 0, 0, 238, 4, 84]
1543002429128;[171, 0, 17, 255, 161, 74, 240, 60, 152, 0, 0, 107, 0, 0, 18, 0, 0, 236, 4, 87]
1543002429131;[171, 0, 4, 255, 132, 128, 81]
1543002429299;[171, 0, 17, 255, 161, 74, 240, 60, 152, 0, 0, 107, 0, 0, 16, 0, 0, 237, 4, 75]
1543002429302;[171, 0, 17, 255, 161, 74, 240, 60, 152, 0, 0, 105, 0, 0, 17, 0, 0, 238, 4, 78]
1543002429473;[171, 0, 17, 255, 161, 74, 240, 60, 152, 0, 0, 105, 0, 0, 16, 0, 0, 238, 4, 58]
1543002429477;[171, 0, 17, 255, 161, 74, 240, 60, 152, 0, 0, 107, 0, 0, 17, 0, 0, 238, 4, 58]
1543002429646;[171, 0, 17, 255, 161, 74, 240, 60, 152, 0, 0, 106, 0, 0, 17, 0, 0, 237, 4, 37]
1543002429992;[171, 0, 17, 255, 161, 74, 240, 60, 152, 0, 0, 104, 0, 0, 17, 0, 0, 236, 4, 39]
1543002429996;[171, 0, 17, 255, 161, 74, 240, 60, 153, 0, 0, 105, 0, 0, 17, 0, 0, 236, 4, 56]
1543002430000;[171, 0, 17, 255, 161, 74, 240, 60, 153, 0, 0, 108, 0, 0, 18, 0, 0, 236, 4, 55]
1543002430003;[171, 0, 17, 255, 161, 74, 240, 60, 153, 0, 0, 104, 0, 0, 19, 0, 0, 237, 4, 34]
1543002430162;[171, 0, 17, 255, 161, 74, 240, 60, 153, 0, 0, 106, 0, 0, 17, 0, 0, 239, 4, 31]
1543002430164;[171, 0, 4, 255, 132, 128, 81]
1543002430335;[171, 0, 17, 255, 161, 74, 240, 60, 153, 0, 0, 107, 0, 0, 17, 0, 0, 239, 4, 36]
1543002430682;[171, 0, 17, 255, 161, 74, 240, 60, 153, 0, 0, 106, 0, 0, 16, 0, 0, 238, 4, 34]
1543002430686;[171, 0, 17, 255, 161, 74, 240, 60, 153, 0, 0, 105, 0, 0, 19, 0, 0, 236, 4, 13]
1543002430689;[171, 0, 17, 255, 161, 74, 240, 60, 153, 0, 0, 104, 0, 0, 18, 0, 0, 236, 4, 26]
1543002430692;[171, 0, 17, 255, 161, 74, 240, 60, 153, 0, 0, 108, 0, 0, 17, 0, 0, 237, 4, 32]
1543002430852;[171, 0, 17, 255, 161, 74, 240, 60, 153, 0, 0, 107, 0, 0, 19, 0, 0, 237, 4, 34]
1543002431199;[171, 0, 17, 255, 161, 74, 240, 60, 154, 0, 0, 108, 0, 0, 17, 0, 0, 238, 4, 19]
1543002431203;[171, 0, 17, 255, 161, 74, 240, 60, 154, 0, 0, 106, 0, 0, 17, 0, 0, 238, 4, 16]
1543002431207;[171, 0, 17, 255, 161, 74, 240, 60, 154, 0, 0, 106, 0, 0, 17, 0, 0, 236, 4, 9]
1543002431390;[171, 0, 17, 255, 161, 74, 240, 60, 156, 0, 0, 104, 0, 0, 18, 0, 0, 238, 3, 203]
1543002431543;[171, 0, 17, 255, 161, 74, 240, 60, 156, 0, 0, 104, 0, 0, 19, 0, 0, 237, 3, 194]
1543002431891;[171, 0, 17, 255, 161, 74, 240, 60, 156, 0, 0, 105, 0, 0, 18, 0, 0, 237, 3, 193]
1543002431896;[171, 0, 17, 255, 161, 74, 240, 60, 156, 0, 0, 107, 0, 0, 18, 0, 0, 238, 3, 184]
1543002431902;[171, 0, 17, 255, 161, 74, 240, 60, 156, 0, 0, 105, 0, 0, 16, 0, 0, 237, 3, 178]
1543002431903;[171, 0, 17, 255, 161, 74, 240, 60, 156, 0, 0, 109, 0, 0, 16, 0, 0, 237, 3, 171]
1543002432061;[171, 0, 17, 255, 161, 74, 240, 60, 157, 0, 0, 104, 0, 0, 18, 0, 0, 237, 3, 187]
1543002432065;[171, 0, 17, 255, 161, 74, 240, 60, 157, 0, 0, 105, 0, 0, 17, 0, 0, 237, 3, 183]
1543002432233;[171, 0, 17, 255, 161, 74, 240, 60, 157, 0, 0, 109, 0, 0, 16, 0, 0, 237, 3, 172]
1543002432579;[171, 0, 17, 255, 161, 74, 240, 60, 157, 0, 0, 108, 0, 0, 17, 0, 0, 237, 3, 171]
1543002432582;[171, 0, 4, 255, 132, 128, 80]
1543002432586;[171, 0, 17, 255, 161, 74, 240, 60, 157, 0, 0, 108, 0, 0, 16, 0, 0, 238, 3, 171]
1543002432589;[171, 0, 17, 255, 161, 74, 240, 60, 157, 0, 0, 106, 0, 0, 16, 0, 0, 236, 3, 157]
1543002432750;[171, 0, 17, 255, 161, 74, 240, 60, 157, 0, 0, 107, 0, 0, 19, 0, 0, 237, 3, 153]
1543002432924;[171, 0, 17, 255, 161, 74, 240, 60, 157, 0, 0, 107, 0, 0, 17, 0, 0, 236, 3, 174]
1543002432927;[171, 0, 17, 255, 161, 74, 240, 60, 157, 0, 0, 107, 0, 0, 15, 0, 0, 237, 3, 173]
1543002433095;[171, 0, 17, 255, 161, 74, 240, 60, 157, 0, 0, 105, 0, 0, 17, 0, 0, 237, 3, 165]
1543002433099;[171, 0, 17, 255, 161, 74, 240, 60, 158, 0, 0, 105, 0, 0, 18, 0, 0, 237, 3, 162]
1543002433269;[171, 0, 17, 255, 161, 74, 240, 60, 158, 0, 0, 106, 0, 0, 17, 0, 0, 237, 3, 144]
1543002433273;[171, 0, 17, 255, 161, 74, 240, 60, 158, 0, 0, 107, 0, 0, 18, 0, 0, 237, 3, 144]
1543002433440;[171, 0, 17, 255, 161, 74, 240, 60, 158, 0, 0, 105, 0, 0, 19, 0, 0, 236, 3, 136]
1543002433791;[171, 0, 4, 255, 132, 128, 80]
1543002433794;[171, 0, 17, 255, 161, 74, 240, 60, 158, 0, 0, 107, 0, 0, 17, 0, 0, 236, 3, 132]
1543002433796;[171, 0, 17, 255, 161, 74, 240, 60, 158, 0, 0, 106, 0, 0, 17, 0, 0, 237, 3, 151]
1543002433799;[171, 0, 17, 255, 161, 74, 240, 60, 158, 0, 0, 106, 0, 0, 18, 0, 0, 237, 3, 148]
1543002433963;[171, 0, 17, 255, 161, 74, 240, 60, 158, 0, 0, 107, 0, 0, 17, 0, 0, 235, 3, 145]
1543002434132;[171, 0, 17, 255, 161, 74, 240, 60, 158, 0, 0, 107, 0, 0, 17, 0, 0, 236, 3, 134]
1543002434135;[171, 0, 17, 255, 161, 74, 240, 60, 158, 0, 0, 106, 0, 0, 17, 0, 0, 238, 3, 123]
1543002434303;[171, 0, 17, 255, 161, 74, 240, 60, 159, 0, 0, 107, 0, 0, 18, 0, 0, 238, 3, 122]
1543002434306;[171, 0, 17, 255, 161, 74, 240, 60, 159, 0, 0, 106, 0, 0, 18, 0, 0, 237, 3, 106]
1543002434476;[171, 0, 17, 255, 161, 74, 240, 60, 159, 0, 0, 107, 0, 0, 18, 0, 0, 237, 3, 99]
1543002434479;[171, 0, 17, 255, 161, 74, 240, 60, 159, 0, 0, 106, 0, 0, 16, 0, 0, 236, 3, 105]
1543002434658;[171, 0, 4, 255, 132, 128, 80]
1543002434992;[171, 0, 17, 255, 161, 74, 240, 60, 159, 0, 0, 108, 0, 0, 17, 0, 0, 235, 3, 122]
1543002434995;[171, 0, 17, 255, 161, 74, 240, 60, 159, 0, 0, 104, 0, 0, 17, 0, 0, 237, 3, 116]
1543002434998;[171, 0, 17, 255, 161, 74, 240, 60, 159, 0, 0, 106, 0, 0, 17, 0, 0, 239, 3, 104]
1543002435000;[171, 0, 17, 255, 161, 74, 240, 60, 159, 0, 0, 105, 0, 0, 16, 0, 0, 236, 3, 99]
1543002435166;[171, 0, 17, 255, 161, 74, 240, 60, 159, 0, 0, 104, 0, 0, 15, 0, 0, 236, 3, 94]
1543002435170;[171, 0, 17, 255, 161, 74, 240, 60, 159, 0, 0, 108, 0, 0, 17, 0, 0, 237, 3, 86]
1543002435339;[171, 0, 17, 255, 161, 74, 240, 60, 160, 0, 0, 106, 0, 0, 17, 0, 0, 238, 3, 82]
1543002435510;[171, 0, 17, 255, 161, 74, 240, 60, 160, 0, 0, 104, 0, 0, 16, 0, 0, 238, 3, 96]
1543002435513;[171, 0, 17, 255, 161, 74, 240, 60, 160, 0, 0, 107, 0, 0, 17, 0, 0, 236, 3, 97]
1543002435684;[171, 0, 17, 255, 161, 74, 240, 60, 160, 0, 0, 107, 0, 0, 16, 0, 0, 238, 3, 87]
1543002435687;[171, 0, 4, 255, 132, 128, 79]
1543002435855;[171, 0, 17, 255, 161, 74, 240, 60, 160, 0, 0, 107, 0, 0, 17, 0, 0, 237, 3, 84]
1543002436029;[171, 0, 17, 255, 161, 74, 240, 60, 160, 0, 0, 107, 0, 0, 16, 0, 0, 237, 3, 77]
1543002436033;[171, 0, 17, 255, 161, 74, 240, 60, 160, 0, 0, 106, 0, 0, 18, 0, 0, 238, 3, 75]
1543002436374;[171, 0, 17, 255, 161, 74, 240, 60, 160, 0, 0, 105, 0, 0, 20, 0, 0, 237, 3, 62]
1543002436378;[171, 0, 17, 255, 161, 74, 240, 60, 160, 0, 0, 106, 0, 0, 16, 0, 0, 237, 3, 80]
1543002436382;[171, 0, 17, 255, 161, 74, 240, 60, 160, 0, 0, 106, 0, 0, 16, 0, 0, 235, 3, 78]
1543002436388;[171, 0, 17, 255, 161, 74, 240, 60, 161, 0, 0, 104, 0, 0, 17, 0, 0, 238, 3, 73]
1543002436558;[171, 0, 17, 255, 161, 74, 240, 60, 161, 0, 0, 106, 0, 0, 17, 0, 0, 236, 3, 69]
1543002436718;[171, 0, 17, 255, 161, 74, 240, 60, 161, 0, 0, 105, 0, 0, 19, 0, 0, 238, 3, 70]
1543002436722;[171, 0, 17, 255, 161, 74, 240, 60, 161, 0, 0, 106, 0, 0, 17, 0, 0, 237, 3, 51]
1543002437065;[171, 0, 4, 255, 132, 128, 79]
1543002437069;[171, 0, 17, 255, 161, 74, 240, 60, 161, 0, 0, 107, 0, 0, 18, 0, 0, 239, 3, 51]
1543002437073;[171, 0, 17, 255, 161, 74, 240, 60, 161, 0, 0, 105, 0, 0, 15, 0, 0, 236, 3, 47]
1543002437077;[171, 0, 17, 255, 161, 74, 240, 60, 161, 0, 0, 106, 0, 0, 16, 0, 0, 236, 3, 59]
1543002437236;[171, 0, 17, 255, 161, 74, 240, 60, 161, 0, 0, 107, 0, 0, 16, 0, 0, 237, 3, 58]
1543002437582;[171, 0, 17, 255, 161, 74, 240, 60, 161, 0, 0, 106, 0, 0, 16, 0, 0, 236, 3, 52]
1543002437587;[171, 0, 17, 255, 161, 74, 240, 60, 161, 0, 0, 105, 0, 0, 15, 0, 0, 236, 3, 50]
1543002437591;[171, 0, 17, 255, 161, 74, 240, 60, 162, 0, 0, 104, 0, 0, 17, 0, 0, 236, 3, 39]
1543002437595;[171, 0, 17, 255, 161, 74, 240, 60, 162, 0, 0, 107, 0, 0, 18, 0, 0, 237, 3, 36]
1543002437753;[171, 0, 17, 255, 161, 74, 240, 60, 162, 0, 0, 106, 0, 0, 16, 0, 0, 236, 3, 13]
1543002437932;[171, 0, 17, 255, 161, 74, 240, 60, 162, 0, 0, 106, 0, 0, 18, 0, 0, 238, 3, 12]
1543002437933;[171, 0, 4, 255, 132, 128, 79]
1543002438272;[171, 0, 17, 255, 161, 74, 240, 60, 162, 0, 0, 104, 0, 0, 17, 0, 0, 237, 3, 24]
1543002438276;[171, 0, 17, 255, 161, 74, 240, 60, 162, 0, 0, 106, 0, 0, 18, 0, 0, 237, 3, 31]
1543002438280;[171, 0, 17, 255, 161, 74, 240, 60, 162, 0, 0, 106, 0, 0, 17, 0, 0, 237, 3, 24]
1543002438284;[171, 0, 17, 255, 161, 74, 240, 60, 162, 0, 0, 106, 0, 0, 17, 0, 0, 236, 3, 16]
1543002438440;[171, 0, 17, 255, 161, 74, 240, 60, 162, 0, 0, 105, 0, 0, 14, 0, 0, 237, 3, 7]
1543002438617;[171, 0, 17, 255, 161, 74, 240, 60, 162, 0, 0, 107, 0, 0, 16, 0, 0, 236, 3, 1]
1543002438621;[171, 0, 17, 255, 161, 74, 240, 60, 163, 0, 0, 105, 0, 0, 17, 0, 0, 237, 2, 250]
1543002438963;[171, 0, 17, 255, 161, 74, 240, 60, 163, 0, 0, 105, 0, 0, 17, 0, 0, 237, 3, 7]
1543002438968;[171, 0, 17, 255, 161, 74, 240, 60, 163, 0, 0, 107, 0, 0, 16, 0, 0, 238, 3, 15]
1543002438975;[171, 0, 17, 255, 161, 74, 240, 60, 163, 0, 0, 104, 0, 0, 18, 0, 0, 237, 3, 3]
1543002438981;[171, 0, 4, 255, 132, 128, 78]
1543002439134;[171, 0, 17, 255, 161, 74, 240, 60, 163, 0, 0, 104, 0, 0, 18, 0, 0, 238, 2, 251]
1543002439305;[171, 0, 17, 255, 161, 74, 240, 60, 163, 0, 0, 108, 0, 0, 16, 0, 0, 238, 2, 251]
1543002439308;[171, 0, 17, 255, 161, 74, 240, 60, 163, 0, 0, 108, 0, 0, 16, 0, 0, 236, 2, 246]
1543002439478;[171, 0, 17, 255, 161, 74, 240, 60, 163, 0, 0, 103, 0, 0, 17, 0, 0, 237, 2, 231]
1543002439482;[171, 0, 17, 255, 161, 74, 240, 60, 163, 0, 0, 107, 0, 0, 19, 0, 0, 239, 2, 242]
1543002439650;[171, 0, 17, 255, 161, 74, 240, 60, 163, 0, 0, 106, 0, 0, 16, 0, 0, 237, 2, 255]
1543002439823;[171, 0, 17, 255, 161, 74, 240, 60, 164, 0, 0, 107, 0, 0, 19, 0, 0, 236, 2, 254]
1543002439827;[171, 0, 17, 255, 161, 74, 240, 60, 164, 0, 0, 108, 0, 0, 19, 0, 0, 237, 2, 244]
1543002440169;[171, 0, 17, 255, 161, 74, 240, 60, 164, 0, 0, 107, 0, 0, 17, 0, 0, 236, 2, 237]
1543002440173;[171, 0, 17, 255, 161, 74, 240, 60, 164, 0, 0, 105, 0, 0, 16, 0, 0, 236, 2, 227]
1543002440177;[171, 0, 4, 255, 132, 128, 78]
1543002440180;[171, 0, 17, 255, 161, 74, 240, 60, 164, 0, 0, 108, 0, 0, 17, 0, 0, 236, 2, 225]
1543002440343;[171, 0, 17, 255, 161, 74, 240, 60, 164, 0, 0, 106, 0, 0, 17, 0, 0, 237, 2, 219]
1543002440515;[171, 0, 17, 255, 161, 74, 240, 60, 164, 0, 0, 105, 0, 0, 17, 0, 0, 237, 2, 230]
1543002440517;[171, 0, 17, 255, 161, 74, 240, 60, 164, 0, 0, 107, 0, 0, 17, 0, 0, 235, 2, 233]
1543002440687;[171, 0, 17, 255, 161, 74, 240, 60, 164, 0, 0, 105, 0, 0, 15, 0, 0, 238, 2, 222]
1543002440690;[171, 0, 17, 255, 161, 74, 240, 60, 164, 0, 0, 107, 0, 0, 17, 0, 0, 236, 2, 221]
1543002440862;[171, 0, 17, 255, 161, 74, 240, 60, 165, 0, 0, 105, 0, 0, 17, 0, 0, 237, 2, 211]
1543002441031;[171, 0, 17, 255, 161, 74, 240, 60, 165, 0, 0, 105, 0, 0, 17, 0, 0, 235, 2, 208]
1543002441034;[171, 0, 17, 255, 161, 74, 240, 60, 165, 0, 0, 108, 0, 0, 18, 0, 0, 237, 2, 199]
1543002441550;[171, 0, 17, 255, 161, 74, 240, 60, 165, 0, 0, 107, 0, 0, 17, 0, 0, 238, 2, 192]
1543002441553;[171, 0, 4, 255, 132, 128, 78]
1543002441558;[171, 0, 17, 255, 161, 74, 240, 60, 165, 0, 0, 108, 0, 0, 18, 0, 0, 237, 2, 205]
1543002441561;[171, 0, 17, 255, 161, 74, 240, 60, 165, 0, 0, 107, 0, 0, 18, 0, 0, 237, 2, 210]
1543002441722;[171, 0, 17, 255, 161, 74, 240, 60, 165, 0, 0, 106, 0, 0, 16, 0, 0, 237, 2, 201]
1543002441725;[171, 0, 17, 255, 161, 74, 240, 60, 165, 0, 0, 106, 0, 0, 17, 0, 0, 236, 2, 192]
1543002441729;[171, 0, 17, 255, 161, 74, 240, 60, 165, 0, 0, 108, 0, 0, 19, 0, 0, 237, 2, 188]
1543002441893;[171, 0, 17, 255, 161, 74, 240, 60, 165, 0, 0, 105, 0, 0, 17, 0, 0, 236, 2, 183]
1543002441897;[171, 0, 17, 255, 161, 74, 240, 60, 166, 0, 0, 107, 0, 0, 18, 0, 0, 237, 2, 184]
1543002442066;[171, 0, 17, 255, 161, 74, 240, 60, 166, 0, 0, 105, 0, 0, 17, 0, 0, 235, 2, 197]
1543002442070;[171, 0, 17, 255, 161, 74, 240, 60, 166, 0, 0, 106, 0, 0, 16, 0, 0, 236, 2, 194]
1543002442239;[171, 0, 17, 255, 161, 74, 240, 60, 166, 0, 0, 106, 0, 0, 17, 0, 0, 236, 2, 191]
1543002442411;[171, 0, 4, 255, 132, 128, 78]
1543002442415;[171, 0, 17, 255, 161, 74, 240, 60, 166, 0, 0, 106, 0, 0, 18, 0, 0, 236, 2, 184]
1543002442758;[171, 0, 17, 255, 161, 74, 240, 60, 166, 0, 0, 106, 0, 0, 16, 0, 0, 237, 2, 180]
1543002442761;[171, 0, 17, 255, 161, 74, 240, 60, 166, 0, 0, 105, 0, 0, 17, 0, 0, 237, 2, 168]
1543002442765;[171, 0, 17, 255, 161, 74, 240, 60, 166, 0, 0, 107, 0, 0, 17, 0, 0, 237, 2, 154]
1543002442928;[171, 0, 17, 255, 161, 74, 240, 60, 166, 0, 0, 107, 0, 0, 16, 0, 0, 237, 2, 166]
1543002442932;[171, 0, 17, 255, 161, 74, 240, 60, 166, 0, 0, 106, 0, 0, 16, 0, 0, 236, 2, 178]
1543002443101;[171, 0, 17, 255, 161, 74, 240, 60, 167, 0, 0, 106, 0, 0, 16, 0, 0, 238, 2, 175]
1543002443106;[171, 0, 17, 255, 161, 74, 240, 60, 167, 0, 0, 107, 0, 0, 17, 0, 0, 237, 2, 166]
1543002443448;[171, 0, 17, 255, 161, 74, 240, 60, 167, 0, 0, 106, 0, 0, 17, 0, 0, 237, 2, 157]
1543002443453;[171, 0, 17, 255, 161, 74, 240, 60, 167, 0, 0, 107, 0, 0, 18, 0, 0, 238, 2, 152]
1543002443455;[171, 0, 4, 255, 132, 128, 78]
1543002443619;[171, 0, 17, 255, 161, 74, 240, 60, 167, 0, 0, 105, 0, 0, 17, 0, 0, 237, 2, 143]
1543002443623;[171, 0, 17, 255, 161, 74, 240, 60, 167, 0, 0, 109, 0, 0, 17, 0, 0, 237, 2, 136]
1543002443965;[171, 0, 17, 255, 161, 74, 240, 60, 167, 0, 0, 107, 0, 0, 18, 0, 0, 236, 2, 145]
1543002443970;[171, 0, 17, 255, 161, 74, 240, 60, 167, 0, 0, 107, 0, 0, 18, 0, 0, 236, 2, 150]
1543002443975;[171, 0, 17, 255, 161, 74, 240, 60, 167, 0, 0, 108, 0, 0, 17, 0, 0, 237, 2, 147]
1543002443980;[171, 0, 17, 255, 161, 74, 240, 60, 167, 0, 0, 104, 0, 0, 15, 0, 0, 237, 2, 129]
1543002444136;[171, 0, 17, 255, 161, 74, 240, 60, 168, 0, 0, 107, 0, 0, 19, 0, 0, 236, 2, 135]
1543002444307;[171, 0, 17, 255, 161, 74, 240, 60, 168, 0, 0, 105, 0, 0, 18, 0, 0, 237, 2, 123]
1543002444310;[171, 0, 17, 255, 161, 74, 240, 60, 168, 0, 0, 106, 0, 0, 20, 0, 0, 236, 2, 116]
1543002444482;[171, 0, 17, 255, 161, 74, 240, 60, 168, 0, 0, 105, 0, 0, 18, 0, 0, 237, 2, 115]
1543002444485;[171, 0, 4, 255, 132, 128, 79]
1543002444653;[171, 0, 17, 255, 161, 74, 240, 60, 168, 0, 0, 107, 0, 0, 16, 0, 0, 238, 2, 125]
1543002444827;[171, 0, 17, 255, 161, 74, 240, 60, 168, 0, 0, 107, 0, 0, 16, 0, 0, 239, 2, 130]
1543002444831;[171, 0, 17, 255, 161, 74, 240, 60, 168, 0, 0, 106, 0, 0, 19, 0, 0, 237, 2, 117]
1543002444997;[171, 0, 17, 255, 161, 74, 240, 60, 168, 0, 0, 108, 0, 0, 16, 0, 0, 236, 2, 117]
1543002445000;[171, 0, 17, 255, 161, 74, 240, 60, 168, 0, 0, 108, 0, 0, 18, 0, 0, 236, 2, 103]
1543002445343;[171, 0, 17, 255, 161, 74, 240, 60, 168, 0, 0, 108, 0, 0, 20, 0, 0, 237, 2, 100]
1543002445347;[171, 0, 17, 255, 161, 74, 240, 60, 169, 0, 0, 107, 0, 0, 17, 0, 0, 237, 2, 106]
1543002445350;[171, 0, 17, 255, 161, 74, 240, 60, 169, 0, 0, 106, 0, 0, 18, 0, 0, 238, 2, 107]
1543002445516;[171, 0, 17, 255, 161, 74, 240, 60, 169, 0, 0, 105, 0, 0, 19, 0, 0, 237, 2, 104]
1543002445519;[171, 0, 17, 255, 161, 74, 240, 60, 169, 0, 0, 108, 0, 0, 17, 0, 0, 235, 2, 103]
1543002445693;[171, 0, 4, 255, 132, 128, 79]
1543002445695;[171, 0, 17, 255, 161, 74, 240, 60, 169, 0, 0, 108, 0, 0, 17, 0, 0, 237, 2, 93]
1543002445861;[171, 0, 17, 255, 161, 74, 240, 60, 169, 0, 0, 105, 0, 0, 17, 0, 0, 234, 2, 91]
1543002445865;[171, 0, 17, 255, 161, 74, 240, 60, 169, 0, 0, 107, 0, 0, 17, 0, 0, 237, 2, 75]
1543002446033;[171, 0, 17, 255, 161, 74, 240, 60, 169, 0, 0, 106, 0, 0, 15, 0, 0, 235, 2, 63]
1543002446206;[171, 0, 17, 255, 161, 74, 240, 60, 169, 0, 0, 105, 0, 0, 17, 0, 0, 236, 2, 93]
1543002446210;[171, 0, 17, 255, 161, 74, 240, 60, 169, 0, 0, 108, 0, 0, 17, 0, 0, 236, 2, 86]
1543002446552;[171, 0, 17, 255, 161, 74, 240, 60, 170, 0, 0, 105, 0, 0, 16, 0, 0, 236, 2, 83]
1543002446554;[171, 0, 17, 255, 161, 74, 240, 60, 170, 0, 0, 106, 0, 0, 18, 0, 0, 237, 2, 68]
1543002446557;[171, 0, 17, 255, 161, 74, 240, 60, 170, 0, 0, 107, 0, 0, 18, 0, 0, 237, 2, 65]
1543002446723;[171, 0, 17, 255, 161, 74, 240, 60, 170, 0, 0, 106, 0, 0, 19, 0, 0, 237, 2, 62]
1543002446727;[171, 0, 4, 255, 132, 128, 79]
1543002446896;[171, 0, 17, 255, 161, 74, 240, 60, 170, 0, 0, 106, 0, 0, 19, 0, 0, 236, 2, 49]
1543002446900;[171, 0, 17, 255, 161, 74, 240, 60, 170, 0, 0, 106, 0, 0, 17, 0, 0, 236, 2, 59]
1543002447068;[171, 0, 17, 255, 161, 74, 240, 60, 170, 0, 0, 106, 0, 0, 16, 0, 0, 238, 2, 67]
1543002447071;[171, 0, 17, 255, 161, 74, 240, 60, 170, 0, 0, 106, 0, 0, 17, 0, 0, 237, 2, 62]
1543002447241;[171, 0, 17, 255, 161, 74, 240, 60, 170, 0, 0, 106, 0, 0, 16, 0, 0, 237, 2, 47]
1543002447416;[171, 0, 17, 255, 161, 74, 240, 60, 170, 0, 0, 106, 0, 0, 17, 0, 0, 237, 2, 41]
1543002447418;[171, 0, 17, 255, 161, 74, 240, 60, 171, 0, 0, 107, 0, 0, 18, 0, 0, 237, 2, 35]
1543002447587;[171, 0, 17, 255, 161, 74, 240, 60, 171, 0, 0, 106, 0, 0, 16, 0, 0, 237, 2, 24]
1543002447589;[171, 0, 17, 255, 161, 74, 240, 60, 171, 0, 0, 106, 0, 0, 16, 0, 0, 238, 2, 18]
1543002447932;[171, 0, 17, 255, 161, 74, 240, 60, 171, 0, 0, 107, 0, 0, 17, 0, 0, 235, 2, 34]
1543002447937;[171, 0, 4, 255, 132, 128, 79]
1543002447943;[171, 0, 17, 255, 161, 74, 240, 60, 171, 0, 0, 107, 0, 0, 15, 0, 0, 236, 2, 43]
1543002448281;[171, 0, 17, 255, 161, 74, 240, 60, 171, 0, 0, 105, 0, 0, 17, 0, 0, 237, 2, 34]
1543002448284;[171, 0, 17, 255, 161, 74, 240, 60, 171, 0, 0, 105, 0, 0, 18, 0, 0, 237, 2, 17]
1543002448287;[171, 0, 17, 255, 161, 74, 240, 60, 171, 0, 0, 106, 0, 0, 19, 0, 0, 236, 2, 17]
1543002448292;[171, 0, 17, 255, 161, 74, 240, 60, 171, 0, 0, 107, 0, 0, 16, 0, 0, 238, 2, 5]
1543002448448;[171, 0, 17, 255, 161, 74, 240, 60, 171, 0, 0, 108, 0, 0, 15, 0, 0, 236, 2, 3]
1543002448621;[171, 0, 17, 255, 161, 74, 240, 60, 172, 0, 0, 107, 0, 0, 18, 0, 0, 235, 2, 13]
1543002448625;[171, 0, 17, 255, 161, 74, 240, 60, 172, 0, 0, 106, 0, 0, 16, 0, 0, 236, 2, 16]
1543002448793;[171, 0, 17, 255, 161, 74, 240, 60, 172, 0, 0, 107, 0, 0, 18, 0, 0, 237, 2, 10]
1543002448797;[171, 0, 17, 255, 161, 74, 240, 60, 172, 0, 0, 106, 0, 0, 15, 0, 0, 237, 2, 0]
1543002449139;[171, 0, 4, 255, 132, 128, 79]
1543002449143;[171, 0, 17, 255, 161, 74, 240, 60, 172, 0, 0, 108, 0, 0, 17, 0, 0, 237, 1, 248]
1543002449147;[171, 0, 17, 255, 161, 74, 240, 60, 172, 0, 0, 105, 0, 0, 15, 0, 0, 236, 1, 247]
1543002449311;[171, 0, 17, 255, 161, 74, 240, 60, 172, 0, 0, 109, 0, 0, 17, 0, 0, 236, 1, 248]
1543002449315;[171, 0, 17, 255, 161, 74, 240, 60, 172, 0, 0, 108, 0, 0, 15, 0, 0, 237, 2, 3]
1543002449483;[171, 0, 17, 255, 161, 74, 240, 60, 172, 0, 0, 106, 0, 0, 17, 0, 0, 236, 2, 1]
1543002449487;[171, 0, 17, 255, 161, 74, 240, 60, 172, 0, 0, 109, 0, 0, 19, 0, 0, 235, 1, 254]
1543002449829;[171, 0, 17, 255, 161, 74, 240, 60, 173, 0, 0, 107, 0, 0, 16, 0, 0, 236, 1, 244]
1543002449834;[171, 0, 17, 255, 161, 74, 240, 60, 173, 0, 0, 106, 0, 0, 17, 0, 0, 236, 1, 245]
1543002449838;[171, 0, 17, 255, 161, 74, 240, 60, 173, 0, 0, 107, 0, 0, 18, 0, 0, 237, 1, 233]
1543002450001;[171, 0, 17, 255, 161, 74, 240, 60, 173, 0, 0, 106, 0, 0, 17, 0, 0, 236, 1, 226]
1543002450005;[171, 0, 4, 255, 132, 128, 79]
1543002450520;[171, 0, 17, 255, 161, 74, 240, 60, 173, 0, 0, 107, 0, 0, 16, 0, 0, 237, 1, 251]
1543002450524;[171, 0, 17, 255, 161, 74, 240, 60, 173, 0, 0, 108, 0, 0, 16, 0, 0, 236, 2, 2]
1543002450528;[171, 0, 17, 255, 161, 74, 240, 60, 173, 0, 0, 107, 0, 0, 18, 0, 0, 236, 1, 238]
1543002450532;[171, 0, 17, 255, 161, 74, 240, 60, 173, 0, 0, 107, 0, 0, 18, 0, 0, 237, 1, 230]
1543002450692;[171, 0, 17, 255, 161, 74, 240, 60, 173, 0, 0, 105, 0, 0, 17, 0, 0, 236, 1, 228]
1543002450696;[171, 0, 17, 255, 161, 74, 240, 60, 173, 0, 0, 108, 0, 0, 19, 0, 0, 237, 1, 218]
1543002450704;[171, 0, 17, 255, 161, 74, 240, 60, 174, 0, 0, 106, 0, 0, 16, 0, 0, 236, 1, 208]
1543002450863;[171, 0, 17, 255, 161, 74, 240, 60, 174, 0, 0, 105, 0, 0, 17, 0, 0, 237, 1, 212]
1543002450867;[171, 0, 17, 255, 161, 74, 240, 60, 174, 0, 0, 106, 0, 0, 15, 0, 0, 238, 1, 226]
1543002451036;[171, 0, 17, 255, 161, 74, 240, 60, 174, 0, 0, 105, 0, 0, 18, 0, 0, 238, 1, 210]
1543002451208;[171, 0, 4, 255, 132, 128, 80]
1543002451211;[171, 0, 17, 255, 161, 74, 240, 60, 174, 0, 0, 108, 0, 0, 18, 0, 0, 239, 1, 211]
1543002451390;[171, 0, 17, 255, 161, 74, 240, 60, 174, 0, 0, 107, 0, 0, 16, 0, 0, 236, 1, 204]
1543002451392;[171, 0, 17, 255, 161, 74, 240, 60, 174, 0, 0, 106, 0, 0, 16, 0, 0, 236, 1, 195]
1543002451726;[171, 0, 17, 255, 161, 74, 240, 60, 174, 0, 0, 107, 0, 0, 17, 0, 0, 237, 1, 182]
1543002451731;[171, 0, 17, 255, 161, 74, 240, 60, 174, 0, 0, 107, 0, 0, 17, 0, 0, 237, 1, 191]
1543002451735;[171, 0, 17, 255, 161, 74, 240, 60, 175, 0, 0, 104, 0, 0, 18, 0, 0, 238, 1, 196]
1543002451897;[171, 0, 17, 255, 161, 74, 240, 60, 175, 0, 0, 104, 0, 0, 17, 0, 0, 236, 1, 180]
1543002451902;[171, 0, 17, 255, 161, 74, 240, 60, 175, 0, 0, 107, 0, 0, 17, 0, 0, 236, 1, 179]
1543002452072;[171, 0, 17, 255, 161, 74, 240, 60, 175, 0, 0, 106, 0, 0, 17, 0, 0, 237, 1, 172]
1543002452075;[171, 0, 17, 255, 161, 74, 240, 60, 175, 0, 0, 104, 0, 0, 16, 0, 0, 236, 1, 164]
1543002452239;[171, 0, 4, 255, 132, 128, 80]
1543002452415;[171, 0, 17, 255, 161, 74, 240, 60, 175, 0, 0, 106, 0, 0, 14, 0, 0, 238, 1, 173]
1543002452417;[171, 0, 17, 255, 161, 74, 240, 60, 175, 0, 0, 107, 0, 0, 18, 0, 0, 236, 1, 185]
1543002452594;[171, 0, 17, 255, 161, 74, 240, 60, 175, 0, 0, 106, 0, 0, 18, 0, 0, 236, 1, 176]
1543002452596;[171, 0, 17, 255, 161, 74, 240, 60, 175, 0, 0, 106, 0, 0, 15, 0, 0, 237, 1, 171]
1543002452934;[171, 0, 17, 255, 161, 74, 240, 60, 175, 0, 0, 105, 0, 0, 17, 0, 0, 238, 1, 163]
1543002452938;[171, 0, 17, 255, 161, 74, 240, 60, 176, 0, 0, 106, 0, 0, 17, 0, 0, 237, 1, 161]
1543002452944;[171, 0, 17, 255, 161, 74, 240, 60, 176, 0, 0, 107, 0, 0, 15, 0, 0, 238, 1, 142]
1543002453106;[171, 0, 17, 255, 161, 74, 240, 60, 176, 0, 0, 106, 0, 0, 17, 0, 0, 237, 1, 153]
1543002453110;[171, 0, 17, 255, 161, 74, 240, 60, 176, 0, 0, 107, 0, 0, 18, 0, 0, 236, 1, 167]
1543002453278;[171, 0, 17, 255, 161, 74, 240, 60, 176, 0, 0, 105, 0, 0, 15, 0, 0, 238, 1, 161]
1543002453284;[171, 0, 4, 255, 132, 128, 80]
1543002453797;[171, 0, 17, 255, 161, 74, 240, 60, 176, 0, 0, 106, 0, 0, 17, 0, 0, 236, 1, 162]
1543002453801;[171, 0, 17, 255, 161, 74, 240, 60, 176, 0, 0, 105, 0, 0, 17, 0, 0, 237, 1, 146]
1543002453805;[171, 0, 17, 255, 161, 74, 240, 60, 176, 0, 0, 107, 0, 0, 18, 0, 0, 236, 1, 142]
1543002453809;[171, 0, 17, 255, 161, 74, 240, 60, 176, 0, 0, 106, 0, 0, 18, 0, 0, 237, 1, 133]
1543002453967;[171, 0, 17, 255, 161, 74, 240, 60, 176, 0, 0, 107, 0, 0, 17, 0, 0, 236, 1, 127]
1543002453970;[171, 0, 17, 255, 161, 74, 240, 60, 177, 0, 0, 108, 0, 0, 16, 0, 0, 236, 1, 142]
1543002453974;[171, 0, 17, 255, 161, 74, 240, 60, 177, 0, 0, 105, 0, 0, 15, 0, 0, 237, 1, 151]
1543002454313;[171, 0, 17, 255, 161, 74, 240, 60, 177, 0, 0, 107, 0, 0, 18, 0, 0, 236, 1, 138]
1543002454317;[171, 0, 17, 255, 161, 74, 240, 60, 177, 0, 0, 106, 0, 0, 17, 0, 0, 236, 1, 133]
1543002454485;[171, 0, 17, 255, 161, 74, 240, 60, 179, 0, 0, 108, 0, 0, 18, 0, 0, 236, 1, 75]
1543002454658;[171, 0, 17, 255, 161, 74, 240, 60, 179, 0, 0, 107, 0, 0, 19, 0, 0, 238, 1, 67]
1543002454662;[171, 0, 17, 255, 161, 74, 240, 60, 179, 0, 0, 108, 0, 0, 17, 0, 0, 236, 1, 59]
1543002454830;[171, 0, 17, 255, 161, 74, 240, 60, 179, 0, 0, 106, 0, 0, 19, 0, 0, 236, 1, 45]
1543002455004;[171, 0, 17, 255, 161, 74, 240, 60, 179, 0, 0, 104, 0, 0, 18, 0, 0, 237, 1, 41]
1543002455008;[171, 0, 17, 255, 161, 74, 240, 60, 180, 0, 0, 105, 0, 0, 18, 0, 0, 237, 1, 61]
1543002455189;[171, 0, 17, 255, 161, 74, 240, 60, 180, 0, 0, 106, 0, 0, 17, 0, 0, 236, 1, 63]
1543002455195;[171, 0, 17, 255, 161, 74, 240, 60, 180, 0, 0, 105, 0, 0, 18, 0, 0, 237, 1, 59]
1543002455518;[171, 0, 17, 255, 161, 74, 240, 60, 180, 0, 0, 107, 0, 0, 16, 0, 0, 236, 1, 49]
1543002455520;[171, 0, 17, 255, 161, 74, 240, 60, 180, 0, 0, 106, 0, 0, 19, 0, 0, 237, 1, 42]
1543002455522;[171, 0, 4, 255, 132, 128, 81]
1543002455692;[171, 0, 17, 255, 161, 74, 240, 60, 180, 0, 0, 107, 0, 0, 16, 0, 0, 236, 1, 34]
1543002455695;[171, 0, 17, 255, 161, 74, 240, 60, 180, 0, 0, 106, 0, 0, 17, 0, 0, 237, 1, 22]
1543002455866;[171, 0, 17, 255, 161, 74, 240, 60, 180, 0, 0, 104, 0, 0, 17, 0, 0, 237, 1, 12]
1543002455870;[171, 0, 17, 255, 161, 74, 240, 60, 180, 0, 0, 108, 0, 0, 17, 0, 0, 236, 1, 31]
1543002456212;[171, 0, 17, 255, 161, 74, 240, 60, 180, 0, 0, 108, 0, 0, 17, 0, 0, 237, 1, 37]
1543002456216;[171, 0, 17, 255, 161, 74, 240, 60, 181, 0, 0, 108, 0, 0, 17, 0, 0, 236, 1, 28]
1543002456219;[171, 0, 17, 255, 161, 74, 240, 60, 181, 0, 0, 106, 0, 0, 19, 0, 0, 237, 1, 25]
1543002456384;[171, 0, 17, 255, 161, 74, 240, 60, 181, 0, 0, 104, 0, 0, 16, 0, 0, 236, 1, 9]
1543002456388;[171, 0, 17, 255, 161, 74, 240, 60, 181, 0, 0, 104, 0, 0, 18, 0, 0, 237, 1, 4]
1543002457075;[171, 0, 17, 255, 161, 74, 240, 60, 181, 0, 0, 106, 0, 0, 16, 0, 0, 238, 0, 253]
1543002457079;[171, 0, 4, 255, 132, 128, 81]
1543002457083;[171, 0, 17, 255, 161, 74, 240, 60, 181, 0, 0, 108, 0, 0, 17, 0, 0, 236, 1, 8]
1543002457087;[171, 0, 17, 255, 161, 74, 240, 60, 181, 0, 0, 106, 0, 0, 18, 0, 0, 237, 1, 19]
1543002457248;[171, 0, 17, 255, 161, 74, 240, 60, 181, 0, 0, 106, 0, 0, 18, 0, 0, 236, 1, 17]
1543002457251;[171, 0, 17, 255, 161, 74, 240, 60, 181, 0, 0, 106, 0, 0, 18, 0, 0, 237, 1, 16]
1543002457255;[171, 0, 17, 255, 161, 74, 240, 60, 181, 0, 0, 106, 0, 0, 18, 0, 0, 236, 1, 2]
1543002457259;[171, 0, 17, 255, 161, 74, 240, 60, 182, 0, 0, 106, 0, 0, 19, 0, 0, 236, 0, 253]
1543002457425;[171, 0, 17, 255, 161, 74, 240, 60, 182, 0, 0, 108, 0, 0, 17, 0, 0, 237, 0, 242]
1543002457429;[171, 0, 17, 255, 161, 74, 240, 60, 182, 0, 0, 109, 0, 0, 16, 0, 0, 237, 0, 233]
1543002457591;[171, 0, 17, 255, 161, 74, 240, 60, 182, 0, 0, 104, 0, 0, 17, 0, 0, 235, 1, 7]
1543002457595;[171, 0, 17, 255, 161, 74, 240, 60, 182, 0, 0, 105, 0, 0, 18, 0, 0, 235, 1, 4]
1543002457763;[171, 0, 4, 255, 132, 128, 81]
1543002457768;[171, 0, 17, 255, 161, 74, 240, 60, 182, 0, 0, 104, 0, 0, 17, 0, 0, 236, 1, 4]
1543002458108;[171, 0, 17, 255, 161, 74, 240, 60, 182, 0, 0, 107, 0, 0, 18, 0, 0, 237, 0, 249]
1543002458111;[171, 0, 17, 255, 161, 74, 240, 60, 182, 0, 0, 107, 0, 0, 16, 0, 0, 237, 0, 236]
1543002458114;[171, 0, 17, 255, 161, 74, 240, 60, 182, 0, 0, 108, 0, 0, 16, 0, 0, 237, 0, 231]
1543002458281;[171, 0, 17, 255, 161, 74, 240, 60, 182, 0, 0, 106, 0, 0, 15, 0, 0, 238, 0, 220]
1543002458285;[171, 0, 17, 255, 161, 74, 240, 60, 183, 0, 0, 108, 0, 0, 18, 0, 0, 237, 0, 218]
1543002458451;[171, 0, 17, 255, 161, 74, 240, 60, 183, 0, 0, 106, 0, 0, 16, 0, 0, 235, 0, 235]
1543002458624;[171, 0, 17, 255, 161, 74, 240, 60, 183, 0, 0, 108, 0, 0, 17, 0, 0, 236, 0, 232]
1543002458627;[171, 0, 17, 255, 161, 74, 240, 60, 183, 0, 0, 107, 0, 0, 16, 0, 0, 237, 0, 227]
1543002458799;[171, 0, 17, 255, 161, 74, 240, 60, 183, 0, 0, 107, 0, 0, 16, 0, 0, 237, 0, 210]
1543002458803;[171, 0, 4, 255, 132, 128, 81]
1543002458970;[171, 0, 17, 255, 161, 74, 240, 60, 183, 0, 0, 105, 0, 0, 17, 0, 0, 235, 0, 211]
1543002458974;[171, 0, 17, 255, 161, 74, 240, 60, 183, 0, 0, 109, 0, 0, 16, 0, 0, 236, 16, 194]
1543002459317;[171, 0, 17, 255, 161, 74, 240, 60, 183, 0, 0, 105, 0, 0, 16, 0, 0, 237, 7, 203]
1543002459320;[171, 0, 17, 255, 161, 74, 240, 60, 183, 0, 0, 104, 0, 0, 17, 0, 0, 237, 7, 206]
1543002459324;[171, 0, 17, 255, 161, 74, 240, 60, 183, 0, 0, 106, 0, 0, 17, 0, 0, 237, 7, 214]
1543002459488;[171, 0, 17, 255, 161, 74, 240, 60, 184, 0, 0, 104, 0, 0, 18, 0, 0, 235, 7, 211]
1543002459491;[171, 0, 17, 255, 161, 74, 240, 60, 184, 0, 0, 108, 0, 0, 18, 0, 0, 236, 7, 200]
1543002459661;[171, 0, 17, 255, 161, 74, 240, 60, 184, 0, 0, 104, 0, 0, 16, 0, 0, 238, 7, 198]
1543002459666;[171, 0, 17, 255, 161, 74, 240, 60, 184, 0, 0, 105, 0, 0, 16, 0, 0, 236, 7, 185]
1543002459833;[171, 0, 17, 255, 161, 74, 240, 60, 184, 0, 0, 108, 0, 0, 17, 0, 0, 237, 7, 184]
1543002460004;[171, 0, 4, 255, 132, 128, 81]
1543002460017;[171, 0, 17, 255, 161, 74, 240, 60, 184, 0, 0, 106, 0, 0, 18, 0, 0, 236, 7, 193]
1543002460177;[171, 0, 17, 255, 161, 74, 240, 60, 184, 0, 0, 108, 0, 0, 17, 0, 0, 237, 7, 195]
1543002460180;[171, 0, 17, 255, 161, 74, 240, 60, 184, 0, 0, 106, 0, 0, 19, 0, 0, 238, 7, 198]
1543002460351;[171, 0, 17, 255, 161, 74, 240, 60, 184, 0, 0, 107, 0, 0, 16, 0, 0, 236, 7, 183]
1543002460697;[171, 0, 17, 255, 161, 74, 240, 60, 184, 0, 0, 108, 0, 0, 17, 0, 0, 237, 7, 178]
1543002460701;[171, 0, 17, 255, 161, 74, 240, 60, 185, 0, 0, 105, 0, 0, 17, 0, 0, 237, 7, 164]
1543002460705;[171, 0, 17, 255, 161, 74, 240, 60, 185, 0, 0, 106, 0, 0, 15, 0, 0, 236, 7, 161]
1543002460709;[171, 0, 17, 255, 161, 74, 240, 60, 185, 0, 0, 104, 0, 0, 17, 0, 0, 236, 7, 162]
1543002460868;[171, 0, 17, 255, 161, 74, 240, 60, 185, 0, 0, 106, 0, 0, 15, 0, 0, 236, 7, 180]
1543002460873;[171, 0, 17, 255, 161, 74, 240, 60, 185, 0, 0, 107, 0, 0, 18, 0, 0, 237, 7, 174]
1543002461040;[171, 0, 4, 255, 132, 128, 81]
1543002461388;[171, 0, 17, 255, 161, 74, 240, 60, 185, 0, 0, 105, 0, 0, 15, 0, 0, 237, 7, 174]
1543002461392;[171, 0, 17, 255, 161, 74, 240, 60, 185, 0, 0, 105, 0, 0, 16, 0, 0, 236, 7, 159]
1543002461396;[171, 0, 17, 255, 161, 74, 240, 60, 185, 0, 0, 108, 0, 0, 16, 0, 0, 237, 7, 155]
1543002461400;[171, 0, 17, 255, 161, 74, 240, 60, 185, 0, 0, 106, 0, 0, 15, 0, 0, 237, 7, 141]
1543002461559;[171, 0, 17, 255, 161, 74, 240, 60, 185, 0, 0, 106, 0, 0, 18, 0, 0, 237, 7, 139]
1543002461565;[171, 0, 17, 255, 161, 74, 240, 60, 186, 0, 0, 106, 0, 0, 18, 0, 0, 236, 7, 154]
1543002461905;[171, 0, 17, 255, 161, 74, 240, 60, 186, 0, 0, 107, 0, 0, 17, 0, 0, 236, 7, 151]
1543002461909;[171, 0, 17, 255, 161, 74, 240, 60, 186, 0, 0, 109, 0, 0, 16, 0, 0, 238, 7, 141]
1543002461913;[171, 0, 17, 255, 161, 74, 240, 60, 186, 0, 0, 106, 0, 0, 17, 0, 0, 238, 7, 139]
1543002462078;[171, 0, 17, 255, 161, 74, 240, 60, 186, 0, 0, 105, 0, 0, 18, 0, 0, 235, 7, 127]
1543002462082;[171, 0, 4, 255, 132, 128, 81]
1543002462248;[171, 0, 17, 255, 161, 74, 240, 60, 186, 0, 0, 106, 0, 0, 18, 0, 0, 236, 7, 120]
1543002462599;[171, 0, 17, 255, 161, 74, 240, 60, 186, 0, 0, 106, 0, 0, 17, 0, 0, 235, 7, 110]
1543002462601;[171, 0, 17, 255, 161, 74, 240, 60, 186, 0, 0, 106, 0, 0, 18, 0, 0, 236, 7, 125]
1543002462607;[171, 0, 17, 255, 161, 74, 240, 60, 186, 0, 0, 108, 0, 0, 17, 0, 0, 237, 7, 127]
1543002462611;[171, 0, 17, 255, 161, 74, 240, 60, 186, 0, 0, 106, 0, 0, 16, 0, 0, 236, 7, 118]
1543002462766;[171, 0, 17, 255, 161, 74, 240, 60, 187, 0, 0, 105, 0, 0, 17, 0, 0, 236, 7, 112]
1543002462770;[171, 0, 17, 255, 161, 74, 240, 60, 187, 0, 0, 108, 0, 0, 17, 0, 0, 237, 7, 93]
1543002462939;[171, 0, 17, 255, 161, 74, 240, 60, 187, 0, 0, 106, 0, 0, 17, 0, 0, 236, 7, 88]
1543002463284;[171, 0, 17, 255, 161, 74, 240, 60, 187, 0, 0, 108, 0, 0, 15, 0, 0, 234, 7, 81]
1543002463287;[171, 0, 17, 255, 161, 74, 240, 60, 187, 0, 0, 107, 0, 0, 18, 0, 0, 237, 7, 92]
1543002463291;[171, 0, 4, 255, 132, 128, 81]
1543002463456;[171, 0, 17, 255, 161, 74, 240, 60, 187, 0, 0, 105, 0, 0, 16, 0, 0, 237, 7, 107]
1543002463459;[171, 0, 17, 255, 161, 74, 240, 60, 187, 0, 0, 106, 0, 0, 18, 0, 0, 237, 7, 101]
1543002463629;[171, 0, 17, 255, 161, 74, 240, 60, 187, 0, 0, 107, 0, 0, 16, 0, 0, 236, 7, 91]
1543002463632;[171, 0, 17, 255, 161, 74, 240, 60, 187, 0, 0, 106, 0, 0, 17, 0, 0, 236, 7, 82]
1543002463801;[171, 0, 17, 255, 161, 74, 240, 60, 187, 0, 0, 108, 0, 0, 15, 0, 0, 237, 7, 76]
1543002463805;[171, 0, 17, 255, 161, 74, 240, 60, 192, 0, 0, 108, 0, 0, 18, 0, 0, 236, 7, 68]
1543002463975;[171, 0, 17, 255, 161, 74, 240, 60, 192, 0, 0, 107, 0, 0, 18, 0, 0, 236, 7, 77]
1543002463977;[171, 0, 17, 255, 161, 74, 240, 60, 192, 0, 0, 107, 0, 0, 18, 0, 0, 237, 7, 83]
1543002464146;[171, 0, 17, 255, 161, 74, 240, 60, 192, 0, 0, 106, 0, 0, 17, 0, 0, 236, 7, 84]
1543002464493;[171, 0, 17, 255, 161, 74, 240, 60, 192, 0, 0, 104, 0, 0, 17, 0, 0, 237, 7, 74]
1543002464497;[171, 0, 4, 255, 132, 128, 81]
1543002464501;[171, 0, 17, 255, 161, 74, 240, 60, 192, 0, 0, 107, 0, 0, 16, 0, 0, 235, 7, 71]
1543002464504;[171, 0, 17, 255, 161, 74, 240, 60, 192, 0, 0, 107, 0, 0, 17, 0, 0, 237, 7, 50]
1543002464663;[171, 0, 17, 255, 161, 74, 240, 60, 192, 0, 0, 107, 0, 0, 16, 0, 0, 235, 7, 51]
1543002464667;[171, 0, 17, 255, 161, 74, 240, 60, 192, 0, 0, 106, 0, 0, 19, 0, 0, 238, 7, 43]
1543002464835;[171, 0, 17, 255, 161, 74, 240, 60, 192, 0, 0, 105, 0, 0, 17, 0, 0, 236, 7, 55]
1543002465009;[171, 0, 17, 255, 161, 74, 240, 60, 193, 0, 0, 105, 0, 0, 17, 0, 0, 237, 7, 65]
1543002465012;[171, 0, 17, 255, 161, 74, 240, 60, 193, 0, 0, 107, 0, 0, 19, 0, 0, 235, 7, 53]
1543002465182;[171, 0, 17, 255, 161, 74, 240, 60, 193, 0, 0, 106, 0, 0, 17, 0, 0, 238, 7, 47]
1543002465186;[171, 0, 17, 255, 161, 74, 240, 60, 193, 0, 0, 108, 0, 0, 18, 0, 0, 236, 7, 41]
1543002465352;[171, 0, 17, 255, 161, 74, 240, 60, 193, 0, 0, 107, 0, 0, 17, 0, 0, 236, 7, 28]
1543002465871;[171, 0, 4, 255, 132, 128, 81]
1543002465874;[171, 0, 17, 255, 161, 74, 240, 60, 193, 0, 0, 106, 0, 0, 15, 0, 0, 236, 7, 22]
1543002465877;[171, 0, 17, 255, 161, 74, 240, 60, 193, 0, 0, 104, 0, 0, 17, 0, 0, 237, 7, 19]
1543002465880;[171, 0, 17, 255, 161, 74, 240, 60, 193, 0, 0, 107, 0, 0, 19, 0, 0, 237, 7, 26]
1543002466044;[171, 0, 17, 255, 161, 74, 240, 60, 193, 0, 0, 105, 0, 0, 20, 0, 0, 237, 7, 31]
1543002466048;[171, 0, 17, 255, 161, 74, 240, 60, 193, 0, 0, 108, 0, 0, 17, 0, 0, 236, 7, 28]
1543002466052;[171, 0, 17, 255, 161, 74, 240, 60, 194, 0, 0, 107, 0, 0, 18, 0, 0, 238, 7, 22]
1543002466215;[171, 0, 17, 255, 161, 74, 240, 60, 194, 0, 0, 107, 0, 0, 16, 0, 0, 236, 7, 9]
1543002466219;[171, 0, 17, 255, 161, 74, 240, 60, 194, 0, 0, 106, 0, 0, 16, 0, 0, 237, 6, 253]
1543002466389;[171, 0, 17, 255, 161, 74, 240, 60, 194, 0, 0, 106, 0, 0, 18, 0, 0, 235, 6, 254]
1543002466394;[171, 0, 17, 255, 161, 74, 240, 60, 194, 0, 0, 108, 0, 0, 18, 0, 0, 236, 7, 8]
1543002466560;[171, 0, 4, 255, 132, 128, 81]
1543002466563;[171, 0, 17, 255, 161, 74, 240, 60, 194, 0, 0, 107, 0, 0, 16, 0, 0, 237, 7, 28]
1543002466733;[171, 0, 17, 255, 161, 74, 240, 60, 194, 0, 0, 105, 0, 0, 17, 0, 0, 236, 7, 14]
1543002467080;[171, 0, 17, 255, 161, 74, 240, 60, 194, 0, 0, 106, 0, 0, 16, 0, 0, 236, 7, 5]
1543002467084;[171, 0, 17, 255, 161, 74, 240, 60, 194, 0, 0, 105, 0, 0, 16, 0, 0, 235, 7, 0]
1543002467088;[171, 0, 17, 255, 161, 74, 240, 60, 194, 0, 0, 106, 0, 0, 17, 0, 0, 237, 6, 244]
1543002467092;[171, 0, 17, 255, 161, 74, 240, 60, 195, 0, 0, 104, 0, 0, 19, 0, 0, 238, 6, 230]
1543002467251;[171, 0, 17, 255, 161, 74, 240, 60, 195, 0, 0, 107, 0, 0, 16, 0, 0, 237, 6, 249]
1543002467423;[171, 0, 17, 255, 161, 74, 240, 60, 195, 0, 0, 110, 0, 0, 18, 0, 0, 236, 7, 9]
1543002467427;[171, 0, 17, 255, 161, 74, 240, 60, 195, 0, 0, 106, 0, 0, 17, 0, 0, 237, 7, 2]
1543002467597;[171, 0, 17, 255, 161, 74, 240, 60, 195, 0, 0, 106, 0, 0, 15, 0, 0, 237, 6, 250]
1543002467600;[171, 0, 4, 255, 132, 128, 81]
1543002467768;[171, 0, 17, 255, 161, 74, 240, 60, 195, 0, 0, 108, 0, 0, 18, 0, 0, 236, 6, 244]
1543002467772;[171, 0, 17, 255, 161, 74, 240, 60, 195, 0, 0, 107, 0, 0, 18, 0, 0, 237, 6, 234]
1543002467940;[171, 0, 17, 255, 161, 74, 240, 60, 195, 0, 0, 106, 0, 0, 18, 0, 0, 237, 6, 230]
1543002468287;[171, 0, 17, 255, 161, 74, 240, 60, 195, 0, 0, 105, 0, 0, 17, 0, 0, 235, 6, 212]
1543002468291;[171, 0, 17, 255, 161, 74, 240, 60, 195, 0, 0, 107, 0, 0, 17, 0, 0, 236, 6, 238]
1543002468295;[171, 0, 17, 255, 161, 74, 240, 60, 196, 0, 0, 108, 0, 0, 15, 0, 0, 237, 6, 243]
1543002468299;[171, 0, 17, 255, 161, 74, 240, 60, 196, 0, 0, 106, 0, 0, 16, 0, 0, 236, 6, 239]
1543002468459;[171, 0, 17, 255, 161, 74, 240, 60, 196, 0, 0, 106, 0, 0, 18, 0, 0, 237, 6, 225]
1543002468464;[171, 0, 17, 255, 161, 74, 240, 60, 196, 0, 0, 106, 0, 0, 18, 0, 0, 237, 6, 221]
1543002468630;[171, 0, 17, 255, 161, 74, 240, 60, 196, 0, 0, 108, 0, 0, 19, 0, 0, 236, 6, 212]
1543002468978;[171, 0, 4, 255, 132, 128, 82]
1543002468984;[171, 0, 17, 255, 161, 74, 240, 60, 196, 0, 0, 107, 0, 0, 17, 0, 0, 238, 6, 199]
1543002468990;[171, 0, 17, 255, 161, 74, 240, 60, 196, 0, 0, 107, 0, 0, 16, 0, 0, 236, 6, 197]
1543002468992;[171, 0, 17, 255, 161, 74, 240, 60, 196, 0, 0, 106, 0, 0, 17, 0, 0, 237, 6, 215]
1543002469148;[171, 0, 17, 255, 161, 74, 240, 60, 196, 0, 0, 106, 0, 0, 17, 0, 0, 236, 6, 229]
1543002469321;[171, 0, 17, 255, 161, 74, 240, 60, 196, 0, 0, 107, 0, 0, 17, 0, 0, 236, 6, 206]
1543002469325;[171, 0, 17, 255, 161, 74, 240, 60, 197, 0, 0, 106, 0, 0, 15, 0, 0, 237, 6, 197]
1543002469667;[171, 0, 17, 255, 161, 74, 240, 60, 197, 0, 0, 105, 0, 0, 16, 0, 0, 237, 6, 193]
1543002469671;[171, 0, 17, 255, 161, 74, 240, 60, 197, 0, 0, 107, 0, 0, 16, 0, 0, 236, 6, 183]
1543002469675;[171, 0, 17, 255, 161, 74, 240, 60, 197, 0, 0, 109, 0, 0, 17, 0, 0, 236, 6, 180]
1543002469678;[171, 0, 17, 255, 161, 74, 240, 60, 197, 0, 0, 108, 0, 0, 17, 0, 0, 236, 6, 191]
1543002469838;[171, 0, 4, 255, 132, 128, 81]
1543002470011;[171, 0, 17, 255, 161, 74, 240, 60, 197, 0, 0, 106, 0, 0, 17, 0, 0, 236, 6, 207]
1543002470014;[171, 0, 17, 255, 161, 74, 240, 60, 197, 0, 0, 106, 0, 0, 18, 0, 0, 236, 6, 190]
1543002470357;[171, 0, 17, 255, 161, 74, 240, 60, 197, 0, 0, 106, 0, 0, 18, 0, 0, 238, 6, 179]
1543002470360;[171, 0, 17, 255, 161, 74, 240, 60, 197, 0, 0, 106, 0, 0, 19, 0, 0, 237, 6, 178]
1543002470363;[171, 0, 17, 255, 161, 74, 240, 60, 197, 0, 0, 106, 0, 0, 18, 0, 0, 238, 6, 165]
1543002470528;[171, 0, 17, 255, 161, 74, 240, 60, 198, 0, 0, 106, 0, 0, 19, 0, 0, 235, 6, 173]
1543002470532;[171, 0, 17, 255, 161, 74, 240, 60, 198, 0, 0, 108, 0, 0, 18, 0, 0, 238, 6, 186]
1543002470874;[171, 0, 17, 255, 161, 74, 240, 60, 198, 0, 0, 105, 0, 0, 18, 0, 0, 237, 6, 192]
1543002470879;[171, 0, 17, 255, 161, 74, 240, 60, 198, 0, 0, 107, 0, 0, 16, 0, 0, 237, 6, 180]
1543002470882;[171, 0, 17, 255, 161, 74, 240, 60, 198, 0, 0, 105, 0, 0, 17, 0, 0, 236, 6, 176]
1543002470886;[171, 0, 4, 255, 132, 128, 81]
1543002471044;[171, 0, 17, 255, 161, 74, 240, 60, 198, 0, 0, 107, 0, 0, 18, 0, 0, 235, 6, 172]
1543002471223;[171, 0, 17, 255, 161, 74, 240, 60, 198, 0, 0, 107, 0, 0, 16, 0, 0, 236, 6, 157]
1543002471224;[171, 0, 17, 255, 161, 74, 240, 60, 198, 0, 0, 104, 0, 0, 17, 0, 0, 237, 6, 155]
1543002471395;[171, 0, 17, 255, 161, 74, 240, 60, 198, 0, 0, 106, 0, 0, 16, 0, 0, 238, 6, 173]
1543002471397;[171, 0, 17, 255, 161, 74, 240, 60, 198, 0, 0, 107, 0, 0, 17, 0, 0, 235, 6, 174]
1543002471563;[171, 0, 17, 255, 161, 74, 240, 60, 199, 0, 0, 105, 0, 0, 18, 0, 0, 237, 6, 163]
1543002471567;[171, 0, 17, 255, 161, 74, 240, 60, 199, 0, 0, 107, 0, 0, 16, 0, 0, 238, 6, 160]
1543002471736;[171, 0, 17, 255, 161, 74, 240, 60, 199, 0, 0, 108, 0, 0, 18, 0, 0, 237, 6, 148]
1543002471908;[171, 0, 17, 255, 161, 74, 240, 60, 199, 0, 0, 105, 0, 0, 17, 0, 0, 237, 6, 138]
1543002471912;[171, 0, 17, 255, 161, 74, 240, 60, 199, 0, 0, 106, 0, 0, 16, 0, 0, 237, 6, 130]
1543002472254;[171, 0, 4, 255, 132, 128, 81]
1543002472258;[171, 0, 17, 255, 161, 74, 240, 60, 199, 0, 0, 106, 0, 0, 17, 0, 0, 236, 6, 156]
1543002472262;[171, 0, 17, 255, 161, 74, 240, 60, 199, 0, 0, 108, 0, 0, 17, 0, 0, 237, 6, 158]
1543002472425;[171, 0, 17, 255, 161, 74, 240, 60, 199, 0, 0, 104, 0, 0, 16, 0, 0, 238, 6, 154]
1543002472429;[171, 0, 17, 255, 161, 74, 240, 60, 199, 0, 0, 107, 0, 0, 18, 0, 0, 236, 6, 141]
1543002472600;[171, 0, 17, 255, 161, 74, 240, 60, 199, 0, 0, 107, 0, 0, 16, 0, 0, 237, 6, 129]
1543002472602;[171, 0, 17, 255, 161, 74, 240, 60, 200, 0, 0, 107, 0, 0, 17, 0, 0, 237, 6, 128]
1543002472944;[171, 0, 17, 255, 161, 74, 240, 60, 200, 0, 0, 105, 0, 0, 17, 0, 0, 236, 6, 109]
1543002472947;[171, 0, 17, 255, 161, 74, 240, 60, 200, 0, 0, 108, 0, 0, 16, 0, 0, 237, 6, 100]
1543002472951;[171, 0, 17, 255, 161, 74, 240, 60, 200, 0, 0, 106, 0, 0, 16, 0, 0, 235, 6, 120]
1543002473117;[171, 0, 17, 255, 161, 74, 240, 60, 200, 0, 0, 105, 0, 0, 16, 0, 0, 237, 6, 130]
1543002473120;[171, 0, 4, 255, 132, 128, 82]
1543002473637;[171, 0, 17, 255, 161, 74, 240, 60, 200, 0, 0, 107, 0, 0, 15, 0, 0, 237, 6, 127]
1543002473642;[171, 0, 17, 255, 161, 74, 240, 60, 200, 0, 0, 107, 0, 0, 18, 0, 0, 237, 6, 115]
1543002473645;[171, 0, 17, 255, 161, 74, 240, 60, 200, 0, 0, 107, 0, 0, 16, 0, 0, 236, 6, 104]
1543002473649;[171, 0, 17, 255, 161, 74, 240, 60, 200, 0, 0, 106, 0, 0, 16, 0, 0, 238, 6, 98]
1543002473807;[171, 0, 17, 255, 161, 74, 240, 60, 200, 0, 0, 106, 0, 0, 15, 0, 0, 236, 6, 90]
1543002473811;[171, 0, 17, 255, 161, 74, 240, 60, 201, 0, 0, 109, 0, 0, 17, 0, 0, 236, 6, 105]
1543002473815;[171, 0, 17, 255, 161, 74, 240, 60, 201, 0, 0, 106, 0, 0, 18, 0, 0, 236, 6, 116]
1543002473978;[171, 0, 17, 255, 161, 74, 240, 60, 201, 0, 0, 109, 0, 0, 17, 0, 0, 237, 6, 109]
1543002473982;[171, 0, 17, 255, 161, 74, 240, 60, 201, 0, 0, 106, 0, 0, 17, 0, 0, 237, 6, 96]
1543002474151;[171, 0, 17, 255, 161, 74, 240, 60, 201, 0, 0, 107, 0, 0, 15, 0, 0, 236, 6, 90]
1543002474324;[171, 0, 4, 255, 132, 128, 82]
1543002474330;[171, 0, 17, 255, 161, 74, 240, 60, 201, 0, 0, 106, 0, 0, 18, 0, 0, 237, 6, 81]
1543002474843;[171, 0, 17, 255, 161, 74, 240, 60, 201, 0, 0, 108, 0, 0, 16, 0, 0, 239, 6, 73]
1543002474847;[171, 0, 17, 255, 161, 74, 240, 60, 201, 0, 0, 107, 0, 0, 20, 0, 0, 237, 6, 68]
1543002474851;[171, 0, 17, 255, 161, 74, 240, 60, 201, 0, 0, 109, 0, 0, 18, 0, 0, 236, 6, 83]
1543002474855;[171, 0, 17, 255, 161, 74, 240, 60, 201, 0, 0, 107, 0, 0, 18, 0, 0, 237, 6, 90]
1543002475014;[171, 0, 17, 255, 161, 74, 240, 60, 202, 0, 0, 105, 0, 0, 18, 0, 0, 237, 6, 85]
1543002475018;[171, 0, 17, 255, 161, 74, 240, 60, 202, 0, 0, 104, 0, 0, 17, 0, 0, 236, 6, 74]
1543002475022;[171, 0, 17, 255, 161, 74, 240, 60, 202, 0, 0, 107, 0, 0, 16, 0, 0, 236, 6, 65]
1543002475187;[171, 0, 17, 255, 161, 74, 240, 60, 202, 0, 0, 106, 0, 0, 15, 0, 0, 236, 6, 53]
1543002475357;[171, 0, 17, 255, 161, 74, 240, 60, 202, 0, 0, 108, 0, 0, 16, 0, 0, 236, 6, 38]
1543002475361;[171, 0, 4, 255, 132, 128, 82]
1543002475365;[171, 0, 17, 255, 161, 74, 240, 60, 202, 0, 0, 107, 0, 0, 17, 0, 0, 237, 6, 34]
1543002475530;[171, 0, 17, 255, 161, 74, 240, 60, 202, 0, 0, 108, 0, 0, 17, 0, 0, 237, 6, 41]
1543002475716;[171, 0, 17, 255, 161, 74, 240, 60, 202, 0, 0, 106, 0, 0, 19, 0, 0, 237, 6, 59]
1543002475721;[171, 0, 17, 255, 161, 74, 240, 60, 202, 0, 0, 109, 0, 0, 15, 0, 0, 237, 6, 51]
1543002476046;[171, 0, 17, 255, 161, 74, 240, 60, 202, 0, 0, 107, 0, 0, 16, 0, 0, 239, 6, 44]
1543002476051;[171, 0, 17, 255, 161, 74, 240, 60, 203, 0, 0, 104, 0, 0, 16, 0, 0, 237, 6, 37]
1543002476052;[171, 0, 17, 255, 161, 74, 240, 60, 203, 0, 0, 106, 0, 0, 18, 0, 0, 238, 6, 22]
1543002476221;[171, 0, 17, 255, 161, 74, 240, 60, 203, 0, 0, 105, 0, 0, 17, 0, 0, 237, 6, 10]
1543002476227;[171, 0, 17, 255, 161, 74, 240, 60, 203, 0, 0, 106, 0, 0, 16, 0, 0, 236, 6, 7]
1543002476564;[171, 0, 17, 255, 161, 74, 240, 60, 205, 0, 0, 105, 0, 0, 15, 0, 0, 236, 5, 211]
1543002476567;[171, 0, 17, 255, 161, 74, 240, 60, 205, 0, 0, 103, 0, 0, 18, 0, 0, 237, 5, 200]
1543002476739;[171, 0, 17, 255, 161, 74, 240, 60, 205, 0, 0, 106, 0, 0, 14, 0, 0, 236, 5, 185]
1543002476911;[171, 0, 17, 255, 161, 74, 240, 60, 205, 0, 0, 107, 0, 0, 17, 0, 0, 237, 5, 179]
1543002476915;[171, 0, 17, 255, 161, 74, 240, 60, 205, 0, 0, 107, 0, 0, 17, 0, 0, 236, 5, 182]
1543002477258;[171, 0, 17, 255, 161, 74, 240, 60, 206, 0, 0, 107, 0, 0, 16, 0, 0, 240, 5, 202]
1543002477262;[171, 0, 17, 255, 161, 74, 240, 60, 206, 0, 0, 108, 0, 0, 16, 0, 0, 237, 5, 200]
1543002477266;[171, 0, 17, 255, 161, 74, 240, 60, 206, 0, 0, 107, 0, 0, 17, 0, 0, 237, 5, 198]
1543002477428;[171, 0, 17, 255, 161, 74, 240, 60, 206, 0, 0, 106, 0, 0, 18, 0, 0, 236, 5, 180]
1543002477432;[171, 0, 17, 255, 161, 74, 240, 60, 206, 0, 0, 105, 0, 0, 16, 0, 0, 237, 5, 176]
1543002477603;[171, 0, 4, 255, 132, 128, 80]
1543002477774;[171, 0, 17, 255, 161, 74, 240, 60, 206, 0, 0, 107, 0, 0, 16, 0, 0, 236, 5, 171]
1543002477778;[171, 0, 17, 255, 161, 74, 240, 60, 206, 0, 0, 107, 0, 0, 18, 0, 0, 236, 5, 157]
1543002477782;[171, 0, 17, 255, 161, 74, 240, 60, 206, 0, 0, 103, 0, 0, 18, 0, 0, 236, 5, 175]
1543002477945;[171, 0, 17, 255, 161, 74, 240, 60, 206, 0, 0, 104, 0, 0, 18, 0, 0, 237, 5, 186]
1543002478118;[171, 0, 17, 255, 161, 74, 240, 60, 206, 0, 0, 106, 0, 0, 18, 0, 0, 237, 5, 179]
1543002478122;[171, 0, 17, 255, 161, 74, 240, 60, 207, 0, 0, 104, 0, 0, 18, 0, 0, 237, 5, 173]
1543002478291;[171, 0, 17, 255, 161, 74, 240, 60, 207, 0, 0, 107, 0, 0, 17, 0, 0, 235, 5, 161]
1543002478294;[171, 0, 17, 255, 161, 74, 240, 60, 207, 0, 0, 107, 0, 0, 17, 0, 0, 235, 5, 155]
1543002478638;[171, 0, 17, 255, 161, 74, 240, 60, 207, 0, 0, 108, 0, 0, 16, 0, 0, 236, 5, 148]
1543002478641;[171, 0, 17, 255, 161, 74, 240, 60, 207, 0, 0, 106, 0, 0, 16, 0, 0, 237, 5, 146]
1543002478648;[171, 0, 4, 255, 132, 128, 80]
1543002478808;[171, 0, 17, 255, 161, 74, 240, 60, 207, 0, 0, 107, 0, 0, 17, 0, 0, 235, 5, 156]
1543002478812;[171, 0, 17, 255, 161, 74, 240, 60, 207, 0, 0, 108, 0, 0, 18, 0, 0, 235, 5, 180]
1543002478984;[171, 0, 17, 255, 161, 74, 240, 60, 207, 0, 0, 107, 0, 0, 18, 0, 0, 236, 5, 173]
1543002478986;[171, 0, 17, 255, 161, 74, 240, 60, 207, 0, 0, 107, 0, 0, 16, 0, 0, 237, 5, 159]
1543002479326;[171, 0, 17, 255, 161, 74, 240, 60, 207, 0, 0, 108, 0, 0, 18, 0, 0, 236, 5, 147]
1543002479330;[171, 0, 17, 255, 161, 74, 240, 60, 208, 0, 0, 109, 0, 0, 17, 0, 0, 236, 5, 136]
1543002479333;[171, 0, 17, 255, 161, 74, 240, 60, 208, 0, 0, 107, 0, 0, 16, 0, 0, 236, 5, 128]
1543002479498;[171, 0, 17, 255, 161, 74, 240, 60, 208, 0, 0, 106, 0, 0, 19, 0, 0, 237, 5, 113]
1543002479502;[171, 0, 17, 255, 161, 74, 240, 60, 208, 0, 0, 107, 0, 0, 17, 0, 0, 236, 5, 135]
1543002479844;[171, 0, 17, 255, 161, 74, 240, 60, 208, 0, 0, 107, 0, 0, 18, 0, 0, 237, 5, 147]
1543002479848;[171, 0, 4, 255, 132, 128, 79]
1543002479851;[171, 0, 17, 255, 161, 74, 240, 60, 208, 0, 0, 105, 0, 0, 17, 0, 0, 237, 5, 138]
1543002480013;[171, 0, 17, 255, 161, 74, 240, 60, 208, 0, 0, 106, 0, 0, 17, 0, 0, 237, 5, 128]
1543002480014;[171, 0, 17, 255, 161, 74, 240, 60, 208, 0, 0, 105, 0, 0, 18, 0, 0, 236, 5, 127]
1543002480185;[171, 0, 17, 255, 161, 74, 240, 60, 208, 0, 0, 108, 0, 0, 18, 0, 0, 236, 5, 111]
1543002480187;[171, 0, 17, 255, 161, 74, 240, 60, 208, 0, 0, 108, 0, 0, 17, 0, 0, 237, 5, 104]
1543002480358;[171, 0, 17, 255, 161, 74, 240, 60, 209, 0, 0, 108, 0, 0, 17, 0, 0, 236, 5, 108]
1543002480359;[171, 0, 17, 255, 161, 74, 240, 60, 209, 0, 0, 108, 0, 0, 17, 0, 0, 237, 5, 117]
1543002480531;[171, 0, 17, 255, 161, 74, 240, 60, 209, 0, 0, 105, 0, 0, 17, 0, 0, 235, 5, 118]
1543002480705;[171, 0, 17, 255, 161, 74, 240, 60, 209, 0, 0, 109, 0, 0, 18, 0, 0, 238, 5, 115]
1543002480708;[171, 0, 17, 255, 161, 74, 240, 60, 209, 0, 0, 106, 0, 0, 18, 0, 0, 237, 5, 105]
1543002481225;[171, 0, 4, 255, 132, 128, 79]
1543002481230;[171, 0, 17, 255, 161, 74, 240, 60, 209, 0, 0, 106, 0, 0, 17, 0, 0, 236, 5, 104]
1543002481234;[171, 0, 17, 255, 161, 74, 240, 60, 209, 0, 0, 107, 0, 0, 17, 0, 0, 236, 5, 86]
1543002481239;[171, 0, 17, 255, 161, 74, 240, 60, 209, 0, 0, 107, 0, 0, 18, 0, 0, 236, 5, 79]
1543002481397;[171, 0, 17, 255, 161, 74, 240, 60, 209, 0, 0, 106, 0, 0, 19, 0, 0, 236, 5, 99]
1543002481401;[171, 0, 17, 255, 161, 74, 240, 60, 209, 0, 0, 106, 0, 0, 17, 0, 0, 238, 5, 112]
1543002481404;[171, 0, 17, 255, 161, 74, 240, 60, 210, 0, 0, 108, 0, 0, 17, 0, 0, 236, 5, 98]
1543002481742;[171, 0, 17, 255, 161, 74, 240, 60, 210, 0, 0, 105, 0, 0, 18, 0, 0, 237, 5, 90]
1543002481746;[171, 0, 17, 255, 161, 74, 240, 60, 210, 0, 0, 105, 0, 0, 18, 0, 0, 237, 5, 81]
1543002481751;[171, 0, 17, 255, 161, 74, 240, 60, 210, 0, 0, 109, 0, 0, 19, 0, 0, 235, 5, 72]
1543002481912;[171, 0, 17, 255, 161, 74, 240, 60, 210, 0, 0, 107, 0, 0, 17, 0, 0, 238, 5, 56]
1543002481917;[171, 0, 4, 255, 132, 128, 79]
1543002482086;[171, 0, 17, 255, 161, 74, 240, 60, 210, 0, 0, 105, 0, 0, 17, 0, 0, 236, 5, 53]
1543002482090;[171, 0, 17, 255, 161, 74, 240, 60, 210, 0, 0, 106, 0, 0, 16, 0, 0, 237, 5, 76]
1543002482432;[171, 0, 17, 255, 161, 74, 240, 60, 210, 0, 0, 106, 0, 0, 18, 0, 0, 235, 5, 74]
1543002482436;[171, 0, 17, 255, 161, 74, 240, 60, 210, 0, 0, 107, 0, 0, 18, 0, 0, 235, 5, 67]
1543002482440;[171, 0, 17, 255, 161, 74, 240, 60, 210, 0, 0, 106, 0, 0, 19, 0, 0, 236, 5, 55]
1543002482604;[171, 0, 17, 255, 161, 74, 240, 60, 211, 0, 0, 105, 0, 0, 16, 0, 0, 235, 5, 47]
1543002482611;[171, 0, 17, 255, 161, 74, 240, 60, 211, 0, 0, 106, 0, 0, 17, 0, 0, 238, 5, 34]
1543002482775;[171, 0, 17, 255, 161, 74, 240, 60, 211, 0, 0, 109, 0, 0, 17, 0, 0, 236, 5, 26]
1543002482778;[171, 0, 17, 255, 161, 74, 240, 60, 211, 0, 0, 104, 0, 0, 18, 0, 0, 237, 5, 27]
1543002482950;[171, 0, 17, 255, 161, 74, 240, 60, 211, 0, 0, 107, 0, 0, 18, 0, 0, 237, 5, 40]
1543002483141;[171, 0, 4, 255, 132, 128, 78]
1543002483143;[171, 0, 17, 255, 161, 74, 240, 60, 211, 0, 0, 107, 0, 0, 17, 0, 0, 235, 5, 46]
1543002483293;[171, 0, 17, 255, 161, 74, 240, 60, 211, 0, 0, 105, 0, 0, 17, 0, 0, 235, 5, 36]
1543002483297;[171, 0, 17, 255, 161, 74, 240, 60, 211, 0, 0, 106, 0, 0, 18, 0, 0, 236, 5, 32]
1543002483639;[171, 0, 17, 255, 161, 74, 240, 60, 211, 0, 0, 107, 0, 0, 20, 0, 0, 238, 5, 22]
1543002483643;[171, 0, 17, 255, 161, 74, 240, 60, 211, 0, 0, 105, 0, 0, 16, 0, 0, 237, 5, 7]
1543002483651;[171, 0, 17, 255, 161, 74, 240, 60, 212, 0, 0, 107, 0, 0, 16, 0, 0, 237, 4, 253]
1543002483811;[171, 0, 17, 255, 161, 74, 240, 60, 212, 0, 0, 104, 0, 0, 17, 0, 0, 238, 5, 10]
1543002483815;[171, 0, 17, 255, 161, 74, 240, 60, 212, 0, 0, 106, 0, 0, 16, 0, 0, 238, 5, 25]
1543002483984;[171, 0, 17, 255, 161, 74, 240, 60, 212, 0, 0, 106, 0, 0, 17, 0, 0, 236, 5, 25]
1543002483988;[171, 0, 17, 255, 161, 74, 240, 60, 212, 0, 0, 106, 0, 0, 16, 0, 0, 238, 5, 10]
1543002484155;[171, 0, 4, 255, 132, 128, 78]
1543002484329;[171, 0, 17, 255, 161, 74, 240, 60, 212, 0, 0, 106, 0, 0, 16, 0, 0, 236, 5, 9]
1543002484334;[171, 0, 17, 255, 161, 74, 240, 60, 212, 0, 0, 107, 0, 0, 18, 0, 0, 236, 4, 254]
1543002484505;[171, 0, 17, 255, 161, 74, 240, 60, 212, 0, 0, 107, 0, 0, 18, 0, 0, 237, 4, 240]
1543002484507;[171, 0, 17, 255, 161, 74, 240, 60, 212, 0, 0, 106, 0, 0, 18, 0, 0, 237, 4, 230]
1543002484673;[171, 0, 17, 255, 161, 74, 240, 60, 212, 0, 0, 108, 0, 0, 16, 0, 0, 237, 4, 220]
1543002484677;[171, 0, 17, 255, 161, 74, 240, 60, 213, 0, 0, 107, 0, 0, 18, 0, 0, 235, 4, 243]
1543002485023;[171, 0, 17, 255, 161, 74, 240, 60, 213, 0, 0, 106, 0, 0, 18, 0, 0, 237, 4, 248]
1543002485028;[171, 0, 17, 255, 161, 74, 240, 60, 213, 0, 0, 103, 0, 0, 18, 0, 0, 236, 4, 238]
1543002485030;[171, 0, 17, 255, 161, 74, 240, 60, 213, 0, 0, 105, 0, 0, 17, 0, 0, 238, 4, 222]
1543002485191;[171, 0, 17, 255, 161, 74, 240, 60, 213, 0, 0, 105, 0, 0, 18, 0, 0, 238, 4, 220]
1543002485194;[171, 0, 4, 255, 132, 128, 78]
1543002485363;[171, 0, 17, 255, 161, 74, 240, 60, 213, 0, 0, 105, 0, 0, 21, 0, 0, 238, 4, 204]
1543002485367;[171, 0, 17, 255, 161, 74, 240, 60, 213, 0, 0, 106, 0, 0, 17, 0, 0, 237, 4, 195]
1543002485709;[171, 0, 17, 255, 161, 74, 240, 60, 213, 0, 0, 107, 0, 0, 16, 0, 0, 236, 4, 185]
1543002485712;[171, 0, 17, 255, 161, 74, 240, 60, 213, 0, 0, 106, 0, 0, 17, 0, 0, 236, 4, 183]
1543002485717;[171, 0, 17, 255, 161, 74, 240, 60, 213, 0, 0, 107, 0, 0, 16, 0, 0, 238, 4, 205]
1543002485881;[171, 0, 17, 255, 161, 74, 240, 60, 214, 0, 0, 108, 0, 0, 18, 0, 0, 237, 4, 211]
1543002485884;[171, 0, 17, 255, 161, 74, 240, 60, 214, 0, 0, 106, 0, 0, 17, 0, 0, 237, 4, 198]
1543002486224;[171, 0, 17, 255, 161, 74, 240, 60, 214, 0, 0, 103, 0, 0, 17, 0, 0, 237, 4, 190]
1543002486226;[171, 0, 17, 255, 161, 74, 240, 60, 214, 0, 0, 108, 0, 0, 16, 0, 0, 237, 4, 182]
1543002486229;[171, 0, 17, 255, 161, 74, 240, 60, 214, 0, 0, 106, 0, 0, 17, 0, 0, 237, 4, 175]
1543002486395;[171, 0, 4, 255, 132, 128, 78]
1543002486398;[171, 0, 17, 255, 161, 74, 240, 60, 214, 0, 0, 106, 0, 0, 16, 0, 0, 235, 4, 169]
1543002486570;[171, 0, 17, 255, 161, 74, 240, 60, 214, 0, 0, 108, 0, 0, 19, 0, 0, 237, 4, 172]
1543002486573;[171, 0, 17, 255, 161, 74, 240, 60, 214, 0, 0, 107, 0, 0, 18, 0, 0, 236, 4, 190]
1543002486743;[171, 0, 17, 255, 161, 74, 240, 60, 214, 0, 0, 109, 0, 0, 19, 0, 0, 236, 4, 184]
1543002486915;[171, 0, 17, 255, 161, 74, 240, 60, 214, 0, 0, 109, 0, 0, 17, 0, 0, 237, 4, 175]
1543002486919;[171, 0, 17, 255, 161, 74, 240, 60, 215, 0, 0, 106, 0, 0, 18, 0, 0, 236, 4, 174]
1543002487088;[171, 0, 17, 255, 161, 74, 240, 60, 215, 0, 0, 106, 0, 0, 16, 0, 0, 237, 4, 163]
1543002487091;[171, 0, 17, 255, 161, 74, 240, 60, 215, 0, 0, 105, 0, 0, 17, 0, 0, 234, 4, 160]
1543002487608;[171, 0, 17, 255, 161, 74, 240, 60, 215, 0, 0, 108, 0, 0, 19, 0, 0, 237, 4, 152]
1543002487612;[171, 0, 17, 255, 161, 74, 240, 60, 215, 0, 0, 107, 0, 0, 17, 0, 0, 237, 4, 143]
1543002487615;[171, 0, 4, 255, 132, 128, 78]
1543002487621;[171, 0, 17, 255, 161, 74, 240, 60, 215, 0, 0, 106, 0, 0, 16, 0, 0, 238, 4, 163]
1543002487780;[171, 0, 17, 255, 161, 74, 240, 60, 215, 0, 0, 108, 0, 0, 17, 0, 0, 237, 4, 168]
1543002487784;[171, 0, 17, 255, 161, 74, 240, 60, 215, 0, 0, 106, 0, 0, 16, 0, 0, 237, 4, 166]
1543002487788;[171, 0, 17, 255, 161, 74, 240, 60, 215, 0, 0, 107, 0, 0, 18, 0, 0, 237, 4, 151]
1543002488123;[171, 0, 17, 255, 161, 74, 240, 60, 215, 0, 0, 107, 0, 0, 18, 0, 0, 236, 4, 154]
1543002488126;[171, 0, 17, 255, 161, 74, 240, 60, 216, 0, 0, 106, 0, 0, 16, 0, 0, 237, 4, 131]
1543002488130;[171, 0, 17, 255, 161, 74, 240, 60, 216, 0, 0, 106, 0, 0, 18, 0, 0, 235, 4, 134]
1543002488296;[171, 0, 17, 255, 161, 74, 240, 60, 216, 0, 0, 107, 0, 0, 17, 0, 0, 236, 4, 119]
1543002488299;[171, 0, 17, 255, 161, 74, 240, 60, 216, 0, 0, 106, 0, 0, 17, 0, 0, 236, 4, 105]
1543002488468;[171, 0, 17, 255, 161, 74, 240, 60, 216, 0, 0, 107, 0, 0, 19, 0, 0, 237, 4, 123]
1543002488473;[171, 0, 4, 255, 132, 128, 77]
1543002488815;[171, 0, 17, 255, 161, 74, 240, 60, 216, 0, 0, 106, 0, 0, 17, 0, 0, 237, 4, 143]
1543002488820;[171, 0, 17, 255, 161, 74, 240, 60, 216, 0, 0, 104, 0, 0, 17, 0, 0, 237, 4, 128]
1543002488823;[171, 0, 17, 255, 161, 74, 240, 60, 216, 0, 0, 105, 0, 0, 15, 0, 0, 237, 4, 118]
1543002488985;[171, 0, 17, 255, 161, 74, 240, 60, 216, 0, 0, 106, 0, 0, 17, 0, 0, 237, 4, 112]
1543002488989;[171, 0, 17, 255, 161, 74, 240, 60, 216, 0, 0, 106, 0, 0, 16, 0, 0, 237, 4, 99]
1543002489159;[171, 0, 17, 255, 161, 74, 240, 60, 217, 0, 0, 105, 0, 0, 18, 0, 0, 236, 4, 99]
1543002489162;[171, 0, 17, 255, 161, 74, 240, 60, 217, 0, 0, 108, 0, 0, 17, 0, 0, 236, 4, 93]
1543002489503;[171, 0, 17, 255, 161, 74, 240, 60, 217, 0, 0, 106, 0, 0, 18, 0, 0, 236, 4, 97]
1543002489507;[171, 0, 17, 255, 161, 74, 240, 60, 217, 0, 0, 105, 0, 0, 18, 0, 0, 238, 4, 119]
1543002489514;[171, 0, 17, 255, 161, 74, 240, 60, 217, 0, 0, 105, 0, 0, 17, 0, 0, 237, 4, 130]
1543002489676;[171, 0, 4, 255, 132, 128, 77]
1543002489679;[171, 0, 17, 255, 161, 74, 240, 60, 217, 0, 0, 107, 0, 0, 16, 0, 0, 238, 4, 138]
1543002490195;[171, 0, 17, 255, 161, 74, 240, 60, 217, 0, 0, 107, 0, 0, 19, 0, 0, 235, 4, 123]
1543002490199;[171, 0, 17, 255, 161, 74, 240, 60, 217, 0, 0, 107, 0, 0, 18, 0, 0, 238, 4, 123]
1543002490203;[171, 0, 17, 255, 161, 74, 240, 60, 217, 0, 0, 107, 0, 0, 18, 0, 0, 237, 4, 121]
1543002490207;[171, 0, 17, 255, 161, 74, 240, 60, 217, 0, 0, 107, 0, 0, 16, 0, 0, 237, 4, 120]
1543002490539;[171, 0, 17, 255, 161, 74, 240, 60, 218, 0, 0, 108, 0, 0, 18, 0, 0, 238, 4, 124]
1543002490543;[171, 0, 17, 255, 161, 74, 240, 60, 218, 0, 0, 105, 0, 0, 16, 0, 0, 235, 4, 144]
1543002490586;[171, 0, 17, 255, 161, 74, 240, 60, 218, 0, 0, 106, 0, 0, 18, 0, 0, 238, 4, 146]
1543002490587;[171, 0, 17, 255, 161, 74, 240, 60, 218, 0, 0, 109, 0, 0, 18, 0, 0, 237, 4, 146]
1543002490710;[171, 0, 17, 255, 161, 74, 240, 60, 218, 0, 0, 106, 0, 0, 17, 0, 0, 237, 4, 144]
1543002490713;[171, 0, 4, 255, 132, 128, 76]
1543002490883;[171, 0, 17, 255, 161, 74, 240, 60, 218, 0, 0, 106, 0, 0, 19, 0, 0, 236, 4, 131]
1543002490887;[171, 0, 17, 255, 161, 74, 240, 60, 218, 0, 0, 107, 0, 0, 17, 0, 0, 236, 4, 122]
1543002491055;[171, 0, 17, 255, 161, 74, 240, 60, 218, 0, 0, 106, 0, 0, 17, 0, 0, 238, 4, 114]
1543002491400;[171, 0, 17, 255, 161, 74, 240, 60, 218, 0, 0, 109, 0, 0, 19, 0, 0, 237, 4, 111]
1543002491402;[171, 0, 17, 255, 161, 74, 240, 60, 218, 0, 0, 108, 0, 0, 17, 0, 0, 236, 4, 135]
1543002491405;[171, 0, 17, 255, 161, 74, 240, 60, 219, 0, 0, 106, 0, 0, 19, 0, 0, 238, 4, 138]
1543002491408;[171, 0, 17, 255, 161, 74, 240, 60, 219, 0, 0, 107, 0, 0, 17, 0, 0, 237, 4, 133]
1543002491573;[171, 0, 17, 255, 161, 74, 240, 60, 219, 0, 0, 106, 0, 0, 19, 0, 0, 238, 4, 125]
1543002491577;[171, 0, 17, 255, 161, 74, 240, 60, 219, 0, 0, 105, 0, 0, 17, 0, 0, 235, 4, 118]
1543002491746;[171, 0, 17, 255, 161, 74, 240, 60, 219, 0, 0, 105, 0, 0, 17, 0, 0, 235, 4, 113]
1543002491918;[171, 0, 4, 255, 132, 128, 75]
1543002491922;[171, 0, 17, 255, 161, 74, 240, 60, 219, 0, 0, 107, 0, 0, 14, 0, 0, 236, 4, 107]
1543002492089;[171, 0, 17, 255, 161, 74, 240, 60, 219, 0, 0, 108, 0, 0, 18, 0, 0, 236, 4, 99]
1543002492092;[171, 0, 17, 255, 161, 74, 240, 60, 219, 0, 0, 105, 0, 0, 18, 0, 0, 237, 4, 112]
1543002492268;[171, 0, 17, 255, 161, 74, 240, 60, 219, 0, 0, 108, 0, 0, 18, 0, 0, 236, 4, 126]
1543002492270;[171, 0, 17, 255, 161, 74, 240, 60, 219, 0, 0, 105, 0, 0, 18, 0, 0, 236, 4, 111]
1543002492782;[171, 0, 17, 255, 161, 74, 240, 60, 220, 0, 0, 104, 0, 0, 18, 0, 0, 238, 4, 105]
1543002492786;[171, 0, 17, 255, 161, 74, 240, 60, 220, 0, 0, 106, 0, 0, 18, 0, 0, 236, 4, 100]
1543002492792;[171, 0, 17, 255, 161, 74, 240, 60, 220, 0, 0, 106, 0, 0, 15, 0, 0, 238, 4, 86]
1543002492796;[171, 0, 17, 255, 161, 74, 240, 60, 220, 0, 0, 106, 0, 0, 16, 0, 0, 236, 4, 86]
1543002492953;[171, 0, 17, 255, 161, 74, 240, 60, 220, 0, 0, 106, 0, 0, 17, 0, 0, 239, 4, 78]
1543002492957;[171, 0, 4, 255, 132, 128, 75]
1543002493127;[171, 0, 17, 255, 161, 74, 240, 60, 220, 0, 0, 109, 0, 0, 15, 0, 0, 236, 4, 82]
1543002493131;[171, 0, 17, 255, 161, 74, 240, 60, 220, 0, 0, 106, 0, 0, 18, 0, 0, 237, 4, 100]
1543002493298;[171, 0, 17, 255, 161, 74, 240, 60, 220, 0, 0, 107, 0, 0, 16, 0, 0, 237, 4, 85]
1543002493302;[171, 0, 17, 255, 161, 74, 240, 60, 220, 0, 0, 107, 0, 0, 15, 0, 0, 237, 4, 86]
1543002493471;[171, 0, 17, 255, 161, 74, 240, 60, 220, 0, 0, 107, 0, 0, 17, 0, 0, 237, 4, 80]
1543002493475;[171, 0, 17, 255, 161, 74, 240, 60, 221, 0, 0, 106, 0, 0, 18, 0, 0, 236, 4, 71]
1543002493644;[171, 0, 17, 255, 161, 74, 240, 60, 221, 0, 0, 105, 0, 0, 16, 0, 0, 237, 4, 68]
1543002493989;[171, 0, 17, 255, 161, 74, 240, 60, 221, 0, 0, 107, 0, 0, 19, 0, 0, 237, 4, 55]
