1542779867300;[171, 0, 4, 255, 132, 128, 113]
1542779867468;[171, 0, 17, 255, 161, 74, 234, 224, 36, 1, 0, 54, 1, 0, 251, 0, 0, 73, 3, 48]
1542779867472;[171, 0, 17, 255, 161, 74, 234, 224, 36, 1, 0, 25, 1, 0, 240, 0, 0, 2, 3, 70]
1542779867642;[171, 0, 17, 255, 161, 74, 234, 224, 37, 1, 0, 29, 1, 0, 240, 1, 0, 12, 3, 89]
1542779867814;[171, 0, 17, 255, 161, 74, 234, 224, 37, 1, 0, 32, 1, 0, 242, 1, 0, 15, 3, 151]
1542779867818;[171, 0, 17, 255, 161, 74, 234, 224, 37, 1, 0, 47, 1, 0, 241, 1, 0, 18, 3, 210]
1542779867987;[171, 0, 17, 255, 161, 74, 234, 224, 37, 1, 0, 71, 1, 0, 234, 1, 0, 13, 3, 225]
1542779867990;[171, 0, 17, 255, 161, 74, 234, 224, 37, 1, 0, 66, 1, 0, 235, 1, 0, 24, 3, 236]
1542779868332;[171, 0, 17, 255, 161, 74, 234, 224, 37, 1, 0, 76, 1, 0, 236, 1, 0, 15, 3, 240]
1542779868336;[171, 0, 17, 255, 161, 74, 234, 224, 37, 1, 0, 80, 1, 0, 234, 1, 0, 7, 3, 246]
1542779868341;[171, 0, 17, 255, 161, 74, 234, 224, 37, 1, 0, 73, 1, 0, 238, 1, 0, 6, 4, 25]
1542779868504;[171, 0, 4, 255, 132, 128, 113]
1542779868508;[171, 0, 17, 255, 161, 74, 234, 224, 37, 1, 0, 71, 1, 0, 235, 1, 0, 7, 4, 52]
1542779868677;[171, 0, 17, 255, 161, 74, 234, 224, 37, 1, 0, 74, 1, 0, 233, 1, 0, 2, 4, 69]
1542779868681;[171, 0, 17, 255, 161, 74, 234, 224, 38, 1, 0, 66, 1, 0, 237, 0, 0, 1, 4, 76]
1542779868849;[171, 0, 17, 255, 161, 74, 234, 224, 38, 1, 0, 65, 1, 0, 236, 0, 0, 1, 4, 81]
1542779869021;[171, 0, 17, 255, 161, 74, 234, 224, 38, 1, 0, 72, 1, 0, 231, 0, 0, 1, 4, 138]
1542779869025;[171, 0, 17, 255, 161, 74, 234, 224, 38, 1, 0, 71, 1, 0, 238, 0, 0, 4, 4, 157]
1542779869195;[171, 0, 17, 255, 161, 74, 234, 224, 38, 1, 0, 67, 1, 0, 239, 1, 0, 2, 4, 174]
1542779869199;[171, 0, 17, 255, 161, 74, 234, 224, 38, 1, 0, 69, 1, 0, 236, 1, 0, 11, 4, 192]
1542779869366;[171, 0, 17, 255, 161, 74, 234, 224, 38, 1, 0, 69, 1, 0, 236, 1, 0, 17, 4, 209]
1542779869370;[171, 0, 17, 255, 161, 74, 234, 224, 38, 1, 0, 68, 1, 0, 237, 1, 0, 18, 4, 222]
1542779869712;[171, 0, 4, 255, 132, 128, 114]
1542779869716;[171, 0, 17, 255, 161, 74, 234, 224, 38, 1, 0, 62, 1, 0, 238, 1, 0, 19, 4, 254]
1542779869719;[171, 0, 17, 255, 161, 74, 234, 224, 38, 1, 0, 68, 1, 0, 237, 1, 0, 25, 5, 31]
1542779869884;[171, 0, 17, 255, 161, 74, 234, 224, 39, 1, 0, 73, 1, 0, 239, 1, 0, 8, 5, 37]
1542779869888;[171, 0, 17, 255, 161, 74, 234, 224, 39, 1, 0, 51, 1, 0, 235, 1, 0, 21, 5, 40]
1542779870056;[171, 0, 17, 255, 161, 74, 234, 224, 39, 1, 0, 58, 1, 0, 236, 1, 0, 18, 5, 52]
1542779870229;[171, 0, 17, 255, 161, 74, 234, 224, 39, 1, 0, 55, 1, 0, 240, 1, 0, 15, 5, 80]
1542779870233;[171, 0, 17, 255, 161, 74, 234, 224, 39, 1, 0, 59, 1, 0, 240, 1, 0, 16, 5, 109]
1542779870399;[171, 0, 17, 255, 161, 74, 234, 224, 39, 1, 0, 62, 1, 0, 240, 1, 0, 18, 5, 108]
1542779870402;[171, 0, 17, 255, 161, 74, 234, 224, 39, 1, 0, 43, 1, 0, 248, 1, 0, 19, 5, 174]
1542779870574;[171, 0, 17, 255, 161, 74, 234, 224, 39, 1, 0, 1, 1, 0, 242, 1, 0, 22, 5, 249]
1542779870578;[171, 0, 4, 255, 132, 128, 114]
1542779870920;[171, 0, 17, 255, 161, 74, 234, 224, 39, 0, 0, 24, 1, 0, 237, 1, 0, 23, 6, 26]
1542779870924;[171, 0, 17, 255, 161, 74, 234, 224, 39, 0, 0, 28, 1, 0, 241, 1, 0, 33, 6, 29]
1542779870928;[171, 0, 17, 255, 161, 74, 234, 224, 40, 0, 0, 16, 1, 0, 245, 1, 0, 33, 6, 18]
1542779871091;[171, 0, 17, 255, 161, 74, 234, 224, 40, 0, 0, 49, 1, 0, 217, 1, 0, 42, 6, 0]
1542779871095;[171, 0, 17, 255, 161, 74, 234, 224, 40, 0, 0, 38, 1, 0, 236, 1, 0, 43, 5, 247]
1542779871263;[171, 0, 17, 255, 161, 74, 234, 224, 40, 0, 0, 10, 1, 0, 246, 1, 0, 33, 5, 254]
1542779871267;[171, 0, 17, 255, 161, 74, 234, 224, 40, 1, 0, 15, 1, 1, 0, 1, 0, 36, 6, 15]
1542779871437;[171, 0, 17, 255, 161, 74, 234, 224, 40, 1, 0, 10, 1, 0, 230, 1, 0, 22, 6, 45]
1542779871609;[171, 0, 17, 255, 161, 74, 234, 224, 40, 1, 0, 84, 1, 1, 170, 1, 0, 13, 6, 152]
1542779871613;[171, 0, 17, 255, 161, 74, 234, 224, 40, 0, 0, 207, 1, 0, 50, 0, 0, 27, 6, 98]
1542779871781;[171, 0, 4, 255, 132, 128, 114]
1542779871785;[171, 0, 17, 255, 161, 74, 234, 224, 40, 0, 0, 111, 1, 0, 185, 0, 0, 92, 5, 112]
1542779871954;[171, 0, 17, 255, 161, 74, 234, 224, 40, 1, 0, 8, 1, 0, 203, 0, 0, 195, 5, 43]
1542779872300;[171, 0, 17, 255, 161, 74, 234, 224, 41, 0, 0, 65, 1, 0, 243, 0, 0, 49, 3, 224]
1542779872304;[171, 0, 17, 255, 161, 74, 234, 224, 41, 0, 0, 35, 1, 0, 227, 0, 0, 49, 2, 234]
1542779872307;[171, 0, 17, 255, 161, 74, 234, 224, 41, 0, 0, 96, 1, 1, 36, 0, 0, 138, 2, 60]
1542779872312;[171, 0, 17, 255, 161, 74, 234, 224, 41, 0, 0, 23, 1, 1, 10, 1, 0, 26, 1, 202]
1542779872470;[171, 0, 17, 255, 161, 74, 234, 224, 41, 1, 0, 84, 1, 0, 226, 0, 0, 23, 1, 54]
1542779872475;[171, 0, 17, 255, 161, 74, 234, 224, 41, 0, 1, 175, 1, 1, 8, 1, 0, 153, 16, 165]
1542779872644;[171, 0, 17, 255, 161, 74, 234, 224, 41, 1, 0, 20, 1, 0, 251, 1, 0, 14, 7, 112]
1542779872817;[171, 0, 17, 255, 161, 74, 234, 224, 41, 0, 0, 62, 1, 0, 131, 1, 0, 17, 7, 38]
1542779872820;[171, 0, 4, 255, 132, 128, 114]
1542779872988;[171, 0, 17, 255, 161, 74, 234, 224, 41, 0, 0, 33, 1, 1, 89, 1, 0, 137, 7, 73]
1542779872992;[171, 0, 17, 255, 161, 74, 234, 224, 41, 0, 0, 50, 1, 0, 239, 0, 0, 0, 7, 141]
1542779873161;[171, 0, 17, 255, 161, 74, 234, 224, 42, 0, 0, 43, 1, 1, 9, 1, 0, 34, 6, 161]
1542779873165;[171, 0, 17, 255, 161, 74, 234, 224, 42, 1, 0, 13, 1, 0, 213, 1, 0, 40, 6, 27]
1542779873506;[171, 0, 17, 255, 161, 74, 234, 224, 42, 0, 0, 23, 1, 0, 242, 1, 0, 31, 6, 42]
1542779873510;[171, 0, 17, 255, 161, 74, 234, 224, 42, 0, 0, 40, 1, 0, 225, 1, 0, 40, 6, 44]
1542779873514;[171, 0, 17, 255, 161, 74, 234, 224, 42, 0, 0, 19, 1, 0, 249, 1, 0, 46, 6, 77]
1542779873679;[171, 0, 17, 255, 161, 74, 234, 224, 42, 1, 0, 10, 1, 0, 252, 1, 0, 1, 6, 131]
1542779873682;[171, 0, 17, 255, 161, 74, 234, 224, 42, 0, 0, 99, 1, 0, 225, 1, 0, 71, 6, 176]
1542779873851;[171, 0, 17, 255, 161, 74, 234, 224, 42, 0, 0, 81, 1, 0, 199, 1, 0, 72, 6, 73]
1542779874024;[171, 0, 4, 255, 132, 128, 114]
1542779874028;[171, 0, 17, 255, 161, 74, 234, 224, 42, 0, 0, 49, 1, 1, 103, 0, 0, 94, 5, 194]
1542779874197;[171, 0, 17, 255, 161, 74, 234, 224, 42, 1, 0, 84, 1, 1, 61, 0, 0, 26, 5, 54]
1542779874200;[171, 0, 17, 255, 161, 74, 234, 224, 43, 0, 0, 38, 1, 0, 223, 1, 0, 19, 4, 237]
1542779874369;[171, 0, 17, 255, 161, 74, 234, 224, 43, 1, 0, 120, 1, 0, 188, 0, 0, 50, 4, 134]
1542779874373;[171, 0, 17, 255, 161, 74, 234, 224, 43, 0, 0, 61, 1, 1, 1, 0, 0, 5, 4, 136]
1542779874888;[171, 0, 17, 255, 161, 74, 234, 224, 43, 0, 0, 7, 1, 1, 5, 0, 0, 16, 4, 145]
1542779874892;[171, 0, 17, 255, 161, 74, 234, 224, 43, 0, 0, 6, 1, 0, 205, 1, 0, 42, 4, 166]
1542779874896;[171, 0, 17, 255, 161, 74, 234, 224, 43, 0, 0, 116, 1, 1, 112, 0, 0, 34, 4, 226]
1542779874899;[171, 0, 17, 255, 161, 74, 234, 224, 43, 1, 1, 95, 0, 0, 65, 0, 0, 53, 4, 189]
1542779875059;[171, 0, 17, 255, 161, 74, 234, 224, 45, 1, 0, 43, 1, 0, 236, 1, 0, 48, 8, 94]
1542779875232;[171, 0, 17, 255, 161, 74, 234, 224, 45, 1, 0, 18, 1, 0, 243, 1, 0, 52, 8, 149]
1542779875235;[171, 0, 17, 255, 161, 74, 234, 224, 46, 1, 0, 35, 1, 0, 247, 1, 0, 31, 8, 201]
1542779875404;[171, 0, 17, 255, 161, 74, 234, 224, 46, 1, 0, 63, 1, 0, 245, 1, 0, 27, 9, 11]
1542779875408;[171, 0, 17, 255, 161, 74, 234, 224, 46, 1, 0, 65, 1, 1, 19, 0, 0, 104, 9, 17]
1542779875576;[171, 0, 17, 255, 161, 74, 234, 224, 46, 0, 0, 18, 1, 0, 234, 1, 0, 13, 9, 44]
1542779875582;[171, 0, 17, 255, 161, 74, 234, 224, 46, 1, 0, 12, 1, 1, 0, 0, 0, 13, 9, 39]
1542779875747;[171, 0, 17, 255, 161, 74, 234, 224, 46, 1, 0, 22, 1, 0, 249, 1, 0, 12, 9, 25]
1542779876095;[171, 0, 17, 255, 161, 74, 234, 224, 46, 1, 0, 1, 1, 0, 228, 1, 0, 75, 8, 223]
1542779876099;[171, 0, 17, 255, 161, 74, 234, 224, 46, 1, 0, 231, 1, 1, 71, 1, 1, 70, 8, 232]
1542779876103;[171, 0, 4, 255, 132, 128, 95]
1542779876107;[171, 0, 17, 255, 161, 74, 234, 224, 46, 0, 0, 42, 1, 0, 236, 0, 0, 8, 9, 20]
1542779876267;[171, 0, 17, 255, 161, 74, 234, 224, 46, 1, 0, 9, 1, 0, 238, 1, 0, 8, 9, 77]
1542779876270;[171, 0, 17, 255, 161, 74, 234, 224, 47, 1, 0, 3, 1, 0, 243, 1, 0, 31, 9, 141]
1542779876438;[171, 0, 17, 255, 161, 74, 234, 224, 47, 0, 0, 4, 1, 0, 247, 1, 0, 21, 9, 193]
1542779876612;[171, 0, 17, 255, 161, 74, 234, 224, 47, 1, 0, 10, 1, 0, 242, 1, 0, 144, 9, 235]
1542779876616;[171, 0, 17, 255, 161, 74, 234, 224, 47, 0, 0, 21, 1, 1, 7, 1, 0, 32, 10, 18]
1542779876784;[171, 0, 17, 255, 161, 74, 234, 224, 47, 1, 0, 98, 1, 1, 175, 1, 0, 11, 10, 109]
1542779876788;[171, 0, 17, 255, 161, 74, 234, 224, 47, 0, 0, 159, 1, 0, 50, 1, 0, 3, 10, 132]
1542779876956;[171, 0, 17, 255, 161, 74, 234, 224, 47, 0, 0, 34, 1, 0, 120, 0, 0, 23, 10, 159]
1542779877303;[171, 0, 17, 255, 161, 74, 234, 224, 47, 1, 0, 76, 1, 0, 246, 1, 0, 54, 10, 19]
1542779877307;[171, 0, 4, 255, 132, 128, 90]
1542779877310;[171, 0, 17, 255, 161, 74, 234, 224, 47, 0, 0, 145, 1, 0, 213, 1, 0, 39, 9, 110]
1542779877314;[171, 0, 17, 255, 161, 74, 234, 224, 47, 0, 0, 163, 1, 0, 81, 1, 0, 173, 8, 135]
1542779877473;[171, 0, 17, 255, 161, 74, 234, 224, 48, 0, 2, 171, 1, 1, 47, 1, 0, 53, 7, 9]
1542779877477;[171, 0, 17, 255, 161, 74, 234, 224, 48, 0, 0, 171, 1, 0, 175, 1, 0, 77, 6, 126]
1542779877646;[171, 0, 17, 255, 161, 74, 234, 224, 48, 0, 0, 149, 1, 0, 222, 0, 0, 138, 5, 183]
1542779877818;[171, 0, 17, 255, 161, 74, 234, 224, 48, 1, 1, 22, 1, 3, 41, 0, 0, 6, 5, 154]
1542779877822;[171, 0, 17, 255, 161, 74, 234, 224, 48, 0, 0, 18, 1, 1, 18, 1, 0, 99, 5, 182]
1542779877991;[171, 0, 17, 255, 161, 74, 234, 224, 48, 1, 0, 1, 1, 0, 237, 1, 0, 43, 5, 43]
1542779877995;[171, 0, 17, 255, 161, 74, 234, 224, 48, 1, 0, 46, 1, 0, 219, 0, 0, 25, 4, 228]
1542779878164;[171, 0, 17, 255, 161, 74, 234, 224, 48, 1, 0, 20, 1, 1, 93, 1, 0, 155, 4, 209]
1542779878168;[171, 0, 4, 255, 132, 128, 87]
1542779878336;[171, 0, 17, 255, 161, 74, 234, 224, 48, 0, 0, 71, 1, 1, 76, 0, 0, 66, 4, 254]
1542779878683;[171, 0, 17, 255, 161, 74, 234, 224, 48, 0, 0, 25, 1, 1, 76, 0, 0, 34, 5, 25]
1542779878687;[171, 0, 17, 255, 161, 74, 234, 224, 49, 1, 0, 8, 1, 1, 64, 1, 0, 50, 4, 253]
1542779878691;[171, 0, 17, 255, 161, 74, 234, 224, 49, 1, 0, 75, 1, 0, 248, 1, 0, 180, 4, 171]
1542779878696;[171, 0, 17, 255, 161, 74, 234, 224, 49, 1, 0, 130, 1, 0, 217, 1, 0, 65, 4, 160]
1542779878854;[171, 0, 17, 255, 161, 74, 234, 224, 49, 1, 0, 38, 1, 1, 73, 0, 0, 204, 4, 212]
1542779879026;[171, 0, 17, 255, 161, 74, 234, 224, 49, 1, 0, 26, 1, 0, 226, 1, 0, 72, 5, 48]
1542779879030;[171, 0, 17, 255, 161, 74, 234, 224, 49, 1, 0, 58, 1, 0, 253, 1, 0, 3, 5, 43]
1542779879199;[171, 0, 17, 255, 161, 74, 234, 224, 49, 1, 0, 31, 1, 0, 244, 0, 0, 0, 5, 63]
1542779879203;[171, 0, 17, 255, 161, 74, 234, 224, 49, 1, 0, 46, 1, 0, 241, 1, 0, 5, 5, 122]
1542779879371;[171, 0, 4, 255, 132, 128, 87]
1542779879375;[171, 0, 17, 255, 161, 74, 234, 224, 49, 1, 0, 26, 1, 0, 242, 1, 0, 6, 5, 160]
1542779879544;[171, 0, 17, 255, 161, 74, 234, 224, 49, 1, 0, 41, 1, 0, 239, 1, 0, 3, 5, 189]
1542779879891;[171, 0, 17, 255, 161, 74, 234, 224, 50, 1, 0, 40, 1, 0, 241, 1, 0, 1, 5, 223]
1542779879895;[171, 0, 17, 255, 161, 74, 234, 224, 50, 1, 0, 41, 1, 0, 241, 1, 0, 9, 6, 3]
1542779879899;[171, 0, 17, 255, 161, 74, 234, 224, 50, 1, 0, 58, 1, 0, 237, 1, 0, 7, 6, 52]
1542779879902;[171, 0, 17, 255, 161, 74, 234, 224, 50, 1, 0, 69, 1, 0, 238, 1, 0, 11, 6, 118]
1542779880062;[171, 0, 17, 255, 161, 74, 234, 224, 50, 1, 0, 64, 1, 0, 238, 1, 0, 9, 6, 169]
1542779880066;[171, 0, 17, 255, 161, 74, 234, 224, 50, 1, 0, 68, 1, 0, 237, 1, 0, 8, 6, 212]
1542779880234;[171, 0, 17, 255, 161, 74, 234, 224, 50, 1, 0, 70, 1, 0, 238, 1, 0, 8, 6, 245]
1542779880407;[171, 0, 17, 255, 161, 74, 234, 224, 50, 1, 0, 73, 1, 0, 236, 1, 0, 7, 7, 13]
1542779880410;[171, 0, 4, 255, 132, 128, 87]
1542779880579;[171, 0, 17, 255, 161, 74, 234, 224, 50, 1, 0, 75, 1, 0, 236, 1, 0, 6, 7, 57]
1542779880582;[171, 0, 17, 255, 161, 74, 234, 224, 50, 1, 0, 67, 1, 0, 240, 1, 0, 7, 7, 79]
1542779880752;[171, 0, 17, 255, 161, 74, 234, 224, 51, 1, 0, 70, 1, 0, 234, 1, 0, 7, 7, 108]
1542779881270;[171, 0, 17, 255, 161, 74, 234, 224, 51, 1, 0, 73, 1, 0, 236, 1, 0, 7, 7, 135]
1542779881273;[171, 0, 17, 255, 161, 74, 234, 224, 51, 1, 0, 72, 1, 0, 237, 1, 0, 7, 7, 150]
1542779881277;[171, 0, 17, 255, 161, 74, 234, 224, 51, 1, 0, 79, 1, 0, 232, 0, 0, 8, 7, 176]
1542779881281;[171, 0, 17, 255, 161, 74, 234, 224, 51, 1, 0, 68, 1, 0, 238, 0, 0, 0, 7, 213]
1542779881441;[171, 0, 17, 255, 161, 74, 234, 224, 51, 1, 0, 85, 1, 0, 226, 0, 0, 6, 7, 240]
1542779881448;[171, 0, 17, 255, 161, 74, 234, 224, 51, 1, 0, 77, 1, 0, 235, 0, 0, 5, 7, 255]
1542779881451;[171, 0, 17, 255, 161, 74, 234, 224, 51, 1, 0, 67, 1, 0, 239, 1, 0, 4, 8, 13]
1542779881611;[171, 0, 4, 255, 132, 128, 87]
1542779881614;[171, 0, 17, 255, 161, 74, 234, 224, 51, 1, 0, 62, 1, 0, 238, 1, 0, 8, 8, 40]
1542779881786;[171, 0, 17, 255, 161, 74, 234, 224, 51, 1, 0, 56, 1, 0, 239, 1, 0, 15, 8, 70]
1542779881790;[171, 0, 17, 255, 161, 74, 234, 224, 52, 1, 0, 57, 1, 0, 238, 1, 0, 13, 8, 94]
1542779881958;[171, 0, 17, 255, 161, 74, 234, 224, 52, 1, 0, 44, 1, 0, 243, 1, 0, 26, 8, 115]
1542779882476;[171, 0, 17, 255, 161, 74, 234, 224, 52, 1, 0, 37, 1, 0, 240, 1, 0, 37, 8, 150]
1542779882480;[171, 0, 17, 255, 161, 74, 234, 224, 52, 1, 0, 43, 1, 0, 237, 1, 0, 40, 8, 199]
1542779882484;[171, 0, 17, 255, 161, 74, 234, 224, 52, 1, 0, 46, 1, 0, 239, 1, 0, 51, 9, 18]
1542779882488;[171, 0, 17, 255, 161, 74, 234, 224, 52, 1, 0, 48, 1, 0, 234, 1, 0, 68, 9, 64]
1542779882649;[171, 0, 17, 255, 161, 74, 234, 224, 52, 1, 0, 26, 1, 0, 232, 1, 0, 56, 9, 82]
1542779882653;[171, 0, 17, 255, 161, 74, 234, 224, 52, 0, 0, 23, 1, 0, 236, 1, 0, 68, 9, 120]
1542779882657;[171, 0, 4, 255, 132, 128, 86]
1542779882822;[171, 0, 17, 255, 161, 74, 234, 224, 52, 0, 0, 10, 1, 0, 239, 1, 0, 58, 9, 160]
1542779882826;[171, 0, 17, 255, 161, 74, 234, 224, 52, 1, 0, 39, 1, 0, 230, 1, 0, 78, 9, 191]
1542779882994;[171, 0, 17, 255, 161, 74, 234, 224, 53, 0, 0, 11, 1, 1, 42, 1, 0, 69, 9, 155]
1542779882998;[171, 0, 17, 255, 161, 74, 234, 224, 53, 1, 0, 16, 1, 0, 223, 0, 0, 20, 8, 243]
1542779883166;[171, 0, 17, 255, 161, 74, 234, 224, 53, 1, 0, 78, 1, 0, 217, 1, 0, 178, 8, 128]
1542779883170;[171, 0, 17, 255, 161, 74, 234, 224, 53, 1, 0, 111, 1, 0, 238, 1, 0, 48, 8, 141]
1542779883352;[171, 0, 17, 255, 161, 74, 234, 224, 53, 1, 0, 167, 1, 0, 189, 1, 0, 48, 8, 61]
1542779883857;[171, 0, 17, 255, 161, 74, 234, 224, 53, 1, 0, 132, 1, 0, 207, 1, 0, 51, 8, 12]
1542779883861;[171, 0, 17, 255, 161, 74, 234, 224, 53, 1, 0, 113, 1, 0, 212, 1, 0, 62, 7, 228]
1542779883865;[171, 0, 17, 255, 161, 74, 234, 224, 53, 1, 0, 133, 1, 0, 201, 1, 0, 71, 7, 58]
1542779883869;[171, 0, 4, 255, 132, 128, 86]
1542779884029;[171, 0, 17, 255, 161, 74, 234, 224, 53, 1, 0, 77, 1, 0, 219, 1, 0, 60, 6, 132]
1542779884034;[171, 0, 17, 255, 161, 74, 234, 224, 53, 1, 0, 74, 1, 0, 211, 1, 0, 80, 6, 28]
1542779884037;[171, 0, 17, 255, 161, 74, 234, 224, 54, 1, 0, 105, 1, 0, 214, 1, 0, 74, 6, 0]
1542779884201;[171, 0, 17, 255, 161, 74, 234, 224, 54, 1, 0, 100, 1, 0, 226, 1, 0, 46, 6, 0]
1542779884205;[171, 0, 17, 255, 161, 74, 234, 224, 54, 1, 0, 96, 1, 0, 214, 1, 0, 54, 5, 241]
1542779884375;[171, 0, 17, 255, 161, 74, 234, 224, 54, 1, 0, 92, 1, 0, 217, 1, 0, 68, 5, 236]
1542779884378;[171, 0, 17, 255, 161, 74, 234, 224, 54, 1, 0, 83, 1, 0, 233, 1, 0, 44, 6, 23]
1542779884547;[171, 0, 17, 255, 161, 74, 234, 224, 54, 1, 0, 94, 1, 0, 223, 1, 0, 41, 6, 36]
1542779884720;[171, 0, 17, 255, 161, 74, 234, 224, 54, 1, 0, 92, 1, 0, 223, 1, 0, 50, 6, 53]
1542779884724;[171, 0, 17, 255, 161, 74, 234, 224, 54, 1, 0, 97, 1, 0, 219, 1, 0, 50, 6, 87]
1542779885065;[171, 0, 4, 255, 132, 128, 93]
1542779885069;[171, 0, 17, 255, 161, 74, 234, 224, 54, 1, 0, 89, 1, 0, 224, 1, 0, 46, 6, 97]
1542779885073;[171, 0, 17, 255, 161, 74, 234, 224, 54, 1, 0, 90, 1, 0, 225, 1, 0, 42, 6, 105]
1542779885077;[171, 0, 17, 255, 161, 74, 234, 224, 55, 1, 0, 87, 1, 0, 221, 1, 0, 43, 6, 129]
1542779885236;[171, 0, 17, 255, 161, 74, 234, 224, 55, 1, 0, 94, 1, 0, 221, 1, 0, 51, 6, 159]
1542779885410;[171, 0, 17, 255, 161, 74, 234, 224, 55, 1, 0, 92, 1, 0, 227, 1, 0, 38, 6, 182]
1542779885414;[171, 0, 17, 255, 161, 74, 234, 224, 55, 1, 0, 90, 1, 0, 223, 1, 0, 41, 6, 218]
1542779885581;[171, 0, 17, 255, 161, 74, 234, 224, 55, 1, 0, 97, 1, 0, 219, 1, 0, 41, 7, 1]
1542779885585;[171, 0, 17, 255, 161, 74, 234, 224, 55, 1, 0, 96, 1, 0, 223, 1, 0, 41, 7, 26]
1542779887648;[171, 0, 17, 255, 161, 74, 234, 224, 55, 1, 0, 93, 1, 0, 224, 1, 0, 41, 7, 40]
1542779887652;[171, 0, 17, 255, 161, 74, 234, 224, 55, 1, 0, 93, 1, 0, 226, 1, 0, 39, 7, 64]
1542779887654;[171, 0, 4, 255, 132, 128, 95]
1542779887656;[171, 0, 17, 255, 161, 74, 234, 224, 55, 1, 0, 93, 1, 0, 224, 1, 0, 41, 7, 80]
1542779887658;[171, 0, 17, 255, 161, 74, 234, 224, 55, 1, 0, 92, 1, 0, 224, 1, 0, 42, 7, 115]
1542779887660;[171, 0, 17, 255, 161, 74, 234, 224, 56, 1, 0, 94, 1, 0, 225, 1, 0, 44, 7, 153]
1542779887662;[171, 0, 17, 255, 161, 74, 234, 224, 56, 1, 0, 89, 1, 0, 223, 1, 0, 39, 7, 184]
1542779887663;[171, 0, 17, 255, 161, 74, 234, 224, 56, 1, 0, 100, 1, 0, 224, 1, 0, 43, 7, 210]
1542779887665;[171, 0, 17, 255, 161, 74, 234, 224, 56, 1, 0, 82, 1, 0, 224, 1, 0, 41, 7, 225]
1542779887667;[171, 0, 17, 255, 161, 74, 234, 224, 56, 1, 0, 73, 1, 0, 231, 1, 0, 44, 7, 252]
1542779887669;[171, 0, 17, 255, 161, 74, 234, 224, 56, 1, 0, 77, 1, 0, 228, 1, 0, 41, 8, 33]
1542779887670;[171, 0, 17, 255, 161, 74, 234, 224, 56, 1, 0, 64, 1, 0, 232, 1, 0, 39, 8, 72]
1542779887672;[171, 0, 17, 255, 161, 74, 234, 224, 56, 1, 0, 68, 1, 0, 232, 1, 0, 38, 8, 120]
1542779887674;[171, 0, 4, 255, 132, 128, 97]
1542779887675;[171, 0, 17, 255, 161, 74, 234, 224, 56, 1, 0, 62, 1, 0, 224, 1, 0, 63, 8, 157]
1542779887677;[171, 0, 17, 255, 161, 74, 234, 224, 56, 1, 0, 51, 1, 0, 241, 1, 0, 31, 8, 195]
1542779887679;[171, 0, 17, 255, 161, 74, 234, 224, 57, 1, 0, 64, 1, 0, 217, 1, 0, 76, 8, 236]
1542779887680;[171, 0, 17, 255, 161, 74, 234, 224, 57, 1, 0, 71, 1, 0, 234, 1, 0, 57, 9, 21]
1542779887682;[171, 0, 17, 255, 161, 74, 234, 224, 57, 1, 0, 71, 1, 0, 230, 1, 0, 60, 9, 67]
1542779887684;[171, 0, 17, 255, 161, 74, 234, 224, 57, 1, 0, 70, 1, 0, 225, 1, 0, 65, 9, 106]
1542779887824;[171, 0, 17, 255, 161, 74, 234, 224, 57, 1, 0, 71, 1, 0, 225, 1, 0, 69, 9, 137]
1542779887827;[171, 0, 17, 255, 161, 74, 234, 224, 57, 1, 0, 62, 1, 0, 225, 1, 0, 69, 9, 164]
1542779887996;[171, 0, 17, 255, 161, 74, 234, 224, 57, 1, 0, 70, 1, 0, 226, 1, 0, 64, 9, 195]
1542779888000;[171, 0, 17, 255, 161, 74, 234, 224, 57, 1, 0, 65, 1, 0, 229, 1, 0, 63, 10, 0]
1542779888168;[171, 0, 4, 255, 132, 128, 97]
1542779888172;[171, 0, 17, 255, 161, 74, 234, 224, 57, 1, 0, 60, 1, 0, 227, 1, 0, 62, 10, 58]
1542779888341;[171, 0, 17, 255, 161, 74, 234, 224, 57, 1, 0, 67, 1, 0, 228, 1, 0, 65, 10, 116]
1542779888513;[171, 0, 17, 255, 161, 74, 234, 224, 58, 1, 0, 70, 1, 0, 227, 1, 0, 70, 10, 156]
1542779888517;[171, 0, 17, 255, 161, 74, 234, 224, 58, 1, 0, 65, 1, 0, 225, 1, 0, 67, 10, 187]
1542779888859;[171, 0, 17, 255, 161, 74, 234, 224, 58, 1, 0, 67, 1, 0, 223, 1, 0, 69, 10, 215]
1542779888863;[171, 0, 17, 255, 161, 74, 234, 224, 58, 1, 0, 64, 1, 0, 225, 1, 0, 71, 11, 9]
1542779888867;[171, 0, 17, 255, 161, 74, 234, 224, 58, 1, 0, 67, 1, 0, 224, 1, 0, 68, 11, 72]
1542779888871;[171, 0, 17, 255, 161, 74, 234, 224, 58, 1, 0, 66, 1, 0, 224, 1, 0, 65, 11, 117]
1542779889031;[171, 0, 17, 255, 161, 74, 234, 224, 58, 1, 0, 66, 1, 0, 226, 1, 0, 66, 11, 165]
1542779889204;[171, 0, 17, 255, 161, 74, 234, 224, 58, 1, 0, 66, 1, 0, 228, 1, 0, 66, 11, 209]
1542779889207;[171, 0, 4, 255, 132, 128, 97]
1542779889377;[171, 0, 17, 255, 161, 74, 234, 224, 58, 1, 0, 72, 1, 0, 226, 1, 0, 64, 11, 244]
1542779889380;[171, 0, 17, 255, 161, 74, 234, 224, 58, 1, 0, 70, 1, 0, 226, 1, 0, 66, 12, 39]
1542779889549;[171, 0, 17, 255, 161, 74, 234, 224, 59, 1, 0, 69, 1, 0, 226, 1, 0, 58, 12, 98]
1542779889721;[171, 0, 17, 255, 161, 74, 234, 224, 59, 1, 0, 73, 1, 0, 224, 1, 0, 60, 12, 145]
1542779889725;[171, 0, 17, 255, 161, 74, 234, 224, 59, 1, 0, 72, 1, 0, 227, 1, 0, 61, 12, 190]
1542779890239;[171, 0, 17, 255, 161, 74, 234, 224, 59, 1, 0, 72, 1, 0, 227, 1, 0, 63, 12, 218]
1542779890243;[171, 0, 17, 255, 161, 74, 234, 224, 59, 1, 0, 72, 1, 0, 227, 1, 0, 60, 13, 9]
1542779890247;[171, 0, 17, 255, 161, 74, 234, 224, 59, 1, 0, 71, 1, 0, 225, 1, 0, 62, 13, 61]
1542779890251;[171, 0, 17, 255, 161, 74, 234, 224, 59, 1, 0, 69, 1, 0, 229, 1, 0, 59, 13, 107]
1542779890412;[171, 0, 17, 255, 161, 74, 234, 224, 59, 1, 0, 70, 1, 0, 228, 1, 0, 53, 13, 149]
1542779890416;[171, 0, 4, 255, 132, 128, 98]
1542779890420;[171, 0, 17, 255, 161, 74, 234, 224, 59, 1, 0, 72, 1, 0, 233, 1, 0, 48, 13, 187]
1542779890583;[171, 0, 17, 255, 161, 74, 234, 224, 59, 1, 0, 70, 1, 0, 234, 1, 0, 48, 13, 231]
1542779890587;[171, 0, 17, 255, 161, 74, 234, 224, 64, 1, 0, 68, 1, 0, 229, 1, 0, 55, 14, 1]
1542779890757;[171, 0, 17, 255, 161, 74, 234, 224, 64, 1, 0, 68, 1, 0, 229, 1, 0, 55, 14, 63]
1542779890929;[171, 0, 17, 255, 161, 74, 234, 224, 64, 1, 0, 63, 1, 0, 233, 1, 0, 51, 14, 99]
1542779890933;[171, 0, 17, 255, 161, 74, 234, 224, 64, 1, 0, 53, 1, 0, 236, 1, 0, 51, 14, 147]
1542779891102;[171, 0, 17, 255, 161, 74, 234, 224, 64, 1, 0, 49, 1, 0, 237, 1, 0, 45, 14, 202]
1542779891105;[171, 0, 17, 255, 161, 74, 234, 224, 64, 1, 0, 40, 1, 0, 237, 1, 0, 44, 14, 252]
1542779891446;[171, 0, 17, 255, 161, 74, 234, 224, 64, 1, 0, 39, 1, 0, 235, 1, 0, 48, 15, 33]
1542779891450;[171, 0, 17, 255, 161, 74, 234, 224, 64, 1, 0, 37, 1, 0, 234, 1, 0, 53, 31, 91]
1542779891454;[171, 0, 4, 255, 132, 128, 99]
1542779891622;[171, 0, 17, 255, 161, 74, 234, 224, 64, 1, 0, 36, 1, 0, 234, 1, 0, 59, 8, 0]
1542779891626;[171, 0, 17, 255, 161, 74, 234, 224, 64, 1, 0, 32, 1, 0, 234, 1, 0, 68, 8, 47]
1542779891791;[171, 0, 17, 255, 161, 74, 234, 224, 65, 1, 0, 73, 1, 0, 241, 1, 0, 74, 8, 78]
1542779891794;[171, 0, 17, 255, 161, 74, 234, 224, 65, 1, 0, 35, 1, 0, 224, 1, 0, 39, 8, 99]
1542779891964;[171, 0, 17, 255, 161, 74, 234, 224, 65, 1, 0, 86, 1, 0, 218, 1, 0, 60, 8, 139]
1542779891968;[171, 0, 17, 255, 161, 74, 234, 224, 65, 1, 0, 83, 1, 0, 215, 1, 0, 76, 8, 196]
1542779892136;[171, 0, 17, 255, 161, 74, 234, 224, 65, 0, 0, 98, 1, 1, 14, 1, 0, 55, 9, 39]
1542779892309;[171, 0, 17, 255, 161, 74, 234, 224, 65, 0, 0, 24, 1, 1, 28, 1, 0, 66, 9, 13]
1542779892313;[171, 0, 17, 255, 161, 74, 234, 224, 65, 1, 0, 15, 1, 0, 240, 1, 0, 72, 9, 68]
1542779892654;[171, 0, 17, 255, 161, 74, 234, 224, 65, 1, 0, 13, 1, 0, 250, 1, 0, 67, 9, 107]
1542779892658;[171, 0, 4, 255, 132, 128, 100]
1542779892662;[171, 0, 17, 255, 161, 74, 234, 224, 65, 0, 0, 0, 1, 0, 239, 1, 0, 48, 9, 141]
1542779892827;[171, 0, 17, 255, 161, 74, 234, 224, 65, 0, 0, 12, 1, 0, 237, 1, 0, 35, 9, 193]
1542779892831;[171, 0, 17, 255, 161, 74, 234, 224, 66, 0, 0, 9, 1, 0, 215, 0, 0, 20, 9, 212]
1542779893000;[171, 0, 17, 255, 161, 74, 234, 224, 66, 1, 0, 20, 1, 1, 30, 1, 0, 18, 10, 31]
1542779893004;[171, 0, 17, 255, 161, 74, 234, 224, 66, 0, 0, 123, 1, 1, 134, 1, 0, 75, 10, 31]
1542779893171;[171, 0, 17, 255, 161, 74, 234, 224, 66, 0, 0, 43, 1, 0, 62, 1, 0, 85, 9, 189]
1542779893175;[171, 0, 17, 255, 161, 74, 234, 224, 66, 0, 0, 29, 1, 0, 221, 0, 0, 15, 9, 52]
1542779893344;[171, 0, 17, 255, 161, 74, 234, 224, 66, 0, 5, 20, 1, 2, 1, 1, 0, 132, 9, 24]
1542779893516;[171, 0, 17, 255, 161, 74, 234, 224, 66, 1, 0, 47, 1, 0, 243, 1, 0, 3, 8, 102]
1542779893520;[171, 0, 17, 255, 161, 74, 234, 224, 66, 1, 0, 13, 1, 0, 252, 1, 0, 56, 8, 131]
1542779893688;[171, 0, 4, 255, 132, 128, 100]
1542779893692;[171, 0, 17, 255, 161, 74, 234, 224, 66, 1, 0, 13, 1, 0, 221, 1, 0, 44, 8, 160]
1542779894034;[171, 0, 17, 255, 161, 74, 234, 224, 66, 0, 0, 62, 1, 0, 223, 1, 0, 34, 8, 200]
1542779894038;[171, 0, 17, 255, 161, 74, 234, 224, 67, 0, 0, 48, 1, 0, 238, 1, 0, 30, 8, 246]
1542779894042;[171, 0, 17, 255, 161, 74, 234, 224, 67, 1, 0, 21, 1, 1, 11, 1, 0, 7, 9, 68]
1542779894206;[171, 0, 17, 255, 161, 74, 234, 224, 67, 0, 0, 122, 1, 1, 212, 1, 0, 119, 9, 235]
1542779894210;[171, 0, 17, 255, 161, 74, 234, 224, 67, 1, 0, 93, 1, 0, 41, 0, 0, 5, 9, 226]
1542779894379;[171, 0, 17, 255, 161, 74, 234, 224, 67, 0, 0, 1, 1, 0, 236, 0, 0, 50, 9, 113]
1542779894382;[171, 0, 17, 255, 161, 74, 234, 224, 67, 0, 0, 207, 1, 1, 155, 1, 0, 122, 8, 93]
1542779894551;[171, 0, 17, 255, 161, 74, 234, 224, 67, 1, 0, 231, 1, 1, 163, 0, 0, 116, 7, 204]
1542779894725;[171, 0, 17, 255, 161, 74, 234, 224, 67, 0, 0, 14, 1, 1, 12, 1, 0, 152, 7, 194]
1542779894728;[171, 0, 4, 255, 132, 128, 101]
1542779894897;[171, 0, 17, 255, 161, 74, 234, 224, 67, 1, 0, 29, 1, 0, 247, 1, 0, 83, 7, 203]
1542779894900;[171, 0, 17, 255, 161, 74, 234, 224, 67, 1, 0, 52, 1, 0, 197, 1, 0, 50, 7, 135]
1542779895242;[171, 0, 17, 255, 161, 74, 234, 224, 68, 1, 0, 5, 1, 0, 245, 1, 0, 60, 7, 190]
1542779895246;[171, 0, 17, 255, 161, 74, 234, 224, 68, 1, 0, 50, 1, 0, 247, 1, 0, 64, 7, 244]
1542779895250;[171, 0, 17, 255, 161, 74, 234, 224, 68, 1, 0, 17, 1, 0, 238, 1, 0, 51, 8, 38]
1542779895414;[171, 0, 17, 255, 161, 74, 234, 224, 68, 1, 0, 13, 1, 0, 239, 1, 0, 46, 8, 122]
1542779895418;[171, 0, 17, 255, 161, 74, 234, 224, 68, 1, 0, 20, 1, 0, 238, 1, 0, 41, 8, 186]
1542779895586;[171, 0, 17, 255, 161, 74, 234, 224, 68, 1, 0, 20, 1, 0, 238, 1, 0, 43, 8, 163]
1542779895591;[171, 0, 17, 255, 161, 74, 234, 224, 68, 1, 0, 20, 1, 0, 240, 1, 0, 36, 8, 151]
1542779895759;[171, 0, 17, 255, 161, 74, 234, 224, 68, 1, 0, 22, 1, 0, 239, 1, 0, 37, 8, 113]
1542779895931;[171, 0, 4, 255, 132, 128, 101]
1542779895935;[171, 0, 17, 255, 161, 74, 234, 224, 68, 1, 0, 18, 1, 0, 242, 1, 0, 36, 8, 99]
1542779896104;[171, 0, 17, 255, 161, 74, 234, 224, 68, 1, 0, 25, 1, 0, 240, 1, 0, 41, 8, 105]
1542779896107;[171, 0, 17, 255, 161, 74, 234, 224, 69, 1, 0, 20, 1, 0, 241, 1, 0, 38, 8, 110]
1542779896276;[171, 0, 17, 255, 161, 74, 234, 224, 69, 1, 0, 13, 1, 0, 241, 1, 0, 36, 8, 115]
1542779896279;[171, 0, 17, 255, 161, 74, 234, 224, 69, 1, 0, 14, 1, 0, 241, 1, 0, 33, 8, 89]
1542779896621;[171, 0, 17, 255, 161, 74, 234, 224, 69, 1, 0, 10, 1, 0, 243, 1, 0, 31, 8, 51]
1542779896625;[171, 0, 17, 255, 161, 74, 234, 224, 69, 1, 0, 11, 1, 0, 245, 1, 0, 24, 8, 9]
1542779896629;[171, 0, 17, 255, 161, 74, 234, 224, 69, 1, 0, 9, 1, 0, 246, 1, 0, 22, 8, 20]
1542779896794;[171, 0, 17, 255, 161, 74, 234, 224, 69, 1, 0, 3, 1, 0, 245, 1, 0, 16, 7, 249]
1542779896798;[171, 0, 17, 255, 161, 74, 234, 224, 69, 1, 0, 1, 1, 0, 243, 1, 0, 13, 8, 2]
1542779896966;[171, 0, 4, 255, 132, 128, 101]
1542779896970;[171, 0, 17, 255, 161, 74, 234, 224, 69, 0, 0, 1, 1, 0, 244, 1, 0, 11, 7, 231]
1542779897139;[171, 0, 17, 255, 161, 74, 234, 224, 69, 1, 0, 3, 1, 0, 244, 1, 0, 12, 7, 205]
1542779897312;[171, 0, 17, 255, 161, 74, 234, 224, 70, 0, 0, 2, 1, 0, 245, 1, 0, 9, 7, 195]
1542779897315;[171, 0, 17, 255, 161, 74, 234, 224, 70, 0, 0, 5, 1, 0, 245, 1, 0, 8, 7, 212]
1542779897484;[171, 0, 17, 255, 161, 74, 234, 224, 70, 1, 0, 2, 1, 0, 252, 0, 0, 0, 8, 48]
1542779897489;[171, 0, 17, 255, 161, 74, 234, 224, 70, 1, 0, 30, 1, 1, 62, 0, 0, 15, 8, 96]
1542779897829;[171, 0, 17, 255, 161, 74, 234, 224, 70, 0, 0, 122, 1, 0, 181, 1, 0, 12, 6, 217]
1542779897833;[171, 0, 17, 255, 161, 74, 234, 224, 70, 1, 0, 36, 1, 0, 148, 1, 0, 72, 5, 168]
1542779897837;[171, 0, 17, 255, 161, 74, 234, 224, 70, 0, 0, 2, 1, 1, 27, 1, 0, 20, 5, 162]
1542779898001;[171, 0, 17, 255, 161, 74, 234, 224, 72, 1, 0, 39, 1, 0, 243, 0, 0, 27, 5, 152]
1542779898173;[171, 0, 17, 255, 161, 74, 234, 224, 72, 1, 0, 60, 1, 0, 238, 0, 0, 16, 5, 183]
1542779898177;[171, 0, 17, 255, 161, 74, 234, 224, 73, 1, 0, 64, 1, 0, 239, 0, 0, 8, 5, 199]
1542779898346;[171, 0, 17, 255, 161, 74, 234, 224, 73, 1, 0, 66, 1, 0, 235, 0, 0, 15, 5, 202]
1542779898518;[171, 0, 17, 255, 161, 74, 234, 224, 73, 1, 0, 66, 1, 0, 237, 0, 0, 13, 5, 220]
1542779898523;[171, 0, 17, 255, 161, 74, 234, 224, 73, 1, 0, 66, 1, 0, 237, 0, 0, 14, 5, 231]
1542779898692;[171, 0, 17, 255, 161, 74, 234, 224, 73, 1, 0, 65, 1, 0, 239, 0, 0, 15, 5, 235]
1542779898696;[171, 0, 17, 255, 161, 74, 234, 224, 73, 1, 0, 67, 1, 0, 240, 0, 0, 17, 5, 255]
1542779899210;[171, 0, 17, 255, 161, 74, 234, 224, 73, 1, 0, 65, 1, 0, 239, 0, 0, 14, 6, 16]
1542779899214;[171, 0, 17, 255, 161, 74, 234, 224, 73, 1, 0, 65, 1, 0, 237, 0, 0, 15, 6, 40]
1542779899218;[171, 0, 4, 255, 132, 128, 101]
1542779899222;[171, 0, 17, 255, 161, 74, 234, 224, 73, 1, 0, 80, 1, 0, 123, 0, 0, 15, 6, 130]
1542779899383;[171, 0, 17, 255, 161, 74, 234, 224, 73, 0, 0, 146, 1, 1, 89, 1, 0, 176, 6, 162]
1542779899387;[171, 0, 17, 255, 161, 74, 234, 224, 74, 0, 0, 178, 1, 1, 21, 0, 0, 86, 6, 219]
1542779899391;[171, 0, 17, 255, 161, 74, 234, 224, 74, 0, 0, 13, 1, 0, 18, 0, 0, 116, 6, 217]
1542779899554;[171, 0, 17, 255, 161, 74, 234, 224, 74, 1, 0, 225, 1, 2, 60, 1, 0, 141, 7, 89]
1542779899726;[171, 0, 17, 255, 161, 74, 234, 224, 74, 0, 0, 22, 1, 0, 190, 1, 0, 16, 7, 102]
1542779899730;[171, 0, 17, 255, 161, 74, 234, 224, 74, 1, 0, 36, 1, 0, 215, 1, 0, 30, 6, 80]
1542779899899;[171, 0, 17, 255, 161, 74, 234, 224, 74, 1, 0, 50, 1, 0, 233, 1, 0, 63, 5, 77]
1542779899903;[171, 0, 17, 255, 161, 74, 234, 224, 74, 1, 0, 62, 1, 0, 231, 1, 0, 46, 4, 240]
1542779900071;[171, 0, 17, 255, 161, 74, 234, 224, 74, 1, 0, 90, 1, 0, 250, 1, 0, 62, 4, 211]
1542779900075;[171, 0, 4, 255, 132, 128, 101]
1542779900416;[171, 0, 17, 255, 161, 74, 234, 224, 74, 1, 0, 115, 1, 0, 244, 1, 0, 71, 4, 194]
1542779900420;[171, 0, 17, 255, 161, 74, 234, 224, 74, 1, 0, 117, 1, 0, 227, 1, 0, 128, 4, 241]
1542779900424;[171, 0, 17, 255, 161, 74, 234, 224, 75, 1, 0, 32, 1, 0, 249, 1, 0, 25, 5, 32]
1542779900588;[171, 0, 17, 255, 161, 74, 234, 224, 75, 1, 0, 13, 1, 0, 231, 1, 0, 16, 5, 69]
1542779900592;[171, 0, 17, 255, 161, 74, 234, 224, 75, 0, 0, 91, 1, 1, 1, 1, 0, 2, 5, 103]
1542779900761;[171, 0, 17, 255, 161, 74, 234, 224, 75, 1, 0, 10, 1, 0, 73, 1, 0, 45, 5, 53]
1542779900765;[171, 0, 17, 255, 161, 74, 234, 224, 75, 1, 0, 42, 1, 0, 230, 1, 0, 65, 5, 123]
1542779900934;[171, 0, 17, 255, 161, 74, 234, 224, 75, 1, 0, 34, 1, 0, 242, 1, 0, 47, 5, 180]
1542779901106;[171, 0, 17, 255, 161, 74, 234, 224, 75, 1, 0, 57, 1, 0, 240, 1, 0, 38, 5, 218]
1542779901110;[171, 0, 17, 255, 161, 74, 234, 224, 75, 1, 0, 76, 1, 1, 141, 1, 0, 65, 6, 100]
1542779901279;[171, 0, 4, 255, 132, 128, 101]
1542779901282;[171, 0, 17, 255, 161, 74, 234, 224, 75, 1, 0, 205, 1, 0, 66, 1, 0, 39, 6, 127]
1542779901624;[171, 0, 17, 255, 161, 74, 234, 224, 75, 1, 0, 11, 1, 1, 105, 1, 0, 1, 6, 209]
1542779901628;[171, 0, 17, 255, 161, 74, 234, 224, 76, 0, 1, 158, 1, 0, 222, 1, 0, 71, 7, 52]
1542779901631;[171, 0, 17, 255, 161, 74, 234, 224, 76, 1, 0, 46, 1, 0, 128, 0, 0, 161, 6, 194]
1542779901797;[171, 0, 17, 255, 161, 74, 234, 224, 76, 1, 0, 22, 1, 0, 246, 1, 0, 39, 6, 226]
1542779901801;[171, 0, 17, 255, 161, 74, 234, 224, 76, 1, 0, 21, 1, 1, 8, 1, 0, 32, 7, 0]
1542779901970;[171, 0, 17, 255, 161, 74, 234, 224, 76, 0, 0, 18, 1, 0, 229, 1, 0, 52, 7, 20]
1542779901974;[171, 0, 17, 255, 161, 74, 234, 224, 76, 0, 0, 33, 1, 0, 230, 1, 0, 47, 7, 51]
1542779902141;[171, 0, 17, 255, 161, 74, 234, 224, 76, 0, 0, 50, 1, 0, 226, 1, 0, 38, 7, 134]
1542779902315;[171, 0, 17, 255, 161, 74, 234, 224, 76, 1, 0, 3, 1, 1, 10, 1, 0, 38, 7, 189]
1542779902318;[171, 0, 4, 255, 132, 128, 101]
1542779902486;[171, 0, 17, 255, 161, 74, 234, 224, 76, 0, 0, 112, 1, 1, 118, 1, 0, 58, 8, 35]
1542779902489;[171, 0, 17, 255, 161, 74, 234, 224, 76, 1, 0, 47, 1, 0, 187, 1, 0, 60, 7, 231]
1542779902659;[171, 0, 17, 255, 161, 74, 234, 224, 77, 0, 0, 39, 1, 0, 240, 1, 0, 17, 7, 66]
1542779903005;[171, 0, 17, 255, 161, 74, 234, 224, 77, 1, 0, 35, 1, 1, 147, 1, 0, 65, 6, 216]
1542779903009;[171, 0, 17, 255, 161, 74, 234, 224, 77, 0, 0, 180, 1, 0, 230, 0, 0, 8, 7, 41]
1542779903017;[171, 0, 17, 255, 161, 74, 234, 224, 77, 1, 0, 79, 1, 1, 141, 0, 0, 131, 6, 180]
1542779903020;[171, 0, 17, 255, 161, 74, 234, 224, 77, 0, 0, 1, 1, 0, 239, 1, 0, 36, 6, 114]
1542779903174;[171, 0, 17, 255, 161, 74, 234, 224, 77, 1, 0, 48, 1, 0, 245, 1, 0, 31, 6, 84]
1542779903177;[171, 0, 17, 255, 161, 74, 234, 224, 77, 1, 0, 1, 1, 0, 233, 1, 0, 29, 6, 39]
1542779903349;[171, 0, 17, 255, 161, 74, 234, 224, 77, 1, 0, 41, 1, 1, 97, 1, 0, 54, 6, 48]
1542779903521;[171, 0, 4, 255, 132, 128, 101]
1542779903524;[171, 0, 17, 255, 161, 74, 234, 224, 77, 0, 0, 71, 1, 1, 21, 1, 0, 95, 6, 34]
1542779903694;[171, 0, 17, 255, 161, 74, 234, 224, 77, 1, 0, 16, 1, 0, 58, 1, 0, 88, 5, 162]
1542779903697;[171, 0, 17, 255, 161, 74, 234, 224, 78, 0, 0, 2, 1, 0, 236, 1, 0, 45, 5, 7]
1542779903867;[171, 0, 17, 255, 161, 74, 234, 224, 78, 0, 0, 6, 1, 2, 53, 1, 0, 60, 4, 207]
1542779903871;[171, 0, 17, 255, 161, 74, 234, 224, 78, 1, 0, 233, 1, 1, 117, 1, 0, 63, 4, 240]
1542779904212;[171, 0, 17, 255, 161, 74, 234, 224, 78, 1, 0, 15, 1, 0, 210, 1, 0, 2, 3, 253]
1542779904216;[171, 0, 17, 255, 161, 74, 234, 224, 78, 1, 0, 8, 1, 0, 245, 1, 0, 62, 3, 204]
1542779904219;[171, 0, 17, 255, 161, 74, 234, 224, 78, 1, 0, 4, 1, 0, 240, 1, 0, 33, 3, 159]
1542779904384;[171, 0, 17, 255, 161, 74, 234, 224, 78, 1, 0, 49, 1, 1, 61, 0, 0, 7, 3, 162]
1542779904387;[171, 0, 17, 255, 161, 74, 234, 224, 78, 1, 0, 53, 1, 1, 191, 1, 0, 116, 4, 20]
1542779904556;[171, 0, 4, 255, 132, 128, 96]
1542779904729;[171, 0, 17, 255, 161, 74, 234, 224, 78, 1, 0, 239, 1, 0, 49, 0, 0, 34, 3, 233]
1542779904733;[171, 0, 17, 255, 161, 74, 234, 224, 78, 0, 0, 71, 1, 0, 193, 0, 0, 0, 3, 236]
1542779904902;[171, 0, 17, 255, 161, 74, 234, 224, 79, 0, 0, 211, 1, 2, 108, 1, 0, 108, 3, 207]
1542779904906;[171, 0, 17, 255, 161, 74, 234, 224, 79, 0, 0, 74, 1, 1, 9, 1, 0, 224, 3, 105]
1542779905145;[171, 0, 17, 255, 161, 74, 234, 224, 79, 1, 0, 5, 1, 0, 236, 0, 0, 18, 3, 71]
1542779905147;[171, 0, 17, 255, 161, 74, 234, 224, 79, 1, 0, 71, 1, 0, 217, 1, 0, 20, 3, 45]
1542779905246;[171, 0, 17, 255, 161, 74, 234, 224, 79, 1, 0, 15, 1, 0, 234, 1, 0, 66, 2, 220]
1542779905617;[171, 0, 17, 255, 161, 74, 234, 224, 79, 1, 0, 12, 1, 0, 244, 1, 0, 26, 2, 158]
1542779905619;[171, 0, 17, 255, 161, 74, 234, 224, 79, 0, 0, 11, 1, 1, 3, 1, 0, 13, 2, 70]
1542779905620;[171, 0, 17, 255, 161, 74, 234, 224, 79, 1, 0, 81, 1, 1, 155, 1, 0, 48, 1, 210]
1542779905622;[171, 0, 4, 255, 132, 128, 96]
1542779905764;[171, 0, 17, 255, 161, 74, 234, 224, 79, 0, 0, 245, 1, 0, 103, 1, 0, 81, 1, 25]
1542779905768;[171, 0, 17, 255, 161, 74, 234, 224, 79, 1, 0, 74, 1, 0, 218, 1, 0, 99, 16, 184]
1542779905936;[171, 0, 17, 255, 161, 74, 234, 224, 80, 0, 2, 76, 1, 1, 66, 1, 0, 11, 8, 58]
1542779906109;[171, 0, 17, 255, 161, 74, 234, 224, 80, 0, 0, 90, 1, 1, 47, 1, 0, 194, 7, 164]
1542779906113;[171, 0, 17, 255, 161, 74, 234, 224, 80, 0, 0, 26, 1, 1, 34, 1, 0, 16, 7, 86]
1542779906282;[171, 0, 17, 255, 161, 74, 234, 224, 80, 1, 0, 21, 1, 0, 219, 1, 0, 32, 6, 186]
1542779906286;[171, 0, 17, 255, 161, 74, 234, 224, 80, 0, 0, 27, 1, 1, 2, 1, 0, 6, 6, 136]
1542779906454;[171, 0, 17, 255, 161, 74, 234, 224, 80, 0, 0, 54, 1, 1, 167, 1, 0, 125, 6, 101]
1542779906801;[171, 0, 17, 255, 161, 74, 234, 224, 80, 1, 0, 18, 1, 0, 140, 0, 0, 53, 6, 112]
1542779906805;[171, 0, 17, 255, 161, 74, 234, 224, 80, 0, 0, 2, 1, 0, 215, 1, 0, 6, 6, 115]
1542779906809;[171, 0, 4, 255, 132, 128, 96]
1542779906813;[171, 0, 17, 255, 161, 74, 234, 224, 80, 0, 0, 103, 1, 1, 85, 0, 0, 36, 6, 173]
1542779906971;[171, 0, 17, 255, 161, 74, 234, 224, 80, 1, 0, 37, 1, 2, 117, 0, 0, 110, 6, 48]
1542779906975;[171, 0, 17, 255, 161, 74, 234, 224, 81, 0, 0, 19, 1, 0, 244, 1, 0, 60, 5, 139]
1542779907144;[171, 0, 17, 255, 161, 74, 234, 224, 81, 0, 0, 10, 1, 0, 207, 1, 0, 29, 5, 35]
1542779907316;[171, 0, 17, 255, 161, 74, 234, 224, 81, 1, 0, 14, 1, 1, 4, 1, 0, 4, 5, 16]
1542779907320;[171, 0, 17, 255, 161, 74, 234, 224, 81, 1, 0, 87, 1, 1, 109, 1, 0, 67, 4, 238]
1542779907488;[171, 0, 17, 255, 161, 74, 234, 224, 81, 0, 1, 119, 1, 0, 9, 1, 0, 148, 5, 103]
1542779907491;[171, 0, 17, 255, 161, 74, 234, 224, 81, 1, 0, 46, 1, 0, 181, 1, 0, 39, 5, 64]
1542779907661;[171, 0, 17, 255, 161, 74, 234, 224, 81, 0, 0, 1, 1, 1, 160, 1, 0, 48, 4, 251]
1542779907665;[171, 0, 17, 255, 161, 74, 234, 224, 81, 0, 0, 156, 1, 0, 209, 1, 0, 34, 4, 225]
1542779908007;[171, 0, 4, 255, 132, 128, 96]
1542779908010;[171, 0, 17, 255, 161, 74, 234, 224, 81, 1, 2, 239, 1, 1, 49, 0, 0, 0, 5, 91]
1542779908014;[171, 0, 17, 255, 161, 74, 234, 224, 81, 0, 0, 189, 1, 0, 195, 1, 0, 36, 4, 89]
1542779908179;[171, 0, 17, 255, 161, 74, 234, 224, 82, 1, 0, 41, 1, 0, 248, 1, 0, 38, 3, 162]
1542779908183;[171, 0, 17, 255, 161, 74, 234, 224, 82, 1, 0, 41, 1, 1, 83, 1, 0, 11, 3, 129]
1542779908351;[171, 0, 17, 255, 161, 74, 234, 224, 82, 0, 0, 117, 1, 0, 179, 1, 0, 51, 3, 119]
1542779908524;[171, 0, 17, 255, 161, 74, 234, 224, 82, 0, 0, 39, 1, 1, 2, 0, 0, 58, 3, 170]
1542779908527;[171, 0, 17, 255, 161, 74, 234, 224, 82, 1, 0, 102, 1, 0, 199, 1, 0, 1, 3, 159]
1542779908699;[171, 0, 17, 255, 161, 74, 234, 224, 82, 1, 0, 18, 1, 0, 226, 0, 0, 15, 3, 157]
1542779908703;[171, 0, 17, 255, 161, 74, 234, 224, 82, 0, 0, 238, 1, 1, 73, 1, 0, 15, 3, 216]
1542779908867;[171, 0, 17, 255, 161, 74, 234, 224, 82, 1, 0, 96, 1, 0, 231, 0, 0, 81, 3, 202]
1542779908870;[171, 0, 4, 255, 132, 128, 96]
1542779909040;[171, 0, 17, 255, 161, 74, 234, 224, 82, 1, 0, 87, 1, 0, 228, 1, 0, 37, 3, 165]
1542779909388;[171, 0, 17, 255, 161, 74, 234, 224, 82, 1, 0, 82, 1, 0, 230, 1, 0, 16, 3, 103]
1542779909392;[171, 0, 17, 255, 161, 74, 234, 224, 83, 1, 0, 65, 1, 0, 237, 1, 0, 7, 3, 74]
1542779909396;[171, 0, 17, 255, 161, 74, 234, 224, 83, 1, 0, 37, 1, 0, 242, 1, 0, 14, 3, 39]
1542779909399;[171, 0, 17, 255, 161, 74, 234, 224, 83, 1, 0, 38, 1, 0, 247, 1, 0, 12, 3, 7]
1542779909559;[171, 0, 17, 255, 161, 74, 234, 224, 83, 1, 0, 28, 1, 0, 244, 1, 0, 9, 3, 16]
1542779909563;[171, 0, 17, 255, 161, 74, 234, 224, 83, 1, 0, 44, 1, 0, 237, 1, 0, 19, 3, 35]
1542779909731;[171, 0, 17, 255, 161, 74, 234, 224, 83, 1, 0, 43, 1, 0, 245, 1, 0, 18, 3, 52]
1542779909904;[171, 0, 17, 255, 161, 74, 234, 224, 83, 1, 0, 37, 1, 0, 243, 1, 0, 18, 3, 85]
1542779909908;[171, 0, 17, 255, 161, 74, 234, 224, 83, 1, 0, 39, 1, 0, 241, 1, 0, 19, 3, 116]
1542779910075;[171, 0, 4, 255, 132, 128, 96]
1542779910079;[171, 0, 17, 255, 161, 74, 234, 224, 83, 1, 0, 37, 1, 0, 238, 1, 0, 18, 3, 124]
1542779910249;[171, 0, 17, 255, 161, 74, 234, 224, 83, 1, 0, 44, 1, 0, 246, 0, 0, 1, 3, 155]
1542779910594;[171, 0, 17, 255, 161, 74, 234, 224, 84, 1, 0, 34, 1, 0, 242, 1, 0, 5, 3, 209]
1542779910598;[171, 0, 17, 255, 161, 74, 234, 224, 84, 1, 0, 24, 1, 0, 244, 1, 0, 25, 4, 23]
1542779910602;[171, 0, 17, 255, 161, 74, 234, 224, 84, 1, 0, 41, 1, 0, 241, 1, 0, 28, 4, 105]
1542779910766;[171, 0, 17, 255, 161, 74, 234, 224, 84, 1, 0, 41, 1, 0, 242, 1, 0, 30, 4, 169]
1542779910770;[171, 0, 17, 255, 161, 74, 234, 224, 84, 1, 0, 39, 1, 0, 243, 1, 0, 22, 4, 210]
1542779910774;[171, 0, 17, 255, 161, 74, 234, 224, 84, 1, 0, 45, 1, 0, 242, 1, 0, 17, 4, 253]
1542779910939;[171, 0, 17, 255, 161, 74, 234, 224, 84, 1, 0, 19, 1, 0, 244, 1, 0, 16, 5, 43]
1542779911112;[171, 0, 17, 255, 161, 74, 234, 224, 84, 1, 0, 11, 1, 0, 241, 1, 0, 17, 5, 136]
1542779911115;[171, 0, 4, 255, 132, 128, 96]
1542779911284;[171, 0, 17, 255, 161, 74, 234, 224, 84, 1, 0, 20, 1, 0, 246, 1, 0, 17, 5, 216]
1542779911287;[171, 0, 17, 255, 161, 74, 234, 224, 84, 1, 0, 20, 1, 0, 245, 1, 0, 23, 6, 43]
1542779911456;[171, 0, 17, 255, 161, 74, 234, 224, 85, 1, 0, 22, 1, 0, 241, 1, 0, 20, 6, 98]
1542779911630;[171, 0, 17, 255, 161, 74, 234, 224, 85, 1, 0, 27, 1, 0, 244, 1, 0, 15, 6, 143]
1542779911633;[171, 0, 17, 255, 161, 74, 234, 224, 85, 1, 0, 28, 1, 0, 247, 1, 0, 15, 6, 202]
1542779911976;[171, 0, 17, 255, 161, 74, 234, 224, 85, 1, 0, 27, 1, 0, 246, 1, 0, 17, 7, 38]
1542779911979;[171, 0, 17, 255, 161, 74, 234, 224, 85, 1, 0, 33, 1, 0, 244, 1, 0, 13, 7, 156]
1542779911983;[171, 0, 17, 255, 161, 74, 234, 224, 85, 1, 0, 9, 1, 0, 255, 1, 0, 9, 8, 9]
1542779911987;[171, 0, 17, 255, 161, 74, 234, 224, 85, 0, 0, 196, 1, 0, 247, 1, 0, 47, 8, 65]
1542779912319;[171, 0, 17, 255, 161, 74, 234, 224, 85, 1, 0, 35, 1, 0, 170, 0, 0, 70, 8, 76]
1542779912323;[171, 0, 4, 255, 132, 128, 97]
1542779912327;[171, 0, 17, 255, 161, 74, 234, 224, 85, 0, 0, 2, 1, 1, 101, 1, 1, 4, 8, 217]
1542779912491;[171, 0, 17, 255, 161, 74, 234, 224, 85, 0, 0, 18, 1, 0, 244, 1, 0, 63, 8, 147]
1542779912495;[171, 0, 17, 255, 161, 74, 234, 224, 86, 0, 0, 4, 1, 0, 250, 1, 0, 28, 8, 52]
1542779912665;[171, 0, 17, 255, 161, 74, 234, 224, 86, 1, 0, 28, 1, 0, 240, 1, 0, 24, 7, 164]
1542779912669;[171, 0, 17, 255, 161, 74, 234, 224, 86, 1, 0, 39, 1, 0, 245, 1, 0, 20, 7, 23]
1542779912836;[171, 0, 17, 255, 161, 74, 234, 224, 86, 1, 0, 61, 1, 0, 240, 1, 0, 19, 6, 186]
1542779913183;[171, 0, 17, 255, 161, 74, 234, 224, 86, 1, 0, 41, 1, 0, 236, 1, 0, 19, 6, 113]
1542779913187;[171, 0, 17, 255, 161, 74, 234, 224, 86, 1, 0, 40, 1, 0, 244, 1, 0, 6, 6, 164]
1542779913191;[171, 0, 17, 255, 161, 74, 234, 224, 86, 1, 0, 69, 1, 1, 49, 1, 0, 3, 6, 233]
1542779913195;[171, 0, 17, 255, 161, 74, 234, 224, 86, 0, 1, 111, 1, 1, 42, 0, 0, 25, 6, 247]
1542779913353;[171, 0, 4, 255, 132, 128, 97]
1542779913527;[171, 0, 17, 255, 161, 74, 234, 224, 86, 0, 0, 60, 1, 1, 3, 1, 0, 30, 7, 90]
1542779913531;[171, 0, 17, 255, 161, 74, 234, 224, 86, 1, 0, 187, 1, 0, 66, 1, 0, 2, 7, 64]
1542779913699;[171, 0, 17, 255, 161, 74, 234, 224, 87, 1, 0, 31, 1, 0, 165, 1, 0, 80, 7, 197]
1542779913703;[171, 0, 17, 255, 161, 74, 234, 224, 87, 0, 0, 55, 1, 0, 248, 1, 0, 8, 7, 210]
1542779913871;[171, 0, 17, 255, 161, 74, 234, 224, 87, 0, 0, 25, 1, 0, 242, 0, 0, 33, 7, 54]
1542779913875;[171, 0, 17, 255, 161, 74, 234, 224, 87, 1, 0, 17, 1, 0, 246, 0, 0, 16, 6, 164]
1542779914044;[171, 0, 17, 255, 161, 74, 234, 224, 87, 0, 0, 71, 1, 1, 6, 1, 0, 99, 6, 128]
1542779914563;[171, 0, 17, 255, 161, 74, 234, 224, 87, 1, 0, 22, 1, 0, 135, 1, 0, 100, 6, 105]
1542779914568;[171, 0, 17, 255, 161, 74, 234, 224, 87, 1, 0, 4, 1, 1, 11, 1, 0, 100, 6, 105]
1542779914573;[171, 0, 17, 255, 161, 74, 234, 224, 87, 0, 0, 25, 1, 2, 0, 1, 0, 107, 6, 179]
1542779914577;[171, 0, 4, 255, 132, 128, 98]
1542779914731;[171, 0, 17, 255, 161, 74, 234, 224, 87, 0, 0, 194, 1, 0, 226, 0, 0, 120, 6, 178]
1542779914734;[171, 0, 17, 255, 161, 74, 234, 224, 87, 0, 1, 223, 1, 3, 142, 0, 1, 59, 6, 185]
1542779914737;[171, 0, 17, 255, 161, 74, 234, 224, 88, 1, 0, 43, 1, 1, 75, 1, 0, 75, 6, 58]
1542779914906;[171, 0, 17, 255, 161, 74, 234, 224, 88, 1, 0, 36, 1, 0, 228, 1, 0, 42, 5, 255]
1542779914911;[171, 0, 17, 255, 161, 74, 234, 224, 88, 1, 0, 32, 1, 0, 251, 1, 0, 15, 6, 23]
1542779915078;[171, 0, 17, 255, 161, 74, 234, 224, 88, 0, 0, 31, 1, 0, 248, 1, 0, 26, 6, 66]
1542779915082;[171, 0, 17, 255, 161, 74, 234, 224, 88, 1, 0, 147, 1, 0, 235, 1, 0, 177, 6, 142]
1542779915252;[171, 0, 17, 255, 161, 74, 234, 224, 88, 1, 0, 1, 1, 0, 238, 0, 0, 212, 6, 171]
1542779915424;[171, 0, 17, 255, 161, 74, 234, 224, 88, 1, 0, 10, 1, 1, 7, 0, 0, 77, 6, 237]
1542779915428;[171, 0, 17, 255, 161, 74, 234, 224, 88, 0, 0, 3, 1, 0, 243, 1, 0, 32, 7, 16]
1542779915771;[171, 0, 4, 255, 132, 128, 98]
1542779915775;[171, 0, 17, 255, 161, 74, 234, 224, 88, 0, 0, 58, 1, 0, 228, 1, 0, 24, 7, 67]
1542779915778;[171, 0, 17, 255, 161, 74, 234, 224, 88, 1, 2, 138, 1, 0, 184, 1, 0, 101, 7, 70]
1542779915783;[171, 0, 17, 255, 161, 74, 234, 224, 89, 0, 0, 42, 1, 1, 4, 1, 0, 68, 7, 104]
1542779915941;[171, 0, 17, 255, 161, 74, 234, 224, 89, 1, 0, 42, 1, 0, 239, 0, 0, 12, 7, 104]
1542779916114;[171, 0, 17, 255, 161, 74, 234, 224, 89, 1, 0, 34, 1, 0, 248, 1, 0, 32, 7, 70]
1542779916118;[171, 0, 17, 255, 161, 74, 234, 224, 89, 1, 0, 51, 1, 0, 239, 1, 0, 52, 7, 51]
1542779916287;[171, 0, 17, 255, 161, 74, 234, 224, 89, 1, 0, 42, 1, 0, 237, 1, 0, 53, 7, 42]
1542779916291;[171, 0, 17, 255, 161, 74, 234, 224, 89, 1, 0, 65, 1, 0, 236, 1, 0, 48, 6, 248]
1542779916460;[171, 0, 17, 255, 161, 74, 234, 224, 89, 1, 0, 41, 1, 0, 238, 1, 0, 31, 6, 211]
1542779916463;[171, 0, 17, 255, 161, 74, 234, 224, 89, 1, 0, 47, 1, 0, 236, 1, 0, 50, 6, 176]
1542779916631;[171, 0, 4, 255, 132, 128, 99]
1542779916976;[171, 0, 17, 255, 161, 74, 234, 224, 89, 0, 0, 10, 1, 0, 234, 1, 0, 29, 6, 178]
1542779916980;[171, 0, 17, 255, 161, 74, 234, 224, 89, 1, 0, 5, 1, 0, 254, 1, 0, 5, 6, 186]
1542779916984;[171, 0, 17, 255, 161, 74, 234, 224, 90, 1, 0, 8, 1, 0, 247, 1, 0, 15, 6, 161]
1542779916988;[171, 0, 17, 255, 161, 74, 234, 224, 90, 0, 0, 2, 1, 1, 111, 1, 0, 25, 6, 145]
1542779917149;[171, 0, 17, 255, 161, 74, 234, 224, 90, 1, 0, 26, 1, 1, 1, 1, 0, 25, 6, 211]
1542779917321;[171, 0, 17, 255, 161, 74, 234, 224, 90, 0, 0, 168, 1, 0, 189, 0, 0, 14, 7, 93]
1542779917326;[171, 0, 17, 255, 161, 74, 234, 224, 90, 1, 0, 6, 1, 0, 201, 1, 0, 15, 7, 5]
1542779917494;[171, 0, 17, 255, 161, 74, 234, 224, 90, 1, 0, 92, 1, 1, 73, 1, 0, 96, 6, 248]
1542779917498;[171, 0, 17, 255, 161, 74, 234, 224, 90, 0, 0, 57, 1, 1, 19, 0, 0, 38, 6, 245]
1542779917666;[171, 0, 17, 255, 161, 74, 234, 224, 90, 0, 0, 128, 1, 0, 146, 0, 0, 4, 7, 42]
1542779917670;[171, 0, 4, 255, 132, 128, 99]
1542779917839;[171, 0, 17, 255, 161, 74, 234, 224, 90, 0, 1, 86, 0, 0, 27, 1, 0, 123, 6, 226]
1542779918011;[171, 0, 17, 255, 161, 74, 234, 224, 90, 0, 0, 57, 1, 1, 4, 1, 0, 20, 6, 61]
1542779918015;[171, 0, 17, 255, 161, 74, 234, 224, 91, 0, 0, 4, 1, 0, 205, 1, 0, 50, 6, 30]
1542779918357;[171, 0, 17, 255, 161, 74, 234, 224, 91, 0, 0, 72, 1, 0, 210, 1, 0, 33, 6, 59]
1542779918361;[171, 0, 17, 255, 161, 74, 234, 224, 91, 0, 0, 6, 1, 0, 254, 1, 0, 43, 6, 29]
1542779918365;[171, 0, 17, 255, 161, 74, 234, 224, 91, 0, 0, 50, 1, 0, 233, 1, 0, 18, 6, 16]
1542779918529;[171, 0, 17, 255, 161, 74, 234, 224, 91, 0, 0, 85, 1, 1, 129, 1, 0, 125, 6, 129]
1542779918533;[171, 0, 17, 255, 161, 74, 234, 224, 91, 1, 0, 53, 1, 0, 159, 1, 0, 41, 6, 161]
1542779918702;[171, 0, 17, 255, 161, 74, 234, 224, 91, 0, 2, 163, 1, 0, 91, 0, 0, 39, 7, 15]
1542779918705;[171, 0, 17, 255, 161, 74, 234, 224, 91, 0, 0, 94, 1, 1, 17, 1, 0, 138, 6, 98]
1542779918874;[171, 0, 4, 255, 132, 128, 98]
1542779918877;[171, 0, 17, 255, 161, 74, 234, 224, 91, 0, 0, 148, 1, 0, 248, 0, 0, 49, 6, 114]
1542779919044;[171, 0, 17, 255, 161, 74, 234, 224, 91, 0, 0, 61, 1, 1, 113, 0, 0, 78, 6, 29]
1542779919219;[171, 0, 17, 255, 161, 74, 234, 224, 92, 1, 0, 14, 1, 0, 249, 1, 0, 26, 5, 147]
1542779919223;[171, 0, 17, 255, 161, 74, 234, 224, 92, 0, 0, 7, 1, 0, 238, 1, 0, 27, 5, 72]
1542779919564;[171, 0, 17, 255, 161, 74, 234, 224, 92, 1, 0, 10, 1, 1, 2, 1, 0, 22, 5, 47]
1542779919568;[171, 0, 17, 255, 161, 74, 234, 224, 92, 0, 0, 31, 1, 2, 6, 1, 0, 49, 5, 119]
1542779919572;[171, 0, 17, 255, 161, 74, 234, 224, 92, 0, 0, 19, 0, 0, 29, 0, 0, 71, 5, 103]
1542779919576;[171, 0, 17, 255, 161, 74, 234, 224, 92, 1, 0, 38, 1, 1, 6, 1, 0, 29, 5, 183]
1542779919736;[171, 0, 17, 255, 161, 74, 234, 224, 92, 0, 3, 109, 1, 1, 62, 0, 0, 42, 6, 13]
1542779919909;[171, 0, 17, 255, 161, 74, 234, 224, 92, 0, 0, 19, 1, 0, 242, 1, 0, 174, 5, 200]
1542779919912;[171, 0, 4, 255, 132, 128, 98]
1542779920081;[171, 0, 17, 255, 161, 74, 234, 224, 92, 1, 0, 35, 1, 0, 240, 1, 0, 73, 5, 188]
1542779920085;[171, 0, 17, 255, 161, 74, 234, 224, 92, 0, 0, 10, 1, 0, 235, 1, 0, 57, 5, 122]
1542779920252;[171, 0, 17, 255, 161, 74, 234, 224, 93, 1, 0, 6, 1, 0, 231, 1, 0, 69, 5, 52]
1542779920426;[171, 0, 17, 255, 161, 74, 234, 224, 93, 1, 0, 5, 1, 0, 237, 1, 0, 44, 5, 10]
1542779920430;[171, 0, 17, 255, 161, 74, 234, 224, 93, 0, 0, 38, 1, 0, 235, 1, 0, 65, 4, 208]
1542779920598;[171, 0, 17, 255, 161, 74, 234, 224, 93, 1, 0, 14, 1, 1, 15, 1, 0, 49, 4, 175]
1542779920603;[171, 0, 17, 255, 161, 74, 234, 224, 93, 0, 0, 51, 1, 0, 211, 1, 0, 32, 4, 23]
1542779920944;[171, 0, 17, 255, 161, 74, 234, 224, 93, 0, 0, 60, 1, 0, 236, 1, 0, 34, 3, 166]
1542779920947;[171, 0, 17, 255, 161, 74, 234, 224, 93, 0, 0, 52, 1, 0, 228, 1, 0, 46, 3, 176]
1542779921117;[171, 0, 17, 255, 161, 74, 234, 224, 95, 1, 0, 194, 1, 0, 223, 1, 0, 18, 2, 57]
1542779921121;[171, 0, 17, 255, 161, 74, 234, 224, 95, 1, 0, 7, 1, 1, 90, 1, 0, 159, 2, 9]
1542779921290;[171, 0, 17, 255, 161, 74, 234, 224, 96, 1, 0, 104, 1, 0, 223, 1, 0, 71, 1, 248]
1542779921293;[171, 0, 17, 255, 161, 74, 234, 224, 96, 1, 0, 84, 1, 0, 238, 1, 0, 38, 2, 22]
1542779921462;[171, 0, 17, 255, 161, 74, 234, 224, 96, 1, 0, 96, 1, 0, 250, 1, 0, 14, 2, 23]
1542779921465;[171, 0, 17, 255, 161, 74, 234, 224, 96, 1, 0, 145, 1, 0, 215, 1, 0, 8, 2, 49]
1542779921633;[171, 0, 17, 255, 161, 74, 234, 224, 96, 1, 0, 63, 1, 0, 176, 1, 0, 140, 2, 4]
1542779921806;[171, 0, 17, 255, 161, 74, 234, 224, 96, 0, 0, 9, 1, 0, 172, 0, 0, 45, 2, 27]
1542779921810;[171, 0, 17, 255, 161, 74, 234, 224, 96, 1, 0, 151, 1, 0, 122, 1, 2, 172, 1, 148]
1542779922152;[171, 0, 17, 255, 161, 74, 234, 224, 96, 1, 0, 15, 1, 0, 172, 1, 0, 46, 1, 47]
1542779922156;[171, 0, 4, 255, 132, 128, 99]
1542779922159;[171, 0, 17, 255, 161, 74, 234, 224, 96, 1, 0, 83, 1, 0, 242, 1, 0, 21, 1, 23]
1542779922324;[171, 0, 17, 255, 161, 74, 234, 224, 96, 0, 0, 9, 1, 0, 240, 1, 0, 23, 0, 224]
1542779922327;[171, 0, 17, 255, 161, 74, 234, 224, 97, 1, 0, 5, 1, 0, 250, 1, 0, 1, 0, 238]
1542779922496;[171, 0, 17, 255, 161, 74, 234, 224, 97, 0, 0, 17, 1, 0, 254, 0, 0, 11, 0, 253]
1542779922499;[171, 0, 17, 255, 161, 74, 234, 224, 97, 1, 0, 7, 1, 1, 48, 1, 0, 4, 1, 2]
1542779922669;[171, 0, 17, 255, 161, 74, 234, 224, 97, 0, 0, 14, 1, 0, 224, 1, 0, 47, 1, 109]
1542779922673;[171, 0, 17, 255, 161, 74, 234, 224, 97, 0, 0, 28, 1, 1, 27, 1, 0, 15, 1, 119]
1542779922841;[171, 0, 17, 255, 161, 74, 234, 224, 97, 1, 0, 87, 1, 0, 175, 1, 0, 2, 1, 92]
1542779923034;[171, 0, 17, 255, 161, 74, 234, 224, 97, 1, 0, 46, 1, 1, 83, 0, 0, 95, 1, 109]
1542779923035;[171, 0, 17, 255, 161, 74, 234, 224, 97, 0, 0, 44, 1, 1, 15, 0, 0, 22, 1, 108]
1542779923533;[171, 0, 4, 255, 132, 128, 99]
1542779923537;[171, 0, 17, 255, 161, 74, 234, 224, 97, 0, 0, 193, 1, 0, 49, 0, 0, 28, 1, 191]
1542779923541;[171, 0, 17, 255, 161, 74, 234, 224, 97, 0, 0, 39, 1, 1, 66, 0, 0, 92, 1, 233]
1542779923545;[171, 0, 17, 255, 161, 74, 234, 224, 98, 0, 0, 184, 1, 1, 33, 1, 0, 46, 2, 37]
1542779923705;[171, 0, 17, 255, 161, 74, 234, 224, 98, 0, 0, 200, 1, 1, 66, 1, 0, 61, 2, 91]
1542779923709;[171, 0, 17, 255, 161, 74, 234, 224, 98, 1, 0, 128, 1, 0, 50, 1, 0, 39, 2, 59]
1542779923712;[171, 0, 17, 255, 161, 74, 234, 224, 98, 1, 0, 206, 1, 0, 225, 0, 0, 74, 1, 254]
1542779924224;[171, 0, 17, 255, 161, 74, 234, 224, 98, 1, 0, 30, 1, 1, 161, 1, 0, 127, 1, 116]
1542779924228;[171, 0, 17, 255, 161, 74, 234, 224, 98, 0, 0, 92, 1, 0, 217, 1, 0, 32, 1, 83]
1542779924232;[171, 0, 17, 255, 161, 74, 234, 224, 98, 0, 0, 34, 1, 0, 253, 1, 0, 61, 1, 91]
1542779924236;[171, 0, 17, 255, 161, 74, 234, 224, 98, 0, 0, 85, 1, 0, 217, 1, 0, 66, 1, 54]
1542779924394;[171, 0, 4, 255, 132, 128, 99]
1542779924398;[171, 0, 17, 255, 161, 74, 234, 224, 98, 0, 0, 34, 1, 0, 241, 1, 0, 78, 0, 244]
1542779924402;[171, 0, 17, 255, 161, 74, 234, 224, 98, 0, 0, 55, 1, 0, 231, 1, 0, 71, 0, 243]
1542779924914;[171, 0, 17, 255, 161, 74, 234, 224, 99, 0, 0, 38, 1, 0, 249, 1, 0, 54, 1, 4]
1542779924918;[171, 0, 17, 255, 161, 74, 234, 224, 99, 0, 0, 65, 1, 1, 15, 1, 0, 19, 1, 56]
1542779924922;[171, 0, 17, 255, 161, 74, 234, 224, 99, 0, 0, 101, 1, 0, 176, 1, 0, 111, 1, 109]
1542779924926;[171, 0, 17, 255, 161, 74, 234, 224, 99, 0, 1, 233, 1, 1, 18, 1, 0, 16, 1, 189]
1542779925084;[171, 0, 17, 255, 161, 74, 234, 224, 99, 0, 0, 33, 1, 0, 187, 0, 0, 9, 1, 59]
1542779925088;[171, 0, 17, 255, 161, 74, 234, 224, 99, 0, 0, 68, 1, 0, 244, 0, 0, 22, 1, 28]
1542779925092;[171, 0, 17, 255, 161, 74, 234, 224, 99, 0, 2, 152, 1, 1, 205, 1, 0, 64, 1, 108]
1542779925256;[171, 0, 17, 255, 161, 74, 234, 224, 99, 0, 0, 88, 1, 0, 197, 0, 0, 73, 1, 28]
1542779925426;[171, 0, 4, 255, 132, 128, 99]
1542779925429;[171, 0, 17, 255, 161, 74, 234, 224, 99, 0, 0, 33, 1, 0, 221, 1, 0, 37, 1, 60]
1542779925625;[171, 0, 17, 255, 161, 74, 234, 224, 99, 1, 0, 1, 1, 0, 232, 1, 0, 37, 1, 70]
1542779925627;[171, 0, 17, 255, 161, 74, 234, 224, 100, 0, 0, 22, 1, 0, 240, 1, 0, 48, 1, 104]
1542779925946;[171, 0, 17, 255, 161, 74, 234, 224, 100, 0, 0, 14, 1, 0, 236, 1, 0, 43, 1, 117]
1542779925950;[171, 0, 17, 255, 161, 74, 234, 224, 100, 1, 0, 34, 1, 0, 237, 1, 0, 46, 1, 83]
1542779925954;[171, 0, 17, 255, 161, 74, 234, 224, 100, 1, 0, 28, 1, 0, 252, 1, 0, 50, 1, 79]
1542779926120;[171, 0, 17, 255, 161, 74, 234, 224, 100, 1, 0, 17, 1, 0, 239, 1, 0, 45, 1, 118]
1542779926123;[171, 0, 17, 255, 161, 74, 234, 224, 100, 1, 0, 15, 1, 0, 239, 1, 0, 41, 1, 147]
1542779926465;[171, 0, 17, 255, 161, 74, 234, 224, 100, 1, 0, 22, 1, 0, 241, 1, 0, 36, 1, 184]
1542779926468;[171, 0, 17, 255, 161, 74, 234, 224, 100, 1, 0, 28, 1, 0, 243, 1, 0, 33, 1, 225]
1542779926473;[171, 0, 4, 255, 132, 128, 99]
1542779926476;[171, 0, 17, 255, 161, 74, 234, 224, 100, 1, 0, 13, 1, 0, 249, 1, 0, 36, 2, 9]
1542779926636;[171, 0, 17, 255, 161, 74, 234, 224, 100, 1, 0, 5, 1, 0, 246, 1, 0, 31, 2, 60]
1542779926810;[171, 0, 17, 255, 161, 74, 234, 224, 101, 0, 0, 36, 1, 0, 226, 1, 0, 33, 2, 61]
1542779926814;[171, 0, 17, 255, 161, 74, 234, 224, 101, 1, 0, 37, 1, 0, 212, 1, 0, 85, 2, 68]
1542779926982;[171, 0, 17, 255, 161, 74, 234, 224, 101, 1, 0, 59, 1, 0, 243, 1, 0, 74, 2, 116]
1542779926986;[171, 0, 17, 255, 161, 74, 234, 224, 101, 1, 0, 57, 1, 1, 2, 1, 0, 36, 2, 131]
1542779927326;[171, 0, 17, 255, 161, 74, 234, 224, 101, 1, 0, 60, 1, 0, 219, 1, 0, 46, 2, 156]
1542779927330;[171, 0, 17, 255, 161, 74, 234, 224, 101, 0, 0, 109, 1, 0, 163, 1, 0, 131, 2, 161]
1542779927334;[171, 0, 17, 255, 161, 74, 234, 224, 101, 1, 0, 54, 1, 0, 196, 1, 0, 121, 2, 216]
1542779927499;[171, 0, 17, 255, 161, 74, 234, 224, 101, 1, 0, 13, 1, 1, 2, 0, 0, 42, 3, 36]
1542779927503;[171, 0, 4, 255, 132, 128, 100]
1542779927674;[171, 0, 17, 255, 161, 74, 234, 224, 101, 1, 1, 39, 1, 1, 28, 1, 0, 53, 3, 28]
1542779927676;[171, 0, 17, 255, 161, 74, 234, 224, 101, 1, 0, 33, 1, 0, 238, 1, 0, 31, 3, 56]
1542779927842;[171, 0, 17, 255, 161, 74, 234, 224, 102, 1, 0, 67, 1, 0, 222, 1, 0, 59, 3, 94]
1542779928016;[171, 0, 17, 255, 161, 74, 234, 224, 102, 1, 0, 173, 1, 0, 243, 1, 0, 69, 3, 105]
1542779928020;[171, 0, 17, 255, 161, 74, 234, 224, 102, 1, 0, 6, 1, 1, 81, 1, 0, 173, 3, 109]
1542779928190;[171, 0, 17, 255, 161, 74, 234, 224, 102, 1, 0, 41, 1, 0, 220, 0, 0, 38, 3, 76]
1542779928194;[171, 0, 17, 255, 161, 74, 234, 224, 102, 1, 0, 25, 1, 0, 215, 1, 0, 64, 3, 117]
1542779928534;[171, 0, 17, 255, 161, 74, 234, 224, 102, 1, 0, 39, 1, 0, 246, 1, 0, 192, 3, 43]
1542779928538;[171, 0, 17, 255, 161, 74, 234, 224, 102, 0, 0, 14, 1, 1, 34, 0, 0, 56, 3, 208]
1542779928542;[171, 0, 17, 255, 161, 74, 234, 224, 102, 0, 0, 20, 1, 1, 5, 1, 0, 49, 4, 100]
1542779928706;[171, 0, 4, 255, 132, 128, 100]
1542779928710;[171, 0, 17, 255, 161, 74, 234, 224, 102, 0, 0, 5, 1, 0, 223, 1, 0, 31, 3, 206]
1542779928879;[171, 0, 17, 255, 161, 74, 234, 224, 102, 0, 0, 3, 1, 0, 250, 1, 0, 31, 3, 109]
1542779928883;[171, 0, 17, 255, 161, 74, 234, 224, 103, 0, 0, 46, 1, 0, 226, 1, 0, 45, 3, 57]
1542779929051;[171, 0, 17, 255, 161, 74, 234, 224, 103, 1, 0, 8, 1, 1, 22, 1, 0, 57, 3, 86]
1542779929224;[171, 0, 17, 255, 161, 74, 234, 224, 103, 0, 0, 114, 1, 1, 30, 0, 0, 30, 3, 65]
1542779929228;[171, 0, 17, 255, 161, 74, 234, 224, 103, 1, 0, 90, 1, 0, 97, 1, 0, 129, 2, 184]
1542779929398;[171, 0, 17, 255, 161, 74, 234, 224, 103, 0, 0, 9, 1, 1, 10, 1, 0, 20, 2, 109]
1542779929401;[171, 0, 17, 255, 161, 74, 234, 224, 103, 0, 0, 130, 1, 1, 24, 1, 0, 103, 2, 154]
1542779929914;[171, 0, 17, 255, 161, 74, 234, 224, 103, 1, 0, 9, 1, 1, 15, 1, 0, 175, 2, 95]
1542779929918;[171, 0, 17, 255, 161, 74, 234, 224, 103, 1, 0, 21, 1, 0, 248, 1, 0, 20, 2, 110]
1542779929922;[171, 0, 4, 255, 132, 128, 100]
1542779929926;[171, 0, 17, 255, 161, 74, 234, 224, 103, 0, 0, 10, 1, 0, 244, 1, 0, 41, 2, 190]
1542779930089;[171, 0, 17, 255, 161, 74, 234, 224, 103, 1, 0, 44, 1, 0, 234, 1, 0, 11, 2, 204]
1542779930092;[171, 0, 17, 255, 161, 74, 234, 224, 104, 0, 0, 14, 1, 1, 12, 1, 0, 28, 2, 228]
1542779930096;[171, 0, 17, 255, 161, 74, 234, 224, 104, 1, 0, 37, 1, 1, 90, 1, 0, 31, 3, 10]
1542779930258;[171, 0, 17, 255, 161, 74, 234, 224, 104, 0, 0, 46, 1, 0, 158, 1, 0, 21, 3, 100]
1542779930261;[171, 0, 17, 255, 161, 74, 234, 224, 104, 1, 0, 49, 1, 0, 98, 0, 0, 0, 3, 105]
1542779930431;[171, 0, 17, 255, 161, 74, 234, 224, 104, 1, 0, 11, 1, 1, 76, 1, 0, 14, 3, 154]
1542779930604;[171, 0, 17, 255, 161, 74, 234, 224, 104, 0, 1, 122, 1, 1, 15, 1, 0, 39, 3, 216]
1542779930607;[171, 0, 17, 255, 161, 74, 234, 224, 104, 1, 0, 37, 1, 1, 60, 1, 0, 246, 3, 129]
1542779930776;[171, 0, 17, 255, 161, 74, 234, 224, 104, 1, 0, 44, 1, 0, 234, 0, 0, 19, 3, 64]
1542779930779;[171, 0, 4, 255, 132, 128, 100]
1542779931122;[171, 0, 17, 255, 161, 74, 234, 224, 104, 1, 0, 13, 1, 0, 250, 1, 0, 26, 3, 87]
1542779931125;[171, 0, 17, 255, 161, 74, 234, 224, 104, 1, 0, 18, 1, 0, 240, 1, 0, 11, 3, 114]
1542779931129;[171, 0, 17, 255, 161, 74, 234, 224, 105, 1, 0, 1, 1, 0, 249, 1, 0, 1, 3, 86]
1542779931294;[171, 0, 17, 255, 161, 74, 234, 224, 105, 1, 0, 10, 1, 1, 77, 1, 0, 19, 3, 112]
1542779931298;[171, 0, 17, 255, 161, 74, 234, 224, 105, 0, 0, 23, 1, 1, 72, 1, 0, 39, 3, 183]
1542779931466;[171, 0, 17, 255, 161, 74, 234, 224, 105, 1, 0, 88, 1, 0, 86, 1, 0, 66, 3, 81]
1542779931470;[171, 0, 17, 255, 161, 74, 234, 224, 105, 0, 0, 2, 1, 1, 102, 1, 0, 49, 3, 149]
1542779931639;[171, 0, 17, 255, 161, 74, 234, 224, 105, 0, 5, 77, 1, 0, 193, 1, 0, 222, 3, 7]
1542779931811;[171, 0, 17, 255, 161, 74, 234, 224, 105, 0, 0, 17, 1, 1, 43, 0, 0, 31, 3, 43]
1542779931815;[171, 0, 17, 255, 161, 74, 234, 224, 105, 1, 0, 50, 1, 0, 240, 1, 0, 1, 3, 11]
1542779931984;[171, 0, 4, 255, 132, 128, 101]
1542779931988;[171, 0, 17, 255, 161, 74, 234, 224, 105, 1, 0, 22, 1, 0, 251, 1, 0, 21, 3, 3]
1542779932329;[171, 0, 17, 255, 161, 74, 234, 224, 105, 0, 0, 5, 1, 0, 246, 1, 0, 19, 3, 7]
1542779932333;[171, 0, 17, 255, 161, 74, 234, 224, 106, 1, 0, 37, 1, 0, 238, 1, 0, 45, 3, 39]
1542779932337;[171, 0, 17, 255, 161, 74, 234, 224, 106, 1, 0, 52, 1, 1, 73, 1, 0, 24, 3, 83]
1542779932502;[171, 0, 17, 255, 161, 74, 234, 224, 106, 0, 0, 247, 0, 0, 84, 0, 0, 144, 3, 87]
1542779932506;[171, 0, 17, 255, 161, 74, 234, 224, 106, 0, 0, 30, 1, 1, 183, 1, 0, 12, 3, 69]
1542779932674;[171, 0, 17, 255, 161, 74, 234, 224, 106, 0, 0, 151, 1, 0, 143, 0, 1, 37, 3, 30]
1542779932678;[171, 0, 17, 255, 161, 74, 234, 224, 106, 0, 0, 61, 1, 0, 233, 1, 0, 96, 2, 245]
1542779932846;[171, 0, 17, 255, 161, 74, 234, 224, 106, 0, 0, 27, 1, 0, 243, 1, 0, 4, 2, 217]
1542779933019;[171, 0, 17, 255, 161, 74, 234, 224, 106, 0, 0, 40, 1, 0, 249, 1, 0, 34, 2, 219]
1542779933023;[171, 0, 4, 255, 132, 128, 101]
1542779933191;[171, 0, 17, 255, 161, 74, 234, 224, 106, 1, 0, 50, 1, 1, 120, 1, 0, 34, 2, 49]
1542779933195;[171, 0, 17, 255, 161, 74, 234, 224, 106, 1, 1, 55, 1, 0, 7, 0, 0, 9, 2, 8]
1542779933364;[171, 0, 17, 255, 161, 74, 234, 224, 107, 0, 1, 71, 0, 1, 35, 1, 2, 44, 1, 222]
1542779933367;[171, 0, 17, 255, 161, 74, 234, 224, 107, 0, 0, 30, 1, 0, 245, 1, 0, 32, 1, 168]
1542779933710;[171, 0, 17, 255, 161, 74, 234, 224, 107, 1, 0, 42, 1, 0, 236, 1, 0, 17, 1, 197]
1542779933715;[171, 0, 17, 255, 161, 74, 234, 224, 107, 1, 0, 29, 1, 0, 247, 1, 0, 47, 1, 193]
1542779933717;[171, 0, 17, 255, 161, 74, 234, 224, 107, 1, 0, 15, 1, 0, 241, 1, 0, 45, 1, 176]
1542779933881;[171, 0, 17, 255, 161, 74, 234, 224, 107, 1, 0, 26, 1, 0, 234, 1, 0, 41, 1, 158]
1542779933885;[171, 0, 17, 255, 161, 74, 234, 224, 107, 1, 0, 23, 1, 0, 228, 1, 0, 53, 1, 169]
1542779934054;[171, 0, 17, 255, 161, 74, 234, 224, 107, 1, 0, 39, 1, 0, 224, 1, 0, 98, 1, 150]
1542779934226;[171, 0, 4, 255, 132, 128, 102]
1542779934230;[171, 0, 17, 255, 161, 74, 234, 224, 107, 1, 0, 64, 1, 0, 242, 1, 0, 28, 2, 10]
1542779934400;[171, 0, 17, 255, 161, 74, 234, 224, 107, 1, 0, 238, 1, 0, 250, 0, 0, 7, 1, 57]
1542779934403;[171, 0, 17, 255, 161, 74, 234, 224, 108, 0, 0, 11, 1, 0, 189, 0, 0, 160, 1, 72]
1542779934572;[171, 0, 17, 255, 161, 74, 234, 224, 108, 1, 1, 56, 1, 0, 215, 1, 0, 122, 16, 175]
1542779934576;[171, 0, 17, 255, 161, 74, 234, 224, 108, 1, 0, 104, 1, 1, 48, 0, 0, 32, 7, 222]
1542779934917;[171, 0, 17, 255, 161, 74, 234, 224, 108, 1, 0, 34, 1, 0, 242, 1, 0, 67, 7, 237]
1542779934920;[171, 0, 17, 255, 161, 74, 234, 224, 108, 1, 0, 65, 1, 0, 237, 1, 0, 36, 7, 235]
1542779934924;[171, 0, 17, 255, 161, 74, 234, 224, 108, 1, 0, 84, 1, 0, 222, 1, 0, 50, 7, 216]
1542779935089;[171, 0, 17, 255, 161, 74, 234, 224, 108, 1, 0, 91, 1, 0, 225, 1, 0, 37, 8, 4]
1542779935093;[171, 0, 17, 255, 161, 74, 234, 224, 108, 1, 0, 128, 1, 0, 220, 1, 0, 43, 7, 192]
1542779935261;[171, 0, 4, 255, 132, 128, 102]
1542779935265;[171, 0, 17, 255, 161, 74, 234, 224, 108, 1, 0, 161, 1, 0, 239, 1, 0, 62, 7, 159]
1542779935434;[171, 0, 17, 255, 161, 74, 234, 224, 108, 0, 0, 227, 1, 1, 86, 0, 0, 23, 7, 4]
1542779935606;[171, 0, 17, 255, 161, 74, 234, 224, 109, 1, 0, 147, 1, 0, 209, 0, 0, 19, 7, 17]
1542779935610;[171, 0, 17, 255, 161, 74, 234, 224, 109, 1, 0, 43, 1, 0, 235, 1, 0, 31, 7, 67]
1542779935779;[171, 0, 17, 255, 161, 74, 234, 224, 109, 1, 0, 19, 1, 0, 224, 1, 0, 65, 7, 54]
1542779935782;[171, 0, 17, 255, 161, 74, 234, 224, 109, 1, 0, 59, 1, 1, 1, 1, 0, 53, 7, 49]
1542779935951;[171, 0, 17, 255, 161, 74, 234, 224, 109, 0, 1, 63, 1, 0, 173, 1, 0, 58, 7, 39]
1542779936298;[171, 0, 17, 255, 161, 74, 234, 224, 109, 1, 0, 52, 1, 0, 250, 1, 0, 62, 7, 21]
1542779936301;[171, 0, 17, 255, 161, 74, 234, 224, 109, 1, 0, 55, 1, 0, 229, 1, 0, 54, 7, 99]
1542779936306;[171, 0, 17, 255, 161, 74, 234, 224, 109, 1, 0, 80, 1, 1, 0, 1, 0, 33, 7, 205]
1542779936310;[171, 0, 4, 255, 132, 128, 97]
1542779936469;[171, 0, 17, 255, 161, 74, 234, 224, 109, 1, 0, 120, 1, 0, 218, 0, 0, 26, 7, 38]
1542779936473;[171, 0, 17, 255, 161, 74, 234, 224, 109, 0, 0, 253, 1, 0, 253, 1, 0, 43, 7, 73]
1542779936641;[171, 0, 17, 255, 161, 74, 234, 224, 110, 1, 1, 75, 1, 0, 251, 1, 0, 34, 6, 164]
1542779936814;[171, 0, 17, 255, 161, 74, 234, 224, 110, 1, 0, 48, 1, 0, 210, 1, 0, 163, 6, 134]
1542779936818;[171, 0, 17, 255, 161, 74, 234, 224, 110, 1, 0, 42, 1, 0, 248, 1, 0, 38, 6, 139]
1542779936986;[171, 0, 17, 255, 161, 74, 234, 224, 110, 1, 0, 9, 1, 0, 225, 1, 0, 39, 6, 149]
1542779936990;[171, 0, 17, 255, 161, 74, 234, 224, 110, 1, 0, 29, 1, 0, 230, 1, 0, 37, 6, 173]
1542779937159;[171, 0, 17, 255, 161, 74, 234, 224, 110, 0, 0, 0, 1, 0, 246, 1, 0, 21, 6, 165]
1542779937163;[171, 0, 17, 255, 161, 74, 234, 224, 110, 0, 0, 7, 1, 0, 243, 1, 0, 49, 6, 218]
1542779937506;[171, 0, 17, 255, 161, 74, 234, 224, 110, 0, 0, 27, 1, 0, 246, 1, 0, 49, 6, 225]
1542779937510;[171, 0, 4, 255, 132, 128, 95]
1542779937514;[171, 0, 17, 255, 161, 74, 234, 224, 110, 0, 0, 11, 1, 0, 217, 1, 0, 50, 6, 224]
1542779937676;[171, 0, 17, 255, 161, 74, 234, 224, 110, 0, 0, 53, 1, 0, 235, 1, 0, 50, 6, 243]
1542779937680;[171, 0, 17, 255, 161, 74, 234, 224, 111, 0, 0, 63, 1, 0, 215, 1, 0, 35, 7, 12]
1542779937849;[171, 0, 17, 255, 161, 74, 234, 224, 111, 0, 0, 93, 1, 0, 203, 1, 0, 57, 7, 0]
1542779938021;[171, 0, 17, 255, 161, 74, 234, 224, 111, 0, 0, 100, 1, 0, 197, 1, 0, 43, 7, 13]
1542779938026;[171, 0, 17, 255, 161, 74, 234, 224, 111, 0, 0, 75, 1, 0, 235, 1, 0, 45, 7, 43]
1542779938194;[171, 0, 17, 255, 161, 74, 234, 224, 111, 0, 0, 77, 1, 0, 224, 1, 0, 49, 7, 45]
1542779938198;[171, 0, 17, 255, 161, 74, 234, 224, 111, 0, 0, 71, 1, 0, 232, 1, 0, 34, 7, 16]
1542779938367;[171, 0, 17, 255, 161, 74, 234, 224, 111, 0, 0, 100, 1, 0, 230, 1, 0, 46, 7, 12]
1542779938371;[171, 0, 17, 255, 161, 74, 234, 224, 111, 0, 0, 102, 1, 0, 225, 1, 0, 15, 7, 53]
1542779938885;[171, 0, 4, 255, 132, 128, 94]
1542779938889;[171, 0, 17, 255, 161, 74, 234, 224, 111, 0, 0, 72, 1, 0, 223, 1, 0, 36, 7, 148]
1542779938893;[171, 0, 17, 255, 161, 74, 234, 224, 111, 0, 0, 119, 1, 0, 190, 1, 0, 67, 7, 237]
1542779938897;[171, 0, 17, 255, 161, 74, 234, 224, 112, 0, 0, 165, 1, 0, 165, 0, 0, 26, 8, 33]
1542779939057;[171, 0, 17, 255, 161, 74, 234, 224, 112, 0, 0, 144, 1, 0, 191, 0, 0, 34, 8, 60]
1542779939061;[171, 0, 17, 255, 161, 74, 234, 224, 112, 0, 0, 140, 1, 0, 199, 0, 0, 47, 8, 93]
1542779939065;[171, 0, 17, 255, 161, 74, 234, 224, 112, 0, 0, 139, 1, 0, 196, 0, 0, 30, 8, 146]
1542779939228;[171, 0, 17, 255, 161, 74, 234, 224, 112, 0, 0, 141, 1, 0, 208, 0, 0, 27, 8, 213]
1542779939402;[171, 0, 17, 255, 161, 74, 234, 224, 112, 0, 0, 96, 1, 0, 250, 0, 0, 54, 9, 41]
1542779939405;[171, 0, 17, 255, 161, 74, 234, 224, 112, 0, 0, 45, 1, 0, 236, 0, 0, 21, 9, 201]
1542779939574;[171, 0, 17, 255, 161, 74, 234, 224, 112, 0, 0, 45, 1, 0, 211, 0, 0, 39, 9, 84]
1542779939578;[171, 0, 4, 255, 132, 128, 94]
1542779939746;[171, 0, 17, 255, 161, 74, 234, 224, 112, 0, 1, 13, 1, 1, 26, 0, 0, 133, 9, 4]
1542779940091;[171, 0, 17, 255, 161, 74, 234, 224, 112, 0, 0, 100, 1, 0, 219, 0, 0, 22, 8, 195]
1542779940095;[171, 0, 17, 255, 161, 74, 234, 224, 113, 0, 0, 163, 1, 0, 166, 0, 0, 71, 8, 179]
1542779940099;[171, 0, 17, 255, 161, 74, 234, 224, 113, 0, 0, 118, 1, 0, 112, 0, 0, 48, 8, 93]
1542779940103;[171, 0, 17, 255, 161, 74, 234, 224, 113, 1, 0, 51, 1, 0, 63, 0, 0, 198, 8, 47]
1542779940264;[171, 0, 17, 255, 161, 74, 234, 224, 113, 1, 0, 176, 1, 0, 254, 0, 0, 75, 8, 90]
1542779940268;[171, 0, 17, 255, 161, 74, 234, 224, 113, 0, 0, 63, 1, 0, 219, 1, 0, 101, 8, 66]
1542779940436;[171, 0, 17, 255, 161, 74, 234, 224, 113, 0, 0, 161, 1, 1, 21, 0, 0, 128, 8, 53]
1542779940609;[171, 0, 17, 255, 161, 74, 234, 224, 113, 0, 0, 85, 1, 0, 216, 0, 0, 58, 8, 65]
1542779940612;[171, 0, 17, 255, 161, 74, 234, 224, 113, 0, 0, 100, 1, 0, 229, 0, 0, 57, 8, 64]
1542779940781;[171, 0, 4, 255, 132, 128, 93]
1542779940785;[171, 0, 17, 255, 161, 74, 234, 224, 113, 0, 0, 98, 1, 0, 217, 0, 0, 50, 8, 78]
1542779941300;[171, 0, 17, 255, 161, 74, 234, 224, 113, 0, 0, 83, 1, 0, 220, 0, 0, 47, 8, 62]
1542779941305;[171, 0, 17, 255, 161, 74, 234, 224, 114, 0, 0, 96, 1, 0, 218, 0, 0, 78, 7, 242]
1542779941308;[171, 0, 17, 255, 161, 74, 234, 224, 114, 0, 0, 81, 1, 0, 218, 0, 0, 84, 7, 109]
1542779941314;[171, 0, 17, 255, 161, 74, 234, 224, 114, 0, 0, 33, 1, 0, 226, 0, 0, 67, 6, 134]
1542779941468;[171, 0, 17, 255, 161, 74, 234, 224, 114, 0, 0, 14, 1, 0, 228, 0, 0, 7, 5, 238]
1542779941470;[171, 0, 17, 255, 161, 74, 234, 224, 114, 0, 0, 54, 1, 0, 205, 0, 0, 76, 5, 139]
1542779941474;[171, 0, 17, 255, 161, 74, 234, 224, 114, 0, 0, 110, 1, 0, 232, 0, 0, 75, 5, 57]
1542779941643;[171, 0, 17, 255, 161, 74, 234, 224, 114, 0, 0, 113, 1, 0, 218, 0, 0, 27, 4, 201]
1542779941817;[171, 0, 17, 255, 161, 74, 234, 224, 114, 0, 0, 188, 1, 0, 159, 0, 0, 61, 4, 15]
1542779941822;[171, 0, 4, 255, 132, 128, 92]
1542779941989;[171, 0, 17, 255, 161, 74, 234, 224, 114, 0, 0, 105, 0, 0, 197, 1, 0, 126, 5, 24]
1542779941993;[171, 0, 17, 255, 161, 74, 234, 224, 114, 0, 1, 136, 1, 1, 184, 1, 0, 36, 3, 249]
1542779942161;[171, 0, 17, 255, 161, 74, 234, 224, 115, 0, 0, 0, 1, 0, 101, 0, 0, 14, 3, 212]
1542779942165;[171, 0, 17, 255, 161, 74, 234, 224, 115, 0, 0, 35, 1, 0, 253, 0, 0, 26, 3, 188]
1542779942333;[171, 0, 17, 255, 161, 74, 234, 224, 115, 0, 0, 21, 1, 0, 244, 1, 0, 11, 3, 156]
1542779942679;[171, 0, 17, 255, 161, 74, 234, 224, 115, 1, 0, 3, 1, 1, 39, 1, 0, 25, 3, 140]
1542779942683;[171, 0, 17, 255, 161, 74, 234, 224, 115, 1, 0, 11, 1, 1, 3, 1, 0, 16, 3, 105]
1542779942687;[171, 0, 17, 255, 161, 74, 234, 224, 115, 1, 0, 14, 1, 0, 231, 1, 0, 16, 3, 87]
1542779942691;[171, 0, 17, 255, 161, 74, 234, 224, 115, 1, 0, 28, 1, 0, 232, 1, 0, 31, 3, 102]
1542779942852;[171, 0, 17, 255, 161, 74, 234, 224, 115, 1, 0, 24, 1, 0, 228, 0, 0, 49, 3, 85]
1542779943024;[171, 0, 4, 255, 132, 128, 91]
1542779943028;[171, 0, 17, 255, 161, 74, 234, 224, 115, 1, 0, 50, 1, 0, 242, 0, 0, 2, 3, 77]
1542779943197;[171, 0, 17, 255, 161, 74, 234, 224, 115, 1, 0, 40, 1, 0, 248, 1, 0, 11, 3, 105]
1542779943200;[171, 0, 17, 255, 161, 74, 234, 224, 116, 1, 0, 61, 1, 0, 242, 1, 0, 29, 3, 154]
1542779943369;[171, 0, 17, 255, 161, 74, 234, 224, 116, 1, 0, 29, 1, 0, 244, 1, 0, 19, 3, 127]
1542779943373;[171, 0, 17, 255, 161, 74, 234, 224, 116, 1, 0, 18, 1, 0, 245, 1, 0, 16, 3, 92]
1542779943542;[171, 0, 17, 255, 161, 74, 234, 224, 116, 1, 0, 17, 1, 0, 242, 1, 0, 24, 3, 73]
1542779943887;[171, 0, 17, 255, 161, 74, 234, 224, 116, 1, 0, 27, 1, 0, 241, 1, 0, 28, 3, 76]
1542779943891;[171, 0, 17, 255, 161, 74, 234, 224, 116, 1, 0, 41, 1, 0, 241, 1, 0, 22, 3, 101]
1542779943895;[171, 0, 17, 255, 161, 74, 234, 224, 116, 1, 0, 43, 1, 0, 243, 1, 0, 16, 3, 119]
1542779944059;[171, 0, 17, 255, 161, 74, 234, 224, 118, 1, 0, 28, 1, 0, 244, 1, 0, 19, 5, 57]
1542779944063;[171, 0, 17, 255, 161, 74, 234, 224, 118, 1, 0, 31, 1, 0, 241, 1, 0, 18, 5, 75]
1542779944232;[171, 0, 17, 255, 161, 74, 234, 224, 119, 1, 0, 20, 1, 0, 251, 1, 0, 18, 5, 97]
1542779944404;[171, 0, 17, 255, 161, 74, 234, 224, 119, 1, 0, 1, 1, 1, 0, 1, 0, 29, 5, 184]
1542779944408;[171, 0, 17, 255, 161, 74, 234, 224, 119, 0, 0, 33, 1, 0, 251, 1, 0, 37, 5, 254]
1542779944576;[171, 0, 17, 255, 161, 74, 234, 224, 119, 0, 0, 66, 1, 0, 223, 1, 0, 42, 5, 205]
1542779944579;[171, 0, 17, 255, 161, 74, 234, 224, 119, 0, 0, 26, 1, 0, 240, 1, 0, 17, 5, 155]
1542779944748;[171, 0, 17, 255, 161, 74, 234, 224, 119, 1, 0, 3, 1, 0, 201, 1, 0, 14, 5, 114]
1542779944922;[171, 0, 17, 255, 161, 74, 234, 224, 119, 0, 0, 97, 1, 0, 220, 0, 0, 3, 5, 103]
1542779944925;[171, 0, 17, 255, 161, 74, 234, 224, 119, 0, 0, 67, 1, 0, 227, 1, 0, 47, 5, 130]
1542779945266;[171, 0, 4, 255, 132, 128, 89]
1542779945271;[171, 0, 17, 255, 161, 74, 234, 224, 119, 0, 0, 103, 1, 0, 218, 1, 0, 9, 5, 162]
1542779945275;[171, 0, 17, 255, 161, 74, 234, 224, 119, 0, 0, 92, 1, 0, 238, 0, 0, 12, 5, 216]
1542779945279;[171, 0, 17, 255, 161, 74, 234, 224, 120, 0, 0, 115, 1, 0, 214, 1, 0, 38, 6, 52]
1542779945439;[171, 0, 17, 255, 161, 74, 234, 224, 120, 0, 0, 72, 1, 0, 222, 1, 0, 6, 5, 248]
1542779945620;[171, 0, 17, 255, 161, 74, 234, 224, 120, 0, 0, 98, 1, 0, 228, 0, 0, 10, 5, 185]
1542779945622;[171, 0, 17, 255, 161, 74, 234, 224, 120, 0, 0, 83, 1, 0, 234, 1, 0, 3, 5, 105]
1542779945784;[171, 0, 17, 255, 161, 74, 234, 224, 120, 0, 0, 87, 1, 0, 230, 0, 0, 5, 5, 48]
1542779945787;[171, 0, 17, 255, 161, 74, 234, 224, 120, 0, 0, 94, 1, 0, 223, 0, 0, 4, 5, 20]
1542779945957;[171, 0, 17, 255, 161, 74, 234, 224, 120, 0, 0, 89, 1, 0, 231, 0, 0, 2, 5, 6]
1542779945961;[171, 0, 17, 255, 161, 74, 234, 224, 120, 0, 0, 46, 1, 1, 2, 1, 0, 10, 5, 78]
1542779946128;[171, 0, 4, 255, 132, 128, 89]
1542779946476;[171, 0, 17, 255, 161, 74, 234, 224, 120, 0, 0, 254, 1, 0, 243, 1, 0, 162, 5, 178]
1542779946479;[171, 0, 17, 255, 161, 74, 234, 224, 120, 1, 0, 1, 1, 0, 152, 0, 0, 82, 5, 175]
1542779946484;[171, 0, 17, 255, 161, 74, 234, 224, 121, 0, 0, 17, 1, 0, 169, 0, 0, 25, 5, 176]
1542779946488;[171, 0, 17, 255, 161, 74, 234, 224, 121, 0, 0, 115, 1, 1, 45, 1, 0, 2, 5, 155]
1542779946646;[171, 0, 17, 255, 161, 74, 234, 224, 121, 0, 0, 35, 1, 0, 228, 0, 0, 17, 5, 159]
1542779946817;[171, 0, 17, 255, 161, 74, 234, 224, 121, 0, 1, 40, 1, 1, 15, 1, 0, 28, 5, 184]
1542779946819;[171, 0, 17, 255, 161, 74, 234, 224, 121, 0, 0, 52, 1, 0, 246, 0, 0, 10, 5, 174]
1542779946993;[171, 0, 17, 255, 161, 74, 234, 224, 121, 0, 0, 64, 1, 0, 231, 1, 0, 11, 5, 183]
1542779946996;[171, 0, 17, 255, 161, 74, 234, 224, 121, 0, 0, 62, 1, 0, 236, 1, 0, 3, 5, 188]
1542779947164;[171, 0, 17, 255, 161, 74, 234, 224, 121, 0, 0, 62, 1, 0, 236, 1, 0, 9, 5, 206]
1542779947167;[171, 0, 4, 255, 132, 128, 89]
1542779947336;[171, 0, 17, 255, 161, 74, 234, 224, 121, 0, 0, 62, 1, 0, 236, 1, 0, 5, 5, 244]
1542779947856;[171, 0, 17, 255, 161, 74, 234, 224, 121, 0, 0, 64, 1, 0, 235, 1, 0, 7, 6, 16]
1542779947860;[171, 0, 17, 255, 161, 74, 234, 224, 122, 0, 0, 66, 1, 0, 234, 1, 0, 8, 6, 30]
1542779947864;[171, 0, 17, 255, 161, 74, 234, 224, 122, 0, 0, 64, 1, 0, 236, 1, 0, 7, 6, 50]
1542779947868;[171, 0, 17, 255, 161, 74, 234, 224, 122, 0, 0, 63, 1, 0, 236, 1, 0, 7, 6, 63]
1542779948027;[171, 0, 17, 255, 161, 74, 234, 224, 122, 0, 0, 66, 1, 0, 233, 1, 0, 4, 6, 111]
1542779948031;[171, 0, 17, 255, 161, 74, 234, 224, 122, 0, 0, 64, 1, 0, 237, 1, 0, 8, 6, 147]
1542779948035;[171, 0, 17, 255, 161, 74, 234, 224, 122, 0, 0, 62, 1, 0, 236, 1, 0, 8, 6, 176]
1542779948199;[171, 0, 17, 255, 161, 74, 234, 224, 122, 0, 0, 63, 1, 0, 235, 1, 0, 8, 6, 196]
1542779948203;[171, 0, 17, 255, 161, 74, 234, 224, 122, 0, 0, 65, 1, 0, 235, 1, 0, 8, 6, 225]
1542779948372;[171, 0, 4, 255, 132, 128, 89]
1542779948377;[171, 0, 17, 255, 161, 74, 234, 224, 122, 0, 0, 65, 1, 0, 237, 1, 0, 7, 7, 24]
1542779948544;[171, 0, 17, 255, 161, 74, 234, 224, 122, 0, 0, 64, 1, 0, 236, 1, 0, 8, 7, 65]
1542779948715;[171, 0, 17, 255, 161, 74, 234, 224, 123, 0, 0, 63, 1, 0, 235, 1, 0, 6, 7, 97]
1542779948719;[171, 0, 17, 255, 161, 74, 234, 224, 123, 0, 0, 66, 1, 0, 235, 1, 0, 8, 7, 129]
1542779949063;[171, 0, 17, 255, 161, 74, 234, 224, 123, 0, 0, 62, 1, 0, 237, 1, 0, 8, 7, 149]
1542779949068;[171, 0, 17, 255, 161, 74, 234, 224, 123, 0, 0, 63, 1, 0, 236, 1, 0, 9, 7, 205]
1542779949072;[171, 0, 17, 255, 161, 74, 234, 224, 123, 0, 0, 64, 1, 0, 234, 1, 0, 9, 8, 0]
1542779949075;[171, 0, 17, 255, 161, 74, 234, 224, 123, 0, 0, 66, 1, 0, 235, 1, 0, 7, 8, 31]
1542779949233;[171, 0, 17, 255, 161, 74, 234, 224, 123, 0, 0, 63, 1, 0, 234, 1, 0, 9, 8, 49]
1542779949406;[171, 0, 17, 255, 161, 74, 234, 224, 123, 0, 0, 65, 1, 0, 235, 1, 0, 9, 8, 79]
1542779949410;[171, 0, 4, 255, 132, 128, 88]
1542779949580;[171, 0, 17, 255, 161, 74, 234, 224, 123, 0, 0, 64, 1, 0, 236, 1, 0, 8, 8, 135]
1542779949583;[171, 0, 17, 255, 161, 74, 234, 224, 123, 0, 0, 64, 1, 0, 235, 1, 0, 8, 8, 180]
1542779949751;[171, 0, 17, 255, 161, 74, 234, 224, 128, 0, 0, 68, 1, 0, 235, 1, 0, 9, 8, 216]
1542779949923;[171, 0, 17, 255, 161, 74, 234, 224, 128, 0, 0, 64, 1, 0, 234, 1, 0, 8, 8, 245]
1542779949927;[171, 0, 17, 255, 161, 74, 234, 224, 128, 0, 0, 63, 1, 0, 236, 1, 0, 9, 9, 2]
1542779950270;[171, 0, 17, 255, 161, 74, 234, 224, 128, 0, 0, 64, 1, 0, 235, 1, 0, 7, 9, 31]
1542779950274;[171, 0, 17, 255, 161, 74, 234, 224, 128, 0, 0, 65, 1, 0, 235, 1, 0, 7, 9, 86]
