1542789447266;[171, 0, 17, 255, 161, 74, 235, 10, 18, 0, 0, 241, 1, 0, 58, 1, 0, 11, 5, 238]
1542789447439;[171, 0, 17, 255, 161, 74, 235, 10, 18, 0, 0, 243, 1, 0, 58, 1, 0, 28, 5, 238]
1542789447443;[171, 0, 17, 255, 161, 74, 235, 10, 18, 0, 0, 230, 1, 0, 64, 1, 0, 17, 5, 59]
1542789447611;[171, 0, 17, 255, 161, 74, 235, 10, 18, 0, 0, 246, 1, 0, 49, 0, 0, 11, 4, 147]
1542789447616;[171, 0, 4, 255, 132, 128, 94]
1542789447957;[171, 0, 17, 255, 161, 74, 235, 10, 18, 0, 0, 248, 1, 0, 33, 0, 0, 46, 4, 43]
1542789447960;[171, 0, 17, 255, 161, 74, 235, 10, 18, 0, 0, 246, 1, 0, 32, 0, 0, 71, 3, 234]
1542789447964;[171, 0, 17, 255, 161, 74, 235, 10, 18, 0, 0, 234, 1, 0, 45, 0, 0, 67, 3, 139]
1542789448301;[171, 0, 17, 255, 161, 74, 235, 10, 18, 0, 0, 245, 1, 0, 43, 0, 0, 56, 3, 20]
1542789448475;[171, 0, 17, 255, 161, 74, 235, 10, 18, 0, 0, 234, 1, 0, 40, 0, 0, 49, 2, 220]
1542789448478;[171, 0, 17, 255, 161, 74, 235, 10, 19, 0, 0, 234, 1, 0, 52, 0, 0, 51, 2, 131]
1542789448483;[171, 0, 17, 255, 161, 74, 235, 10, 19, 0, 0, 241, 1, 0, 42, 0, 0, 51, 2, 0]
1542789448487;[171, 0, 17, 255, 161, 74, 235, 10, 19, 0, 0, 231, 1, 0, 39, 0, 0, 80, 1, 119]
1542789448645;[171, 0, 17, 255, 161, 74, 235, 10, 19, 0, 0, 233, 1, 0, 27, 0, 0, 104, 1, 19]
1542789448649;[171, 0, 17, 255, 161, 74, 235, 10, 19, 0, 0, 219, 1, 0, 32, 0, 0, 120, 0, 222]
1542789448817;[171, 0, 4, 255, 132, 128, 91]
1542789448843;[171, 0, 17, 255, 161, 74, 235, 10, 19, 0, 0, 214, 1, 0, 39, 0, 0, 127, 16, 164]
1542789449338;[171, 0, 17, 255, 161, 74, 235, 10, 19, 0, 0, 221, 1, 0, 25, 0, 0, 134, 7, 156]
1542789449342;[171, 0, 17, 255, 161, 74, 235, 10, 19, 0, 0, 214, 1, 0, 43, 0, 0, 142, 7, 87]
1542789449345;[171, 0, 17, 255, 161, 74, 235, 10, 19, 0, 0, 206, 1, 0, 30, 0, 0, 138, 7, 37]
1542789449350;[171, 0, 17, 255, 161, 74, 235, 10, 19, 0, 0, 234, 1, 0, 61, 0, 0, 118, 6, 246]
1542789449509;[171, 0, 17, 255, 161, 74, 235, 10, 20, 0, 0, 226, 1, 0, 56, 0, 0, 94, 6, 232]
1542789449513;[171, 0, 17, 255, 161, 74, 235, 10, 20, 0, 0, 230, 1, 0, 84, 0, 0, 65, 6, 250]
1542789449517;[171, 0, 17, 255, 161, 74, 235, 10, 20, 0, 0, 205, 1, 0, 101, 0, 0, 28, 6, 251]
1542789450028;[171, 0, 17, 255, 161, 74, 235, 10, 20, 0, 0, 195, 1, 0, 146, 1, 0, 6, 7, 5]
1542789450035;[171, 0, 17, 255, 161, 74, 235, 10, 20, 0, 0, 204, 1, 0, 133, 1, 0, 14, 7, 50]
1542789450056;[171, 0, 4, 255, 132, 128, 89]
1542789450060;[171, 0, 17, 255, 161, 74, 235, 10, 20, 0, 0, 193, 1, 0, 141, 1, 0, 40, 7, 108]
1542789450198;[171, 0, 17, 255, 161, 74, 235, 10, 20, 0, 0, 189, 1, 0, 148, 1, 0, 55, 7, 107]
1542789450202;[171, 0, 17, 255, 161, 74, 235, 10, 20, 0, 0, 188, 1, 0, 136, 1, 0, 71, 7, 80]
1542789450206;[171, 0, 17, 255, 161, 74, 235, 10, 20, 0, 0, 193, 1, 0, 124, 1, 0, 72, 7, 54]
1542789450542;[171, 0, 17, 255, 161, 74, 235, 10, 20, 0, 0, 202, 1, 0, 111, 1, 0, 86, 7, 38]
1542789450546;[171, 0, 17, 255, 161, 74, 235, 10, 21, 0, 0, 197, 1, 0, 110, 1, 0, 92, 7, 17]
1542789450550;[171, 0, 17, 255, 161, 74, 235, 10, 21, 0, 0, 197, 1, 0, 112, 1, 0, 96, 7, 19]
1542789450715;[171, 0, 17, 255, 161, 74, 235, 10, 21, 0, 0, 198, 1, 0, 107, 1, 0, 91, 7, 8]
1542789450719;[171, 0, 17, 255, 161, 74, 235, 10, 21, 0, 0, 213, 1, 0, 86, 1, 0, 88, 6, 247]
1542789450888;[171, 0, 17, 255, 161, 74, 235, 10, 21, 0, 0, 218, 1, 0, 77, 1, 0, 85, 6, 221]
1542789450891;[171, 0, 4, 255, 132, 128, 88]
1542789451060;[171, 0, 17, 255, 161, 74, 235, 10, 21, 0, 0, 223, 1, 0, 66, 1, 0, 103, 6, 206]
1542789451233;[171, 0, 17, 255, 161, 74, 235, 10, 21, 0, 0, 212, 1, 0, 82, 1, 0, 91, 6, 235]
1542789451236;[171, 0, 17, 255, 161, 74, 235, 10, 21, 0, 0, 204, 1, 0, 93, 1, 0, 92, 7, 17]
1542789451405;[171, 0, 17, 255, 161, 74, 235, 10, 21, 0, 0, 209, 1, 0, 96, 1, 0, 91, 7, 25]
1542789451408;[171, 0, 17, 255, 161, 74, 235, 10, 21, 0, 0, 217, 1, 0, 87, 1, 0, 85, 7, 26]
1542789451925;[171, 0, 17, 255, 161, 74, 235, 10, 22, 0, 0, 212, 1, 0, 87, 1, 0, 87, 7, 21]
1542789451928;[171, 0, 17, 255, 161, 74, 235, 10, 22, 0, 0, 211, 1, 0, 89, 1, 0, 87, 7, 12]
1542789451933;[171, 0, 17, 255, 161, 74, 235, 10, 22, 0, 0, 217, 1, 0, 87, 1, 0, 84, 6, 254]
1542789451937;[171, 0, 17, 255, 161, 74, 235, 10, 22, 0, 0, 221, 1, 0, 78, 1, 0, 79, 6, 253]
1542789452096;[171, 0, 17, 255, 161, 74, 235, 10, 22, 0, 0, 223, 1, 0, 74, 1, 0, 76, 6, 249]
1542789452099;[171, 0, 4, 255, 132, 128, 87]
1542789452126;[171, 0, 17, 255, 161, 74, 235, 10, 22, 0, 0, 227, 1, 0, 75, 1, 0, 74, 7, 4]
1542789452267;[171, 0, 17, 255, 161, 74, 235, 10, 22, 0, 0, 220, 1, 0, 79, 1, 0, 70, 7, 30]
1542789452613;[171, 0, 17, 255, 161, 74, 235, 10, 22, 0, 0, 221, 1, 0, 81, 1, 0, 68, 7, 47]
1542789452617;[171, 0, 17, 255, 161, 74, 235, 10, 22, 0, 0, 220, 1, 0, 84, 1, 0, 69, 7, 58]
1542789452786;[171, 0, 17, 255, 161, 74, 235, 10, 22, 0, 0, 225, 1, 0, 81, 1, 0, 68, 7, 54]
1542789452790;[171, 0, 17, 255, 161, 74, 235, 10, 23, 0, 0, 222, 1, 0, 82, 1, 0, 73, 7, 63]
1542789452794;[171, 0, 17, 255, 161, 74, 235, 10, 23, 0, 0, 214, 1, 0, 89, 1, 0, 71, 7, 86]
1542789452798;[171, 0, 17, 255, 161, 74, 235, 10, 23, 0, 0, 211, 1, 0, 98, 1, 0, 73, 7, 94]
1542789453130;[171, 0, 17, 255, 161, 74, 235, 10, 23, 0, 0, 213, 1, 0, 96, 1, 0, 74, 7, 69]
1542789453134;[171, 0, 17, 255, 161, 74, 235, 10, 23, 0, 0, 212, 1, 0, 108, 1, 0, 72, 7, 56]
1542789453138;[171, 0, 4, 255, 132, 128, 87]
1542789453303;[171, 0, 17, 255, 161, 74, 235, 10, 23, 0, 0, 209, 1, 0, 106, 1, 0, 72, 7, 62]
1542789453306;[171, 0, 17, 255, 161, 74, 235, 10, 23, 0, 0, 206, 1, 0, 110, 1, 0, 70, 7, 95]
1542789453475;[171, 0, 17, 255, 161, 74, 235, 10, 23, 0, 0, 206, 1, 0, 113, 1, 0, 68, 7, 156]
1542789453647;[171, 0, 17, 255, 161, 74, 235, 10, 23, 0, 0, 207, 1, 0, 119, 1, 0, 66, 7, 179]
1542789453651;[171, 0, 17, 255, 161, 74, 235, 10, 23, 0, 0, 207, 1, 0, 118, 1, 0, 65, 7, 170]
1542789453821;[171, 0, 17, 255, 161, 74, 235, 10, 24, 0, 0, 204, 1, 0, 119, 1, 0, 64, 7, 152]
1542789453993;[171, 0, 17, 255, 161, 74, 235, 10, 24, 0, 0, 205, 1, 0, 118, 1, 0, 65, 7, 141]
1542789453997;[171, 0, 17, 255, 161, 74, 235, 10, 24, 0, 0, 207, 1, 0, 118, 1, 0, 65, 7, 118]
1542789454001;[171, 0, 17, 255, 161, 74, 235, 10, 24, 0, 0, 207, 1, 0, 118, 1, 0, 64, 7, 118]
1542789454339;[171, 0, 17, 255, 161, 74, 235, 10, 24, 0, 0, 202, 1, 0, 115, 1, 0, 61, 7, 115]
1542789454343;[171, 0, 4, 255, 132, 128, 85]
1542789454369;[171, 0, 17, 255, 161, 74, 235, 10, 24, 0, 0, 210, 1, 0, 119, 1, 0, 62, 7, 128]
1542789454510;[171, 0, 17, 255, 161, 74, 235, 10, 24, 0, 0, 189, 1, 0, 128, 1, 0, 72, 7, 165]
1542789454684;[171, 0, 17, 255, 161, 74, 235, 10, 24, 0, 0, 168, 1, 0, 145, 1, 0, 92, 7, 219]
1542789454687;[171, 0, 17, 255, 161, 74, 235, 10, 24, 0, 0, 154, 1, 0, 160, 1, 0, 104, 8, 14]
1542789454691;[171, 0, 17, 255, 161, 74, 235, 10, 24, 0, 0, 148, 1, 0, 167, 1, 0, 97, 8, 43]
1542789454856;[171, 0, 17, 255, 161, 74, 235, 10, 25, 0, 0, 128, 1, 0, 187, 1, 0, 92, 8, 42]
1542789455201;[171, 0, 17, 255, 161, 74, 235, 10, 25, 0, 0, 125, 1, 0, 183, 1, 0, 98, 8, 62]
1542789455205;[171, 0, 17, 255, 161, 74, 235, 10, 25, 0, 0, 118, 1, 0, 191, 1, 0, 96, 8, 83]
1542789455209;[171, 0, 17, 255, 161, 74, 235, 10, 25, 0, 0, 117, 1, 0, 190, 1, 0, 98, 8, 84]
1542789455213;[171, 0, 17, 255, 161, 74, 235, 10, 25, 0, 0, 121, 1, 0, 185, 1, 0, 98, 8, 107]
1542789455373;[171, 0, 4, 255, 132, 128, 85]
1542789455719;[171, 0, 17, 255, 161, 74, 235, 10, 25, 0, 0, 123, 1, 0, 188, 1, 0, 100, 8, 99]
1542789455723;[171, 0, 17, 255, 161, 74, 235, 10, 25, 0, 0, 125, 1, 0, 182, 1, 0, 95, 8, 64]
1542789455727;[171, 0, 17, 255, 161, 74, 235, 10, 25, 0, 0, 131, 1, 0, 189, 1, 0, 81, 8, 22]
1542789455731;[171, 0, 17, 255, 161, 74, 235, 10, 25, 0, 0, 160, 1, 0, 170, 1, 0, 60, 8, 41]
1542789457787;[171, 0, 17, 255, 161, 74, 235, 10, 25, 0, 0, 200, 1, 0, 136, 1, 0, 23, 8, 22]
1542789457788;[171, 0, 17, 255, 161, 74, 235, 10, 26, 0, 0, 186, 1, 0, 166, 0, 0, 4, 8, 57]
1542789457794;[171, 0, 17, 255, 161, 74, 235, 10, 26, 0, 0, 194, 1, 0, 145, 0, 0, 16, 8, 38]
1542789457795;[171, 0, 17, 255, 161, 74, 235, 10, 26, 0, 0, 201, 1, 0, 159, 1, 0, 5, 8, 38]
1542789457797;[171, 0, 17, 255, 161, 74, 235, 10, 26, 0, 0, 209, 1, 0, 133, 0, 0, 10, 7, 255]
1542789457802;[171, 0, 17, 255, 161, 74, 235, 10, 28, 0, 0, 198, 1, 0, 109, 0, 0, 90, 4, 231]
1542789457804;[171, 0, 17, 255, 161, 74, 235, 10, 28, 0, 0, 214, 1, 0, 108, 0, 0, 85, 4, 255]
1542789457809;[171, 0, 17, 255, 161, 74, 235, 10, 28, 0, 0, 203, 1, 0, 99, 0, 0, 98, 4, 238]
1542789457811;[171, 0, 17, 255, 161, 74, 235, 10, 28, 0, 0, 206, 1, 0, 107, 0, 0, 89, 5, 19]
1542789457813;[171, 0, 17, 255, 161, 74, 235, 10, 28, 0, 0, 206, 1, 0, 117, 0, 0, 66, 5, 33]
1542789457814;[171, 0, 17, 255, 161, 74, 235, 10, 29, 0, 0, 222, 1, 0, 107, 0, 0, 59, 4, 254]
1542789457816;[171, 0, 17, 255, 161, 74, 235, 10, 29, 0, 0, 218, 1, 0, 101, 0, 0, 56, 4, 176]
1542789457818;[171, 0, 17, 255, 161, 74, 235, 10, 29, 0, 0, 218, 1, 0, 103, 0, 0, 59, 4, 113]
1542789457823;[171, 0, 17, 255, 161, 74, 235, 10, 29, 0, 0, 216, 1, 0, 101, 0, 0, 67, 4, 63]
1542789457830;[171, 0, 17, 255, 161, 74, 235, 10, 29, 0, 0, 215, 1, 0, 96, 0, 0, 72, 4, 37]
1542789457831;[171, 0, 4, 255, 132, 128, 83]
1542789457834;[171, 0, 17, 255, 161, 74, 235, 10, 29, 0, 0, 215, 1, 0, 101, 0, 0, 73, 4, 43]
1542789458307;[171, 0, 17, 255, 161, 74, 235, 10, 29, 0, 0, 215, 1, 0, 99, 0, 0, 76, 4, 48]
1542789458311;[171, 0, 17, 255, 161, 74, 235, 10, 29, 0, 0, 215, 1, 0, 102, 0, 0, 75, 4, 40]
1542789458315;[171, 0, 17, 255, 161, 74, 235, 10, 29, 0, 0, 211, 1, 0, 109, 0, 0, 68, 4, 22]
1542789458319;[171, 0, 17, 255, 161, 74, 235, 10, 29, 0, 0, 212, 1, 0, 116, 0, 0, 58, 3, 235]
1542789458478;[171, 0, 17, 255, 161, 74, 235, 10, 30, 0, 0, 211, 1, 0, 115, 0, 0, 54, 3, 200]
1542789458482;[171, 0, 17, 255, 161, 74, 235, 10, 30, 0, 0, 215, 1, 0, 109, 0, 0, 56, 3, 185]
1542789458486;[171, 0, 17, 255, 161, 74, 235, 10, 30, 0, 0, 213, 1, 0, 112, 0, 0, 60, 3, 151]
1542789458650;[171, 0, 17, 255, 161, 74, 235, 10, 30, 0, 0, 211, 1, 0, 118, 0, 0, 49, 3, 155]
1542789458654;[171, 0, 17, 255, 161, 74, 235, 10, 30, 0, 0, 201, 1, 0, 127, 0, 0, 51, 3, 154]
1542789458822;[171, 0, 4, 255, 132, 128, 83]
1542789458997;[171, 0, 17, 255, 161, 74, 235, 10, 30, 0, 0, 200, 1, 0, 134, 0, 0, 56, 3, 80]
1542789459001;[171, 0, 17, 255, 161, 74, 235, 10, 30, 0, 0, 197, 1, 0, 131, 0, 0, 67, 3, 65]
1542789459005;[171, 0, 17, 255, 161, 74, 235, 10, 30, 0, 0, 182, 1, 0, 137, 0, 0, 88, 3, 114]
1542789459514;[171, 0, 17, 255, 161, 74, 235, 10, 30, 0, 0, 183, 1, 0, 133, 0, 0, 102, 3, 152]
1542789459518;[171, 0, 17, 255, 161, 74, 235, 10, 30, 0, 0, 190, 1, 0, 123, 0, 0, 108, 3, 174]
1542789459522;[171, 0, 17, 255, 161, 74, 235, 10, 31, 0, 0, 183, 1, 0, 124, 0, 0, 111, 3, 207]
1542789459526;[171, 0, 17, 255, 161, 74, 235, 10, 31, 0, 0, 189, 1, 0, 127, 0, 0, 106, 3, 235]
1542789459860;[171, 0, 17, 255, 161, 74, 235, 10, 31, 0, 0, 194, 1, 0, 127, 0, 0, 93, 4, 30]
1542789459864;[171, 0, 17, 255, 161, 74, 235, 10, 31, 0, 0, 201, 1, 0, 124, 0, 0, 82, 4, 54]
1542789459868;[171, 0, 17, 255, 161, 74, 235, 10, 31, 0, 0, 208, 1, 0, 119, 0, 0, 70, 4, 28]
1542789459871;[171, 0, 4, 255, 132, 128, 83]
1542789460032;[171, 0, 17, 255, 161, 74, 235, 10, 31, 0, 0, 211, 1, 0, 117, 0, 0, 63, 3, 231]
1542789460036;[171, 0, 17, 255, 161, 74, 235, 10, 31, 0, 0, 214, 1, 0, 119, 0, 0, 56, 3, 228]
1542789460203;[171, 0, 17, 255, 161, 74, 235, 10, 31, 0, 0, 208, 1, 0, 116, 0, 0, 57, 3, 204]
1542789460206;[171, 0, 17, 255, 161, 74, 235, 10, 31, 0, 0, 208, 1, 0, 122, 0, 0, 56, 3, 174]
1542789460375;[171, 0, 17, 255, 161, 74, 235, 10, 31, 0, 0, 208, 1, 0, 121, 0, 0, 50, 3, 139]
1542789460893;[171, 0, 17, 255, 161, 74, 235, 10, 32, 0, 0, 207, 1, 0, 125, 0, 0, 45, 3, 92]
1542789460897;[171, 0, 17, 255, 161, 74, 235, 10, 32, 0, 0, 205, 1, 0, 129, 0, 0, 43, 3, 36]
1542789460901;[171, 0, 17, 255, 161, 74, 235, 10, 32, 0, 0, 206, 1, 0, 131, 0, 0, 38, 2, 253]
1542789460905;[171, 0, 17, 255, 161, 74, 235, 10, 32, 0, 0, 207, 1, 0, 126, 0, 0, 39, 2, 238]
1542789461072;[171, 0, 17, 255, 161, 74, 235, 10, 32, 0, 0, 210, 1, 0, 123, 0, 0, 43, 2, 226]
1542789461073;[171, 0, 4, 255, 132, 128, 83]
1542789461076;[171, 0, 17, 255, 161, 74, 235, 10, 32, 0, 0, 213, 1, 0, 120, 0, 0, 42, 2, 215]
1542789461240;[171, 0, 17, 255, 161, 74, 235, 10, 32, 0, 0, 211, 1, 0, 120, 0, 0, 39, 2, 199]
1542789461244;[171, 0, 17, 255, 161, 74, 235, 10, 32, 0, 0, 210, 1, 0, 118, 0, 0, 41, 2, 172]
1542789461409;[171, 0, 17, 255, 161, 74, 235, 10, 32, 0, 0, 213, 1, 0, 115, 0, 0, 37, 2, 152]
1542789461413;[171, 0, 17, 255, 161, 74, 235, 10, 32, 0, 0, 213, 1, 0, 116, 0, 0, 39, 2, 125]
1542789461583;[171, 0, 17, 255, 161, 74, 235, 10, 33, 0, 0, 213, 1, 0, 118, 0, 0, 41, 2, 103]
1542789461587;[171, 0, 17, 255, 161, 74, 235, 10, 33, 0, 0, 212, 1, 0, 118, 0, 0, 39, 2, 70]
1542789461754;[171, 0, 17, 255, 161, 74, 235, 10, 33, 0, 0, 206, 1, 0, 121, 0, 0, 46, 2, 22]
1542789462102;[171, 0, 17, 255, 161, 74, 235, 10, 33, 0, 0, 215, 1, 0, 115, 0, 0, 52, 2, 13]
1542789462106;[171, 0, 17, 255, 161, 74, 235, 10, 33, 0, 0, 215, 1, 0, 101, 0, 0, 61, 2, 40]
1542789462110;[171, 0, 4, 255, 132, 128, 83]
1542789462136;[171, 0, 17, 255, 161, 74, 235, 10, 33, 0, 0, 218, 1, 0, 75, 0, 0, 74, 2, 25]
1542789462273;[171, 0, 17, 255, 161, 74, 235, 10, 33, 0, 0, 217, 1, 0, 65, 0, 0, 79, 2, 5]
1542789462620;[171, 0, 17, 255, 161, 74, 235, 10, 33, 0, 1, 15, 0, 0, 9, 0, 0, 85, 1, 192]
1542789462624;[171, 0, 17, 255, 161, 74, 235, 10, 33, 0, 0, 231, 0, 0, 43, 0, 0, 101, 1, 180]
1542789462628;[171, 0, 17, 255, 161, 74, 235, 10, 33, 0, 0, 220, 0, 0, 90, 0, 0, 92, 1, 165]
1542789462632;[171, 0, 17, 255, 161, 74, 235, 10, 34, 0, 0, 232, 0, 0, 82, 0, 0, 71, 1, 165]
1542789462790;[171, 0, 17, 255, 161, 74, 235, 10, 34, 0, 0, 239, 0, 0, 61, 0, 0, 40, 1, 159]
1542789462795;[171, 0, 17, 255, 161, 74, 235, 10, 34, 0, 0, 238, 0, 0, 52, 0, 0, 64, 1, 160]
1542789462962;[171, 0, 17, 255, 161, 74, 235, 10, 34, 0, 0, 236, 0, 0, 46, 0, 0, 79, 1, 174]
1542789463308;[171, 0, 17, 255, 161, 74, 235, 10, 34, 0, 0, 239, 0, 0, 50, 0, 0, 85, 1, 200]
1542789463312;[171, 0, 4, 255, 132, 128, 83]
1542789463656;[171, 0, 17, 255, 161, 74, 235, 10, 34, 0, 0, 241, 0, 0, 49, 0, 0, 63, 1, 192]
1542789463660;[171, 0, 17, 255, 161, 74, 235, 10, 34, 0, 0, 239, 0, 0, 54, 0, 0, 66, 1, 171]
1542789463664;[171, 0, 17, 255, 161, 74, 235, 10, 34, 0, 0, 242, 0, 0, 55, 0, 0, 67, 1, 171]
1542789463667;[171, 0, 17, 255, 161, 74, 235, 10, 34, 0, 0, 246, 0, 0, 52, 0, 0, 66, 1, 168]
1542789463826;[171, 0, 17, 255, 161, 74, 235, 10, 34, 0, 1, 3, 0, 0, 29, 0, 0, 82, 1, 179]
1542789463830;[171, 0, 17, 255, 161, 74, 235, 10, 35, 0, 0, 223, 0, 0, 49, 0, 0, 112, 1, 179]
1542789463834;[171, 0, 17, 255, 161, 74, 235, 10, 35, 0, 0, 253, 1, 0, 20, 0, 0, 106, 1, 196]
1542789463998;[171, 0, 17, 255, 161, 74, 235, 10, 35, 0, 0, 209, 1, 0, 64, 0, 0, 99, 1, 150]
1542789464002;[171, 0, 17, 255, 161, 74, 235, 10, 35, 0, 0, 169, 1, 0, 119, 0, 0, 102, 1, 151]
1542789464345;[171, 0, 17, 255, 161, 74, 235, 10, 35, 0, 0, 150, 1, 0, 177, 0, 0, 36, 1, 161]
1542789464348;[171, 0, 4, 255, 132, 128, 83]
1542789464689;[171, 0, 17, 255, 161, 74, 235, 10, 35, 0, 0, 133, 1, 0, 213, 0, 0, 3, 1, 214]
1542789464693;[171, 0, 17, 255, 161, 74, 235, 10, 35, 0, 0, 135, 1, 0, 203, 1, 0, 5, 1, 234]
1542789464697;[171, 0, 17, 255, 161, 74, 235, 10, 35, 0, 0, 152, 1, 0, 183, 1, 0, 23, 2, 17]
1542789464701;[171, 0, 17, 255, 161, 74, 235, 10, 35, 0, 0, 151, 1, 0, 186, 1, 0, 18, 2, 32]
1542789465036;[171, 0, 17, 255, 161, 74, 235, 10, 35, 0, 0, 151, 1, 0, 189, 1, 0, 10, 2, 11]
1542789465039;[171, 0, 17, 255, 161, 74, 235, 10, 36, 0, 0, 150, 1, 0, 194, 1, 0, 5, 2, 18]
1542789465043;[171, 0, 17, 255, 161, 74, 235, 10, 36, 0, 0, 150, 1, 0, 196, 1, 0, 2, 2, 15]
1542789465047;[171, 0, 17, 255, 161, 74, 235, 10, 36, 0, 0, 149, 1, 0, 194, 1, 0, 1, 2, 14]
1542789465205;[171, 0, 17, 255, 161, 74, 235, 10, 36, 0, 0, 148, 1, 0, 194, 0, 0, 3, 2, 22]
1542789465208;[171, 0, 17, 255, 161, 74, 235, 10, 36, 0, 0, 147, 1, 0, 196, 0, 0, 4, 2, 12]
1542789465897;[171, 0, 4, 255, 132, 128, 83]
1542789465924;[171, 0, 17, 255, 161, 74, 235, 10, 36, 0, 0, 148, 1, 0, 193, 0, 0, 3, 2, 4]
1542789465926;[171, 0, 17, 255, 161, 74, 235, 10, 36, 0, 0, 147, 1, 0, 196, 0, 0, 2, 2, 14]
1542789465927;[171, 0, 17, 255, 161, 74, 235, 10, 36, 0, 0, 147, 1, 0, 196, 0, 0, 6, 2, 12]
1542789466238;[171, 0, 17, 255, 161, 74, 235, 10, 36, 0, 0, 144, 1, 0, 196, 0, 0, 8, 2, 11]
1542789466240;[171, 0, 17, 255, 161, 74, 235, 10, 36, 0, 0, 147, 1, 0, 195, 0, 0, 7, 2, 2]
1542789466243;[171, 0, 17, 255, 161, 74, 235, 10, 37, 0, 0, 144, 1, 0, 196, 0, 0, 6, 2, 6]
1542789466412;[171, 0, 17, 255, 161, 74, 235, 10, 37, 0, 0, 147, 1, 0, 198, 0, 0, 8, 1, 247]
1542789466415;[171, 0, 17, 255, 161, 74, 235, 10, 37, 0, 0, 146, 1, 0, 194, 0, 0, 10, 1, 240]
1542789466418;[171, 0, 17, 255, 161, 74, 235, 10, 37, 0, 0, 148, 1, 0, 193, 0, 0, 11, 1, 247]
1542789466421;[171, 0, 17, 255, 161, 74, 235, 10, 37, 0, 0, 145, 1, 0, 198, 0, 0, 9, 2, 8]
1542789466586;[171, 0, 4, 255, 132, 128, 83]
1542789466612;[171, 0, 17, 255, 161, 74, 235, 10, 37, 0, 0, 146, 1, 0, 197, 1, 0, 2, 1, 249]
1542789466614;[171, 0, 17, 255, 161, 74, 235, 10, 37, 0, 0, 148, 1, 0, 192, 1, 0, 4, 1, 237]
1542789466757;[171, 0, 17, 255, 161, 74, 235, 10, 37, 0, 0, 147, 1, 0, 196, 1, 0, 3, 1, 197]
1542789467277;[171, 0, 17, 255, 161, 74, 235, 10, 37, 0, 0, 144, 1, 0, 195, 1, 0, 5, 1, 176]
1542789467281;[171, 0, 17, 255, 161, 74, 235, 10, 37, 0, 0, 149, 1, 0, 197, 1, 0, 8, 1, 179]
1542789467285;[171, 0, 17, 255, 161, 74, 235, 10, 38, 0, 0, 149, 1, 0, 193, 0, 0, 0, 1, 194]
1542789467290;[171, 0, 17, 255, 161, 74, 235, 10, 38, 0, 0, 152, 1, 0, 190, 0, 0, 9, 1, 221]
1542789467450;[171, 0, 17, 255, 161, 74, 235, 10, 38, 0, 0, 153, 1, 0, 186, 0, 0, 15, 1, 199]
1542789467453;[171, 0, 17, 255, 161, 74, 235, 10, 38, 0, 0, 147, 1, 0, 197, 0, 0, 25, 1, 148]
1542789467458;[171, 0, 17, 255, 161, 74, 235, 10, 38, 0, 0, 152, 1, 0, 197, 0, 0, 29, 1, 85]
1542789467621;[171, 0, 4, 255, 132, 128, 83]
1542789467648;[171, 0, 17, 255, 161, 74, 235, 10, 38, 0, 0, 157, 1, 0, 190, 0, 0, 3, 1, 62]
1542789467793;[171, 0, 17, 255, 161, 74, 235, 10, 38, 0, 0, 163, 1, 0, 181, 1, 0, 15, 1, 15]
1542789467797;[171, 0, 17, 255, 161, 74, 235, 10, 38, 0, 0, 150, 1, 0, 189, 1, 0, 30, 1, 15]
1542789468485;[171, 0, 17, 255, 161, 74, 235, 10, 38, 0, 0, 148, 1, 0, 195, 1, 0, 24, 1, 91]
1542789468489;[171, 0, 17, 255, 161, 74, 235, 10, 38, 0, 0, 159, 1, 0, 164, 1, 0, 20, 1, 124]
1542789468493;[171, 0, 17, 255, 161, 74, 235, 10, 39, 0, 0, 172, 1, 0, 166, 1, 0, 9, 1, 143]
1542789468497;[171, 0, 17, 255, 161, 74, 235, 10, 39, 0, 0, 199, 1, 0, 139, 1, 0, 12, 0, 245]
1542789468656;[171, 0, 17, 255, 161, 74, 235, 10, 39, 0, 0, 199, 1, 0, 144, 0, 0, 36, 0, 239]
1542789468660;[171, 0, 17, 255, 161, 74, 235, 10, 39, 0, 0, 197, 1, 0, 131, 0, 0, 89, 16, 142]
1542789468664;[171, 0, 17, 255, 161, 74, 235, 10, 39, 0, 0, 188, 1, 0, 141, 0, 0, 96, 7, 177]
1542789468827;[171, 0, 4, 255, 132, 128, 86]
1542789468854;[171, 0, 17, 255, 161, 74, 235, 10, 39, 0, 0, 193, 1, 0, 160, 0, 0, 70, 7, 197]
1542789469000;[171, 0, 17, 255, 161, 74, 235, 10, 39, 0, 0, 181, 1, 0, 167, 0, 0, 45, 7, 220]
1542789469003;[171, 0, 17, 255, 161, 74, 235, 10, 39, 0, 0, 165, 1, 0, 161, 0, 0, 45, 7, 232]
1542789469346;[171, 0, 17, 255, 161, 74, 235, 10, 39, 0, 0, 143, 1, 0, 184, 0, 0, 9, 8, 13]
1542789469350;[171, 0, 17, 255, 161, 74, 235, 10, 39, 0, 0, 104, 1, 0, 225, 1, 0, 39, 8, 20]
1542789469354;[171, 0, 17, 255, 161, 74, 235, 10, 40, 0, 0, 51, 1, 0, 233, 1, 0, 76, 8, 10]
1542789469692;[171, 0, 17, 255, 161, 74, 235, 10, 40, 0, 0, 116, 1, 0, 203, 1, 0, 63, 8, 47]
1542789469696;[171, 0, 17, 255, 161, 74, 235, 10, 40, 0, 0, 116, 1, 0, 206, 1, 0, 51, 8, 65]
1542789469700;[171, 0, 17, 255, 161, 74, 235, 10, 40, 0, 0, 108, 1, 0, 208, 1, 0, 64, 8, 57]
1542789469705;[171, 0, 17, 255, 161, 74, 235, 10, 40, 0, 0, 104, 1, 0, 206, 1, 0, 63, 8, 42]
1542789469862;[171, 0, 4, 255, 132, 128, 86]
1542789470036;[171, 0, 17, 255, 161, 74, 235, 10, 40, 0, 0, 109, 1, 0, 210, 1, 0, 56, 8, 42]
1542789470039;[171, 0, 17, 255, 161, 74, 235, 10, 40, 0, 0, 106, 1, 0, 211, 1, 0, 55, 8, 35]
1542789470383;[171, 0, 17, 255, 161, 74, 235, 10, 40, 0, 0, 109, 1, 0, 207, 1, 0, 63, 8, 29]
1542789470387;[171, 0, 17, 255, 161, 74, 235, 10, 40, 0, 0, 110, 1, 0, 210, 1, 0, 57, 8, 28]
1542789470391;[171, 0, 17, 255, 161, 74, 235, 10, 40, 0, 0, 105, 1, 0, 203, 1, 0, 62, 8, 21]
1542789470395;[171, 0, 17, 255, 161, 74, 235, 10, 41, 0, 0, 91, 1, 0, 210, 1, 0, 66, 7, 250]
1542789470552;[171, 0, 17, 255, 161, 74, 235, 10, 41, 0, 0, 96, 1, 0, 201, 1, 0, 71, 7, 244]
1542789470726;[171, 0, 17, 255, 161, 74, 235, 10, 41, 0, 0, 76, 1, 0, 250, 1, 0, 79, 8, 44]
1542789470730;[171, 0, 17, 255, 161, 74, 235, 10, 41, 0, 0, 77, 1, 0, 225, 1, 0, 57, 8, 71]
1542789471086;[171, 0, 17, 255, 161, 74, 235, 10, 41, 0, 0, 86, 1, 0, 228, 1, 0, 38, 8, 120]
1542789471088;[171, 0, 4, 255, 132, 128, 86]
1542789471091;[171, 0, 17, 255, 161, 74, 235, 10, 41, 0, 0, 82, 1, 0, 227, 1, 0, 26, 8, 163]
1542789471245;[171, 0, 17, 255, 161, 74, 235, 10, 41, 0, 0, 88, 1, 0, 225, 1, 0, 27, 8, 198]
1542789471248;[171, 0, 17, 255, 161, 74, 235, 10, 41, 0, 0, 85, 1, 0, 227, 1, 0, 19, 8, 216]
1542789471416;[171, 0, 17, 255, 161, 74, 235, 10, 41, 0, 0, 91, 1, 0, 223, 1, 0, 13, 8, 223]
1542789471420;[171, 0, 17, 255, 161, 74, 235, 10, 41, 0, 0, 73, 1, 0, 233, 0, 0, 28, 8, 235]
1542789471590;[171, 0, 17, 255, 161, 74, 235, 10, 42, 0, 0, 101, 1, 0, 229, 0, 0, 15, 9, 32]
1542789471594;[171, 0, 17, 255, 161, 74, 235, 10, 42, 0, 0, 90, 1, 0, 223, 0, 0, 120, 9, 94]
1542789471934;[171, 0, 17, 255, 161, 74, 235, 10, 42, 0, 0, 110, 1, 0, 203, 1, 0, 9, 9, 129]
1542789471939;[171, 0, 17, 255, 161, 74, 235, 10, 42, 0, 0, 99, 1, 0, 219, 1, 0, 48, 9, 142]
1542789471943;[171, 0, 17, 255, 161, 74, 235, 10, 42, 0, 0, 130, 1, 0, 199, 1, 0, 25, 9, 177]
1542789472280;[171, 0, 4, 255, 132, 128, 84]
1542789472306;[171, 0, 17, 255, 161, 74, 235, 10, 42, 0, 0, 115, 1, 0, 206, 1, 0, 17, 9, 234]
1542789472308;[171, 0, 17, 255, 161, 74, 235, 10, 42, 0, 0, 99, 1, 0, 213, 1, 0, 29, 10, 30]
1542789472310;[171, 0, 17, 255, 161, 74, 235, 10, 42, 0, 0, 75, 1, 0, 241, 1, 0, 7, 10, 39]
1542789472450;[171, 0, 17, 255, 161, 74, 235, 10, 42, 0, 0, 60, 1, 0, 217, 1, 0, 74, 10, 59]
1542789472623;[171, 0, 17, 255, 161, 74, 235, 10, 42, 0, 0, 53, 1, 0, 225, 1, 0, 62, 10, 154]
1542789472627;[171, 0, 17, 255, 161, 74, 235, 10, 43, 0, 0, 30, 1, 0, 236, 1, 0, 51, 11, 9]
1542789472796;[171, 0, 17, 255, 161, 74, 235, 10, 43, 1, 0, 117, 1, 1, 1, 1, 0, 66, 11, 180]
1542789472800;[171, 0, 17, 255, 161, 74, 235, 10, 43, 1, 0, 111, 1, 0, 213, 1, 0, 60, 12, 50]
1542789472967;[171, 0, 17, 255, 161, 74, 235, 10, 43, 1, 0, 95, 1, 0, 209, 1, 0, 71, 12, 205]
1542789473141;[171, 0, 17, 255, 161, 74, 235, 10, 43, 1, 0, 93, 1, 0, 223, 1, 0, 68, 13, 140]
1542789473144;[171, 0, 4, 255, 132, 128, 82]
1542789473312;[171, 0, 17, 255, 161, 74, 235, 10, 43, 1, 0, 121, 1, 0, 230, 1, 0, 58, 14, 61]
1542789473316;[171, 0, 17, 255, 161, 74, 235, 10, 43, 1, 0, 78, 1, 0, 221, 1, 0, 67, 15, 27]
1542789473658;[171, 0, 17, 255, 161, 74, 235, 10, 43, 1, 0, 81, 1, 0, 214, 1, 0, 62, 15, 27]
1542789473662;[171, 0, 17, 255, 161, 74, 235, 10, 43, 1, 0, 55, 1, 0, 217, 1, 0, 97, 15, 27]
1542789473666;[171, 0, 17, 255, 161, 74, 235, 10, 43, 1, 0, 46, 1, 0, 227, 1, 0, 92, 31, 255]
1542789473831;[171, 0, 17, 255, 161, 74, 235, 10, 44, 1, 0, 59, 1, 0, 233, 1, 0, 86, 8, 238]
1542789473835;[171, 0, 17, 255, 161, 74, 235, 10, 44, 1, 0, 61, 1, 0, 242, 1, 0, 59, 9, 196]
1542789474003;[171, 0, 17, 255, 161, 74, 235, 10, 44, 1, 0, 23, 1, 0, 230, 1, 0, 96, 10, 188]
1542789474007;[171, 0, 17, 255, 161, 74, 235, 10, 44, 0, 0, 87, 1, 1, 19, 1, 0, 9, 12, 39]
1542789474175;[171, 0, 17, 255, 161, 74, 235, 10, 44, 0, 0, 27, 1, 0, 170, 1, 0, 4, 12, 39]
1542789474348;[171, 0, 4, 255, 132, 128, 82]
1542789474374;[171, 0, 17, 255, 161, 74, 235, 10, 44, 0, 0, 157, 1, 1, 66, 1, 0, 13, 12, 39]
1542789474521;[171, 0, 17, 255, 161, 74, 235, 10, 44, 0, 0, 21, 1, 0, 240, 0, 0, 7, 12, 227]
1542789474525;[171, 0, 17, 255, 161, 74, 235, 10, 44, 1, 0, 19, 1, 0, 205, 1, 0, 50, 13, 145]
1542789474866;[171, 0, 17, 255, 161, 74, 235, 10, 44, 1, 0, 170, 1, 1, 116, 1, 0, 39, 15, 16]
1542789474870;[171, 0, 17, 255, 161, 74, 235, 10, 44, 0, 0, 47, 1, 0, 199, 1, 0, 10, 31, 255]
1542789474874;[171, 0, 17, 255, 161, 74, 235, 10, 45, 1, 0, 16, 1, 0, 254, 1, 0, 28, 9, 125]
1542789475038;[171, 0, 17, 255, 161, 74, 235, 10, 45, 1, 0, 17, 1, 0, 232, 1, 0, 12, 10, 104]
1542789475042;[171, 0, 17, 255, 161, 74, 235, 10, 45, 1, 0, 29, 1, 0, 240, 1, 0, 10, 10, 104]
1542789475211;[171, 0, 17, 255, 161, 74, 235, 10, 45, 1, 0, 57, 1, 0, 242, 1, 0, 8, 11, 189]
1542789475215;[171, 0, 17, 255, 161, 74, 235, 10, 45, 1, 0, 77, 1, 0, 242, 1, 0, 13, 13, 23]
1542789475382;[171, 0, 4, 255, 132, 128, 81]
1542789475408;[171, 0, 17, 255, 161, 74, 235, 10, 45, 1, 0, 55, 1, 0, 236, 1, 0, 9, 14, 18]
1542789475556;[171, 0, 17, 255, 161, 74, 235, 10, 45, 1, 0, 59, 1, 0, 237, 1, 0, 12, 14, 182]
1542789475728;[171, 0, 17, 255, 161, 74, 235, 10, 45, 1, 0, 61, 1, 0, 241, 1, 0, 12, 15, 46]
1542789475732;[171, 0, 17, 255, 161, 74, 235, 10, 45, 1, 0, 56, 1, 0, 233, 1, 0, 11, 31, 193]
1542789476095;[171, 0, 17, 255, 161, 74, 235, 10, 45, 1, 0, 68, 1, 0, 244, 1, 0, 12, 8, 161]
1542789476097;[171, 0, 17, 255, 161, 74, 235, 10, 46, 1, 0, 54, 1, 0, 238, 1, 0, 11, 9, 11]
1542789476098;[171, 0, 17, 255, 161, 74, 235, 10, 46, 1, 0, 30, 1, 0, 250, 1, 0, 14, 9, 11]
1542789476245;[171, 0, 17, 255, 161, 74, 235, 10, 46, 1, 0, 26, 1, 0, 241, 1, 0, 4, 9, 42]
1542789476249;[171, 0, 17, 255, 161, 74, 235, 10, 46, 1, 0, 63, 1, 0, 239, 1, 0, 11, 9, 127]
1542789476591;[171, 0, 17, 255, 161, 74, 235, 10, 48, 1, 0, 56, 1, 0, 244, 1, 0, 14, 15, 49]
1542789476595;[171, 0, 17, 255, 161, 74, 235, 10, 48, 1, 0, 30, 1, 0, 244, 1, 0, 13, 31, 73]
1542789476763;[171, 0, 17, 255, 161, 74, 235, 10, 48, 1, 0, 28, 1, 1, 0, 1, 0, 14, 7, 208]
1542789476936;[171, 0, 17, 255, 161, 74, 235, 10, 48, 1, 0, 55, 1, 1, 17, 1, 0, 16, 8, 20]
1542789477108;[171, 0, 17, 255, 161, 74, 235, 10, 48, 0, 0, 72, 1, 0, 201, 1, 0, 21, 8, 243]
1542789477112;[171, 0, 17, 255, 161, 74, 235, 10, 49, 0, 0, 19, 1, 0, 172, 0, 0, 70, 9, 49]
1542789477116;[171, 0, 17, 255, 161, 74, 235, 10, 49, 1, 0, 44, 1, 0, 199, 1, 0, 15, 8, 167]
1542789477454;[171, 0, 17, 255, 161, 74, 235, 10, 49, 0, 0, 12, 1, 0, 182, 0, 0, 36, 8, 101]
1542789477458;[171, 0, 17, 255, 161, 74, 235, 10, 49, 1, 0, 34, 1, 0, 234, 1, 0, 21, 8, 203]
1542789477463;[171, 0, 17, 255, 161, 74, 235, 10, 49, 1, 0, 109, 1, 0, 214, 1, 0, 10, 9, 190]
1542789477625;[171, 0, 4, 255, 132, 128, 79]
1542789477652;[171, 0, 17, 255, 161, 74, 235, 10, 49, 1, 0, 121, 1, 0, 212, 1, 0, 54, 10, 4]
1542789477798;[171, 0, 17, 255, 161, 74, 235, 10, 49, 1, 0, 66, 1, 0, 234, 1, 0, 43, 10, 46]
1542789477802;[171, 0, 17, 255, 161, 74, 235, 10, 49, 1, 0, 61, 1, 0, 231, 1, 0, 37, 10, 103]
1542789477970;[171, 0, 17, 255, 161, 74, 235, 10, 49, 1, 0, 116, 1, 0, 213, 1, 0, 51, 10, 30]
1542789478143;[171, 0, 17, 255, 161, 74, 235, 10, 49, 1, 0, 107, 1, 0, 219, 1, 0, 53, 10, 36]
1542789478147;[171, 0, 17, 255, 161, 74, 235, 10, 50, 1, 0, 89, 1, 0, 222, 1, 0, 47, 9, 199]
1542789478316;[171, 0, 17, 255, 161, 74, 235, 10, 50, 1, 0, 96, 1, 0, 221, 1, 0, 46, 9, 115]
1542789478319;[171, 0, 17, 255, 161, 74, 235, 10, 50, 1, 0, 99, 1, 0, 221, 1, 0, 50, 9, 87]
1542789478662;[171, 0, 17, 255, 161, 74, 235, 10, 50, 1, 0, 98, 1, 0, 222, 1, 0, 48, 9, 69]
1542789478666;[171, 0, 17, 255, 161, 74, 235, 10, 50, 1, 0, 97, 1, 0, 222, 1, 0, 49, 9, 248]
1542789478669;[171, 0, 4, 255, 132, 128, 86]
1542789479006;[171, 0, 17, 255, 161, 74, 235, 10, 50, 1, 0, 96, 1, 0, 222, 1, 0, 48, 10, 23]
1542789479010;[171, 0, 17, 255, 161, 74, 235, 10, 50, 1, 0, 99, 1, 0, 222, 1, 0, 49, 9, 240]
1542789479014;[171, 0, 17, 255, 161, 74, 235, 10, 50, 1, 0, 99, 1, 0, 220, 1, 0, 48, 9, 222]
1542789479018;[171, 0, 17, 255, 161, 74, 235, 10, 50, 1, 0, 99, 1, 0, 220, 1, 0, 49, 9, 196]
1542789479178;[171, 0, 17, 255, 161, 74, 235, 10, 50, 1, 0, 97, 1, 0, 222, 1, 0, 48, 10, 122]
1542789479182;[171, 0, 17, 255, 161, 74, 235, 10, 51, 1, 0, 97, 1, 0, 222, 1, 0, 48, 10, 167]
1542789479350;[171, 0, 17, 255, 161, 74, 235, 10, 51, 1, 0, 96, 1, 0, 221, 1, 0, 49, 10, 142]
1542789479523;[171, 0, 17, 255, 161, 74, 235, 10, 51, 1, 0, 97, 1, 0, 223, 1, 0, 46, 10, 123]
1542789479527;[171, 0, 17, 255, 161, 74, 235, 10, 51, 1, 0, 99, 1, 0, 221, 1, 0, 48, 10, 72]
1542789479696;[171, 0, 17, 255, 161, 74, 235, 10, 51, 1, 0, 100, 1, 0, 223, 1, 0, 48, 10, 198]
1542789479700;[171, 0, 4, 255, 132, 128, 92]
1542789480040;[171, 0, 17, 255, 161, 74, 235, 10, 51, 1, 0, 97, 1, 0, 223, 1, 0, 48, 10, 233]
1542789480046;[171, 0, 17, 255, 161, 74, 235, 10, 51, 1, 0, 98, 1, 0, 222, 1, 0, 48, 10, 180]
1542789480050;[171, 0, 17, 255, 161, 74, 235, 10, 51, 1, 0, 99, 1, 0, 221, 1, 0, 47, 10, 159]
1542789480212;[171, 0, 17, 255, 161, 74, 235, 10, 51, 1, 0, 99, 1, 0, 222, 1, 0, 45, 10, 127]
1542789480216;[171, 0, 17, 255, 161, 74, 235, 10, 51, 1, 0, 101, 1, 0, 222, 1, 0, 47, 10, 162]
1542789480386;[171, 0, 17, 255, 161, 74, 235, 10, 52, 1, 0, 97, 1, 0, 220, 1, 0, 46, 11, 43]
1542789480390;[171, 0, 17, 255, 161, 74, 235, 10, 52, 1, 0, 95, 1, 0, 222, 1, 0, 46, 11, 25]
1542789480559;[171, 0, 17, 255, 161, 74, 235, 10, 52, 1, 0, 99, 1, 0, 220, 1, 0, 46, 11, 12]
1542789480730;[171, 0, 17, 255, 161, 74, 235, 10, 52, 1, 0, 96, 1, 0, 219, 1, 0, 46, 11, 1]
1542789480734;[171, 0, 17, 255, 161, 74, 235, 10, 52, 1, 0, 97, 1, 0, 222, 1, 0, 45, 10, 230]
1542789480902;[171, 0, 4, 255, 132, 128, 97]
1542789480929;[171, 0, 17, 255, 161, 74, 235, 10, 52, 1, 0, 97, 1, 0, 219, 1, 0, 47, 11, 138]
1542789481249;[171, 0, 17, 255, 161, 74, 235, 10, 52, 1, 0, 97, 1, 0, 223, 1, 0, 46, 11, 177]
1542789481252;[171, 0, 17, 255, 161, 74, 235, 10, 52, 1, 0, 96, 1, 0, 222, 1, 0, 45, 11, 153]
1542789481256;[171, 0, 17, 255, 161, 74, 235, 10, 52, 1, 0, 96, 1, 0, 222, 1, 0, 45, 11, 156]
1542789481420;[171, 0, 17, 255, 161, 74, 235, 10, 52, 1, 0, 99, 1, 0, 221, 1, 0, 45, 11, 137]
1542789481424;[171, 0, 17, 255, 161, 74, 235, 10, 53, 1, 0, 94, 1, 0, 223, 1, 0, 46, 11, 149]
1542789481593;[171, 0, 17, 255, 161, 74, 235, 10, 53, 1, 0, 100, 1, 0, 222, 1, 0, 44, 12, 51]
1542789481597;[171, 0, 17, 255, 161, 74, 235, 10, 53, 1, 0, 94, 1, 0, 222, 1, 0, 45, 12, 49]
1542789481764;[171, 0, 17, 255, 161, 74, 235, 10, 53, 1, 0, 96, 1, 0, 222, 1, 0, 45, 12, 27]
1542789481937;[171, 0, 17, 255, 161, 74, 235, 10, 53, 1, 0, 99, 1, 0, 223, 1, 0, 46, 12, 20]
1542789481941;[171, 0, 4, 255, 132, 128, 101]
1542789482110;[171, 0, 17, 255, 161, 74, 235, 10, 53, 1, 0, 95, 1, 0, 222, 1, 0, 44, 11, 246]
1542789482113;[171, 0, 17, 255, 161, 74, 235, 10, 53, 1, 0, 98, 1, 0, 221, 1, 0, 46, 12, 49]
1542789482630;[171, 0, 17, 255, 161, 74, 235, 10, 53, 1, 0, 96, 1, 0, 222, 1, 0, 44, 12, 165]
1542789482634;[171, 0, 17, 255, 161, 74, 235, 10, 53, 1, 0, 97, 1, 0, 221, 1, 0, 46, 12, 153]
1542789482639;[171, 0, 17, 255, 161, 74, 235, 10, 53, 1, 0, 97, 1, 0, 222, 1, 0, 46, 12, 134]
1542789482643;[171, 0, 17, 255, 161, 74, 235, 10, 54, 1, 0, 97, 1, 0, 221, 1, 0, 48, 12, 118]
1542789482801;[171, 0, 17, 255, 161, 74, 235, 10, 54, 1, 0, 97, 1, 0, 220, 1, 0, 46, 12, 94]
1542789482805;[171, 0, 17, 255, 161, 74, 235, 10, 54, 1, 0, 96, 1, 0, 221, 1, 0, 45, 12, 72]
1542789482808;[171, 0, 17, 255, 161, 74, 235, 10, 54, 1, 0, 97, 1, 0, 223, 1, 0, 45, 12, 225]
1542789482974;[171, 0, 17, 255, 161, 74, 235, 10, 54, 1, 0, 98, 1, 0, 219, 1, 0, 44, 12, 246]
1542789483145;[171, 0, 4, 255, 132, 128, 104]
1542789483171;[171, 0, 17, 255, 161, 74, 235, 10, 54, 1, 0, 98, 1, 0, 222, 1, 0, 44, 12, 219]
1542789483320;[171, 0, 17, 255, 161, 74, 235, 10, 54, 1, 0, 99, 1, 0, 221, 1, 0, 47, 12, 220]
1542789483324;[171, 0, 17, 255, 161, 74, 235, 10, 54, 1, 0, 98, 1, 0, 219, 1, 0, 45, 12, 194]
1542789483490;[171, 0, 17, 255, 161, 74, 235, 10, 54, 1, 0, 96, 1, 0, 221, 1, 0, 45, 12, 155]
1542789483494;[171, 0, 17, 255, 161, 74, 235, 10, 54, 1, 0, 97, 1, 0, 221, 1, 0, 45, 12, 136]
1542789483836;[171, 0, 17, 255, 161, 74, 235, 10, 55, 1, 0, 98, 1, 0, 222, 1, 0, 46, 12, 214]
1542789483840;[171, 0, 17, 255, 161, 74, 235, 10, 55, 1, 0, 98, 1, 0, 220, 1, 0, 46, 13, 42]
1542789483844;[171, 0, 17, 255, 161, 74, 235, 10, 55, 1, 0, 96, 1, 0, 223, 1, 0, 46, 13, 30]
1542789484008;[171, 0, 17, 255, 161, 74, 235, 10, 55, 1, 0, 96, 1, 0, 220, 1, 0, 44, 13, 16]
1542789484011;[171, 0, 17, 255, 161, 74, 235, 10, 55, 1, 0, 97, 1, 0, 219, 1, 0, 46, 13, 13]
1542789484181;[171, 0, 4, 255, 132, 128, 105]
1542789484207;[171, 0, 17, 255, 161, 74, 235, 10, 55, 1, 0, 96, 1, 0, 221, 1, 0, 44, 12, 244]
1542789484354;[171, 0, 17, 255, 161, 74, 235, 10, 55, 1, 0, 98, 1, 0, 223, 1, 0, 44, 12, 214]
1542789484526;[171, 0, 17, 255, 161, 74, 235, 10, 55, 1, 0, 99, 1, 0, 224, 1, 0, 45, 12, 208]
1542789484530;[171, 0, 17, 255, 161, 74, 235, 10, 55, 1, 0, 95, 1, 0, 223, 1, 0, 46, 13, 87]
1542789484698;[171, 0, 17, 255, 161, 74, 235, 10, 55, 1, 0, 98, 1, 0, 223, 1, 0, 45, 13, 99]
1542789484701;[171, 0, 17, 255, 161, 74, 235, 10, 56, 1, 0, 98, 1, 0, 223, 1, 0, 47, 13, 76]
1542789485109;[171, 0, 17, 255, 161, 74, 235, 10, 56, 1, 0, 96, 1, 0, 222, 1, 0, 46, 13, 72]
1542789485110;[171, 0, 17, 255, 161, 74, 235, 10, 56, 1, 0, 96, 1, 0, 220, 1, 0, 45, 13, 47]
1542789485112;[171, 0, 17, 255, 161, 74, 235, 10, 56, 1, 0, 100, 1, 0, 218, 1, 0, 46, 13, 28]
1542789485212;[171, 0, 17, 255, 161, 74, 235, 10, 56, 1, 0, 91, 1, 0, 223, 1, 0, 43, 13, 124]
1542789485214;[171, 0, 4, 255, 132, 128, 106]
1542789485388;[171, 0, 17, 255, 161, 74, 235, 10, 56, 1, 0, 96, 1, 0, 223, 1, 0, 47, 14, 67]
1542789485392;[171, 0, 17, 255, 161, 74, 235, 10, 56, 1, 0, 90, 1, 0, 227, 1, 0, 44, 14, 67]
1542789485561;[171, 0, 17, 255, 161, 74, 235, 10, 56, 1, 0, 100, 1, 0, 221, 1, 0, 49, 14, 152]
1542789485732;[171, 0, 17, 255, 161, 74, 235, 10, 56, 0, 0, 73, 1, 1, 24, 1, 0, 57, 14, 222]
1542789485736;[171, 0, 17, 255, 161, 74, 235, 10, 56, 1, 0, 125, 1, 1, 49, 1, 0, 64, 14, 229]
1542789485905;[171, 0, 17, 255, 161, 74, 235, 10, 57, 1, 0, 248, 1, 1, 66, 1, 0, 87, 15, 34]
1542789485908;[171, 0, 17, 255, 161, 74, 235, 10, 57, 1, 0, 173, 1, 1, 60, 0, 0, 151, 14, 57]
1542789486079;[171, 0, 17, 255, 161, 74, 235, 10, 57, 1, 0, 94, 1, 1, 38, 1, 0, 104, 14, 199]
1542789486083;[171, 0, 17, 255, 161, 74, 235, 10, 57, 1, 0, 94, 1, 0, 222, 1, 0, 32, 13, 206]
1542789486425;[171, 0, 17, 255, 161, 74, 235, 10, 57, 1, 1, 242, 1, 2, 44, 1, 0, 72, 11, 97]
1542789486427;[171, 0, 4, 255, 132, 128, 106]
1542789486454;[171, 0, 17, 255, 161, 74, 235, 10, 57, 0, 0, 3, 1, 0, 218, 1, 0, 64, 11, 2]
1542789486595;[171, 0, 17, 255, 161, 74, 235, 10, 57, 1, 1, 96, 1, 0, 143, 1, 0, 16, 8, 194]
1542789486599;[171, 0, 17, 255, 161, 74, 235, 10, 57, 1, 0, 63, 1, 0, 215, 1, 0, 61, 7, 110]
1542789486767;[171, 0, 17, 255, 161, 74, 235, 10, 57, 1, 0, 70, 1, 0, 222, 0, 0, 4, 6, 45]
1542789486941;[171, 0, 17, 255, 161, 74, 235, 10, 57, 1, 0, 108, 1, 0, 216, 1, 0, 23, 5, 96]
1542789486945;[171, 0, 17, 255, 161, 74, 235, 10, 58, 1, 0, 103, 1, 0, 225, 1, 0, 35, 5, 96]
1542789487112;[171, 0, 17, 255, 161, 74, 235, 10, 58, 1, 0, 103, 1, 0, 221, 1, 0, 35, 4, 173]
1542789487116;[171, 0, 17, 255, 161, 74, 235, 10, 58, 1, 0, 104, 1, 0, 224, 1, 0, 38, 4, 17]
1542789487285;[171, 0, 17, 255, 161, 74, 235, 10, 58, 1, 0, 101, 1, 0, 219, 1, 0, 37, 3, 108]
1542789487289;[171, 0, 17, 255, 161, 74, 235, 10, 58, 1, 0, 105, 1, 0, 220, 1, 0, 35, 2, 209]
1542789487804;[171, 0, 4, 255, 132, 128, 106]
1542789487832;[171, 0, 17, 255, 161, 74, 235, 10, 58, 1, 0, 103, 1, 0, 223, 1, 0, 38, 2, 222]
1542789487834;[171, 0, 17, 255, 161, 74, 235, 10, 58, 1, 0, 105, 1, 0, 223, 1, 0, 36, 2, 170]
1542789487975;[171, 0, 17, 255, 161, 74, 235, 10, 58, 1, 0, 101, 1, 0, 221, 1, 0, 36, 2, 64]
1542789487979;[171, 0, 17, 255, 161, 74, 235, 10, 58, 1, 0, 106, 1, 0, 220, 1, 0, 36, 1, 232]
1542789487983;[171, 0, 17, 255, 161, 74, 235, 10, 58, 1, 0, 103, 1, 0, 219, 1, 0, 35, 1, 147]
1542789488149;[171, 0, 17, 255, 161, 74, 235, 10, 59, 1, 0, 104, 1, 0, 220, 1, 0, 37, 1, 49]
1542789488152;[171, 0, 17, 255, 161, 74, 235, 10, 59, 1, 0, 103, 1, 0, 220, 1, 0, 34, 0, 244]
1542789488322;[171, 0, 17, 255, 161, 74, 235, 10, 59, 1, 0, 105, 1, 0, 221, 1, 0, 36, 1, 56]
1542789488326;[171, 0, 17, 255, 161, 74, 235, 10, 59, 1, 0, 104, 1, 0, 221, 1, 0, 36, 1, 21]
1542789488492;[171, 0, 17, 255, 161, 74, 235, 10, 59, 1, 0, 103, 1, 0, 220, 1, 0, 36, 0, 227]
1542789488496;[171, 0, 4, 255, 132, 128, 103]
1542789488665;[171, 0, 17, 255, 161, 74, 235, 10, 59, 1, 0, 106, 1, 0, 220, 1, 0, 36, 16, 179]
1542789489012;[171, 0, 17, 255, 161, 74, 235, 10, 59, 1, 0, 106, 1, 0, 221, 1, 0, 34, 7, 161]
1542789489016;[171, 0, 17, 255, 161, 74, 235, 10, 59, 1, 0, 105, 1, 0, 221, 1, 0, 37, 7, 125]
1542789489020;[171, 0, 17, 255, 161, 74, 235, 10, 59, 1, 0, 104, 1, 0, 221, 1, 0, 37, 7, 156]
1542789489024;[171, 0, 17, 255, 161, 74, 235, 10, 59, 1, 0, 103, 1, 0, 223, 1, 0, 36, 8, 0]
1542789489184;[171, 0, 17, 255, 161, 74, 235, 10, 64, 1, 0, 105, 1, 0, 221, 1, 0, 36, 8, 26]
1542789489188;[171, 0, 17, 255, 161, 74, 235, 10, 64, 1, 0, 101, 1, 0, 221, 1, 0, 37, 8, 79]
1542789489355;[171, 0, 17, 255, 161, 74, 235, 10, 64, 1, 0, 105, 1, 0, 220, 1, 0, 37, 8, 123]
1542789489527;[171, 0, 17, 255, 161, 74, 235, 10, 64, 1, 0, 106, 1, 0, 221, 1, 0, 37, 8, 119]
1542789489531;[171, 0, 17, 255, 161, 74, 235, 10, 64, 1, 0, 104, 1, 0, 222, 1, 0, 36, 8, 93]
1542789489701;[171, 0, 4, 255, 132, 128, 103]
1542789489728;[171, 0, 17, 255, 161, 74, 235, 10, 64, 1, 0, 107, 1, 0, 220, 1, 0, 36, 8, 154]
1542789489873;[171, 0, 17, 255, 161, 74, 235, 10, 64, 1, 0, 104, 1, 0, 221, 1, 0, 35, 8, 130]
1542789490220;[171, 0, 17, 255, 161, 74, 235, 10, 64, 1, 0, 105, 1, 0, 219, 1, 0, 36, 8, 112]
1542789490224;[171, 0, 17, 255, 161, 74, 235, 10, 64, 1, 0, 106, 1, 0, 221, 1, 0, 36, 8, 103]
1542789490228;[171, 0, 17, 255, 161, 74, 235, 10, 64, 1, 0, 108, 1, 0, 218, 1, 0, 35, 8, 84]
1542789490232;[171, 0, 17, 255, 161, 74, 235, 10, 65, 1, 0, 107, 1, 0, 218, 1, 0, 39, 8, 88]
1542789490391;[171, 0, 17, 255, 161, 74, 235, 10, 65, 1, 0, 114, 1, 0, 214, 1, 0, 43, 8, 161]
1542789490395;[171, 0, 17, 255, 161, 74, 235, 10, 65, 1, 0, 207, 1, 0, 241, 1, 0, 34, 8, 182]
1542789490563;[171, 0, 17, 255, 161, 74, 235, 10, 65, 0, 0, 153, 1, 1, 57, 1, 0, 50, 9, 10]
1542789490735;[171, 0, 17, 255, 161, 74, 235, 10, 65, 1, 0, 21, 1, 0, 199, 1, 0, 31, 8, 239]
1542789490739;[171, 0, 4, 255, 132, 128, 102]
1542789490908;[171, 0, 17, 255, 161, 74, 235, 10, 65, 1, 0, 7, 1, 0, 226, 0, 0, 9, 9, 34]
1542789490912;[171, 0, 17, 255, 161, 74, 235, 10, 65, 0, 0, 22, 1, 0, 194, 1, 0, 24, 9, 45]
1542789491081;[171, 0, 17, 255, 161, 74, 235, 10, 65, 0, 0, 19, 1, 0, 237, 1, 0, 69, 9, 107]
1542789491085;[171, 0, 17, 255, 161, 74, 235, 10, 65, 0, 0, 3, 1, 0, 179, 1, 0, 42, 9, 186]
1542789491599;[171, 0, 17, 255, 161, 74, 235, 10, 65, 0, 0, 44, 1, 0, 4, 1, 0, 4, 9, 145]
1542789491603;[171, 0, 17, 255, 161, 74, 235, 10, 66, 0, 0, 62, 1, 0, 111, 1, 0, 70, 9, 21]
1542789491607;[171, 0, 17, 255, 161, 74, 235, 10, 66, 0, 7, 255, 1, 3, 116, 1, 0, 7, 8, 172]
1542789491611;[171, 0, 17, 255, 161, 74, 235, 10, 66, 1, 0, 14, 1, 1, 138, 1, 1, 206, 6, 110]
1542789491770;[171, 0, 17, 255, 161, 74, 235, 10, 66, 0, 1, 1, 1, 0, 129, 1, 0, 87, 6, 110]
1542789491774;[171, 0, 17, 255, 161, 74, 235, 10, 66, 0, 0, 93, 1, 0, 8, 1, 0, 11, 6, 110]
1542789492119;[171, 0, 4, 255, 132, 128, 102]
1542789492122;[171, 0, 17, 255, 161, 74, 235, 10, 66, 0, 0, 196, 1, 2, 49, 0, 1, 104, 1, 230]
1542789492145;[171, 0, 17, 255, 161, 74, 235, 10, 66, 1, 0, 60, 1, 1, 17, 0, 0, 152, 1, 230]
1542789492146;[171, 0, 17, 255, 161, 74, 235, 10, 66, 1, 0, 4, 1, 1, 19, 1, 0, 136, 1, 230]
1542789492287;[171, 0, 17, 255, 161, 74, 235, 10, 66, 1, 0, 162, 1, 1, 18, 1, 2, 16, 16, 135]
1542789492291;[171, 0, 17, 255, 161, 74, 235, 10, 66, 1, 0, 104, 1, 0, 132, 1, 0, 181, 7, 66]
1542789492459;[171, 0, 17, 255, 161, 74, 235, 10, 67, 1, 0, 35, 1, 0, 153, 1, 0, 75, 6, 136]
1542789492892;[171, 0, 17, 255, 161, 74, 235, 10, 67, 1, 3, 162, 1, 0, 248, 1, 0, 159, 5, 80]
1542789492893;[171, 0, 17, 255, 161, 74, 235, 10, 67, 1, 0, 119, 1, 0, 137, 1, 0, 231, 4, 52]
1542789492895;[171, 0, 17, 255, 161, 74, 235, 10, 67, 0, 0, 111, 1, 0, 129, 1, 0, 175, 3, 131]
1542789492896;[171, 0, 17, 255, 161, 74, 235, 10, 67, 1, 0, 61, 1, 0, 85, 1, 0, 210, 3, 131]
1542789492977;[171, 0, 4, 255, 132, 128, 102]
1542789493003;[171, 0, 17, 255, 161, 74, 235, 10, 67, 1, 0, 69, 1, 0, 5, 1, 1, 11, 3, 223]
1542789493150;[171, 0, 17, 255, 161, 74, 235, 10, 67, 1, 0, 54, 1, 0, 210, 1, 1, 31, 4, 9]
1542789493324;[171, 0, 17, 255, 161, 74, 235, 10, 67, 1, 0, 30, 1, 0, 73, 1, 0, 213, 4, 92]
1542789493327;[171, 0, 17, 255, 161, 74, 235, 10, 67, 0, 0, 17, 1, 0, 166, 1, 0, 198, 4, 151]
1542789493668;[171, 0, 17, 255, 161, 74, 235, 10, 67, 0, 0, 15, 1, 0, 79, 1, 0, 220, 4, 152]
1542789493672;[171, 0, 17, 255, 161, 74, 235, 10, 68, 0, 0, 53, 1, 0, 47, 1, 0, 234, 5, 11]
1542789493676;[171, 0, 17, 255, 161, 74, 235, 10, 68, 0, 0, 69, 1, 0, 49, 1, 0, 206, 4, 184]
1542789494015;[171, 0, 17, 255, 161, 74, 235, 10, 68, 0, 0, 106, 0, 0, 5, 1, 0, 228, 3, 40]
1542789494019;[171, 0, 17, 255, 161, 74, 235, 10, 68, 1, 0, 193, 0, 0, 153, 1, 0, 207, 1, 212]
1542789494024;[171, 0, 17, 255, 161, 74, 235, 10, 68, 0, 0, 136, 0, 0, 30, 1, 1, 98, 1, 23]
1542789494027;[171, 0, 4, 255, 132, 128, 102]
1542789494185;[171, 0, 17, 255, 161, 74, 235, 10, 68, 0, 0, 143, 1, 0, 32, 1, 0, 195, 1, 169]
1542789494189;[171, 0, 17, 255, 161, 74, 235, 10, 68, 0, 0, 202, 1, 0, 53, 1, 0, 244, 16, 64]
1542789494357;[171, 0, 17, 255, 161, 74, 235, 10, 68, 0, 0, 107, 0, 0, 61, 1, 0, 236, 9, 7]
1542789494530;[171, 0, 17, 255, 161, 74, 235, 10, 68, 0, 0, 56, 0, 0, 1, 1, 0, 243, 9, 7]
1542789494534;[171, 0, 17, 255, 161, 74, 235, 10, 68, 0, 0, 130, 0, 0, 32, 1, 0, 224, 9, 7]
1542789494703;[171, 0, 17, 255, 161, 74, 235, 10, 69, 0, 1, 16, 0, 0, 188, 1, 0, 133, 9, 207]
1542789494706;[171, 0, 17, 255, 161, 74, 235, 10, 69, 0, 1, 16, 0, 0, 120, 0, 0, 8, 31, 255]
1542789494875;[171, 0, 17, 255, 161, 74, 235, 10, 69, 0, 0, 226, 0, 0, 144, 1, 0, 51, 5, 162]
1542789495049;[171, 0, 17, 255, 161, 74, 235, 10, 69, 0, 0, 239, 1, 0, 63, 0, 0, 247, 6, 173]
1542789495053;[171, 0, 17, 255, 161, 74, 235, 10, 69, 0, 1, 42, 0, 0, 12, 0, 0, 49, 7, 241]
1542789495394;[171, 0, 4, 255, 132, 128, 102]
1542789495420;[171, 0, 17, 255, 161, 74, 235, 10, 69, 0, 1, 203, 0, 0, 16, 1, 0, 92, 10, 135]
1542789495422;[171, 0, 17, 255, 161, 74, 235, 10, 69, 0, 0, 205, 0, 0, 78, 1, 0, 84, 7, 204]
1542789495423;[171, 0, 17, 255, 161, 74, 235, 10, 69, 0, 0, 242, 1, 0, 24, 1, 0, 44, 3, 2]
1542789495565;[171, 0, 17, 255, 161, 74, 235, 10, 69, 0, 2, 62, 1, 0, 168, 1, 0, 64, 2, 189]
1542789495738;[171, 0, 17, 255, 161, 74, 235, 10, 70, 0, 1, 40, 1, 0, 58, 0, 0, 20, 4, 36]
1542789495743;[171, 0, 17, 255, 161, 74, 235, 10, 70, 0, 0, 59, 1, 0, 61, 0, 0, 12, 5, 193]
1542789495910;[171, 0, 17, 255, 161, 74, 235, 10, 70, 0, 0, 186, 1, 0, 119, 1, 0, 61, 6, 64]
1542789495914;[171, 0, 17, 255, 161, 74, 235, 10, 70, 1, 1, 108, 1, 0, 111, 0, 0, 6, 6, 157]
1542789496083;[171, 0, 17, 255, 161, 74, 235, 10, 70, 0, 0, 102, 1, 0, 219, 1, 0, 2, 7, 79]
1542789496087;[171, 0, 17, 255, 161, 74, 235, 10, 70, 0, 0, 28, 1, 0, 235, 1, 0, 28, 7, 183]
1542789496256;[171, 0, 4, 255, 132, 128, 102]
1542789496603;[171, 0, 17, 255, 161, 74, 235, 10, 70, 0, 0, 23, 1, 0, 250, 1, 0, 33, 8, 56]
1542789496607;[171, 0, 17, 255, 161, 74, 235, 10, 70, 1, 0, 20, 1, 0, 231, 1, 0, 33, 9, 38]
1542789496611;[171, 0, 17, 255, 161, 74, 235, 10, 70, 1, 0, 4, 1, 0, 245, 1, 0, 56, 9, 217]
1542789496615;[171, 0, 17, 255, 161, 74, 235, 10, 70, 0, 0, 1, 1, 0, 242, 1, 0, 51, 10, 108]
1542789496947;[171, 0, 17, 255, 161, 74, 235, 10, 71, 0, 0, 24, 1, 0, 250, 1, 0, 40, 10, 217]
1542789496951;[171, 0, 17, 255, 161, 74, 235, 10, 71, 1, 0, 48, 1, 0, 234, 1, 0, 31, 11, 53]
1542789496954;[171, 0, 17, 255, 161, 74, 235, 10, 71, 1, 0, 158, 1, 0, 229, 1, 0, 22, 12, 8]
1542789497125;[171, 0, 17, 255, 161, 74, 235, 10, 71, 1, 0, 58, 1, 0, 227, 0, 0, 39, 12, 186]
1542789497127;[171, 0, 17, 255, 161, 74, 235, 10, 71, 1, 0, 68, 1, 1, 45, 0, 0, 230, 12, 227]
1542789497290;[171, 0, 17, 255, 161, 74, 235, 10, 71, 0, 0, 181, 1, 0, 230, 1, 0, 34, 13, 70]
1542789497294;[171, 0, 4, 255, 132, 128, 103]
1542789497462;[171, 0, 17, 255, 161, 74, 235, 10, 71, 0, 0, 38, 1, 0, 206, 1, 0, 48, 13, 91]
1542789497982;[171, 0, 17, 255, 161, 74, 235, 10, 71, 0, 1, 4, 1, 1, 225, 1, 0, 149, 13, 142]
1542789497986;[171, 0, 17, 255, 161, 74, 235, 10, 71, 1, 0, 43, 1, 1, 6, 0, 0, 18, 13, 249]
1542789497990;[171, 0, 17, 255, 161, 74, 235, 10, 71, 0, 0, 10, 1, 0, 196, 0, 0, 33, 13, 243]
1542789497994;[171, 0, 17, 255, 161, 74, 235, 10, 72, 1, 0, 33, 1, 0, 232, 1, 0, 7, 13, 233]
1542789498327;[171, 0, 17, 255, 161, 74, 235, 10, 72, 1, 1, 40, 1, 1, 20, 0, 1, 19, 13, 194]
1542789498331;[171, 0, 17, 255, 161, 74, 235, 10, 72, 1, 0, 69, 1, 0, 202, 1, 0, 31, 14, 9]
1542789498335;[171, 0, 17, 255, 161, 74, 235, 10, 72, 1, 1, 26, 1, 1, 43, 0, 0, 7, 14, 148]
1542789498339;[171, 0, 17, 255, 161, 74, 235, 10, 72, 1, 0, 94, 1, 0, 225, 1, 0, 32, 14, 45]
1542789498498;[171, 0, 17, 255, 161, 74, 235, 10, 72, 1, 0, 142, 1, 0, 201, 0, 0, 42, 14, 3]
1542789498501;[171, 0, 4, 255, 132, 128, 103]
1542789498528;[171, 0, 17, 255, 161, 74, 235, 10, 72, 1, 0, 141, 1, 0, 205, 0, 0, 42, 13, 194]
1542789498670;[171, 0, 17, 255, 161, 74, 235, 10, 72, 1, 0, 130, 1, 0, 214, 0, 0, 36, 13, 177]
1542789498843;[171, 0, 17, 255, 161, 74, 235, 10, 72, 1, 0, 141, 1, 0, 203, 0, 0, 50, 14, 0]
1542789499188;[171, 0, 17, 255, 161, 74, 235, 10, 72, 1, 0, 144, 1, 0, 203, 0, 0, 40, 13, 205]
1542789499191;[171, 0, 17, 255, 161, 74, 235, 10, 73, 1, 0, 141, 1, 0, 205, 0, 0, 40, 13, 124]
1542789499364;[171, 0, 17, 255, 161, 74, 235, 10, 73, 1, 0, 122, 1, 0, 206, 0, 0, 17, 13, 25]
1542789499368;[171, 0, 17, 255, 161, 74, 235, 10, 73, 1, 0, 146, 1, 0, 203, 0, 0, 45, 12, 194]
1542789499372;[171, 0, 17, 255, 161, 74, 235, 10, 73, 1, 0, 137, 1, 0, 205, 0, 0, 41, 13, 18]
1542789499376;[171, 0, 17, 255, 161, 74, 235, 10, 73, 1, 0, 138, 1, 0, 207, 0, 0, 42, 13, 20]
1542789499532;[171, 0, 17, 255, 161, 74, 235, 10, 75, 1, 0, 132, 1, 0, 208, 0, 0, 52, 11, 102]
1542789499706;[171, 0, 17, 255, 161, 74, 235, 10, 75, 1, 0, 128, 1, 0, 211, 0, 0, 37, 11, 89]
1542789499710;[171, 0, 17, 255, 161, 74, 235, 10, 75, 1, 0, 131, 1, 0, 213, 0, 0, 33, 11, 90]
1542789499877;[171, 0, 17, 255, 161, 74, 235, 10, 75, 1, 0, 126, 1, 0, 220, 0, 0, 32, 11, 183]
1542789500396;[171, 0, 17, 255, 161, 74, 235, 10, 76, 1, 0, 115, 1, 0, 225, 0, 0, 59, 12, 159]
1542789500569;[171, 0, 17, 255, 161, 74, 235, 10, 76, 1, 0, 59, 1, 0, 212, 1, 0, 32, 12, 246]
1542789500573;[171, 0, 17, 255, 161, 74, 235, 10, 76, 1, 0, 179, 1, 1, 28, 0, 0, 2, 13, 4]
1542789500577;[171, 0, 17, 255, 161, 74, 235, 10, 76, 0, 0, 115, 1, 1, 7, 1, 0, 111, 13, 94]
1542789500581;[171, 0, 17, 255, 161, 74, 235, 10, 76, 1, 0, 61, 1, 0, 44, 1, 0, 81, 13, 92]
1542789500741;[171, 0, 17, 255, 161, 74, 235, 10, 76, 0, 0, 145, 1, 0, 77, 0, 0, 37, 14, 70]
1542789500745;[171, 0, 4, 255, 132, 128, 106]
1542789500772;[171, 0, 17, 255, 161, 74, 235, 10, 76, 0, 0, 9, 1, 0, 232, 1, 0, 74, 14, 207]
1542789500913;[171, 0, 17, 255, 161, 74, 235, 10, 76, 1, 0, 28, 1, 0, 214, 1, 0, 71, 14, 167]
1542789500917;[171, 0, 17, 255, 161, 74, 235, 10, 76, 1, 0, 57, 1, 0, 232, 1, 0, 54, 14, 187]
1542789501258;[171, 0, 17, 255, 161, 74, 235, 10, 76, 1, 0, 88, 1, 0, 224, 1, 0, 67, 14, 183]
1542789501262;[171, 0, 17, 255, 161, 74, 235, 10, 77, 1, 0, 75, 1, 0, 227, 1, 0, 54, 31, 152]
1542789501266;[171, 0, 17, 255, 161, 74, 235, 10, 77, 1, 0, 70, 1, 0, 228, 1, 0, 56, 7, 208]
1542789501430;[171, 0, 17, 255, 161, 74, 235, 10, 77, 1, 0, 68, 1, 0, 227, 1, 0, 56, 7, 213]
1542789501434;[171, 0, 17, 255, 161, 74, 235, 10, 77, 1, 0, 70, 1, 0, 226, 1, 0, 59, 7, 216]
1542789501776;[171, 0, 17, 255, 161, 74, 235, 10, 77, 1, 0, 71, 1, 0, 226, 1, 0, 59, 7, 195]
1542789501780;[171, 0, 17, 255, 161, 74, 235, 10, 77, 1, 0, 71, 1, 0, 227, 1, 0, 60, 8, 108]
1542789501784;[171, 0, 4, 255, 132, 128, 107]
1542789501947;[171, 0, 17, 255, 161, 74, 235, 10, 77, 1, 0, 69, 1, 0, 228, 1, 0, 59, 9, 2]
1542789501951;[171, 0, 17, 255, 161, 74, 235, 10, 77, 1, 0, 70, 1, 0, 227, 1, 0, 61, 9, 14]
1542789502130;[171, 0, 17, 255, 161, 74, 235, 10, 77, 1, 0, 70, 1, 0, 227, 1, 0, 60, 8, 253]
1542789502131;[171, 0, 17, 255, 161, 74, 235, 10, 77, 1, 0, 70, 1, 0, 229, 1, 0, 58, 8, 227]
1542789502293;[171, 0, 17, 255, 161, 74, 235, 10, 78, 1, 0, 69, 1, 0, 229, 1, 0, 59, 9, 51]
1542789502298;[171, 0, 17, 255, 161, 74, 235, 10, 78, 1, 0, 71, 1, 0, 227, 1, 0, 60, 10, 39]
1542789502465;[171, 0, 17, 255, 161, 74, 235, 10, 78, 1, 0, 72, 1, 0, 227, 1, 0, 60, 10, 85]
1542789502638;[171, 0, 17, 255, 161, 74, 235, 10, 78, 1, 0, 68, 1, 0, 226, 1, 0, 59, 10, 72]
1542789502641;[171, 0, 17, 255, 161, 74, 235, 10, 78, 1, 0, 72, 1, 0, 227, 1, 0, 59, 10, 51]
1542789502984;[171, 0, 17, 255, 161, 74, 235, 10, 78, 1, 0, 72, 1, 0, 228, 1, 0, 61, 10, 7]
1542789502987;[171, 0, 4, 255, 132, 128, 108]
1542789503013;[171, 0, 17, 255, 161, 74, 235, 10, 78, 1, 0, 71, 1, 0, 227, 1, 0, 60, 10, 182]
1542789503015;[171, 0, 17, 255, 161, 74, 235, 10, 78, 1, 0, 71, 1, 0, 225, 1, 0, 58, 11, 70]
1542789503155;[171, 0, 17, 255, 161, 74, 235, 10, 78, 1, 0, 69, 1, 0, 227, 1, 0, 60, 11, 41]
1542789503328;[171, 0, 17, 255, 161, 74, 235, 10, 78, 1, 0, 72, 1, 0, 229, 1, 0, 58, 11, 3]
1542789503331;[171, 0, 17, 255, 161, 74, 235, 10, 79, 1, 0, 73, 1, 0, 225, 1, 0, 60, 10, 202]
1542789503501;[171, 0, 17, 255, 161, 74, 235, 10, 79, 1, 0, 73, 1, 0, 227, 1, 0, 60, 10, 152]
1542789503506;[171, 0, 17, 255, 161, 74, 235, 10, 79, 1, 0, 73, 1, 0, 228, 1, 0, 60, 11, 92]
1542789503673;[171, 0, 17, 255, 161, 74, 235, 10, 79, 1, 0, 71, 1, 0, 227, 1, 0, 61, 11, 148]
1542789503845;[171, 0, 17, 255, 161, 74, 235, 10, 79, 1, 0, 74, 1, 0, 224, 1, 0, 60, 11, 91]
1542789503849;[171, 0, 17, 255, 161, 74, 235, 10, 79, 1, 0, 69, 1, 0, 227, 1, 0, 60, 11, 25]
1542789504017;[171, 0, 4, 255, 132, 128, 108]
1542789504044;[171, 0, 17, 255, 161, 74, 235, 10, 79, 1, 0, 70, 1, 0, 227, 1, 0, 59, 10, 213]
1542789504364;[171, 0, 17, 255, 161, 74, 235, 10, 79, 1, 0, 72, 1, 0, 227, 1, 0, 59, 10, 234]
1542789504367;[171, 0, 17, 255, 161, 74, 235, 10, 79, 1, 0, 71, 1, 0, 226, 1, 0, 59, 11, 194]
1542789504371;[171, 0, 17, 255, 161, 74, 235, 10, 79, 1, 0, 70, 1, 0, 229, 1, 0, 58, 11, 199]
1542789504536;[171, 0, 17, 255, 161, 74, 235, 10, 80, 1, 0, 72, 1, 0, 227, 1, 0, 61, 11, 186]
1542789504540;[171, 0, 17, 255, 161, 74, 235, 10, 80, 1, 0, 71, 1, 0, 230, 1, 0, 60, 11, 180]
1542789504708;[171, 0, 17, 255, 161, 74, 235, 10, 80, 1, 0, 71, 1, 0, 228, 1, 0, 60, 11, 172]
1542789504712;[171, 0, 17, 255, 161, 74, 235, 10, 80, 1, 0, 71, 1, 0, 228, 1, 0, 60, 12, 46]
1542789504881;[171, 0, 17, 255, 161, 74, 235, 10, 80, 1, 0, 70, 1, 0, 226, 1, 0, 60, 12, 249]
1542789504885;[171, 0, 17, 255, 161, 74, 235, 10, 80, 1, 0, 71, 1, 0, 229, 1, 0, 60, 13, 9]
1542789505052;[171, 0, 4, 255, 132, 128, 109]
1542789505226;[171, 0, 17, 255, 161, 74, 235, 10, 80, 1, 0, 70, 1, 0, 228, 1, 0, 58, 12, 241]
1542789505230;[171, 0, 17, 255, 161, 74, 235, 10, 80, 1, 0, 73, 1, 0, 227, 1, 0, 59, 12, 223]
1542789505572;[171, 0, 17, 255, 161, 74, 235, 10, 80, 1, 0, 70, 1, 0, 227, 1, 0, 60, 12, 198]
1542789505575;[171, 0, 17, 255, 161, 74, 235, 10, 80, 1, 0, 69, 1, 0, 228, 1, 0, 58, 12, 243]
1542789505579;[171, 0, 17, 255, 161, 74, 235, 10, 81, 1, 0, 71, 1, 0, 230, 1, 0, 61, 13, 203]
1542789505743;[171, 0, 17, 255, 161, 74, 235, 10, 81, 1, 0, 69, 1, 0, 226, 1, 0, 57, 13, 219]
1542789505747;[171, 0, 17, 255, 161, 74, 235, 10, 81, 1, 0, 70, 1, 0, 229, 1, 0, 61, 13, 186]
1542789505915;[171, 0, 17, 255, 161, 74, 235, 10, 81, 1, 0, 71, 1, 0, 227, 1, 0, 60, 13, 176]
1542789505919;[171, 0, 17, 255, 161, 74, 235, 10, 81, 1, 0, 65, 1, 0, 218, 1, 0, 36, 13, 128]
1542789506088;[171, 0, 17, 255, 161, 74, 235, 10, 81, 1, 0, 71, 1, 0, 226, 1, 0, 62, 13, 200]
1542789506091;[171, 0, 4, 255, 132, 128, 109]
1542789506260;[171, 0, 17, 255, 161, 74, 235, 10, 81, 1, 0, 71, 1, 0, 229, 1, 0, 57, 14, 97]
1542789506434;[171, 0, 17, 255, 161, 74, 235, 10, 81, 1, 0, 71, 1, 0, 227, 1, 0, 58, 14, 97]
1542789506438;[171, 0, 17, 255, 161, 74, 235, 10, 81, 1, 0, 69, 1, 0, 226, 1, 0, 61, 14, 57]
1542789506951;[171, 0, 17, 255, 161, 74, 235, 10, 81, 1, 0, 71, 1, 0, 225, 1, 0, 62, 14, 29]
1542789506955;[171, 0, 17, 255, 161, 74, 235, 10, 82, 1, 0, 71, 1, 0, 226, 1, 0, 59, 13, 230]
1542789506959;[171, 0, 17, 255, 161, 74, 235, 10, 82, 1, 0, 71, 1, 0, 228, 1, 0, 58, 14, 74]
1542789506964;[171, 0, 17, 255, 161, 74, 235, 10, 82, 1, 0, 83, 1, 0, 224, 1, 0, 49, 14, 208]
1542789507138;[171, 0, 17, 255, 161, 74, 235, 10, 82, 1, 0, 72, 1, 0, 226, 1, 0, 65, 14, 145]
1542789507139;[171, 0, 17, 255, 161, 74, 235, 10, 82, 1, 0, 76, 1, 0, 226, 1, 0, 60, 14, 107]
1542789507140;[171, 0, 17, 255, 161, 74, 235, 10, 82, 1, 0, 73, 1, 0, 227, 1, 0, 59, 14, 87]
1542789507296;[171, 0, 4, 255, 132, 128, 110]
1542789507322;[171, 0, 17, 255, 161, 74, 235, 10, 82, 1, 0, 71, 1, 0, 229, 1, 0, 60, 14, 27]
1542789507468;[171, 0, 17, 255, 161, 74, 235, 10, 82, 1, 0, 69, 1, 0, 227, 1, 0, 59, 14, 50]
1542789507641;[171, 0, 17, 255, 161, 74, 235, 10, 82, 1, 0, 72, 1, 0, 228, 1, 0, 61, 14, 240]
1542789507645;[171, 0, 17, 255, 161, 74, 235, 10, 82, 1, 0, 70, 1, 0, 230, 1, 0, 58, 14, 223]
1542789507812;[171, 0, 17, 255, 161, 74, 235, 10, 83, 1, 0, 69, 1, 0, 225, 1, 0, 59, 14, 172]
1542789507816;[171, 0, 17, 255, 161, 74, 235, 10, 83, 1, 0, 71, 1, 0, 227, 1, 0, 60, 14, 143]
1542789508155;[171, 0, 17, 255, 161, 74, 235, 10, 83, 1, 0, 72, 1, 0, 226, 1, 0, 62, 14, 102]
1542789508164;[171, 0, 17, 255, 161, 74, 235, 10, 83, 1, 0, 75, 1, 0, 227, 1, 0, 59, 14, 170]
1542789508167;[171, 0, 17, 255, 161, 74, 235, 10, 83, 1, 0, 68, 1, 0, 225, 1, 0, 59, 31, 77]
1542789508500;[171, 0, 17, 255, 161, 74, 235, 10, 83, 1, 0, 71, 1, 0, 228, 1, 0, 58, 7, 180]
1542789508504;[171, 0, 4, 255, 132, 128, 109]
1542789508525;[171, 0, 17, 255, 161, 74, 235, 10, 83, 1, 0, 73, 1, 0, 228, 1, 0, 57, 7, 146]
1542789508526;[171, 0, 17, 255, 161, 74, 235, 10, 83, 1, 0, 70, 1, 0, 227, 1, 0, 59, 7, 118]
1542789508693;[171, 0, 17, 255, 161, 74, 235, 10, 83, 1, 0, 72, 1, 0, 227, 1, 0, 57, 7, 71]
1542789508842;[171, 0, 17, 255, 161, 74, 235, 10, 83, 1, 0, 72, 1, 0, 228, 1, 0, 57, 7, 59]
1542789508844;[171, 0, 17, 255, 161, 74, 235, 10, 84, 1, 0, 71, 1, 0, 227, 1, 0, 61, 8, 31]
1542789509015;[171, 0, 17, 255, 161, 74, 235, 10, 84, 1, 0, 72, 1, 0, 227, 1, 0, 59, 8, 45]
1542789509018;[171, 0, 17, 255, 161, 74, 235, 10, 84, 1, 0, 71, 1, 0, 227, 1, 0, 59, 8, 6]
1542789509361;[171, 0, 17, 255, 161, 74, 235, 10, 84, 1, 0, 73, 1, 0, 227, 1, 0, 59, 7, 224]
1542789509364;[171, 0, 17, 255, 161, 74, 235, 10, 84, 1, 0, 70, 1, 0, 227, 1, 0, 64, 7, 182]
1542789509366;[171, 0, 17, 255, 161, 74, 235, 10, 84, 1, 0, 71, 1, 0, 227, 1, 0, 55, 7, 154]
1542789509532;[171, 0, 4, 255, 132, 128, 109]
1542789509552;[171, 0, 17, 255, 161, 74, 235, 10, 84, 1, 0, 71, 1, 0, 225, 1, 0, 62, 8, 45]
1542789509706;[171, 0, 17, 255, 161, 74, 235, 10, 84, 1, 0, 69, 1, 0, 228, 1, 0, 58, 8, 87]
1542789509708;[171, 0, 17, 255, 161, 74, 235, 10, 84, 1, 0, 72, 1, 0, 228, 1, 0, 58, 8, 5]
1542789509877;[171, 0, 17, 255, 161, 74, 235, 10, 84, 1, 0, 70, 1, 0, 226, 1, 0, 61, 7, 179]
1542789510051;[171, 0, 17, 255, 161, 74, 235, 10, 85, 1, 0, 76, 1, 0, 226, 1, 0, 58, 7, 56]
1542789510052;[171, 0, 17, 255, 161, 74, 235, 10, 85, 1, 0, 69, 1, 0, 227, 1, 0, 56, 6, 190]
1542789510223;[171, 0, 17, 255, 161, 74, 235, 10, 85, 1, 0, 71, 1, 0, 228, 1, 0, 59, 7, 31]
1542789510224;[171, 0, 17, 255, 161, 74, 235, 10, 85, 1, 0, 69, 1, 0, 226, 1, 0, 59, 7, 85]
1542789510395;[171, 0, 17, 255, 161, 74, 235, 10, 85, 1, 0, 74, 1, 0, 226, 1, 0, 61, 7, 20]
1542789510397;[171, 0, 17, 255, 161, 74, 235, 10, 85, 1, 2, 51, 1, 1, 88, 1, 0, 69, 7, 33]
1542789510740;[171, 0, 4, 255, 132, 128, 108]
1542789510765;[171, 0, 17, 255, 161, 74, 235, 10, 85, 0, 1, 9, 0, 0, 176, 0, 0, 1, 7, 98]
1542789510767;[171, 0, 17, 255, 161, 74, 235, 10, 85, 0, 0, 115, 1, 1, 29, 1, 0, 75, 6, 169]
1542789510917;[171, 0, 17, 255, 161, 74, 235, 10, 85, 0, 0, 121, 1, 0, 242, 1, 0, 1, 7, 40]
1542789510921;[171, 0, 17, 255, 161, 74, 235, 10, 85, 0, 0, 138, 1, 0, 155, 1, 0, 25, 7, 4]
1542789511091;[171, 0, 17, 255, 161, 74, 235, 10, 86, 0, 0, 61, 1, 0, 222, 1, 0, 65, 7, 0]
1542789511095;[171, 0, 17, 255, 161, 74, 235, 10, 86, 0, 0, 13, 1, 1, 23, 1, 0, 63, 6, 131]
1542789511263;[171, 0, 17, 255, 161, 74, 235, 10, 86, 0, 0, 40, 1, 0, 204, 1, 0, 56, 5, 244]
1542789511436;[171, 0, 17, 255, 161, 74, 235, 10, 86, 1, 0, 98, 1, 1, 51, 1, 0, 60, 4, 151]
1542789511440;[171, 0, 17, 255, 161, 74, 235, 10, 86, 0, 0, 66, 1, 0, 209, 1, 0, 47, 3, 54]
1542789511608;[171, 0, 17, 255, 161, 74, 235, 10, 86, 0, 0, 37, 1, 0, 224, 1, 0, 56, 2, 141]
1542789511611;[171, 0, 4, 255, 132, 128, 107]
1542789511954;[171, 0, 17, 255, 161, 74, 235, 10, 86, 0, 0, 29, 1, 0, 233, 1, 0, 69, 1, 152]
1542789511958;[171, 0, 17, 255, 161, 74, 235, 10, 86, 0, 0, 32, 1, 0, 230, 1, 0, 64, 16, 157]
1542789511962;[171, 0, 17, 255, 161, 74, 235, 10, 86, 0, 0, 32, 1, 0, 234, 1, 0, 62, 6, 223]
1542789512144;[171, 0, 17, 255, 161, 74, 235, 10, 86, 0, 0, 28, 1, 0, 235, 1, 0, 64, 6, 223]
1542789512145;[171, 0, 17, 255, 161, 74, 235, 10, 87, 0, 0, 36, 1, 0, 234, 1, 0, 59, 6, 223]
1542789512298;[171, 0, 17, 255, 161, 74, 235, 10, 87, 0, 0, 32, 1, 0, 236, 1, 0, 58, 6, 189]
1542789512302;[171, 0, 17, 255, 161, 74, 235, 10, 87, 0, 0, 33, 1, 0, 236, 1, 0, 57, 6, 65]
1542789512471;[171, 0, 17, 255, 161, 74, 235, 10, 87, 0, 0, 34, 1, 0, 236, 1, 0, 60, 5, 213]
1542789512644;[171, 0, 17, 255, 161, 74, 235, 10, 87, 0, 0, 33, 1, 0, 234, 1, 0, 59, 5, 102]
1542789512648;[171, 0, 17, 255, 161, 74, 235, 10, 87, 0, 0, 34, 1, 0, 235, 1, 0, 59, 4, 252]
1542789512815;[171, 0, 4, 255, 132, 128, 106]
1542789512842;[171, 0, 17, 255, 161, 74, 235, 10, 87, 0, 0, 33, 1, 0, 235, 1, 0, 58, 5, 127]
1542789513064;[171, 0, 17, 255, 161, 74, 235, 10, 87, 0, 0, 35, 1, 0, 234, 1, 0, 58, 5, 138]
1542789513066;[171, 0, 17, 255, 161, 74, 235, 10, 87, 0, 0, 33, 1, 0, 230, 1, 0, 58, 5, 60]
1542789513334;[171, 0, 17, 255, 161, 74, 235, 10, 87, 0, 0, 33, 1, 0, 233, 1, 0, 58, 4, 240]
1542789513337;[171, 0, 17, 255, 161, 74, 235, 10, 88, 0, 0, 37, 1, 0, 234, 1, 0, 58, 4, 158]
1542789513341;[171, 0, 17, 255, 161, 74, 235, 10, 88, 0, 0, 34, 1, 0, 235, 1, 0, 60, 4, 69]
1542789513507;[171, 0, 17, 255, 161, 74, 235, 10, 88, 0, 0, 34, 1, 0, 232, 1, 0, 58, 4, 255]
1542789513511;[171, 0, 17, 255, 161, 74, 235, 10, 88, 0, 0, 36, 1, 0, 233, 1, 0, 59, 5, 64]
1542789513678;[171, 0, 17, 255, 161, 74, 235, 10, 88, 0, 0, 35, 1, 0, 234, 1, 0, 59, 5, 34]
1542789513682;[171, 0, 17, 255, 161, 74, 235, 10, 88, 0, 0, 36, 1, 0, 233, 1, 0, 58, 4, 239]
1542789514023;[171, 0, 4, 255, 132, 128, 105]
1542789514050;[171, 0, 17, 255, 161, 74, 235, 10, 88, 0, 0, 35, 1, 0, 235, 1, 0, 60, 4, 161]
1542789514051;[171, 0, 17, 255, 161, 74, 235, 10, 88, 0, 0, 29, 1, 0, 243, 1, 0, 62, 4, 67]
1542789514195;[171, 0, 17, 255, 161, 74, 235, 10, 88, 0, 0, 29, 1, 0, 238, 1, 0, 85, 4, 72]
1542789514199;[171, 0, 17, 255, 161, 74, 235, 10, 88, 1, 0, 101, 1, 0, 238, 1, 0, 89, 4, 246]
1542789514714;[171, 0, 17, 255, 161, 74, 235, 10, 89, 0, 0, 11, 1, 1, 18, 1, 0, 90, 5, 69]
1542789514718;[171, 0, 17, 255, 161, 74, 235, 10, 89, 1, 0, 19, 1, 0, 204, 1, 0, 217, 4, 199]
1542789514722;[171, 0, 17, 255, 161, 74, 235, 10, 89, 0, 0, 164, 1, 0, 171, 1, 0, 71, 4, 236]
1542789514726;[171, 0, 17, 255, 161, 74, 235, 10, 89, 0, 0, 120, 1, 0, 141, 1, 0, 69, 4, 213]
1542789514886;[171, 0, 17, 255, 161, 74, 235, 10, 89, 0, 0, 71, 1, 0, 96, 1, 0, 29, 5, 35]
1542789514890;[171, 0, 17, 255, 161, 74, 235, 10, 89, 0, 1, 119, 1, 0, 248, 1, 0, 67, 7, 122]
1542789514893;[171, 0, 4, 255, 132, 128, 104]
1542789515058;[171, 0, 17, 255, 161, 74, 235, 10, 89, 0, 1, 150, 1, 0, 156, 0, 0, 6, 7, 85]
1542789515230;[171, 0, 17, 255, 161, 74, 235, 10, 89, 0, 0, 176, 1, 0, 166, 1, 0, 54, 7, 144]
1542789515234;[171, 0, 17, 255, 161, 74, 235, 10, 89, 0, 0, 222, 1, 0, 135, 1, 0, 44, 7, 180]
1542789515403;[171, 0, 17, 255, 161, 74, 235, 10, 89, 0, 0, 189, 1, 0, 158, 1, 0, 60, 7, 87]
1542789515407;[171, 0, 17, 255, 161, 74, 235, 10, 90, 1, 0, 123, 1, 0, 238, 1, 0, 189, 5, 201]
1542789515923;[171, 0, 17, 255, 161, 74, 235, 10, 90, 1, 0, 28, 1, 0, 183, 1, 0, 228, 4, 223]
1542789515927;[171, 0, 17, 255, 161, 74, 235, 10, 90, 0, 0, 16, 1, 0, 203, 1, 0, 154, 4, 255]
1542789515930;[171, 0, 17, 255, 161, 74, 235, 10, 90, 0, 0, 36, 1, 0, 202, 1, 0, 35, 5, 152]
1542789515934;[171, 0, 17, 255, 161, 74, 235, 10, 90, 0, 0, 11, 1, 0, 194, 1, 0, 82, 5, 171]
1542789516093;[171, 0, 17, 255, 161, 74, 235, 10, 90, 0, 0, 107, 1, 0, 216, 1, 0, 234, 3, 248]
1542789516097;[171, 0, 4, 255, 132, 128, 104]
1542789516123;[171, 0, 17, 255, 161, 74, 235, 10, 90, 1, 0, 10, 1, 1, 6, 1, 1, 126, 3, 129]
1542789516265;[171, 0, 17, 255, 161, 74, 235, 10, 90, 0, 0, 77, 1, 0, 246, 1, 0, 237, 4, 152]
1542789516437;[171, 0, 17, 255, 161, 74, 235, 10, 90, 0, 0, 41, 1, 0, 154, 1, 0, 34, 6, 74]
1542789516444;[171, 0, 17, 255, 161, 74, 235, 10, 90, 1, 0, 30, 1, 0, 97, 1, 0, 86, 6, 235]
1542789516608;[171, 0, 17, 255, 161, 74, 235, 10, 91, 0, 0, 46, 1, 0, 83, 1, 0, 26, 6, 184]
1542789516611;[171, 0, 17, 255, 161, 74, 235, 10, 91, 1, 0, 103, 1, 0, 30, 1, 2, 181, 5, 9]
1542789516782;[171, 0, 17, 255, 161, 74, 235, 10, 91, 1, 0, 44, 1, 0, 162, 1, 0, 242, 5, 84]
1542789516786;[171, 0, 17, 255, 161, 74, 235, 10, 91, 1, 0, 1, 1, 0, 153, 1, 0, 164, 5, 45]
1542789517151;[171, 0, 17, 255, 161, 74, 235, 10, 91, 1, 0, 36, 1, 0, 157, 1, 0, 139, 5, 180]
1542789517153;[171, 0, 17, 255, 161, 74, 235, 10, 91, 0, 0, 20, 1, 0, 129, 1, 0, 86, 6, 19]
1542789517154;[171, 0, 4, 255, 132, 128, 103]
1542789517301;[171, 0, 17, 255, 161, 74, 235, 10, 91, 0, 0, 50, 1, 0, 194, 1, 0, 24, 6, 105]
1542789517304;[171, 0, 17, 255, 161, 74, 235, 10, 91, 1, 0, 3, 1, 1, 118, 1, 0, 45, 6, 46]
1542789517473;[171, 0, 17, 255, 161, 74, 235, 10, 91, 1, 0, 25, 1, 0, 73, 1, 2, 214, 4, 180]
1542789517646;[171, 0, 17, 255, 161, 74, 235, 10, 91, 1, 0, 68, 1, 0, 219, 1, 0, 21, 5, 61]
1542789517650;[171, 0, 17, 255, 161, 74, 235, 10, 92, 1, 0, 144, 1, 0, 194, 1, 0, 47, 6, 116]
1542789518339;[171, 0, 17, 255, 161, 74, 235, 10, 92, 1, 0, 160, 1, 0, 187, 1, 0, 80, 7, 26]
1542789518343;[171, 0, 17, 255, 161, 74, 235, 10, 92, 1, 0, 147, 1, 0, 180, 1, 0, 71, 7, 32]
1542789518346;[171, 0, 17, 255, 161, 74, 235, 10, 92, 1, 0, 127, 1, 0, 186, 1, 0, 95, 6, 255]
1542789518351;[171, 0, 17, 255, 161, 74, 235, 10, 92, 1, 0, 77, 1, 0, 186, 1, 0, 104, 6, 208]
1542789518509;[171, 0, 17, 255, 161, 74, 235, 10, 92, 1, 0, 119, 1, 0, 174, 1, 0, 141, 6, 150]
1542789518513;[171, 0, 4, 255, 132, 128, 103]
1542789518539;[171, 0, 17, 255, 161, 74, 235, 10, 92, 1, 0, 114, 1, 0, 184, 1, 0, 126, 6, 198]
1542789518541;[171, 0, 17, 255, 161, 74, 235, 10, 92, 1, 0, 82, 1, 0, 200, 1, 0, 122, 7, 155]
1542789518682;[171, 0, 17, 255, 161, 74, 235, 10, 92, 0, 1, 244, 1, 1, 219, 1, 0, 172, 8, 233]
1542789518685;[171, 0, 17, 255, 161, 74, 235, 10, 92, 0, 0, 79, 1, 0, 205, 1, 0, 7, 9, 15]
1542789518689;[171, 0, 17, 255, 161, 74, 235, 10, 93, 1, 4, 88, 1, 1, 66, 1, 0, 1, 8, 39]
1542789518852;[171, 0, 17, 255, 161, 74, 235, 10, 93, 0, 0, 173, 1, 0, 219, 1, 0, 74, 7, 204]
1542789519025;[171, 0, 17, 255, 161, 74, 235, 10, 93, 0, 0, 191, 1, 0, 173, 0, 0, 13, 7, 126]
1542789519029;[171, 0, 17, 255, 161, 74, 235, 10, 93, 0, 0, 62, 1, 0, 111, 1, 0, 91, 6, 185]
1542789519371;[171, 0, 17, 255, 161, 74, 235, 10, 93, 0, 0, 127, 1, 0, 125, 1, 0, 77, 7, 57]
1542789519375;[171, 0, 17, 255, 161, 74, 235, 10, 93, 0, 0, 76, 1, 1, 135, 0, 0, 16, 7, 91]
1542789519379;[171, 0, 4, 255, 132, 128, 102]
1542789519715;[171, 0, 17, 255, 161, 74, 235, 10, 93, 0, 0, 161, 1, 0, 181, 1, 0, 21, 5, 163]
1542789519890;[171, 0, 17, 255, 161, 74, 235, 10, 93, 0, 0, 205, 1, 0, 88, 1, 0, 14, 4, 122]
1542789519894;[171, 0, 17, 255, 161, 74, 235, 10, 93, 0, 0, 189, 1, 0, 91, 1, 0, 21, 3, 131]
1542789519898;[171, 0, 17, 255, 161, 74, 235, 10, 93, 0, 1, 36, 1, 0, 167, 1, 0, 8, 3, 157]
1542789520062;[171, 0, 17, 255, 161, 74, 235, 10, 94, 0, 0, 195, 1, 0, 109, 1, 0, 126, 3, 94]
1542789520066;[171, 0, 17, 255, 161, 74, 235, 10, 94, 0, 0, 156, 1, 0, 145, 1, 0, 103, 3, 85]
1542789520070;[171, 0, 17, 255, 161, 74, 235, 10, 94, 0, 0, 203, 1, 0, 144, 1, 0, 43, 3, 154]
1542789520232;[171, 0, 17, 255, 161, 74, 235, 10, 94, 0, 0, 217, 1, 0, 107, 1, 0, 38, 3, 40]
1542789520236;[171, 0, 17, 255, 161, 74, 235, 10, 94, 0, 0, 222, 1, 0, 115, 1, 0, 3, 2, 120]
1542789520406;[171, 0, 17, 255, 161, 74, 235, 10, 94, 0, 0, 221, 1, 0, 79, 0, 0, 27, 2, 5]
1542789520410;[171, 0, 4, 255, 132, 128, 102]
1542789520579;[171, 0, 17, 255, 161, 74, 235, 10, 94, 0, 0, 236, 1, 0, 76, 0, 0, 33, 2, 8]
1542789520583;[171, 0, 17, 255, 161, 74, 235, 10, 94, 0, 0, 251, 1, 0, 23, 0, 0, 24, 2, 52]
1542789520924;[171, 0, 17, 255, 161, 74, 235, 10, 94, 0, 1, 0, 0, 0, 8, 0, 0, 29, 2, 112]
1542789520928;[171, 0, 17, 255, 161, 74, 235, 10, 94, 0, 0, 233, 0, 0, 41, 0, 0, 50, 2, 191]
1542789520931;[171, 0, 17, 255, 161, 74, 235, 10, 95, 0, 0, 228, 0, 0, 66, 0, 0, 78, 3, 58]
1542789521095;[171, 0, 17, 255, 161, 74, 235, 10, 95, 0, 0, 214, 0, 0, 74, 0, 0, 85, 3, 155]
1542789521098;[171, 0, 17, 255, 161, 74, 235, 10, 95, 0, 1, 9, 0, 0, 22, 0, 0, 101, 4, 79]
1542789521269;[171, 0, 17, 255, 161, 74, 235, 10, 95, 0, 0, 203, 0, 0, 114, 0, 0, 159, 4, 194]
1542789521440;[171, 0, 17, 255, 161, 74, 235, 10, 95, 0, 0, 167, 0, 0, 60, 0, 0, 154, 4, 93]
1542789521647;[171, 0, 17, 255, 161, 74, 235, 10, 97, 0, 0, 244, 0, 0, 51, 0, 0, 61, 4, 166]
1542789521648;[171, 0, 17, 255, 161, 74, 235, 10, 97, 0, 0, 253, 0, 0, 19, 0, 0, 26, 4, 33]
1542789521785;[171, 0, 17, 255, 161, 74, 235, 10, 97, 0, 1, 24, 0, 0, 64, 1, 0, 53, 3, 208]
1542789521788;[171, 0, 17, 255, 161, 74, 235, 10, 97, 0, 1, 28, 1, 0, 1, 0, 0, 70, 3, 192]
1542789522305;[171, 0, 17, 255, 161, 74, 235, 10, 98, 0, 0, 227, 0, 0, 51, 0, 0, 105, 3, 193]
1542789522310;[171, 0, 17, 255, 161, 74, 235, 10, 98, 0, 1, 12, 0, 0, 128, 1, 0, 131, 2, 80]
1542789522319;[171, 0, 17, 255, 161, 74, 235, 10, 98, 0, 0, 118, 1, 1, 112, 0, 0, 0, 1, 61]
1542789522321;[171, 0, 17, 255, 161, 74, 235, 10, 98, 0, 1, 203, 1, 0, 207, 1, 0, 3, 1, 98]
1542789522472;[171, 0, 17, 255, 161, 74, 235, 10, 98, 1, 0, 10, 0, 1, 147, 0, 0, 230, 2, 35]
1542789522648;[171, 0, 17, 255, 161, 74, 235, 10, 98, 0, 0, 87, 0, 0, 224, 0, 0, 155, 1, 240]
1542789522654;[171, 0, 4, 255, 132, 128, 99]
1542789522822;[171, 0, 17, 255, 161, 74, 235, 10, 98, 0, 0, 217, 1, 0, 41, 0, 0, 183, 3, 172]
1542789522826;[171, 0, 17, 255, 161, 74, 235, 10, 98, 0, 0, 187, 0, 0, 98, 0, 1, 44, 3, 143]
1542789522994;[171, 0, 17, 255, 161, 74, 235, 10, 98, 0, 0, 21, 1, 0, 168, 0, 0, 236, 1, 243]
1542789522998;[171, 0, 17, 255, 161, 74, 235, 10, 98, 0, 1, 148, 1, 0, 199, 0, 0, 117, 1, 101]
1542789523512;[171, 0, 17, 255, 161, 74, 235, 10, 99, 0, 0, 246, 0, 0, 17, 0, 0, 63, 1, 91]
1542789523516;[171, 0, 17, 255, 161, 74, 235, 10, 99, 0, 0, 11, 0, 0, 202, 0, 0, 23, 16, 179]
1542789523522;[171, 0, 17, 255, 161, 74, 235, 10, 99, 0, 2, 21, 0, 0, 150, 0, 1, 69, 7, 208]
1542789523524;[171, 0, 17, 255, 161, 74, 235, 10, 99, 0, 0, 28, 0, 0, 33, 0, 0, 31, 7, 208]
1542789523684;[171, 0, 17, 255, 161, 74, 235, 10, 99, 0, 1, 2, 0, 0, 18, 1, 0, 45, 7, 92]
1542789523687;[171, 0, 17, 255, 161, 74, 235, 10, 99, 0, 1, 16, 0, 0, 103, 1, 0, 28, 7, 96]
1542789523691;[171, 0, 4, 255, 132, 128, 98]
1542789523855;[171, 0, 17, 255, 161, 74, 235, 10, 99, 0, 0, 131, 1, 0, 22, 0, 0, 32, 7, 154]
1542789524027;[171, 0, 17, 255, 161, 74, 235, 10, 99, 0, 1, 168, 0, 0, 20, 0, 0, 206, 7, 70]
1542789524031;[171, 0, 17, 255, 161, 74, 235, 10, 99, 0, 0, 176, 0, 0, 18, 0, 0, 44, 6, 250]
1542789524201;[171, 0, 17, 255, 161, 74, 235, 10, 99, 0, 0, 124, 0, 0, 114, 0, 0, 93, 6, 188]
1542789524205;[171, 0, 17, 255, 161, 74, 235, 10, 100, 0, 0, 230, 0, 0, 26, 0, 0, 46, 6, 94]
1542789524372;[171, 0, 17, 255, 161, 74, 235, 10, 100, 0, 1, 75, 0, 0, 152, 1, 0, 21, 6, 166]
1542789524719;[171, 0, 17, 255, 161, 74, 235, 10, 100, 0, 0, 41, 0, 0, 217, 0, 0, 26, 6, 208]
1542789524723;[171, 0, 17, 255, 161, 74, 235, 10, 100, 0, 0, 151, 0, 0, 229, 1, 0, 143, 7, 4]
1542789524727;[171, 0, 17, 255, 161, 74, 235, 10, 100, 0, 0, 100, 1, 0, 30, 0, 0, 52, 6, 240]
1542789524731;[171, 0, 17, 255, 161, 74, 235, 10, 100, 0, 0, 229, 0, 0, 35, 1, 0, 23, 6, 122]
1542789524891;[171, 0, 4, 255, 132, 128, 98]
1542789524918;[171, 0, 17, 255, 161, 74, 235, 10, 100, 0, 0, 231, 0, 0, 102, 0, 0, 59, 6, 11]
1542789525064;[171, 0, 17, 255, 161, 74, 235, 10, 100, 0, 0, 238, 0, 0, 87, 0, 0, 52, 6, 56]
1542789525237;[171, 0, 17, 255, 161, 74, 235, 10, 100, 0, 0, 240, 0, 0, 106, 0, 0, 68, 6, 50]
1542789525241;[171, 0, 17, 255, 161, 74, 235, 10, 100, 0, 0, 246, 0, 0, 68, 0, 0, 63, 5, 253]
1542789525408;[171, 0, 17, 255, 161, 74, 235, 10, 101, 0, 0, 237, 0, 0, 85, 0, 0, 23, 5, 149]
1542789525412;[171, 0, 17, 255, 161, 74, 235, 10, 101, 0, 0, 243, 0, 0, 83, 1, 0, 2, 5, 39]
1542789525581;[171, 0, 17, 255, 161, 74, 235, 10, 101, 0, 0, 245, 0, 0, 84, 1, 0, 8, 5, 21]
1542789525585;[171, 0, 17, 255, 161, 74, 235, 10, 101, 0, 0, 243, 0, 0, 84, 0, 0, 31, 5, 81]
1542789525754;[171, 0, 17, 255, 161, 74, 235, 10, 101, 0, 0, 242, 0, 0, 82, 0, 0, 31, 5, 64]
1542789526100;[171, 0, 17, 255, 161, 74, 235, 10, 101, 0, 0, 244, 0, 0, 81, 0, 0, 21, 4, 250]
1542789526103;[171, 0, 4, 255, 132, 128, 97]
1542789526129;[171, 0, 17, 255, 161, 74, 235, 10, 101, 0, 0, 241, 0, 0, 79, 0, 0, 24, 4, 188]
1542789526157;[171, 0, 17, 255, 161, 74, 235, 10, 101, 0, 0, 244, 0, 0, 85, 0, 0, 28, 4, 116]
1542789526270;[171, 0, 17, 255, 161, 74, 235, 10, 101, 0, 0, 243, 0, 0, 81, 0, 0, 33, 4, 174]
1542789526444;[171, 0, 17, 255, 161, 74, 235, 10, 101, 0, 0, 243, 0, 0, 84, 0, 0, 47, 4, 252]
1542789526447;[171, 0, 17, 255, 161, 74, 235, 10, 102, 0, 0, 241, 0, 0, 77, 0, 0, 50, 4, 253]
1542789526616;[171, 0, 17, 255, 161, 74, 235, 10, 102, 0, 0, 240, 0, 0, 75, 0, 0, 51, 4, 238]
1542789526619;[171, 0, 17, 255, 161, 74, 235, 10, 102, 0, 0, 241, 0, 0, 85, 0, 0, 24, 4, 189]
1542789526789;[171, 0, 17, 255, 161, 74, 235, 10, 102, 0, 0, 244, 0, 0, 82, 0, 0, 37, 4, 135]
1542789526792;[171, 0, 17, 255, 161, 74, 235, 10, 102, 0, 0, 239, 0, 0, 78, 0, 0, 43, 4, 202]
1542789527307;[171, 0, 17, 255, 161, 74, 235, 10, 102, 0, 0, 241, 0, 0, 81, 0, 0, 44, 5, 53]
1542789527311;[171, 0, 4, 255, 132, 128, 98]
1542789527337;[171, 0, 17, 255, 161, 74, 235, 10, 102, 0, 0, 235, 0, 0, 80, 0, 0, 54, 5, 73]
1542789527339;[171, 0, 17, 255, 161, 74, 235, 10, 102, 0, 0, 240, 0, 0, 84, 0, 0, 58, 5, 42]
1542789527479;[171, 0, 17, 255, 161, 74, 235, 10, 102, 0, 0, 240, 0, 0, 79, 0, 0, 47, 5, 15]
1542789527483;[171, 0, 17, 255, 161, 74, 235, 10, 102, 0, 0, 239, 0, 0, 80, 0, 0, 53, 4, 213]
1542789527487;[171, 0, 17, 255, 161, 74, 235, 10, 103, 0, 0, 238, 0, 0, 78, 0, 0, 50, 4, 247]
1542789527650;[171, 0, 17, 255, 161, 74, 235, 10, 103, 0, 0, 239, 0, 0, 80, 0, 0, 53, 5, 178]
1542789527822;[171, 0, 17, 255, 161, 74, 235, 10, 103, 0, 0, 241, 0, 0, 72, 0, 0, 53, 5, 232]
1542789527826;[171, 0, 17, 255, 161, 74, 235, 10, 103, 0, 0, 242, 0, 0, 80, 0, 0, 48, 5, 208]
1542789527995;[171, 0, 17, 255, 161, 74, 235, 10, 103, 0, 0, 238, 0, 0, 81, 0, 0, 56, 5, 160]
1542789527999;[171, 0, 17, 255, 161, 74, 235, 10, 103, 0, 0, 242, 0, 0, 74, 0, 0, 54, 5, 111]
1542789528167;[171, 0, 4, 255, 132, 128, 98]
1542789528340;[171, 0, 17, 255, 161, 74, 235, 10, 103, 0, 0, 208, 0, 0, 72, 0, 0, 53, 5, 99]
1542789528344;[171, 0, 17, 255, 161, 74, 235, 10, 103, 0, 0, 239, 0, 0, 86, 0, 0, 22, 6, 10]
1542789528686;[171, 0, 17, 255, 161, 74, 235, 10, 103, 0, 0, 248, 0, 0, 50, 1, 0, 7, 6, 16]
1542789528690;[171, 0, 17, 255, 161, 74, 235, 10, 103, 0, 0, 240, 0, 0, 74, 0, 0, 17, 5, 202]
1542789528694;[171, 0, 17, 255, 161, 74, 235, 10, 104, 0, 1, 90, 0, 0, 86, 0, 0, 15, 5, 168]
1542789528698;[171, 0, 17, 255, 161, 74, 235, 10, 104, 0, 1, 209, 0, 0, 156, 1, 0, 39, 5, 164]
1542789528858;[171, 0, 17, 255, 161, 74, 235, 10, 104, 0, 0, 66, 0, 0, 135, 1, 0, 106, 5, 157]
1542789529030;[171, 0, 17, 255, 161, 74, 235, 10, 104, 0, 0, 38, 0, 0, 198, 1, 0, 53, 6, 71]
1542789529034;[171, 0, 17, 255, 161, 74, 235, 10, 104, 0, 2, 143, 1, 1, 244, 1, 0, 30, 6, 170]
1542789529203;[171, 0, 17, 255, 161, 74, 235, 10, 104, 0, 1, 14, 1, 0, 56, 0, 0, 189, 7, 6]
1542789529207;[171, 0, 4, 255, 132, 128, 99]
1542789529375;[171, 0, 17, 255, 161, 74, 235, 10, 104, 0, 0, 181, 1, 0, 239, 0, 1, 1, 7, 144]
1542789529548;[171, 0, 17, 255, 161, 74, 235, 10, 104, 0, 0, 91, 1, 0, 206, 1, 0, 30, 8, 44]
1542789529552;[171, 0, 17, 255, 161, 74, 235, 10, 104, 0, 0, 54, 0, 1, 119, 0, 0, 155, 8, 243]
1542789529894;[171, 0, 17, 255, 161, 74, 235, 10, 104, 0, 0, 198, 0, 0, 78, 0, 1, 35, 8, 155]
1542789529898;[171, 0, 17, 255, 161, 74, 235, 10, 105, 0, 0, 53, 1, 0, 250, 0, 0, 12, 8, 228]
1542789529902;[171, 0, 17, 255, 161, 74, 235, 10, 105, 0, 0, 84, 1, 0, 220, 1, 0, 13, 9, 23]
1542789529906;[171, 0, 17, 255, 161, 74, 235, 10, 105, 0, 0, 99, 1, 0, 223, 0, 0, 5, 8, 218]
1542789530066;[171, 0, 17, 255, 161, 74, 235, 10, 105, 0, 0, 102, 1, 0, 169, 0, 0, 38, 8, 150]
1542789530238;[171, 0, 17, 255, 161, 74, 235, 10, 105, 0, 0, 135, 1, 0, 159, 0, 0, 136, 9, 62]
1542789530242;[171, 0, 17, 255, 161, 74, 235, 10, 105, 0, 0, 178, 1, 0, 241, 1, 0, 81, 9, 228]
1542789530411;[171, 0, 4, 255, 132, 128, 99]
1542789530437;[171, 0, 17, 255, 161, 74, 235, 10, 105, 0, 0, 140, 1, 0, 34, 1, 0, 3, 10, 10]
1542789530583;[171, 0, 17, 255, 161, 74, 235, 10, 105, 1, 0, 96, 1, 3, 33, 1, 0, 30, 13, 106]
1542789530587;[171, 0, 17, 255, 161, 74, 235, 10, 105, 0, 0, 23, 1, 1, 9, 0, 0, 29, 12, 60]
1542789530755;[171, 0, 17, 255, 161, 74, 235, 10, 105, 0, 0, 57, 1, 1, 2, 0, 0, 63, 11, 50]
1542789531274;[171, 0, 17, 255, 161, 74, 235, 10, 106, 0, 0, 0, 1, 1, 101, 0, 0, 8, 11, 228]
1542789531278;[171, 0, 17, 255, 161, 74, 235, 10, 106, 1, 0, 83, 0, 0, 145, 1, 0, 10, 12, 177]
1542789531281;[171, 0, 17, 255, 161, 74, 235, 10, 106, 0, 0, 249, 1, 5, 172, 1, 0, 46, 14, 33]
