1542783005248;[171, 0, 17, 255, 161, 74, 234, 237, 54, 1, 0, 5, 1, 0, 243, 1, 0, 26, 10, 9]
1542783005416;[171, 0, 17, 255, 161, 74, 234, 237, 55, 1, 0, 26, 1, 0, 236, 1, 0, 12, 10, 24]
1542783005420;[171, 0, 17, 255, 161, 74, 234, 237, 55, 1, 0, 68, 1, 0, 244, 1, 0, 14, 10, 63]
1542783005761;[171, 0, 4, 255, 132, 128, 93]
1542783005764;[171, 0, 17, 255, 161, 74, 234, 237, 55, 1, 0, 48, 1, 0, 233, 1, 0, 5, 10, 70]
1542783005768;[171, 0, 17, 255, 161, 74, 234, 237, 55, 1, 0, 60, 1, 0, 243, 0, 0, 18, 10, 100]
1542783007827;[171, 0, 17, 255, 161, 74, 234, 237, 55, 1, 0, 85, 1, 0, 233, 0, 0, 14, 10, 72]
1542783007829;[171, 0, 17, 255, 161, 74, 234, 237, 55, 1, 0, 74, 1, 0, 237, 0, 0, 7, 10, 24]
1542783007831;[171, 0, 17, 255, 161, 74, 234, 237, 55, 1, 0, 80, 1, 0, 235, 0, 0, 8, 9, 237]
1542783007833;[171, 0, 17, 255, 161, 74, 234, 237, 55, 1, 0, 77, 1, 0, 234, 0, 0, 9, 9, 199]
1542783007835;[171, 0, 17, 255, 161, 74, 234, 237, 55, 1, 0, 80, 1, 0, 236, 0, 0, 10, 9, 194]
1542783007836;[171, 0, 17, 255, 161, 74, 234, 237, 55, 1, 0, 81, 1, 0, 234, 0, 0, 12, 10, 7]
1542783007838;[171, 0, 17, 255, 161, 74, 234, 237, 56, 1, 0, 75, 1, 0, 236, 0, 0, 14, 10, 59]
1542783007840;[171, 0, 17, 255, 161, 74, 234, 237, 56, 1, 0, 78, 1, 0, 233, 0, 0, 18, 10, 103]
1542783007842;[171, 0, 4, 255, 132, 128, 92]
1542783007843;[171, 0, 17, 255, 161, 74, 234, 237, 56, 1, 0, 77, 1, 0, 235, 0, 0, 18, 10, 134]
1542783007845;[171, 0, 17, 255, 161, 74, 234, 237, 56, 1, 0, 77, 1, 0, 238, 0, 0, 14, 10, 163]
1542783007847;[171, 0, 17, 255, 161, 74, 234, 237, 56, 1, 0, 79, 1, 0, 234, 0, 0, 15, 10, 221]
1542783007848;[171, 0, 17, 255, 161, 74, 234, 237, 56, 1, 0, 80, 1, 0, 235, 0, 0, 14, 11, 41]
1542783007850;[171, 0, 17, 255, 161, 74, 234, 237, 56, 1, 0, 79, 1, 0, 236, 0, 0, 15, 11, 88]
1542783007852;[171, 0, 17, 255, 161, 74, 234, 237, 56, 1, 0, 80, 1, 0, 235, 0, 0, 17, 11, 118]
1542783007854;[171, 0, 17, 255, 161, 74, 234, 237, 56, 1, 0, 82, 1, 0, 235, 0, 0, 15, 11, 151]
1542783007855;[171, 0, 17, 255, 161, 74, 234, 237, 56, 1, 0, 76, 1, 0, 236, 0, 0, 15, 11, 179]
1542783007857;[171, 0, 17, 255, 161, 74, 234, 237, 57, 1, 0, 80, 1, 0, 234, 0, 0, 14, 11, 254]
1542783007859;[171, 0, 17, 255, 161, 74, 234, 237, 57, 1, 0, 79, 1, 0, 234, 0, 0, 16, 12, 71]
1542783007860;[171, 0, 4, 255, 132, 128, 92]
1542783007862;[171, 0, 17, 255, 161, 74, 234, 237, 57, 1, 0, 81, 1, 0, 232, 0, 0, 14, 12, 109]
1542783008351;[171, 0, 17, 255, 161, 74, 234, 237, 57, 1, 0, 81, 1, 0, 233, 0, 0, 14, 12, 143]
1542783008355;[171, 0, 17, 255, 161, 74, 234, 237, 57, 1, 0, 82, 1, 0, 234, 0, 0, 12, 12, 176]
1542783008359;[171, 0, 17, 255, 161, 74, 234, 237, 57, 1, 0, 79, 1, 0, 236, 0, 0, 13, 12, 195]
1542783008363;[171, 0, 17, 255, 161, 74, 234, 237, 57, 1, 0, 78, 1, 0, 237, 0, 0, 11, 13, 8]
1542783008522;[171, 0, 17, 255, 161, 74, 234, 237, 57, 1, 0, 78, 1, 0, 234, 0, 0, 12, 13, 64]
1542783008526;[171, 0, 17, 255, 161, 74, 234, 237, 57, 1, 0, 77, 1, 0, 233, 0, 0, 13, 13, 94]
1542783008530;[171, 0, 17, 255, 161, 74, 234, 237, 57, 1, 0, 78, 1, 0, 235, 0, 0, 13, 13, 129]
1542783008694;[171, 0, 17, 255, 161, 74, 234, 237, 58, 1, 0, 76, 1, 0, 234, 0, 0, 14, 13, 151]
1542783008697;[171, 0, 17, 255, 161, 74, 234, 237, 58, 1, 0, 79, 1, 0, 236, 0, 0, 12, 13, 173]
1542783008866;[171, 0, 4, 255, 132, 128, 93]
1542783009040;[171, 0, 17, 255, 161, 74, 234, 237, 58, 1, 0, 78, 1, 0, 235, 0, 0, 14, 13, 225]
1542783009044;[171, 0, 17, 255, 161, 74, 234, 237, 58, 1, 0, 80, 1, 0, 235, 0, 0, 15, 14, 20]
1542783009210;[171, 0, 17, 255, 161, 74, 234, 237, 58, 1, 0, 78, 1, 0, 235, 0, 0, 14, 14, 50]
1542783009213;[171, 0, 17, 255, 161, 74, 234, 237, 58, 1, 0, 78, 1, 0, 235, 0, 0, 14, 14, 72]
1542783009557;[171, 0, 17, 255, 161, 74, 234, 237, 58, 1, 0, 78, 1, 0, 237, 0, 0, 12, 14, 94]
1542783009561;[171, 0, 17, 255, 161, 74, 234, 237, 58, 1, 0, 78, 1, 0, 235, 0, 0, 13, 14, 104]
1542783009565;[171, 0, 17, 255, 161, 74, 234, 237, 58, 1, 0, 78, 1, 0, 236, 0, 0, 12, 14, 152]
1542783009728;[171, 0, 17, 255, 161, 74, 234, 237, 58, 1, 0, 77, 1, 0, 235, 0, 0, 12, 14, 198]
1542783009732;[171, 0, 17, 255, 161, 74, 234, 237, 59, 1, 0, 78, 1, 0, 236, 0, 0, 15, 14, 224]
1542783009901;[171, 0, 17, 255, 161, 74, 234, 237, 65, 1, 0, 73, 1, 0, 239, 1, 0, 6, 8, 47]
1542783010074;[171, 0, 17, 255, 161, 74, 234, 237, 65, 1, 0, 65, 1, 0, 243, 1, 0, 6, 7, 222]
1542783010246;[171, 0, 17, 255, 161, 74, 234, 237, 65, 1, 0, 119, 1, 1, 64, 0, 0, 35, 7, 116]
1542783010420;[171, 0, 17, 255, 161, 74, 234, 237, 65, 0, 0, 26, 1, 0, 173, 0, 0, 2, 6, 136]
1542783010424;[171, 0, 17, 255, 161, 74, 234, 237, 65, 1, 0, 94, 1, 0, 182, 1, 0, 43, 6, 16]
1542783010764;[171, 0, 17, 255, 161, 74, 234, 237, 65, 0, 0, 16, 1, 0, 237, 1, 0, 35, 6, 51]
1542783010768;[171, 0, 17, 255, 161, 74, 234, 237, 65, 1, 1, 39, 1, 1, 13, 1, 0, 35, 6, 116]
1542783010772;[171, 0, 17, 255, 161, 74, 234, 237, 65, 1, 0, 145, 1, 1, 69, 1, 0, 152, 6, 130]
1542783010937;[171, 0, 17, 255, 161, 74, 234, 237, 66, 1, 0, 4, 1, 0, 255, 1, 0, 32, 6, 196]
1542783010940;[171, 0, 17, 255, 161, 74, 234, 237, 66, 1, 0, 3, 1, 0, 243, 1, 0, 47, 7, 57]
1542783011109;[171, 0, 4, 255, 132, 128, 95]
1542783011113;[171, 0, 17, 255, 161, 74, 234, 237, 66, 0, 0, 14, 1, 0, 243, 1, 0, 52, 7, 98]
1542783011282;[171, 0, 17, 255, 161, 74, 234, 237, 66, 0, 0, 44, 1, 0, 224, 1, 0, 63, 7, 54]
1542783011285;[171, 0, 17, 255, 161, 74, 234, 237, 66, 0, 0, 50, 1, 0, 244, 1, 0, 233, 6, 247]
1542783011454;[171, 0, 17, 255, 161, 74, 234, 237, 66, 0, 0, 4, 1, 0, 222, 1, 0, 13, 7, 39]
1542783011626;[171, 0, 17, 255, 161, 74, 234, 237, 66, 0, 7, 98, 0, 0, 157, 1, 0, 111, 4, 203]
1542783011630;[171, 0, 17, 255, 161, 74, 234, 237, 66, 0, 0, 54, 1, 0, 209, 1, 0, 3, 4, 187]
1542783011799;[171, 0, 17, 255, 161, 74, 234, 237, 66, 1, 0, 22, 1, 1, 20, 1, 0, 16, 4, 218]
1542783011803;[171, 0, 17, 255, 161, 74, 234, 237, 66, 0, 0, 96, 1, 1, 227, 1, 0, 77, 6, 25]
1542783012144;[171, 0, 17, 255, 161, 74, 234, 237, 67, 0, 1, 208, 0, 0, 10, 1, 0, 55, 5, 216]
1542783012148;[171, 0, 17, 255, 161, 74, 234, 237, 67, 1, 0, 76, 1, 0, 19, 0, 0, 5, 3, 201]
1542783012152;[171, 0, 4, 255, 132, 128, 95]
1542783012490;[171, 0, 17, 255, 161, 74, 234, 237, 67, 0, 0, 25, 1, 1, 62, 1, 0, 15, 3, 201]
1542783012495;[171, 0, 17, 255, 161, 74, 234, 237, 67, 0, 0, 199, 1, 0, 169, 1, 0, 65, 3, 27]
1542783012498;[171, 0, 17, 255, 161, 74, 234, 237, 67, 1, 1, 83, 1, 1, 18, 0, 0, 29, 2, 205]
1542783012504;[171, 0, 17, 255, 161, 74, 234, 237, 67, 1, 0, 63, 1, 0, 129, 0, 0, 125, 2, 30]
1542783012661;[171, 0, 17, 255, 161, 74, 234, 237, 67, 1, 0, 15, 1, 0, 222, 0, 0, 31, 2, 5]
1542783012832;[171, 0, 17, 255, 161, 74, 234, 237, 67, 1, 0, 25, 1, 0, 249, 1, 0, 17, 2, 16]
1542783012836;[171, 0, 17, 255, 161, 74, 234, 237, 67, 1, 0, 23, 1, 0, 237, 1, 0, 20, 2, 16]
1542783013006;[171, 0, 17, 255, 161, 74, 234, 237, 67, 1, 0, 12, 1, 0, 246, 1, 0, 14, 2, 23]
1542783013010;[171, 0, 17, 255, 161, 74, 234, 237, 68, 1, 0, 22, 1, 0, 247, 1, 0, 20, 2, 31]
1542783013351;[171, 0, 17, 255, 161, 74, 234, 237, 68, 1, 0, 35, 1, 1, 174, 0, 0, 3, 2, 93]
1542783013355;[171, 0, 4, 255, 132, 128, 95]
1542783013359;[171, 0, 17, 255, 161, 74, 234, 237, 68, 0, 0, 130, 1, 0, 88, 0, 0, 11, 2, 241]
1542783013523;[171, 0, 17, 255, 161, 74, 234, 237, 68, 1, 0, 15, 1, 0, 118, 1, 0, 23, 2, 166]
1542783013696;[171, 0, 17, 255, 161, 74, 234, 237, 68, 1, 0, 13, 1, 1, 155, 1, 0, 106, 2, 170]
1542783013870;[171, 0, 17, 255, 161, 74, 234, 237, 68, 1, 0, 59, 1, 1, 71, 1, 0, 226, 2, 7]
1542783013874;[171, 0, 17, 255, 161, 74, 234, 237, 68, 0, 0, 188, 1, 0, 215, 1, 0, 32, 1, 252]
1542783013877;[171, 0, 17, 255, 161, 74, 234, 237, 68, 1, 1, 199, 1, 1, 235, 0, 0, 124, 1, 181]
1542783014040;[171, 0, 17, 255, 161, 74, 234, 237, 68, 1, 0, 35, 1, 0, 55, 0, 0, 103, 1, 68]
1542783014044;[171, 0, 17, 255, 161, 74, 234, 237, 68, 1, 0, 48, 1, 0, 205, 0, 0, 28, 0, 232]
1542783014214;[171, 0, 17, 255, 161, 74, 234, 237, 69, 1, 0, 56, 1, 0, 218, 1, 0, 26, 16, 177]
1542783014217;[171, 0, 17, 255, 161, 74, 234, 237, 69, 1, 0, 62, 1, 0, 244, 1, 0, 161, 6, 236]
1542783014732;[171, 0, 4, 255, 132, 128, 94]
1542783014736;[171, 0, 17, 255, 161, 74, 234, 237, 69, 1, 0, 12, 1, 1, 24, 1, 0, 29, 6, 222]
1542783014740;[171, 0, 17, 255, 161, 74, 234, 237, 69, 1, 0, 113, 1, 2, 12, 1, 0, 33, 7, 117]
1542783014744;[171, 0, 17, 255, 161, 74, 234, 237, 69, 0, 1, 27, 1, 0, 75, 1, 0, 19, 7, 112]
1542783014905;[171, 0, 17, 255, 161, 74, 234, 237, 69, 1, 0, 15, 1, 0, 74, 1, 0, 12, 7, 183]
1542783014909;[171, 0, 17, 255, 161, 74, 234, 237, 69, 0, 2, 102, 1, 1, 137, 1, 0, 49, 7, 178]
1542783014912;[171, 0, 17, 255, 161, 74, 234, 237, 69, 0, 0, 25, 1, 0, 221, 0, 0, 98, 7, 217]
1542783015073;[171, 0, 17, 255, 161, 74, 234, 237, 69, 1, 0, 27, 1, 0, 250, 0, 0, 15, 8, 31]
1542783015248;[171, 0, 17, 255, 161, 74, 234, 237, 69, 1, 0, 33, 1, 0, 240, 1, 0, 9, 8, 85]
1542783015251;[171, 0, 17, 255, 161, 74, 234, 237, 70, 1, 0, 11, 1, 0, 239, 1, 0, 13, 8, 130]
1542783015421;[171, 0, 17, 255, 161, 74, 234, 237, 70, 1, 0, 8, 1, 0, 246, 0, 0, 11, 8, 234]
1542783015425;[171, 0, 4, 255, 132, 128, 95]
1542783015593;[171, 0, 17, 255, 161, 74, 234, 237, 70, 1, 0, 25, 1, 0, 249, 0, 0, 6, 9, 61]
1542783015597;[171, 0, 17, 255, 161, 74, 234, 237, 70, 1, 0, 27, 1, 1, 10, 0, 0, 11, 9, 167]
1542783015939;[171, 0, 17, 255, 161, 74, 234, 237, 70, 1, 0, 68, 1, 0, 254, 1, 0, 92, 9, 98]
1542783015943;[171, 0, 17, 255, 161, 74, 234, 237, 70, 0, 0, 18, 1, 0, 192, 1, 0, 57, 9, 23]
1542783015947;[171, 0, 17, 255, 161, 74, 234, 237, 70, 0, 0, 29, 1, 1, 0, 1, 0, 100, 9, 17]
1542783016286;[171, 0, 17, 255, 161, 74, 234, 237, 70, 0, 0, 85, 1, 0, 182, 1, 0, 93, 8, 129]
1542783016290;[171, 0, 17, 255, 161, 74, 234, 237, 70, 0, 0, 38, 1, 0, 144, 1, 0, 109, 8, 61]
1542783016293;[171, 0, 17, 255, 161, 74, 234, 237, 70, 0, 0, 67, 1, 1, 248, 0, 0, 24, 8, 92]
1542783016297;[171, 0, 17, 255, 161, 74, 234, 237, 71, 0, 0, 18, 1, 1, 8, 1, 0, 125, 7, 221]
1542783016456;[171, 0, 17, 255, 161, 74, 234, 237, 71, 0, 0, 21, 1, 1, 22, 1, 0, 62, 7, 106]
1542783016630;[171, 0, 4, 255, 132, 128, 95]
1542783016634;[171, 0, 17, 255, 161, 74, 234, 237, 71, 1, 0, 8, 1, 0, 246, 1, 0, 89, 6, 138]
1542783016802;[171, 0, 17, 255, 161, 74, 234, 237, 71, 0, 0, 14, 1, 0, 255, 1, 0, 21, 6, 97]
1542783016806;[171, 0, 17, 255, 161, 74, 234, 237, 71, 1, 0, 24, 1, 1, 60, 1, 0, 27, 6, 126]
1542783017146;[171, 0, 17, 255, 161, 74, 234, 237, 71, 0, 0, 145, 1, 0, 218, 1, 0, 54, 6, 208]
1542783017150;[171, 0, 17, 255, 161, 74, 234, 237, 71, 1, 0, 9, 1, 0, 70, 1, 0, 61, 6, 195]
1542783017154;[171, 0, 17, 255, 161, 74, 234, 237, 71, 0, 0, 57, 1, 1, 106, 0, 0, 40, 6, 227]
1542783017491;[171, 0, 17, 255, 161, 74, 234, 237, 71, 0, 1, 134, 1, 0, 187, 1, 0, 129, 6, 202]
1542783017664;[171, 0, 17, 255, 161, 74, 234, 237, 71, 1, 0, 71, 1, 1, 2, 1, 1, 48, 6, 101]
1542783017668;[171, 0, 17, 255, 161, 74, 234, 237, 72, 1, 0, 49, 1, 0, 228, 1, 0, 18, 6, 52]
1542783017672;[171, 0, 17, 255, 161, 74, 234, 237, 72, 1, 0, 23, 1, 0, 239, 1, 0, 39, 6, 58]
1542783017675;[171, 0, 4, 255, 132, 128, 96]
1542783017836;[171, 0, 17, 255, 161, 74, 234, 237, 72, 1, 0, 9, 1, 0, 233, 1, 0, 34, 6, 45]
1542783017840;[171, 0, 17, 255, 161, 74, 234, 237, 72, 1, 0, 8, 1, 0, 242, 1, 0, 50, 6, 48]
1542783018008;[171, 0, 17, 255, 161, 74, 234, 237, 72, 0, 0, 39, 1, 0, 240, 1, 0, 44, 6, 101]
1542783018012;[171, 0, 17, 255, 161, 74, 234, 237, 72, 0, 0, 14, 1, 1, 48, 1, 0, 28, 6, 192]
1542783018181;[171, 0, 17, 255, 161, 74, 234, 237, 72, 0, 0, 81, 1, 1, 88, 0, 0, 6, 6, 146]
1542783018185;[171, 0, 17, 255, 161, 74, 234, 237, 72, 0, 0, 3, 1, 0, 123, 1, 0, 38, 5, 220]
1542783018526;[171, 0, 17, 255, 161, 74, 234, 237, 72, 0, 0, 15, 1, 0, 186, 0, 0, 8, 5, 154]
1542783018530;[171, 0, 17, 255, 161, 74, 234, 237, 72, 1, 0, 37, 1, 2, 27, 1, 0, 59, 5, 121]
1542783018535;[171, 0, 17, 255, 161, 74, 234, 237, 73, 0, 0, 66, 1, 0, 161, 0, 0, 32, 4, 211]
1542783018699;[171, 0, 17, 255, 161, 74, 234, 237, 73, 1, 0, 83, 1, 0, 233, 1, 0, 102, 5, 17]
1542783018871;[171, 0, 4, 255, 132, 128, 96]
1542783018876;[171, 0, 17, 255, 161, 74, 234, 237, 73, 1, 0, 46, 1, 0, 176, 1, 0, 4, 4, 161]
1542783019044;[171, 0, 17, 255, 161, 74, 234, 237, 73, 0, 0, 32, 1, 0, 243, 1, 0, 43, 4, 88]
1542783019047;[171, 0, 17, 255, 161, 74, 234, 237, 73, 0, 0, 20, 1, 0, 239, 1, 0, 23, 4, 43]
1542783019217;[171, 0, 17, 255, 161, 74, 234, 237, 73, 0, 0, 21, 1, 0, 247, 1, 0, 48, 4, 14]
1542783019220;[171, 0, 17, 255, 161, 74, 234, 237, 73, 1, 0, 2, 1, 1, 23, 1, 0, 24, 4, 31]
1542783019389;[171, 0, 17, 255, 161, 74, 234, 237, 73, 0, 0, 70, 1, 0, 233, 1, 0, 15, 4, 156]
1542783019392;[171, 0, 17, 255, 161, 74, 234, 237, 73, 1, 0, 56, 1, 0, 84, 1, 0, 14, 4, 193]
1542783019734;[171, 0, 17, 255, 161, 74, 234, 237, 73, 0, 0, 25, 1, 1, 115, 1, 0, 33, 4, 227]
1542783019907;[171, 0, 17, 255, 161, 74, 234, 237, 74, 1, 0, 27, 1, 1, 52, 0, 0, 97, 4, 192]
1542783019911;[171, 0, 17, 255, 161, 74, 234, 237, 74, 0, 0, 13, 1, 0, 228, 1, 0, 10, 4, 216]
1542783019915;[171, 0, 4, 255, 132, 128, 97]
1542783019919;[171, 0, 17, 255, 161, 74, 234, 237, 74, 0, 0, 35, 1, 0, 243, 1, 0, 13, 5, 14]
1542783020079;[171, 0, 17, 255, 161, 74, 234, 237, 74, 0, 0, 19, 1, 1, 4, 1, 0, 9, 5, 79]
1542783020248;[171, 0, 17, 255, 161, 74, 234, 237, 74, 0, 0, 42, 1, 0, 243, 1, 0, 18, 5, 123]
1542783020251;[171, 0, 17, 255, 161, 74, 234, 237, 74, 0, 0, 3, 1, 1, 48, 1, 0, 15, 5, 159]
1542783020424;[171, 0, 17, 255, 161, 74, 234, 237, 74, 0, 0, 151, 1, 0, 133, 0, 0, 15, 5, 103]
1542783020428;[171, 0, 17, 255, 161, 74, 234, 237, 74, 0, 0, 170, 1, 1, 29, 1, 0, 17, 5, 161]
1542783020596;[171, 0, 17, 255, 161, 74, 234, 237, 74, 0, 0, 168, 1, 0, 229, 0, 0, 54, 5, 206]
1542783020600;[171, 0, 17, 255, 161, 74, 234, 237, 74, 0, 0, 20, 0, 0, 19, 0, 0, 36, 5, 97]
1542783020769;[171, 0, 17, 255, 161, 74, 234, 237, 75, 0, 0, 38, 1, 1, 74, 1, 1, 102, 5, 122]
1542783021115;[171, 0, 17, 255, 161, 74, 234, 237, 75, 0, 0, 34, 1, 0, 197, 0, 0, 43, 5, 115]
1542783021119;[171, 0, 4, 255, 132, 128, 97]
1542783021123;[171, 0, 17, 255, 161, 74, 234, 237, 75, 1, 0, 59, 1, 0, 236, 1, 0, 8, 4, 238]
1542783021127;[171, 0, 17, 255, 161, 74, 234, 237, 75, 1, 0, 62, 1, 0, 238, 1, 0, 31, 4, 161]
1542783021286;[171, 0, 17, 255, 161, 74, 234, 237, 75, 1, 0, 70, 1, 0, 243, 1, 0, 13, 4, 45]
1542783021290;[171, 0, 17, 255, 161, 74, 234, 237, 75, 1, 0, 71, 1, 0, 236, 0, 0, 22, 3, 177]
1542783021459;[171, 0, 17, 255, 161, 74, 234, 237, 75, 0, 0, 34, 1, 0, 250, 1, 0, 134, 3, 183]
1542783021691;[171, 0, 17, 255, 161, 74, 234, 237, 75, 1, 0, 9, 1, 0, 207, 1, 0, 93, 3, 141]
1542783021693;[171, 0, 17, 255, 161, 74, 234, 237, 75, 0, 0, 214, 1, 2, 106, 0, 0, 158, 3, 205]
1542783021804;[171, 0, 17, 255, 161, 74, 234, 237, 75, 0, 0, 0, 1, 0, 255, 0, 0, 5, 3, 165]
1542783021808;[171, 0, 17, 255, 161, 74, 234, 237, 76, 0, 0, 82, 1, 0, 234, 1, 0, 17, 4, 66]
1542783021976;[171, 0, 17, 255, 161, 74, 234, 237, 76, 0, 0, 109, 1, 0, 199, 1, 0, 26, 5, 150]
1542783022323;[171, 0, 4, 255, 132, 128, 96]
1542783022327;[171, 0, 17, 255, 161, 74, 234, 237, 76, 0, 0, 123, 1, 0, 232, 1, 0, 12, 6, 57]
1542783022331;[171, 0, 17, 255, 161, 74, 234, 237, 76, 0, 0, 123, 1, 0, 108, 0, 0, 26, 6, 43]
1542783022335;[171, 0, 17, 255, 161, 74, 234, 237, 76, 0, 1, 40, 1, 0, 60, 0, 0, 15, 3, 232]
1542783022494;[171, 0, 17, 255, 161, 74, 234, 237, 76, 0, 0, 233, 1, 0, 71, 1, 0, 5, 16, 169]
1542783022497;[171, 0, 17, 255, 161, 74, 234, 237, 76, 0, 0, 204, 1, 0, 141, 0, 0, 2, 7, 208]
1542783022666;[171, 0, 17, 255, 161, 74, 234, 237, 76, 0, 0, 229, 1, 0, 94, 0, 0, 15, 7, 83]
1542783022839;[171, 0, 17, 255, 161, 74, 234, 237, 76, 0, 0, 227, 1, 0, 110, 0, 0, 12, 7, 29]
1542783022843;[171, 0, 17, 255, 161, 74, 234, 237, 76, 0, 0, 228, 1, 0, 87, 0, 0, 24, 6, 184]
1542783023011;[171, 0, 17, 255, 161, 74, 234, 237, 77, 0, 0, 230, 1, 0, 66, 0, 0, 32, 5, 223]
1542783023015;[171, 0, 17, 255, 161, 74, 234, 237, 77, 0, 0, 253, 1, 0, 29, 0, 0, 38, 4, 113]
1542783023183;[171, 0, 4, 255, 132, 128, 95]
1542783023187;[171, 0, 17, 255, 161, 74, 234, 237, 77, 0, 0, 245, 1, 0, 17, 0, 0, 49, 3, 8]
1542783023703;[171, 0, 17, 255, 161, 74, 234, 237, 77, 0, 0, 233, 0, 0, 3, 0, 0, 77, 2, 5]
1542783023707;[171, 0, 17, 255, 161, 74, 234, 237, 77, 0, 0, 238, 0, 0, 25, 0, 0, 88, 1, 68]
1542783023711;[171, 0, 17, 255, 161, 74, 234, 237, 77, 0, 0, 219, 0, 0, 40, 0, 0, 121, 16, 130]
1542783023715;[171, 0, 17, 255, 161, 74, 234, 237, 77, 0, 0, 245, 0, 0, 40, 0, 0, 93, 7, 10]
1542783023873;[171, 0, 17, 255, 161, 74, 234, 237, 77, 0, 0, 228, 0, 0, 43, 0, 0, 78, 6, 166]
1542783023878;[171, 0, 17, 255, 161, 74, 234, 237, 77, 0, 0, 249, 0, 0, 55, 0, 0, 131, 6, 157]
1542783024047;[171, 0, 17, 255, 161, 74, 234, 237, 77, 0, 0, 248, 0, 0, 55, 0, 0, 48, 6, 193]
1542783024050;[171, 0, 17, 255, 161, 74, 234, 237, 78, 0, 0, 242, 0, 0, 71, 0, 0, 18, 6, 184]
1542783024219;[171, 0, 17, 255, 161, 74, 234, 237, 78, 0, 0, 239, 0, 0, 70, 0, 0, 31, 6, 178]
1542783024222;[171, 0, 4, 255, 132, 128, 96]
1542783024391;[171, 0, 17, 255, 161, 74, 234, 237, 78, 0, 1, 10, 0, 0, 72, 0, 0, 14, 6, 187]
1542783024395;[171, 0, 17, 255, 161, 74, 234, 237, 78, 0, 0, 247, 0, 0, 53, 0, 0, 35, 6, 187]
1542783024563;[171, 0, 17, 255, 161, 74, 234, 237, 78, 0, 0, 250, 0, 0, 52, 0, 0, 35, 6, 186]
1542783024911;[171, 0, 17, 255, 161, 74, 234, 237, 78, 0, 0, 253, 0, 0, 57, 0, 0, 26, 6, 163]
1542783024915;[171, 0, 17, 255, 161, 74, 234, 237, 78, 0, 0, 241, 0, 0, 41, 0, 0, 28, 6, 127]
1542783024918;[171, 0, 17, 255, 161, 74, 234, 237, 78, 0, 0, 238, 1, 0, 44, 1, 0, 11, 5, 190]
1542783024922;[171, 0, 17, 255, 161, 74, 234, 237, 78, 0, 0, 236, 0, 0, 75, 1, 0, 3, 5, 212]
1542783025081;[171, 0, 17, 255, 161, 74, 234, 237, 78, 0, 0, 232, 1, 0, 16, 1, 0, 38, 5, 148]
1542783025085;[171, 0, 17, 255, 161, 74, 234, 237, 79, 0, 1, 57, 0, 0, 45, 1, 0, 35, 4, 231]
1542783025254;[171, 0, 17, 255, 161, 74, 234, 237, 79, 0, 0, 251, 1, 0, 2, 0, 0, 7, 4, 111]
1542783025426;[171, 0, 4, 255, 132, 128, 96]
1542783025431;[171, 0, 17, 255, 161, 74, 234, 237, 79, 0, 0, 252, 1, 0, 1, 1, 0, 7, 4, 111]
1542783025597;[171, 0, 17, 255, 161, 74, 234, 237, 79, 0, 0, 251, 1, 0, 2, 1, 0, 22, 4, 128]
1542783025770;[171, 0, 17, 255, 161, 74, 234, 237, 79, 0, 0, 248, 1, 0, 3, 1, 0, 29, 4, 142]
1542783025773;[171, 0, 17, 255, 161, 74, 234, 237, 79, 0, 0, 250, 1, 0, 8, 1, 0, 29, 4, 153]
1542783026118;[171, 0, 17, 255, 161, 74, 234, 237, 79, 0, 0, 249, 0, 0, 4, 1, 0, 40, 4, 178]
1542783026122;[171, 0, 17, 255, 161, 74, 234, 237, 79, 0, 0, 248, 0, 0, 5, 1, 0, 37, 4, 199]
1542783026126;[171, 0, 17, 255, 161, 74, 234, 237, 79, 0, 0, 245, 1, 0, 1, 1, 0, 57, 4, 255]
1542783026130;[171, 0, 17, 255, 161, 74, 234, 237, 79, 0, 0, 254, 0, 0, 6, 1, 0, 30, 5, 12]
1542783026289;[171, 0, 17, 255, 161, 74, 234, 237, 80, 0, 0, 250, 0, 0, 2, 1, 0, 35, 5, 39]
1542783026292;[171, 0, 17, 255, 161, 74, 234, 237, 80, 0, 0, 250, 0, 0, 3, 1, 0, 34, 5, 60]
1542783026461;[171, 0, 4, 255, 132, 128, 97]
1542783026634;[171, 0, 17, 255, 161, 74, 234, 237, 80, 0, 0, 250, 0, 0, 3, 1, 0, 35, 5, 78]
1542783026638;[171, 0, 17, 255, 161, 74, 234, 237, 80, 0, 0, 249, 0, 0, 4, 1, 0, 36, 5, 68]
1542783026806;[171, 0, 17, 255, 161, 74, 234, 237, 80, 0, 0, 248, 0, 0, 3, 1, 0, 40, 5, 32]
1542783026810;[171, 0, 17, 255, 161, 74, 234, 237, 80, 0, 0, 250, 0, 0, 3, 1, 0, 43, 4, 248]
1542783026978;[171, 0, 17, 255, 161, 74, 234, 237, 80, 0, 0, 247, 0, 0, 1, 1, 0, 39, 4, 218]
1542783027151;[171, 0, 17, 255, 161, 74, 234, 237, 80, 0, 0, 248, 0, 0, 4, 1, 0, 39, 4, 198]
1542783027155;[171, 0, 17, 255, 161, 74, 234, 237, 80, 0, 0, 250, 0, 0, 2, 1, 0, 38, 4, 193]
1542783027497;[171, 0, 17, 255, 161, 74, 234, 237, 80, 0, 0, 249, 0, 0, 2, 1, 0, 37, 4, 185]
1542783027502;[171, 0, 17, 255, 161, 74, 234, 237, 81, 0, 0, 249, 0, 0, 2, 1, 0, 38, 4, 160]
1542783027505;[171, 0, 17, 255, 161, 74, 234, 237, 81, 0, 0, 248, 0, 0, 0, 1, 0, 38, 4, 148]
1542783027509;[171, 0, 4, 255, 132, 128, 98]
1542783027668;[171, 0, 17, 255, 161, 74, 234, 237, 81, 0, 0, 250, 0, 0, 3, 1, 0, 39, 4, 138]
1542783027841;[171, 0, 17, 255, 161, 74, 234, 237, 81, 0, 0, 249, 0, 0, 3, 1, 0, 39, 4, 124]
1542783027845;[171, 0, 17, 255, 161, 74, 234, 237, 81, 0, 0, 247, 0, 0, 2, 1, 0, 41, 4, 114]
1542783028014;[171, 0, 17, 255, 161, 74, 234, 237, 81, 0, 0, 251, 0, 0, 3, 1, 0, 40, 4, 100]
1542783028018;[171, 0, 17, 255, 161, 74, 234, 237, 81, 0, 0, 247, 0, 0, 3, 1, 0, 41, 4, 98]
1542783028186;[171, 0, 17, 255, 161, 74, 234, 237, 81, 0, 0, 250, 0, 0, 4, 1, 0, 42, 4, 85]
1542783028190;[171, 0, 17, 255, 161, 74, 234, 237, 81, 0, 0, 249, 0, 0, 2, 1, 0, 40, 4, 64]
1542783028359;[171, 0, 17, 255, 161, 74, 234, 237, 81, 0, 0, 249, 0, 0, 2, 1, 0, 42, 4, 48]
1542783028706;[171, 0, 17, 255, 161, 74, 234, 237, 82, 0, 0, 248, 0, 0, 3, 1, 0, 41, 4, 24]
1542783028710;[171, 0, 17, 255, 161, 74, 234, 237, 82, 0, 0, 248, 0, 0, 3, 1, 0, 43, 4, 18]
1542783028714;[171, 0, 4, 255, 132, 128, 98]
1542783028718;[171, 0, 17, 255, 161, 74, 234, 237, 82, 0, 0, 248, 0, 0, 0, 1, 0, 43, 4, 9]
1542783028876;[171, 0, 17, 255, 161, 74, 234, 237, 82, 0, 0, 249, 0, 0, 4, 1, 0, 41, 3, 245]
1542783029050;[171, 0, 17, 255, 161, 74, 234, 237, 82, 0, 0, 245, 0, 0, 4, 1, 0, 43, 3, 216]
1542783029053;[171, 0, 17, 255, 161, 74, 234, 237, 82, 0, 0, 247, 0, 0, 3, 1, 0, 46, 3, 196]
1542783029222;[171, 0, 17, 255, 161, 74, 234, 237, 82, 0, 0, 247, 0, 0, 1, 1, 0, 44, 3, 183]
1542783029225;[171, 0, 17, 255, 161, 74, 234, 237, 82, 0, 0, 245, 0, 0, 3, 1, 0, 45, 3, 167]
1542783029394;[171, 0, 17, 255, 161, 74, 234, 237, 82, 0, 0, 247, 0, 0, 2, 1, 0, 44, 3, 158]
1542783029398;[171, 0, 17, 255, 161, 74, 234, 237, 82, 0, 0, 250, 0, 0, 3, 1, 0, 45, 3, 139]
1542783029566;[171, 0, 17, 255, 161, 74, 234, 237, 83, 0, 0, 247, 0, 0, 2, 1, 0, 45, 3, 136]
1542783029739;[171, 0, 17, 255, 161, 74, 234, 237, 83, 0, 0, 250, 0, 0, 1, 1, 0, 43, 3, 123]
1542783029742;[171, 0, 4, 255, 132, 128, 98]
1542783030086;[171, 0, 17, 255, 161, 74, 234, 237, 83, 0, 0, 247, 0, 0, 3, 1, 0, 46, 3, 103]
1542783030090;[171, 0, 17, 255, 161, 74, 234, 237, 83, 0, 0, 247, 0, 0, 0, 1, 0, 45, 3, 90]
1542783030094;[171, 0, 17, 255, 161, 74, 234, 237, 83, 0, 0, 245, 0, 0, 2, 1, 0, 48, 3, 67]
1542783030098;[171, 0, 17, 255, 161, 74, 234, 237, 83, 0, 0, 249, 0, 0, 3, 1, 0, 48, 3, 57]
1542783030256;[171, 0, 17, 255, 161, 74, 234, 237, 83, 0, 0, 246, 0, 0, 2, 1, 0, 49, 3, 42]
1542783030430;[171, 0, 17, 255, 161, 74, 234, 237, 83, 0, 0, 246, 0, 0, 0, 1, 0, 50, 3, 23]
1542783030433;[171, 0, 17, 255, 161, 74, 234, 237, 83, 0, 0, 251, 0, 0, 2, 1, 0, 50, 3, 8]
1542783030602;[171, 0, 17, 255, 161, 74, 234, 237, 83, 0, 0, 247, 0, 0, 2, 1, 0, 54, 3, 9]
1542783030605;[171, 0, 17, 255, 161, 74, 234, 237, 84, 0, 0, 247, 0, 0, 3, 1, 0, 52, 2, 237]
1542783030776;[171, 0, 17, 255, 161, 74, 234, 237, 84, 0, 0, 248, 0, 0, 2, 1, 0, 52, 2, 232]
1542783030944;[171, 0, 4, 255, 132, 128, 97]
1542783030948;[171, 0, 17, 255, 161, 74, 234, 237, 84, 0, 0, 244, 0, 0, 2, 1, 0, 55, 2, 237]
1542783031293;[171, 0, 17, 255, 161, 74, 234, 237, 84, 0, 0, 245, 0, 0, 0, 1, 0, 56, 2, 243]
1542783031297;[171, 0, 17, 255, 161, 74, 234, 237, 84, 0, 0, 247, 0, 0, 0, 1, 0, 60, 2, 247]
1542783031301;[171, 0, 17, 255, 161, 74, 234, 237, 84, 0, 0, 243, 0, 0, 2, 1, 0, 60, 2, 223]
1542783031305;[171, 0, 17, 255, 161, 74, 234, 237, 84, 0, 0, 247, 0, 0, 1, 1, 0, 59, 2, 193]
1542783031463;[171, 0, 17, 255, 161, 74, 234, 237, 84, 0, 0, 245, 0, 0, 1, 1, 0, 57, 2, 172]
1542783031636;[171, 0, 17, 255, 161, 74, 234, 237, 84, 0, 0, 249, 0, 0, 0, 1, 0, 58, 2, 156]
1542783031640;[171, 0, 17, 255, 161, 74, 234, 237, 84, 0, 0, 245, 0, 0, 0, 1, 0, 59, 2, 141]
1542783031809;[171, 0, 17, 255, 161, 74, 234, 237, 85, 0, 0, 246, 1, 0, 1, 1, 0, 59, 2, 142]
1542783031981;[171, 0, 17, 255, 161, 74, 234, 237, 87, 0, 0, 254, 0, 0, 11, 1, 0, 46, 1, 118]
1542783031985;[171, 0, 17, 255, 161, 74, 234, 237, 87, 0, 1, 11, 0, 0, 50, 1, 0, 12, 1, 157]
1542783032153;[171, 0, 17, 255, 161, 74, 234, 237, 87, 0, 1, 57, 0, 0, 41, 0, 0, 19, 1, 214]
1542783032672;[171, 0, 17, 255, 161, 74, 234, 237, 87, 0, 1, 33, 0, 0, 39, 1, 0, 34, 1, 246]
1542783032676;[171, 0, 17, 255, 161, 74, 234, 237, 87, 0, 0, 139, 0, 0, 40, 0, 0, 42, 2, 38]
1542783032680;[171, 0, 17, 255, 161, 74, 234, 237, 87, 0, 0, 176, 0, 0, 58, 0, 0, 21, 2, 155]
1542783032684;[171, 0, 17, 255, 161, 74, 234, 237, 87, 0, 0, 29, 0, 0, 125, 1, 0, 112, 2, 234]
1542783032844;[171, 0, 17, 255, 161, 74, 234, 237, 87, 1, 0, 6, 0, 0, 148, 0, 0, 27, 3, 147]
1542783032848;[171, 0, 17, 255, 161, 74, 234, 237, 88, 0, 1, 14, 0, 0, 52, 0, 0, 3, 3, 252]
1542783033017;[171, 0, 17, 255, 161, 74, 234, 237, 88, 0, 0, 243, 0, 0, 60, 0, 0, 13, 4, 148]
1542783033020;[171, 0, 4, 255, 132, 128, 97]
1542783033189;[171, 0, 17, 255, 161, 74, 234, 237, 88, 0, 0, 251, 0, 0, 94, 1, 0, 62, 5, 15]
1542783033193;[171, 0, 17, 255, 161, 74, 234, 237, 88, 0, 0, 242, 0, 0, 72, 0, 0, 91, 5, 141]
1542783033362;[171, 0, 17, 255, 161, 74, 234, 237, 88, 0, 1, 4, 0, 0, 69, 0, 0, 19, 6, 0]
1542783033534;[171, 0, 17, 255, 161, 74, 234, 237, 88, 0, 0, 249, 0, 0, 63, 0, 0, 50, 6, 115]
1542783033538;[171, 0, 17, 255, 161, 74, 234, 237, 88, 0, 0, 249, 0, 0, 73, 0, 0, 44, 7, 7]
1542783033881;[171, 0, 17, 255, 161, 74, 234, 237, 88, 0, 0, 237, 0, 0, 82, 1, 0, 5, 7, 168]
1542783033885;[171, 0, 17, 255, 161, 74, 234, 237, 88, 0, 0, 253, 0, 0, 58, 0, 0, 32, 8, 60]
1542783033889;[171, 0, 17, 255, 161, 74, 234, 237, 88, 0, 0, 246, 0, 0, 78, 0, 0, 38, 8, 202]
1542783033893;[171, 0, 17, 255, 161, 74, 234, 237, 89, 0, 0, 196, 0, 0, 51, 0, 0, 3, 8, 202]
1542783034051;[171, 0, 17, 255, 161, 74, 234, 237, 89, 0, 0, 254, 0, 0, 64, 0, 0, 5, 9, 93]
1542783034223;[171, 0, 4, 255, 132, 128, 93]
1542783034227;[171, 0, 17, 255, 161, 74, 234, 237, 89, 0, 0, 236, 0, 0, 25, 0, 0, 77, 9, 218]
1542783034397;[171, 0, 17, 255, 161, 74, 234, 237, 89, 0, 0, 236, 0, 0, 56, 0, 0, 82, 10, 120]
1542783034401;[171, 0, 17, 255, 161, 74, 234, 237, 89, 0, 0, 236, 0, 0, 49, 0, 0, 106, 11, 43]
1542783034568;[171, 0, 17, 255, 161, 74, 234, 237, 89, 0, 0, 227, 0, 0, 43, 0, 0, 111, 11, 201]
1542783034741;[171, 0, 17, 255, 161, 74, 234, 237, 89, 0, 0, 225, 0, 0, 38, 0, 0, 119, 12, 80]
1542783034744;[171, 0, 17, 255, 161, 74, 234, 237, 89, 0, 0, 227, 0, 0, 44, 0, 0, 114, 12, 234]
1542783035088;[171, 0, 17, 255, 161, 74, 234, 237, 89, 0, 0, 226, 0, 0, 40, 0, 0, 111, 13, 175]
1542783035091;[171, 0, 17, 255, 161, 74, 234, 237, 89, 0, 0, 237, 0, 0, 43, 0, 0, 111, 14, 99]
1542783035095;[171, 0, 17, 255, 161, 74, 234, 237, 90, 0, 0, 240, 0, 0, 40, 0, 0, 125, 14, 243]
1542783035100;[171, 0, 17, 255, 161, 74, 234, 237, 90, 0, 0, 213, 0, 0, 40, 0, 0, 123, 31, 107]
1542783035260;[171, 0, 4, 255, 132, 128, 93]
1542783035432;[171, 0, 17, 255, 161, 74, 234, 237, 90, 0, 0, 224, 0, 0, 40, 0, 0, 123, 8, 71]
1542783035435;[171, 0, 17, 255, 161, 74, 234, 237, 90, 0, 0, 225, 0, 0, 40, 0, 0, 119, 8, 211]
1542783035604;[171, 0, 17, 255, 161, 74, 234, 237, 90, 0, 0, 233, 0, 0, 44, 0, 0, 118, 9, 140]
1542783035607;[171, 0, 17, 255, 161, 74, 234, 237, 90, 0, 0, 225, 0, 0, 37, 0, 0, 118, 10, 26]
1542783035777;[171, 0, 17, 255, 161, 74, 234, 237, 90, 0, 0, 225, 0, 0, 40, 0, 0, 114, 10, 123]
1542783035949;[171, 0, 17, 255, 161, 74, 234, 237, 90, 0, 0, 225, 0, 0, 36, 0, 0, 119, 10, 213]
1542783035953;[171, 0, 17, 255, 161, 74, 234, 237, 90, 0, 0, 227, 0, 0, 39, 0, 0, 113, 11, 24]
1542783036122;[171, 0, 17, 255, 161, 74, 234, 237, 90, 0, 0, 225, 0, 0, 38, 0, 0, 113, 11, 164]
1542783036126;[171, 0, 17, 255, 161, 74, 234, 237, 91, 0, 0, 226, 0, 0, 39, 0, 0, 114, 12, 49]
1542783036467;[171, 0, 17, 255, 161, 74, 234, 237, 91, 0, 0, 225, 0, 0, 39, 0, 0, 114, 12, 135]
1542783036470;[171, 0, 4, 255, 132, 128, 94]
1542783036474;[171, 0, 17, 255, 161, 74, 234, 237, 91, 0, 0, 228, 0, 0, 34, 0, 0, 114, 12, 135]
1542783036639;[171, 0, 17, 255, 161, 74, 234, 237, 91, 0, 0, 229, 0, 0, 38, 0, 0, 116, 12, 195]
1542783036644;[171, 0, 17, 255, 161, 74, 234, 237, 91, 0, 0, 225, 0, 0, 36, 0, 0, 117, 12, 235]
1542783036809;[171, 0, 17, 255, 161, 74, 234, 237, 91, 0, 0, 232, 0, 0, 39, 0, 0, 107, 13, 78]
1542783036813;[171, 0, 17, 255, 161, 74, 234, 237, 91, 0, 0, 231, 0, 0, 43, 0, 0, 104, 13, 180]
1542783036983;[171, 0, 17, 255, 161, 74, 234, 237, 91, 0, 0, 228, 0, 0, 39, 0, 0, 101, 13, 216]
1542783036987;[171, 0, 17, 255, 161, 74, 234, 237, 91, 0, 0, 231, 0, 0, 37, 0, 0, 106, 13, 229]
1542783037156;[171, 0, 17, 255, 161, 74, 234, 237, 91, 0, 0, 231, 0, 0, 43, 0, 0, 109, 13, 231]
1542783037329;[171, 0, 17, 255, 161, 74, 234, 237, 92, 0, 0, 230, 0, 0, 39, 0, 0, 102, 13, 207]
1542783037674;[171, 0, 17, 255, 161, 74, 234, 237, 92, 0, 0, 231, 0, 0, 40, 0, 0, 106, 13, 250]
1542783037678;[171, 0, 4, 255, 132, 128, 97]
1542783037682;[171, 0, 17, 255, 161, 74, 234, 237, 92, 0, 0, 230, 0, 0, 39, 0, 0, 105, 14, 32]
1542783037686;[171, 0, 17, 255, 161, 74, 234, 237, 92, 0, 0, 228, 0, 0, 33, 0, 0, 104, 14, 8]
1542783037847;[171, 0, 17, 255, 161, 74, 234, 237, 92, 0, 0, 229, 0, 0, 37, 0, 0, 104, 13, 239]
1542783037851;[171, 0, 17, 255, 161, 74, 234, 237, 92, 0, 0, 229, 0, 0, 40, 0, 0, 102, 13, 212]
1542783038019;[171, 0, 17, 255, 161, 74, 234, 237, 92, 0, 0, 225, 0, 0, 41, 0, 0, 113, 13, 212]
1542783038023;[171, 0, 17, 255, 161, 74, 234, 237, 92, 0, 0, 225, 0, 0, 32, 0, 0, 113, 14, 17]
1542783038191;[171, 0, 17, 255, 161, 74, 234, 237, 92, 0, 0, 232, 0, 0, 33, 0, 0, 112, 14, 42]
1542783038195;[171, 0, 17, 255, 161, 74, 234, 237, 92, 0, 0, 231, 0, 0, 37, 0, 0, 109, 14, 37]
1542783038364;[171, 0, 17, 255, 161, 74, 234, 237, 93, 0, 0, 232, 0, 0, 38, 0, 0, 106, 13, 246]
1542783038537;[171, 0, 17, 255, 161, 74, 234, 237, 93, 0, 0, 226, 0, 0, 35, 0, 0, 104, 13, 220]
1542783038540;[171, 0, 4, 255, 132, 128, 97]
1542783039055;[171, 0, 17, 255, 161, 74, 234, 237, 93, 0, 0, 229, 0, 0, 33, 0, 0, 106, 13, 236]
1542783039059;[171, 0, 17, 255, 161, 74, 234, 237, 93, 0, 0, 227, 0, 0, 38, 0, 0, 105, 14, 10]
1542783039063;[171, 0, 17, 255, 161, 74, 234, 237, 93, 0, 0, 232, 0, 0, 36, 0, 0, 106, 13, 246]
1542783039067;[171, 0, 17, 255, 161, 74, 234, 237, 93, 0, 0, 233, 0, 0, 36, 0, 0, 106, 13, 210]
1542783039227;[171, 0, 17, 255, 161, 74, 234, 237, 93, 0, 0, 233, 0, 0, 36, 0, 0, 103, 13, 165]
1542783039231;[171, 0, 17, 255, 161, 74, 234, 237, 93, 0, 0, 231, 0, 0, 40, 0, 0, 103, 13, 112]
1542783039235;[171, 0, 17, 255, 161, 74, 234, 237, 93, 0, 0, 231, 0, 0, 38, 0, 0, 104, 13, 60]
1542783039399;[171, 0, 17, 255, 161, 74, 234, 237, 93, 0, 0, 233, 0, 0, 38, 0, 0, 101, 13, 31]
1542783039402;[171, 0, 17, 255, 161, 74, 234, 237, 94, 0, 0, 234, 0, 0, 36, 0, 0, 99, 12, 234]
1542783039571;[171, 0, 17, 255, 161, 74, 234, 237, 94, 0, 0, 232, 0, 0, 37, 0, 0, 101, 12, 188]
1542783039744;[171, 0, 4, 255, 132, 128, 98]
1542783039747;[171, 0, 17, 255, 161, 74, 234, 237, 94, 0, 0, 232, 0, 0, 35, 0, 0, 102, 12, 138]
1542783039916;[171, 0, 17, 255, 161, 74, 234, 237, 94, 0, 0, 235, 0, 0, 36, 0, 0, 99, 12, 92]
1542783039920;[171, 0, 17, 255, 161, 74, 234, 237, 94, 0, 0, 234, 0, 0, 36, 0, 0, 100, 12, 82]
1542783040261;[171, 0, 17, 255, 161, 74, 234, 237, 94, 0, 0, 235, 0, 0, 38, 0, 0, 97, 12, 67]
1542783040265;[171, 0, 17, 255, 161, 74, 234, 237, 94, 0, 0, 232, 0, 0, 34, 0, 0, 98, 12, 25]
1542783040269;[171, 0, 17, 255, 161, 74, 234, 237, 94, 0, 0, 234, 0, 0, 38, 0, 0, 100, 11, 246]
1542783040434;[171, 0, 17, 255, 161, 74, 234, 237, 94, 0, 0, 232, 0, 0, 34, 0, 0, 98, 11, 204]
1542783040438;[171, 0, 17, 255, 161, 74, 234, 237, 94, 0, 0, 238, 0, 0, 35, 0, 0, 101, 11, 181]
1542783040606;[171, 0, 17, 255, 161, 74, 234, 237, 95, 0, 0, 235, 0, 0, 35, 0, 0, 101, 11, 178]
1542783040610;[171, 0, 17, 255, 161, 74, 234, 237, 95, 0, 0, 232, 0, 0, 37, 0, 0, 99, 11, 162]
1542783040779;[171, 0, 4, 255, 132, 128, 98]
1542783040783;[171, 0, 17, 255, 161, 74, 234, 237, 95, 0, 0, 234, 0, 0, 38, 0, 0, 99, 11, 151]
1542783040951;[171, 0, 17, 255, 161, 74, 234, 237, 95, 0, 0, 233, 0, 0, 37, 0, 0, 100, 11, 148]
1542783041124;[171, 0, 17, 255, 161, 74, 234, 237, 95, 0, 0, 239, 0, 0, 37, 0, 0, 95, 11, 152]
1542783041127;[171, 0, 17, 255, 161, 74, 234, 237, 95, 0, 0, 234, 0, 0, 39, 0, 0, 99, 11, 193]
1542783041469;[171, 0, 17, 255, 161, 74, 234, 237, 95, 0, 0, 236, 0, 0, 44, 0, 0, 88, 11, 243]
1542783041473;[171, 0, 17, 255, 161, 74, 234, 237, 95, 0, 0, 238, 0, 0, 39, 0, 0, 86, 12, 39]
1542783041477;[171, 0, 17, 255, 161, 74, 234, 237, 95, 0, 0, 206, 0, 0, 51, 0, 0, 89, 12, 47]
1542783041641;[171, 0, 17, 255, 161, 74, 234, 237, 95, 0, 0, 197, 0, 0, 90, 0, 0, 129, 12, 59]
1542783041646;[171, 0, 17, 255, 161, 74, 234, 237, 96, 0, 0, 207, 1, 0, 30, 0, 1, 21, 12, 60]
1542783041814;[171, 0, 17, 255, 161, 74, 234, 237, 96, 0, 0, 239, 0, 0, 42, 1, 0, 115, 10, 230]
1542783041818;[171, 0, 4, 255, 132, 128, 100]
1542783041987;[171, 0, 17, 255, 161, 74, 234, 237, 96, 0, 0, 215, 0, 0, 8, 0, 0, 224, 10, 198]
1542783041991;[171, 0, 17, 255, 161, 74, 234, 237, 96, 0, 0, 229, 1, 0, 10, 0, 0, 101, 10, 6]
1542783042159;[171, 0, 17, 255, 161, 74, 234, 237, 96, 0, 0, 218, 1, 0, 111, 0, 0, 130, 9, 35]
1542783042332;[171, 0, 17, 255, 161, 74, 234, 237, 96, 0, 0, 168, 1, 0, 185, 0, 0, 155, 9, 35]
1542783042337;[171, 0, 17, 255, 161, 74, 234, 237, 96, 0, 0, 229, 1, 0, 134, 0, 0, 21, 9, 35]
1542783042500;[171, 0, 17, 255, 161, 74, 234, 237, 96, 1, 0, 23, 1, 0, 127, 1, 0, 11, 8, 126]
1542783042504;[171, 0, 17, 255, 161, 74, 234, 237, 96, 0, 0, 31, 1, 0, 171, 0, 0, 199, 8, 87]
1542783042850;[171, 0, 17, 255, 161, 74, 234, 237, 96, 1, 1, 89, 1, 0, 63, 0, 1, 183, 8, 71]
1542783042853;[171, 0, 17, 255, 161, 74, 234, 237, 97, 0, 0, 14, 1, 0, 232, 0, 0, 7, 7, 199]
1542783042857;[171, 0, 17, 255, 161, 74, 234, 237, 97, 1, 0, 43, 1, 0, 75, 0, 0, 111, 7, 103]
1542783043022;[171, 0, 4, 255, 132, 128, 100]
1542783043026;[171, 0, 17, 255, 161, 74, 234, 237, 97, 0, 0, 23, 1, 1, 51, 1, 0, 11, 7, 46]
1542783043194;[171, 0, 17, 255, 161, 74, 234, 237, 97, 1, 1, 96, 1, 0, 44, 1, 0, 164, 6, 239]
1542783043198;[171, 0, 17, 255, 161, 74, 234, 237, 97, 0, 0, 51, 1, 1, 0, 0, 0, 20, 7, 141]
1542783043367;[171, 0, 17, 255, 161, 74, 234, 237, 97, 1, 0, 9, 1, 0, 250, 1, 0, 21, 7, 206]
1542783043540;[171, 0, 17, 255, 161, 74, 234, 237, 97, 0, 0, 35, 1, 0, 233, 1, 0, 41, 7, 159]
1542783043544;[171, 0, 17, 255, 161, 74, 234, 237, 97, 0, 0, 32, 1, 0, 248, 1, 0, 44, 7, 98]
1542783043712;[171, 0, 17, 255, 161, 74, 234, 237, 97, 0, 0, 30, 1, 1, 12, 1, 0, 38, 7, 16]
1542783043715;[171, 0, 17, 255, 161, 74, 234, 237, 97, 0, 0, 201, 1, 1, 186, 1, 0, 41, 7, 69]
1542783044056;[171, 0, 17, 255, 161, 74, 234, 237, 98, 1, 0, 143, 1, 0, 47, 1, 0, 27, 7, 83]
1542783044060;[171, 0, 17, 255, 161, 74, 234, 237, 98, 0, 0, 60, 1, 0, 175, 0, 0, 103, 7, 181]
1542783044064;[171, 0, 4, 255, 132, 128, 101]
1542783044229;[171, 0, 17, 255, 161, 74, 234, 237, 98, 0, 0, 36, 1, 1, 173, 0, 0, 192, 7, 239]
1542783044232;[171, 0, 17, 255, 161, 74, 234, 237, 98, 0, 0, 81, 1, 0, 252, 0, 0, 16, 7, 163]
1542783044404;[171, 0, 17, 255, 161, 74, 234, 237, 98, 0, 0, 61, 1, 1, 10, 1, 0, 5, 7, 175]
1542783044406;[171, 0, 17, 255, 161, 74, 234, 237, 98, 0, 0, 74, 1, 0, 210, 1, 0, 12, 7, 218]
1542783044574;[171, 0, 17, 255, 161, 74, 234, 237, 98, 0, 0, 113, 1, 0, 226, 0, 0, 11, 8, 21]
1542783044746;[171, 0, 17, 255, 161, 74, 234, 237, 98, 1, 0, 11, 1, 1, 36, 0, 0, 24, 8, 36]
1542783044750;[171, 0, 17, 255, 161, 74, 234, 237, 98, 0, 0, 159, 1, 0, 165, 0, 0, 4, 8, 142]
1542783044919;[171, 0, 17, 255, 161, 74, 234, 237, 98, 1, 0, 4, 1, 0, 239, 1, 0, 2, 8, 193]
1542783044923;[171, 0, 17, 255, 161, 74, 234, 237, 99, 0, 0, 49, 1, 0, 248, 0, 0, 84, 8, 211]
1542783045091;[171, 0, 17, 255, 161, 74, 234, 237, 99, 0, 0, 13, 1, 0, 246, 1, 0, 102, 9, 5]
1542783045094;[171, 0, 4, 255, 132, 128, 102]
1542783045437;[171, 0, 17, 255, 161, 74, 234, 237, 99, 0, 0, 38, 1, 0, 241, 0, 0, 7, 9, 81]
1542783045440;[171, 0, 17, 255, 161, 74, 234, 237, 99, 0, 0, 13, 1, 0, 254, 0, 0, 3, 9, 139]
1542783045444;[171, 0, 17, 255, 161, 74, 234, 237, 99, 0, 0, 70, 1, 0, 221, 0, 0, 2, 9, 165]
1542783045609;[171, 0, 17, 255, 161, 74, 234, 237, 99, 0, 0, 37, 1, 0, 232, 1, 0, 9, 9, 186]
1542783045613;[171, 0, 17, 255, 161, 74, 234, 237, 99, 0, 0, 30, 1, 0, 248, 0, 0, 8, 9, 235]
1542783045803;[171, 0, 17, 255, 161, 74, 234, 237, 99, 0, 0, 35, 1, 0, 234, 0, 0, 19, 10, 77]
1542783045805;[171, 0, 17, 255, 161, 74, 234, 237, 99, 0, 0, 45, 1, 0, 237, 0, 0, 26, 10, 151]
1542783045954;[171, 0, 17, 255, 161, 74, 234, 237, 99, 0, 0, 20, 1, 0, 247, 0, 0, 22, 10, 198]
1542783046126;[171, 0, 17, 255, 161, 74, 234, 237, 100, 0, 0, 28, 1, 0, 243, 0, 0, 18, 10, 249]
1542783046130;[171, 0, 17, 255, 161, 74, 234, 237, 100, 0, 0, 41, 1, 0, 238, 0, 0, 16, 11, 41]
1542783046299;[171, 0, 4, 255, 132, 128, 102]
1542783046303;[171, 0, 17, 255, 161, 74, 234, 237, 100, 0, 0, 17, 1, 0, 249, 0, 0, 13, 11, 141]
1542783046644;[171, 0, 17, 255, 161, 74, 234, 237, 100, 0, 0, 30, 1, 0, 240, 0, 0, 19, 11, 230]
1542783046648;[171, 0, 17, 255, 161, 74, 234, 237, 100, 0, 0, 12, 1, 0, 246, 0, 0, 11, 12, 37]
1542783046652;[171, 0, 17, 255, 161, 74, 234, 237, 100, 0, 0, 13, 1, 0, 246, 0, 0, 5, 12, 69]
1542783046817;[171, 0, 17, 255, 161, 74, 234, 237, 100, 0, 0, 6, 1, 0, 244, 0, 0, 6, 12, 82]
1542783046821;[171, 0, 17, 255, 161, 74, 234, 237, 100, 0, 0, 22, 1, 0, 249, 0, 0, 21, 12, 106]
1542783046989;[171, 0, 17, 255, 161, 74, 234, 237, 100, 0, 0, 9, 1, 0, 243, 0, 0, 21, 12, 139]
1542783046992;[171, 0, 17, 255, 161, 74, 234, 237, 100, 0, 0, 13, 1, 0, 245, 0, 0, 22, 12, 216]
1542783047161;[171, 0, 17, 255, 161, 74, 234, 237, 101, 0, 0, 11, 1, 0, 250, 0, 0, 19, 12, 239]
1542783047334;[171, 0, 17, 255, 161, 74, 234, 237, 101, 0, 0, 8, 1, 1, 9, 0, 0, 24, 12, 187]
1542783047338;[171, 0, 4, 255, 132, 128, 102]
1542783047505;[171, 0, 17, 255, 161, 74, 234, 237, 101, 1, 0, 11, 1, 0, 235, 1, 0, 25, 11, 239]
1542783047507;[171, 0, 17, 255, 161, 74, 234, 237, 101, 1, 0, 8, 1, 0, 241, 0, 0, 2, 11, 148]
1542783048197;[171, 0, 17, 255, 161, 74, 234, 237, 101, 1, 0, 33, 1, 0, 248, 0, 0, 32, 11, 84]
1542783048202;[171, 0, 17, 255, 161, 74, 234, 237, 101, 1, 0, 35, 1, 0, 236, 0, 0, 23, 11, 31]
1542783048206;[171, 0, 17, 255, 161, 74, 234, 237, 101, 1, 0, 70, 1, 1, 6, 1, 0, 5, 11, 21]
1542783048210;[171, 0, 17, 255, 161, 74, 234, 237, 101, 1, 0, 21, 1, 0, 225, 0, 0, 57, 11, 44]
1542783048370;[171, 0, 17, 255, 161, 74, 234, 237, 101, 1, 0, 15, 1, 0, 244, 0, 0, 69, 11, 78]
1542783048374;[171, 0, 17, 255, 161, 74, 234, 237, 101, 1, 0, 14, 1, 0, 226, 0, 0, 43, 11, 94]
1542783048386;[171, 0, 17, 255, 161, 74, 234, 237, 102, 1, 0, 27, 1, 0, 252, 0, 0, 59, 11, 112]
1542783048390;[171, 0, 17, 255, 161, 74, 234, 237, 102, 1, 0, 13, 1, 0, 236, 0, 0, 12, 11, 93]
1542783048538;[171, 0, 4, 255, 132, 128, 103]
1542783048540;[171, 0, 17, 255, 161, 74, 234, 237, 102, 0, 0, 150, 1, 1, 1, 0, 0, 76, 11, 103]
1542783048708;[171, 0, 17, 255, 161, 74, 234, 237, 102, 0, 0, 85, 1, 1, 12, 0, 0, 6, 11, 121]
1542783048710;[171, 0, 17, 255, 161, 74, 234, 237, 102, 0, 0, 8, 1, 0, 162, 0, 0, 11, 11, 110]
1542783048886;[171, 0, 17, 255, 161, 74, 234, 237, 102, 1, 0, 81, 1, 1, 164, 1, 0, 41, 11, 88]
1542783048889;[171, 0, 17, 255, 161, 74, 234, 237, 102, 0, 0, 24, 1, 0, 215, 0, 0, 107, 11, 102]
1542783049232;[171, 0, 17, 255, 161, 74, 234, 237, 102, 1, 0, 55, 1, 0, 214, 0, 0, 81, 11, 58]
1542783049236;[171, 0, 17, 255, 161, 74, 234, 237, 102, 1, 0, 11, 1, 0, 236, 1, 0, 2, 11, 52]
1542783049239;[171, 0, 17, 255, 161, 74, 234, 237, 102, 1, 0, 34, 1, 0, 243, 1, 0, 11, 11, 55]
1542783049412;[171, 0, 17, 255, 161, 74, 234, 237, 103, 1, 0, 2, 1, 0, 243, 1, 0, 6, 11, 65]
1542783049416;[171, 0, 17, 255, 161, 74, 234, 237, 103, 1, 0, 20, 1, 0, 248, 1, 0, 18, 11, 56]
1542783049576;[171, 0, 4, 255, 132, 128, 104]
1542783049749;[171, 0, 17, 255, 161, 74, 234, 237, 103, 1, 0, 9, 1, 0, 249, 1, 0, 30, 11, 73]
1542783049753;[171, 0, 17, 255, 161, 74, 234, 237, 103, 1, 0, 7, 1, 0, 249, 0, 0, 0, 11, 57]
1542783049921;[171, 0, 17, 255, 161, 74, 234, 237, 103, 1, 0, 29, 1, 1, 48, 0, 0, 26, 11, 93]
1542783049925;[171, 0, 17, 255, 161, 74, 234, 237, 103, 0, 0, 121, 1, 1, 4, 0, 0, 28, 11, 146]
1542783050094;[171, 0, 17, 255, 161, 74, 234, 237, 103, 0, 0, 147, 1, 0, 216, 1, 0, 69, 11, 70]
1542783050098;[171, 0, 17, 255, 161, 74, 234, 237, 103, 0, 0, 209, 1, 0, 138, 0, 0, 38, 11, 27]
1542783050439;[171, 0, 17, 255, 161, 74, 234, 237, 103, 0, 0, 92, 1, 0, 156, 0, 0, 89, 10, 248]
1542783050443;[171, 0, 17, 255, 161, 74, 234, 237, 103, 0, 0, 188, 1, 0, 106, 0, 0, 63, 10, 165]
1542783050447;[171, 0, 17, 255, 161, 74, 234, 237, 104, 0, 0, 136, 1, 0, 96, 1, 0, 23, 9, 248]
1542783050612;[171, 0, 17, 255, 161, 74, 234, 237, 104, 0, 1, 30, 1, 0, 54, 0, 0, 20, 9, 101]
1542783050615;[171, 0, 4, 255, 132, 128, 104]
1542783050784;[171, 0, 17, 255, 161, 74, 234, 237, 104, 0, 0, 215, 0, 0, 8, 0, 0, 68, 8, 126]
1542783050788;[171, 0, 17, 255, 161, 74, 234, 237, 104, 0, 0, 247, 1, 0, 1, 0, 0, 14, 6, 215]
1542783050956;[171, 0, 17, 255, 161, 74, 234, 237, 104, 0, 0, 244, 1, 0, 9, 0, 0, 58, 5, 234]
1542783051129;[171, 0, 17, 255, 161, 74, 234, 237, 104, 0, 0, 250, 1, 0, 1, 0, 0, 39, 6, 30]
1542783051133;[171, 0, 17, 255, 161, 74, 234, 237, 104, 0, 0, 251, 1, 0, 6, 0, 0, 43, 5, 217]
1542783051302;[171, 0, 17, 255, 161, 74, 234, 237, 104, 0, 0, 248, 1, 0, 13, 0, 0, 45, 5, 167]
1542783051306;[171, 0, 17, 255, 161, 74, 234, 237, 104, 0, 0, 250, 1, 0, 6, 0, 0, 44, 5, 105]
1542783051473;[171, 0, 17, 255, 161, 74, 234, 237, 104, 0, 0, 246, 1, 0, 15, 0, 0, 48, 5, 1]
1542783051821;[171, 0, 17, 255, 161, 74, 234, 237, 105, 0, 0, 245, 1, 0, 13, 0, 0, 48, 4, 205]
1542783051825;[171, 0, 17, 255, 161, 74, 234, 237, 105, 0, 0, 250, 1, 0, 10, 0, 0, 44, 4, 153]
1542783051828;[171, 0, 4, 255, 132, 128, 104]
1542783051833;[171, 0, 17, 255, 161, 74, 234, 237, 105, 0, 0, 249, 0, 0, 1, 0, 0, 38, 4, 154]
1542783051992;[171, 0, 17, 255, 161, 74, 234, 237, 105, 0, 1, 34, 1, 0, 63, 0, 0, 26, 4, 204]
1542783051996;[171, 0, 17, 255, 161, 74, 234, 237, 105, 0, 0, 248, 0, 0, 16, 0, 0, 22, 4, 152]
1542783052164;[171, 0, 17, 255, 161, 74, 234, 237, 105, 0, 0, 251, 0, 0, 34, 0, 0, 10, 4, 189]
1542783052337;[171, 0, 17, 255, 161, 74, 234, 237, 105, 0, 0, 250, 0, 0, 8, 0, 0, 16, 4, 223]
1542783052340;[171, 0, 17, 255, 161, 74, 234, 237, 105, 0, 0, 255, 0, 0, 8, 0, 0, 16, 4, 241]
1542783052508;[171, 0, 17, 255, 161, 74, 234, 237, 105, 0, 0, 251, 0, 0, 6, 0, 0, 14, 4, 223]
1542783052512;[171, 0, 17, 255, 161, 74, 234, 237, 105, 0, 0, 253, 0, 0, 10, 0, 0, 16, 4, 240]
1542783052681;[171, 0, 17, 255, 161, 74, 234, 237, 106, 0, 0, 251, 0, 0, 13, 0, 0, 14, 5, 7]
1542783052687;[171, 0, 17, 255, 161, 74, 234, 237, 106, 0, 0, 252, 0, 0, 11, 0, 0, 14, 5, 13]
1542783053027;[171, 0, 4, 255, 132, 128, 106]
1542783053031;[171, 0, 17, 255, 161, 74, 234, 237, 106, 0, 0, 250, 0, 0, 7, 0, 0, 13, 4, 244]
1542783053035;[171, 0, 17, 255, 161, 74, 234, 237, 106, 0, 1, 2, 0, 0, 9, 0, 0, 8, 4, 199]
1542783053199;[171, 0, 17, 255, 161, 74, 234, 237, 106, 0, 0, 252, 0, 0, 11, 0, 0, 14, 4, 135]
1542783053203;[171, 0, 17, 255, 161, 74, 234, 237, 106, 0, 0, 252, 0, 0, 10, 0, 0, 15, 4, 71]
1542783053371;[171, 0, 17, 255, 161, 74, 234, 237, 106, 0, 0, 251, 0, 0, 10, 0, 0, 16, 4, 26]
1542783053544;[171, 0, 17, 255, 161, 74, 234, 237, 106, 0, 0, 252, 0, 0, 8, 0, 0, 19, 3, 234]
1542783053548;[171, 0, 17, 255, 161, 74, 234, 237, 106, 0, 0, 253, 0, 0, 9, 0, 0, 19, 3, 195]
1542783053716;[171, 0, 17, 255, 161, 74, 234, 237, 106, 0, 0, 248, 0, 0, 9, 0, 0, 21, 3, 161]
1542783053720;[171, 0, 17, 255, 161, 74, 234, 237, 107, 0, 0, 255, 1, 0, 4, 0, 0, 44, 3, 202]
1542783053889;[171, 0, 17, 255, 161, 74, 234, 237, 109, 0, 0, 36, 1, 0, 210, 1, 0, 177, 7, 32]
1542783054062;[171, 0, 17, 255, 161, 74, 234, 237, 109, 0, 0, 18, 1, 0, 163, 1, 0, 30, 7, 162]
1542783054408;[171, 0, 17, 255, 161, 74, 234, 237, 109, 0, 1, 108, 1, 1, 22, 1, 0, 39, 8, 102]
1542783054411;[171, 0, 17, 255, 161, 74, 234, 237, 109, 1, 0, 145, 1, 2, 147, 0, 0, 77, 8, 134]
1542783054415;[171, 0, 17, 255, 161, 74, 234, 237, 109, 0, 0, 29, 1, 1, 19, 1, 0, 96, 8, 190]
1542783054579;[171, 0, 17, 255, 161, 74, 234, 237, 109, 0, 0, 2, 1, 0, 232, 1, 0, 36, 8, 196]
1542783054583;[171, 0, 17, 255, 161, 74, 234, 237, 109, 1, 0, 74, 1, 1, 106, 1, 0, 51, 9, 20]
1542783054752;[171, 0, 17, 255, 161, 74, 234, 237, 109, 0, 0, 105, 1, 0, 12, 1, 0, 145, 9, 170]
1542783054924;[171, 0, 17, 255, 161, 74, 234, 237, 110, 0, 0, 45, 1, 0, 151, 1, 0, 38, 10, 38]
1542783054927;[171, 0, 17, 255, 161, 74, 234, 237, 110, 0, 0, 111, 1, 2, 9, 0, 3, 186, 10, 180]
1542783055096;[171, 0, 4, 255, 132, 128, 105]
1542783055100;[171, 0, 17, 255, 161, 74, 234, 237, 110, 0, 0, 68, 1, 0, 227, 1, 0, 178, 10, 210]
1542783055269;[171, 0, 17, 255, 161, 74, 234, 237, 110, 1, 0, 5, 1, 0, 243, 1, 0, 65, 11, 13]
1542783055615;[171, 0, 17, 255, 161, 74, 234, 237, 110, 0, 0, 4, 1, 0, 248, 1, 0, 42, 11, 157]
1542783055618;[171, 0, 17, 255, 161, 74, 234, 237, 110, 1, 0, 18, 1, 0, 244, 1, 0, 40, 12, 49]
1542783055788;[171, 0, 17, 255, 161, 74, 234, 237, 110, 1, 0, 13, 1, 0, 242, 1, 0, 33, 12, 111]
1542783055792;[171, 0, 17, 255, 161, 74, 234, 237, 110, 1, 0, 13, 1, 0, 245, 1, 0, 30, 12, 158]
1542783055796;[171, 0, 17, 255, 161, 74, 234, 237, 110, 1, 0, 18, 1, 0, 243, 1, 0, 25, 12, 179]
1542783055800;[171, 0, 17, 255, 161, 74, 234, 237, 110, 1, 0, 30, 1, 0, 246, 1, 0, 15, 12, 179]
1542783055959;[171, 0, 17, 255, 161, 74, 234, 237, 111, 1, 0, 19, 1, 0, 245, 1, 0, 12, 13, 35]
1542783056131;[171, 0, 17, 255, 161, 74, 234, 237, 111, 1, 0, 29, 1, 0, 242, 1, 0, 1, 13, 142]
1542783056135;[171, 0, 4, 255, 132, 128, 105]
1542783056304;[171, 0, 17, 255, 161, 74, 234, 237, 111, 1, 0, 46, 1, 0, 248, 0, 0, 6, 13, 212]
1542783056308;[171, 0, 17, 255, 161, 74, 234, 237, 111, 1, 0, 73, 1, 0, 248, 1, 0, 1, 14, 35]
1542783056476;[171, 0, 17, 255, 161, 74, 234, 237, 111, 1, 0, 18, 1, 0, 252, 0, 0, 11, 14, 102]
1542783056995;[171, 0, 17, 255, 161, 74, 234, 237, 111, 1, 0, 7, 1, 0, 228, 0, 0, 39, 14, 154]
1542783056999;[171, 0, 17, 255, 161, 74, 234, 237, 111, 0, 0, 14, 1, 1, 1, 0, 0, 31, 15, 1]
1542783057003;[171, 0, 17, 255, 161, 74, 234, 237, 111, 1, 0, 23, 1, 0, 247, 0, 0, 7, 15, 1]
1542783057007;[171, 0, 17, 255, 161, 74, 234, 237, 111, 1, 0, 17, 1, 0, 229, 1, 0, 13, 14, 234]
1542783057166;[171, 0, 17, 255, 161, 74, 234, 237, 111, 0, 0, 11, 1, 0, 218, 1, 0, 58, 14, 203]
1542783057170;[171, 0, 17, 255, 161, 74, 234, 237, 112, 1, 0, 94, 1, 0, 218, 0, 0, 82, 14, 91]
1542783057174;[171, 0, 17, 255, 161, 74, 234, 237, 112, 0, 0, 51, 1, 0, 220, 1, 0, 58, 14, 54]
1542783057339;[171, 0, 4, 255, 132, 128, 106]
1542783057343;[171, 0, 17, 255, 161, 74, 234, 237, 112, 0, 0, 9, 1, 0, 236, 1, 0, 21, 14, 146]
1542783057511;[171, 0, 17, 255, 161, 74, 234, 237, 112, 1, 0, 2, 1, 0, 248, 1, 0, 45, 14, 151]
1542783057515;[171, 0, 17, 255, 161, 74, 234, 237, 112, 0, 0, 37, 1, 1, 10, 1, 0, 37, 14, 45]
1542783057683;[171, 0, 17, 255, 161, 74, 234, 237, 112, 1, 0, 65, 1, 1, 108, 1, 0, 46, 13, 167]
1542783057687;[171, 0, 17, 255, 161, 74, 234, 237, 112, 0, 0, 66, 1, 0, 90, 1, 0, 78, 13, 149]
1542783057856;[171, 0, 17, 255, 161, 74, 234, 237, 112, 0, 0, 70, 1, 0, 134, 1, 0, 7, 12, 223]
1542783058202;[171, 0, 17, 255, 161, 74, 234, 237, 112, 1, 0, 45, 1, 0, 243, 0, 0, 33, 12, 195]
1542783058207;[171, 0, 17, 255, 161, 74, 234, 237, 112, 0, 1, 1, 1, 0, 248, 1, 0, 25, 12, 127]
1542783058211;[171, 0, 17, 255, 161, 74, 234, 237, 113, 0, 0, 20, 1, 1, 126, 1, 0, 167, 12, 213]
1542783058216;[171, 0, 17, 255, 161, 74, 234, 237, 113, 1, 0, 6, 1, 1, 26, 1, 0, 79, 12, 16]
1542783058371;[171, 0, 4, 255, 132, 128, 107]
1542783058546;[171, 0, 17, 255, 161, 74, 234, 237, 113, 1, 0, 8, 1, 0, 249, 1, 0, 56, 11, 144]
1542783058550;[171, 0, 17, 255, 161, 74, 234, 237, 113, 0, 0, 6, 1, 0, 243, 1, 0, 42, 11, 90]
1542783058719;[171, 0, 17, 255, 161, 74, 234, 237, 113, 0, 0, 20, 1, 1, 8, 1, 0, 34, 11, 90]
1542783058723;[171, 0, 17, 255, 161, 74, 234, 237, 113, 0, 0, 22, 1, 1, 48, 1, 0, 27, 10, 251]
1542783058891;[171, 0, 17, 255, 161, 74, 234, 237, 113, 0, 0, 34, 1, 1, 48, 1, 0, 42, 11, 26]
1542783058895;[171, 0, 17, 255, 161, 74, 234, 237, 113, 0, 0, 11, 1, 0, 84, 0, 0, 41, 11, 12]
1542783059063;[171, 0, 17, 255, 161, 74, 234, 237, 113, 1, 0, 3, 1, 0, 211, 0, 0, 41, 10, 206]
1542783059410;[171, 0, 17, 255, 161, 74, 234, 237, 113, 0, 0, 246, 1, 1, 189, 0, 0, 66, 10, 224]
1542783059414;[171, 0, 17, 255, 161, 74, 234, 237, 114, 0, 0, 49, 1, 1, 36, 1, 1, 16, 10, 48]
1542783059418;[171, 0, 17, 255, 161, 74, 234, 237, 114, 1, 0, 4, 1, 0, 239, 1, 0, 33, 9, 238]
1542783059422;[171, 0, 4, 255, 132, 128, 107]
1542783059582;[171, 0, 17, 255, 161, 74, 234, 237, 114, 1, 0, 12, 1, 0, 251, 1, 0, 31, 9, 136]
1542783059585;[171, 0, 17, 255, 161, 74, 234, 237, 114, 0, 0, 13, 1, 0, 234, 1, 0, 1, 9, 72]
1542783059754;[171, 0, 17, 255, 161, 74, 234, 237, 114, 1, 0, 61, 1, 0, 249, 1, 0, 15, 8, 253]
1542783059926;[171, 0, 17, 255, 161, 74, 234, 237, 114, 1, 0, 12, 1, 0, 244, 0, 0, 45, 9, 54]
1542783059930;[171, 0, 17, 255, 161, 74, 234, 237, 114, 1, 0, 176, 1, 0, 220, 0, 0, 40, 9, 151]
1542783060099;[171, 0, 17, 255, 161, 74, 234, 237, 114, 1, 0, 14, 1, 0, 231, 0, 0, 173, 9, 206]
1542783060103;[171, 0, 17, 255, 161, 74, 234, 237, 114, 0, 0, 3, 1, 0, 230, 0, 0, 85, 9, 170]
1542783060271;[171, 0, 17, 255, 161, 74, 234, 237, 114, 1, 0, 88, 1, 1, 7, 1, 0, 68, 9, 104]
1542783060444;[171, 0, 17, 255, 161, 74, 234, 237, 115, 1, 0, 130, 1, 0, 215, 1, 0, 50, 9, 91]
1542783060448;[171, 0, 17, 255, 161, 74, 234, 237, 115, 1, 0, 79, 1, 0, 234, 1, 0, 17, 9, 108]
1542783060789;[171, 0, 4, 255, 132, 128, 107]
1542783060794;[171, 0, 17, 255, 161, 74, 234, 237, 115, 1, 0, 55, 1, 0, 237, 1, 0, 13, 9, 82]
1542783060797;[171, 0, 17, 255, 161, 74, 234, 237, 115, 1, 0, 81, 1, 0, 231, 1, 0, 20, 9, 77]
1542783060801;[171, 0, 17, 255, 161, 74, 234, 237, 115, 1, 0, 83, 1, 0, 234, 1, 0, 16, 9, 66]
1542783060961;[171, 0, 17, 255, 161, 74, 234, 237, 115, 1, 0, 80, 1, 0, 233, 1, 0, 6, 9, 43]
1542783061134;[171, 0, 17, 255, 161, 74, 234, 237, 115, 1, 0, 93, 1, 0, 231, 1, 0, 2, 9, 58]
1542783061138;[171, 0, 17, 255, 161, 74, 234, 237, 115, 1, 0, 89, 1, 0, 231, 0, 0, 5, 9, 50]
1542783061307;[171, 0, 17, 255, 161, 74, 234, 237, 115, 1, 0, 77, 1, 0, 229, 0, 0, 11, 9, 42]
1542783061311;[171, 0, 17, 255, 161, 74, 234, 237, 115, 1, 0, 89, 1, 0, 234, 0, 0, 3, 9, 28]
1542783061479;[171, 0, 17, 255, 161, 74, 234, 237, 116, 1, 0, 79, 1, 0, 234, 0, 0, 3, 9, 6]
1542783061483;[171, 0, 17, 255, 161, 74, 234, 237, 116, 1, 0, 78, 1, 0, 236, 0, 0, 6, 9, 25]
1542783061651;[171, 0, 4, 255, 132, 128, 107]
1542783061998;[171, 0, 17, 255, 161, 74, 234, 237, 116, 1, 0, 75, 1, 0, 236, 0, 0, 9, 9, 47]
1542783062002;[171, 0, 17, 255, 161, 74, 234, 237, 116, 1, 0, 79, 1, 0, 236, 0, 0, 10, 9, 46]
1542783062006;[171, 0, 17, 255, 161, 74, 234, 237, 116, 1, 0, 77, 1, 0, 234, 0, 0, 11, 9, 47]
1542783062010;[171, 0, 17, 255, 161, 74, 234, 237, 116, 1, 0, 79, 1, 0, 236, 0, 0, 8, 9, 50]
1542783062168;[171, 0, 17, 255, 161, 74, 234, 237, 116, 1, 0, 78, 1, 0, 234, 0, 0, 11, 9, 49]
1542783062342;[171, 0, 17, 255, 161, 74, 234, 237, 116, 1, 0, 79, 1, 0, 236, 0, 0, 12, 9, 76]
1542783062346;[171, 0, 17, 255, 161, 74, 234, 237, 116, 1, 0, 75, 1, 0, 235, 0, 0, 11, 9, 97]
1542783062514;[171, 0, 17, 255, 161, 74, 234, 237, 116, 1, 0, 80, 1, 0, 236, 0, 0, 11, 9, 110]
1542783062518;[171, 0, 17, 255, 161, 74, 234, 237, 117, 1, 0, 77, 1, 0, 234, 0, 0, 9, 9, 114]
1542783062686;[171, 0, 17, 255, 161, 74, 234, 237, 117, 1, 0, 81, 1, 0, 236, 0, 0, 8, 9, 115]
1542783062690;[171, 0, 4, 255, 132, 128, 107]
1542783062859;[171, 0, 17, 255, 161, 74, 234, 237, 117, 1, 0, 77, 1, 0, 237, 0, 0, 6, 9, 145]
1542783063550;[171, 0, 17, 255, 161, 74, 234, 237, 117, 1, 0, 75, 1, 0, 236, 0, 0, 7, 9, 174]
1542783063554;[171, 0, 17, 255, 161, 74, 234, 237, 117, 1, 0, 82, 1, 0, 234, 0, 0, 4, 9, 180]
1542783063558;[171, 0, 17, 255, 161, 74, 234, 237, 117, 1, 0, 83, 1, 0, 233, 0, 0, 5, 9, 182]
1542783063562;[171, 0, 17, 255, 161, 74, 234, 237, 117, 1, 0, 76, 1, 0, 236, 0, 0, 6, 9, 159]
1542783063722;[171, 0, 17, 255, 161, 74, 234, 237, 117, 1, 0, 69, 1, 0, 236, 0, 0, 7, 9, 144]
1542783063727;[171, 0, 17, 255, 161, 74, 234, 237, 117, 1, 0, 29, 1, 0, 235, 0, 0, 8, 9, 189]
1542783063731;[171, 0, 17, 255, 161, 74, 234, 237, 117, 1, 0, 41, 1, 1, 12, 0, 0, 57, 9, 209]
1542783063736;[171, 0, 17, 255, 161, 74, 234, 237, 118, 0, 0, 5, 1, 0, 255, 0, 0, 21, 9, 250]
1542783063891;[171, 0, 17, 255, 161, 74, 234, 237, 118, 0, 0, 55, 1, 0, 246, 0, 0, 37, 10, 34]
1542783063894;[171, 0, 4, 255, 132, 128, 107]
1542783063896;[171, 0, 17, 255, 161, 74, 234, 237, 118, 0, 0, 104, 1, 0, 241, 0, 0, 68, 10, 74]
1542783064066;[171, 0, 17, 255, 161, 74, 234, 237, 118, 0, 0, 210, 1, 0, 194, 0, 0, 50, 10, 198]
1542783064239;[171, 0, 17, 255, 161, 74, 234, 237, 118, 0, 0, 191, 1, 0, 174, 0, 0, 79, 10, 222]
1542783064243;[171, 0, 17, 255, 161, 74, 234, 237, 118, 0, 0, 185, 1, 0, 128, 0, 0, 129, 10, 249]
1542783064584;[171, 0, 17, 255, 161, 74, 234, 237, 118, 0, 0, 168, 1, 0, 120, 0, 0, 115, 11, 0]
1542783064588;[171, 0, 17, 255, 161, 74, 234, 237, 118, 0, 0, 227, 1, 0, 167, 0, 0, 67, 10, 254]
1542783064591;[171, 0, 17, 255, 161, 74, 234, 237, 118, 0, 0, 167, 1, 0, 94, 0, 0, 120, 11, 38]
1542783064595;[171, 0, 17, 255, 161, 74, 234, 237, 118, 0, 0, 119, 1, 0, 38, 0, 0, 144, 11, 87]
1542783064757;[171, 0, 17, 255, 161, 74, 234, 237, 119, 0, 0, 118, 1, 0, 21, 0, 0, 174, 11, 113]
1542783065103;[171, 0, 17, 255, 161, 74, 234, 237, 119, 0, 0, 131, 1, 0, 10, 0, 0, 199, 11, 134]
1542783065107;[171, 0, 4, 255, 132, 128, 107]
1542783065110;[171, 0, 17, 255, 161, 74, 234, 237, 119, 0, 0, 161, 1, 0, 34, 0, 0, 192, 11, 146]
1542783065114;[171, 0, 17, 255, 161, 74, 234, 237, 119, 0, 0, 184, 1, 0, 60, 0, 0, 154, 11, 157]
1542783065274;[171, 0, 17, 255, 161, 74, 234, 237, 119, 0, 2, 55, 1, 0, 70, 0, 0, 216, 12, 69]
1542783065447;[171, 0, 17, 255, 161, 74, 234, 237, 119, 0, 0, 235, 1, 0, 59, 0, 0, 133, 12, 28]
1542783065450;[171, 0, 17, 255, 161, 74, 234, 237, 119, 0, 0, 193, 1, 0, 68, 0, 0, 156, 12, 20]
1542783065807;[171, 0, 17, 255, 161, 74, 234, 237, 119, 0, 0, 186, 1, 0, 68, 0, 0, 175, 12, 3]
1542783065808;[171, 0, 17, 255, 161, 74, 234, 237, 119, 0, 0, 199, 1, 0, 63, 0, 0, 169, 12, 19]
1542783065810;[171, 0, 17, 255, 161, 74, 234, 237, 119, 0, 0, 177, 1, 0, 53, 0, 0, 171, 12, 117]
1542783065812;[171, 0, 17, 255, 161, 74, 234, 237, 120, 0, 0, 176, 1, 0, 90, 0, 0, 164, 12, 219]
1542783065964;[171, 0, 17, 255, 161, 74, 234, 237, 120, 0, 0, 177, 1, 0, 72, 0, 0, 160, 13, 19]
1542783066136;[171, 0, 4, 255, 132, 128, 107]
1542783066140;[171, 0, 17, 255, 161, 74, 234, 237, 120, 0, 0, 175, 1, 0, 70, 0, 0, 164, 13, 56]
1542783066309;[171, 0, 17, 255, 161, 74, 234, 237, 120, 0, 0, 180, 1, 0, 71, 0, 0, 179, 13, 78]
1542783066313;[171, 0, 17, 255, 161, 74, 234, 237, 120, 0, 0, 193, 1, 0, 77, 0, 0, 149, 13, 149]
1542783066480;[171, 0, 17, 255, 161, 74, 234, 237, 120, 0, 0, 195, 1, 0, 78, 0, 0, 135, 13, 215]
1542783066654;[171, 0, 17, 255, 161, 74, 234, 237, 120, 0, 0, 175, 1, 0, 74, 0, 0, 156, 13, 215]
1542783066658;[171, 0, 17, 255, 161, 74, 234, 237, 120, 0, 0, 181, 1, 0, 77, 0, 0, 162, 13, 208]
1542783066826;[171, 0, 17, 255, 161, 74, 234, 237, 120, 0, 0, 180, 1, 0, 75, 0, 0, 153, 13, 182]
1542783066830;[171, 0, 17, 255, 161, 74, 234, 237, 120, 0, 0, 175, 1, 0, 80, 0, 0, 154, 13, 176]
1542783067171;[171, 0, 17, 255, 161, 74, 234, 237, 121, 0, 0, 169, 1, 0, 81, 0, 0, 166, 13, 207]
1542783067175;[171, 0, 17, 255, 161, 74, 234, 237, 121, 0, 0, 168, 1, 0, 80, 0, 0, 172, 13, 201]
1542783067179;[171, 0, 4, 255, 132, 128, 108]
1542783067344;[171, 0, 17, 255, 161, 74, 234, 237, 121, 0, 0, 169, 1, 0, 82, 0, 0, 169, 13, 187]
1542783067348;[171, 0, 17, 255, 161, 74, 234, 237, 121, 0, 0, 174, 1, 0, 86, 0, 0, 168, 13, 177]
1542783067516;[171, 0, 17, 255, 161, 74, 234, 237, 121, 0, 0, 171, 1, 0, 81, 0, 0, 165, 13, 170]
1542783067520;[171, 0, 17, 255, 161, 74, 234, 237, 121, 0, 0, 172, 1, 0, 77, 0, 0, 158, 13, 219]
1542783067688;[171, 0, 17, 255, 161, 74, 234, 237, 121, 0, 0, 170, 1, 0, 81, 0, 0, 176, 14, 4]
1542783067692;[171, 0, 17, 255, 161, 74, 234, 237, 121, 0, 0, 162, 1, 0, 95, 0, 0, 164, 14, 14]
1542783067861;[171, 0, 17, 255, 161, 74, 234, 237, 121, 0, 0, 186, 1, 0, 69, 0, 0, 148, 13, 254]
1542783068034;[171, 0, 17, 255, 161, 74, 234, 237, 121, 0, 0, 184, 1, 0, 77, 0, 0, 141, 13, 204]
1542783068038;[171, 0, 17, 255, 161, 74, 234, 237, 122, 0, 0, 165, 1, 0, 75, 0, 0, 159, 13, 168]
1542783068380;[171, 0, 17, 255, 161, 74, 234, 237, 122, 0, 0, 186, 1, 0, 98, 0, 0, 174, 13, 223]
1542783068384;[171, 0, 4, 255, 132, 128, 109]
1542783068388;[171, 0, 17, 255, 161, 74, 234, 237, 122, 0, 0, 178, 1, 0, 82, 0, 0, 149, 14, 4]
1542783068392;[171, 0, 17, 255, 161, 74, 234, 237, 122, 0, 0, 208, 1, 0, 81, 0, 0, 122, 14, 11]
1542783068551;[171, 0, 17, 255, 161, 74, 234, 237, 122, 0, 0, 189, 1, 0, 106, 0, 0, 158, 13, 191]
1542783068724;[171, 0, 17, 255, 161, 74, 234, 237, 122, 0, 0, 221, 1, 0, 67, 0, 0, 135, 12, 237]
1542783068730;[171, 0, 17, 255, 161, 74, 234, 237, 122, 0, 0, 191, 1, 0, 25, 0, 0, 180, 12, 101]
1542783068895;[171, 0, 17, 255, 161, 74, 234, 237, 122, 0, 0, 162, 1, 0, 3, 0, 0, 170, 12, 30]
1542783068898;[171, 0, 17, 255, 161, 74, 234, 237, 122, 0, 0, 176, 0, 0, 12, 0, 0, 154, 11, 215]
1542783069068;[171, 0, 17, 255, 161, 74, 234, 237, 122, 0, 0, 220, 0, 0, 14, 0, 0, 140, 11, 154]
1542783069241;[171, 0, 17, 255, 161, 74, 234, 237, 123, 0, 0, 212, 0, 0, 12, 0, 0, 132, 11, 127]
1542783069245;[171, 0, 17, 255, 161, 74, 234, 237, 123, 0, 0, 201, 0, 0, 1, 0, 0, 120, 11, 88]
1542783069413;[171, 0, 4, 255, 132, 128, 109]
1542783069417;[171, 0, 17, 255, 161, 74, 234, 237, 123, 0, 0, 216, 1, 0, 42, 0, 0, 85, 11, 77]
1542783069760;[171, 0, 17, 255, 161, 74, 234, 237, 123, 0, 0, 178, 1, 0, 81, 0, 0, 178, 11, 34]
1542783069766;[171, 0, 17, 255, 161, 74, 234, 237, 123, 0, 0, 209, 1, 0, 50, 0, 0, 97, 11, 65]
1542783069769;[171, 0, 17, 255, 161, 74, 234, 237, 123, 0, 0, 210, 1, 0, 61, 0, 0, 129, 11, 81]
1542783069930;[171, 0, 17, 255, 161, 74, 234, 237, 123, 0, 0, 211, 1, 0, 59, 0, 0, 126, 11, 87]
1542783069934;[171, 0, 17, 255, 161, 74, 234, 237, 123, 0, 0, 206, 1, 0, 60, 0, 0, 129, 11, 91]
1542783070104;[171, 0, 17, 255, 161, 74, 234, 237, 123, 0, 0, 205, 1, 0, 59, 0, 0, 134, 11, 130]
1542783070108;[171, 0, 17, 255, 161, 74, 234, 237, 123, 0, 0, 201, 1, 0, 61, 0, 0, 137, 11, 171]
1542783070276;[171, 0, 17, 255, 161, 74, 234, 237, 128, 0, 0, 199, 1, 0, 64, 0, 0, 140, 11, 192]
1542783070449;[171, 0, 17, 255, 161, 74, 234, 237, 128, 0, 0, 200, 1, 0, 65, 0, 0, 136, 11, 199]
1542783070452;[171, 0, 4, 255, 132, 128, 109]
1542783070621;[171, 0, 17, 255, 161, 74, 234, 237, 128, 0, 0, 200, 1, 0, 64, 0, 0, 144, 11, 198]
1542783070625;[171, 0, 17, 255, 161, 74, 234, 237, 128, 0, 0, 211, 1, 0, 77, 0, 0, 127, 11, 183]
1542783070968;[171, 0, 17, 255, 161, 74, 234, 237, 128, 0, 0, 222, 1, 0, 75, 0, 0, 107, 11, 107]
1542783070972;[171, 0, 17, 255, 161, 74, 234, 237, 128, 0, 0, 188, 1, 0, 46, 0, 0, 111, 11, 23]
1542783070975;[171, 0, 17, 255, 161, 74, 234, 237, 128, 0, 0, 202, 1, 0, 37, 0, 0, 143, 10, 173]
1542783071139;[171, 0, 17, 255, 161, 74, 234, 237, 128, 0, 0, 190, 1, 0, 42, 0, 0, 140, 10, 69]
1542783071143;[171, 0, 17, 255, 161, 74, 234, 237, 128, 0, 0, 231, 1, 0, 64, 0, 0, 106, 10, 45]
1542783071312;[171, 0, 17, 255, 161, 74, 234, 237, 128, 0, 0, 209, 1, 0, 65, 0, 0, 109, 10, 34]
1542783071316;[171, 0, 17, 255, 161, 74, 234, 237, 129, 0, 0, 216, 1, 0, 55, 0, 0, 120, 10, 37]
1542783071483;[171, 0, 17, 255, 161, 74, 234, 237, 129, 0, 0, 210, 1, 0, 47, 0, 0, 121, 10, 17]
1542783071487;[171, 0, 4, 255, 132, 128, 109]
1542783071656;[171, 0, 17, 255, 161, 74, 234, 237, 129, 0, 0, 204, 1, 0, 93, 0, 0, 122, 10, 23]
1542783071828;[171, 0, 17, 255, 161, 74, 234, 237, 129, 0, 0, 224, 1, 0, 64, 0, 0, 92, 10, 40]
1542783071832;[171, 0, 17, 255, 161, 74, 234, 237, 129, 0, 0, 218, 1, 0, 33, 0, 0, 101, 9, 246]
1542783072347;[171, 0, 17, 255, 161, 74, 234, 237, 129, 0, 0, 219, 1, 0, 62, 0, 0, 105, 9, 213]
1542783072351;[171, 0, 17, 255, 161, 74, 234, 237, 129, 0, 0, 217, 1, 0, 64, 0, 0, 100, 9, 235]
1542783072355;[171, 0, 17, 255, 161, 74, 234, 237, 129, 0, 0, 202, 1, 0, 62, 0, 0, 113, 9, 255]
1542783072360;[171, 0, 17, 255, 161, 74, 234, 237, 129, 0, 0, 197, 1, 0, 86, 0, 0, 130, 10, 90]
1542783072520;[171, 0, 17, 255, 161, 74, 234, 237, 129, 0, 0, 199, 1, 0, 113, 0, 0, 114, 10, 114]
1542783072524;[171, 0, 17, 255, 161, 74, 234, 237, 130, 0, 0, 182, 1, 0, 101, 0, 0, 117, 10, 99]
1542783072527;[171, 0, 17, 255, 161, 74, 234, 237, 130, 0, 0, 169, 1, 0, 131, 0, 0, 59, 10, 53]
1542783072691;[171, 0, 4, 255, 132, 128, 109]
1542783072695;[171, 0, 17, 255, 161, 74, 234, 237, 130, 0, 0, 183, 1, 0, 200, 0, 0, 60, 10, 27]
1542783072863;[171, 0, 17, 255, 161, 74, 234, 237, 130, 0, 0, 164, 1, 0, 201, 0, 0, 44, 9, 223]
1542783073037;[171, 0, 17, 255, 161, 74, 234, 237, 130, 0, 0, 141, 1, 0, 229, 1, 0, 24, 9, 214]
1542783073041;[171, 0, 17, 255, 161, 74, 234, 237, 130, 0, 0, 156, 1, 0, 124, 1, 0, 27, 9, 149]
1542783073209;[171, 0, 17, 255, 161, 74, 234, 237, 130, 0, 0, 113, 1, 0, 217, 1, 0, 28, 9, 112]
1542783073213;[171, 0, 17, 255, 161, 74, 234, 237, 130, 1, 0, 41, 1, 0, 7, 1, 0, 82, 9, 50]
1542783073554;[171, 0, 17, 255, 161, 74, 234, 237, 130, 1, 1, 246, 1, 0, 148, 1, 2, 68, 8, 71]
1542783073558;[171, 0, 17, 255, 161, 74, 234, 237, 130, 0, 0, 107, 1, 1, 18, 1, 0, 61, 6, 220]
1542783073562;[171, 0, 17, 255, 161, 74, 234, 237, 131, 0, 0, 175, 1, 0, 133, 0, 0, 60, 6, 122]
1542783073726;[171, 0, 17, 255, 161, 74, 234, 237, 131, 0, 0, 128, 1, 0, 180, 1, 0, 22, 6, 103]
1542783073730;[171, 0, 4, 255, 132, 128, 109]
1542783073899;[171, 0, 17, 255, 161, 74, 234, 237, 131, 0, 0, 72, 1, 1, 41, 1, 0, 52, 6, 114]
1542783073903;[171, 0, 17, 255, 161, 74, 234, 237, 131, 0, 0, 132, 1, 0, 205, 1, 0, 26, 5, 197]
1542783074071;[171, 0, 17, 255, 161, 74, 234, 237, 131, 0, 0, 147, 1, 0, 176, 1, 0, 23, 5, 75]
1542783074244;[171, 0, 17, 255, 161, 74, 234, 237, 131, 0, 0, 115, 1, 0, 223, 1, 0, 32, 5, 48]
1542783074248;[171, 0, 17, 255, 161, 74, 234, 237, 131, 0, 0, 119, 1, 0, 210, 1, 0, 36, 5, 18]
1542783074413;[171, 0, 17, 255, 161, 74, 234, 237, 131, 0, 0, 124, 1, 0, 204, 1, 0, 33, 4, 228]
1542783074415;[171, 0, 17, 255, 161, 74, 234, 237, 131, 0, 0, 119, 1, 0, 211, 1, 0, 31, 4, 190]
1542783074935;[171, 0, 17, 255, 161, 74, 234, 237, 131, 0, 0, 119, 1, 0, 209, 1, 0, 35, 4, 183]
1542783074939;[171, 0, 17, 255, 161, 74, 234, 237, 132, 0, 0, 116, 1, 0, 223, 1, 0, 29, 4, 214]
1542783074943;[171, 0, 17, 255, 161, 74, 234, 237, 132, 0, 0, 221, 1, 0, 171, 1, 0, 34, 5, 29]
1542783074947;[171, 0, 4, 255, 132, 128, 109]
1542783075106;[171, 0, 17, 255, 161, 74, 234, 237, 132, 0, 0, 41, 1, 0, 119, 1, 0, 11, 5, 8]
1542783075110;[171, 0, 17, 255, 161, 74, 234, 237, 132, 0, 0, 158, 1, 1, 25, 1, 0, 29, 5, 210]
1542783075115;[171, 0, 17, 255, 161, 74, 234, 237, 132, 0, 0, 176, 1, 0, 147, 1, 0, 33, 5, 151]
1542783075280;[171, 0, 17, 255, 161, 74, 234, 237, 132, 0, 0, 179, 1, 0, 180, 1, 0, 6, 5, 90]
1542783075284;[171, 0, 17, 255, 161, 74, 234, 237, 132, 0, 0, 173, 1, 0, 176, 1, 0, 9, 5, 103]
1542783075451;[171, 0, 17, 255, 161, 74, 234, 237, 132, 0, 0, 167, 1, 0, 177, 1, 0, 14, 5, 127]
1542783075624;[171, 0, 17, 255, 161, 74, 234, 237, 132, 0, 0, 175, 1, 0, 160, 1, 0, 19, 5, 71]
1542783075627;[171, 0, 17, 255, 161, 74, 234, 237, 132, 0, 0, 186, 1, 0, 159, 0, 0, 20, 4, 246]
1542783075796;[171, 0, 17, 255, 161, 74, 234, 237, 133, 0, 0, 174, 1, 0, 159, 0, 0, 28, 4, 191]
1542783076141;[171, 0, 17, 255, 161, 74, 234, 237, 135, 0, 0, 177, 1, 0, 165, 0, 0, 8, 8, 219]
1542783076146;[171, 0, 17, 255, 161, 74, 234, 237, 135, 0, 0, 175, 1, 0, 172, 0, 0, 10, 8, 244]
1542783076149;[171, 0, 17, 255, 161, 74, 234, 237, 135, 0, 0, 177, 1, 0, 167, 0, 0, 2, 8, 247]
1542783076313;[171, 0, 17, 255, 161, 74, 234, 237, 135, 0, 0, 180, 1, 0, 171, 0, 0, 7, 8, 251]
1542783076486;[171, 0, 17, 255, 161, 74, 234, 237, 135, 0, 0, 174, 1, 0, 169, 0, 0, 3, 8, 234]
1542783076490;[171, 0, 17, 255, 161, 74, 234, 237, 135, 0, 0, 179, 1, 0, 172, 0, 0, 6, 8, 226]
1542783076659;[171, 0, 17, 255, 161, 74, 234, 237, 135, 0, 0, 178, 1, 0, 168, 0, 0, 3, 9, 24]
1542783076831;[171, 0, 17, 255, 161, 74, 234, 237, 135, 0, 0, 181, 1, 0, 166, 1, 0, 3, 9, 37]
1542783076835;[171, 0, 17, 255, 161, 74, 234, 237, 136, 0, 0, 172, 1, 0, 172, 0, 0, 10, 9, 35]
1542783077004;[171, 0, 17, 255, 161, 74, 234, 237, 136, 0, 0, 174, 1, 0, 169, 0, 0, 1, 9, 44]
1542783077008;[171, 0, 4, 255, 132, 128, 108]
1542783077349;[171, 0, 17, 255, 161, 74, 234, 237, 136, 0, 0, 172, 1, 0, 176, 1, 0, 2, 9, 33]
1542783077353;[171, 0, 17, 255, 161, 74, 234, 237, 136, 0, 0, 170, 1, 0, 171, 1, 0, 6, 9, 34]
1542783077358;[171, 0, 17, 255, 161, 74, 234, 237, 136, 0, 0, 167, 1, 0, 173, 1, 0, 9, 9, 66]
1542783077523;[171, 0, 17, 255, 161, 74, 234, 237, 136, 0, 0, 170, 1, 0, 172, 1, 0, 3, 9, 93]
1542783077527;[171, 0, 17, 255, 161, 74, 234, 237, 136, 0, 0, 176, 1, 0, 172, 1, 0, 3, 9, 99]
1542783077693;[171, 0, 17, 255, 161, 74, 234, 237, 136, 0, 0, 175, 1, 0, 173, 1, 0, 4, 9, 91]
1542783077697;[171, 0, 17, 255, 161, 74, 234, 237, 136, 0, 0, 171, 1, 0, 172, 1, 0, 3, 9, 83]
1542783077866;[171, 0, 17, 255, 161, 74, 234, 237, 136, 0, 0, 172, 1, 0, 173, 1, 0, 3, 9, 78]
1542783078039;[171, 0, 17, 255, 161, 74, 234, 237, 137, 0, 0, 173, 1, 0, 172, 1, 0, 4, 9, 116]
1542783078042;[171, 0, 17, 255, 161, 74, 234, 237, 137, 0, 0, 173, 1, 0, 170, 1, 0, 3, 9, 137]
1542783078209;[171, 0, 4, 255, 132, 128, 107]
1542783078214;[171, 0, 17, 255, 161, 74, 234, 237, 137, 0, 0, 173, 1, 0, 173, 1, 0, 3, 9, 143]
1542783078730;[171, 0, 17, 255, 161, 74, 234, 237, 137, 0, 0, 171, 1, 0, 171, 1, 0, 3, 9, 152]
1542783078734;[171, 0, 17, 255, 161, 74, 234, 237, 137, 0, 0, 175, 1, 0, 171, 1, 0, 6, 9, 154]
1542783078738;[171, 0, 17, 255, 161, 74, 234, 237, 137, 0, 0, 173, 1, 0, 172, 1, 0, 4, 9, 145]
1542783078742;[171, 0, 17, 255, 161, 74, 234, 237, 137, 0, 0, 172, 1, 0, 171, 1, 0, 4, 9, 187]
1542783078901;[171, 0, 17, 255, 161, 74, 234, 237, 137, 0, 0, 170, 1, 0, 169, 1, 0, 3, 9, 219]
1542783078906;[171, 0, 17, 255, 161, 74, 234, 237, 137, 0, 0, 169, 1, 0, 177, 1, 0, 2, 9, 217]
1542783078909;[171, 0, 17, 255, 161, 74, 234, 237, 137, 0, 0, 175, 1, 0, 164, 1, 0, 6, 9, 234]
1542783079074;[171, 0, 17, 255, 161, 74, 234, 237, 138, 0, 0, 195, 1, 0, 146, 1, 0, 8, 9, 231]
1542783079247;[171, 0, 17, 255, 161, 74, 234, 237, 138, 0, 0, 183, 1, 0, 153, 1, 0, 13, 9, 217]
1542783079250;[171, 0, 4, 255, 132, 128, 106]
1542783079419;[171, 0, 17, 255, 161, 74, 234, 237, 138, 0, 0, 192, 1, 0, 163, 0, 0, 19, 9, 237]
1542783079423;[171, 0, 17, 255, 161, 74, 234, 237, 138, 0, 0, 199, 1, 0, 137, 1, 0, 10, 9, 231]
1542783079593;[171, 0, 17, 255, 161, 74, 234, 237, 138, 0, 0, 183, 1, 0, 167, 0, 0, 10, 10, 17]
1542783079598;[171, 0, 17, 255, 161, 74, 234, 237, 138, 0, 0, 193, 1, 0, 169, 0, 0, 11, 10, 31]
1542783079936;[171, 0, 17, 255, 161, 74, 234, 237, 138, 0, 0, 191, 1, 0, 175, 0, 0, 1, 9, 171]
1542783080110;[171, 0, 17, 255, 161, 74, 234, 237, 138, 0, 0, 193, 1, 0, 152, 1, 0, 14, 8, 186]
1542783080113;[171, 0, 17, 255, 161, 74, 234, 237, 138, 0, 0, 230, 1, 0, 77, 1, 0, 20, 8, 82]
1542783080117;[171, 0, 17, 255, 161, 74, 234, 237, 138, 0, 2, 67, 1, 0, 193, 1, 0, 47, 8, 23]
1542783080121;[171, 0, 17, 255, 161, 74, 234, 237, 139, 0, 0, 126, 1, 0, 109, 0, 0, 3, 7, 219]
1542783080281;[171, 0, 17, 255, 161, 74, 234, 237, 139, 0, 0, 234, 1, 0, 171, 0, 0, 39, 7, 84]
1542783080285;[171, 0, 4, 255, 132, 128, 105]
1542783080454;[171, 0, 17, 255, 161, 74, 234, 237, 139, 0, 0, 149, 1, 0, 232, 0, 0, 8, 6, 151]
1542783080627;[171, 0, 17, 255, 161, 74, 234, 237, 139, 0, 0, 185, 1, 0, 161, 1, 0, 14, 6, 114]
1542783080630;[171, 0, 17, 255, 161, 74, 234, 237, 139, 0, 0, 183, 1, 0, 156, 1, 0, 39, 6, 92]
1542783080798;[171, 0, 17, 255, 161, 74, 234, 237, 139, 0, 0, 179, 1, 0, 168, 1, 0, 6, 5, 245]
1542783080802;[171, 0, 17, 255, 161, 74, 234, 237, 139, 0, 0, 184, 1, 0, 161, 0, 0, 4, 5, 116]
1542783081318;[171, 0, 17, 255, 161, 74, 234, 237, 139, 0, 0, 180, 1, 0, 171, 0, 0, 3, 4, 255]
1542783081322;[171, 0, 17, 255, 161, 74, 234, 237, 139, 0, 0, 186, 1, 0, 165, 0, 0, 1, 4, 143]
1542783081326;[171, 0, 17, 255, 161, 74, 234, 237, 139, 0, 0, 180, 1, 0, 164, 1, 0, 1, 4, 84]
1542783081330;[171, 0, 17, 255, 161, 74, 234, 237, 140, 0, 0, 176, 1, 0, 164, 1, 0, 11, 4, 79]
1542783081488;[171, 0, 17, 255, 161, 74, 234, 237, 140, 0, 0, 173, 1, 0, 174, 1, 0, 22, 4, 106]
1542783081661;[171, 0, 4, 255, 132, 128, 103]
1542783081665;[171, 0, 17, 255, 161, 74, 234, 237, 140, 0, 0, 156, 1, 0, 200, 1, 0, 13, 4, 111]
1542783081669;[171, 0, 17, 255, 161, 74, 234, 237, 140, 0, 0, 163, 1, 0, 183, 1, 0, 26, 4, 6]
1542783081834;[171, 0, 17, 255, 161, 74, 234, 237, 140, 0, 0, 167, 1, 0, 165, 1, 0, 15, 3, 83]
1542783081839;[171, 0, 17, 255, 161, 74, 234, 237, 140, 0, 0, 158, 1, 0, 188, 1, 0, 20, 2, 244]
1542783082180;[171, 0, 17, 255, 161, 74, 234, 237, 140, 0, 0, 167, 1, 0, 153, 1, 0, 4, 2, 187]
1542783082184;[171, 0, 17, 255, 161, 74, 234, 237, 140, 0, 0, 189, 1, 0, 184, 1, 0, 70, 2, 124]
1542783082188;[171, 0, 17, 255, 161, 74, 234, 237, 140, 0, 0, 159, 1, 0, 180, 1, 0, 3, 2, 76]
1542783082192;[171, 0, 17, 255, 161, 74, 234, 237, 140, 0, 0, 159, 1, 0, 189, 1, 0, 45, 2, 23]
1542783082525;[171, 0, 17, 255, 161, 74, 234, 237, 141, 0, 0, 136, 1, 0, 200, 1, 0, 66, 1, 219]
1542783082529;[171, 0, 17, 255, 161, 74, 234, 237, 141, 0, 0, 135, 1, 0, 180, 1, 0, 57, 1, 181]
1542783082532;[171, 0, 4, 255, 132, 128, 102]
1542783082697;[171, 0, 17, 255, 161, 74, 234, 237, 141, 0, 0, 147, 1, 0, 185, 1, 0, 49, 1, 181]
1542783082701;[171, 0, 17, 255, 161, 74, 234, 237, 141, 0, 0, 152, 1, 0, 182, 1, 0, 31, 1, 145]
1542783082868;[171, 0, 17, 255, 161, 74, 234, 237, 141, 0, 0, 183, 1, 0, 150, 1, 0, 56, 1, 146]
1542783083042;[171, 0, 17, 255, 161, 74, 234, 237, 141, 0, 0, 141, 1, 0, 196, 1, 0, 52, 1, 132]
1542783083045;[171, 0, 17, 255, 161, 74, 234, 237, 141, 0, 0, 158, 1, 0, 183, 1, 0, 58, 1, 93]
1542783083214;[171, 0, 17, 255, 161, 74, 234, 237, 141, 0, 0, 160, 1, 0, 177, 1, 0, 41, 1, 96]
1542783083218;[171, 0, 17, 255, 161, 74, 234, 237, 141, 0, 0, 160, 1, 0, 178, 1, 0, 33, 1, 155]
1542783083387;[171, 0, 17, 255, 161, 74, 234, 237, 141, 0, 0, 173, 1, 0, 172, 1, 0, 37, 1, 191]
1542783083390;[171, 0, 17, 255, 161, 74, 234, 237, 142, 0, 0, 173, 1, 0, 173, 1, 0, 32, 1, 222]
1542783084078;[171, 0, 17, 255, 161, 74, 234, 237, 142, 0, 0, 197, 1, 0, 148, 1, 0, 31, 1, 250]
1542783084081;[171, 0, 4, 255, 132, 128, 101]
1542783084088;[171, 0, 17, 255, 161, 74, 234, 237, 142, 0, 0, 192, 1, 0, 133, 1, 0, 44, 1, 254]
1542783084092;[171, 0, 17, 255, 161, 74, 234, 237, 142, 0, 0, 153, 1, 0, 186, 1, 0, 87, 2, 53]
1542783084250;[171, 0, 17, 255, 161, 74, 234, 237, 142, 0, 0, 154, 1, 0, 211, 1, 0, 36, 2, 147]
1542783084254;[171, 0, 17, 255, 161, 74, 234, 237, 142, 0, 0, 171, 1, 0, 179, 1, 0, 4, 2, 165]
1542783084258;[171, 0, 17, 255, 161, 74, 234, 237, 142, 0, 0, 164, 1, 0, 168, 1, 0, 35, 2, 193]
1542783084262;[171, 0, 17, 255, 161, 74, 234, 237, 142, 0, 0, 162, 1, 0, 168, 1, 0, 67, 2, 194]
1542783084422;[171, 0, 17, 255, 161, 74, 234, 237, 142, 0, 0, 172, 1, 0, 152, 1, 0, 56, 2, 187]
1542783084425;[171, 0, 17, 255, 161, 74, 234, 237, 142, 0, 0, 168, 1, 0, 172, 1, 0, 53, 2, 222]
1542783084595;[171, 0, 17, 255, 161, 74, 234, 237, 143, 0, 0, 162, 1, 0, 179, 1, 0, 61, 3, 13]
1542783084599;[171, 0, 17, 255, 161, 74, 234, 237, 143, 0, 0, 167, 1, 0, 169, 1, 0, 47, 3, 26]
1542783084766;[171, 0, 4, 255, 132, 128, 101]
1542783085112;[171, 0, 17, 255, 161, 74, 234, 237, 143, 0, 0, 167, 1, 0, 168, 1, 0, 55, 3, 43]
1542783085116;[171, 0, 17, 255, 161, 74, 234, 237, 143, 0, 0, 171, 1, 0, 164, 1, 0, 52, 3, 60]
1542783085120;[171, 0, 17, 255, 161, 74, 234, 237, 143, 0, 0, 171, 1, 0, 166, 1, 0, 52, 3, 66]
1542783085124;[171, 0, 17, 255, 161, 74, 234, 237, 143, 0, 0, 171, 1, 0, 163, 1, 0, 54, 3, 96]
1542783085284;[171, 0, 17, 255, 161, 74, 234, 237, 143, 0, 0, 174, 1, 0, 162, 1, 0, 45, 3, 159]
1542783085290;[171, 0, 17, 255, 161, 74, 234, 237, 143, 0, 0, 175, 1, 0, 152, 1, 0, 52, 3, 175]
1542783085453;[171, 0, 17, 255, 161, 74, 234, 237, 143, 0, 0, 165, 1, 0, 164, 1, 0, 48, 3, 223]
1542783085629;[171, 0, 17, 255, 161, 74, 234, 237, 143, 0, 0, 182, 1, 0, 166, 1, 0, 34, 4, 5]
1542783085633;[171, 0, 17, 255, 161, 74, 234, 237, 144, 0, 0, 165, 1, 0, 179, 1, 0, 45, 4, 88]
1542783085808;[171, 0, 17, 255, 161, 74, 234, 237, 144, 0, 0, 151, 1, 0, 178, 1, 0, 69, 4, 142]
1542783085810;[171, 0, 4, 255, 132, 128, 100]
1542783085973;[171, 0, 17, 255, 161, 74, 234, 237, 144, 0, 0, 131, 1, 0, 207, 1, 0, 51, 4, 213]
1542783086322;[171, 0, 17, 255, 161, 74, 234, 237, 144, 0, 0, 134, 1, 0, 199, 1, 0, 31, 4, 219]
1542783086326;[171, 0, 17, 255, 161, 74, 234, 237, 144, 0, 0, 61, 1, 0, 232, 1, 0, 46, 4, 235]
1542783086330;[171, 0, 17, 255, 161, 74, 234, 237, 144, 0, 0, 103, 1, 0, 223, 1, 0, 7, 4, 142]
1542783086334;[171, 0, 17, 255, 161, 74, 234, 237, 144, 0, 0, 56, 1, 0, 245, 1, 0, 29, 4, 32]
1542783086491;[171, 0, 17, 255, 161, 74, 234, 237, 144, 0, 0, 52, 1, 0, 238, 1, 0, 39, 3, 168]
1542783086495;[171, 0, 17, 255, 161, 74, 234, 237, 144, 0, 0, 44, 1, 0, 241, 1, 0, 45, 3, 129]
1542783086663;[171, 0, 17, 255, 161, 74, 234, 237, 144, 0, 0, 33, 1, 0, 244, 1, 0, 70, 3, 103]
1542783086837;[171, 0, 17, 255, 161, 74, 234, 237, 145, 1, 0, 1, 1, 0, 239, 1, 0, 50, 3, 95]
1542783086841;[171, 0, 17, 255, 161, 74, 234, 237, 145, 0, 0, 28, 1, 0, 240, 1, 0, 43, 3, 80]
1542783087008;[171, 0, 4, 255, 132, 128, 100]
1542783087012;[171, 0, 17, 255, 161, 74, 234, 237, 145, 0, 0, 9, 1, 0, 243, 1, 0, 33, 3, 28]
1542783087181;[171, 0, 17, 255, 161, 74, 234, 237, 145, 0, 0, 36, 1, 0, 247, 1, 0, 10, 3, 10]
1542783087185;[171, 0, 17, 255, 161, 74, 234, 237, 145, 0, 0, 24, 1, 0, 245, 1, 0, 8, 3, 10]
1542783087700;[171, 0, 17, 255, 161, 74, 234, 237, 145, 0, 0, 13, 1, 0, 250, 1, 0, 26, 3, 17]
1542783087704;[171, 0, 17, 255, 161, 74, 234, 237, 145, 0, 0, 25, 1, 0, 243, 1, 0, 38, 3, 33]
1542783087708;[171, 0, 17, 255, 161, 74, 234, 237, 145, 0, 0, 25, 1, 0, 239, 1, 0, 39, 3, 61]
1542783087712;[171, 0, 17, 255, 161, 74, 234, 237, 145, 0, 0, 29, 1, 0, 243, 1, 0, 41, 3, 116]
1542783087871;[171, 0, 17, 255, 161, 74, 234, 237, 145, 0, 0, 36, 1, 0, 239, 1, 0, 34, 3, 205]
