1542746222168;[171, 0, 17, 255, 161, 74, 234, 73, 240, 0, 0, 248, 0, 0, 45, 1, 0, 15, 9, 170]
1542746222176;[171, 0, 17, 255, 161, 74, 234, 73, 240, 0, 0, 248, 0, 0, 45, 1, 0, 15, 9, 170]
1542746222178;[171, 0, 17, 255, 161, 74, 234, 73, 240, 0, 0, 251, 0, 0, 45, 1, 0, 16, 9, 198]
1542746222179;[171, 0, 17, 255, 161, 74, 234, 73, 240, 0, 0, 251, 0, 0, 45, 1, 0, 16, 9, 198]
1542746222181;[171, 0, 17, 255, 161, 74, 234, 73, 240, 0, 0, 250, 0, 0, 46, 1, 0, 15, 9, 194]
1542746222183;[171, 0, 17, 255, 161, 74, 234, 73, 240, 0, 0, 250, 0, 0, 46, 1, 0, 15, 9, 194]
1542746222335;[171, 0, 17, 255, 161, 74, 234, 73, 240, 0, 0, 251, 0, 0, 44, 1, 0, 17, 9, 183]
1542746222337;[171, 0, 17, 255, 161, 74, 234, 73, 240, 0, 0, 251, 0, 0, 44, 1, 0, 17, 9, 183]
1542746222339;[171, 0, 17, 255, 161, 74, 234, 73, 241, 0, 0, 249, 0, 0, 46, 1, 0, 15, 9, 156]
1542746222341;[171, 0, 17, 255, 161, 74, 234, 73, 241, 0, 0, 249, 0, 0, 46, 1, 0, 15, 9, 156]
1542746222680;[171, 0, 17, 255, 161, 74, 234, 73, 241, 0, 0, 247, 0, 0, 47, 1, 0, 15, 9, 123]
1542746222683;[171, 0, 17, 255, 161, 74, 234, 73, 241, 0, 0, 247, 0, 0, 47, 1, 0, 15, 9, 123]
1542746222686;[171, 0, 17, 255, 161, 74, 234, 73, 241, 0, 0, 249, 0, 0, 44, 1, 0, 17, 9, 85]
1542746222688;[171, 0, 17, 255, 161, 74, 234, 73, 241, 0, 0, 249, 0, 0, 44, 1, 0, 17, 9, 85]
1542746222689;[171, 0, 17, 255, 161, 74, 234, 73, 241, 0, 0, 250, 0, 0, 46, 1, 0, 15, 9, 52]
1542746222691;[171, 0, 17, 255, 161, 74, 234, 73, 241, 0, 0, 250, 0, 0, 46, 1, 0, 15, 9, 52]
1542746222853;[171, 0, 17, 255, 161, 74, 234, 73, 241, 0, 0, 248, 0, 0, 47, 1, 0, 16, 9, 4]
1542746222855;[171, 0, 17, 255, 161, 74, 234, 73, 241, 0, 0, 248, 0, 0, 47, 1, 0, 16, 9, 4]
1542746222857;[171, 0, 4, 255, 132, 128, 64]
1542746222859;[171, 0, 4, 255, 132, 128, 64]
1542746224940;[171, 0, 17, 255, 161, 74, 234, 73, 241, 0, 0, 249, 0, 0, 49, 1, 0, 16, 8, 250]
1542746224942;[171, 0, 17, 255, 161, 74, 234, 73, 241, 0, 0, 249, 0, 0, 49, 1, 0, 16, 8, 250]
1542746224943;[171, 0, 17, 255, 161, 74, 234, 73, 241, 0, 0, 253, 0, 0, 45, 1, 0, 17, 9, 58]
1542746224945;[171, 0, 17, 255, 161, 74, 234, 73, 241, 0, 0, 253, 0, 0, 45, 1, 0, 17, 9, 58]
1542746224986;[171, 0, 17, 255, 161, 74, 234, 73, 241, 0, 0, 248, 0, 0, 46, 1, 0, 15, 9, 80]
1542746224987;[171, 0, 17, 255, 161, 74, 234, 73, 241, 0, 0, 248, 0, 0, 46, 1, 0, 15, 9, 80]
1542746224988;[171, 0, 17, 255, 161, 74, 234, 73, 241, 0, 0, 250, 0, 0, 46, 1, 0, 15, 9, 64]
1542746224989;[171, 0, 17, 255, 161, 74, 234, 73, 241, 0, 0, 250, 0, 0, 46, 1, 0, 15, 9, 64]
1542746224990;[171, 0, 17, 255, 161, 74, 234, 73, 241, 0, 0, 250, 0, 0, 45, 1, 0, 15, 9, 46]
1542746224991;[171, 0, 17, 255, 161, 74, 234, 73, 241, 0, 0, 250, 0, 0, 45, 1, 0, 15, 9, 46]
1542746224993;[171, 0, 17, 255, 161, 74, 234, 73, 242, 0, 0, 250, 0, 0, 46, 1, 0, 16, 9, 34]
1542746224994;[171, 0, 17, 255, 161, 74, 234, 73, 242, 0, 0, 250, 0, 0, 46, 1, 0, 16, 9, 34]
1542746224995;[171, 0, 17, 255, 161, 74, 234, 73, 242, 0, 0, 248, 0, 0, 45, 1, 0, 15, 9, 1]
1542746224996;[171, 0, 17, 255, 161, 74, 234, 73, 242, 0, 0, 248, 0, 0, 45, 1, 0, 15, 9, 1]
1542746224997;[171, 0, 17, 255, 161, 74, 234, 73, 242, 0, 0, 250, 0, 0, 45, 1, 0, 14, 8, 225]
1542746224998;[171, 0, 17, 255, 161, 74, 234, 73, 242, 0, 0, 250, 0, 0, 45, 1, 0, 14, 8, 225]
1542746225000;[171, 0, 17, 255, 161, 74, 234, 73, 242, 0, 0, 250, 0, 0, 46, 1, 0, 16, 8, 185]
1542746225001;[171, 0, 17, 255, 161, 74, 234, 73, 242, 0, 0, 250, 0, 0, 46, 1, 0, 16, 8, 185]
1542746225002;[171, 0, 17, 255, 161, 74, 234, 73, 242, 0, 0, 251, 0, 0, 45, 1, 0, 15, 8, 177]
1542746225003;[171, 0, 17, 255, 161, 74, 234, 73, 242, 0, 0, 251, 0, 0, 45, 1, 0, 15, 8, 177]
1542746225008;[171, 0, 4, 255, 132, 128, 64]
1542746225009;[171, 0, 4, 255, 132, 128, 64]
1542746225011;[171, 0, 17, 255, 161, 74, 234, 73, 242, 0, 0, 249, 0, 0, 44, 1, 0, 15, 8, 238]
1542746225012;[171, 0, 17, 255, 161, 74, 234, 73, 242, 0, 0, 249, 0, 0, 44, 1, 0, 15, 8, 238]
1542746225024;[171, 0, 17, 255, 161, 74, 234, 73, 242, 0, 0, 250, 0, 0, 46, 1, 0, 15, 9, 13]
1542746225025;[171, 0, 17, 255, 161, 74, 234, 73, 242, 0, 0, 250, 0, 0, 46, 1, 0, 15, 9, 13]
1542746225027;[171, 0, 17, 255, 161, 74, 234, 73, 242, 0, 0, 247, 0, 0, 44, 1, 0, 15, 9, 10]
1542746225028;[171, 0, 17, 255, 161, 74, 234, 73, 242, 0, 0, 247, 0, 0, 44, 1, 0, 15, 9, 10]
1542746225029;[171, 0, 17, 255, 161, 74, 234, 73, 242, 0, 0, 247, 0, 0, 45, 1, 0, 15, 8, 251]
1542746225030;[171, 0, 17, 255, 161, 74, 234, 73, 242, 0, 0, 247, 0, 0, 45, 1, 0, 15, 8, 251]
1542746225031;[171, 0, 17, 255, 161, 74, 234, 73, 242, 0, 0, 249, 0, 0, 46, 1, 0, 14, 8, 239]
1542746225033;[171, 0, 17, 255, 161, 74, 234, 73, 242, 0, 0, 249, 0, 0, 46, 1, 0, 14, 8, 239]
1542746225034;[171, 0, 17, 255, 161, 74, 234, 73, 243, 0, 0, 250, 0, 0, 44, 1, 0, 16, 8, 213]
1542746225035;[171, 0, 17, 255, 161, 74, 234, 73, 243, 0, 0, 250, 0, 0, 44, 1, 0, 16, 8, 213]
1542746225036;[171, 0, 17, 255, 161, 74, 234, 73, 243, 0, 0, 250, 0, 0, 46, 1, 0, 17, 8, 173]
1542746225037;[171, 0, 17, 255, 161, 74, 234, 73, 243, 0, 0, 250, 0, 0, 46, 1, 0, 17, 8, 173]
1542746225038;[171, 0, 17, 255, 161, 74, 234, 73, 243, 0, 0, 250, 0, 0, 46, 1, 0, 14, 8, 146]
1542746225039;[171, 0, 17, 255, 161, 74, 234, 73, 243, 0, 0, 250, 0, 0, 46, 1, 0, 14, 8, 146]
1542746225040;[171, 0, 17, 255, 161, 74, 234, 73, 243, 0, 0, 249, 0, 0, 46, 1, 0, 15, 8, 105]
1542746225041;[171, 0, 17, 255, 161, 74, 234, 73, 243, 0, 0, 249, 0, 0, 46, 1, 0, 15, 8, 105]
1542746225042;[171, 0, 17, 255, 161, 74, 234, 73, 243, 0, 0, 248, 0, 0, 43, 1, 0, 15, 8, 72]
1542746225043;[171, 0, 17, 255, 161, 74, 234, 73, 243, 0, 0, 248, 0, 0, 43, 1, 0, 15, 8, 72]
1542746225267;[171, 0, 4, 255, 132, 128, 64]
1542746225269;[171, 0, 4, 255, 132, 128, 64]
1542746225275;[171, 0, 17, 255, 161, 74, 234, 73, 243, 0, 0, 250, 0, 0, 46, 1, 0, 15, 8, 135]
1542746225277;[171, 0, 17, 255, 161, 74, 234, 73, 243, 0, 0, 250, 0, 0, 46, 1, 0, 15, 8, 135]
1542746225279;[171, 0, 17, 255, 161, 74, 234, 73, 243, 0, 0, 250, 0, 0, 46, 1, 0, 16, 8, 186]
1542746225281;[171, 0, 17, 255, 161, 74, 234, 73, 243, 0, 0, 250, 0, 0, 46, 1, 0, 16, 8, 186]
1542746225613;[171, 0, 17, 255, 161, 74, 234, 73, 243, 0, 0, 248, 0, 0, 47, 1, 0, 15, 8, 210]
1542746225615;[171, 0, 17, 255, 161, 74, 234, 73, 243, 0, 0, 248, 0, 0, 47, 1, 0, 15, 8, 210]
1542746225618;[171, 0, 17, 255, 161, 74, 234, 73, 243, 0, 0, 250, 0, 0, 46, 1, 0, 15, 8, 197]
1542746225620;[171, 0, 17, 255, 161, 74, 234, 73, 243, 0, 0, 250, 0, 0, 46, 1, 0, 15, 8, 197]
1542746225623;[171, 0, 17, 255, 161, 74, 234, 73, 243, 0, 0, 251, 0, 0, 46, 1, 0, 18, 8, 199]
1542746225625;[171, 0, 17, 255, 161, 74, 234, 73, 243, 0, 0, 251, 0, 0, 46, 1, 0, 18, 8, 199]
1542746225627;[171, 0, 17, 255, 161, 74, 234, 73, 244, 0, 0, 252, 0, 0, 46, 1, 0, 15, 8, 178]
1542746225629;[171, 0, 17, 255, 161, 74, 234, 73, 244, 0, 0, 252, 0, 0, 46, 1, 0, 15, 8, 178]
1542746225957;[171, 0, 17, 255, 161, 74, 234, 73, 244, 0, 0, 250, 0, 0, 45, 1, 0, 15, 8, 166]
1542746225959;[171, 0, 17, 255, 161, 74, 234, 73, 244, 0, 0, 250, 0, 0, 45, 1, 0, 15, 8, 166]
1542746225961;[171, 0, 17, 255, 161, 74, 234, 73, 244, 0, 0, 250, 0, 0, 46, 1, 0, 15, 8, 131]
1542746225964;[171, 0, 17, 255, 161, 74, 234, 73, 244, 0, 0, 250, 0, 0, 46, 1, 0, 15, 8, 131]
1542746225966;[171, 0, 17, 255, 161, 74, 234, 73, 244, 0, 0, 249, 0, 0, 46, 1, 0, 15, 8, 88]
1542746225968;[171, 0, 17, 255, 161, 74, 234, 73, 244, 0, 0, 249, 0, 0, 46, 1, 0, 15, 8, 88]
1542746226476;[171, 0, 17, 255, 161, 74, 234, 73, 244, 0, 0, 250, 0, 0, 46, 1, 0, 17, 8, 57]
1542746226478;[171, 0, 17, 255, 161, 74, 234, 73, 244, 0, 0, 250, 0, 0, 46, 1, 0, 17, 8, 57]
1542746226480;[171, 0, 4, 255, 132, 128, 63]
1542746226483;[171, 0, 4, 255, 132, 128, 63]
1542746226485;[171, 0, 17, 255, 161, 74, 234, 73, 244, 0, 0, 253, 0, 0, 44, 1, 0, 16, 8, 51]
1542746226487;[171, 0, 17, 255, 161, 74, 234, 73, 244, 0, 0, 253, 0, 0, 44, 1, 0, 16, 8, 51]
1542746226489;[171, 0, 17, 255, 161, 74, 234, 73, 244, 0, 0, 252, 0, 0, 44, 1, 0, 15, 8, 122]
1542746226491;[171, 0, 17, 255, 161, 74, 234, 73, 244, 0, 0, 252, 0, 0, 44, 1, 0, 15, 8, 122]
1542746226648;[171, 0, 17, 255, 161, 74, 234, 73, 244, 0, 0, 249, 0, 0, 44, 1, 0, 16, 8, 175]
1542746226650;[171, 0, 17, 255, 161, 74, 234, 73, 244, 0, 0, 249, 0, 0, 44, 1, 0, 16, 8, 175]
1542746226653;[171, 0, 17, 255, 161, 74, 234, 73, 244, 0, 0, 249, 0, 0, 46, 1, 0, 16, 8, 178]
1542746226655;[171, 0, 17, 255, 161, 74, 234, 73, 244, 0, 0, 249, 0, 0, 46, 1, 0, 16, 8, 178]
1542746226657;[171, 0, 17, 255, 161, 74, 234, 73, 244, 0, 0, 249, 0, 0, 45, 1, 0, 15, 8, 167]
1542746226659;[171, 0, 17, 255, 161, 74, 234, 73, 244, 0, 0, 249, 0, 0, 45, 1, 0, 15, 8, 167]
1542746226820;[171, 0, 17, 255, 161, 74, 234, 73, 245, 0, 0, 249, 0, 0, 46, 1, 0, 15, 8, 164]
1542746226822;[171, 0, 17, 255, 161, 74, 234, 73, 245, 0, 0, 249, 0, 0, 46, 1, 0, 15, 8, 164]
1542746226824;[171, 0, 17, 255, 161, 74, 234, 73, 245, 0, 0, 251, 0, 0, 46, 1, 0, 18, 8, 147]
1542746226826;[171, 0, 17, 255, 161, 74, 234, 73, 245, 0, 0, 251, 0, 0, 46, 1, 0, 18, 8, 147]
1542746227511;[171, 0, 17, 255, 161, 74, 234, 73, 245, 0, 0, 247, 0, 0, 46, 1, 0, 16, 8, 128]
1542746227512;[171, 0, 17, 255, 161, 74, 234, 73, 245, 0, 0, 247, 0, 0, 46, 1, 0, 16, 8, 128]
1542746227515;[171, 0, 17, 255, 161, 74, 234, 73, 245, 0, 0, 250, 0, 0, 46, 1, 0, 16, 8, 96]
1542746227517;[171, 0, 17, 255, 161, 74, 234, 73, 245, 0, 0, 250, 0, 0, 46, 1, 0, 16, 8, 96]
1542746227520;[171, 0, 17, 255, 161, 74, 234, 73, 245, 0, 0, 250, 0, 0, 46, 1, 0, 16, 8, 62]
1542746227522;[171, 0, 17, 255, 161, 74, 234, 73, 245, 0, 0, 250, 0, 0, 46, 1, 0, 16, 8, 62]
1542746227524;[171, 0, 4, 255, 132, 128, 63]
1542746227526;[171, 0, 4, 255, 132, 128, 63]
1542746227857;[171, 0, 17, 255, 161, 74, 234, 73, 245, 0, 0, 249, 0, 0, 45, 1, 0, 15, 8, 105]
1542746227859;[171, 0, 17, 255, 161, 74, 234, 73, 245, 0, 0, 249, 0, 0, 45, 1, 0, 15, 8, 105]
1542746227861;[171, 0, 17, 255, 161, 74, 234, 73, 245, 0, 0, 250, 0, 0, 46, 1, 0, 15, 8, 178]
1542746227863;[171, 0, 17, 255, 161, 74, 234, 73, 245, 0, 0, 250, 0, 0, 46, 1, 0, 15, 8, 178]
1542746227865;[171, 0, 17, 255, 161, 74, 234, 73, 245, 0, 0, 250, 0, 0, 45, 1, 0, 15, 8, 198]
1542746227867;[171, 0, 17, 255, 161, 74, 234, 73, 245, 0, 0, 250, 0, 0, 45, 1, 0, 15, 8, 198]
1542746227870;[171, 0, 17, 255, 161, 74, 234, 73, 245, 0, 0, 248, 0, 0, 45, 1, 0, 15, 8, 194]
1542746227871;[171, 0, 17, 255, 161, 74, 234, 73, 245, 0, 0, 248, 0, 0, 45, 1, 0, 15, 8, 194]
1542746228030;[171, 0, 17, 255, 161, 74, 234, 73, 245, 0, 0, 249, 0, 0, 46, 1, 0, 17, 8, 194]
1542746228031;[171, 0, 17, 255, 161, 74, 234, 73, 245, 0, 0, 249, 0, 0, 46, 1, 0, 17, 8, 194]
1542746228036;[171, 0, 17, 255, 161, 74, 234, 73, 246, 0, 0, 248, 0, 0, 47, 1, 0, 16, 8, 180]
1542746228038;[171, 0, 17, 255, 161, 74, 234, 73, 246, 0, 0, 248, 0, 0, 47, 1, 0, 16, 8, 180]
1542746228041;[171, 0, 17, 255, 161, 74, 234, 73, 246, 0, 0, 252, 0, 0, 46, 1, 0, 15, 8, 156]
1542746228043;[171, 0, 17, 255, 161, 74, 234, 73, 246, 0, 0, 252, 0, 0, 46, 1, 0, 15, 8, 156]
1542746228045;[171, 0, 17, 255, 161, 74, 234, 73, 246, 0, 0, 250, 0, 0, 45, 1, 0, 17, 8, 128]
1542746228046;[171, 0, 17, 255, 161, 74, 234, 73, 246, 0, 0, 250, 0, 0, 45, 1, 0, 17, 8, 128]
1542746228198;[171, 0, 17, 255, 161, 74, 234, 73, 246, 0, 0, 251, 0, 0, 46, 1, 0, 15, 8, 93]
1542746228200;[171, 0, 17, 255, 161, 74, 234, 73, 246, 0, 0, 251, 0, 0, 46, 1, 0, 15, 8, 93]
1542746228205;[171, 0, 17, 255, 161, 74, 234, 73, 246, 0, 0, 248, 0, 0, 43, 1, 0, 15, 8, 63]
1542746228206;[171, 0, 17, 255, 161, 74, 234, 73, 246, 0, 0, 248, 0, 0, 43, 1, 0, 15, 8, 63]
1542746228546;[171, 0, 4, 255, 132, 128, 63]
1542746228549;[171, 0, 4, 255, 132, 128, 63]
1542746228551;[171, 0, 17, 255, 161, 74, 234, 73, 246, 0, 0, 251, 0, 0, 44, 1, 0, 16, 8, 121]
1542746228553;[171, 0, 17, 255, 161, 74, 234, 73, 246, 0, 0, 251, 0, 0, 44, 1, 0, 16, 8, 121]
1542746228555;[171, 0, 17, 255, 161, 74, 234, 73, 246, 0, 0, 249, 0, 0, 46, 1, 0, 15, 8, 197]
1542746228557;[171, 0, 17, 255, 161, 74, 234, 73, 246, 0, 0, 249, 0, 0, 46, 1, 0, 15, 8, 197]
1542746228717;[171, 0, 17, 255, 161, 74, 234, 73, 246, 0, 0, 250, 0, 0, 45, 1, 0, 15, 8, 220]
1542746228719;[171, 0, 17, 255, 161, 74, 234, 73, 246, 0, 0, 250, 0, 0, 45, 1, 0, 15, 8, 220]
1542746228721;[171, 0, 17, 255, 161, 74, 234, 73, 246, 0, 0, 252, 0, 0, 46, 1, 0, 14, 8, 218]
1542746228722;[171, 0, 17, 255, 161, 74, 234, 73, 246, 0, 0, 252, 0, 0, 46, 1, 0, 14, 8, 218]
1542746229062;[171, 0, 17, 255, 161, 74, 234, 73, 246, 0, 0, 248, 0, 0, 45, 1, 0, 16, 8, 227]
1542746229064;[171, 0, 17, 255, 161, 74, 234, 73, 246, 0, 0, 248, 0, 0, 45, 1, 0, 16, 8, 227]
1542746229066;[171, 0, 17, 255, 161, 74, 234, 73, 247, 0, 0, 250, 0, 0, 46, 1, 0, 15, 8, 214]
1542746229068;[171, 0, 17, 255, 161, 74, 234, 73, 247, 0, 0, 250, 0, 0, 46, 1, 0, 15, 8, 214]
1542746229071;[171, 0, 17, 255, 161, 74, 234, 73, 247, 0, 0, 248, 0, 0, 43, 1, 0, 14, 8, 195]
1542746229073;[171, 0, 17, 255, 161, 74, 234, 73, 247, 0, 0, 248, 0, 0, 43, 1, 0, 14, 8, 195]
1542746229234;[171, 0, 17, 255, 161, 74, 234, 73, 247, 0, 0, 249, 0, 0, 47, 1, 0, 16, 8, 159]
1542746229236;[171, 0, 17, 255, 161, 74, 234, 73, 247, 0, 0, 249, 0, 0, 47, 1, 0, 16, 8, 159]
1542746229239;[171, 0, 17, 255, 161, 74, 234, 73, 247, 0, 0, 246, 0, 0, 47, 1, 0, 15, 8, 130]
1542746229241;[171, 0, 17, 255, 161, 74, 234, 73, 247, 0, 0, 246, 0, 0, 47, 1, 0, 15, 8, 130]
1542746229407;[171, 0, 17, 255, 161, 74, 234, 73, 247, 0, 0, 248, 0, 0, 44, 1, 0, 16, 8, 105]
1542746229409;[171, 0, 17, 255, 161, 74, 234, 73, 247, 0, 0, 248, 0, 0, 44, 1, 0, 16, 8, 105]
1542746229411;[171, 0, 4, 255, 132, 128, 63]
1542746229413;[171, 0, 4, 255, 132, 128, 63]
1542746229751;[171, 0, 17, 255, 161, 74, 234, 73, 247, 0, 0, 249, 0, 0, 47, 1, 0, 16, 8, 179]
1542746229753;[171, 0, 17, 255, 161, 74, 234, 73, 247, 0, 0, 249, 0, 0, 47, 1, 0, 16, 8, 179]
1542746229926;[171, 0, 17, 255, 161, 74, 234, 73, 247, 0, 0, 252, 0, 0, 45, 1, 0, 15, 8, 251]
1542746229928;[171, 0, 17, 255, 161, 74, 234, 73, 247, 0, 0, 252, 0, 0, 45, 1, 0, 15, 8, 251]
1542746229931;[171, 0, 17, 255, 161, 74, 234, 73, 247, 0, 0, 250, 0, 0, 47, 1, 0, 15, 9, 22]
1542746229933;[171, 0, 17, 255, 161, 74, 234, 73, 247, 0, 0, 250, 0, 0, 47, 1, 0, 15, 9, 22]
1542746229935;[171, 0, 17, 255, 161, 74, 234, 73, 247, 0, 0, 249, 0, 0, 44, 1, 0, 15, 9, 12]
1542746229937;[171, 0, 17, 255, 161, 74, 234, 73, 247, 0, 0, 249, 0, 0, 44, 1, 0, 15, 9, 12]
1542746229939;[171, 0, 17, 255, 161, 74, 234, 73, 247, 0, 0, 248, 0, 0, 46, 1, 0, 14, 9, 17]
1542746229941;[171, 0, 17, 255, 161, 74, 234, 73, 247, 0, 0, 248, 0, 0, 46, 1, 0, 14, 9, 17]
1542746230097;[171, 0, 17, 255, 161, 74, 234, 73, 248, 0, 0, 248, 0, 0, 46, 1, 0, 15, 8, 253]
1542746230099;[171, 0, 17, 255, 161, 74, 234, 73, 248, 0, 0, 248, 0, 0, 46, 1, 0, 15, 8, 253]
1542746230101;[171, 0, 17, 255, 161, 74, 234, 73, 248, 0, 0, 252, 0, 0, 44, 1, 0, 16, 8, 227]
1542746230102;[171, 0, 17, 255, 161, 74, 234, 73, 248, 0, 0, 252, 0, 0, 44, 1, 0, 16, 8, 227]
1542746230269;[171, 0, 17, 255, 161, 74, 234, 73, 248, 0, 0, 249, 0, 0, 46, 1, 0, 15, 8, 191]
1542746230270;[171, 0, 17, 255, 161, 74, 234, 73, 248, 0, 0, 249, 0, 0, 46, 1, 0, 15, 8, 191]
1542746230442;[171, 0, 17, 255, 161, 74, 234, 73, 248, 0, 0, 247, 0, 0, 44, 1, 0, 15, 8, 162]
1542746230445;[171, 0, 17, 255, 161, 74, 234, 73, 248, 0, 0, 247, 0, 0, 44, 1, 0, 15, 8, 162]
1542746230447;[171, 0, 17, 255, 161, 74, 234, 73, 248, 0, 0, 251, 0, 0, 47, 1, 0, 15, 8, 208]
1542746230449;[171, 0, 17, 255, 161, 74, 234, 73, 248, 0, 0, 251, 0, 0, 47, 1, 0, 15, 8, 208]
1542746230615;[171, 0, 4, 255, 132, 128, 62]
1542746230617;[171, 0, 4, 255, 132, 128, 62]
1542746230620;[171, 0, 17, 255, 161, 74, 234, 73, 248, 0, 0, 250, 0, 0, 46, 1, 0, 16, 9, 15]
1542746230622;[171, 0, 17, 255, 161, 74, 234, 73, 248, 0, 0, 250, 0, 0, 46, 1, 0, 16, 9, 15]
1542746231132;[171, 0, 17, 255, 161, 74, 234, 73, 248, 0, 0, 249, 0, 0, 46, 1, 0, 13, 9, 29]
1542746231134;[171, 0, 17, 255, 161, 74, 234, 73, 248, 0, 0, 249, 0, 0, 46, 1, 0, 13, 9, 29]
1542746231138;[171, 0, 17, 255, 161, 74, 234, 73, 248, 0, 0, 252, 0, 0, 42, 1, 0, 14, 9, 19]
1542746231139;[171, 0, 17, 255, 161, 74, 234, 73, 248, 0, 0, 252, 0, 0, 42, 1, 0, 14, 9, 19]
1542746231143;[171, 0, 17, 255, 161, 74, 234, 73, 248, 0, 0, 252, 0, 0, 45, 1, 0, 14, 9, 8]
1542746231145;[171, 0, 17, 255, 161, 74, 234, 73, 248, 0, 0, 252, 0, 0, 45, 1, 0, 14, 9, 8]
1542746231147;[171, 0, 17, 255, 161, 74, 234, 73, 248, 0, 0, 248, 0, 0, 46, 1, 0, 13, 8, 252]
1542746231149;[171, 0, 17, 255, 161, 74, 234, 73, 248, 0, 0, 248, 0, 0, 46, 1, 0, 13, 8, 252]
1542746231306;[171, 0, 17, 255, 161, 74, 234, 73, 249, 0, 0, 250, 0, 0, 46, 1, 0, 15, 8, 211]
1542746231308;[171, 0, 17, 255, 161, 74, 234, 73, 249, 0, 0, 250, 0, 0, 46, 1, 0, 15, 8, 211]
1542746231310;[171, 0, 17, 255, 161, 74, 234, 73, 249, 0, 0, 250, 0, 0, 44, 1, 0, 15, 8, 173]
1542746231312;[171, 0, 17, 255, 161, 74, 234, 73, 249, 0, 0, 250, 0, 0, 44, 1, 0, 15, 8, 173]
1542746231315;[171, 0, 17, 255, 161, 74, 234, 73, 249, 0, 0, 250, 0, 0, 44, 1, 0, 16, 8, 156]
1542746231317;[171, 0, 17, 255, 161, 74, 234, 73, 249, 0, 0, 250, 0, 0, 44, 1, 0, 16, 8, 156]
1542746231651;[171, 0, 17, 255, 161, 74, 234, 73, 249, 0, 0, 249, 0, 0, 45, 1, 0, 16, 8, 227]
1542746231653;[171, 0, 17, 255, 161, 74, 234, 73, 249, 0, 0, 249, 0, 0, 45, 1, 0, 16, 8, 227]
1542746231655;[171, 0, 17, 255, 161, 74, 234, 73, 249, 0, 0, 249, 0, 0, 44, 1, 0, 16, 9, 21]
1542746231657;[171, 0, 17, 255, 161, 74, 234, 73, 249, 0, 0, 249, 0, 0, 44, 1, 0, 16, 9, 21]
1542746231659;[171, 0, 4, 255, 132, 128, 62]
1542746231662;[171, 0, 4, 255, 132, 128, 62]
1542746231822;[171, 0, 17, 255, 161, 74, 234, 73, 249, 0, 0, 247, 0, 0, 45, 1, 0, 17, 9, 21]
1542746231824;[171, 0, 17, 255, 161, 74, 234, 73, 249, 0, 0, 247, 0, 0, 45, 1, 0, 17, 9, 21]
1542746231826;[171, 0, 17, 255, 161, 74, 234, 73, 249, 0, 0, 250, 0, 0, 44, 1, 0, 15, 9, 6]
1542746231828;[171, 0, 17, 255, 161, 74, 234, 73, 249, 0, 0, 250, 0, 0, 44, 1, 0, 15, 9, 6]
1542746231996;[171, 0, 17, 255, 161, 74, 234, 73, 249, 0, 0, 250, 0, 0, 46, 1, 0, 15, 8, 247]
1542746231998;[171, 0, 17, 255, 161, 74, 234, 73, 249, 0, 0, 250, 0, 0, 46, 1, 0, 15, 8, 247]
1542746232000;[171, 0, 17, 255, 161, 74, 234, 73, 249, 0, 0, 250, 0, 0, 46, 1, 0, 16, 8, 221]
1542746232002;[171, 0, 17, 255, 161, 74, 234, 73, 249, 0, 0, 250, 0, 0, 46, 1, 0, 16, 8, 221]
1542746232341;[171, 0, 17, 255, 161, 74, 234, 73, 249, 0, 0, 249, 0, 0, 45, 1, 0, 16, 8, 175]
1542746232343;[171, 0, 17, 255, 161, 74, 234, 73, 249, 0, 0, 249, 0, 0, 45, 1, 0, 16, 8, 175]
1542746232346;[171, 0, 17, 255, 161, 74, 234, 73, 250, 0, 0, 247, 0, 0, 45, 1, 0, 14, 8, 130]
1542746232348;[171, 0, 17, 255, 161, 74, 234, 73, 250, 0, 0, 247, 0, 0, 45, 1, 0, 14, 8, 130]
1542746232350;[171, 0, 17, 255, 161, 74, 234, 73, 250, 0, 0, 248, 0, 0, 45, 1, 0, 15, 8, 80]
1542746232352;[171, 0, 17, 255, 161, 74, 234, 73, 250, 0, 0, 248, 0, 0, 45, 1, 0, 15, 8, 80]
1542746232512;[171, 0, 17, 255, 161, 74, 234, 73, 250, 0, 0, 251, 0, 0, 46, 1, 0, 15, 8, 85]
1542746232515;[171, 0, 17, 255, 161, 74, 234, 73, 250, 0, 0, 251, 0, 0, 46, 1, 0, 15, 8, 85]
1542746232517;[171, 0, 17, 255, 161, 74, 234, 73, 250, 0, 0, 250, 0, 0, 44, 1, 0, 15, 8, 146]
1542746232518;[171, 0, 17, 255, 161, 74, 234, 73, 250, 0, 0, 250, 0, 0, 44, 1, 0, 15, 8, 146]
1542746232858;[171, 0, 17, 255, 161, 74, 234, 73, 250, 0, 0, 252, 0, 0, 45, 1, 0, 17, 8, 176]
1542746232860;[171, 0, 17, 255, 161, 74, 234, 73, 250, 0, 0, 252, 0, 0, 45, 1, 0, 17, 8, 176]
1542746232862;[171, 0, 4, 255, 132, 128, 62]
1542746232864;[171, 0, 4, 255, 132, 128, 62]
1542746232867;[171, 0, 17, 255, 161, 74, 234, 73, 250, 0, 0, 249, 0, 0, 46, 1, 0, 16, 8, 156]
1542746232868;[171, 0, 17, 255, 161, 74, 234, 73, 250, 0, 0, 249, 0, 0, 46, 1, 0, 16, 8, 156]
1542746233029;[171, 0, 17, 255, 161, 74, 234, 73, 250, 0, 0, 251, 0, 0, 45, 1, 0, 16, 8, 131]
1542746233031;[171, 0, 17, 255, 161, 74, 234, 73, 250, 0, 0, 251, 0, 0, 45, 1, 0, 16, 8, 131]
1542746233033;[171, 0, 17, 255, 161, 74, 234, 73, 250, 0, 0, 249, 0, 0, 45, 1, 0, 14, 8, 111]
1542746233035;[171, 0, 17, 255, 161, 74, 234, 73, 250, 0, 0, 249, 0, 0, 45, 1, 0, 14, 8, 111]
1542746233202;[171, 0, 17, 255, 161, 74, 234, 73, 250, 0, 0, 250, 0, 0, 45, 1, 0, 15, 8, 65]
1542746233203;[171, 0, 17, 255, 161, 74, 234, 73, 250, 0, 0, 250, 0, 0, 45, 1, 0, 15, 8, 65]
1542746233206;[171, 0, 17, 255, 161, 74, 234, 73, 250, 0, 0, 249, 0, 0, 47, 1, 0, 16, 8, 18]
1542746233208;[171, 0, 17, 255, 161, 74, 234, 73, 250, 0, 0, 249, 0, 0, 47, 1, 0, 16, 8, 18]
1542746233732;[171, 0, 17, 255, 161, 74, 234, 73, 251, 0, 0, 247, 0, 0, 43, 1, 0, 16, 7, 228]
1542746233735;[171, 0, 17, 255, 161, 74, 234, 73, 251, 0, 0, 247, 0, 0, 43, 1, 0, 16, 7, 228]
1542746233738;[171, 0, 17, 255, 161, 74, 234, 73, 251, 0, 0, 249, 0, 0, 46, 1, 0, 15, 7, 170]
1542746233739;[171, 0, 17, 255, 161, 74, 234, 73, 251, 0, 0, 249, 0, 0, 46, 1, 0, 15, 7, 170]
1542746233741;[171, 0, 17, 255, 161, 74, 234, 73, 251, 0, 0, 249, 0, 0, 44, 1, 0, 15, 7, 194]
1542746233743;[171, 0, 17, 255, 161, 74, 234, 73, 251, 0, 0, 249, 0, 0, 44, 1, 0, 15, 7, 194]
1542746233745;[171, 0, 17, 255, 161, 74, 234, 73, 251, 0, 0, 249, 0, 0, 46, 1, 0, 15, 7, 215]
1542746233746;[171, 0, 17, 255, 161, 74, 234, 73, 251, 0, 0, 249, 0, 0, 46, 1, 0, 15, 7, 215]
1542746234064;[171, 0, 17, 255, 161, 74, 234, 73, 251, 0, 0, 250, 0, 0, 44, 1, 0, 16, 7, 208]
1542746234066;[171, 0, 17, 255, 161, 74, 234, 73, 251, 0, 0, 250, 0, 0, 44, 1, 0, 16, 7, 208]
1542746234069;[171, 0, 4, 255, 132, 128, 62]
1542746234071;[171, 0, 4, 255, 132, 128, 62]
1542746234239;[171, 0, 17, 255, 161, 74, 234, 73, 251, 0, 0, 249, 0, 0, 46, 1, 0, 16, 7, 164]
1542746234241;[171, 0, 17, 255, 161, 74, 234, 73, 251, 0, 0, 249, 0, 0, 46, 1, 0, 16, 7, 164]
1542746234244;[171, 0, 17, 255, 161, 74, 234, 73, 251, 0, 0, 254, 0, 0, 46, 1, 0, 14, 7, 135]
1542746234246;[171, 0, 17, 255, 161, 74, 234, 73, 251, 0, 0, 254, 0, 0, 46, 1, 0, 14, 7, 135]
1542746234248;[171, 0, 17, 255, 161, 74, 234, 73, 251, 0, 0, 249, 0, 0, 45, 1, 0, 16, 7, 95]
1542746234250;[171, 0, 17, 255, 161, 74, 234, 73, 251, 0, 0, 249, 0, 0, 45, 1, 0, 16, 7, 95]
1542746234253;[171, 0, 17, 255, 161, 74, 234, 73, 251, 0, 0, 247, 0, 0, 46, 1, 0, 14, 7, 52]
1542746234254;[171, 0, 17, 255, 161, 74, 234, 73, 251, 0, 0, 247, 0, 0, 46, 1, 0, 14, 7, 52]
1542746234411;[171, 0, 17, 255, 161, 74, 234, 73, 251, 0, 0, 252, 0, 0, 47, 1, 0, 16, 6, 252]
1542746234413;[171, 0, 17, 255, 161, 74, 234, 73, 251, 0, 0, 252, 0, 0, 47, 1, 0, 16, 6, 252]
1542746234415;[171, 0, 17, 255, 161, 74, 234, 74, 0, 0, 0, 252, 0, 0, 43, 1, 0, 15, 6, 223]
1542746234417;[171, 0, 17, 255, 161, 74, 234, 74, 0, 0, 0, 252, 0, 0, 43, 1, 0, 15, 6, 223]
1542746234582;[171, 0, 17, 255, 161, 74, 234, 74, 0, 0, 0, 249, 0, 0, 46, 1, 0, 15, 6, 247]
1542746234584;[171, 0, 17, 255, 161, 74, 234, 74, 0, 0, 0, 249, 0, 0, 46, 1, 0, 15, 6, 247]
1542746234929;[171, 0, 17, 255, 161, 74, 234, 74, 0, 0, 0, 252, 0, 0, 46, 1, 0, 17, 6, 251]
1542746234931;[171, 0, 17, 255, 161, 74, 234, 74, 0, 0, 0, 252, 0, 0, 46, 1, 0, 17, 6, 251]
1542746234934;[171, 0, 17, 255, 161, 74, 234, 74, 0, 0, 0, 248, 0, 0, 46, 1, 0, 16, 6, 224]
1542746234936;[171, 0, 17, 255, 161, 74, 234, 74, 0, 0, 0, 248, 0, 0, 46, 1, 0, 16, 6, 224]
1542746234938;[171, 0, 17, 255, 161, 74, 234, 74, 0, 0, 0, 249, 0, 0, 44, 1, 0, 17, 6, 181]
1542746234940;[171, 0, 17, 255, 161, 74, 234, 74, 0, 0, 0, 249, 0, 0, 44, 1, 0, 17, 6, 181]
1542746234942;[171, 0, 4, 255, 132, 128, 62]
1542746234944;[171, 0, 4, 255, 132, 128, 62]
1542746235101;[171, 0, 17, 255, 161, 74, 234, 74, 0, 0, 0, 248, 0, 0, 47, 1, 0, 16, 6, 151]
1542746235103;[171, 0, 17, 255, 161, 74, 234, 74, 0, 0, 0, 248, 0, 0, 47, 1, 0, 16, 6, 151]
1542746235105;[171, 0, 17, 255, 161, 74, 234, 74, 0, 0, 0, 248, 0, 0, 44, 1, 0, 15, 6, 116]
1542746235106;[171, 0, 17, 255, 161, 74, 234, 74, 0, 0, 0, 248, 0, 0, 44, 1, 0, 15, 6, 116]
1542746235446;[171, 0, 17, 255, 161, 74, 234, 74, 0, 0, 0, 250, 0, 0, 45, 1, 0, 15, 6, 74]
1542746235448;[171, 0, 17, 255, 161, 74, 234, 74, 0, 0, 0, 250, 0, 0, 45, 1, 0, 15, 6, 74]
1542746235451;[171, 0, 17, 255, 161, 74, 234, 74, 0, 0, 0, 248, 0, 0, 46, 1, 0, 15, 6, 21]
1542746235453;[171, 0, 17, 255, 161, 74, 234, 74, 0, 0, 0, 248, 0, 0, 46, 1, 0, 15, 6, 21]
1542746235455;[171, 0, 17, 255, 161, 74, 234, 74, 0, 0, 0, 250, 0, 0, 45, 1, 0, 17, 5, 240]
1542746235456;[171, 0, 17, 255, 161, 74, 234, 74, 0, 0, 0, 250, 0, 0, 45, 1, 0, 17, 5, 240]
1542746235617;[171, 0, 17, 255, 161, 74, 234, 74, 1, 0, 0, 250, 0, 0, 44, 1, 0, 16, 5, 247]
1542746235619;[171, 0, 17, 255, 161, 74, 234, 74, 1, 0, 0, 250, 0, 0, 44, 1, 0, 16, 5, 247]
1542746235622;[171, 0, 17, 255, 161, 74, 234, 74, 1, 0, 0, 249, 0, 0, 47, 1, 0, 14, 6, 8]
1542746235623;[171, 0, 17, 255, 161, 74, 234, 74, 1, 0, 0, 249, 0, 0, 47, 1, 0, 14, 6, 8]
1542746235789;[171, 0, 17, 255, 161, 74, 234, 74, 1, 0, 0, 251, 0, 0, 46, 1, 0, 17, 5, 252]
1542746235791;[171, 0, 17, 255, 161, 74, 234, 74, 1, 0, 0, 251, 0, 0, 46, 1, 0, 17, 5, 252]
1542746236309;[171, 0, 17, 255, 161, 74, 234, 74, 1, 0, 0, 251, 0, 0, 47, 1, 0, 14, 5, 228]
1542746236312;[171, 0, 17, 255, 161, 74, 234, 74, 1, 0, 0, 251, 0, 0, 47, 1, 0, 14, 5, 228]
1542746236314;[171, 0, 17, 255, 161, 74, 234, 74, 1, 0, 0, 248, 0, 0, 46, 1, 0, 16, 5, 203]
1542746236316;[171, 0, 17, 255, 161, 74, 234, 74, 1, 0, 0, 248, 0, 0, 46, 1, 0, 16, 5, 203]
1542746236318;[171, 0, 4, 255, 132, 128, 63]
1542746236320;[171, 0, 4, 255, 132, 128, 63]
1542746236322;[171, 0, 17, 255, 161, 74, 234, 74, 1, 0, 0, 249, 0, 0, 44, 1, 0, 14, 5, 176]
1542746236324;[171, 0, 17, 255, 161, 74, 234, 74, 1, 0, 0, 249, 0, 0, 44, 1, 0, 14, 5, 176]
1542746236652;[171, 0, 17, 255, 161, 74, 234, 74, 1, 0, 0, 250, 0, 0, 45, 1, 0, 13, 5, 146]
1542746236654;[171, 0, 17, 255, 161, 74, 234, 74, 1, 0, 0, 250, 0, 0, 45, 1, 0, 13, 5, 146]
1542746236827;[171, 0, 17, 255, 161, 74, 234, 74, 1, 0, 0, 247, 0, 0, 47, 1, 0, 16, 5, 104]
1542746236830;[171, 0, 17, 255, 161, 74, 234, 74, 1, 0, 0, 247, 0, 0, 47, 1, 0, 16, 5, 104]
1542746236832;[171, 0, 17, 255, 161, 74, 234, 74, 1, 0, 0, 247, 0, 0, 44, 1, 0, 15, 5, 57]
1542746236833;[171, 0, 17, 255, 161, 74, 234, 74, 1, 0, 0, 247, 0, 0, 44, 1, 0, 15, 5, 57]
1542746236835;[171, 0, 17, 255, 161, 74, 234, 74, 1, 0, 0, 248, 0, 0, 44, 1, 0, 16, 5, 21]
1542746236837;[171, 0, 17, 255, 161, 74, 234, 74, 1, 0, 0, 248, 0, 0, 44, 1, 0, 16, 5, 21]
1542746236840;[171, 0, 17, 255, 161, 74, 234, 74, 2, 0, 0, 250, 0, 0, 47, 1, 0, 16, 5, 52]
1542746236842;[171, 0, 17, 255, 161, 74, 234, 74, 2, 0, 0, 250, 0, 0, 47, 1, 0, 16, 5, 52]
1542746237002;[171, 0, 17, 255, 161, 74, 234, 74, 2, 0, 0, 249, 0, 0, 47, 1, 0, 16, 5, 80]
1542746237010;[171, 0, 17, 255, 161, 74, 234, 74, 2, 0, 0, 249, 0, 0, 47, 1, 0, 16, 5, 80]
1542746237012;[171, 0, 17, 255, 161, 74, 234, 74, 2, 0, 0, 248, 0, 0, 45, 1, 0, 17, 5, 78]
1542746237013;[171, 0, 17, 255, 161, 74, 234, 74, 2, 0, 0, 248, 0, 0, 45, 1, 0, 17, 5, 78]
1542746237015;[171, 0, 17, 255, 161, 74, 234, 74, 2, 0, 0, 249, 0, 0, 46, 1, 0, 16, 5, 57]
1542746237017;[171, 0, 17, 255, 161, 74, 234, 74, 2, 0, 0, 249, 0, 0, 46, 1, 0, 16, 5, 57]
1542746237019;[171, 0, 17, 255, 161, 74, 234, 74, 2, 0, 0, 248, 0, 0, 45, 1, 0, 14, 5, 53]
1542746237021;[171, 0, 17, 255, 161, 74, 234, 74, 2, 0, 0, 248, 0, 0, 45, 1, 0, 14, 5, 53]
1542746237516;[171, 0, 4, 255, 132, 128, 63]
1542746237518;[171, 0, 4, 255, 132, 128, 63]
1542746237521;[171, 0, 17, 255, 161, 74, 234, 74, 2, 0, 0, 250, 0, 0, 46, 1, 0, 15, 5, 33]
1542746237523;[171, 0, 17, 255, 161, 74, 234, 74, 2, 0, 0, 250, 0, 0, 46, 1, 0, 15, 5, 33]
1542746237525;[171, 0, 17, 255, 161, 74, 234, 74, 2, 0, 0, 250, 0, 0, 45, 1, 0, 17, 5, 8]
1542746237527;[171, 0, 17, 255, 161, 74, 234, 74, 2, 0, 0, 250, 0, 0, 45, 1, 0, 17, 5, 8]
1542746237529;[171, 0, 17, 255, 161, 74, 234, 74, 2, 0, 0, 250, 0, 0, 45, 1, 0, 17, 4, 244]
1542746237531;[171, 0, 17, 255, 161, 74, 234, 74, 2, 0, 0, 250, 0, 0, 45, 1, 0, 17, 4, 244]
1542746238035;[171, 0, 17, 255, 161, 74, 234, 74, 2, 0, 0, 248, 0, 0, 44, 1, 0, 16, 4, 214]
1542746238037;[171, 0, 17, 255, 161, 74, 234, 74, 2, 0, 0, 248, 0, 0, 44, 1, 0, 16, 4, 214]
1542746238039;[171, 0, 17, 255, 161, 74, 234, 74, 2, 0, 0, 250, 0, 0, 45, 1, 0, 16, 5, 1]
1542746238041;[171, 0, 17, 255, 161, 74, 234, 74, 2, 0, 0, 250, 0, 0, 45, 1, 0, 16, 5, 1]
1542746238043;[171, 0, 17, 255, 161, 74, 234, 74, 3, 0, 0, 250, 0, 0, 46, 1, 0, 15, 5, 63]
1542746238045;[171, 0, 17, 255, 161, 74, 234, 74, 3, 0, 0, 250, 0, 0, 46, 1, 0, 15, 5, 63]
1542746238048;[171, 0, 17, 255, 161, 74, 234, 74, 3, 0, 0, 249, 0, 0, 48, 1, 0, 14, 5, 80]
1542746238050;[171, 0, 17, 255, 161, 74, 234, 74, 3, 0, 0, 249, 0, 0, 48, 1, 0, 14, 5, 80]
1542746238207;[171, 0, 17, 255, 161, 74, 234, 74, 3, 0, 0, 248, 0, 0, 46, 1, 0, 17, 5, 95]
1542746238209;[171, 0, 17, 255, 161, 74, 234, 74, 3, 0, 0, 248, 0, 0, 46, 1, 0, 17, 5, 95]
1542746238211;[171, 0, 17, 255, 161, 74, 234, 74, 3, 0, 0, 249, 0, 0, 42, 1, 0, 15, 5, 86]
1542746238213;[171, 0, 17, 255, 161, 74, 234, 74, 3, 0, 0, 249, 0, 0, 42, 1, 0, 15, 5, 86]
1542746238220;[171, 0, 17, 255, 161, 74, 234, 74, 3, 0, 0, 249, 0, 0, 44, 1, 0, 16, 5, 86]
1542746238222;[171, 0, 17, 255, 161, 74, 234, 74, 3, 0, 0, 249, 0, 0, 44, 1, 0, 16, 5, 86]
1542746238224;[171, 0, 4, 255, 132, 128, 63]
1542746238229;[171, 0, 4, 255, 132, 128, 63]
1542746238377;[171, 0, 17, 255, 161, 74, 234, 74, 3, 0, 0, 250, 0, 0, 43, 1, 0, 17, 5, 80]
1542746238378;[171, 0, 17, 255, 161, 74, 234, 74, 3, 0, 0, 250, 0, 0, 43, 1, 0, 17, 5, 80]
1542746238724;[171, 0, 17, 255, 161, 74, 234, 74, 3, 0, 0, 250, 0, 0, 45, 1, 0, 15, 5, 57]
1542746238726;[171, 0, 17, 255, 161, 74, 234, 74, 3, 0, 0, 250, 0, 0, 45, 1, 0, 15, 5, 57]
1542746238728;[171, 0, 17, 255, 161, 74, 234, 74, 3, 0, 0, 250, 0, 0, 45, 1, 0, 15, 5, 45]
1542746238730;[171, 0, 17, 255, 161, 74, 234, 74, 3, 0, 0, 250, 0, 0, 45, 1, 0, 15, 5, 45]
1542746238732;[171, 0, 17, 255, 161, 74, 234, 74, 3, 0, 0, 250, 0, 0, 44, 1, 0, 16, 5, 106]
1542746238734;[171, 0, 17, 255, 161, 74, 234, 74, 3, 0, 0, 250, 0, 0, 44, 1, 0, 16, 5, 106]
1542746238736;[171, 0, 17, 255, 161, 74, 234, 74, 3, 0, 0, 250, 0, 0, 49, 1, 0, 17, 5, 206]
1542746238738;[171, 0, 17, 255, 161, 74, 234, 74, 3, 0, 0, 250, 0, 0, 49, 1, 0, 17, 5, 206]
1542746239240;[171, 0, 17, 255, 161, 74, 234, 74, 4, 0, 0, 247, 0, 0, 46, 1, 0, 16, 5, 253]
1542746239242;[171, 0, 17, 255, 161, 74, 234, 74, 4, 0, 0, 247, 0, 0, 46, 1, 0, 16, 5, 253]
1542746239251;[171, 0, 17, 255, 161, 74, 234, 74, 4, 0, 0, 249, 0, 0, 43, 1, 0, 15, 6, 24]
1542746239253;[171, 0, 17, 255, 161, 74, 234, 74, 4, 0, 0, 249, 0, 0, 43, 1, 0, 15, 6, 24]
1542746239256;[171, 0, 17, 255, 161, 74, 234, 74, 4, 0, 0, 250, 0, 0, 45, 1, 0, 14, 6, 53]
1542746239257;[171, 0, 17, 255, 161, 74, 234, 74, 4, 0, 0, 250, 0, 0, 45, 1, 0, 14, 6, 53]
1542746239259;[171, 0, 17, 255, 161, 74, 234, 74, 4, 0, 0, 250, 0, 0, 46, 1, 0, 15, 6, 53]
1542746239261;[171, 0, 17, 255, 161, 74, 234, 74, 4, 0, 0, 250, 0, 0, 46, 1, 0, 15, 6, 53]
1542746239414;[171, 0, 17, 255, 161, 74, 234, 74, 4, 0, 0, 250, 0, 0, 47, 1, 0, 17, 6, 62]
1542746239416;[171, 0, 17, 255, 161, 74, 234, 74, 4, 0, 0, 250, 0, 0, 47, 1, 0, 17, 6, 62]
1542746239417;[171, 0, 4, 255, 132, 128, 63]
1542746239420;[171, 0, 4, 255, 132, 128, 63]
1542746239422;[171, 0, 17, 255, 161, 74, 234, 74, 4, 0, 0, 249, 0, 0, 45, 1, 0, 15, 6, 49]
1542746239424;[171, 0, 17, 255, 161, 74, 234, 74, 4, 0, 0, 249, 0, 0, 45, 1, 0, 15, 6, 49]
1542746239634;[171, 0, 17, 255, 161, 74, 234, 74, 4, 0, 0, 249, 0, 0, 45, 1, 0, 16, 6, 25]
1542746239636;[171, 0, 17, 255, 161, 74, 234, 74, 4, 0, 0, 249, 0, 0, 45, 1, 0, 16, 6, 25]
1542746240103;[171, 0, 17, 255, 161, 74, 234, 74, 4, 0, 0, 247, 0, 0, 44, 1, 0, 16, 6, 39]
1542746240105;[171, 0, 17, 255, 161, 74, 234, 74, 4, 0, 0, 247, 0, 0, 44, 1, 0, 16, 6, 39]
1542746240107;[171, 0, 17, 255, 161, 74, 234, 74, 4, 0, 0, 251, 0, 0, 45, 1, 0, 16, 6, 159]
1542746240109;[171, 0, 17, 255, 161, 74, 234, 74, 4, 0, 0, 251, 0, 0, 45, 1, 0, 16, 6, 159]
1542746240112;[171, 0, 17, 255, 161, 74, 234, 74, 4, 0, 0, 252, 0, 0, 47, 1, 0, 15, 6, 242]
1542746240114;[171, 0, 17, 255, 161, 74, 234, 74, 4, 0, 0, 252, 0, 0, 47, 1, 0, 15, 6, 242]
1542746240117;[171, 0, 17, 255, 161, 74, 234, 74, 5, 0, 0, 251, 0, 0, 44, 1, 0, 16, 7, 18]
1542746240118;[171, 0, 17, 255, 161, 74, 234, 74, 5, 0, 0, 251, 0, 0, 44, 1, 0, 16, 7, 18]
1542746240276;[171, 0, 17, 255, 161, 74, 234, 74, 5, 0, 0, 250, 0, 0, 47, 1, 0, 15, 7, 21]
1542746240278;[171, 0, 17, 255, 161, 74, 234, 74, 5, 0, 0, 250, 0, 0, 47, 1, 0, 15, 7, 21]
1542746240280;[171, 0, 17, 255, 161, 74, 234, 74, 5, 0, 0, 249, 0, 0, 45, 1, 0, 15, 7, 31]
1542746240282;[171, 0, 17, 255, 161, 74, 234, 74, 5, 0, 0, 249, 0, 0, 45, 1, 0, 15, 7, 31]
1542746240284;[171, 0, 17, 255, 161, 74, 234, 74, 5, 0, 0, 248, 0, 0, 46, 1, 0, 15, 7, 31]
1542746240286;[171, 0, 17, 255, 161, 74, 234, 74, 5, 0, 0, 248, 0, 0, 46, 1, 0, 15, 7, 31]
1542746240448;[171, 0, 17, 255, 161, 74, 234, 74, 5, 0, 0, 249, 0, 0, 48, 1, 0, 15, 7, 7]
1542746240450;[171, 0, 17, 255, 161, 74, 234, 74, 5, 0, 0, 249, 0, 0, 48, 1, 0, 15, 7, 7]
1542746240621;[171, 0, 4, 255, 132, 128, 63]
1542746240649;[171, 0, 4, 255, 132, 128, 63]
1542746240651;[171, 0, 17, 255, 161, 74, 234, 74, 5, 0, 0, 250, 0, 0, 45, 1, 0, 15, 6, 233]
1542746240653;[171, 0, 17, 255, 161, 74, 234, 74, 5, 0, 0, 250, 0, 0, 45, 1, 0, 15, 6, 233]
1542746240655;[171, 0, 17, 255, 161, 74, 234, 74, 5, 0, 0, 250, 0, 0, 45, 1, 0, 15, 6, 207]
1542746240657;[171, 0, 17, 255, 161, 74, 234, 74, 5, 0, 0, 250, 0, 0, 45, 1, 0, 15, 6, 207]
1542746240792;[171, 0, 17, 255, 161, 74, 234, 74, 5, 0, 0, 249, 0, 0, 46, 1, 0, 16, 6, 214]
1542746240794;[171, 0, 17, 255, 161, 74, 234, 74, 5, 0, 0, 249, 0, 0, 46, 1, 0, 16, 6, 214]
1542746240797;[171, 0, 17, 255, 161, 74, 234, 74, 5, 0, 0, 250, 0, 0, 47, 1, 0, 15, 7, 32]
1542746240798;[171, 0, 17, 255, 161, 74, 234, 74, 5, 0, 0, 250, 0, 0, 47, 1, 0, 15, 7, 32]
1542746240965;[171, 0, 17, 255, 161, 74, 234, 74, 5, 0, 0, 251, 0, 0, 45, 1, 0, 14, 7, 66]
1542746240967;[171, 0, 17, 255, 161, 74, 234, 74, 5, 0, 0, 251, 0, 0, 45, 1, 0, 14, 7, 66]
1542746241311;[171, 0, 17, 255, 161, 74, 234, 74, 6, 0, 0, 248, 0, 0, 45, 1, 0, 16, 7, 51]
1542746241313;[171, 0, 17, 255, 161, 74, 234, 74, 6, 0, 0, 248, 0, 0, 45, 1, 0, 16, 7, 51]
1542746241316;[171, 0, 17, 255, 161, 74, 234, 74, 6, 0, 0, 250, 0, 0, 46, 1, 0, 15, 7, 47]
1542746241318;[171, 0, 17, 255, 161, 74, 234, 74, 6, 0, 0, 250, 0, 0, 46, 1, 0, 15, 7, 47]
1542746241320;[171, 0, 17, 255, 161, 74, 234, 74, 6, 0, 0, 249, 0, 0, 46, 1, 0, 16, 7, 14]
1542746241322;[171, 0, 17, 255, 161, 74, 234, 74, 6, 0, 0, 249, 0, 0, 46, 1, 0, 16, 7, 14]
1542746241324;[171, 0, 17, 255, 161, 74, 234, 74, 6, 0, 0, 250, 0, 0, 45, 1, 0, 15, 6, 239]
1542746241326;[171, 0, 17, 255, 161, 74, 234, 74, 6, 0, 0, 250, 0, 0, 45, 1, 0, 15, 6, 239]
1542746241829;[171, 0, 17, 255, 161, 74, 234, 74, 6, 0, 0, 250, 0, 0, 45, 1, 0, 15, 6, 186]
1542746241830;[171, 0, 17, 255, 161, 74, 234, 74, 6, 0, 0, 250, 0, 0, 45, 1, 0, 15, 6, 186]
1542746241833;[171, 0, 4, 255, 132, 128, 63]
1542746241835;[171, 0, 4, 255, 132, 128, 63]
1542746241838;[171, 0, 17, 255, 161, 74, 234, 74, 6, 0, 0, 249, 0, 0, 46, 1, 0, 15, 6, 145]
1542746241840;[171, 0, 17, 255, 161, 74, 234, 74, 6, 0, 0, 249, 0, 0, 46, 1, 0, 15, 6, 145]
1542746241842;[171, 0, 17, 255, 161, 74, 234, 74, 6, 0, 0, 251, 0, 0, 45, 1, 0, 16, 6, 170]
1542746241843;[171, 0, 17, 255, 161, 74, 234, 74, 6, 0, 0, 251, 0, 0, 45, 1, 0, 16, 6, 170]
1542746242000;[171, 0, 17, 255, 161, 74, 234, 74, 6, 0, 0, 247, 0, 0, 43, 1, 0, 15, 6, 191]
1542746242002;[171, 0, 17, 255, 161, 74, 234, 74, 6, 0, 0, 247, 0, 0, 43, 1, 0, 15, 6, 191]
1542746242005;[171, 0, 17, 255, 161, 74, 234, 74, 6, 0, 0, 250, 0, 0, 44, 1, 0, 14, 6, 166]
1542746242007;[171, 0, 17, 255, 161, 74, 234, 74, 6, 0, 0, 250, 0, 0, 44, 1, 0, 14, 6, 166]
1542746242015;[171, 0, 17, 255, 161, 74, 234, 74, 6, 0, 0, 250, 0, 0, 46, 1, 0, 16, 6, 134]
1542746242016;[171, 0, 17, 255, 161, 74, 234, 74, 6, 0, 0, 250, 0, 0, 46, 1, 0, 16, 6, 134]
1542746242171;[171, 0, 17, 255, 161, 74, 234, 74, 7, 0, 0, 250, 0, 0, 45, 1, 0, 14, 6, 97]
1542746242173;[171, 0, 17, 255, 161, 74, 234, 74, 7, 0, 0, 250, 0, 0, 45, 1, 0, 14, 6, 97]
1542746242689;[171, 0, 17, 255, 161, 74, 234, 74, 7, 0, 0, 249, 0, 0, 47, 1, 0, 16, 6, 60]
1542746242690;[171, 0, 17, 255, 161, 74, 234, 74, 7, 0, 0, 249, 0, 0, 47, 1, 0, 16, 6, 60]
1542746242862;[171, 0, 17, 255, 161, 74, 234, 74, 7, 0, 0, 250, 0, 0, 45, 1, 0, 16, 6, 8]
1542746242864;[171, 0, 17, 255, 161, 74, 234, 74, 7, 0, 0, 250, 0, 0, 45, 1, 0, 16, 6, 8]
1542746243035;[171, 0, 17, 255, 161, 74, 234, 74, 7, 0, 0, 250, 0, 0, 44, 1, 0, 17, 5, 208]
1542746243038;[171, 0, 17, 255, 161, 74, 234, 74, 7, 0, 0, 250, 0, 0, 44, 1, 0, 17, 5, 208]
1542746243040;[171, 0, 17, 255, 161, 74, 234, 74, 7, 0, 0, 251, 0, 0, 49, 1, 0, 16, 5, 158]
1542746243042;[171, 0, 17, 255, 161, 74, 234, 74, 7, 0, 0, 251, 0, 0, 49, 1, 0, 16, 5, 158]
1542746243044;[171, 0, 4, 255, 132, 128, 63]
1542746243047;[171, 0, 4, 255, 132, 128, 63]
1542746243049;[171, 0, 17, 255, 161, 74, 234, 74, 7, 0, 0, 252, 0, 0, 46, 1, 0, 17, 5, 130]
1542746243051;[171, 0, 17, 255, 161, 74, 234, 74, 7, 0, 0, 252, 0, 0, 46, 1, 0, 17, 5, 130]
1542746243209;[171, 0, 17, 255, 161, 74, 234, 74, 7, 0, 0, 250, 0, 0, 45, 1, 0, 17, 5, 133]
1542746243210;[171, 0, 17, 255, 161, 74, 234, 74, 7, 0, 0, 250, 0, 0, 45, 1, 0, 17, 5, 133]
1542746243213;[171, 0, 17, 255, 161, 74, 234, 74, 7, 0, 0, 250, 0, 0, 46, 1, 0, 16, 5, 114]
1542746243215;[171, 0, 17, 255, 161, 74, 234, 74, 7, 0, 0, 250, 0, 0, 46, 1, 0, 16, 5, 114]
1542746243218;[171, 0, 17, 255, 161, 74, 234, 74, 7, 0, 0, 251, 0, 0, 45, 1, 0, 15, 5, 85]
1542746243220;[171, 0, 17, 255, 161, 74, 234, 74, 7, 0, 0, 251, 0, 0, 45, 1, 0, 15, 5, 85]
1542746243222;[171, 0, 17, 255, 161, 74, 234, 74, 7, 0, 0, 251, 0, 0, 47, 1, 0, 15, 5, 45]
1542746243224;[171, 0, 17, 255, 161, 74, 234, 74, 7, 0, 0, 251, 0, 0, 47, 1, 0, 15, 5, 45]
1542746243554;[171, 0, 17, 255, 161, 74, 234, 74, 8, 0, 0, 250, 0, 0, 45, 1, 0, 16, 5, 12]
1542746243556;[171, 0, 17, 255, 161, 74, 234, 74, 8, 0, 0, 250, 0, 0, 45, 1, 0, 16, 5, 12]
1542746243558;[171, 0, 17, 255, 161, 74, 234, 74, 8, 0, 0, 248, 0, 0, 45, 1, 0, 14, 4, 211]
1542746243560;[171, 0, 17, 255, 161, 74, 234, 74, 8, 0, 0, 248, 0, 0, 45, 1, 0, 14, 4, 211]
1542746243562;[171, 0, 17, 255, 161, 74, 234, 74, 8, 0, 0, 252, 0, 0, 46, 1, 0, 15, 4, 180]
1542746243565;[171, 0, 17, 255, 161, 74, 234, 74, 8, 0, 0, 252, 0, 0, 46, 1, 0, 15, 4, 180]
1542746243567;[171, 0, 17, 255, 161, 74, 234, 74, 8, 0, 0, 249, 0, 0, 46, 1, 0, 16, 4, 128]
1542746243569;[171, 0, 17, 255, 161, 74, 234, 74, 8, 0, 0, 249, 0, 0, 46, 1, 0, 16, 4, 128]
1542746243898;[171, 0, 17, 255, 161, 74, 234, 74, 10, 0, 0, 248, 0, 0, 45, 1, 0, 17, 3, 8]
1542746243901;[171, 0, 17, 255, 161, 74, 234, 74, 10, 0, 0, 248, 0, 0, 45, 1, 0, 17, 3, 8]
1542746243903;[171, 0, 17, 255, 161, 74, 234, 74, 10, 0, 0, 251, 0, 0, 48, 1, 0, 16, 3, 28]
1542746243905;[171, 0, 17, 255, 161, 74, 234, 74, 10, 0, 0, 251, 0, 0, 48, 1, 0, 16, 3, 28]
1542746243906;[171, 0, 17, 255, 161, 74, 234, 74, 10, 0, 0, 248, 0, 0, 44, 1, 0, 15, 3, 41]
1542746243908;[171, 0, 17, 255, 161, 74, 234, 74, 10, 0, 0, 248, 0, 0, 44, 1, 0, 15, 3, 41]
1542746244069;[171, 0, 17, 255, 161, 74, 234, 74, 10, 0, 0, 250, 0, 0, 46, 1, 0, 15, 3, 58]
1542746244071;[171, 0, 17, 255, 161, 74, 234, 74, 10, 0, 0, 250, 0, 0, 46, 1, 0, 15, 3, 58]
1542746244416;[171, 0, 17, 255, 161, 74, 234, 74, 11, 0, 0, 248, 0, 0, 46, 1, 0, 18, 3, 53]
1542746244418;[171, 0, 17, 255, 161, 74, 234, 74, 11, 0, 0, 248, 0, 0, 46, 1, 0, 18, 3, 53]
1542746244420;[171, 0, 17, 255, 161, 74, 234, 74, 11, 0, 0, 249, 0, 0, 46, 1, 0, 15, 3, 62]
1542746244422;[171, 0, 17, 255, 161, 74, 234, 74, 11, 0, 0, 249, 0, 0, 46, 1, 0, 15, 3, 62]
1542746244424;[171, 0, 17, 255, 161, 74, 234, 74, 11, 0, 0, 251, 0, 0, 47, 1, 0, 15, 3, 42]
1542746244425;[171, 0, 17, 255, 161, 74, 234, 74, 11, 0, 0, 251, 0, 0, 47, 1, 0, 15, 3, 42]
1542746244762;[171, 0, 17, 255, 161, 74, 234, 74, 11, 0, 0, 250, 0, 0, 45, 1, 0, 17, 3, 35]
1542746244765;[171, 0, 17, 255, 161, 74, 234, 74, 11, 0, 0, 250, 0, 0, 45, 1, 0, 17, 3, 35]
1542746244767;[171, 0, 17, 255, 161, 74, 234, 74, 11, 0, 0, 249, 0, 0, 46, 1, 0, 15, 3, 51]
1542746244769;[171, 0, 17, 255, 161, 74, 234, 74, 11, 0, 0, 249, 0, 0, 46, 1, 0, 15, 3, 51]
1542746244771;[171, 0, 17, 255, 161, 74, 234, 74, 11, 0, 0, 248, 0, 0, 48, 1, 0, 14, 3, 151]
1542746244773;[171, 0, 17, 255, 161, 74, 234, 74, 11, 0, 0, 248, 0, 0, 48, 1, 0, 14, 3, 151]
1542746245107;[171, 0, 4, 255, 132, 128, 63]
1542746245109;[171, 0, 4, 255, 132, 128, 63]
1542746245113;[171, 0, 17, 255, 161, 74, 234, 74, 11, 0, 0, 248, 0, 0, 44, 1, 0, 16, 3, 245]
1542746245115;[171, 0, 17, 255, 161, 74, 234, 74, 11, 0, 0, 248, 0, 0, 44, 1, 0, 16, 3, 245]
1542746245117;[171, 0, 17, 255, 161, 74, 234, 74, 11, 0, 0, 247, 0, 0, 46, 1, 0, 15, 4, 26]
1542746245119;[171, 0, 17, 255, 161, 74, 234, 74, 11, 0, 0, 247, 0, 0, 46, 1, 0, 15, 4, 26]
1542746245121;[171, 0, 17, 255, 161, 74, 234, 74, 11, 0, 0, 249, 0, 0, 46, 1, 0, 16, 4, 60]
1542746245123;[171, 0, 17, 255, 161, 74, 234, 74, 11, 0, 0, 249, 0, 0, 46, 1, 0, 16, 4, 60]
1542746245277;[171, 0, 17, 255, 161, 74, 234, 74, 11, 0, 0, 248, 0, 0, 46, 1, 0, 16, 4, 86]
1542746245279;[171, 0, 17, 255, 161, 74, 234, 74, 11, 0, 0, 248, 0, 0, 46, 1, 0, 16, 4, 86]
1542746245623;[171, 0, 17, 255, 161, 74, 234, 74, 12, 0, 0, 248, 0, 0, 44, 1, 0, 15, 4, 101]
1542746245626;[171, 0, 17, 255, 161, 74, 234, 74, 12, 0, 0, 248, 0, 0, 44, 1, 0, 15, 4, 101]
1542746245628;[171, 0, 17, 255, 161, 74, 234, 74, 12, 0, 0, 249, 0, 0, 42, 1, 0, 16, 4, 97]
1542746245630;[171, 0, 17, 255, 161, 74, 234, 74, 12, 0, 0, 249, 0, 0, 42, 1, 0, 16, 4, 97]
1542746245632;[171, 0, 17, 255, 161, 74, 234, 74, 12, 0, 0, 250, 0, 0, 43, 1, 0, 16, 4, 96]
1542746245634;[171, 0, 17, 255, 161, 74, 234, 74, 12, 0, 0, 250, 0, 0, 43, 1, 0, 16, 4, 96]
1542746245637;[171, 0, 17, 255, 161, 74, 234, 74, 12, 0, 0, 249, 0, 0, 46, 1, 0, 15, 4, 80]
1542746245638;[171, 0, 17, 255, 161, 74, 234, 74, 12, 0, 0, 249, 0, 0, 46, 1, 0, 15, 4, 80]
1542746245797;[171, 0, 17, 255, 161, 74, 234, 74, 12, 0, 0, 249, 0, 0, 47, 1, 0, 16, 4, 123]
1542746245799;[171, 0, 17, 255, 161, 74, 234, 74, 12, 0, 0, 249, 0, 0, 47, 1, 0, 16, 4, 123]
1542746245801;[171, 0, 17, 255, 161, 74, 234, 74, 12, 0, 0, 251, 0, 0, 48, 1, 0, 15, 4, 240]
1542746245803;[171, 0, 17, 255, 161, 74, 234, 74, 12, 0, 0, 251, 0, 0, 48, 1, 0, 15, 4, 240]
1542746245966;[171, 0, 4, 255, 132, 128, 63]
1542746245969;[171, 0, 4, 255, 132, 128, 63]
1542746246487;[171, 0, 17, 255, 161, 74, 234, 74, 12, 0, 0, 249, 0, 0, 46, 1, 0, 15, 5, 62]
1542746246490;[171, 0, 17, 255, 161, 74, 234, 74, 12, 0, 0, 249, 0, 0, 46, 1, 0, 15, 5, 62]
1542746246492;[171, 0, 17, 255, 161, 74, 234, 74, 12, 0, 0, 251, 0, 0, 44, 1, 0, 15, 5, 84]
1542746246495;[171, 0, 17, 255, 161, 74, 234, 74, 12, 0, 0, 251, 0, 0, 44, 1, 0, 15, 5, 84]
1542746246497;[171, 0, 17, 255, 161, 74, 234, 74, 12, 0, 0, 249, 0, 0, 45, 1, 0, 16, 5, 125]
1542746246499;[171, 0, 17, 255, 161, 74, 234, 74, 12, 0, 0, 249, 0, 0, 45, 1, 0, 16, 5, 125]
1542746246501;[171, 0, 17, 255, 161, 74, 234, 74, 12, 0, 0, 252, 0, 0, 44, 1, 0, 15, 5, 136]
1542746246502;[171, 0, 17, 255, 161, 74, 234, 74, 12, 0, 0, 252, 0, 0, 44, 1, 0, 15, 5, 136]
1542746246658;[171, 0, 17, 255, 161, 74, 234, 74, 13, 0, 0, 251, 0, 0, 46, 1, 0, 15, 5, 144]
1542746246659;[171, 0, 17, 255, 161, 74, 234, 74, 13, 0, 0, 251, 0, 0, 46, 1, 0, 15, 5, 144]
1542746246830;[171, 0, 17, 255, 161, 74, 234, 74, 13, 0, 0, 253, 0, 0, 44, 1, 0, 15, 5, 135]
1542746246832;[171, 0, 17, 255, 161, 74, 234, 74, 13, 0, 0, 253, 0, 0, 44, 1, 0, 15, 5, 135]
1542746246835;[171, 0, 17, 255, 161, 74, 234, 74, 13, 0, 0, 246, 0, 0, 45, 1, 0, 14, 5, 121]
1542746246839;[171, 0, 17, 255, 161, 74, 234, 74, 13, 0, 0, 246, 0, 0, 45, 1, 0, 14, 5, 121]
1542746246841;[171, 0, 17, 255, 161, 74, 234, 74, 13, 0, 0, 248, 0, 0, 45, 1, 0, 14, 5, 180]
1542746246842;[171, 0, 17, 255, 161, 74, 234, 74, 13, 0, 0, 248, 0, 0, 45, 1, 0, 14, 5, 180]
1542746247003;[171, 0, 17, 255, 161, 74, 234, 74, 13, 0, 0, 249, 0, 0, 46, 1, 0, 15, 6, 52]
1542746247005;[171, 0, 17, 255, 161, 74, 234, 74, 13, 0, 0, 249, 0, 0, 46, 1, 0, 15, 6, 52]
1542746247007;[171, 0, 17, 255, 161, 74, 234, 74, 13, 0, 0, 247, 0, 0, 46, 1, 0, 16, 6, 101]
1542746247010;[171, 0, 17, 255, 161, 74, 234, 74, 13, 0, 0, 247, 0, 0, 46, 1, 0, 16, 6, 101]
1542746247012;[171, 0, 4, 255, 132, 128, 63]
1542746247014;[171, 0, 4, 255, 132, 128, 63]
1542746247174;[171, 0, 17, 255, 161, 74, 234, 74, 13, 0, 0, 250, 0, 0, 45, 1, 0, 16, 6, 128]
1542746247176;[171, 0, 17, 255, 161, 74, 234, 74, 13, 0, 0, 250, 0, 0, 45, 1, 0, 16, 6, 128]
1542746247693;[171, 0, 17, 255, 161, 74, 234, 74, 13, 0, 0, 248, 0, 0, 43, 1, 0, 15, 6, 149]
1542746247695;[171, 0, 17, 255, 161, 74, 234, 74, 13, 0, 0, 248, 0, 0, 43, 1, 0, 15, 6, 149]
1542746247697;[171, 0, 17, 255, 161, 74, 234, 74, 13, 0, 0, 248, 0, 0, 44, 1, 0, 16, 6, 162]
1542746247699;[171, 0, 17, 255, 161, 74, 234, 74, 13, 0, 0, 248, 0, 0, 44, 1, 0, 16, 6, 162]
1542746247702;[171, 0, 17, 255, 161, 74, 234, 74, 13, 0, 0, 247, 0, 0, 44, 1, 0, 16, 6, 154]
1542746247703;[171, 0, 17, 255, 161, 74, 234, 74, 13, 0, 0, 247, 0, 0, 44, 1, 0, 16, 6, 154]
1542746247706;[171, 0, 17, 255, 161, 74, 234, 74, 14, 0, 0, 249, 0, 0, 44, 1, 0, 15, 6, 143]
1542746247707;[171, 0, 17, 255, 161, 74, 234, 74, 14, 0, 0, 249, 0, 0, 44, 1, 0, 15, 6, 143]
1542746247866;[171, 0, 17, 255, 161, 74, 234, 74, 14, 0, 0, 249, 0, 0, 45, 1, 0, 16, 6, 106]
1542746247868;[171, 0, 17, 255, 161, 74, 234, 74, 14, 0, 0, 249, 0, 0, 45, 1, 0, 16, 6, 106]
1542746247871;[171, 0, 17, 255, 161, 74, 234, 74, 14, 0, 0, 250, 0, 0, 47, 1, 0, 16, 6, 81]
1542746247873;[171, 0, 17, 255, 161, 74, 234, 74, 14, 0, 0, 250, 0, 0, 47, 1, 0, 16, 6, 81]
1542746247874;[171, 0, 17, 255, 161, 74, 234, 74, 14, 0, 0, 251, 0, 0, 46, 1, 0, 14, 6, 168]
1542746247876;[171, 0, 17, 255, 161, 74, 234, 74, 14, 0, 0, 251, 0, 0, 46, 1, 0, 14, 6, 168]
1542746248211;[171, 0, 17, 255, 161, 74, 234, 74, 14, 0, 0, 251, 0, 0, 45, 1, 0, 16, 7, 9]
1542746248213;[171, 0, 17, 255, 161, 74, 234, 74, 14, 0, 0, 251, 0, 0, 45, 1, 0, 16, 7, 9]
1542746248215;[171, 0, 17, 255, 161, 74, 234, 74, 14, 0, 0, 247, 0, 0, 46, 1, 0, 14, 7, 48]
1542746248217;[171, 0, 17, 255, 161, 74, 234, 74, 14, 0, 0, 247, 0, 0, 46, 1, 0, 14, 7, 48]
1542746248220;[171, 0, 4, 255, 132, 128, 64]
1542746248223;[171, 0, 4, 255, 132, 128, 64]
1542746248225;[171, 0, 17, 255, 161, 74, 234, 74, 14, 0, 0, 250, 0, 0, 45, 1, 0, 14, 7, 63]
1542746248227;[171, 0, 17, 255, 161, 74, 234, 74, 14, 0, 0, 250, 0, 0, 45, 1, 0, 14, 7, 63]
1542746248382;[171, 0, 17, 255, 161, 74, 234, 74, 14, 0, 0, 251, 0, 0, 44, 1, 0, 15, 7, 59]
1542746248384;[171, 0, 17, 255, 161, 74, 234, 74, 14, 0, 0, 251, 0, 0, 44, 1, 0, 15, 7, 59]
1542746248556;[171, 0, 17, 255, 161, 74, 234, 74, 14, 0, 0, 250, 0, 0, 44, 1, 0, 16, 7, 55]
1542746248558;[171, 0, 17, 255, 161, 74, 234, 74, 14, 0, 0, 250, 0, 0, 44, 1, 0, 16, 7, 55]
1542746248560;[171, 0, 17, 255, 161, 74, 234, 74, 14, 0, 0, 248, 0, 0, 47, 1, 0, 15, 7, 45]
1542746248562;[171, 0, 17, 255, 161, 74, 234, 74, 14, 0, 0, 248, 0, 0, 47, 1, 0, 15, 7, 45]
1542746249075;[171, 0, 17, 255, 161, 74, 234, 74, 15, 0, 0, 249, 0, 0, 46, 1, 0, 16, 7, 13]
1542746249078;[171, 0, 17, 255, 161, 74, 234, 74, 15, 0, 0, 249, 0, 0, 46, 1, 0, 16, 7, 13]
1542746249080;[171, 0, 17, 255, 161, 74, 234, 74, 15, 0, 0, 248, 0, 0, 43, 1, 0, 16, 6, 232]
1542746249082;[171, 0, 17, 255, 161, 74, 234, 74, 15, 0, 0, 248, 0, 0, 43, 1, 0, 16, 6, 232]
1542746249085;[171, 0, 17, 255, 161, 74, 234, 74, 15, 0, 0, 250, 0, 0, 45, 1, 0, 16, 6, 207]
1542746249087;[171, 0, 17, 255, 161, 74, 234, 74, 15, 0, 0, 250, 0, 0, 45, 1, 0, 16, 6, 207]
1542746249089;[171, 0, 17, 255, 161, 74, 234, 74, 15, 0, 0, 250, 0, 0, 46, 1, 0, 15, 7, 42]
1542746249090;[171, 0, 17, 255, 161, 74, 234, 74, 15, 0, 0, 250, 0, 0, 46, 1, 0, 15, 7, 42]
1542746249417;[171, 0, 17, 255, 161, 74, 234, 74, 15, 0, 0, 250, 0, 0, 42, 1, 0, 15, 7, 109]
1542746249418;[171, 0, 17, 255, 161, 74, 234, 74, 15, 0, 0, 250, 0, 0, 42, 1, 0, 15, 7, 109]
1542746249419;[171, 0, 17, 255, 161, 74, 234, 74, 15, 0, 0, 249, 0, 0, 43, 1, 0, 15, 7, 115]
1542746249421;[171, 0, 17, 255, 161, 74, 234, 74, 15, 0, 0, 249, 0, 0, 43, 1, 0, 15, 7, 115]
1542746249423;[171, 0, 4, 255, 132, 128, 64]
1542746249426;[171, 0, 4, 255, 132, 128, 64]
1542746249428;[171, 0, 17, 255, 161, 74, 234, 74, 15, 0, 0, 247, 0, 0, 46, 1, 0, 15, 7, 104]
1542746249435;[171, 0, 17, 255, 161, 74, 234, 74, 15, 0, 0, 247, 0, 0, 46, 1, 0, 15, 7, 104]
1542746249587;[171, 0, 17, 255, 161, 74, 234, 74, 15, 0, 0, 248, 0, 0, 46, 1, 0, 15, 7, 102]
1542746249589;[171, 0, 17, 255, 161, 74, 234, 74, 15, 0, 0, 248, 0, 0, 46, 1, 0, 15, 7, 102]
1542746249590;[171, 0, 17, 255, 161, 74, 234, 74, 15, 0, 0, 248, 0, 0, 43, 1, 0, 15, 7, 87]
1542746249591;[171, 0, 17, 255, 161, 74, 234, 74, 15, 0, 0, 248, 0, 0, 43, 1, 0, 15, 7, 87]
1542746249593;[171, 0, 17, 255, 161, 74, 234, 74, 15, 0, 0, 249, 0, 0, 44, 1, 0, 16, 7, 53]
1542746249594;[171, 0, 17, 255, 161, 74, 234, 74, 15, 0, 0, 249, 0, 0, 44, 1, 0, 16, 7, 53]
1542746249762;[171, 0, 17, 255, 161, 74, 234, 74, 16, 0, 0, 249, 0, 0, 47, 1, 0, 16, 7, 13]
1542746249764;[171, 0, 17, 255, 161, 74, 234, 74, 16, 0, 0, 249, 0, 0, 47, 1, 0, 16, 7, 13]
1542746250282;[171, 0, 17, 255, 161, 74, 234, 74, 16, 0, 0, 250, 0, 0, 43, 1, 0, 17, 7, 6]
1542746250283;[171, 0, 17, 255, 161, 74, 234, 74, 16, 0, 0, 250, 0, 0, 43, 1, 0, 17, 7, 6]
1542746250287;[171, 0, 17, 255, 161, 74, 234, 74, 16, 0, 0, 248, 0, 0, 46, 1, 0, 16, 7, 92]
1542746250289;[171, 0, 17, 255, 161, 74, 234, 74, 16, 0, 0, 248, 0, 0, 46, 1, 0, 16, 7, 92]
1542746250291;[171, 0, 17, 255, 161, 74, 234, 74, 16, 0, 0, 251, 0, 0, 46, 1, 0, 14, 7, 135]
1542746250293;[171, 0, 17, 255, 161, 74, 234, 74, 16, 0, 0, 251, 0, 0, 46, 1, 0, 14, 7, 135]
1542746250295;[171, 0, 17, 255, 161, 74, 234, 74, 16, 0, 0, 249, 0, 0, 44, 1, 0, 14, 7, 132]
1542746250297;[171, 0, 17, 255, 161, 74, 234, 74, 16, 0, 0, 249, 0, 0, 44, 1, 0, 14, 7, 132]
1542746250799;[171, 0, 17, 255, 161, 74, 234, 74, 16, 0, 0, 247, 0, 0, 44, 1, 0, 16, 7, 114]
1542746250801;[171, 0, 17, 255, 161, 74, 234, 74, 16, 0, 0, 247, 0, 0, 44, 1, 0, 16, 7, 114]
1542746250804;[171, 0, 4, 255, 132, 128, 64]
1542746250806;[171, 0, 4, 255, 132, 128, 64]
1542746250809;[171, 0, 17, 255, 161, 74, 234, 74, 16, 0, 0, 250, 0, 0, 46, 1, 0, 15, 7, 97]
1542746250810;[171, 0, 17, 255, 161, 74, 234, 74, 16, 0, 0, 250, 0, 0, 46, 1, 0, 15, 7, 97]
1542746250813;[171, 0, 17, 255, 161, 74, 234, 74, 16, 0, 0, 250, 0, 0, 44, 1, 0, 14, 7, 62]
1542746250814;[171, 0, 17, 255, 161, 74, 234, 74, 16, 0, 0, 250, 0, 0, 44, 1, 0, 14, 7, 62]
1542746250971;[171, 0, 17, 255, 161, 74, 234, 74, 16, 0, 0, 250, 0, 0, 44, 1, 0, 16, 7, 29]
1542746250973;[171, 0, 17, 255, 161, 74, 234, 74, 16, 0, 0, 250, 0, 0, 44, 1, 0, 16, 7, 29]
1542746250975;[171, 0, 17, 255, 161, 74, 234, 74, 16, 0, 0, 248, 0, 0, 44, 1, 0, 14, 6, 238]
1542746250977;[171, 0, 17, 255, 161, 74, 234, 74, 16, 0, 0, 248, 0, 0, 44, 1, 0, 14, 6, 238]
1542746250980;[171, 0, 17, 255, 161, 74, 234, 74, 17, 0, 0, 250, 0, 0, 43, 1, 0, 16, 6, 219]
1542746250981;[171, 0, 17, 255, 161, 74, 234, 74, 17, 0, 0, 250, 0, 0, 43, 1, 0, 16, 6, 219]
1542746250984;[171, 0, 17, 255, 161, 74, 234, 74, 17, 0, 0, 249, 0, 0, 44, 1, 0, 17, 7, 38]
1542746250985;[171, 0, 17, 255, 161, 74, 234, 74, 17, 0, 0, 249, 0, 0, 44, 1, 0, 17, 7, 38]
1542746251143;[171, 0, 17, 255, 161, 74, 234, 74, 17, 0, 0, 249, 0, 0, 45, 1, 0, 16, 7, 79]
1542746251145;[171, 0, 17, 255, 161, 74, 234, 74, 17, 0, 0, 249, 0, 0, 45, 1, 0, 16, 7, 79]
1542746251147;[171, 0, 17, 255, 161, 74, 234, 74, 17, 0, 0, 250, 0, 0, 45, 1, 0, 15, 7, 79]
1542746251149;[171, 0, 17, 255, 161, 74, 234, 74, 17, 0, 0, 250, 0, 0, 45, 1, 0, 15, 7, 79]
1542746251489;[171, 0, 17, 255, 161, 74, 234, 74, 17, 0, 0, 247, 0, 0, 45, 1, 0, 15, 7, 70]
1542746251493;[171, 0, 17, 255, 161, 74, 234, 74, 17, 0, 0, 247, 0, 0, 45, 1, 0, 15, 7, 70]
1542746251495;[171, 0, 17, 255, 161, 74, 234, 74, 17, 0, 0, 248, 0, 0, 47, 1, 0, 16, 7, 50]
1542746251497;[171, 0, 17, 255, 161, 74, 234, 74, 17, 0, 0, 248, 0, 0, 47, 1, 0, 16, 7, 50]
1542746251498;[171, 0, 4, 255, 132, 128, 64]
1542746251501;[171, 0, 4, 255, 132, 128, 64]
1542746251661;[171, 0, 17, 255, 161, 74, 234, 74, 17, 0, 0, 248, 0, 0, 45, 1, 0, 16, 7, 22]
1542746251662;[171, 0, 17, 255, 161, 74, 234, 74, 17, 0, 0, 248, 0, 0, 45, 1, 0, 16, 7, 22]
1542746251665;[171, 0, 17, 255, 161, 74, 234, 74, 17, 0, 0, 251, 0, 0, 46, 1, 0, 15, 6, 243]
1542746251667;[171, 0, 17, 255, 161, 74, 234, 74, 17, 0, 0, 251, 0, 0, 46, 1, 0, 15, 6, 243]
1542746252006;[171, 0, 17, 255, 161, 74, 234, 74, 17, 0, 0, 252, 0, 0, 44, 1, 0, 15, 6, 192]
1542746252008;[171, 0, 17, 255, 161, 74, 234, 74, 17, 0, 0, 252, 0, 0, 44, 1, 0, 15, 6, 192]
1542746252010;[171, 0, 17, 255, 161, 74, 234, 74, 17, 0, 0, 250, 0, 0, 44, 1, 0, 15, 6, 151]
1542746252012;[171, 0, 17, 255, 161, 74, 234, 74, 17, 0, 0, 250, 0, 0, 44, 1, 0, 15, 6, 151]
1542746252014;[171, 0, 17, 255, 161, 74, 234, 74, 18, 0, 0, 250, 0, 0, 46, 1, 0, 16, 6, 145]
1542746252016;[171, 0, 17, 255, 161, 74, 234, 74, 18, 0, 0, 250, 0, 0, 46, 1, 0, 16, 6, 145]
1542746252018;[171, 0, 17, 255, 161, 74, 234, 74, 18, 0, 0, 250, 0, 0, 46, 1, 0, 15, 6, 211]
1542746252020;[171, 0, 17, 255, 161, 74, 234, 74, 18, 0, 0, 250, 0, 0, 46, 1, 0, 15, 6, 211]
1542746252177;[171, 0, 17, 255, 161, 74, 234, 74, 18, 0, 0, 249, 0, 0, 44, 1, 0, 15, 6, 249]
1542746252178;[171, 0, 17, 255, 161, 74, 234, 74, 18, 0, 0, 249, 0, 0, 44, 1, 0, 15, 6, 249]
1542746252349;[171, 0, 17, 255, 161, 74, 234, 74, 18, 0, 0, 248, 0, 0, 46, 1, 0, 15, 6, 241]
1542746252351;[171, 0, 17, 255, 161, 74, 234, 74, 18, 0, 0, 248, 0, 0, 46, 1, 0, 15, 6, 241]
1542746252353;[171, 0, 17, 255, 161, 74, 234, 74, 18, 0, 0, 248, 0, 0, 45, 1, 0, 15, 6, 215]
1542746252354;[171, 0, 17, 255, 161, 74, 234, 74, 18, 0, 0, 248, 0, 0, 45, 1, 0, 15, 6, 215]
1542746252870;[171, 0, 17, 255, 161, 74, 234, 74, 18, 0, 0, 251, 0, 0, 45, 1, 0, 16, 6, 205]
1542746252872;[171, 0, 17, 255, 161, 74, 234, 74, 18, 0, 0, 251, 0, 0, 45, 1, 0, 16, 6, 205]
1542746252874;[171, 0, 4, 255, 132, 128, 64]
1542746252877;[171, 0, 4, 255, 132, 128, 64]
1542746252880;[171, 0, 17, 255, 161, 74, 234, 74, 18, 0, 0, 250, 0, 0, 43, 1, 0, 14, 6, 170]
1542746252882;[171, 0, 17, 255, 161, 74, 234, 74, 18, 0, 0, 250, 0, 0, 43, 1, 0, 14, 6, 170]
1542746252883;[171, 0, 17, 255, 161, 74, 234, 74, 18, 0, 0, 248, 0, 0, 47, 1, 0, 14, 6, 135]
1542746252885;[171, 0, 17, 255, 161, 74, 234, 74, 18, 0, 0, 248, 0, 0, 47, 1, 0, 14, 6, 135]
1542746253212;[171, 0, 17, 255, 161, 74, 234, 74, 18, 0, 0, 251, 0, 0, 45, 1, 0, 15, 6, 96]
1542746253214;[171, 0, 17, 255, 161, 74, 234, 74, 18, 0, 0, 251, 0, 0, 45, 1, 0, 15, 6, 96]
1542746253387;[171, 0, 17, 255, 161, 74, 234, 74, 18, 0, 0, 251, 0, 0, 44, 1, 0, 16, 6, 49]
1542746253389;[171, 0, 17, 255, 161, 74, 234, 74, 18, 0, 0, 251, 0, 0, 44, 1, 0, 16, 6, 49]
1542746253392;[171, 0, 17, 255, 161, 74, 234, 74, 19, 0, 0, 250, 0, 0, 43, 1, 0, 16, 6, 93]
1542746253394;[171, 0, 17, 255, 161, 74, 234, 74, 19, 0, 0, 250, 0, 0, 43, 1, 0, 16, 6, 93]
1542746253396;[171, 0, 17, 255, 161, 74, 234, 74, 19, 0, 0, 252, 0, 0, 45, 1, 0, 17, 6, 140]
1542746253398;[171, 0, 17, 255, 161, 74, 234, 74, 19, 0, 0, 252, 0, 0, 45, 1, 0, 17, 6, 140]
1542746253400;[171, 0, 17, 255, 161, 74, 234, 74, 19, 0, 0, 250, 0, 0, 44, 1, 0, 15, 6, 133]
1542746253402;[171, 0, 17, 255, 161, 74, 234, 74, 19, 0, 0, 250, 0, 0, 44, 1, 0, 15, 6, 133]
1542746253558;[171, 0, 17, 255, 161, 74, 234, 74, 19, 0, 0, 251, 0, 0, 46, 1, 0, 16, 6, 116]
1542746253560;[171, 0, 17, 255, 161, 74, 234, 74, 19, 0, 0, 251, 0, 0, 46, 1, 0, 16, 6, 116]
1542746253563;[171, 0, 17, 255, 161, 74, 234, 74, 19, 0, 0, 249, 0, 0, 45, 1, 0, 15, 6, 87]
1542746253565;[171, 0, 17, 255, 161, 74, 234, 74, 19, 0, 0, 249, 0, 0, 45, 1, 0, 15, 6, 87]
1542746253567;[171, 0, 17, 255, 161, 74, 234, 74, 19, 0, 0, 251, 0, 0, 46, 1, 0, 15, 6, 69]
1542746253569;[171, 0, 17, 255, 161, 74, 234, 74, 19, 0, 0, 251, 0, 0, 46, 1, 0, 15, 6, 69]
1542746253730;[171, 0, 4, 255, 132, 128, 64]
1542746253733;[171, 0, 4, 255, 132, 128, 64]
1542746253735;[171, 0, 17, 255, 161, 74, 234, 74, 19, 0, 0, 250, 0, 0, 47, 1, 0, 15, 6, 29]
1542746253737;[171, 0, 17, 255, 161, 74, 234, 74, 19, 0, 0, 250, 0, 0, 47, 1, 0, 15, 6, 29]
1542746254075;[171, 0, 17, 255, 161, 74, 234, 74, 19, 0, 0, 250, 0, 0, 46, 1, 0, 16, 5, 251]
1542746254077;[171, 0, 17, 255, 161, 74, 234, 74, 19, 0, 0, 250, 0, 0, 46, 1, 0, 16, 5, 251]
1542746254080;[171, 0, 17, 255, 161, 74, 234, 74, 19, 0, 0, 250, 0, 0, 45, 1, 0, 16, 5, 227]
1542746254081;[171, 0, 17, 255, 161, 74, 234, 74, 19, 0, 0, 250, 0, 0, 45, 1, 0, 16, 5, 227]
1542746254084;[171, 0, 17, 255, 161, 74, 234, 74, 19, 0, 0, 250, 0, 0, 44, 1, 0, 15, 6, 39]
1542746254086;[171, 0, 17, 255, 161, 74, 234, 74, 19, 0, 0, 250, 0, 0, 44, 1, 0, 15, 6, 39]
1542746254595;[171, 0, 17, 255, 161, 74, 234, 74, 20, 0, 0, 247, 0, 0, 45, 1, 0, 15, 6, 62]
1542746254597;[171, 0, 17, 255, 161, 74, 234, 74, 20, 0, 0, 247, 0, 0, 45, 1, 0, 15, 6, 62]
1542746254600;[171, 0, 17, 255, 161, 74, 234, 74, 20, 0, 0, 251, 0, 0, 46, 1, 0, 15, 6, 55]
1542746254602;[171, 0, 17, 255, 161, 74, 234, 74, 20, 0, 0, 251, 0, 0, 46, 1, 0, 15, 6, 55]
1542746254604;[171, 0, 17, 255, 161, 74, 234, 74, 20, 0, 0, 253, 0, 0, 44, 1, 0, 15, 6, 48]
1542746254606;[171, 0, 17, 255, 161, 74, 234, 74, 20, 0, 0, 253, 0, 0, 44, 1, 0, 15, 6, 48]
1542746254607;[171, 0, 17, 255, 161, 74, 234, 74, 20, 0, 0, 250, 0, 0, 46, 1, 0, 17, 6, 22]
1542746254609;[171, 0, 17, 255, 161, 74, 234, 74, 20, 0, 0, 250, 0, 0, 46, 1, 0, 17, 6, 22]
1542746254766;[171, 0, 17, 255, 161, 74, 234, 74, 20, 0, 0, 250, 0, 0, 46, 1, 0, 15, 6, 2]
1542746254768;[171, 0, 17, 255, 161, 74, 234, 74, 20, 0, 0, 250, 0, 0, 46, 1, 0, 15, 6, 2]
1542746254770;[171, 0, 17, 255, 161, 74, 234, 74, 20, 0, 0, 250, 0, 0, 46, 1, 0, 15, 5, 215]
1542746254772;[171, 0, 17, 255, 161, 74, 234, 74, 20, 0, 0, 250, 0, 0, 46, 1, 0, 15, 5, 215]
1542746254775;[171, 0, 4, 255, 132, 128, 64]
1542746254777;[171, 0, 4, 255, 132, 128, 64]
1542746254937;[171, 0, 17, 255, 161, 74, 234, 74, 20, 0, 0, 251, 0, 0, 44, 1, 0, 16, 5, 173]
1542746254939;[171, 0, 17, 255, 161, 74, 234, 74, 20, 0, 0, 251, 0, 0, 44, 1, 0, 16, 5, 173]
1542746254942;[171, 0, 17, 255, 161, 74, 234, 74, 20, 0, 0, 252, 0, 0, 47, 1, 0, 15, 5, 135]
1542746254943;[171, 0, 17, 255, 161, 74, 234, 74, 20, 0, 0, 252, 0, 0, 47, 1, 0, 15, 5, 135]
1542746255457;[171, 0, 17, 255, 161, 74, 234, 74, 20, 0, 0, 249, 0, 0, 46, 1, 0, 16, 5, 180]
1542746255459;[171, 0, 17, 255, 161, 74, 234, 74, 20, 0, 0, 249, 0, 0, 46, 1, 0, 16, 5, 180]
1542746255462;[171, 0, 17, 255, 161, 74, 234, 74, 20, 0, 0, 252, 0, 0, 46, 1, 0, 15, 5, 236]
1542746255465;[171, 0, 17, 255, 161, 74, 234, 74, 20, 0, 0, 252, 0, 0, 46, 1, 0, 15, 5, 236]
1542746255467;[171, 0, 17, 255, 161, 74, 234, 74, 21, 0, 0, 250, 0, 0, 45, 1, 0, 15, 5, 244]
1542746255469;[171, 0, 17, 255, 161, 74, 234, 74, 21, 0, 0, 250, 0, 0, 45, 1, 0, 15, 5, 244]
1542746255471;[171, 0, 17, 255, 161, 74, 234, 74, 21, 0, 0, 249, 0, 0, 44, 1, 0, 15, 5, 234]
1542746255473;[171, 0, 17, 255, 161, 74, 234, 74, 21, 0, 0, 249, 0, 0, 44, 1, 0, 15, 5, 234]
1542746255801;[171, 0, 17, 255, 161, 74, 234, 74, 21, 0, 0, 253, 0, 0, 47, 1, 0, 14, 5, 221]
1542746255803;[171, 0, 17, 255, 161, 74, 234, 74, 21, 0, 0, 253, 0, 0, 47, 1, 0, 14, 5, 221]
1542746255806;[171, 0, 17, 255, 161, 74, 234, 74, 21, 0, 0, 247, 0, 0, 43, 1, 0, 15, 5, 202]
1542746255808;[171, 0, 17, 255, 161, 74, 234, 74, 21, 0, 0, 247, 0, 0, 43, 1, 0, 15, 5, 202]
1542746255810;[171, 0, 17, 255, 161, 74, 234, 74, 21, 0, 0, 251, 0, 0, 46, 1, 0, 14, 5, 168]
1542746255812;[171, 0, 17, 255, 161, 74, 234, 74, 21, 0, 0, 251, 0, 0, 46, 1, 0, 14, 5, 168]
1542746255814;[171, 0, 17, 255, 161, 74, 234, 74, 21, 0, 0, 250, 0, 0, 44, 1, 0, 16, 5, 132]
1542746255816;[171, 0, 17, 255, 161, 74, 234, 74, 21, 0, 0, 250, 0, 0, 44, 1, 0, 16, 5, 132]
1542746255971;[171, 0, 4, 255, 132, 128, 64]
1542746255974;[171, 0, 4, 255, 132, 128, 64]
1542746255976;[171, 0, 17, 255, 161, 74, 234, 74, 21, 0, 0, 250, 0, 0, 47, 1, 0, 15, 5, 93]
1542746255978;[171, 0, 17, 255, 161, 74, 234, 74, 21, 0, 0, 250, 0, 0, 47, 1, 0, 15, 5, 93]
1542746256317;[171, 0, 17, 255, 161, 74, 234, 74, 21, 0, 0, 250, 0, 0, 46, 1, 0, 15, 5, 67]
1542746256319;[171, 0, 17, 255, 161, 74, 234, 74, 21, 0, 0, 250, 0, 0, 46, 1, 0, 15, 5, 67]
1542746256664;[171, 0, 17, 255, 161, 74, 234, 74, 21, 0, 0, 249, 0, 0, 46, 1, 0, 15, 5, 124]
1542746256666;[171, 0, 17, 255, 161, 74, 234, 74, 21, 0, 0, 249, 0, 0, 46, 1, 0, 15, 5, 124]
1542746256668;[171, 0, 17, 255, 161, 74, 234, 74, 21, 0, 0, 250, 0, 0, 44, 1, 0, 16, 5, 147]
1542746256670;[171, 0, 17, 255, 161, 74, 234, 74, 21, 0, 0, 250, 0, 0, 44, 1, 0, 16, 5, 147]
1542746256673;[171, 0, 17, 255, 161, 74, 234, 74, 22, 0, 0, 250, 0, 0, 44, 1, 0, 14, 5, 136]
1542746256676;[171, 0, 17, 255, 161, 74, 234, 74, 22, 0, 0, 250, 0, 0, 44, 1, 0, 14, 5, 136]
1542746256678;[171, 0, 17, 255, 161, 74, 234, 74, 22, 0, 0, 248, 0, 0, 48, 1, 0, 16, 5, 125]
1542746256680;[171, 0, 17, 255, 161, 74, 234, 74, 22, 0, 0, 248, 0, 0, 48, 1, 0, 16, 5, 125]
1542746257182;[171, 0, 17, 255, 161, 74, 234, 74, 22, 0, 0, 246, 0, 0, 45, 1, 0, 17, 5, 104]
1542746257186;[171, 0, 17, 255, 161, 74, 234, 74, 22, 0, 0, 246, 0, 0, 45, 1, 0, 17, 5, 104]
1542746257188;[171, 0, 17, 255, 161, 74, 234, 74, 22, 0, 0, 250, 0, 0, 46, 1, 0, 15, 5, 81]
1542746257190;[171, 0, 17, 255, 161, 74, 234, 74, 22, 0, 0, 250, 0, 0, 46, 1, 0, 15, 5, 81]
1542746257192;[171, 0, 17, 255, 161, 74, 234, 74, 22, 0, 0, 249, 0, 0, 45, 1, 0, 16, 5, 48]
1542746257194;[171, 0, 17, 255, 161, 74, 234, 74, 22, 0, 0, 249, 0, 0, 45, 1, 0, 16, 5, 48]
1542746257196;[171, 0, 17, 255, 161, 74, 234, 74, 22, 0, 0, 249, 0, 0, 44, 1, 0, 15, 5, 5]
1542746257198;[171, 0, 17, 255, 161, 74, 234, 74, 22, 0, 0, 249, 0, 0, 44, 1, 0, 15, 5, 5]
1542746257353;[171, 0, 4, 255, 132, 128, 64]
1542746257355;[171, 0, 4, 255, 132, 128, 64]
1542746257358;[171, 0, 17, 255, 161, 74, 234, 74, 22, 0, 0, 251, 0, 0, 43, 1, 0, 15, 4, 244]
1542746257359;[171, 0, 17, 255, 161, 74, 234, 74, 22, 0, 0, 251, 0, 0, 43, 1, 0, 15, 4, 244]
1542746257361;[171, 0, 17, 255, 161, 74, 234, 74, 22, 0, 0, 250, 0, 0, 43, 1, 0, 18, 5, 32]
1542746257363;[171, 0, 17, 255, 161, 74, 234, 74, 22, 0, 0, 250, 0, 0, 43, 1, 0, 18, 5, 32]
1542746257366;[171, 0, 17, 255, 161, 74, 234, 74, 22, 0, 0, 249, 0, 0, 45, 1, 0, 14, 5, 40]
1542746257367;[171, 0, 17, 255, 161, 74, 234, 74, 22, 0, 0, 249, 0, 0, 45, 1, 0, 14, 5, 40]
1542746257872;[171, 0, 17, 255, 161, 74, 234, 74, 22, 0, 0, 250, 0, 0, 47, 1, 0, 15, 5, 26]
1542746257876;[171, 0, 17, 255, 161, 74, 234, 74, 22, 0, 0, 250, 0, 0, 47, 1, 0, 15, 5, 26]
1542746257878;[171, 0, 17, 255, 161, 74, 234, 74, 23, 0, 0, 248, 0, 0, 45, 1, 0, 16, 5, 3]
1542746257880;[171, 0, 17, 255, 161, 74, 234, 74, 23, 0, 0, 248, 0, 0, 45, 1, 0, 16, 5, 3]
1542746257882;[171, 0, 17, 255, 161, 74, 234, 74, 23, 0, 0, 250, 0, 0, 46, 1, 0, 15, 4, 226]
1542746257884;[171, 0, 17, 255, 161, 74, 234, 74, 23, 0, 0, 250, 0, 0, 46, 1, 0, 15, 4, 226]
1542746257886;[171, 0, 17, 255, 161, 74, 234, 74, 23, 0, 0, 252, 0, 0, 44, 1, 0, 15, 4, 198]
1542746257887;[171, 0, 17, 255, 161, 74, 234, 74, 23, 0, 0, 252, 0, 0, 44, 1, 0, 15, 4, 198]
1542746258044;[171, 0, 17, 255, 161, 74, 234, 74, 23, 0, 0, 251, 0, 0, 47, 1, 0, 15, 4, 163]
1542746258046;[171, 0, 17, 255, 161, 74, 234, 74, 23, 0, 0, 251, 0, 0, 47, 1, 0, 15, 4, 163]
1542746258049;[171, 0, 17, 255, 161, 74, 234, 74, 23, 0, 0, 251, 0, 0, 44, 1, 0, 16, 4, 108]
1542746258050;[171, 0, 17, 255, 161, 74, 234, 74, 23, 0, 0, 251, 0, 0, 44, 1, 0, 16, 4, 108]
1542746258388;[171, 0, 17, 255, 161, 74, 234, 74, 23, 0, 0, 250, 0, 0, 46, 1, 0, 15, 4, 84]
1542746258390;[171, 0, 17, 255, 161, 74, 234, 74, 23, 0, 0, 250, 0, 0, 46, 1, 0, 15, 4, 84]
1542746258392;[171, 0, 4, 255, 132, 128, 64]
1542746258394;[171, 0, 4, 255, 132, 128, 64]
1542746258397;[171, 0, 17, 255, 161, 74, 234, 74, 23, 0, 0, 250, 0, 0, 46, 1, 0, 15, 4, 109]
1542746258400;[171, 0, 17, 255, 161, 74, 234, 74, 23, 0, 0, 250, 0, 0, 46, 1, 0, 15, 4, 109]
1542746258402;[171, 0, 17, 255, 161, 74, 234, 74, 23, 0, 0, 250, 0, 0, 48, 1, 0, 15, 4, 129]
1542746258404;[171, 0, 17, 255, 161, 74, 234, 74, 23, 0, 0, 250, 0, 0, 48, 1, 0, 15, 4, 129]
1542746258559;[171, 0, 17, 255, 161, 74, 234, 74, 23, 0, 0, 251, 0, 0, 44, 1, 0, 14, 4, 117]
1542746258562;[171, 0, 17, 255, 161, 74, 234, 74, 23, 0, 0, 251, 0, 0, 44, 1, 0, 14, 4, 117]
1542746258565;[171, 0, 17, 255, 161, 74, 234, 74, 23, 0, 0, 252, 0, 0, 46, 1, 0, 14, 4, 96]
1542746258567;[171, 0, 17, 255, 161, 74, 234, 74, 23, 0, 0, 252, 0, 0, 46, 1, 0, 14, 4, 96]
1542746258568;[171, 0, 17, 255, 161, 74, 234, 74, 24, 0, 0, 250, 0, 0, 45, 1, 0, 17, 4, 73]
1542746258570;[171, 0, 17, 255, 161, 74, 234, 74, 24, 0, 0, 250, 0, 0, 45, 1, 0, 17, 4, 73]
1542746258731;[171, 0, 17, 255, 161, 74, 234, 74, 24, 0, 0, 248, 0, 0, 44, 1, 0, 16, 4, 38]
1542746258734;[171, 0, 17, 255, 161, 74, 234, 74, 24, 0, 0, 248, 0, 0, 44, 1, 0, 16, 4, 38]
1542746258735;[171, 0, 17, 255, 161, 74, 234, 74, 24, 0, 0, 250, 0, 0, 44, 1, 0, 14, 3, 252]
1542746258737;[171, 0, 17, 255, 161, 74, 234, 74, 24, 0, 0, 250, 0, 0, 44, 1, 0, 14, 3, 252]
1542746258906;[171, 0, 17, 255, 161, 74, 234, 74, 24, 0, 0, 248, 0, 0, 46, 1, 0, 14, 3, 217]
1542746258907;[171, 0, 17, 255, 161, 74, 234, 74, 24, 0, 0, 248, 0, 0, 46, 1, 0, 14, 3, 217]
1542746258910;[171, 0, 17, 255, 161, 74, 234, 74, 24, 0, 0, 247, 0, 0, 45, 1, 0, 16, 3, 170]
1542746258912;[171, 0, 17, 255, 161, 74, 234, 74, 24, 0, 0, 247, 0, 0, 45, 1, 0, 16, 3, 170]
1542746259250;[171, 0, 17, 255, 161, 74, 234, 74, 24, 0, 0, 247, 0, 0, 44, 1, 0, 17, 3, 156]
1542746259251;[171, 0, 17, 255, 161, 74, 234, 74, 24, 0, 0, 247, 0, 0, 44, 1, 0, 17, 3, 156]
1542746259260;[171, 0, 4, 255, 132, 128, 64]
1542746259266;[171, 0, 4, 255, 132, 128, 64]
1542746259269;[171, 0, 17, 255, 161, 74, 234, 74, 24, 0, 0, 249, 0, 0, 46, 1, 0, 16, 3, 187]
1542746259271;[171, 0, 17, 255, 161, 74, 234, 74, 24, 0, 0, 249, 0, 0, 46, 1, 0, 16, 3, 187]
1542746259595;[171, 0, 17, 255, 161, 74, 234, 74, 24, 0, 0, 250, 0, 0, 43, 1, 0, 15, 3, 192]
1542746259598;[171, 0, 17, 255, 161, 74, 234, 74, 24, 0, 0, 250, 0, 0, 43, 1, 0, 15, 3, 192]
1542746259600;[171, 0, 17, 255, 161, 74, 234, 74, 24, 0, 0, 250, 0, 0, 46, 1, 0, 15, 3, 182]
1542746259602;[171, 0, 17, 255, 161, 74, 234, 74, 24, 0, 0, 250, 0, 0, 46, 1, 0, 15, 3, 182]
1542746259603;[171, 0, 17, 255, 161, 74, 234, 74, 24, 0, 0, 248, 0, 0, 45, 1, 0, 14, 3, 162]
1542746259605;[171, 0, 17, 255, 161, 74, 234, 74, 24, 0, 0, 248, 0, 0, 45, 1, 0, 14, 3, 162]
1542746259768;[171, 0, 17, 255, 161, 74, 234, 74, 25, 0, 0, 250, 0, 0, 44, 1, 0, 16, 3, 145]
1542746259770;[171, 0, 17, 255, 161, 74, 234, 74, 25, 0, 0, 250, 0, 0, 44, 1, 0, 16, 3, 145]
1542746259773;[171, 0, 17, 255, 161, 74, 234, 74, 25, 0, 0, 251, 0, 0, 45, 1, 0, 15, 3, 119]
1542746259774;[171, 0, 17, 255, 161, 74, 234, 74, 25, 0, 0, 251, 0, 0, 45, 1, 0, 15, 3, 119]
1542746259941;[171, 0, 17, 255, 161, 74, 234, 74, 25, 0, 0, 249, 0, 0, 48, 1, 0, 15, 3, 84]
1542746259942;[171, 0, 17, 255, 161, 74, 234, 74, 25, 0, 0, 249, 0, 0, 48, 1, 0, 15, 3, 84]
1542746259944;[171, 0, 17, 255, 161, 74, 234, 74, 25, 0, 0, 250, 0, 0, 47, 1, 0, 17, 3, 55]
1542746259946;[171, 0, 17, 255, 161, 74, 234, 74, 25, 0, 0, 250, 0, 0, 47, 1, 0, 17, 3, 55]
1542746260113;[171, 0, 17, 255, 161, 74, 234, 74, 25, 0, 0, 252, 0, 0, 47, 1, 0, 15, 3, 31]
1542746260115;[171, 0, 17, 255, 161, 74, 234, 74, 25, 0, 0, 252, 0, 0, 47, 1, 0, 15, 3, 31]
1542746260118;[171, 0, 17, 255, 161, 74, 234, 74, 25, 0, 0, 249, 0, 0, 45, 1, 0, 14, 3, 53]
1542746260119;[171, 0, 17, 255, 161, 74, 234, 74, 25, 0, 0, 249, 0, 0, 45, 1, 0, 14, 3, 53]
1542746260459;[171, 0, 4, 255, 132, 128, 64]
1542746260462;[171, 0, 4, 255, 132, 128, 64]
1542746260465;[171, 0, 17, 255, 161, 74, 234, 74, 25, 0, 0, 247, 0, 0, 43, 1, 0, 16, 3, 80]
1542746260467;[171, 0, 17, 255, 161, 74, 234, 74, 25, 0, 0, 247, 0, 0, 43, 1, 0, 16, 3, 80]
1542746260469;[171, 0, 17, 255, 161, 74, 234, 74, 25, 0, 0, 251, 0, 0, 45, 1, 0, 16, 3, 85]
1542746260470;[171, 0, 17, 255, 161, 74, 234, 74, 25, 0, 0, 251, 0, 0, 45, 1, 0, 16, 3, 85]
1542746260974;[171, 0, 17, 255, 161, 74, 234, 74, 25, 0, 0, 253, 0, 0, 45, 1, 0, 17, 3, 67]
1542746260976;[171, 0, 17, 255, 161, 74, 234, 74, 25, 0, 0, 253, 0, 0, 45, 1, 0, 17, 3, 67]
1542746261148;[171, 0, 17, 255, 161, 74, 234, 74, 25, 0, 0, 250, 0, 0, 45, 1, 0, 15, 3, 60]
1542746261150;[171, 0, 17, 255, 161, 74, 234, 74, 25, 0, 0, 250, 0, 0, 45, 1, 0, 15, 3, 60]
1542746261153;[171, 0, 17, 255, 161, 74, 234, 74, 26, 0, 0, 248, 0, 0, 45, 1, 0, 15, 3, 34]
1542746261154;[171, 0, 17, 255, 161, 74, 234, 74, 26, 0, 0, 248, 0, 0, 45, 1, 0, 15, 3, 34]
1542746261157;[171, 0, 17, 255, 161, 74, 234, 74, 26, 0, 0, 250, 0, 0, 48, 1, 0, 15, 3, 7]
1542746261159;[171, 0, 17, 255, 161, 74, 234, 74, 26, 0, 0, 250, 0, 0, 48, 1, 0, 15, 3, 7]
1542746261161;[171, 0, 17, 255, 161, 74, 234, 74, 26, 0, 0, 249, 0, 0, 46, 1, 0, 16, 2, 233]
1542746261163;[171, 0, 17, 255, 161, 74, 234, 74, 26, 0, 0, 249, 0, 0, 46, 1, 0, 16, 2, 233]
1542746261321;[171, 0, 17, 255, 161, 74, 234, 74, 26, 0, 0, 249, 0, 0, 45, 1, 0, 15, 2, 232]
1542746261323;[171, 0, 17, 255, 161, 74, 234, 74, 26, 0, 0, 249, 0, 0, 45, 1, 0, 15, 2, 232]
1542746261326;[171, 0, 17, 255, 161, 74, 234, 74, 26, 0, 0, 248, 0, 0, 47, 1, 0, 15, 3, 40]
1542746261328;[171, 0, 17, 255, 161, 74, 234, 74, 26, 0, 0, 248, 0, 0, 47, 1, 0, 15, 3, 40]
1542746261332;[171, 0, 17, 255, 161, 74, 234, 74, 26, 0, 0, 249, 0, 0, 44, 1, 0, 16, 3, 86]
1542746261334;[171, 0, 17, 255, 161, 74, 234, 74, 26, 0, 0, 249, 0, 0, 44, 1, 0, 16, 3, 86]
1542746261335;[171, 0, 4, 255, 132, 128, 64]
1542746261338;[171, 0, 4, 255, 132, 128, 64]
1542746261839;[171, 0, 17, 255, 161, 74, 234, 74, 26, 0, 0, 250, 0, 0, 47, 1, 0, 16, 3, 96]
1542746261841;[171, 0, 17, 255, 161, 74, 234, 74, 26, 0, 0, 250, 0, 0, 47, 1, 0, 16, 3, 96]
1542746261844;[171, 0, 17, 255, 161, 74, 234, 74, 26, 0, 0, 250, 0, 0, 45, 1, 0, 17, 3, 97]
1542746261846;[171, 0, 17, 255, 161, 74, 234, 74, 26, 0, 0, 250, 0, 0, 45, 1, 0, 17, 3, 97]
1542746261848;[171, 0, 17, 255, 161, 74, 234, 74, 26, 0, 0, 248, 0, 0, 47, 1, 0, 14, 3, 101]
1542746261850;[171, 0, 17, 255, 161, 74, 234, 74, 26, 0, 0, 248, 0, 0, 47, 1, 0, 14, 3, 101]
1542746261851;[171, 0, 17, 255, 161, 74, 234, 74, 26, 0, 0, 250, 0, 0, 45, 1, 0, 15, 3, 92]
1542746261853;[171, 0, 17, 255, 161, 74, 234, 74, 26, 0, 0, 250, 0, 0, 45, 1, 0, 15, 3, 92]
1542746262183;[171, 0, 17, 255, 161, 74, 234, 74, 27, 0, 0, 250, 0, 0, 46, 1, 0, 16, 3, 80]
1542746262186;[171, 0, 17, 255, 161, 74, 234, 74, 27, 0, 0, 250, 0, 0, 46, 1, 0, 16, 3, 80]
1542746262188;[171, 0, 17, 255, 161, 74, 234, 74, 27, 0, 0, 250, 0, 0, 47, 1, 0, 15, 3, 51]
1542746262190;[171, 0, 17, 255, 161, 74, 234, 74, 27, 0, 0, 250, 0, 0, 47, 1, 0, 15, 3, 51]
1542746262192;[171, 0, 17, 255, 161, 74, 234, 74, 27, 0, 0, 250, 0, 0, 45, 1, 0, 14, 3, 29]
1542746262194;[171, 0, 17, 255, 161, 74, 234, 74, 27, 0, 0, 250, 0, 0, 45, 1, 0, 14, 3, 29]
1542746262196;[171, 0, 17, 255, 161, 74, 234, 74, 27, 0, 0, 250, 0, 0, 47, 1, 0, 15, 3, 108]
1542746262198;[171, 0, 17, 255, 161, 74, 234, 74, 27, 0, 0, 250, 0, 0, 47, 1, 0, 15, 3, 108]
1542746262354;[171, 0, 17, 255, 161, 74, 234, 74, 27, 0, 0, 249, 0, 0, 46, 1, 0, 15, 3, 187]
1542746262356;[171, 0, 17, 255, 161, 74, 234, 74, 27, 0, 0, 249, 0, 0, 46, 1, 0, 15, 3, 187]
1542746262359;[171, 0, 17, 255, 161, 74, 234, 74, 27, 0, 0, 249, 0, 0, 46, 1, 0, 15, 3, 225]
1542746262361;[171, 0, 17, 255, 161, 74, 234, 74, 27, 0, 0, 249, 0, 0, 46, 1, 0, 15, 3, 225]
1542746262527;[171, 0, 4, 255, 132, 128, 64]
1542746262529;[171, 0, 4, 255, 132, 128, 64]
1542746262532;[171, 0, 17, 255, 161, 74, 234, 74, 27, 0, 0, 250, 0, 0, 44, 1, 0, 15, 3, 241]
1542746262534;[171, 0, 17, 255, 161, 74, 234, 74, 27, 0, 0, 250, 0, 0, 44, 1, 0, 15, 3, 241]
1542746263049;[171, 0, 17, 255, 161, 74, 234, 74, 27, 0, 0, 253, 0, 0, 46, 1, 0, 15, 3, 254]
1542746263051;[171, 0, 17, 255, 161, 74, 234, 74, 27, 0, 0, 253, 0, 0, 46, 1, 0, 15, 3, 254]
1542746263053;[171, 0, 17, 255, 161, 74, 234, 74, 27, 0, 0, 248, 0, 0, 46, 1, 0, 16, 3, 251]
1542746263055;[171, 0, 17, 255, 161, 74, 234, 74, 27, 0, 0, 248, 0, 0, 46, 1, 0, 16, 3, 251]
1542746263057;[171, 0, 17, 255, 161, 74, 234, 74, 27, 0, 0, 248, 0, 0, 44, 1, 0, 15, 3, 242]
1542746263058;[171, 0, 17, 255, 161, 74, 234, 74, 27, 0, 0, 248, 0, 0, 44, 1, 0, 15, 3, 242]
1542746263060;[171, 0, 17, 255, 161, 74, 234, 74, 28, 0, 0, 251, 0, 0, 49, 1, 0, 14, 3, 229]
1542746263062;[171, 0, 17, 255, 161, 74, 234, 74, 28, 0, 0, 251, 0, 0, 49, 1, 0, 14, 3, 229]
1542746263563;[171, 0, 17, 255, 161, 74, 234, 74, 28, 0, 0, 251, 0, 0, 44, 1, 0, 16, 3, 202]
1542746263566;[171, 0, 17, 255, 161, 74, 234, 74, 28, 0, 0, 251, 0, 0, 44, 1, 0, 16, 3, 202]
1542746263568;[171, 0, 17, 255, 161, 74, 234, 74, 28, 0, 0, 247, 0, 0, 44, 1, 0, 15, 3, 204]
1542746263570;[171, 0, 17, 255, 161, 74, 234, 74, 28, 0, 0, 247, 0, 0, 44, 1, 0, 15, 3, 204]
1542746263573;[171, 0, 17, 255, 161, 74, 234, 74, 28, 0, 0, 247, 0, 0, 46, 1, 0, 15, 4, 45]
1542746263575;[171, 0, 17, 255, 161, 74, 234, 74, 28, 0, 0, 247, 0, 0, 46, 1, 0, 15, 4, 45]
1542746263577;[171, 0, 17, 255, 161, 74, 234, 74, 28, 0, 0, 251, 0, 0, 46, 1, 0, 14, 4, 105]
1542746263579;[171, 0, 17, 255, 161, 74, 234, 74, 28, 0, 0, 251, 0, 0, 46, 1, 0, 14, 4, 105]
1542746263734;[171, 0, 17, 255, 161, 74, 234, 74, 28, 0, 0, 249, 0, 0, 46, 1, 0, 16, 4, 127]
1542746263737;[171, 0, 17, 255, 161, 74, 234, 74, 28, 0, 0, 249, 0, 0, 46, 1, 0, 16, 4, 127]
1542746263739;[171, 0, 4, 255, 132, 128, 64]
1542746263741;[171, 0, 4, 255, 132, 128, 64]
1542746263909;[171, 0, 17, 255, 161, 74, 234, 74, 28, 0, 0, 249, 0, 0, 45, 1, 0, 15, 4, 141]
1542746263911;[171, 0, 17, 255, 161, 74, 234, 74, 28, 0, 0, 249, 0, 0, 45, 1, 0, 15, 4, 141]
1542746263913;[171, 0, 17, 255, 161, 74, 234, 74, 28, 0, 0, 251, 0, 0, 46, 1, 0, 15, 4, 151]
1542746263915;[171, 0, 17, 255, 161, 74, 234, 74, 28, 0, 0, 251, 0, 0, 46, 1, 0, 15, 4, 151]
1542746263919;[171, 0, 17, 255, 161, 74, 234, 74, 28, 0, 0, 249, 0, 0, 46, 1, 0, 14, 4, 153]
