1542791592479;[171, 0, 4, 255, 132, 128, 95]
1542791592822;[171, 0, 17, 255, 161, 74, 235, 20, 4, 1, 0, 5, 1, 0, 223, 1, 0, 101, 11, 239]
1542791592826;[171, 0, 17, 255, 161, 74, 235, 20, 4, 1, 0, 2, 1, 0, 219, 1, 0, 109, 12, 4]
1542791592830;[171, 0, 17, 255, 161, 74, 235, 20, 4, 1, 0, 9, 1, 0, 237, 1, 0, 84, 12, 16]
1542791592835;[171, 0, 17, 255, 161, 74, 235, 20, 4, 1, 0, 10, 1, 0, 239, 1, 0, 73, 12, 34]
1542791592993;[171, 0, 17, 255, 161, 74, 235, 20, 4, 1, 0, 10, 1, 0, 225, 1, 0, 97, 11, 208]
1542791593341;[171, 0, 17, 255, 161, 74, 235, 20, 4, 1, 0, 8, 1, 0, 243, 1, 0, 98, 11, 216]
1542791593345;[171, 0, 17, 255, 161, 74, 235, 20, 5, 0, 0, 0, 1, 0, 228, 1, 0, 84, 11, 152]
1542791593349;[171, 0, 17, 255, 161, 74, 235, 20, 5, 0, 0, 0, 1, 0, 213, 1, 0, 97, 10, 202]
1542791593354;[171, 0, 17, 255, 161, 74, 235, 20, 5, 1, 0, 3, 1, 0, 222, 1, 0, 91, 10, 91]
1542791593512;[171, 0, 17, 255, 161, 74, 235, 20, 5, 0, 0, 20, 1, 0, 204, 1, 0, 102, 9, 105]
1542791593515;[171, 0, 4, 255, 132, 128, 95]
1542791593684;[171, 0, 17, 255, 161, 74, 235, 20, 5, 1, 0, 8, 1, 0, 215, 1, 0, 85, 8, 166]
1542791596057;[171, 0, 17, 255, 161, 74, 235, 20, 5, 0, 0, 16, 1, 0, 207, 1, 0, 100, 7, 67]
1542791596071;[171, 0, 17, 255, 161, 74, 235, 20, 5, 1, 0, 64, 1, 1, 26, 1, 0, 60, 6, 180]
1542791596073;[171, 0, 17, 255, 161, 74, 235, 20, 5, 1, 0, 4, 1, 0, 222, 1, 0, 71, 6, 136]
1542791596075;[171, 0, 17, 255, 161, 74, 235, 20, 5, 1, 0, 4, 1, 0, 218, 1, 0, 97, 6, 18]
1542791596080;[171, 0, 17, 255, 161, 74, 235, 20, 5, 1, 0, 11, 1, 0, 227, 1, 0, 80, 5, 188]
1542791596081;[171, 0, 17, 255, 161, 74, 235, 20, 6, 1, 0, 7, 1, 0, 230, 1, 0, 91, 5, 96]
1542791596083;[171, 0, 17, 255, 161, 74, 235, 20, 6, 1, 0, 9, 1, 0, 228, 1, 0, 85, 5, 16]
1542791596085;[171, 0, 17, 255, 161, 74, 235, 20, 6, 1, 0, 9, 1, 0, 228, 1, 0, 87, 4, 190]
1542791596087;[171, 0, 17, 255, 161, 74, 235, 20, 6, 1, 0, 7, 1, 0, 227, 1, 0, 88, 4, 135]
1542791596093;[171, 0, 4, 255, 132, 128, 95]
1542791596095;[171, 0, 17, 255, 161, 74, 235, 20, 6, 1, 0, 22, 1, 0, 232, 1, 0, 93, 4, 82]
1542791596097;[171, 0, 17, 255, 161, 74, 235, 20, 6, 1, 0, 4, 1, 0, 224, 1, 0, 101, 3, 226]
1542791596099;[171, 0, 17, 255, 161, 74, 235, 20, 6, 1, 0, 12, 1, 0, 222, 1, 0, 79, 3, 133]
1542791596112;[171, 0, 17, 255, 161, 74, 235, 20, 6, 0, 0, 12, 1, 0, 225, 1, 0, 87, 3, 68]
1542791596114;[171, 0, 17, 255, 161, 74, 235, 20, 6, 0, 0, 23, 1, 0, 208, 1, 0, 62, 3, 50]
1542791596116;[171, 0, 17, 255, 161, 74, 235, 20, 6, 1, 0, 73, 1, 0, 234, 1, 0, 32, 3, 35]
1542791596118;[171, 0, 17, 255, 161, 74, 235, 20, 7, 1, 0, 51, 1, 1, 9, 1, 0, 206, 2, 222]
1542791596144;[171, 0, 17, 255, 161, 74, 235, 20, 7, 0, 0, 25, 1, 0, 210, 1, 0, 79, 2, 182]
1542791596145;[171, 0, 17, 255, 161, 74, 235, 20, 7, 0, 0, 13, 1, 0, 226, 1, 0, 85, 2, 140]
1542791596146;[171, 0, 17, 255, 161, 74, 235, 20, 7, 1, 0, 9, 1, 0, 254, 1, 0, 88, 2, 160]
1542791596147;[171, 0, 4, 255, 132, 128, 95]
1542791596153;[171, 0, 17, 255, 161, 74, 235, 20, 7, 0, 0, 21, 1, 0, 212, 1, 0, 78, 2, 175]
1542791596154;[171, 0, 17, 255, 161, 74, 235, 20, 7, 0, 0, 12, 1, 0, 230, 1, 0, 82, 2, 186]
1542791596619;[171, 0, 17, 255, 161, 74, 235, 20, 7, 0, 0, 0, 1, 0, 247, 1, 0, 72, 2, 187]
1542791596622;[171, 0, 17, 255, 161, 74, 235, 20, 7, 1, 0, 4, 1, 0, 242, 1, 0, 76, 2, 226]
1542791596627;[171, 0, 17, 255, 161, 74, 235, 20, 7, 0, 0, 22, 1, 0, 237, 1, 0, 71, 2, 217]
1542791596631;[171, 0, 17, 255, 161, 74, 235, 20, 7, 0, 0, 97, 1, 0, 222, 1, 0, 119, 2, 185]
1542791596789;[171, 0, 17, 255, 161, 74, 235, 20, 8, 0, 0, 96, 1, 0, 231, 1, 0, 131, 2, 183]
1542791596794;[171, 0, 17, 255, 161, 74, 235, 20, 8, 0, 0, 39, 1, 1, 9, 0, 0, 10, 3, 46]
1542791596797;[171, 0, 17, 255, 161, 74, 235, 20, 8, 0, 0, 36, 1, 0, 206, 1, 0, 57, 2, 207]
1542791597136;[171, 0, 17, 255, 161, 74, 235, 20, 8, 0, 0, 11, 1, 0, 237, 1, 0, 110, 2, 20]
1542791597306;[171, 0, 4, 255, 132, 128, 95]
1542791597332;[171, 0, 17, 255, 161, 74, 235, 20, 8, 0, 0, 19, 1, 0, 233, 1, 0, 67, 1, 219]
1542791597334;[171, 0, 17, 255, 161, 74, 235, 20, 8, 0, 0, 20, 1, 0, 230, 1, 0, 74, 1, 192]
1542791597336;[171, 0, 17, 255, 161, 74, 235, 20, 8, 0, 0, 18, 1, 0, 229, 1, 0, 78, 1, 171]
1542791597479;[171, 0, 17, 255, 161, 74, 235, 20, 8, 0, 0, 18, 1, 0, 232, 1, 0, 72, 1, 163]
1542791597483;[171, 0, 17, 255, 161, 74, 235, 20, 8, 0, 0, 20, 1, 0, 234, 1, 0, 76, 1, 154]
1542791597651;[171, 0, 17, 255, 161, 74, 235, 20, 8, 0, 0, 21, 1, 0, 231, 1, 0, 75, 1, 132]
1542791597655;[171, 0, 17, 255, 161, 74, 235, 20, 9, 0, 0, 20, 1, 0, 232, 1, 0, 74, 1, 112]
1542791597998;[171, 0, 17, 255, 161, 74, 235, 20, 9, 0, 0, 22, 1, 0, 231, 1, 0, 75, 1, 112]
1542791598002;[171, 0, 17, 255, 161, 74, 235, 20, 9, 0, 0, 20, 1, 0, 232, 1, 0, 76, 1, 183]
1542791598006;[171, 0, 17, 255, 161, 74, 235, 20, 9, 0, 0, 22, 1, 0, 229, 1, 0, 75, 1, 244]
1542791598352;[171, 0, 4, 255, 132, 128, 95]
1542791598378;[171, 0, 17, 255, 161, 74, 235, 20, 9, 0, 0, 20, 1, 0, 230, 1, 0, 77, 2, 24]
1542791598379;[171, 0, 17, 255, 161, 74, 235, 20, 9, 0, 0, 22, 1, 0, 230, 1, 0, 78, 2, 59]
1542791598381;[171, 0, 17, 255, 161, 74, 235, 20, 9, 0, 0, 18, 1, 0, 229, 1, 0, 76, 2, 67]
1542791598512;[171, 0, 17, 255, 161, 74, 235, 20, 9, 0, 0, 18, 1, 0, 231, 1, 0, 78, 2, 67]
1542791598516;[171, 0, 17, 255, 161, 74, 235, 20, 9, 0, 0, 18, 1, 0, 230, 1, 0, 78, 2, 125]
1542791599033;[171, 0, 17, 255, 161, 74, 235, 20, 9, 0, 0, 19, 1, 0, 230, 1, 0, 79, 2, 233]
1542791599037;[171, 0, 17, 255, 161, 74, 235, 20, 10, 0, 0, 22, 1, 0, 227, 1, 0, 75, 3, 43]
1542791599041;[171, 0, 17, 255, 161, 74, 235, 20, 10, 0, 0, 20, 1, 0, 230, 1, 0, 78, 3, 83]
1542791599045;[171, 0, 17, 255, 161, 74, 235, 20, 10, 0, 0, 22, 1, 0, 230, 1, 0, 82, 3, 102]
1542791599205;[171, 0, 17, 255, 161, 74, 235, 20, 10, 0, 0, 19, 1, 0, 228, 1, 0, 78, 3, 111]
1542791599207;[171, 0, 4, 255, 132, 128, 95]
1542791599723;[171, 0, 17, 255, 161, 74, 235, 20, 10, 0, 0, 18, 1, 0, 227, 1, 0, 78, 3, 107]
1542791599727;[171, 0, 17, 255, 161, 74, 235, 20, 10, 0, 0, 27, 1, 0, 245, 1, 0, 78, 3, 171]
1542791599731;[171, 0, 17, 255, 161, 74, 235, 20, 10, 0, 0, 21, 1, 0, 232, 1, 0, 95, 4, 44]
1542791599735;[171, 0, 17, 255, 161, 74, 235, 20, 10, 0, 0, 19, 1, 0, 233, 1, 0, 81, 4, 113]
1542791599893;[171, 0, 17, 255, 161, 74, 235, 20, 10, 0, 0, 22, 1, 0, 230, 1, 0, 85, 4, 147]
1542791600066;[171, 0, 17, 255, 161, 74, 235, 20, 10, 0, 0, 20, 1, 0, 222, 1, 0, 84, 4, 164]
1542791600070;[171, 0, 17, 255, 161, 74, 235, 20, 11, 0, 0, 19, 1, 0, 223, 1, 0, 81, 4, 162]
1542791600238;[171, 0, 17, 255, 161, 74, 235, 20, 11, 0, 0, 21, 1, 0, 225, 1, 0, 79, 4, 147]
1542791600414;[171, 0, 17, 255, 161, 74, 235, 20, 11, 0, 0, 27, 1, 0, 231, 1, 0, 79, 4, 203]
1542791600417;[171, 0, 17, 255, 161, 74, 235, 20, 11, 0, 0, 25, 1, 0, 180, 1, 0, 78, 5, 158]
1542791600422;[171, 0, 4, 255, 132, 128, 95]
1542791600448;[171, 0, 17, 255, 161, 74, 235, 20, 11, 0, 0, 61, 1, 0, 226, 1, 0, 57, 6, 76]
1542791600930;[171, 0, 17, 255, 161, 74, 235, 20, 11, 0, 0, 118, 1, 0, 206, 1, 0, 47, 5, 239]
1542791600934;[171, 0, 17, 255, 161, 74, 235, 20, 11, 0, 0, 105, 1, 0, 237, 1, 0, 55, 5, 0]
1542791600938;[171, 0, 17, 255, 161, 74, 235, 20, 11, 0, 0, 16, 1, 0, 220, 1, 0, 73, 3, 196]
1542791600942;[171, 0, 17, 255, 161, 74, 235, 20, 11, 0, 0, 10, 1, 1, 12, 1, 0, 82, 3, 0]
1542791601102;[171, 0, 17, 255, 161, 74, 235, 20, 11, 1, 0, 35, 1, 0, 219, 1, 0, 70, 2, 249]
1542791601106;[171, 0, 17, 255, 161, 74, 235, 20, 12, 0, 0, 67, 1, 0, 235, 1, 0, 46, 3, 196]
1542791601110;[171, 0, 17, 255, 161, 74, 235, 20, 12, 0, 0, 51, 1, 0, 224, 1, 0, 1, 4, 88]
1542791601274;[171, 0, 17, 255, 161, 74, 235, 20, 12, 0, 0, 22, 1, 0, 215, 1, 0, 13, 4, 114]
1542791601278;[171, 0, 17, 255, 161, 74, 235, 20, 12, 0, 1, 103, 1, 0, 108, 0, 0, 12, 4, 54]
1542791601619;[171, 0, 4, 255, 132, 128, 95]
1542791601646;[171, 0, 17, 255, 161, 74, 235, 20, 12, 0, 0, 64, 1, 0, 250, 1, 0, 46, 4, 47]
1542791601647;[171, 0, 17, 255, 161, 74, 235, 20, 12, 0, 0, 76, 1, 0, 237, 0, 0, 40, 4, 80]
1542791601648;[171, 0, 17, 255, 161, 74, 235, 20, 12, 0, 0, 128, 1, 0, 221, 1, 0, 58, 4, 59]
1542791601791;[171, 0, 17, 255, 161, 74, 235, 20, 12, 0, 0, 121, 1, 0, 201, 1, 0, 48, 4, 85]
1542791601963;[171, 0, 17, 255, 161, 74, 235, 20, 12, 0, 0, 109, 1, 0, 192, 1, 0, 78, 4, 20]
1542791601967;[171, 0, 17, 255, 161, 74, 235, 20, 12, 0, 0, 114, 1, 0, 202, 1, 0, 82, 3, 201]
1542791602481;[171, 0, 17, 255, 161, 74, 235, 20, 13, 0, 0, 108, 1, 0, 208, 1, 0, 58, 3, 172]
1542791602486;[171, 0, 17, 255, 161, 74, 235, 20, 13, 0, 0, 112, 1, 0, 213, 1, 0, 45, 3, 134]
1542791602490;[171, 0, 17, 255, 161, 74, 235, 20, 13, 0, 0, 117, 1, 0, 210, 1, 0, 34, 3, 94]
1542791602494;[171, 0, 17, 255, 161, 74, 235, 20, 13, 0, 0, 115, 1, 0, 206, 1, 0, 58, 3, 171]
1542791602824;[171, 0, 4, 255, 132, 128, 95]
1542791603174;[171, 0, 17, 255, 161, 74, 235, 20, 13, 0, 0, 110, 1, 0, 180, 1, 0, 105, 3, 170]
1542791603177;[171, 0, 17, 255, 161, 74, 235, 20, 13, 0, 0, 117, 1, 0, 203, 1, 0, 92, 3, 146]
1542791603181;[171, 0, 17, 255, 161, 74, 235, 20, 13, 0, 0, 110, 1, 0, 230, 0, 0, 13, 3, 182]
1542791603185;[171, 0, 17, 255, 161, 74, 235, 20, 13, 0, 0, 115, 1, 0, 207, 1, 0, 40, 3, 132]
1542791603689;[171, 0, 17, 255, 161, 74, 235, 20, 13, 0, 0, 102, 1, 0, 185, 1, 0, 110, 3, 23]
1542791603693;[171, 0, 17, 255, 161, 74, 235, 20, 13, 0, 0, 119, 1, 0, 218, 1, 0, 65, 3, 76]
1542791603697;[171, 0, 17, 255, 161, 74, 235, 20, 14, 0, 0, 110, 1, 0, 229, 0, 0, 3, 3, 162]
1542791603701;[171, 0, 17, 255, 161, 74, 235, 20, 14, 0, 0, 115, 1, 0, 203, 1, 0, 45, 3, 186]
1542791604035;[171, 0, 17, 255, 161, 74, 235, 20, 14, 0, 0, 110, 1, 0, 170, 1, 0, 111, 3, 113]
1542791604039;[171, 0, 17, 255, 161, 74, 235, 20, 14, 0, 0, 107, 1, 0, 180, 1, 0, 131, 3, 29]
1542791604043;[171, 0, 4, 255, 132, 128, 94]
1542791604070;[171, 0, 17, 255, 161, 74, 235, 20, 14, 0, 0, 118, 1, 0, 205, 1, 0, 92, 3, 16]
1542791604207;[171, 0, 17, 255, 161, 74, 235, 20, 14, 0, 0, 109, 1, 0, 226, 1, 0, 17, 3, 57]
1542791604211;[171, 0, 17, 255, 161, 74, 235, 20, 14, 0, 0, 118, 1, 0, 204, 1, 0, 45, 3, 127]
1542791604215;[171, 0, 17, 255, 161, 74, 235, 20, 14, 0, 0, 110, 1, 0, 169, 1, 0, 117, 3, 73]
1542791604379;[171, 0, 17, 255, 161, 74, 235, 20, 14, 0, 0, 106, 1, 0, 192, 1, 0, 137, 3, 7]
1542791604384;[171, 0, 17, 255, 161, 74, 235, 20, 14, 0, 0, 111, 1, 0, 201, 1, 0, 89, 3, 42]
1542791604898;[171, 0, 17, 255, 161, 74, 235, 20, 15, 0, 0, 114, 1, 0, 197, 1, 0, 81, 3, 23]
1542791604902;[171, 0, 17, 255, 161, 74, 235, 20, 15, 0, 0, 112, 1, 0, 188, 1, 0, 104, 2, 240]
1542791604906;[171, 0, 17, 255, 161, 74, 235, 20, 15, 0, 0, 110, 1, 0, 193, 1, 0, 101, 3, 41]
1542791604912;[171, 0, 17, 255, 161, 74, 235, 20, 15, 0, 0, 112, 1, 0, 194, 1, 0, 91, 3, 80]
1542791605243;[171, 0, 4, 255, 132, 128, 94]
1542791605270;[171, 0, 17, 255, 161, 74, 235, 20, 15, 0, 0, 110, 1, 0, 191, 1, 0, 102, 3, 78]
1542791605272;[171, 0, 17, 255, 161, 74, 235, 20, 15, 0, 0, 111, 1, 0, 193, 1, 0, 100, 3, 59]
1542791605416;[171, 0, 17, 255, 161, 74, 235, 20, 15, 0, 0, 109, 1, 0, 192, 1, 0, 97, 3, 26]
1542791605420;[171, 0, 17, 255, 161, 74, 235, 20, 15, 0, 0, 112, 1, 0, 195, 1, 0, 97, 2, 245]
1542791605424;[171, 0, 17, 255, 161, 74, 235, 20, 15, 0, 0, 111, 1, 0, 194, 1, 0, 100, 2, 189]
1542791605428;[171, 0, 17, 255, 161, 74, 235, 20, 15, 0, 0, 112, 1, 0, 194, 1, 0, 99, 2, 189]
1542791605585;[171, 0, 17, 255, 161, 74, 235, 20, 16, 0, 0, 112, 1, 0, 193, 1, 0, 96, 2, 215]
1542791606105;[171, 0, 17, 255, 161, 74, 235, 20, 16, 0, 0, 111, 1, 0, 193, 1, 0, 101, 2, 212]
1542791606110;[171, 0, 17, 255, 161, 74, 235, 20, 16, 0, 0, 110, 1, 0, 192, 1, 0, 100, 2, 185]
1542791606113;[171, 0, 17, 255, 161, 74, 235, 20, 16, 0, 0, 111, 1, 0, 190, 1, 0, 95, 2, 168]
1542791606117;[171, 0, 4, 255, 132, 128, 94]
1542791606276;[171, 0, 17, 255, 161, 74, 235, 20, 16, 0, 0, 113, 1, 0, 193, 1, 0, 100, 2, 135]
1542791606280;[171, 0, 17, 255, 161, 74, 235, 20, 16, 0, 0, 112, 1, 0, 195, 1, 0, 103, 2, 84]
1542791606284;[171, 0, 17, 255, 161, 74, 235, 20, 16, 0, 0, 108, 1, 0, 189, 1, 0, 98, 2, 98]
1542791606450;[171, 0, 17, 255, 161, 74, 235, 20, 16, 0, 0, 113, 1, 0, 187, 1, 0, 99, 2, 102]
1542791606454;[171, 0, 17, 255, 161, 74, 235, 20, 16, 0, 0, 110, 1, 0, 192, 1, 0, 103, 2, 84]
1542791606621;[171, 0, 17, 255, 161, 74, 235, 20, 16, 0, 0, 112, 1, 0, 189, 1, 0, 100, 2, 60]
1542791606625;[171, 0, 17, 255, 161, 74, 235, 20, 17, 0, 0, 111, 1, 0, 192, 1, 0, 98, 2, 27]
1542791606793;[171, 0, 17, 255, 161, 74, 235, 20, 17, 0, 0, 112, 1, 0, 193, 1, 0, 103, 1, 248]
1542791606966;[171, 0, 17, 255, 161, 74, 235, 20, 17, 0, 0, 110, 1, 0, 190, 1, 0, 99, 1, 205]
1542791607312;[171, 0, 17, 255, 161, 74, 235, 20, 19, 1, 0, 171, 1, 0, 201, 1, 0, 31, 2, 171]
1542791607316;[171, 0, 17, 255, 161, 74, 235, 20, 19, 1, 2, 135, 1, 0, 241, 1, 0, 65, 1, 2]
1542791607320;[171, 0, 17, 255, 161, 74, 235, 20, 19, 1, 0, 195, 1, 0, 131, 1, 0, 79, 16, 0]
1542791607483;[171, 0, 17, 255, 161, 74, 235, 20, 19, 1, 0, 231, 1, 0, 106, 1, 0, 66, 5, 92]
1542791607656;[171, 0, 17, 255, 161, 74, 235, 20, 19, 1, 1, 85, 1, 0, 52, 1, 0, 43, 4, 37]
1542791607660;[171, 0, 17, 255, 161, 74, 235, 20, 19, 1, 0, 186, 1, 0, 145, 1, 0, 106, 3, 23]
1542791607829;[171, 0, 17, 255, 161, 74, 235, 20, 20, 1, 0, 206, 1, 0, 131, 1, 0, 72, 2, 132]
1542791607833;[171, 0, 17, 255, 161, 74, 235, 20, 20, 1, 0, 180, 1, 0, 133, 1, 0, 45, 2, 27]
1542791608002;[171, 0, 17, 255, 161, 74, 235, 20, 20, 1, 0, 198, 1, 0, 117, 1, 0, 98, 2, 27]
1542791608175;[171, 0, 17, 255, 161, 74, 235, 20, 20, 1, 0, 182, 1, 0, 66, 1, 0, 28, 1, 116]
1542791608178;[171, 0, 4, 255, 132, 128, 93]
1542791608356;[171, 0, 17, 255, 161, 74, 235, 20, 20, 1, 0, 202, 1, 0, 130, 1, 0, 46, 16, 199]
1542791608357;[171, 0, 17, 255, 161, 74, 235, 20, 20, 1, 0, 177, 1, 0, 69, 1, 0, 48, 7, 92]
1542791608690;[171, 0, 17, 255, 161, 74, 235, 20, 20, 1, 0, 213, 1, 0, 128, 1, 0, 63, 7, 18]
1542791608695;[171, 0, 17, 255, 161, 74, 235, 20, 20, 1, 0, 211, 1, 0, 106, 1, 0, 67, 6, 252]
1542791608699;[171, 0, 17, 255, 161, 74, 235, 20, 20, 1, 0, 196, 1, 0, 125, 1, 0, 85, 6, 219]
1542791608864;[171, 0, 17, 255, 161, 74, 235, 20, 20, 1, 0, 190, 1, 0, 134, 1, 0, 59, 6, 207]
1542791608868;[171, 0, 17, 255, 161, 74, 235, 20, 21, 1, 1, 22, 1, 0, 102, 1, 0, 112, 6, 91]
1542791609037;[171, 0, 17, 255, 161, 74, 235, 20, 21, 1, 0, 175, 1, 0, 43, 1, 0, 96, 5, 176]
1542791609041;[171, 0, 17, 255, 161, 74, 235, 20, 21, 1, 0, 199, 0, 0, 19, 1, 0, 36, 5, 77]
1542791609209;[171, 0, 17, 255, 161, 74, 235, 20, 21, 1, 0, 248, 1, 0, 120, 1, 0, 143, 4, 234]
1542791609381;[171, 0, 4, 255, 132, 128, 92]
1542791609408;[171, 0, 17, 255, 161, 74, 235, 20, 21, 1, 0, 222, 1, 0, 54, 1, 0, 101, 4, 21]
1542791609553;[171, 0, 17, 255, 161, 74, 235, 20, 21, 1, 0, 218, 1, 0, 71, 1, 0, 93, 3, 137]
1542791609557;[171, 0, 17, 255, 161, 74, 235, 20, 21, 1, 0, 232, 1, 0, 99, 1, 0, 88, 3, 39]
1542791609898;[171, 0, 17, 255, 161, 74, 235, 20, 21, 1, 0, 219, 1, 0, 90, 1, 0, 59, 2, 207]
1542791609902;[171, 0, 17, 255, 161, 74, 235, 20, 21, 1, 0, 198, 1, 0, 119, 1, 0, 73, 2, 111]
1542791609906;[171, 0, 17, 255, 161, 74, 235, 20, 21, 1, 0, 241, 1, 0, 67, 1, 0, 116, 1, 222]
1542791610071;[171, 0, 17, 255, 161, 74, 235, 20, 22, 1, 0, 164, 1, 1, 97, 0, 0, 17, 1, 222]
1542791610075;[171, 0, 17, 255, 161, 74, 235, 20, 22, 1, 0, 206, 1, 0, 69, 1, 0, 21, 1, 207]
1542791610244;[171, 0, 17, 255, 161, 74, 235, 20, 22, 1, 0, 190, 1, 0, 184, 1, 0, 48, 1, 236]
1542791610248;[171, 0, 17, 255, 161, 74, 235, 20, 22, 1, 0, 94, 1, 0, 113, 1, 0, 119, 1, 215]
1542791610416;[171, 0, 4, 255, 132, 128, 92]
1542791610443;[171, 0, 17, 255, 161, 74, 235, 20, 22, 1, 0, 185, 1, 0, 145, 1, 0, 20, 1, 216]
1542791610588;[171, 0, 17, 255, 161, 74, 235, 20, 22, 1, 0, 204, 1, 0, 136, 1, 0, 11, 2, 18]
1542791611279;[171, 0, 17, 255, 161, 74, 235, 20, 22, 1, 0, 205, 1, 0, 126, 1, 0, 9, 2, 65]
1542791611283;[171, 0, 17, 255, 161, 74, 235, 20, 22, 1, 0, 205, 1, 0, 158, 1, 0, 69, 2, 77]
1542791611287;[171, 0, 17, 255, 161, 74, 235, 20, 22, 1, 0, 198, 1, 0, 137, 1, 0, 17, 2, 109]
1542791611291;[171, 0, 17, 255, 161, 74, 235, 20, 22, 1, 0, 214, 1, 0, 117, 1, 0, 5, 2, 118]
1542791611453;[171, 0, 17, 255, 161, 74, 235, 20, 23, 1, 0, 209, 1, 0, 110, 1, 0, 69, 2, 101]
1542791611457;[171, 0, 17, 255, 161, 74, 235, 20, 23, 1, 0, 205, 1, 0, 129, 1, 0, 69, 2, 149]
1542791611461;[171, 0, 17, 255, 161, 74, 235, 20, 23, 1, 0, 213, 1, 0, 111, 1, 0, 85, 2, 151]
1542791611465;[171, 0, 17, 255, 161, 74, 235, 20, 23, 1, 0, 196, 1, 0, 123, 1, 0, 90, 2, 134]
1542791611623;[171, 0, 4, 255, 132, 128, 92]
1542791611649;[171, 0, 17, 255, 161, 74, 235, 20, 23, 1, 0, 199, 1, 0, 201, 1, 0, 56, 2, 64]
1542791611796;[171, 0, 17, 255, 161, 74, 235, 20, 23, 1, 1, 34, 1, 0, 215, 1, 0, 119, 2, 4]
1542791611969;[171, 0, 17, 255, 161, 74, 235, 20, 23, 1, 1, 77, 1, 0, 84, 1, 0, 72, 1, 147]
1542791611973;[171, 0, 17, 255, 161, 74, 235, 20, 23, 1, 1, 33, 0, 0, 19, 1, 0, 78, 1, 67]
1542791612140;[171, 0, 17, 255, 161, 74, 235, 20, 23, 1, 0, 144, 0, 0, 116, 1, 0, 15, 1, 99]
1542791612145;[171, 0, 17, 255, 161, 74, 235, 20, 23, 1, 0, 144, 0, 0, 171, 1, 0, 16, 1, 201]
1542791612542;[171, 0, 17, 255, 161, 74, 235, 20, 24, 1, 0, 120, 0, 0, 153, 1, 0, 31, 1, 226]
1542791612544;[171, 0, 17, 255, 161, 74, 235, 20, 24, 0, 0, 2, 0, 0, 147, 0, 0, 5, 2, 9]
1542791612545;[171, 0, 17, 255, 161, 74, 235, 20, 24, 0, 0, 123, 0, 0, 14, 1, 0, 79, 2, 145]
1542791612658;[171, 0, 17, 255, 161, 74, 235, 20, 24, 1, 0, 138, 0, 1, 3, 0, 0, 8, 3, 106]
1542791612661;[171, 0, 4, 255, 132, 128, 91]
1542791612832;[171, 0, 17, 255, 161, 74, 235, 20, 24, 1, 0, 119, 0, 0, 225, 1, 0, 66, 3, 172]
1542791612836;[171, 0, 17, 255, 161, 74, 235, 20, 24, 1, 0, 115, 0, 0, 223, 1, 0, 81, 4, 25]
1542791613003;[171, 0, 17, 255, 161, 74, 235, 20, 24, 1, 0, 96, 0, 0, 216, 1, 0, 102, 4, 115]
1542791613180;[171, 0, 17, 255, 161, 74, 235, 20, 24, 1, 0, 93, 0, 0, 226, 1, 0, 95, 4, 178]
1542791613182;[171, 0, 17, 255, 161, 74, 235, 20, 24, 1, 0, 90, 0, 0, 224, 1, 0, 105, 5, 146]
1542791613349;[171, 0, 17, 255, 161, 74, 235, 20, 24, 1, 0, 99, 0, 0, 227, 1, 0, 93, 6, 87]
1542791613352;[171, 0, 17, 255, 161, 74, 235, 20, 25, 1, 0, 95, 0, 0, 225, 1, 0, 92, 6, 217]
1542791613695;[171, 0, 17, 255, 161, 74, 235, 20, 25, 1, 0, 90, 0, 0, 235, 1, 0, 103, 7, 45]
1542791613699;[171, 0, 17, 255, 161, 74, 235, 20, 25, 1, 0, 99, 0, 0, 217, 1, 0, 96, 7, 122]
1542791613703;[171, 0, 17, 255, 161, 74, 235, 20, 25, 1, 0, 88, 0, 0, 227, 1, 0, 100, 7, 154]
1542791613867;[171, 0, 4, 255, 132, 128, 90]
1542791613893;[171, 0, 17, 255, 161, 74, 235, 20, 25, 1, 0, 74, 0, 0, 221, 1, 0, 109, 8, 47]
1542791614056;[171, 0, 17, 255, 161, 74, 235, 20, 25, 0, 0, 159, 0, 0, 214, 1, 0, 109, 9, 6]
1542791614058;[171, 0, 17, 255, 161, 74, 235, 20, 25, 1, 0, 59, 0, 0, 208, 1, 0, 96, 9, 6]
1542791614211;[171, 0, 17, 255, 161, 74, 235, 20, 25, 1, 0, 110, 0, 0, 217, 1, 0, 111, 9, 25]
1542791614215;[171, 0, 17, 255, 161, 74, 235, 20, 25, 1, 0, 124, 0, 0, 195, 1, 0, 123, 8, 191]
1542791614383;[171, 0, 17, 255, 161, 74, 235, 20, 25, 1, 0, 99, 0, 0, 182, 1, 0, 127, 7, 255]
1542791614731;[171, 0, 17, 255, 161, 74, 235, 20, 26, 1, 0, 183, 0, 0, 154, 1, 0, 193, 7, 111]
1542791614735;[171, 0, 17, 255, 161, 74, 235, 20, 26, 0, 0, 14, 0, 0, 111, 1, 0, 100, 7, 184]
1542791614739;[171, 0, 17, 255, 161, 74, 235, 20, 26, 1, 0, 151, 0, 0, 204, 1, 0, 50, 7, 238]
1542791614743;[171, 0, 17, 255, 161, 74, 235, 20, 26, 1, 1, 53, 1, 0, 239, 1, 0, 251, 8, 38]
1542791615074;[171, 0, 4, 255, 132, 128, 89]
1542791615100;[171, 0, 17, 255, 161, 74, 235, 20, 26, 1, 0, 136, 0, 0, 23, 1, 0, 56, 7, 251]
1542791615102;[171, 0, 17, 255, 161, 74, 235, 20, 26, 1, 1, 43, 1, 0, 8, 1, 0, 54, 7, 188]
1542791615247;[171, 0, 17, 255, 161, 74, 235, 20, 26, 1, 0, 242, 0, 0, 4, 1, 0, 88, 7, 123]
1542791615251;[171, 0, 17, 255, 161, 74, 235, 20, 26, 1, 0, 245, 0, 0, 10, 1, 0, 76, 7, 175]
1542791615418;[171, 0, 17, 255, 161, 74, 235, 20, 26, 1, 0, 239, 0, 0, 7, 1, 0, 70, 7, 182]
1542791615422;[171, 0, 17, 255, 161, 74, 235, 20, 26, 1, 0, 243, 0, 0, 6, 1, 0, 68, 7, 133]
1542791615591;[171, 0, 17, 255, 161, 74, 235, 20, 27, 1, 0, 247, 0, 0, 4, 1, 0, 74, 7, 68]
1542791615763;[171, 0, 17, 255, 161, 74, 235, 20, 27, 1, 0, 243, 0, 0, 13, 1, 0, 67, 7, 4]
1542791615765;[171, 0, 17, 255, 161, 74, 235, 20, 27, 1, 0, 244, 0, 0, 23, 1, 0, 83, 6, 245]
1542791615936;[171, 0, 17, 255, 161, 74, 235, 20, 27, 1, 0, 249, 0, 0, 9, 1, 0, 73, 7, 98]
1542791615940;[171, 0, 4, 255, 132, 128, 89]
1542791616281;[171, 0, 17, 255, 161, 74, 235, 20, 27, 1, 0, 242, 0, 0, 22, 1, 0, 71, 7, 132]
1542791616285;[171, 0, 17, 255, 161, 74, 235, 20, 27, 1, 0, 233, 0, 0, 33, 1, 0, 67, 7, 115]
1542791616289;[171, 0, 17, 255, 161, 74, 235, 20, 27, 1, 0, 236, 0, 0, 18, 1, 0, 73, 7, 70]
1542791616454;[171, 0, 17, 255, 161, 74, 235, 20, 27, 1, 1, 8, 0, 0, 8, 1, 0, 85, 7, 2]
1542791616458;[171, 0, 17, 255, 161, 74, 235, 20, 27, 1, 0, 236, 0, 0, 14, 1, 0, 51, 6, 204]
1542791616626;[171, 0, 17, 255, 161, 74, 235, 20, 27, 1, 0, 246, 0, 0, 23, 1, 0, 75, 7, 15]
1542791616630;[171, 0, 17, 255, 161, 74, 235, 20, 28, 1, 0, 242, 0, 0, 17, 1, 0, 70, 7, 56]
1542791616971;[171, 0, 17, 255, 161, 74, 235, 20, 28, 1, 0, 246, 0, 0, 15, 1, 0, 60, 7, 24]
1542791616975;[171, 0, 17, 255, 161, 74, 235, 20, 28, 1, 0, 242, 0, 0, 14, 1, 0, 64, 6, 238]
1542791616979;[171, 0, 17, 255, 161, 74, 235, 20, 28, 1, 0, 192, 1, 0, 2, 1, 0, 69, 6, 207]
1542791617317;[171, 0, 4, 255, 132, 128, 89]
1542791617344;[171, 0, 17, 255, 161, 74, 235, 20, 28, 1, 1, 15, 0, 0, 5, 1, 0, 119, 6, 94]
1542791617346;[171, 0, 17, 255, 161, 74, 235, 20, 28, 1, 0, 255, 1, 0, 14, 1, 0, 67, 6, 17]
1542791617348;[171, 0, 17, 255, 161, 74, 235, 20, 28, 1, 0, 101, 0, 0, 70, 1, 0, 51, 5, 146]
1542791617662;[171, 0, 17, 255, 161, 74, 235, 20, 28, 1, 1, 64, 1, 0, 62, 1, 0, 131, 6, 65]
1542791617666;[171, 0, 17, 255, 161, 74, 235, 20, 28, 1, 1, 7, 1, 0, 144, 1, 0, 184, 6, 196]
1542791617670;[171, 0, 17, 255, 161, 74, 235, 20, 28, 1, 0, 30, 1, 0, 88, 1, 0, 111, 6, 59]
1542791617834;[171, 0, 17, 255, 161, 74, 235, 20, 29, 1, 0, 99, 1, 0, 76, 1, 0, 43, 5, 160]
1542791617838;[171, 0, 17, 255, 161, 74, 235, 20, 29, 1, 0, 79, 1, 0, 80, 1, 0, 57, 5, 99]
1542791618006;[171, 0, 17, 255, 161, 74, 235, 20, 29, 0, 1, 197, 1, 1, 51, 1, 0, 23, 5, 226]
1542791618190;[171, 0, 17, 255, 161, 74, 235, 20, 29, 0, 0, 204, 1, 0, 226, 0, 0, 178, 5, 174]
1542791618192;[171, 0, 4, 255, 132, 128, 90]
1542791618353;[171, 0, 17, 255, 161, 74, 235, 20, 29, 1, 0, 104, 1, 1, 97, 0, 0, 87, 6, 55]
1542791618357;[171, 0, 17, 255, 161, 74, 235, 20, 29, 1, 0, 72, 1, 0, 142, 0, 0, 5, 6, 123]
1542791618870;[171, 0, 17, 255, 161, 74, 235, 20, 29, 1, 0, 57, 1, 0, 218, 1, 0, 86, 6, 108]
1542791618874;[171, 0, 17, 255, 161, 74, 235, 20, 29, 1, 0, 66, 1, 0, 214, 1, 0, 116, 6, 122]
1542791618878;[171, 0, 17, 255, 161, 74, 235, 20, 29, 1, 0, 14, 1, 0, 201, 1, 0, 30, 6, 240]
1542791618882;[171, 0, 17, 255, 161, 74, 235, 20, 29, 1, 0, 49, 1, 0, 201, 1, 0, 81, 7, 22]
1542791619042;[171, 0, 17, 255, 161, 74, 235, 20, 30, 1, 0, 97, 1, 0, 254, 1, 0, 39, 7, 37]
1542791619046;[171, 0, 17, 255, 161, 74, 235, 20, 30, 1, 0, 69, 1, 0, 225, 1, 0, 93, 7, 11]
1542791619050;[171, 0, 17, 255, 161, 74, 235, 20, 30, 1, 0, 165, 1, 0, 220, 1, 0, 115, 6, 240]
1542791619217;[171, 0, 17, 255, 161, 74, 235, 20, 30, 1, 0, 125, 1, 0, 211, 1, 0, 81, 7, 56]
1542791619219;[171, 0, 4, 255, 132, 128, 90]
1542791619560;[171, 0, 17, 255, 161, 74, 235, 20, 30, 1, 0, 106, 1, 0, 128, 0, 0, 63, 7, 160]
1542791619564;[171, 0, 17, 255, 161, 74, 235, 20, 30, 1, 0, 196, 1, 0, 144, 1, 0, 73, 7, 213]
1542791619568;[171, 0, 17, 255, 161, 74, 235, 20, 30, 1, 0, 56, 1, 0, 199, 1, 0, 83, 7, 224]
1542791619732;[171, 0, 17, 255, 161, 74, 235, 20, 30, 1, 0, 38, 1, 1, 12, 1, 0, 55, 8, 1]
1542791619736;[171, 0, 17, 255, 161, 74, 235, 20, 30, 1, 0, 76, 1, 0, 232, 1, 0, 40, 8, 14]
1542791620251;[171, 0, 17, 255, 161, 74, 235, 20, 30, 0, 1, 61, 1, 1, 35, 1, 0, 98, 8, 126]
1542791620255;[171, 0, 17, 255, 161, 74, 235, 20, 31, 0, 0, 48, 1, 1, 3, 1, 0, 136, 8, 175]
1542791620259;[171, 0, 17, 255, 161, 74, 235, 20, 31, 0, 0, 71, 1, 1, 6, 1, 0, 82, 9, 1]
1542791620263;[171, 0, 17, 255, 161, 74, 235, 20, 31, 0, 0, 135, 1, 0, 154, 1, 0, 44, 9, 43]
1542791620421;[171, 0, 17, 255, 161, 74, 235, 20, 31, 1, 0, 85, 1, 1, 61, 1, 0, 66, 9, 54]
1542791620425;[171, 0, 4, 255, 132, 128, 91]
1542791620593;[171, 0, 17, 255, 161, 74, 235, 20, 31, 1, 0, 131, 0, 0, 96, 1, 0, 33, 9, 83]
1542791620597;[171, 0, 17, 255, 161, 74, 235, 20, 31, 1, 0, 72, 1, 0, 218, 1, 0, 103, 9, 224]
1542791620766;[171, 0, 17, 255, 161, 74, 235, 20, 31, 1, 0, 91, 1, 1, 17, 1, 0, 48, 10, 110]
1542791620769;[171, 0, 17, 255, 161, 74, 235, 20, 31, 1, 0, 63, 1, 0, 237, 1, 0, 44, 10, 147]
1542791620939;[171, 0, 17, 255, 161, 74, 235, 20, 31, 1, 0, 56, 1, 0, 241, 1, 0, 32, 10, 168]
1542791620944;[171, 0, 17, 255, 161, 74, 235, 20, 31, 1, 0, 54, 1, 0, 236, 1, 0, 42, 10, 201]
1542791621112;[171, 0, 17, 255, 161, 74, 235, 20, 32, 1, 0, 49, 1, 0, 240, 1, 0, 34, 11, 119]
1542791621116;[171, 0, 17, 255, 161, 74, 235, 20, 32, 1, 0, 53, 1, 0, 239, 1, 0, 34, 11, 240]
1542791621455;[171, 0, 17, 255, 161, 74, 235, 20, 32, 1, 0, 43, 1, 0, 239, 1, 0, 37, 12, 38]
1542791621459;[171, 0, 17, 255, 161, 74, 235, 20, 32, 1, 0, 42, 1, 0, 238, 1, 0, 37, 12, 78]
1542791621463;[171, 0, 4, 255, 132, 128, 91]
1542791621629;[171, 0, 17, 255, 161, 74, 235, 20, 32, 1, 0, 49, 1, 0, 234, 1, 0, 42, 12, 87]
1542791621634;[171, 0, 17, 255, 161, 74, 235, 20, 32, 1, 0, 41, 1, 0, 238, 1, 0, 37, 12, 94]
1542791621802;[171, 0, 17, 255, 161, 74, 235, 20, 32, 1, 0, 40, 1, 0, 239, 1, 0, 39, 13, 17]
1542791621973;[171, 0, 17, 255, 161, 74, 235, 20, 32, 1, 0, 50, 1, 0, 233, 1, 0, 40, 13, 107]
1542791621977;[171, 0, 17, 255, 161, 74, 235, 20, 32, 1, 0, 46, 1, 0, 239, 1, 0, 36, 13, 121]
1542791622146;[171, 0, 17, 255, 161, 74, 235, 20, 32, 1, 0, 46, 1, 0, 239, 1, 0, 37, 13, 113]
1542791622150;[171, 0, 17, 255, 161, 74, 235, 20, 33, 1, 0, 41, 1, 0, 241, 1, 0, 37, 13, 89]
1542791622318;[171, 0, 17, 255, 161, 74, 235, 20, 33, 1, 0, 39, 1, 0, 236, 1, 0, 38, 13, 79]
1542791622322;[171, 0, 17, 255, 161, 74, 235, 20, 33, 1, 0, 35, 1, 0, 243, 1, 0, 41, 13, 219]
1542791622664;[171, 0, 17, 255, 161, 74, 235, 20, 33, 1, 0, 42, 1, 0, 238, 1, 0, 42, 14, 1]
1542791622668;[171, 0, 4, 255, 132, 128, 92]
1542791622694;[171, 0, 17, 255, 161, 74, 235, 20, 33, 1, 0, 39, 1, 0, 239, 1, 0, 43, 13, 247]
1542791622836;[171, 0, 17, 255, 161, 74, 235, 20, 33, 1, 0, 40, 1, 0, 236, 1, 0, 45, 13, 233]
1542791622840;[171, 0, 17, 255, 161, 74, 235, 20, 33, 1, 0, 38, 1, 0, 238, 1, 0, 42, 13, 189]
1542791623010;[171, 0, 17, 255, 161, 74, 235, 20, 33, 1, 0, 45, 1, 0, 237, 1, 0, 41, 13, 195]
1542791623014;[171, 0, 17, 255, 161, 74, 235, 20, 33, 1, 0, 41, 1, 0, 238, 1, 0, 45, 14, 38]
1542791623200;[171, 0, 17, 255, 161, 74, 235, 20, 33, 1, 0, 39, 1, 0, 239, 1, 0, 42, 14, 39]
1542791623353;[171, 0, 17, 255, 161, 74, 235, 20, 34, 1, 0, 40, 1, 0, 239, 1, 0, 42, 13, 253]
1542791623357;[171, 0, 17, 255, 161, 74, 235, 20, 34, 1, 0, 40, 1, 0, 237, 1, 0, 44, 13, 200]
1542791623525;[171, 0, 17, 255, 161, 74, 235, 20, 34, 1, 0, 40, 1, 0, 237, 1, 0, 41, 13, 132]
1542791623529;[171, 0, 17, 255, 161, 74, 235, 20, 34, 1, 0, 44, 1, 0, 238, 1, 0, 44, 13, 81]
1542791623698;[171, 0, 4, 255, 132, 128, 94]
1542791624048;[171, 0, 17, 255, 161, 74, 235, 20, 34, 1, 0, 40, 1, 0, 236, 1, 0, 43, 13, 162]
1542791624052;[171, 0, 17, 255, 161, 74, 235, 20, 34, 1, 0, 40, 1, 0, 238, 1, 0, 39, 13, 168]
1542791624056;[171, 0, 17, 255, 161, 74, 235, 20, 34, 1, 0, 43, 1, 0, 237, 1, 0, 48, 13, 116]
1542791624060;[171, 0, 17, 255, 161, 74, 235, 20, 34, 1, 0, 37, 1, 0, 237, 1, 0, 42, 13, 61]
1542791624215;[171, 0, 17, 255, 161, 74, 235, 20, 34, 1, 0, 44, 1, 0, 239, 1, 0, 43, 12, 236]
1542791624220;[171, 0, 17, 255, 161, 74, 235, 20, 34, 1, 0, 42, 1, 0, 236, 1, 0, 42, 12, 141]
1542791624389;[171, 0, 17, 255, 161, 74, 235, 20, 35, 1, 0, 41, 1, 0, 237, 1, 0, 43, 12, 121]
1542791624561;[171, 0, 17, 255, 161, 74, 235, 20, 35, 1, 0, 46, 1, 0, 236, 1, 0, 45, 12, 161]
1542791624565;[171, 0, 17, 255, 161, 74, 235, 20, 35, 1, 0, 38, 1, 0, 238, 1, 0, 40, 12, 125]
1542791624733;[171, 0, 17, 255, 161, 74, 235, 20, 35, 1, 0, 40, 1, 0, 237, 1, 0, 43, 12, 61]
1542791624737;[171, 0, 4, 255, 132, 128, 95]
1542791624906;[171, 0, 17, 255, 161, 74, 235, 20, 35, 1, 0, 41, 1, 0, 239, 1, 0, 44, 11, 245]
1542791625253;[171, 0, 17, 255, 161, 74, 235, 20, 35, 1, 0, 42, 1, 0, 239, 1, 0, 41, 11, 163]
1542791625257;[171, 0, 17, 255, 161, 74, 235, 20, 35, 1, 0, 45, 1, 0, 238, 1, 0, 46, 11, 62]
1542791625261;[171, 0, 17, 255, 161, 74, 235, 20, 35, 1, 0, 40, 1, 0, 240, 1, 0, 42, 11, 0]
1542791625265;[171, 0, 17, 255, 161, 74, 235, 20, 35, 1, 0, 44, 1, 0, 239, 1, 0, 43, 11, 24]
1542791625423;[171, 0, 17, 255, 161, 74, 235, 20, 35, 1, 0, 45, 1, 0, 237, 1, 0, 45, 10, 242]
1542791625427;[171, 0, 17, 255, 161, 74, 235, 20, 36, 1, 0, 38, 1, 0, 238, 1, 0, 40, 10, 165]
1542791625596;[171, 0, 17, 255, 161, 74, 235, 20, 36, 1, 0, 42, 1, 0, 237, 1, 0, 42, 10, 96]
1542791625769;[171, 0, 17, 255, 161, 74, 235, 20, 36, 1, 0, 40, 1, 0, 241, 1, 0, 45, 10, 19]
1542791625772;[171, 0, 17, 255, 161, 74, 235, 20, 36, 1, 0, 40, 1, 0, 235, 1, 0, 40, 9, 185]
1542791625940;[171, 0, 4, 255, 132, 128, 95]
1542791625967;[171, 0, 17, 255, 161, 74, 235, 20, 36, 1, 0, 46, 1, 0, 238, 1, 0, 44, 9, 91]
1542791626113;[171, 0, 17, 255, 161, 74, 235, 20, 36, 1, 0, 38, 1, 0, 237, 1, 0, 42, 9, 73]
1542791626117;[171, 0, 17, 255, 161, 74, 235, 20, 36, 1, 0, 43, 1, 0, 238, 1, 0, 43, 9, 45]
1542791626287;[171, 0, 17, 255, 161, 74, 235, 20, 36, 1, 0, 40, 1, 0, 238, 1, 0, 45, 8, 243]
1542791626633;[171, 0, 17, 255, 161, 74, 235, 20, 36, 1, 0, 40, 1, 0, 238, 1, 0, 39, 8, 182]
1542791626637;[171, 0, 17, 255, 161, 74, 235, 20, 36, 1, 0, 46, 1, 0, 238, 1, 0, 44, 8, 122]
1542791626641;[171, 0, 17, 255, 161, 74, 235, 20, 37, 1, 0, 40, 1, 0, 239, 1, 0, 44, 8, 46]
1542791626645;[171, 0, 17, 255, 161, 74, 235, 20, 37, 1, 0, 40, 1, 0, 240, 1, 0, 38, 7, 235]
1542791626804;[171, 0, 17, 255, 161, 74, 235, 20, 37, 1, 0, 44, 1, 0, 239, 1, 0, 44, 7, 222]
1542791626976;[171, 0, 17, 255, 161, 74, 235, 20, 37, 1, 0, 41, 1, 0, 236, 1, 0, 43, 7, 180]
1542791626979;[171, 0, 4, 255, 132, 128, 96]
1542791627148;[171, 0, 17, 255, 161, 74, 235, 20, 37, 1, 0, 41, 1, 0, 238, 1, 0, 40, 7, 134]
1542791627152;[171, 0, 17, 255, 161, 74, 235, 20, 37, 1, 0, 43, 1, 0, 236, 1, 0, 44, 7, 74]
1542791627321;[171, 0, 17, 255, 161, 74, 235, 20, 37, 1, 0, 36, 1, 0, 236, 1, 0, 41, 7, 23]
1542791627325;[171, 0, 17, 255, 161, 74, 235, 20, 37, 1, 0, 46, 1, 0, 238, 1, 0, 42, 6, 206]
1542791627841;[171, 0, 17, 255, 161, 74, 235, 20, 37, 1, 0, 39, 1, 0, 236, 1, 0, 40, 6, 158]
1542791627845;[171, 0, 17, 255, 161, 74, 235, 20, 37, 1, 0, 30, 1, 1, 1, 1, 0, 45, 6, 156]
1542791627848;[171, 0, 17, 255, 161, 74, 235, 20, 38, 1, 0, 61, 1, 0, 214, 1, 0, 44, 6, 112]
1542791627852;[171, 0, 17, 255, 161, 74, 235, 20, 38, 1, 0, 6, 1, 0, 227, 1, 0, 61, 6, 88]
1542791628012;[171, 0, 17, 255, 161, 74, 235, 20, 38, 1, 0, 4, 1, 0, 218, 1, 0, 66, 6, 82]
1542791628016;[171, 0, 17, 255, 161, 74, 235, 20, 40, 1, 0, 2, 1, 0, 226, 1, 0, 87, 4, 157]
1542791628357;[171, 0, 17, 255, 161, 74, 235, 20, 40, 1, 0, 11, 1, 0, 221, 1, 0, 99, 4, 220]
1542791628362;[171, 0, 17, 255, 161, 74, 235, 20, 40, 1, 0, 7, 1, 0, 222, 1, 0, 97, 5, 7]
1542791628529;[171, 0, 17, 255, 161, 74, 235, 20, 40, 0, 0, 4, 1, 0, 231, 1, 0, 91, 5, 65]
1542791628533;[171, 0, 17, 255, 161, 74, 235, 20, 40, 1, 0, 16, 1, 0, 227, 1, 0, 84, 5, 112]
1542791628702;[171, 0, 17, 255, 161, 74, 235, 20, 40, 1, 0, 3, 1, 0, 230, 1, 0, 71, 5, 198]
1542791629221;[171, 0, 17, 255, 161, 74, 235, 20, 41, 1, 0, 7, 1, 0, 233, 1, 0, 78, 6, 148]
1542791629225;[171, 0, 17, 255, 161, 74, 235, 20, 41, 1, 0, 39, 1, 0, 249, 1, 0, 79, 7, 49]
1542791629229;[171, 0, 17, 255, 161, 74, 235, 20, 41, 1, 0, 3, 1, 0, 219, 1, 0, 57, 7, 181]
1542791629233;[171, 0, 17, 255, 161, 74, 235, 20, 41, 1, 0, 2, 1, 0, 232, 1, 0, 71, 7, 234]
1542791629391;[171, 0, 4, 255, 132, 128, 96]
1542791629418;[171, 0, 17, 255, 161, 74, 235, 20, 41, 1, 0, 9, 1, 0, 242, 1, 0, 70, 7, 225]
1542791629420;[171, 0, 17, 255, 161, 74, 235, 20, 41, 1, 0, 1, 1, 0, 219, 1, 0, 66, 7, 166]
1542791629738;[171, 0, 17, 255, 161, 74, 235, 20, 41, 1, 0, 13, 1, 0, 236, 1, 0, 63, 8, 33]
1542791629742;[171, 0, 17, 255, 161, 74, 235, 20, 41, 1, 0, 17, 1, 0, 224, 1, 0, 69, 8, 95]
1542791629746;[171, 0, 17, 255, 161, 74, 235, 20, 41, 0, 0, 21, 1, 0, 219, 1, 0, 80, 8, 135]
1542791629750;[171, 0, 17, 255, 161, 74, 235, 20, 41, 1, 0, 18, 1, 0, 226, 1, 0, 98, 8, 209]
1542791629908;[171, 0, 17, 255, 161, 74, 235, 20, 42, 1, 0, 68, 1, 1, 31, 1, 0, 54, 9, 23]
1542791629912;[171, 0, 17, 255, 161, 74, 235, 20, 42, 0, 0, 0, 1, 0, 218, 1, 0, 53, 9, 130]
1542791630081;[171, 0, 17, 255, 161, 74, 235, 20, 42, 1, 0, 18, 1, 0, 229, 1, 0, 77, 10, 112]
1542791630428;[171, 0, 17, 255, 161, 74, 235, 20, 42, 1, 0, 20, 1, 0, 233, 1, 0, 70, 10, 238]
1542791630432;[171, 0, 4, 255, 132, 128, 96]
1542791630458;[171, 0, 17, 255, 161, 74, 235, 20, 42, 1, 0, 15, 1, 0, 228, 1, 0, 71, 11, 53]
1542791630460;[171, 0, 17, 255, 161, 74, 235, 20, 42, 1, 0, 13, 1, 0, 234, 1, 0, 70, 11, 87]
1542791630598;[171, 0, 17, 255, 161, 74, 235, 20, 42, 1, 0, 9, 1, 0, 233, 1, 0, 72, 11, 94]
1542791630771;[171, 0, 17, 255, 161, 74, 235, 20, 42, 1, 0, 2, 1, 0, 233, 1, 0, 72, 11, 111]
1542791630775;[171, 0, 17, 255, 161, 74, 235, 20, 42, 1, 0, 1, 1, 0, 234, 1, 0, 77, 12, 56]
1542791630943;[171, 0, 17, 255, 161, 74, 235, 20, 42, 0, 0, 1, 1, 0, 233, 1, 0, 75, 12, 144]
1542791630947;[171, 0, 17, 255, 161, 74, 235, 20, 43, 1, 0, 2, 1, 0, 231, 1, 0, 75, 12, 170]
1542791631117;[171, 0, 17, 255, 161, 74, 235, 20, 43, 1, 0, 8, 1, 0, 235, 1, 0, 80, 12, 158]
1542791631120;[171, 0, 17, 255, 161, 74, 235, 20, 43, 1, 0, 18, 1, 0, 233, 1, 0, 75, 12, 141]
1542791631288;[171, 0, 17, 255, 161, 74, 235, 20, 43, 1, 0, 20, 1, 0, 231, 1, 0, 76, 12, 85]
1542791631635;[171, 0, 4, 255, 132, 128, 96]
1542791631661;[171, 0, 17, 255, 161, 74, 235, 20, 43, 1, 0, 28, 1, 0, 227, 1, 0, 79, 12, 211]
1542791631663;[171, 0, 17, 255, 161, 74, 235, 20, 43, 1, 0, 28, 1, 0, 230, 1, 0, 74, 13, 26]
1542791631665;[171, 0, 17, 255, 161, 74, 235, 20, 43, 1, 0, 28, 1, 0, 228, 1, 0, 77, 13, 12]
1542791631806;[171, 0, 17, 255, 161, 74, 235, 20, 43, 1, 0, 20, 1, 0, 232, 1, 0, 82, 12, 245]
1542791631979;[171, 0, 17, 255, 161, 74, 235, 20, 43, 1, 0, 23, 1, 0, 229, 1, 0, 81, 12, 195]
1542791631983;[171, 0, 17, 255, 161, 74, 235, 20, 43, 1, 0, 26, 1, 0, 229, 1, 0, 73, 12, 159]
1542791632152;[171, 0, 17, 255, 161, 74, 235, 20, 44, 1, 0, 12, 1, 0, 237, 1, 0, 77, 13, 28]
1542791632159;[171, 0, 17, 255, 161, 74, 235, 20, 44, 1, 0, 18, 1, 0, 235, 1, 0, 79, 13, 60]
1542791632324;[171, 0, 17, 255, 161, 74, 235, 20, 44, 1, 0, 25, 1, 0, 230, 1, 0, 72, 13, 21]
1542791632328;[171, 0, 17, 255, 161, 74, 235, 20, 44, 1, 0, 28, 1, 0, 228, 1, 0, 76, 12, 225]
1542791632495;[171, 0, 4, 255, 132, 128, 96]
1542791632668;[171, 0, 17, 255, 161, 74, 235, 20, 44, 1, 0, 35, 1, 0, 229, 1, 0, 81, 12, 157]
1542791632672;[171, 0, 17, 255, 161, 74, 235, 20, 44, 1, 0, 28, 1, 0, 233, 1, 0, 81, 12, 97]
1542791633016;[171, 0, 17, 255, 161, 74, 235, 20, 44, 1, 0, 32, 1, 0, 222, 1, 0, 87, 12, 187]
1542791633020;[171, 0, 17, 255, 161, 74, 235, 20, 44, 1, 0, 33, 1, 0, 235, 1, 0, 77, 12, 208]
1542791633024;[171, 0, 17, 255, 161, 74, 235, 20, 44, 1, 0, 25, 1, 0, 228, 1, 0, 83, 12, 161]
1542791633028;[171, 0, 17, 255, 161, 74, 235, 20, 44, 1, 0, 28, 1, 0, 236, 1, 0, 77, 12, 100]
1542791633184;[171, 0, 17, 255, 161, 74, 235, 20, 45, 1, 0, 24, 1, 0, 225, 1, 0, 78, 12, 29]
1542791633359;[171, 0, 17, 255, 161, 74, 235, 20, 45, 1, 0, 25, 1, 0, 228, 1, 0, 85, 11, 220]
1542791633363;[171, 0, 17, 255, 161, 74, 235, 20, 45, 1, 0, 14, 1, 0, 236, 1, 0, 80, 12, 14]
1542791633531;[171, 0, 17, 255, 161, 74, 235, 20, 45, 1, 0, 22, 1, 0, 236, 1, 0, 77, 12, 5]
1542791633534;[171, 0, 4, 255, 132, 128, 96]
1542791633703;[171, 0, 17, 255, 161, 74, 235, 20, 45, 1, 0, 23, 1, 0, 225, 1, 0, 76, 11, 210]
1542791633877;[171, 0, 17, 255, 161, 74, 235, 20, 45, 1, 0, 13, 1, 0, 217, 1, 0, 87, 11, 142]
1542791633881;[171, 0, 17, 255, 161, 74, 235, 20, 45, 1, 0, 25, 1, 0, 233, 1, 0, 85, 11, 72]
1542791634224;[171, 0, 17, 255, 161, 74, 235, 20, 45, 1, 0, 25, 1, 0, 234, 1, 0, 69, 11, 40]
1542791634228;[171, 0, 17, 255, 161, 74, 235, 20, 45, 1, 0, 12, 1, 0, 231, 1, 0, 78, 11, 62]
1542791634232;[171, 0, 17, 255, 161, 74, 235, 20, 45, 1, 0, 25, 1, 0, 231, 1, 0, 83, 11, 27]
1542791634237;[171, 0, 17, 255, 161, 74, 235, 20, 46, 1, 0, 17, 1, 0, 232, 1, 0, 79, 10, 228]
1542791634394;[171, 0, 17, 255, 161, 74, 235, 20, 46, 1, 0, 24, 1, 0, 232, 1, 0, 81, 10, 172]
1542791634568;[171, 0, 17, 255, 161, 74, 235, 20, 46, 1, 0, 20, 1, 0, 241, 1, 0, 77, 10, 105]
1542791634571;[171, 0, 17, 255, 161, 74, 235, 20, 46, 1, 0, 18, 1, 0, 233, 1, 0, 77, 10, 99]
1542791634739;[171, 0, 4, 255, 132, 128, 96]
1542791634766;[171, 0, 17, 255, 161, 74, 235, 20, 46, 1, 0, 18, 1, 0, 232, 1, 0, 72, 10, 100]
1542791634912;[171, 0, 17, 255, 161, 74, 235, 20, 46, 1, 0, 12, 1, 0, 235, 1, 0, 80, 10, 57]
1542791634915;[171, 0, 17, 255, 161, 74, 235, 20, 46, 1, 0, 19, 1, 0, 225, 1, 0, 75, 10, 7]
1542791635083;[171, 0, 17, 255, 161, 74, 235, 20, 46, 1, 0, 21, 1, 0, 229, 1, 0, 78, 9, 191]
1542791635602;[171, 0, 17, 255, 161, 74, 235, 20, 46, 1, 0, 11, 1, 0, 220, 1, 0, 68, 9, 144]
1542791635606;[171, 0, 17, 255, 161, 74, 235, 20, 46, 1, 0, 8, 1, 0, 237, 1, 0, 78, 9, 145]
1542791635610;[171, 0, 17, 255, 161, 74, 235, 20, 47, 1, 0, 11, 1, 0, 226, 1, 0, 81, 9, 116]
1542791635614;[171, 0, 17, 255, 161, 74, 235, 20, 47, 1, 0, 13, 1, 0, 236, 1, 0, 81, 9, 74]
1542791635773;[171, 0, 17, 255, 161, 74, 235, 20, 47, 1, 0, 8, 1, 0, 227, 1, 0, 80, 9, 18]
1542791635777;[171, 0, 17, 255, 161, 74, 235, 20, 47, 1, 0, 12, 1, 0, 232, 1, 0, 76, 8, 204]
1542791635781;[171, 0, 4, 255, 132, 128, 97]
1542791635946;[171, 0, 17, 255, 161, 74, 235, 20, 47, 1, 0, 17, 1, 0, 234, 1, 0, 71, 8, 183]
1542791635950;[171, 0, 17, 255, 161, 74, 235, 20, 47, 1, 0, 17, 1, 0, 234, 1, 0, 86, 8, 177]
1542791636119;[171, 0, 17, 255, 161, 74, 235, 20, 47, 1, 0, 30, 1, 0, 237, 1, 0, 74, 8, 130]
1542791636123;[171, 0, 17, 255, 161, 74, 235, 20, 47, 1, 0, 7, 1, 0, 222, 1, 0, 77, 8, 84]
1542791636291;[171, 0, 17, 255, 161, 74, 235, 20, 47, 1, 0, 23, 1, 0, 237, 1, 0, 73, 8, 35]
1542791636463;[171, 0, 17, 255, 161, 74, 235, 20, 47, 1, 0, 36, 1, 0, 225, 1, 0, 81, 7, 230]
1542791636467;[171, 0, 17, 255, 161, 74, 235, 20, 48, 1, 0, 22, 1, 0, 243, 1, 0, 66, 7, 200]
1542791636810;[171, 0, 17, 255, 161, 74, 235, 20, 48, 1, 0, 7, 1, 0, 234, 1, 0, 80, 7, 213]
1542791636814;[171, 0, 17, 255, 161, 74, 235, 20, 48, 1, 0, 16, 1, 0, 216, 1, 0, 72, 7, 206]
1542791636818;[171, 0, 17, 255, 161, 74, 235, 20, 48, 1, 0, 10, 1, 0, 228, 1, 0, 85, 7, 170]
1542791636822;[171, 0, 4, 255, 132, 128, 97]
1542791636981;[171, 0, 17, 255, 161, 74, 235, 20, 48, 1, 0, 26, 1, 0, 228, 1, 0, 58, 7, 156]
1542791637154;[171, 0, 17, 255, 161, 74, 235, 20, 48, 1, 0, 13, 1, 0, 219, 1, 0, 72, 7, 124]
1542791637158;[171, 0, 17, 255, 161, 74, 235, 20, 48, 1, 0, 7, 1, 0, 228, 1, 0, 69, 7, 98]
1542791637326;[171, 0, 17, 255, 161, 74, 235, 20, 48, 1, 0, 20, 1, 0, 236, 1, 0, 79, 7, 123]
1542791637329;[171, 0, 17, 255, 161, 74, 235, 20, 48, 1, 0, 15, 1, 0, 222, 1, 0, 74, 7, 138]
1542791637498;[171, 0, 17, 255, 161, 74, 235, 20, 48, 1, 0, 7, 1, 0, 226, 1, 0, 81, 7, 138]
1542791637670;[171, 0, 17, 255, 161, 74, 235, 20, 49, 1, 0, 17, 1, 0, 239, 1, 0, 70, 7, 130]
1542791637674;[171, 0, 17, 255, 161, 74, 235, 20, 49, 1, 0, 11, 1, 0, 231, 1, 0, 83, 7, 117]
1542791638019;[171, 0, 17, 255, 161, 74, 235, 20, 49, 1, 0, 15, 1, 0, 234, 1, 0, 70, 7, 85]
1542791638023;[171, 0, 17, 255, 161, 74, 235, 20, 49, 1, 0, 4, 1, 0, 226, 1, 0, 74, 7, 86]
1542791638027;[171, 0, 4, 255, 132, 128, 98]
1542791638053;[171, 0, 17, 255, 161, 74, 235, 20, 49, 1, 0, 3, 1, 0, 225, 1, 0, 83, 7, 145]
1542791638361;[171, 0, 17, 255, 161, 74, 235, 20, 49, 1, 0, 6, 1, 0, 229, 1, 0, 82, 7, 177]
1542791638366;[171, 0, 17, 255, 161, 74, 235, 20, 49, 1, 0, 26, 1, 0, 250, 1, 0, 71, 7, 172]
1542791638371;[171, 0, 17, 255, 161, 74, 235, 20, 49, 0, 0, 6, 1, 0, 244, 1, 0, 71, 7, 193]
1542791638534;[171, 0, 17, 255, 161, 74, 235, 20, 49, 0, 0, 19, 1, 0, 229, 1, 0, 66, 7, 171]
1542791638538;[171, 0, 17, 255, 161, 74, 235, 20, 49, 0, 0, 6, 1, 0, 234, 1, 0, 71, 7, 156]
1542791638706;[171, 0, 17, 255, 161, 74, 235, 20, 50, 0, 0, 9, 1, 0, 231, 1, 0, 77, 7, 210]
1542791638879;[171, 0, 17, 255, 161, 74, 235, 20, 50, 1, 0, 15, 1, 0, 236, 1, 0, 68, 8, 21]
1542791638883;[171, 0, 17, 255, 161, 74, 235, 20, 50, 0, 0, 1, 1, 0, 243, 1, 0, 82, 8, 53]
1542791639051;[171, 0, 17, 255, 161, 74, 235, 20, 50, 1, 0, 9, 1, 0, 246, 1, 0, 59, 8, 85]
1542791639055;[171, 0, 4, 255, 132, 128, 98]
1542791639397;[171, 0, 17, 255, 161, 74, 235, 20, 50, 0, 0, 9, 1, 0, 224, 1, 0, 64, 8, 97]
1542791639401;[171, 0, 17, 255, 161, 74, 235, 20, 50, 1, 0, 19, 1, 0, 229, 1, 0, 70, 8, 102]
1542791639405;[171, 0, 17, 255, 161, 74, 235, 20, 50, 0, 0, 14, 1, 0, 225, 1, 0, 60, 8, 186]
1542791639568;[171, 0, 17, 255, 161, 74, 235, 20, 50, 0, 0, 9, 1, 0, 221, 1, 0, 73, 9, 36]
1542791639572;[171, 0, 17, 255, 161, 74, 235, 20, 50, 0, 0, 2, 1, 0, 229, 1, 0, 71, 9, 82]
1542791639740;[171, 0, 17, 255, 161, 74, 235, 20, 50, 1, 0, 5, 1, 0, 246, 1, 0, 62, 9, 119]
1542791639744;[171, 0, 17, 255, 161, 74, 235, 20, 51, 0, 0, 16, 1, 0, 244, 1, 0, 82, 9, 152]
1542791639913;[171, 0, 17, 255, 161, 74, 235, 20, 51, 1, 0, 7, 1, 0, 237, 1, 0, 68, 9, 159]
1542791639917;[171, 0, 17, 255, 161, 74, 235, 20, 51, 0, 0, 18, 1, 0, 225, 1, 0, 65, 9, 217]
1542791640086;[171, 0, 17, 255, 161, 74, 235, 20, 51, 0, 0, 6, 1, 0, 224, 1, 0, 64, 10, 137]
1542791640259;[171, 0, 4, 255, 132, 128, 98]
1542791640285;[171, 0, 17, 255, 161, 74, 235, 20, 51, 1, 0, 2, 1, 0, 243, 1, 0, 82, 10, 231]
1542791640605;[171, 0, 17, 255, 161, 74, 235, 20, 51, 0, 0, 0, 1, 0, 242, 1, 0, 69, 11, 23]
1542791640610;[171, 0, 17, 255, 161, 74, 235, 20, 51, 1, 0, 2, 1, 0, 236, 1, 0, 78, 11, 68]
1542791640613;[171, 0, 17, 255, 161, 74, 235, 20, 51, 1, 0, 8, 1, 0, 235, 1, 0, 69, 11, 86]
1542791640776;[171, 0, 17, 255, 161, 74, 235, 20, 51, 1, 0, 1, 1, 0, 224, 1, 0, 65, 11, 95]
1542791640780;[171, 0, 17, 255, 161, 74, 235, 20, 51, 1, 0, 3, 1, 0, 237, 1, 0, 66, 11, 224]
1542791640949;[171, 0, 17, 255, 161, 74, 235, 20, 52, 0, 0, 1, 1, 0, 239, 1, 0, 73, 12, 106]
1542791640953;[171, 0, 17, 255, 161, 74, 235, 20, 52, 0, 0, 1, 1, 0, 225, 1, 0, 72, 12, 160]
1542791641295;[171, 0, 17, 255, 161, 74, 235, 20, 52, 0, 0, 0, 1, 0, 236, 1, 0, 67, 12, 179]
1542791641299;[171, 0, 17, 255, 161, 74, 235, 20, 52, 1, 0, 7, 1, 0, 242, 1, 0, 72, 12, 203]
1542791641302;[171, 0, 4, 255, 132, 128, 98]
1542791641465;[171, 0, 17, 255, 161, 74, 235, 20, 52, 1, 0, 10, 1, 0, 237, 1, 0, 72, 12, 191]
1542791641470;[171, 0, 17, 255, 161, 74, 235, 20, 52, 0, 0, 1, 1, 0, 234, 1, 0, 66, 12, 173]
1542791641638;[171, 0, 17, 255, 161, 74, 235, 20, 52, 0, 0, 5, 1, 0, 228, 1, 0, 71, 13, 66]
1542791641642;[171, 0, 17, 255, 161, 74, 235, 20, 52, 1, 0, 2, 1, 0, 228, 1, 0, 68, 13, 155]
1542791641983;[171, 0, 17, 255, 161, 74, 235, 20, 52, 0, 0, 1, 1, 0, 231, 1, 0, 67, 13, 157]
1542791641987;[171, 0, 17, 255, 161, 74, 235, 20, 52, 0, 0, 2, 1, 0, 239, 1, 0, 62, 13, 172]
1542791641991;[171, 0, 17, 255, 161, 74, 235, 20, 53, 0, 0, 1, 1, 0, 251, 1, 0, 69, 13, 158]
1542791642156;[171, 0, 17, 255, 161, 74, 235, 20, 53, 1, 0, 8, 1, 0, 236, 1, 0, 68, 13, 137]
1542791642160;[171, 0, 17, 255, 161, 74, 235, 20, 53, 0, 0, 7, 1, 0, 228, 1, 0, 69, 13, 122]
1542791642328;[171, 0, 17, 255, 161, 74, 235, 20, 53, 0, 0, 4, 1, 0, 243, 1, 0, 60, 14, 9]
1542791642331;[171, 0, 4, 255, 132, 128, 98]
1542791642501;[171, 0, 17, 255, 161, 74, 235, 20, 53, 1, 0, 3, 1, 0, 237, 1, 0, 76, 14, 55]
1542791642674;[171, 0, 17, 255, 161, 74, 235, 20, 53, 0, 0, 6, 1, 0, 230, 1, 0, 59, 14, 62]
1542791642678;[171, 0, 17, 255, 161, 74, 235, 20, 53, 0, 0, 3, 1, 0, 235, 1, 0, 72, 14, 60]
1542791642845;[171, 0, 17, 255, 161, 74, 235, 20, 53, 1, 0, 13, 1, 0, 246, 1, 0, 64, 14, 34]
1542791642849;[171, 0, 17, 255, 161, 74, 235, 20, 53, 0, 0, 3, 1, 0, 235, 1, 0, 75, 14, 4]
1542791643192;[171, 0, 17, 255, 161, 74, 235, 20, 53, 1, 0, 5, 1, 0, 250, 1, 0, 64, 14, 120]
1542791643196;[171, 0, 17, 255, 161, 74, 235, 20, 54, 1, 0, 4, 1, 0, 235, 1, 0, 68, 14, 183]
1542791643204;[171, 0, 17, 255, 161, 74, 235, 20, 54, 1, 0, 17, 1, 0, 243, 1, 0, 79, 14, 171]
1542791643380;[171, 0, 17, 255, 161, 74, 235, 20, 54, 1, 0, 14, 1, 0, 245, 1, 0, 76, 14, 181]
1542791643381;[171, 0, 17, 255, 161, 74, 235, 20, 54, 1, 0, 4, 1, 0, 231, 1, 0, 63, 14, 152]
1542791643536;[171, 0, 4, 255, 132, 128, 98]
1542791643563;[171, 0, 17, 255, 161, 74, 235, 20, 54, 0, 0, 1, 1, 0, 223, 1, 0, 65, 14, 106]
1542791643708;[171, 0, 17, 255, 161, 74, 235, 20, 54, 1, 0, 5, 1, 0, 233, 1, 0, 70, 14, 125]
1542791643712;[171, 0, 17, 255, 161, 74, 235, 20, 54, 0, 0, 1, 1, 0, 215, 1, 0, 63, 14, 219]
1542791643880;[171, 0, 17, 255, 161, 74, 235, 20, 54, 1, 0, 6, 1, 0, 212, 1, 0, 70, 14, 228]
1542791644572;[171, 0, 17, 255, 161, 74, 235, 20, 54, 1, 0, 2, 1, 0, 223, 1, 0, 63, 14, 213]
1542791644576;[171, 0, 17, 255, 161, 74, 235, 20, 54, 1, 0, 4, 1, 0, 244, 1, 0, 80, 14, 189]
1542791644580;[171, 0, 17, 255, 161, 74, 235, 20, 55, 1, 0, 23, 1, 0, 238, 1, 0, 64, 14, 159]
1542791644584;[171, 0, 17, 255, 161, 74, 235, 20, 55, 0, 0, 5, 1, 0, 241, 1, 0, 71, 14, 110]
1542791644744;[171, 0, 17, 255, 161, 74, 235, 20, 55, 1, 0, 19, 1, 0, 240, 1, 0, 74, 14, 130]
1542791644748;[171, 0, 17, 255, 161, 74, 235, 20, 55, 1, 0, 7, 1, 0, 240, 1, 0, 74, 14, 177]
1542791644753;[171, 0, 4, 255, 132, 128, 98]
1542791644779;[171, 0, 17, 255, 161, 74, 235, 20, 55, 1, 0, 4, 1, 0, 229, 1, 0, 56, 14, 174]
1542791644915;[171, 0, 17, 255, 161, 74, 235, 20, 55, 1, 0, 4, 1, 0, 226, 1, 0, 78, 14, 144]
1542791644920;[171, 0, 17, 255, 161, 74, 235, 20, 55, 1, 0, 6, 1, 0, 238, 1, 0, 66, 14, 131]
1542791645089;[171, 0, 17, 255, 161, 74, 235, 20, 55, 1, 0, 15, 1, 0, 238, 1, 0, 76, 14, 92]
1542791645261;[171, 0, 17, 255, 161, 74, 235, 20, 55, 1, 0, 15, 1, 0, 238, 1, 0, 68, 14, 74]
1542791645265;[171, 0, 17, 255, 161, 74, 235, 20, 55, 0, 0, 0, 1, 0, 236, 1, 0, 67, 14, 153]
1542791645434;[171, 0, 17, 255, 161, 74, 235, 20, 56, 1, 0, 10, 1, 0, 246, 1, 0, 72, 14, 141]
1542791645438;[171, 0, 17, 255, 161, 74, 235, 20, 56, 1, 0, 27, 1, 0, 239, 1, 0, 71, 14, 98]
1542791645780;[171, 0, 17, 255, 161, 74, 235, 20, 56, 1, 0, 18, 1, 0, 236, 1, 0, 73, 14, 77]
1542791645784;[171, 0, 17, 255, 161, 74, 235, 20, 56, 1, 0, 12, 1, 0, 228, 1, 0, 59, 14, 39]
1542791645788;[171, 0, 4, 255, 132, 128, 97]
1542791645951;[171, 0, 17, 255, 161, 74, 235, 20, 56, 0, 0, 8, 1, 0, 231, 1, 0, 73, 13, 246]
1542791645955;[171, 0, 17, 255, 161, 74, 235, 20, 56, 1, 0, 2, 1, 0, 217, 1, 0, 57, 14, 34]
1542791646122;[171, 0, 17, 255, 161, 74, 235, 20, 56, 1, 0, 33, 1, 0, 231, 1, 0, 62, 14, 48]
1542791646145;[171, 0, 17, 255, 161, 74, 235, 20, 56, 1, 0, 8, 1, 0, 248, 1, 0, 78, 14, 27]
1542791646295;[171, 0, 17, 255, 161, 74, 235, 20, 56, 1, 0, 6, 1, 0, 249, 1, 0, 80, 14, 16]
1542791646468;[171, 0, 17, 255, 161, 74, 235, 20, 56, 0, 0, 0, 1, 0, 227, 1, 0, 64, 13, 230]
1542791646472;[171, 0, 17, 255, 161, 74, 235, 20, 57, 1, 0, 21, 1, 0, 236, 1, 0, 65, 13, 201]
1542791646642;[171, 0, 17, 255, 161, 74, 235, 20, 57, 1, 0, 13, 1, 0, 241, 1, 0, 59, 13, 176]
1542791646646;[171, 0, 17, 255, 161, 74, 235, 20, 57, 1, 0, 9, 1, 0, 224, 1, 0, 74, 13, 211]
1542791646988;[171, 0, 17, 255, 161, 74, 235, 20, 57, 1, 0, 1, 1, 0, 221, 1, 0, 56, 13, 230]
1542791646992;[171, 0, 4, 255, 132, 128, 97]
1542791647019;[171, 0, 17, 255, 161, 74, 235, 20, 57, 1, 0, 14, 1, 0, 220, 1, 0, 66, 13, 200]
1542791647159;[171, 0, 17, 255, 161, 74, 235, 20, 57, 0, 0, 7, 1, 0, 242, 1, 0, 72, 13, 180]
1542791647163;[171, 0, 17, 255, 161, 74, 235, 20, 57, 1, 0, 15, 1, 0, 242, 1, 0, 69, 13, 156]
1542791647330;[171, 0, 17, 255, 161, 74, 235, 20, 57, 0, 0, 1, 1, 0, 230, 1, 0, 65, 13, 111]
1542791647334;[171, 0, 17, 255, 161, 74, 235, 20, 57, 0, 0, 0, 1, 0, 228, 1, 0, 65, 13, 68]
1542791647503;[171, 0, 17, 255, 161, 74, 235, 20, 57, 1, 0, 14, 1, 0, 248, 1, 0, 67, 13, 103]
1542791647849;[171, 0, 17, 255, 161, 74, 235, 20, 58, 1, 0, 14, 1, 0, 251, 1, 0, 69, 13, 110]
1542791647854;[171, 0, 17, 255, 161, 74, 235, 20, 58, 0, 0, 1, 1, 0, 234, 1, 0, 70, 13, 96]
1542791647858;[171, 0, 17, 255, 161, 74, 235, 20, 58, 0, 0, 6, 1, 0, 250, 1, 0, 70, 13, 76]
1542791647861;[171, 0, 17, 255, 161, 74, 235, 20, 58, 1, 0, 15, 1, 0, 235, 1, 0, 78, 13, 37]
1542791648022;[171, 0, 4, 255, 132, 128, 96]
1542791648048;[171, 0, 17, 255, 161, 74, 235, 20, 58, 1, 0, 1, 1, 0, 249, 1, 0, 65, 13, 4]
1542791648366;[171, 0, 17, 255, 161, 74, 235, 20, 58, 1, 0, 5, 1, 0, 221, 1, 0, 85, 12, 221]
1542791648370;[171, 0, 17, 255, 161, 74, 235, 20, 58, 1, 0, 8, 1, 0, 232, 1, 0, 69, 12, 220]
1542791648374;[171, 0, 17, 255, 161, 74, 235, 20, 58, 0, 0, 3, 1, 0, 236, 1, 0, 69, 12, 233]
1542791648538;[171, 0, 17, 255, 161, 74, 235, 20, 58, 1, 0, 8, 1, 0, 235, 1, 0, 65, 12, 233]
1542791648543;[171, 0, 17, 255, 161, 74, 235, 20, 58, 0, 0, 0, 1, 0, 233, 1, 0, 63, 12, 215]
1542791648711;[171, 0, 17, 255, 161, 74, 235, 20, 59, 0, 0, 0, 1, 0, 230, 1, 0, 75, 12, 188]
1542791648715;[171, 0, 17, 255, 161, 74, 235, 20, 59, 1, 0, 14, 1, 0, 232, 1, 0, 69, 12, 155]
1542791648883;[171, 0, 17, 255, 161, 74, 235, 20, 59, 1, 0, 8, 1, 0, 230, 1, 0, 70, 12, 133]
1542791649056;[171, 0, 17, 255, 161, 74, 235, 20, 65, 0, 0, 7, 1, 0, 217, 1, 0, 87, 12, 104]
1542791649241;[171, 0, 17, 255, 161, 74, 235, 20, 65, 0, 0, 2, 1, 0, 240, 1, 0, 79, 12, 109]
1542791649574;[171, 0, 17, 255, 161, 74, 235, 20, 65, 0, 0, 8, 1, 0, 235, 1, 0, 85, 12, 86]
1542791649578;[171, 0, 17, 255, 161, 74, 235, 20, 65, 1, 0, 1, 1, 0, 228, 1, 0, 73, 12, 71]
1542791649582;[171, 0, 17, 255, 161, 74, 235, 20, 65, 1, 0, 8, 1, 0, 234, 1, 0, 69, 12, 50]
1542791649745;[171, 0, 17, 255, 161, 74, 235, 20, 65, 1, 0, 2, 1, 0, 247, 1, 0, 52, 12, 40]
1542791649749;[171, 0, 17, 255, 161, 74, 235, 20, 66, 0, 0, 5, 1, 0, 240, 1, 0, 69, 12, 62]
1542791649918;[171, 0, 17, 255, 161, 74, 235, 20, 66, 0, 0, 15, 1, 0, 218, 1, 0, 51, 12, 174]
1542791649922;[171, 0, 17, 255, 161, 74, 235, 20, 66, 1, 0, 7, 1, 0, 234, 1, 0, 64, 12, 242]
1542791650091;[171, 0, 17, 255, 161, 74, 235, 20, 66, 0, 0, 12, 1, 0, 232, 1, 0, 70, 13, 23]
1542791650263;[171, 0, 4, 255, 132, 128, 94]
1542791650286;[171, 0, 17, 255, 161, 74, 235, 20, 66, 0, 0, 11, 1, 0, 241, 1, 0, 73, 13, 67]
1542791650432;[171, 0, 17, 255, 161, 74, 235, 20, 66, 0, 0, 26, 1, 0, 219, 1, 0, 70, 13, 88]
1542791650434;[171, 0, 17, 255, 161, 74, 235, 20, 66, 0, 0, 4, 1, 0, 236, 1, 0, 68, 13, 97]
1542791650954;[171, 0, 17, 255, 161, 74, 235, 20, 66, 0, 0, 13, 1, 0, 239, 1, 0, 66, 13, 176]
1542791650958;[171, 0, 17, 255, 161, 74, 235, 20, 66, 0, 0, 11, 1, 0, 224, 1, 0, 69, 13, 238]
1542791650962;[171, 0, 17, 255, 161, 74, 235, 20, 66, 0, 0, 14, 1, 0, 235, 1, 0, 55, 14, 1]
1542791650966;[171, 0, 17, 255, 161, 74, 235, 20, 67, 0, 0, 15, 1, 0, 234, 1, 0, 67, 14, 15]
1542791651127;[171, 0, 17, 255, 161, 74, 235, 20, 67, 0, 0, 17, 1, 0, 235, 1, 0, 72, 14, 32]
1542791651131;[171, 0, 17, 255, 161, 74, 235, 20, 67, 1, 0, 1, 1, 0, 238, 1, 0, 68, 14, 35]
1542791651135;[171, 0, 17, 255, 161, 74, 235, 20, 67, 0, 0, 14, 1, 0, 226, 1, 0, 65, 14, 104]
1542791651470;[171, 0, 4, 255, 132, 128, 93]
1542791651645;[171, 0, 17, 255, 161, 74, 235, 20, 67, 0, 0, 8, 1, 0, 223, 1, 0, 67, 14, 176]
1542791651649;[171, 0, 17, 255, 161, 74, 235, 20, 67, 0, 0, 17, 1, 0, 230, 1, 0, 63, 14, 200]
1542791651653;[171, 0, 17, 255, 161, 74, 235, 20, 67, 0, 0, 17, 1, 0, 224, 1, 0, 57, 14, 213]
1542791651657;[171, 0, 17, 255, 161, 74, 235, 20, 67, 0, 0, 16, 1, 0, 233, 1, 0, 68, 14, 211]
1542791651817;[171, 0, 17, 255, 161, 74, 235, 20, 67, 0, 0, 15, 1, 0, 223, 1, 0, 71, 14, 203]
1542791651821;[171, 0, 17, 255, 161, 74, 235, 20, 67, 0, 0, 25, 1, 0, 225, 1, 0, 59, 14, 213]
1542791652162;[171, 0, 17, 255, 161, 74, 235, 20, 68, 0, 0, 7, 1, 0, 219, 1, 0, 65, 15, 49]
1542791652166;[171, 0, 17, 255, 161, 74, 235, 20, 68, 0, 0, 19, 1, 0, 238, 1, 0, 67, 31, 80]
1542791652169;[171, 0, 17, 255, 161, 74, 235, 20, 68, 0, 0, 29, 1, 0, 231, 1, 0, 65, 7, 218]
1542791652333;[171, 0, 17, 255, 161, 74, 235, 20, 68, 0, 0, 6, 1, 0, 244, 1, 0, 73, 7, 223]
1542791652337;[171, 0, 4, 255, 132, 128, 92]
1542791652506;[171, 0, 17, 255, 161, 74, 235, 20, 68, 0, 0, 6, 1, 0, 237, 1, 0, 70, 7, 224]
1542791652679;[171, 0, 17, 255, 161, 74, 235, 20, 68, 0, 0, 25, 1, 0, 230, 1, 0, 63, 7, 221]
1542791652683;[171, 0, 17, 255, 161, 74, 235, 20, 68, 0, 0, 4, 1, 0, 230, 1, 0, 78, 8, 29]
1542791652850;[171, 0, 17, 255, 161, 74, 235, 20, 68, 0, 0, 20, 1, 0, 234, 1, 0, 66, 8, 78]
1542791652854;[171, 0, 17, 255, 161, 74, 235, 20, 68, 0, 0, 23, 1, 0, 220, 1, 0, 63, 8, 89]
1542791653024;[171, 0, 17, 255, 161, 74, 235, 20, 68, 0, 0, 26, 1, 0, 221, 1, 0, 70, 8, 94]
1542791653027;[171, 0, 17, 255, 161, 74, 235, 20, 69, 0, 0, 5, 1, 0, 240, 1, 0, 63, 8, 96]
1542791653543;[171, 0, 17, 255, 161, 74, 235, 20, 69, 0, 0, 21, 1, 0, 229, 1, 0, 69, 8, 98]
1542791653548;[171, 0, 17, 255, 161, 74, 235, 20, 69, 1, 0, 1, 1, 0, 242, 1, 0, 71, 8, 175]
1542791653552;[171, 0, 17, 255, 161, 74, 235, 20, 69, 0, 0, 26, 1, 0, 236, 1, 0, 71, 8, 222]
1542791653559;[171, 0, 4, 255, 132, 128, 92]
1542791653714;[171, 0, 17, 255, 161, 74, 235, 20, 69, 0, 0, 14, 1, 0, 238, 1, 0, 67, 8, 219]
1542791653718;[171, 0, 17, 255, 161, 74, 235, 20, 69, 0, 0, 21, 1, 0, 230, 1, 0, 69, 8, 231]
1542791653722;[171, 0, 17, 255, 161, 74, 235, 20, 69, 0, 0, 17, 1, 0, 248, 1, 0, 71, 8, 217]
1542791653886;[171, 0, 17, 255, 161, 74, 235, 20, 69, 0, 0, 1, 1, 0, 248, 1, 0, 73, 8, 209]
1542791654058;[171, 0, 17, 255, 161, 74, 235, 20, 69, 0, 0, 29, 1, 0, 230, 1, 0, 63, 9, 4]
1542791654062;[171, 0, 17, 255, 161, 74, 235, 20, 69, 0, 0, 25, 1, 0, 234, 1, 0, 66, 9, 66]
1542791654253;[171, 0, 17, 255, 161, 74, 235, 20, 70, 0, 0, 23, 1, 0, 222, 1, 0, 61, 9, 66]
1542791654255;[171, 0, 17, 255, 161, 74, 235, 20, 70, 0, 0, 29, 1, 0, 229, 1, 0, 67, 9, 57]
1542791654403;[171, 0, 17, 255, 161, 74, 235, 20, 70, 0, 0, 28, 1, 0, 238, 1, 0, 68, 9, 56]
1542791654749;[171, 0, 17, 255, 161, 74, 235, 20, 70, 0, 0, 13, 1, 0, 250, 1, 0, 69, 9, 41]
1542791654755;[171, 0, 4, 255, 132, 128, 92]
1542791654781;[171, 0, 17, 255, 161, 74, 235, 20, 70, 0, 0, 22, 1, 0, 248, 1, 0, 67, 9, 33]
1542791654783;[171, 0, 17, 255, 161, 74, 235, 20, 70, 0, 0, 19, 1, 0, 233, 1, 0, 69, 9, 98]
1542791654921;[171, 0, 17, 255, 161, 74, 235, 20, 70, 0, 0, 15, 1, 0, 230, 1, 0, 69, 9, 139]
1542791654925;[171, 0, 17, 255, 161, 74, 235, 20, 70, 0, 0, 20, 1, 0, 235, 1, 0, 68, 9, 140]
1542791655093;[171, 0, 17, 255, 161, 74, 235, 20, 70, 0, 0, 17, 1, 0, 242, 1, 0, 76, 9, 147]
1542791655294;[171, 0, 17, 255, 161, 74, 235, 20, 70, 0, 0, 20, 1, 0, 245, 1, 0, 73, 9, 153]
1542791655295;[171, 0, 17, 255, 161, 74, 235, 20, 71, 0, 0, 19, 1, 0, 240, 1, 0, 65, 9, 158]
1542791655438;[171, 0, 17, 255, 161, 74, 235, 20, 71, 0, 0, 24, 1, 0, 242, 1, 0, 66, 9, 151]
1542791655442;[171, 0, 17, 255, 161, 74, 235, 20, 71, 0, 0, 12, 1, 0, 236, 1, 0, 70, 9, 223]
1542791655611;[171, 0, 17, 255, 161, 74, 235, 20, 71, 0, 0, 31, 1, 0, 232, 1, 0, 67, 10, 7]
1542791655614;[171, 0, 4, 255, 132, 128, 92]
1542791655957;[171, 0, 17, 255, 161, 74, 235, 20, 71, 0, 0, 37, 1, 0, 218, 1, 0, 67, 9, 244]
1542791655961;[171, 0, 17, 255, 161, 74, 235, 20, 71, 0, 0, 21, 1, 0, 230, 1, 0, 57, 9, 255]
1542791655965;[171, 0, 17, 255, 161, 74, 235, 20, 71, 0, 0, 30, 1, 0, 231, 1, 0, 71, 9, 245]
1542791656129;[171, 0, 17, 255, 161, 74, 235, 20, 71, 0, 0, 11, 1, 0, 243, 1, 0, 61, 9, 226]
1542791656133;[171, 0, 17, 255, 161, 74, 235, 20, 71, 0, 0, 28, 1, 0, 226, 1, 0, 73, 10, 45]
1542791656301;[171, 0, 17, 255, 161, 74, 235, 20, 71, 0, 0, 18, 1, 0, 226, 1, 0, 71, 10, 82]
1542791656473;[171, 0, 17, 255, 161, 74, 235, 20, 72, 0, 0, 20, 1, 0, 233, 1, 0, 71, 10, 89]
1542791656477;[171, 0, 17, 255, 161, 74, 235, 20, 72, 0, 0, 16, 1, 0, 240, 1, 0, 60, 10, 86]
1542791656646;[171, 0, 17, 255, 161, 74, 235, 20, 72, 0, 0, 18, 1, 0, 231, 1, 0, 74, 10, 79]
1542791656650;[171, 0, 17, 255, 161, 74, 235, 20, 72, 0, 0, 51, 1, 0, 193, 1, 0, 74, 10, 49]
1542791656818;[171, 0, 4, 255, 132, 128, 92]
1542791656844;[171, 0, 17, 255, 161, 74, 235, 20, 72, 0, 0, 59, 1, 0, 228, 1, 0, 51, 10, 55]
1542791656991;[171, 0, 17, 255, 161, 74, 235, 20, 72, 0, 0, 32, 1, 0, 236, 1, 0, 55, 10, 77]
1542791657339;[171, 0, 17, 255, 161, 74, 235, 20, 72, 0, 0, 29, 1, 0, 226, 1, 0, 85, 10, 66]
1542791657343;[171, 0, 17, 255, 161, 74, 235, 20, 72, 0, 0, 21, 1, 0, 238, 1, 0, 53, 10, 11]
1542791657347;[171, 0, 17, 255, 161, 74, 235, 20, 72, 1, 0, 76, 1, 1, 29, 1, 0, 48, 9, 173]
1542791657351;[171, 0, 17, 255, 161, 74, 235, 20, 72, 0, 0, 14, 1, 0, 252, 1, 0, 65, 9, 124]
1542791657508;[171, 0, 17, 255, 161, 74, 235, 20, 73, 0, 0, 15, 1, 0, 226, 1, 0, 92, 9, 49]
1542791657512;[171, 0, 17, 255, 161, 74, 235, 20, 73, 0, 0, 51, 1, 1, 45, 1, 0, 65, 9, 74]
1542791657681;[171, 0, 17, 255, 161, 74, 235, 20, 73, 0, 0, 63, 1, 0, 219, 1, 0, 85, 9, 19]
1542791658030;[171, 0, 17, 255, 161, 74, 235, 20, 73, 0, 0, 48, 1, 0, 232, 1, 0, 51, 8, 233]
1542791658034;[171, 0, 4, 255, 132, 128, 92]
1542791658060;[171, 0, 17, 255, 161, 74, 235, 20, 73, 0, 0, 30, 1, 0, 235, 1, 0, 76, 8, 171]
1542791658062;[171, 0, 17, 255, 161, 74, 235, 20, 73, 0, 0, 22, 1, 0, 226, 1, 0, 72, 8, 128]
1542791658199;[171, 0, 17, 255, 161, 74, 235, 20, 73, 0, 0, 25, 1, 0, 223, 1, 0, 72, 8, 107]
1542791658545;[171, 0, 17, 255, 161, 74, 235, 20, 73, 0, 0, 30, 1, 0, 236, 1, 0, 71, 8, 101]
1542791658550;[171, 0, 17, 255, 161, 74, 235, 20, 73, 0, 0, 27, 1, 0, 231, 1, 0, 71, 8, 138]
1542791658554;[171, 0, 17, 255, 161, 74, 235, 20, 73, 0, 0, 26, 1, 0, 235, 1, 0, 85, 8, 138]
1542791658558;[171, 0, 17, 255, 161, 74, 235, 20, 74, 0, 0, 21, 1, 0, 234, 1, 0, 61, 8, 116]
1542791658716;[171, 0, 17, 255, 161, 74, 235, 20, 74, 0, 0, 32, 1, 0, 226, 1, 0, 81, 8, 99]
1542791658720;[171, 0, 17, 255, 161, 74, 235, 20, 74, 0, 0, 15, 1, 0, 245, 1, 0, 71, 8, 73]
1542791658888;[171, 0, 17, 255, 161, 74, 235, 20, 74, 0, 0, 33, 1, 0, 220, 1, 0, 69, 8, 58]
1542791659060;[171, 0, 4, 255, 132, 128, 92]
1542791659087;[171, 0, 17, 255, 161, 74, 235, 20, 74, 0, 0, 30, 1, 0, 222, 1, 0, 72, 8, 84]
1542791659239;[171, 0, 17, 255, 161, 74, 235, 20, 74, 0, 0, 24, 1, 0, 231, 1, 0, 67, 8, 91]
1542791659261;[171, 0, 17, 255, 161, 74, 235, 20, 74, 0, 0, 34, 1, 0, 231, 1, 0, 75, 8, 90]
1542791659406;[171, 0, 17, 255, 161, 74, 235, 20, 74, 0, 0, 33, 1, 0, 237, 1, 0, 73, 8, 75]
1542791659925;[171, 0, 17, 255, 161, 74, 235, 20, 74, 0, 0, 23, 1, 0, 229, 1, 0, 70, 8, 64]
1542791659929;[171, 0, 17, 255, 161, 74, 235, 20, 74, 0, 0, 28, 1, 0, 238, 1, 0, 64, 8, 71]
1542791659933;[171, 0, 17, 255, 161, 74, 235, 20, 75, 0, 0, 35, 1, 0, 228, 1, 0, 71, 8, 92]
1542791659937;[171, 0, 17, 255, 161, 74, 235, 20, 75, 0, 0, 38, 1, 0, 232, 1, 0, 69, 8, 112]
1542791660098;[171, 0, 17, 255, 161, 74, 235, 20, 75, 0, 0, 35, 1, 0, 225, 1, 0, 72, 8, 89]
1542791660102;[171, 0, 17, 255, 161, 74, 235, 20, 75, 0, 0, 34, 1, 0, 236, 1, 0, 66, 8, 84]
1542791660106;[171, 0, 4, 255, 132, 128, 92]
1542791660268;[171, 0, 17, 255, 161, 74, 235, 20, 75, 0, 0, 33, 1, 0, 235, 1, 0, 72, 8, 79]
1542791660272;[171, 0, 17, 255, 161, 74, 235, 20, 75, 0, 0, 40, 1, 0, 238, 1, 0, 67, 8, 77]
1542791660441;[171, 0, 17, 255, 161, 74, 235, 20, 75, 0, 0, 43, 1, 0, 222, 1, 0, 66, 8, 127]
1542791660445;[171, 0, 17, 255, 161, 74, 235, 20, 75, 0, 0, 37, 1, 0, 232, 1, 0, 69, 8, 139]
1542791660613;[171, 0, 17, 255, 161, 74, 235, 20, 75, 0, 0, 34, 1, 0, 233, 1, 0, 66, 8, 146]
1542791660617;[171, 0, 17, 255, 161, 74, 235, 20, 75, 0, 0, 46, 1, 0, 228, 1, 0, 66, 8, 154]
1542791660786;[171, 0, 17, 255, 161, 74, 235, 20, 76, 0, 0, 39, 1, 0, 235, 1, 0, 62, 8, 148]
1542791661305;[171, 0, 17, 255, 161, 74, 235, 20, 76, 0, 0, 49, 1, 0, 230, 1, 0, 67, 8, 145]
1542791661308;[171, 0, 17, 255, 161, 74, 235, 20, 76, 0, 0, 49, 1, 0, 231, 1, 0, 62, 8, 196]
1542791661312;[171, 0, 17, 255, 161, 74, 235, 20, 76, 0, 0, 45, 1, 0, 231, 1, 0, 65, 8, 231]
1542791661316;[171, 0, 4, 255, 132, 128, 92]
1542791661478;[171, 0, 17, 255, 161, 74, 235, 20, 76, 0, 0, 51, 1, 0, 231, 1, 0, 67, 8, 234]
1542791661482;[171, 0, 17, 255, 161, 74, 235, 20, 76, 0, 0, 46, 1, 0, 227, 1, 0, 70, 8, 227]
1542791661486;[171, 0, 17, 255, 161, 74, 235, 20, 76, 0, 0, 43, 1, 0, 232, 1, 0, 67, 8, 234]
1542791661648;[171, 0, 17, 255, 161, 74, 235, 20, 76, 0, 0, 47, 1, 0, 230, 1, 0, 68, 8, 229]
1542791661652;[171, 0, 17, 255, 161, 74, 235, 20, 76, 0, 0, 43, 1, 0, 230, 1, 0, 67, 9, 5]
1542791661821;[171, 0, 17, 255, 161, 74, 235, 20, 76, 0, 0, 38, 1, 0, 229, 1, 0, 71, 9, 31]
1542791661826;[171, 0, 17, 255, 161, 74, 235, 20, 77, 0, 0, 36, 1, 0, 228, 1, 0, 72, 9, 42]
1542791662342;[171, 0, 17, 255, 161, 74, 235, 20, 77, 0, 0, 37, 1, 0, 227, 1, 0, 72, 9, 25]
1542791662345;[171, 0, 17, 255, 161, 74, 235, 20, 77, 0, 0, 22, 1, 0, 229, 1, 0, 72, 8, 252]
1542791662349;[171, 0, 17, 255, 161, 74, 235, 20, 77, 1, 0, 4, 1, 0, 233, 1, 0, 76, 8, 198]
1542791662354;[171, 0, 4, 255, 132, 128, 92]
1542791662512;[171, 0, 17, 255, 161, 74, 235, 20, 77, 0, 0, 8, 1, 0, 234, 1, 0, 76, 8, 184]
1542791662516;[171, 0, 17, 255, 161, 74, 235, 20, 77, 0, 0, 21, 1, 0, 224, 1, 0, 76, 8, 175]
1542791662520;[171, 0, 17, 255, 161, 74, 235, 20, 77, 0, 0, 11, 1, 0, 234, 1, 0, 76, 8, 136]
1542791662857;[171, 0, 17, 255, 161, 74, 235, 20, 77, 0, 0, 11, 1, 0, 231, 1, 0, 78, 8, 88]
1542791662862;[171, 0, 17, 255, 161, 74, 235, 20, 77, 0, 0, 17, 1, 0, 227, 1, 0, 73, 8, 27]
1542791662865;[171, 0, 17, 255, 161, 74, 235, 20, 77, 0, 0, 17, 1, 0, 231, 1, 0, 79, 7, 236]
1542791663029;[171, 0, 17, 255, 161, 74, 235, 20, 78, 0, 0, 12, 1, 0, 229, 1, 0, 78, 7, 205]
1542791663033;[171, 0, 17, 255, 161, 74, 235, 20, 78, 0, 0, 10, 1, 0, 227, 1, 0, 75, 7, 229]
1542791663201;[171, 0, 17, 255, 161, 74, 235, 20, 78, 0, 0, 14, 1, 0, 235, 1, 0, 78, 7, 241]
1542791663373;[171, 0, 17, 255, 161, 74, 235, 20, 78, 0, 0, 18, 1, 0, 227, 1, 0, 80, 7, 222]
1542791663377;[171, 0, 4, 255, 132, 128, 92]
1542791663722;[171, 0, 17, 255, 161, 74, 235, 20, 78, 0, 0, 8, 1, 0, 230, 1, 0, 79, 7, 211]
1542791663726;[171, 0, 17, 255, 161, 74, 235, 20, 78, 0, 0, 1, 1, 0, 232, 1, 0, 79, 7, 185]
1542791663730;[171, 0, 17, 255, 161, 74, 235, 20, 78, 0, 0, 5, 1, 0, 230, 1, 0, 83, 7, 158]
1542791663734;[171, 0, 17, 255, 161, 74, 235, 20, 78, 0, 0, 9, 1, 0, 225, 1, 0, 83, 7, 161]
1542791663891;[171, 0, 17, 255, 161, 74, 235, 20, 78, 0, 0, 0, 1, 0, 230, 1, 0, 83, 7, 195]
1542791664064;[171, 0, 17, 255, 161, 74, 235, 20, 78, 1, 0, 9, 1, 0, 232, 1, 0, 80, 7, 210]
1542791664068;[171, 0, 17, 255, 161, 74, 235, 20, 79, 0, 0, 8, 1, 0, 228, 1, 0, 85, 7, 191]
1542791664243;[171, 0, 17, 255, 161, 74, 235, 20, 79, 1, 0, 3, 1, 0, 229, 1, 0, 82, 7, 187]
1542791664245;[171, 0, 17, 255, 161, 74, 235, 20, 79, 0, 0, 2, 1, 0, 227, 1, 0, 80, 7, 178]
1542791664426;[171, 0, 17, 255, 161, 74, 235, 20, 79, 0, 0, 9, 1, 0, 231, 1, 0, 86, 7, 170]
1542791664428;[171, 0, 4, 255, 132, 128, 92]
1542791664581;[171, 0, 17, 255, 161, 74, 235, 20, 79, 1, 0, 4, 1, 0, 229, 1, 0, 83, 7, 202]
1542791664928;[171, 0, 17, 255, 161, 74, 235, 20, 79, 0, 0, 7, 1, 0, 229, 1, 0, 78, 8, 12]
1542791664932;[171, 0, 17, 255, 161, 74, 235, 20, 79, 0, 0, 14, 1, 0, 228, 1, 0, 83, 8, 19]
1542791664936;[171, 0, 17, 255, 161, 74, 235, 20, 79, 0, 0, 1, 1, 0, 230, 1, 0, 84, 8, 19]
1542791664940;[171, 0, 17, 255, 161, 74, 235, 20, 79, 0, 0, 0, 1, 0, 234, 1, 0, 80, 7, 252]
1542791665098;[171, 0, 17, 255, 161, 74, 235, 20, 79, 0, 0, 9, 1, 0, 229, 1, 0, 80, 7, 230]
1542791665271;[171, 0, 17, 255, 161, 74, 235, 20, 80, 0, 0, 10, 1, 0, 230, 1, 0, 84, 7, 226]
1542791665275;[171, 0, 17, 255, 161, 74, 235, 20, 80, 1, 0, 1, 1, 0, 230, 1, 0, 79, 8, 17]
1542791665444;[171, 0, 17, 255, 161, 74, 235, 20, 80, 0, 0, 2, 1, 0, 230, 1, 0, 75, 8, 119]
1542791665448;[171, 0, 17, 255, 161, 74, 235, 20, 80, 0, 0, 13, 1, 0, 229, 1, 0, 83, 8, 162]
1542791665615;[171, 0, 4, 255, 132, 128, 93]
1542791665642;[171, 0, 17, 255, 161, 74, 235, 20, 80, 0, 0, 3, 1, 0, 228, 1, 0, 84, 8, 173]
1542791665788;[171, 0, 17, 255, 161, 74, 235, 20, 80, 1, 0, 3, 1, 0, 230, 1, 0, 78, 8, 166]
1542791666308;[171, 0, 17, 255, 161, 74, 235, 20, 80, 0, 0, 8, 1, 0, 231, 1, 0, 82, 8, 148]
1542791666311;[171, 0, 17, 255, 161, 74, 235, 20, 80, 0, 0, 14, 1, 0, 231, 1, 0, 79, 8, 131]
1542791666315;[171, 0, 17, 255, 161, 74, 235, 20, 80, 0, 0, 2, 1, 0, 230, 1, 0, 83, 8, 178]
1542791666320;[171, 0, 17, 255, 161, 74, 235, 20, 80, 1, 0, 1, 1, 0, 233, 1, 0, 75, 9, 40]
1542791666480;[171, 0, 17, 255, 161, 74, 235, 20, 81, 0, 0, 14, 1, 0, 227, 1, 0, 82, 9, 70]
1542791666484;[171, 0, 17, 255, 161, 74, 235, 20, 81, 0, 0, 10, 1, 0, 234, 1, 0, 85, 9, 65]
1542791666488;[171, 0, 17, 255, 161, 74, 235, 20, 81, 0, 0, 0, 1, 0, 231, 1, 0, 75, 9, 49]
1542791666651;[171, 0, 17, 255, 161, 74, 235, 20, 81, 0, 0, 14, 1, 0, 227, 1, 0, 77, 9, 22]
1542791666654;[171, 0, 4, 255, 132, 128, 93]
1542791666825;[171, 0, 17, 255, 161, 74, 235, 20, 81, 0, 0, 6, 1, 0, 228, 1, 0, 85, 9, 5]
1542791666828;[171, 0, 17, 255, 161, 74, 235, 20, 81, 0, 0, 2, 1, 0, 233, 1, 0, 75, 9, 2]
1542791666996;[171, 0, 17, 255, 161, 74, 235, 20, 81, 0, 0, 11, 1, 0, 228, 1, 0, 78, 9, 117]
1542791667169;[171, 0, 17, 255, 161, 74, 235, 20, 81, 0, 0, 3, 1, 0, 230, 1, 0, 80, 9, 161]
1542791667173;[171, 0, 17, 255, 161, 74, 235, 20, 81, 0, 0, 5, 1, 0, 232, 1, 0, 74, 9, 166]
1542791667509;[171, 0, 17, 255, 161, 74, 235, 20, 81, 0, 0, 11, 1, 0, 233, 1, 0, 80, 9, 183]
1542791667688;[171, 0, 17, 255, 161, 74, 235, 20, 82, 0, 0, 2, 1, 0, 228, 1, 0, 79, 9, 166]
1542791667693;[171, 0, 17, 255, 161, 74, 235, 20, 82, 0, 0, 9, 1, 0, 231, 1, 0, 77, 9, 139]
1542791667696;[171, 0, 17, 255, 161, 74, 235, 20, 82, 0, 0, 14, 1, 0, 228, 1, 0, 82, 9, 239]
1542791667701;[171, 0, 17, 255, 161, 74, 235, 20, 82, 0, 0, 5, 1, 0, 228, 1, 0, 80, 10, 19]
1542791667858;[171, 0, 4, 255, 132, 128, 93]
1542791667884;[171, 0, 17, 255, 161, 74, 235, 20, 82, 0, 0, 11, 1, 0, 231, 1, 0, 78, 10, 23]
1542791668203;[171, 0, 17, 255, 161, 74, 235, 20, 82, 0, 0, 12, 1, 0, 231, 1, 0, 82, 10, 16]
1542791668207;[171, 0, 17, 255, 161, 74, 235, 20, 82, 0, 0, 7, 1, 0, 230, 1, 0, 76, 9, 251]
1542791668211;[171, 0, 17, 255, 161, 74, 235, 20, 82, 0, 0, 13, 1, 0, 229, 1, 0, 82, 9, 224]
1542791668374;[171, 0, 17, 255, 161, 74, 235, 20, 82, 0, 0, 3, 1, 0, 230, 1, 0, 74, 10, 27]
1542791668377;[171, 0, 17, 255, 161, 74, 235, 20, 82, 0, 0, 23, 1, 0, 232, 1, 0, 78, 10, 110]
1542791668895;[171, 0, 17, 255, 161, 74, 235, 20, 83, 0, 0, 31, 1, 0, 220, 1, 0, 74, 10, 129]
1542791668901;[171, 0, 17, 255, 161, 74, 235, 20, 83, 0, 0, 27, 1, 0, 223, 1, 0, 67, 10, 127]
1542791668911;[171, 0, 17, 255, 161, 74, 235, 20, 83, 0, 0, 22, 1, 0, 232, 1, 0, 71, 10, 122]
1542791668912;[171, 0, 17, 255, 161, 74, 235, 20, 83, 0, 0, 31, 1, 0, 232, 1, 0, 69, 10, 121]
1542791669066;[171, 0, 4, 255, 132, 128, 92]
1542791669093;[171, 0, 17, 255, 161, 74, 235, 20, 83, 0, 0, 9, 1, 0, 231, 1, 0, 76, 10, 104]
1542791669095;[171, 0, 17, 255, 161, 74, 235, 20, 83, 0, 0, 6, 1, 0, 228, 1, 0, 76, 10, 194]
1542791669239;[171, 0, 17, 255, 161, 74, 235, 20, 83, 0, 0, 10, 1, 0, 230, 1, 0, 75, 10, 219]
1542791669247;[171, 0, 17, 255, 161, 74, 235, 20, 83, 0, 0, 17, 1, 0, 230, 1, 0, 78, 10, 200]
1542791669410;[171, 0, 17, 255, 161, 74, 235, 20, 83, 0, 0, 15, 1, 0, 229, 1, 0, 79, 10, 165]
1542791669414;[171, 0, 17, 255, 161, 74, 235, 20, 83, 0, 0, 5, 1, 0, 229, 1, 0, 82, 10, 115]
1542791669584;[171, 0, 17, 255, 161, 74, 235, 20, 84, 0, 0, 7, 1, 0, 230, 1, 0, 77, 10, 65]
1542791669755;[171, 0, 17, 255, 161, 74, 235, 20, 84, 0, 0, 14, 1, 0, 229, 1, 0, 75, 10, 66]
1542791669759;[171, 0, 17, 255, 161, 74, 235, 20, 84, 0, 0, 12, 1, 0, 227, 1, 0, 77, 10, 117]
1542791670102;[171, 0, 17, 255, 161, 74, 235, 20, 84, 0, 0, 5, 1, 0, 228, 1, 0, 80, 10, 116]
1542791670106;[171, 0, 4, 255, 132, 128, 92]
1542791670275;[171, 0, 17, 255, 161, 74, 235, 20, 84, 0, 0, 5, 1, 0, 233, 1, 0, 76, 10, 101]
1542791670279;[171, 0, 17, 255, 161, 74, 235, 20, 84, 0, 0, 18, 1, 0, 229, 1, 0, 84, 10, 79]
1542791670283;[171, 0, 17, 255, 161, 74, 235, 20, 84, 0, 0, 4, 1, 0, 235, 1, 0, 77, 10, 38]
1542791670447;[171, 0, 17, 255, 161, 74, 235, 20, 84, 0, 0, 11, 1, 0, 233, 1, 0, 77, 10, 47]
1542791670451;[171, 0, 17, 255, 161, 74, 235, 20, 84, 0, 0, 13, 1, 0, 228, 1, 0, 80, 10, 83]
1542791670619;[171, 0, 17, 255, 161, 74, 235, 20, 84, 0, 0, 6, 1, 0, 227, 1, 0, 77, 10, 80]
1542791670622;[171, 0, 17, 255, 161, 74, 235, 20, 85, 0, 0, 13, 1, 0, 229, 1, 0, 82, 10, 41]
1542791670790;[171, 0, 17, 255, 161, 74, 235, 20, 85, 0, 0, 7, 1, 0, 237, 1, 0, 76, 10, 18]
1542791670964;[171, 0, 17, 255, 161, 74, 235, 20, 85, 0, 0, 15, 1, 0, 225, 1, 0, 76, 9, 228]
1542791671310;[171, 0, 17, 255, 161, 74, 235, 20, 87, 0, 0, 3, 1, 0, 234, 1, 0, 74, 9, 77]
1542791671314;[171, 0, 17, 255, 161, 74, 235, 20, 87, 0, 0, 17, 1, 0, 227, 1, 0, 78, 9, 78]
1542791671318;[171, 0, 17, 255, 161, 74, 235, 20, 87, 0, 0, 8, 1, 0, 230, 1, 0, 80, 9, 32]
1542791671482;[171, 0, 17, 255, 161, 74, 235, 20, 87, 0, 0, 7, 1, 0, 234, 1, 0, 76, 8, 252]
1542791671654;[171, 0, 17, 255, 161, 74, 235, 20, 87, 0, 0, 8, 1, 0, 229, 1, 0, 78, 8, 195]
1542791671657;[171, 0, 17, 255, 161, 74, 235, 20, 87, 0, 0, 6, 1, 0, 226, 1, 0, 76, 8, 141]
1542791671826;[171, 0, 17, 255, 161, 74, 235, 20, 88, 0, 0, 13, 1, 0, 232, 1, 0, 82, 8, 129]
1542791671830;[171, 0, 17, 255, 161, 74, 235, 20, 88, 0, 0, 1, 1, 0, 230, 1, 0, 73, 8, 169]
1542791671998;[171, 0, 17, 255, 161, 74, 235, 20, 88, 0, 0, 11, 1, 0, 230, 1, 0, 80, 8, 163]
1542791672171;[171, 0, 17, 255, 161, 74, 235, 20, 88, 0, 0, 5, 1, 0, 232, 1, 0, 71, 8, 128]
1542791672174;[171, 0, 4, 255, 132, 128, 91]
1542791672343;[171, 0, 17, 255, 161, 74, 235, 20, 88, 0, 0, 14, 1, 0, 229, 1, 0, 85, 8, 87]
1542791672347;[171, 0, 17, 255, 161, 74, 235, 20, 88, 0, 0, 7, 1, 0, 227, 1, 0, 75, 8, 46]
1542791672689;[171, 0, 17, 255, 161, 74, 235, 20, 88, 0, 0, 12, 1, 0, 229, 1, 0, 78, 8, 2]
1542791672694;[171, 0, 17, 255, 161, 74, 235, 20, 88, 0, 0, 8, 1, 0, 236, 1, 0, 75, 8, 31]
1542791672698;[171, 0, 17, 255, 161, 74, 235, 20, 88, 0, 0, 13, 1, 0, 226, 1, 0, 82, 8, 56]
1542791672861;[171, 0, 17, 255, 161, 74, 235, 20, 88, 0, 0, 11, 1, 0, 225, 1, 0, 75, 8, 42]
1542791673033;[171, 0, 17, 255, 161, 74, 235, 20, 89, 0, 0, 11, 1, 0, 232, 1, 0, 83, 8, 15]
1542791673039;[171, 0, 17, 255, 161, 74, 235, 20, 89, 0, 0, 3, 1, 0, 233, 1, 0, 76, 8, 3]
1542791673044;[171, 0, 17, 255, 161, 74, 235, 20, 89, 0, 0, 8, 1, 0, 229, 1, 0, 72, 7, 234]
1542791673206;[171, 0, 17, 255, 161, 74, 235, 20, 89, 0, 0, 12, 1, 0, 233, 1, 0, 80, 7, 222]
1542791673379;[171, 0, 4, 255, 132, 128, 91]
1542791673405;[171, 0, 17, 255, 161, 74, 235, 20, 89, 0, 0, 15, 1, 0, 229, 1, 0, 76, 8, 24]
1542791673553;[171, 0, 17, 255, 161, 74, 235, 20, 89, 0, 0, 11, 1, 0, 228, 1, 0, 79, 8, 34]
1542791673557;[171, 0, 17, 255, 161, 74, 235, 20, 89, 0, 0, 11, 1, 0, 233, 1, 0, 76, 8, 14]
1542791673897;[171, 0, 17, 255, 161, 74, 235, 20, 89, 0, 0, 12, 1, 0, 235, 1, 0, 75, 7, 240]
1542791673900;[171, 0, 17, 255, 161, 74, 235, 20, 89, 0, 0, 8, 1, 0, 230, 1, 0, 77, 7, 209]
1542791673905;[171, 0, 17, 255, 161, 74, 235, 20, 89, 0, 0, 10, 1, 0, 229, 1, 0, 75, 7, 183]
1542791674068;[171, 0, 17, 255, 161, 74, 235, 20, 90, 0, 0, 11, 1, 0, 229, 1, 0, 75, 7, 221]
1542791674071;[171, 0, 17, 255, 161, 74, 235, 20, 90, 0, 0, 14, 1, 0, 234, 1, 0, 81, 7, 248]
1542791674242;[171, 0, 17, 255, 161, 74, 235, 20, 90, 0, 0, 12, 1, 0, 234, 1, 0, 72, 7, 242]
1542791674246;[171, 0, 17, 255, 161, 74, 235, 20, 90, 0, 0, 13, 1, 0, 227, 1, 0, 82, 7, 213]
1542791674414;[171, 0, 4, 255, 132, 128, 91]
1542791674440;[171, 0, 17, 255, 161, 74, 235, 20, 90, 0, 0, 14, 1, 0, 232, 1, 0, 76, 7, 161]
1542791674586;[171, 0, 17, 255, 161, 74, 235, 20, 90, 0, 0, 10, 1, 0, 236, 1, 0, 82, 7, 126]
1542791674758;[171, 0, 17, 255, 161, 74, 235, 20, 90, 0, 0, 19, 1, 0, 228, 1, 0, 76, 7, 119]
1542791674762;[171, 0, 17, 255, 161, 74, 235, 20, 90, 0, 0, 11, 1, 0, 230, 1, 0, 71, 7, 177]
1542791675284;[171, 0, 17, 255, 161, 74, 235, 20, 90, 0, 0, 17, 1, 0, 230, 1, 0, 73, 7, 197]
1542791675286;[171, 0, 17, 255, 161, 74, 235, 20, 90, 0, 0, 8, 1, 0, 234, 1, 0, 77, 7, 197]
1542791675288;[171, 0, 17, 255, 161, 74, 235, 20, 91, 0, 0, 23, 1, 0, 233, 1, 0, 73, 7, 189]
1542791675290;[171, 0, 17, 255, 161, 74, 235, 20, 91, 0, 0, 19, 1, 0, 227, 1, 0, 80, 7, 155]
1542791675449;[171, 0, 17, 255, 161, 74, 235, 20, 91, 0, 0, 21, 1, 0, 228, 1, 0, 74, 7, 114]
1542791675453;[171, 0, 17, 255, 161, 74, 235, 20, 91, 0, 0, 21, 1, 0, 238, 1, 0, 74, 7, 158]
1542791675457;[171, 0, 4, 255, 132, 128, 91]
1542791675794;[171, 0, 17, 255, 161, 74, 235, 20, 91, 0, 0, 19, 1, 0, 237, 1, 0, 68, 7, 239]
1542791675798;[171, 0, 17, 255, 161, 74, 235, 20, 91, 0, 0, 23, 1, 0, 233, 1, 0, 72, 7, 247]
1542791675802;[171, 0, 17, 255, 161, 74, 235, 20, 91, 0, 0, 8, 1, 0, 230, 1, 0, 74, 7, 249]
1542791675966;[171, 0, 17, 255, 161, 74, 235, 20, 91, 0, 0, 19, 1, 0, 227, 1, 0, 73, 7, 252]
1542791675970;[171, 0, 17, 255, 161, 74, 235, 20, 91, 0, 0, 12, 1, 0, 225, 1, 0, 85, 7, 228]
1542791676138;[171, 0, 17, 255, 161, 74, 235, 20, 91, 0, 0, 8, 1, 0, 233, 1, 0, 71, 7, 201]
1542791676142;[171, 0, 17, 255, 161, 74, 235, 20, 92, 0, 0, 16, 1, 0, 230, 1, 0, 79, 8, 12]
1542791676484;[171, 0, 17, 255, 161, 74, 235, 20, 92, 0, 0, 16, 1, 0, 228, 1, 0, 77, 8, 45]
1542791676488;[171, 0, 17, 255, 161, 74, 235, 20, 92, 0, 0, 9, 1, 0, 231, 1, 0, 75, 8, 36]
1542791676492;[171, 0, 17, 255, 161, 74, 235, 20, 92, 0, 0, 12, 1, 0, 230, 1, 0, 79, 8, 10]
1542791676655;[171, 0, 4, 255, 132, 128, 91]
1542791676682;[171, 0, 17, 255, 161, 74, 235, 20, 92, 0, 0, 13, 1, 0, 227, 1, 0, 78, 7, 246]
1542791676828;[171, 0, 17, 255, 161, 74, 235, 20, 92, 1, 0, 1, 1, 0, 229, 1, 0, 78, 7, 230]
1542791676832;[171, 0, 17, 255, 161, 74, 235, 20, 92, 1, 0, 5, 1, 0, 240, 1, 0, 80, 7, 248]
1542791677174;[171, 0, 17, 255, 161, 74, 235, 20, 92, 1, 0, 1, 1, 0, 231, 1, 0, 73, 8, 77]
