1542780276820;[171, 0, 17, 255, 161, 74, 234, 225, 218, 1, 0, 14, 1, 0, 241, 0, 0, 32, 8, 116]
1542780276838;[171, 0, 17, 255, 161, 74, 234, 225, 218, 1, 0, 15, 1, 0, 243, 0, 0, 32, 8, 119]
1542780276983;[171, 0, 17, 255, 161, 74, 234, 225, 218, 1, 0, 16, 1, 0, 244, 0, 0, 33, 8, 125]
1542780276988;[171, 0, 17, 255, 161, 74, 234, 225, 218, 1, 0, 15, 1, 0, 244, 0, 0, 30, 8, 113]
1542780276992;[171, 0, 17, 255, 161, 74, 234, 225, 218, 1, 0, 16, 1, 0, 244, 0, 0, 31, 8, 174]
1542780277156;[171, 0, 17, 255, 161, 74, 234, 225, 218, 1, 0, 16, 1, 0, 244, 0, 0, 30, 8, 214]
1542780277329;[171, 0, 17, 255, 161, 74, 234, 225, 218, 1, 0, 16, 1, 0, 242, 0, 0, 30, 8, 192]
1542780277333;[171, 0, 17, 255, 161, 74, 234, 225, 218, 1, 0, 13, 1, 0, 245, 0, 0, 32, 8, 169]
1542780277500;[171, 0, 17, 255, 161, 74, 234, 225, 218, 1, 0, 15, 1, 0, 244, 0, 0, 32, 8, 144]
1542780277505;[171, 0, 4, 255, 132, 128, 107]
1542780277673;[171, 0, 17, 255, 161, 74, 234, 225, 218, 1, 0, 16, 1, 0, 244, 0, 0, 30, 8, 133]
1542780277677;[171, 0, 17, 255, 161, 74, 234, 225, 219, 1, 0, 14, 1, 0, 244, 0, 0, 31, 8, 186]
1542780278020;[171, 0, 17, 255, 161, 74, 234, 225, 219, 1, 0, 14, 1, 0, 243, 0, 0, 30, 8, 187]
1542780278024;[171, 0, 17, 255, 161, 74, 234, 225, 219, 1, 0, 16, 1, 0, 245, 0, 0, 31, 8, 152]
1542780278027;[171, 0, 17, 255, 161, 74, 234, 225, 219, 1, 0, 16, 1, 0, 244, 0, 0, 29, 8, 124]
1542780278191;[171, 0, 17, 255, 161, 74, 234, 225, 219, 1, 0, 13, 1, 0, 244, 0, 0, 28, 8, 88]
1542780278195;[171, 0, 17, 255, 161, 74, 234, 225, 219, 1, 0, 14, 1, 0, 244, 0, 0, 30, 8, 94]
1542780278364;[171, 0, 17, 255, 161, 74, 234, 225, 219, 1, 0, 12, 1, 0, 245, 0, 0, 29, 8, 143]
1542780278538;[171, 0, 17, 255, 161, 74, 234, 225, 219, 1, 0, 14, 1, 0, 244, 0, 0, 29, 8, 126]
1542780278542;[171, 0, 17, 255, 161, 74, 234, 225, 219, 1, 0, 15, 1, 0, 245, 0, 0, 29, 8, 111]
1542780278709;[171, 0, 4, 255, 132, 128, 106]
1542780278713;[171, 0, 17, 255, 161, 74, 234, 225, 219, 1, 0, 17, 1, 0, 246, 0, 0, 28, 8, 90]
1542780278882;[171, 0, 17, 255, 161, 74, 234, 225, 220, 1, 0, 16, 1, 0, 245, 0, 0, 28, 8, 54]
1542780278886;[171, 0, 17, 255, 161, 74, 234, 225, 220, 1, 0, 13, 1, 0, 244, 0, 0, 28, 8, 72]
1542780279226;[171, 0, 17, 255, 161, 74, 234, 225, 220, 1, 0, 12, 1, 0, 243, 0, 0, 28, 8, 86]
1542780279231;[171, 0, 17, 255, 161, 74, 234, 225, 220, 1, 0, 12, 1, 0, 244, 0, 0, 30, 8, 60]
1542780279235;[171, 0, 17, 255, 161, 74, 234, 225, 220, 1, 0, 14, 1, 0, 244, 0, 0, 28, 8, 34]
1542780279399;[171, 0, 17, 255, 161, 74, 234, 225, 220, 1, 0, 14, 1, 0, 242, 0, 0, 27, 7, 251]
1542780279403;[171, 0, 17, 255, 161, 74, 234, 225, 220, 1, 0, 15, 1, 0, 246, 0, 0, 27, 7, 204]
1542780279744;[171, 0, 17, 255, 161, 74, 234, 225, 220, 1, 0, 14, 1, 0, 241, 0, 0, 29, 7, 211]
1542780279748;[171, 0, 17, 255, 161, 74, 234, 225, 220, 1, 0, 14, 1, 0, 244, 0, 0, 29, 7, 208]
1542780279752;[171, 0, 4, 255, 132, 128, 106]
1542780279916;[171, 0, 17, 255, 161, 74, 234, 225, 220, 1, 0, 15, 1, 0, 247, 0, 0, 30, 7, 184]
1542780279920;[171, 0, 17, 255, 161, 74, 234, 225, 221, 1, 0, 14, 1, 0, 245, 0, 0, 28, 7, 147]
1542780280089;[171, 0, 17, 255, 161, 74, 234, 225, 221, 1, 0, 13, 1, 0, 244, 0, 0, 28, 7, 114]
1542780280094;[171, 0, 17, 255, 161, 74, 234, 225, 221, 1, 0, 15, 1, 0, 243, 0, 0, 28, 7, 66]
1542780280262;[171, 0, 17, 255, 161, 74, 234, 225, 221, 1, 0, 15, 1, 0, 245, 0, 0, 29, 7, 76]
1542780280608;[171, 0, 17, 255, 161, 74, 234, 225, 221, 1, 0, 14, 1, 0, 244, 0, 0, 27, 7, 60]
1542780280612;[171, 0, 17, 255, 161, 74, 234, 225, 221, 1, 0, 15, 1, 0, 243, 0, 0, 28, 6, 245]
1542780280616;[171, 0, 17, 255, 161, 74, 234, 225, 221, 1, 0, 14, 1, 0, 242, 0, 0, 27, 6, 186]
1542780280619;[171, 0, 17, 255, 161, 74, 234, 225, 221, 1, 0, 14, 1, 0, 244, 0, 0, 27, 6, 141]
1542780280778;[171, 0, 17, 255, 161, 74, 234, 225, 221, 1, 0, 14, 1, 0, 244, 0, 0, 29, 6, 135]
1542780280782;[171, 0, 4, 255, 132, 128, 106]
1542780280952;[171, 0, 17, 255, 161, 74, 234, 225, 221, 1, 0, 17, 1, 0, 244, 0, 0, 27, 6, 155]
1542780281298;[171, 0, 17, 255, 161, 74, 234, 225, 222, 1, 0, 16, 1, 0, 244, 0, 0, 27, 6, 145]
1542780281302;[171, 0, 17, 255, 161, 74, 234, 225, 222, 1, 0, 17, 1, 0, 245, 0, 0, 29, 6, 115]
1542780281306;[171, 0, 17, 255, 161, 74, 234, 225, 222, 1, 0, 15, 1, 0, 245, 0, 0, 29, 6, 79]
1542780281310;[171, 0, 17, 255, 161, 74, 234, 225, 222, 1, 0, 13, 1, 0, 244, 0, 0, 27, 6, 48]
1542780281468;[171, 0, 17, 255, 161, 74, 234, 225, 222, 1, 0, 16, 1, 0, 242, 0, 0, 31, 6, 33]
1542780281472;[171, 0, 17, 255, 161, 74, 234, 225, 222, 1, 0, 14, 1, 0, 244, 0, 0, 31, 6, 34]
1542780281814;[171, 0, 17, 255, 161, 74, 234, 225, 222, 1, 0, 15, 1, 0, 244, 0, 0, 28, 6, 15]
1542780281818;[171, 0, 17, 255, 161, 74, 234, 225, 222, 1, 0, 17, 1, 0, 244, 0, 0, 31, 5, 250]
1542780281987;[171, 0, 17, 255, 161, 74, 234, 225, 224, 1, 0, 9, 1, 0, 245, 0, 0, 40, 8, 83]
1542780282158;[171, 0, 17, 255, 161, 74, 234, 225, 225, 1, 0, 7, 1, 0, 242, 0, 0, 36, 8, 128]
1542780282332;[171, 0, 17, 255, 161, 74, 234, 225, 225, 1, 0, 7, 1, 0, 246, 0, 0, 54, 8, 167]
1542780282336;[171, 0, 17, 255, 161, 74, 234, 225, 225, 1, 0, 1, 1, 0, 245, 0, 0, 27, 8, 203]
1542780282504;[171, 0, 17, 255, 161, 74, 234, 225, 225, 1, 0, 7, 1, 0, 243, 0, 0, 37, 9, 11]
1542780282507;[171, 0, 17, 255, 161, 74, 234, 225, 225, 1, 0, 4, 1, 0, 239, 0, 0, 40, 9, 97]
1542780282677;[171, 0, 17, 255, 161, 74, 234, 225, 225, 1, 0, 7, 1, 0, 245, 0, 0, 36, 9, 160]
1542780282680;[171, 0, 17, 255, 161, 74, 234, 225, 225, 1, 0, 9, 1, 0, 243, 0, 0, 32, 9, 175]
1542780283194;[171, 0, 17, 255, 161, 74, 234, 225, 225, 1, 0, 7, 1, 0, 245, 0, 0, 33, 9, 188]
1542780283198;[171, 0, 17, 255, 161, 74, 234, 225, 225, 1, 0, 8, 1, 0, 246, 0, 0, 33, 9, 167]
1542780283202;[171, 0, 4, 255, 132, 128, 104]
1542780283206;[171, 0, 17, 255, 161, 74, 234, 225, 225, 1, 0, 9, 1, 0, 243, 0, 0, 30, 9, 111]
1542780283368;[171, 0, 17, 255, 161, 74, 234, 225, 226, 1, 0, 9, 1, 0, 245, 0, 0, 29, 9, 133]
1542780283371;[171, 0, 17, 255, 161, 74, 234, 225, 226, 1, 0, 8, 1, 0, 243, 0, 0, 29, 9, 138]
1542780283375;[171, 0, 17, 255, 161, 74, 234, 225, 226, 1, 0, 11, 1, 0, 244, 0, 0, 30, 9, 118]
1542780283539;[171, 0, 17, 255, 161, 74, 234, 225, 226, 1, 0, 10, 1, 0, 242, 0, 0, 29, 9, 98]
1542780283711;[171, 0, 17, 255, 161, 74, 234, 225, 226, 1, 0, 12, 1, 0, 244, 0, 0, 30, 9, 86]
1542780283715;[171, 0, 17, 255, 161, 74, 234, 225, 226, 1, 0, 8, 1, 0, 242, 0, 0, 27, 9, 77]
1542780283884;[171, 0, 17, 255, 161, 74, 234, 225, 226, 1, 0, 10, 1, 0, 243, 0, 0, 29, 9, 127]
1542780283888;[171, 0, 17, 255, 161, 74, 234, 225, 226, 1, 0, 11, 1, 0, 245, 0, 0, 28, 9, 117]
1542780284056;[171, 0, 17, 255, 161, 74, 234, 225, 226, 1, 0, 10, 1, 0, 242, 0, 0, 29, 9, 98]
1542780284403;[171, 0, 4, 255, 132, 128, 104]
1542780284407;[171, 0, 17, 255, 161, 74, 234, 225, 226, 1, 0, 10, 1, 0, 244, 0, 0, 30, 9, 73]
1542780284412;[171, 0, 17, 255, 161, 74, 234, 225, 227, 1, 0, 11, 1, 0, 243, 0, 0, 28, 9, 52]
1542780284416;[171, 0, 17, 255, 161, 74, 234, 225, 227, 1, 0, 10, 1, 0, 243, 0, 0, 29, 9, 107]
1542780284573;[171, 0, 17, 255, 161, 74, 234, 225, 227, 1, 0, 11, 1, 0, 243, 0, 0, 28, 9, 134]
1542780284577;[171, 0, 17, 255, 161, 74, 234, 225, 227, 1, 0, 12, 1, 0, 243, 0, 0, 28, 9, 103]
1542780284746;[171, 0, 17, 255, 161, 74, 234, 225, 227, 1, 0, 13, 1, 0, 243, 0, 0, 21, 9, 55]
1542780284919;[171, 0, 17, 255, 161, 74, 234, 225, 227, 1, 0, 12, 1, 0, 246, 0, 0, 31, 9, 23]
1542780284922;[171, 0, 17, 255, 161, 74, 234, 225, 227, 1, 0, 12, 1, 0, 243, 0, 0, 28, 9, 42]
1542780285091;[171, 0, 17, 255, 161, 74, 234, 225, 227, 1, 0, 13, 1, 0, 244, 0, 0, 24, 9, 94]
1542780285095;[171, 0, 17, 255, 161, 74, 234, 225, 227, 1, 0, 11, 1, 0, 245, 0, 0, 25, 9, 95]
1542780285264;[171, 0, 4, 255, 132, 128, 103]
1542780285611;[171, 0, 17, 255, 161, 74, 234, 225, 227, 1, 0, 17, 1, 0, 245, 0, 0, 22, 9, 87]
1542780287691;[171, 0, 17, 255, 161, 74, 234, 225, 228, 1, 0, 12, 1, 0, 244, 0, 0, 24, 9, 57]
1542780287693;[171, 0, 17, 255, 161, 74, 234, 225, 228, 1, 0, 12, 1, 0, 244, 0, 0, 22, 9, 16]
1542780287695;[171, 0, 17, 255, 161, 74, 234, 225, 228, 1, 0, 13, 1, 0, 244, 0, 0, 26, 9, 34]
1542780287696;[171, 0, 17, 255, 161, 74, 234, 225, 228, 1, 0, 11, 1, 0, 245, 0, 0, 23, 9, 68]
1542780287698;[171, 0, 17, 255, 161, 74, 234, 225, 228, 1, 0, 10, 1, 0, 244, 0, 0, 23, 9, 57]
1542780287701;[171, 0, 17, 255, 161, 74, 234, 225, 228, 1, 0, 12, 1, 0, 245, 0, 0, 23, 9, 46]
1542780287703;[171, 0, 17, 255, 161, 74, 234, 225, 228, 1, 0, 10, 1, 0, 245, 0, 0, 21, 9, 21]
1542780287705;[171, 0, 17, 255, 161, 74, 234, 225, 228, 1, 0, 13, 1, 0, 243, 0, 0, 20, 9, 9]
1542780287707;[171, 0, 17, 255, 161, 74, 234, 225, 228, 1, 0, 12, 1, 0, 244, 0, 0, 20, 9, 48]
1542780287708;[171, 0, 4, 255, 132, 128, 103]
1542780287710;[171, 0, 17, 255, 161, 74, 234, 225, 228, 1, 0, 10, 1, 0, 246, 0, 0, 13, 9, 75]
1542780287712;[171, 0, 17, 255, 161, 74, 234, 225, 229, 1, 0, 7, 1, 0, 243, 0, 0, 23, 9, 72]
1542780287713;[171, 0, 17, 255, 161, 74, 234, 225, 229, 1, 0, 2, 1, 0, 243, 0, 0, 31, 9, 92]
1542780287715;[171, 0, 17, 255, 161, 74, 234, 225, 229, 0, 0, 7, 1, 0, 243, 0, 0, 38, 9, 129]
1542780287717;[171, 0, 17, 255, 161, 74, 234, 225, 229, 0, 0, 7, 1, 0, 244, 0, 0, 45, 9, 188]
1542780287719;[171, 0, 17, 255, 161, 74, 234, 225, 229, 0, 0, 9, 1, 0, 242, 0, 0, 46, 10, 32]
1542780287720;[171, 0, 17, 255, 161, 74, 234, 225, 229, 0, 0, 7, 1, 0, 243, 0, 0, 38, 10, 87]
1542780287722;[171, 0, 17, 255, 161, 74, 234, 225, 229, 0, 0, 13, 1, 0, 243, 0, 0, 34, 10, 120]
1542780287724;[171, 0, 17, 255, 161, 74, 234, 225, 229, 0, 0, 19, 1, 0, 242, 0, 0, 33, 10, 153]
1542780287725;[171, 0, 17, 255, 161, 74, 234, 225, 229, 0, 0, 15, 1, 0, 241, 0, 0, 25, 10, 191]
1542780287727;[171, 0, 4, 255, 132, 128, 103]
1542780287729;[171, 0, 17, 255, 161, 74, 234, 225, 229, 0, 0, 13, 1, 0, 244, 0, 0, 30, 11, 10]
1542780287731;[171, 0, 17, 255, 161, 74, 234, 225, 230, 0, 0, 19, 1, 0, 247, 0, 0, 26, 11, 69]
1542780287732;[171, 0, 17, 255, 161, 74, 234, 225, 230, 0, 0, 11, 1, 0, 245, 0, 0, 15, 11, 107]
1542780287851;[171, 0, 17, 255, 161, 74, 234, 225, 230, 0, 0, 14, 1, 0, 245, 0, 0, 22, 11, 144]
1542780288198;[171, 0, 17, 255, 161, 74, 234, 225, 230, 0, 0, 14, 1, 0, 247, 0, 0, 18, 11, 166]
1542780288202;[171, 0, 17, 255, 161, 74, 234, 225, 230, 0, 0, 15, 1, 0, 244, 0, 0, 11, 11, 195]
1542780288206;[171, 0, 17, 255, 161, 74, 234, 225, 230, 0, 0, 11, 1, 0, 244, 0, 0, 11, 11, 249]
1542780288210;[171, 0, 17, 255, 161, 74, 234, 225, 230, 0, 0, 12, 1, 0, 246, 0, 0, 11, 12, 20]
1542780288368;[171, 0, 17, 255, 161, 74, 234, 225, 230, 0, 0, 10, 1, 0, 245, 0, 0, 11, 12, 34]
1542780288372;[171, 0, 17, 255, 161, 74, 234, 225, 230, 0, 0, 11, 1, 0, 245, 0, 0, 12, 12, 30]
1542780288540;[171, 0, 4, 255, 132, 128, 103]
1542780288714;[171, 0, 17, 255, 161, 74, 234, 225, 230, 0, 0, 11, 1, 0, 246, 0, 0, 11, 12, 29]
1542780288718;[171, 0, 17, 255, 161, 74, 234, 225, 231, 0, 0, 10, 1, 0, 244, 0, 0, 10, 12, 41]
1542780288887;[171, 0, 17, 255, 161, 74, 234, 225, 231, 0, 0, 10, 1, 0, 245, 0, 0, 11, 12, 82]
1542780288891;[171, 0, 17, 255, 161, 74, 234, 225, 231, 0, 0, 12, 1, 0, 245, 0, 0, 10, 12, 89]
1542780289059;[171, 0, 17, 255, 161, 74, 234, 225, 231, 0, 0, 11, 1, 0, 246, 0, 0, 11, 12, 88]
1542780289231;[171, 0, 17, 255, 161, 74, 234, 225, 231, 0, 0, 8, 1, 0, 245, 0, 0, 9, 12, 90]
1542780289235;[171, 0, 17, 255, 161, 74, 234, 225, 231, 0, 0, 12, 1, 0, 242, 0, 0, 9, 12, 90]
1542780289578;[171, 0, 17, 255, 161, 74, 234, 225, 231, 0, 0, 11, 1, 0, 246, 0, 0, 9, 12, 124]
1542780289582;[171, 0, 17, 255, 161, 74, 234, 225, 231, 0, 0, 13, 1, 0, 245, 0, 0, 10, 12, 126]
1542780289586;[171, 0, 17, 255, 161, 74, 234, 225, 231, 0, 0, 10, 1, 0, 245, 0, 0, 12, 12, 109]
1542780289590;[171, 0, 4, 255, 132, 128, 104]
1542780289749;[171, 0, 17, 255, 161, 74, 234, 225, 231, 0, 0, 11, 1, 0, 246, 0, 0, 9, 12, 81]
1542780289922;[171, 0, 17, 255, 161, 74, 234, 225, 232, 0, 0, 12, 1, 0, 244, 0, 0, 10, 12, 46]
1542780289926;[171, 0, 17, 255, 161, 74, 234, 225, 232, 0, 0, 11, 1, 0, 243, 0, 0, 10, 12, 54]
1542780290095;[171, 0, 17, 255, 161, 74, 234, 225, 232, 0, 0, 10, 1, 0, 243, 0, 0, 10, 12, 64]
1542780290098;[171, 0, 17, 255, 161, 74, 234, 225, 232, 0, 0, 10, 1, 0, 246, 0, 0, 9, 12, 42]
1542780290266;[171, 0, 17, 255, 161, 74, 234, 225, 232, 0, 0, 9, 1, 0, 245, 0, 0, 12, 12, 19]
1542780290272;[171, 0, 17, 255, 161, 74, 234, 225, 232, 0, 0, 11, 1, 0, 244, 0, 0, 9, 11, 242]
1542780290439;[171, 0, 17, 255, 161, 74, 234, 225, 232, 0, 0, 10, 1, 0, 246, 0, 0, 9, 11, 219]
1542780290786;[171, 0, 17, 255, 161, 74, 234, 225, 232, 0, 0, 10, 1, 0, 245, 0, 0, 10, 11, 222]
1542780290790;[171, 0, 17, 255, 161, 74, 234, 225, 232, 0, 0, 8, 1, 0, 245, 0, 0, 10, 11, 212]
1542780290794;[171, 0, 4, 255, 132, 128, 104]
1542780290798;[171, 0, 17, 255, 161, 74, 234, 225, 232, 0, 0, 11, 1, 0, 244, 0, 0, 10, 11, 194]
1542780290956;[171, 0, 17, 255, 161, 74, 234, 225, 233, 0, 0, 10, 1, 0, 242, 0, 0, 9, 11, 171]
1542780291128;[171, 0, 17, 255, 161, 74, 234, 225, 233, 0, 0, 10, 1, 0, 246, 0, 0, 11, 11, 154]
1542780291132;[171, 0, 17, 255, 161, 74, 234, 225, 233, 0, 0, 12, 1, 0, 244, 0, 0, 12, 11, 135]
1542780291301;[171, 0, 17, 255, 161, 74, 234, 225, 233, 0, 0, 10, 1, 0, 245, 0, 0, 10, 11, 158]
1542780291306;[171, 0, 17, 255, 161, 74, 234, 225, 233, 0, 0, 8, 1, 0, 244, 0, 0, 9, 11, 155]
1542780291470;[171, 0, 17, 255, 161, 74, 234, 225, 233, 0, 0, 9, 1, 0, 245, 0, 0, 12, 11, 128]
1542780291473;[171, 0, 17, 255, 161, 74, 234, 225, 233, 0, 0, 11, 1, 0, 243, 0, 0, 11, 11, 103]
1542780291646;[171, 0, 17, 255, 161, 74, 234, 225, 233, 0, 0, 9, 1, 0, 244, 0, 0, 11, 11, 69]
1542780292166;[171, 0, 17, 255, 161, 74, 234, 225, 233, 0, 0, 12, 1, 0, 245, 0, 0, 12, 11, 54]
1542780292170;[171, 0, 4, 255, 132, 128, 105]
1542780292174;[171, 0, 17, 255, 161, 74, 234, 225, 233, 0, 0, 9, 1, 0, 246, 0, 0, 10, 11, 69]
1542780292179;[171, 0, 17, 255, 161, 74, 234, 225, 234, 0, 0, 10, 1, 0, 247, 0, 0, 9, 11, 61]
1542780292336;[171, 0, 17, 255, 161, 74, 234, 225, 234, 0, 0, 8, 1, 0, 242, 0, 0, 11, 11, 57]
1542780292340;[171, 0, 17, 255, 161, 74, 234, 225, 234, 0, 0, 10, 1, 0, 246, 0, 0, 9, 11, 58]
1542780292344;[171, 0, 17, 255, 161, 74, 234, 225, 234, 0, 0, 10, 1, 0, 244, 0, 0, 6, 11, 41]
1542780292510;[171, 0, 17, 255, 161, 74, 234, 225, 234, 0, 0, 10, 1, 0, 243, 0, 0, 5, 11, 22]
1542780292514;[171, 0, 17, 255, 161, 74, 234, 225, 234, 0, 0, 10, 1, 0, 243, 0, 0, 11, 10, 251]
1542780292681;[171, 0, 17, 255, 161, 74, 234, 225, 234, 0, 0, 15, 1, 0, 240, 0, 0, 18, 10, 214]
1542780292685;[171, 0, 17, 255, 161, 74, 234, 225, 234, 0, 0, 38, 1, 0, 232, 0, 0, 39, 10, 207]
1542780292854;[171, 0, 17, 255, 161, 74, 234, 225, 234, 0, 0, 52, 1, 0, 228, 0, 0, 52, 10, 222]
1542780293026;[171, 0, 4, 255, 132, 128, 105]
1542780293030;[171, 0, 17, 255, 161, 74, 234, 225, 234, 0, 0, 63, 1, 0, 228, 0, 0, 82, 10, 248]
1542780293372;[171, 0, 17, 255, 161, 74, 234, 225, 235, 0, 0, 72, 1, 0, 213, 0, 0, 96, 11, 44]
1542780293376;[171, 0, 17, 255, 161, 74, 234, 225, 235, 0, 0, 94, 1, 0, 210, 0, 0, 95, 11, 76]
1542780293381;[171, 0, 17, 255, 161, 74, 234, 225, 235, 0, 0, 110, 1, 0, 197, 0, 0, 99, 11, 114]
1542780293385;[171, 0, 17, 255, 161, 74, 234, 225, 235, 0, 0, 125, 1, 0, 188, 0, 0, 99, 11, 68]
1542780293544;[171, 0, 17, 255, 161, 74, 234, 225, 235, 0, 0, 138, 1, 0, 180, 0, 0, 93, 10, 212]
1542780293717;[171, 0, 17, 255, 161, 74, 234, 225, 235, 0, 0, 149, 1, 0, 172, 0, 0, 112, 10, 24]
1542780293721;[171, 0, 17, 255, 161, 74, 234, 225, 235, 0, 0, 164, 1, 0, 168, 0, 0, 96, 9, 242]
1542780293890;[171, 0, 17, 255, 161, 74, 234, 225, 235, 0, 0, 174, 1, 0, 169, 0, 0, 71, 9, 197]
1542780293894;[171, 0, 17, 255, 161, 74, 234, 225, 235, 0, 0, 180, 1, 0, 145, 0, 0, 94, 8, 255]
1542780294061;[171, 0, 4, 255, 132, 128, 105]
1542780294235;[171, 0, 17, 255, 161, 74, 234, 225, 235, 0, 0, 193, 1, 0, 133, 0, 0, 35, 7, 127]
1542780294239;[171, 0, 17, 255, 161, 74, 234, 225, 236, 0, 0, 188, 1, 0, 153, 0, 0, 59, 6, 236]
1542780294580;[171, 0, 17, 255, 161, 74, 234, 225, 236, 0, 0, 180, 1, 0, 148, 0, 0, 55, 6, 209]
1542780294584;[171, 0, 17, 255, 161, 74, 234, 225, 236, 0, 0, 178, 1, 0, 166, 0, 0, 63, 6, 193]
1542780294588;[171, 0, 17, 255, 161, 74, 234, 225, 236, 0, 0, 181, 1, 0, 152, 0, 0, 69, 6, 180]
1542780294592;[171, 0, 17, 255, 161, 74, 234, 225, 236, 0, 0, 166, 1, 0, 190, 0, 0, 64, 6, 162]
1542780294751;[171, 0, 17, 255, 161, 74, 234, 225, 236, 0, 0, 172, 1, 0, 167, 0, 0, 74, 6, 150]
1542780294924;[171, 0, 17, 255, 161, 74, 234, 225, 236, 0, 0, 173, 1, 0, 139, 0, 0, 71, 6, 194]
1542780294929;[171, 0, 17, 255, 161, 74, 234, 225, 236, 0, 0, 183, 1, 0, 142, 0, 0, 76, 7, 38]
1542780295096;[171, 0, 17, 255, 161, 74, 234, 225, 236, 0, 0, 188, 1, 0, 166, 0, 0, 89, 7, 133]
1542780295099;[171, 0, 4, 255, 132, 128, 105]
1542780295269;[171, 0, 17, 255, 161, 74, 234, 225, 236, 0, 0, 197, 1, 0, 125, 0, 0, 106, 7, 117]
1542780295273;[171, 0, 17, 255, 161, 74, 234, 225, 237, 0, 0, 181, 1, 0, 122, 0, 0, 73, 6, 179]
1542780295442;[171, 0, 17, 255, 161, 74, 234, 225, 237, 0, 0, 161, 1, 0, 155, 0, 0, 96, 5, 142]
1542780295613;[171, 0, 17, 255, 161, 74, 234, 225, 237, 0, 0, 162, 1, 0, 163, 0, 0, 87, 5, 19]
1542780295617;[171, 0, 17, 255, 161, 74, 234, 225, 237, 0, 0, 171, 1, 0, 154, 0, 0, 80, 4, 210]
1542780295960;[171, 0, 17, 255, 161, 74, 234, 225, 237, 0, 0, 166, 1, 0, 157, 0, 0, 81, 4, 209]
1542780295964;[171, 0, 17, 255, 161, 74, 234, 225, 237, 0, 0, 183, 1, 0, 133, 0, 0, 98, 5, 4]
1542780295968;[171, 0, 17, 255, 161, 74, 234, 225, 237, 0, 0, 189, 1, 0, 132, 0, 0, 96, 5, 18]
1542780296132;[171, 0, 17, 255, 161, 74, 234, 225, 237, 0, 0, 183, 1, 0, 139, 0, 0, 102, 5, 42]
1542780296135;[171, 0, 17, 255, 161, 74, 234, 225, 237, 0, 0, 185, 1, 0, 142, 0, 0, 99, 5, 1]
1542780296304;[171, 0, 4, 255, 132, 128, 105]
1542780296308;[171, 0, 17, 255, 161, 74, 234, 225, 237, 0, 0, 169, 1, 0, 158, 0, 0, 87, 4, 97]
1542780296476;[171, 0, 17, 255, 161, 74, 234, 225, 238, 0, 0, 183, 1, 0, 137, 0, 0, 88, 4, 103]
1542780296482;[171, 0, 17, 255, 161, 74, 234, 225, 238, 0, 0, 190, 1, 0, 127, 0, 0, 93, 4, 119]
1542780296647;[171, 0, 17, 255, 161, 74, 234, 225, 238, 0, 0, 181, 1, 0, 149, 0, 0, 88, 4, 122]
1542780296821;[171, 0, 17, 255, 161, 74, 234, 225, 238, 0, 0, 192, 1, 0, 117, 0, 0, 92, 4, 195]
1542780296825;[171, 0, 17, 255, 161, 74, 234, 225, 238, 0, 0, 177, 1, 0, 149, 0, 0, 67, 4, 242]
1542780297167;[171, 0, 17, 255, 161, 74, 234, 225, 238, 0, 0, 192, 1, 0, 130, 0, 0, 83, 5, 73]
1542780297171;[171, 0, 17, 255, 161, 74, 234, 225, 238, 0, 0, 209, 1, 0, 81, 0, 0, 92, 5, 162]
1542780297176;[171, 0, 17, 255, 161, 74, 234, 225, 238, 0, 0, 185, 1, 0, 151, 0, 0, 84, 5, 212]
1542780297180;[171, 0, 17, 255, 161, 74, 234, 225, 238, 0, 0, 214, 1, 0, 104, 0, 0, 86, 6, 101]
1542780297338;[171, 0, 4, 255, 132, 128, 105]
1542780297511;[171, 0, 17, 255, 161, 74, 234, 225, 238, 0, 0, 200, 1, 0, 107, 0, 0, 107, 6, 201]
1542780297515;[171, 0, 17, 255, 161, 74, 234, 225, 239, 0, 0, 210, 1, 0, 93, 0, 0, 82, 7, 25]
1542780297684;[171, 0, 17, 255, 161, 74, 234, 225, 239, 0, 0, 197, 1, 0, 117, 0, 0, 92, 7, 44]
1542780297688;[171, 0, 17, 255, 161, 74, 234, 225, 239, 0, 0, 208, 1, 0, 101, 0, 0, 92, 7, 103]
1542780297856;[171, 0, 17, 255, 161, 74, 234, 225, 239, 0, 0, 223, 1, 0, 88, 0, 0, 96, 7, 192]
1542780298029;[171, 0, 17, 255, 161, 74, 234, 225, 239, 0, 0, 226, 1, 0, 119, 0, 0, 83, 8, 95]
1542780298034;[171, 0, 17, 255, 161, 74, 234, 225, 239, 0, 0, 119, 1, 0, 151, 0, 0, 37, 7, 89]
1542780298202;[171, 0, 17, 255, 161, 74, 234, 225, 239, 0, 0, 92, 1, 0, 203, 0, 0, 4, 7, 48]
1542780298206;[171, 0, 17, 255, 161, 74, 234, 225, 239, 0, 0, 16, 1, 0, 49, 0, 0, 49, 6, 55]
1542780298547;[171, 0, 17, 255, 161, 74, 234, 225, 239, 0, 0, 120, 1, 0, 124, 1, 1, 64, 5, 117]
1542780298551;[171, 0, 4, 255, 132, 128, 105]
1542780298555;[171, 0, 17, 255, 161, 74, 234, 225, 239, 0, 0, 61, 1, 0, 233, 0, 0, 38, 5, 73]
1542780298719;[171, 0, 17, 255, 161, 74, 234, 225, 240, 0, 0, 52, 1, 0, 236, 0, 0, 10, 6, 225]
1542780298723;[171, 0, 17, 255, 161, 74, 234, 225, 240, 0, 0, 117, 1, 0, 203, 0, 0, 17, 7, 65]
1542780298891;[171, 0, 17, 255, 161, 74, 234, 225, 240, 0, 0, 92, 1, 0, 224, 0, 0, 3, 6, 162]
1542780298895;[171, 0, 17, 255, 161, 74, 234, 225, 240, 0, 0, 94, 1, 0, 218, 1, 0, 5, 5, 225]
1542780299064;[171, 0, 17, 255, 161, 74, 234, 225, 240, 0, 0, 97, 1, 0, 214, 1, 0, 13, 4, 251]
1542780299236;[171, 0, 17, 255, 161, 74, 234, 225, 240, 0, 0, 82, 1, 0, 218, 0, 0, 21, 4, 179]
1542780299240;[171, 0, 17, 255, 161, 74, 234, 225, 240, 0, 0, 66, 1, 0, 231, 1, 0, 20, 3, 237]
1542780299409;[171, 0, 17, 255, 161, 74, 234, 225, 240, 0, 0, 57, 1, 0, 238, 1, 0, 18, 3, 72]
1542780299413;[171, 0, 17, 255, 161, 74, 234, 225, 240, 0, 0, 47, 1, 0, 239, 1, 0, 27, 2, 205]
1542780299753;[171, 0, 4, 255, 132, 128, 105]
1542780299757;[171, 0, 17, 255, 161, 74, 234, 225, 240, 0, 0, 45, 1, 0, 234, 1, 0, 23, 2, 25]
1542780299761;[171, 0, 17, 255, 161, 74, 234, 225, 241, 0, 0, 35, 1, 0, 240, 1, 0, 36, 2, 25]
1542780299926;[171, 0, 17, 255, 161, 74, 234, 225, 241, 0, 0, 8, 1, 0, 244, 1, 0, 23, 1, 83]
1542780299930;[171, 0, 17, 255, 161, 74, 234, 225, 241, 1, 0, 1, 1, 0, 245, 0, 0, 3, 16, 140]
1542780300099;[171, 0, 17, 255, 161, 74, 234, 225, 241, 1, 0, 47, 1, 1, 6, 1, 0, 12, 7, 70]
1542780300102;[171, 0, 17, 255, 161, 74, 234, 225, 241, 1, 0, 31, 1, 0, 238, 0, 0, 5, 7, 44]
1542780300271;[171, 0, 17, 255, 161, 74, 234, 225, 241, 0, 0, 38, 1, 1, 46, 1, 0, 54, 7, 59]
1542780300275;[171, 0, 17, 255, 161, 74, 234, 225, 241, 1, 1, 81, 1, 1, 68, 0, 0, 74, 7, 215]
1542780300444;[171, 0, 17, 255, 161, 74, 234, 225, 241, 0, 0, 21, 1, 1, 2, 1, 0, 1, 7, 245]
1542780300616;[171, 0, 17, 255, 161, 74, 234, 225, 241, 0, 0, 1, 1, 0, 248, 1, 0, 14, 8, 66]
1542780300620;[171, 0, 4, 255, 132, 128, 104]
1542780301136;[171, 0, 17, 255, 161, 74, 234, 225, 241, 1, 0, 29, 1, 0, 242, 1, 0, 12, 8, 122]
1542780301139;[171, 0, 17, 255, 161, 74, 234, 225, 242, 1, 0, 33, 1, 0, 246, 1, 0, 9, 8, 164]
1542780301144;[171, 0, 17, 255, 161, 74, 234, 225, 242, 1, 0, 45, 1, 0, 245, 1, 0, 4, 8, 196]
1542780301148;[171, 0, 17, 255, 161, 74, 234, 225, 242, 1, 0, 78, 1, 0, 244, 0, 0, 12, 9, 87]
1542780301308;[171, 0, 17, 255, 161, 74, 234, 225, 242, 1, 0, 74, 1, 0, 253, 0, 0, 50, 9, 209]
1542780301313;[171, 0, 17, 255, 161, 74, 234, 225, 242, 0, 0, 18, 1, 0, 227, 0, 0, 50, 9, 198]
1542780301317;[171, 0, 17, 255, 161, 74, 234, 225, 242, 1, 0, 79, 1, 0, 242, 0, 0, 19, 9, 225]
1542780301479;[171, 0, 17, 255, 161, 74, 234, 225, 242, 0, 0, 111, 1, 1, 44, 1, 0, 57, 9, 203]
1542780301483;[171, 0, 17, 255, 161, 74, 234, 225, 242, 1, 0, 96, 1, 1, 27, 0, 0, 48, 9, 215]
1542780301651;[171, 0, 17, 255, 161, 74, 234, 225, 242, 1, 0, 36, 1, 0, 235, 0, 0, 36, 10, 49]
1542780301824;[171, 0, 4, 255, 132, 128, 104]
1542780301827;[171, 0, 17, 255, 161, 74, 234, 225, 242, 1, 0, 116, 1, 1, 30, 1, 0, 106, 10, 167]
1542780301996;[171, 0, 17, 255, 161, 74, 234, 225, 243, 1, 0, 66, 1, 0, 243, 1, 0, 40, 11, 44]
1542780302000;[171, 0, 17, 255, 161, 74, 234, 225, 243, 1, 0, 57, 1, 0, 238, 1, 0, 20, 11, 115]
1542780302342;[171, 0, 17, 255, 161, 74, 234, 225, 243, 1, 0, 72, 1, 0, 236, 1, 0, 27, 11, 243]
1542780302346;[171, 0, 17, 255, 161, 74, 234, 225, 243, 1, 0, 64, 1, 0, 237, 1, 0, 25, 12, 114]
1542780302349;[171, 0, 17, 255, 161, 74, 234, 225, 243, 1, 0, 69, 1, 0, 233, 1, 0, 26, 12, 198]
1542780302514;[171, 0, 17, 255, 161, 74, 234, 225, 243, 1, 0, 82, 1, 0, 230, 1, 0, 40, 13, 21]
1542780302518;[171, 0, 17, 255, 161, 74, 234, 225, 243, 1, 0, 85, 1, 0, 230, 1, 0, 34, 13, 80]
1542780302686;[171, 0, 17, 255, 161, 74, 234, 225, 243, 1, 0, 84, 1, 0, 229, 1, 0, 33, 13, 155]
1542780302690;[171, 0, 17, 255, 161, 74, 234, 225, 243, 1, 0, 88, 1, 0, 228, 1, 0, 29, 13, 246]
1542780302858;[171, 0, 4, 255, 132, 128, 105]
1542780303067;[171, 0, 17, 255, 161, 74, 234, 225, 243, 1, 0, 86, 1, 0, 233, 1, 0, 23, 14, 48]
1542780303068;[171, 0, 17, 255, 161, 74, 234, 225, 244, 1, 0, 82, 1, 0, 231, 1, 0, 17, 14, 48]
1542780303204;[171, 0, 17, 255, 161, 74, 234, 225, 244, 1, 0, 75, 1, 0, 234, 1, 0, 14, 14, 92]
1542780303207;[171, 0, 17, 255, 161, 74, 234, 225, 244, 1, 0, 70, 1, 0, 234, 1, 0, 13, 14, 126]
1542780303549;[171, 0, 17, 255, 161, 74, 234, 225, 244, 1, 0, 79, 1, 0, 235, 1, 0, 12, 14, 229]
1542780303553;[171, 0, 17, 255, 161, 74, 234, 225, 244, 1, 0, 82, 1, 0, 232, 1, 0, 17, 31, 69]
1542780303557;[171, 0, 17, 255, 161, 74, 234, 225, 244, 1, 0, 77, 1, 0, 233, 1, 0, 16, 7, 254]
1542780303721;[171, 0, 17, 255, 161, 74, 234, 225, 244, 1, 0, 79, 1, 0, 235, 1, 0, 15, 8, 27]
1542780303725;[171, 0, 17, 255, 161, 74, 234, 225, 244, 1, 0, 53, 1, 0, 245, 0, 0, 2, 8, 31]
1542780303894;[171, 0, 17, 255, 161, 74, 234, 225, 246, 1, 0, 20, 1, 0, 242, 1, 0, 19, 6, 85]
1542780304066;[171, 0, 17, 255, 161, 74, 234, 225, 247, 1, 0, 17, 1, 0, 246, 1, 0, 6, 6, 118]
1542780304239;[171, 0, 17, 255, 161, 74, 234, 225, 247, 1, 0, 18, 1, 0, 245, 1, 0, 15, 6, 137]
1542780304411;[171, 0, 17, 255, 161, 74, 234, 225, 247, 1, 0, 7, 1, 0, 240, 1, 0, 2, 6, 154]
1542780304415;[171, 0, 17, 255, 161, 74, 234, 225, 247, 0, 0, 10, 1, 0, 249, 1, 0, 5, 6, 152]
1542780304583;[171, 0, 17, 255, 161, 74, 234, 225, 247, 0, 0, 52, 1, 0, 245, 1, 0, 12, 6, 170]
1542780304587;[171, 0, 17, 255, 161, 74, 234, 225, 247, 0, 0, 0, 1, 0, 241, 0, 0, 20, 6, 207]
1542780304929;[171, 0, 17, 255, 161, 74, 234, 225, 247, 0, 0, 17, 1, 0, 242, 1, 0, 3, 6, 255]
1542780304933;[171, 0, 17, 255, 161, 74, 234, 225, 247, 0, 0, 30, 1, 0, 237, 1, 0, 40, 7, 31]
1542780304937;[171, 0, 17, 255, 161, 74, 234, 225, 247, 0, 0, 32, 1, 0, 231, 1, 0, 56, 7, 24]
1542780305101;[171, 0, 4, 255, 132, 128, 105]
1542780305105;[171, 0, 17, 255, 161, 74, 234, 225, 247, 0, 0, 32, 1, 0, 235, 1, 0, 55, 6, 254]
1542780305274;[171, 0, 17, 255, 161, 74, 234, 225, 248, 0, 0, 38, 1, 0, 242, 1, 0, 45, 6, 235]
1542780305278;[171, 0, 17, 255, 161, 74, 234, 225, 248, 0, 0, 51, 1, 0, 241, 1, 0, 47, 7, 41]
1542780305446;[171, 0, 17, 255, 161, 74, 234, 225, 248, 0, 0, 136, 1, 0, 233, 1, 0, 70, 7, 70]
1542780305642;[171, 0, 17, 255, 161, 74, 234, 225, 248, 1, 0, 13, 1, 0, 219, 1, 0, 51, 7, 7]
1542780305644;[171, 0, 17, 255, 161, 74, 234, 225, 248, 0, 0, 129, 1, 0, 217, 1, 0, 64, 6, 223]
1542780305790;[171, 0, 17, 255, 161, 74, 234, 225, 248, 0, 0, 112, 1, 0, 213, 1, 0, 52, 6, 85]
1542780305794;[171, 0, 17, 255, 161, 74, 234, 225, 248, 0, 0, 118, 1, 0, 202, 1, 0, 50, 5, 255]
1542780306136;[171, 0, 17, 255, 161, 74, 234, 225, 248, 0, 0, 120, 1, 0, 209, 1, 0, 50, 5, 162]
1542780306140;[171, 0, 17, 255, 161, 74, 234, 225, 248, 0, 0, 118, 1, 0, 202, 1, 0, 52, 5, 115]
1542780306144;[171, 0, 4, 255, 132, 128, 106]
1542780306308;[171, 0, 17, 255, 161, 74, 234, 225, 248, 0, 0, 118, 1, 0, 207, 1, 0, 55, 5, 64]
1542780306312;[171, 0, 17, 255, 161, 74, 234, 225, 249, 0, 0, 118, 1, 0, 206, 1, 0, 52, 5, 47]
1542780306655;[171, 0, 17, 255, 161, 74, 234, 225, 249, 0, 0, 120, 1, 0, 207, 1, 0, 52, 5, 34]
1542780306659;[171, 0, 17, 255, 161, 74, 234, 225, 249, 0, 0, 119, 1, 0, 206, 1, 0, 55, 5, 12]
1542780306663;[171, 0, 17, 255, 161, 74, 234, 225, 249, 0, 0, 118, 1, 0, 204, 1, 0, 53, 4, 223]
1542780306826;[171, 0, 17, 255, 161, 74, 234, 225, 249, 0, 0, 119, 1, 0, 205, 1, 0, 52, 4, 163]
1542780306830;[171, 0, 17, 255, 161, 74, 234, 225, 249, 0, 0, 119, 1, 0, 204, 1, 0, 51, 4, 124]
1542780306999;[171, 0, 17, 255, 161, 74, 234, 225, 249, 0, 0, 119, 1, 0, 206, 1, 0, 51, 4, 63]
1542780307005;[171, 0, 17, 255, 161, 74, 234, 225, 249, 0, 0, 118, 1, 0, 206, 1, 0, 50, 3, 253]
1542780307518;[171, 0, 17, 255, 161, 74, 234, 225, 249, 0, 0, 119, 1, 0, 207, 1, 0, 47, 3, 188]
1542780307522;[171, 0, 4, 255, 132, 128, 106]
1542780307526;[171, 0, 17, 255, 161, 74, 234, 225, 249, 0, 0, 120, 1, 0, 207, 1, 0, 45, 3, 131]
1542780307530;[171, 0, 17, 255, 161, 74, 234, 225, 250, 0, 0, 121, 1, 0, 206, 1, 0, 44, 3, 117]
1542780307690;[171, 0, 17, 255, 161, 74, 234, 225, 250, 0, 0, 121, 1, 0, 206, 1, 0, 47, 3, 106]
1542780307694;[171, 0, 17, 255, 161, 74, 234, 225, 250, 0, 0, 121, 1, 0, 208, 1, 0, 43, 3, 83]
1542780307698;[171, 0, 17, 255, 161, 74, 234, 225, 250, 0, 0, 121, 1, 0, 206, 1, 0, 49, 3, 109]
1542780307860;[171, 0, 17, 255, 161, 74, 234, 225, 250, 0, 0, 121, 1, 0, 205, 1, 0, 49, 3, 103]
1542780308034;[171, 0, 17, 255, 161, 74, 234, 225, 250, 0, 0, 118, 1, 0, 208, 1, 0, 45, 3, 67]
1542780308038;[171, 0, 17, 255, 161, 74, 234, 225, 250, 0, 0, 118, 1, 0, 208, 1, 0, 45, 3, 50]
1542780308206;[171, 0, 17, 255, 161, 74, 234, 225, 250, 0, 0, 120, 1, 0, 203, 1, 0, 46, 3, 48]
1542780308210;[171, 0, 17, 255, 161, 74, 234, 225, 250, 0, 0, 121, 1, 0, 206, 1, 0, 47, 3, 45]
1542780308378;[171, 0, 4, 255, 132, 128, 106]
1542780308382;[171, 0, 17, 255, 161, 74, 234, 225, 250, 0, 0, 118, 1, 0, 203, 1, 0, 48, 3, 52]
1542780308725;[171, 0, 17, 255, 161, 74, 234, 225, 251, 0, 0, 119, 1, 0, 207, 1, 0, 47, 3, 62]
1542780308729;[171, 0, 17, 255, 161, 74, 234, 225, 251, 0, 0, 119, 1, 0, 207, 1, 0, 48, 3, 52]
1542780308733;[171, 0, 17, 255, 161, 74, 234, 225, 251, 0, 0, 119, 1, 0, 207, 1, 0, 46, 3, 42]
1542780308896;[171, 0, 17, 255, 161, 74, 234, 225, 251, 0, 0, 120, 1, 0, 207, 1, 0, 47, 3, 40]
1542780308900;[171, 0, 17, 255, 161, 74, 234, 225, 251, 0, 0, 119, 1, 0, 206, 1, 0, 47, 3, 25]
1542780309069;[171, 0, 17, 255, 161, 74, 234, 225, 251, 0, 0, 121, 1, 0, 205, 1, 0, 47, 3, 25]
1542780309073;[171, 0, 17, 255, 161, 74, 234, 225, 251, 0, 0, 121, 1, 0, 207, 1, 0, 48, 3, 37]
1542780309241;[171, 0, 17, 255, 161, 74, 234, 225, 251, 0, 0, 122, 1, 0, 208, 1, 0, 48, 3, 42]
1542780309414;[171, 0, 17, 255, 161, 74, 234, 225, 251, 0, 0, 122, 1, 0, 204, 1, 0, 46, 3, 48]
1542780309418;[171, 0, 4, 255, 132, 128, 106]
1542780309586;[171, 0, 17, 255, 161, 74, 234, 225, 251, 0, 0, 120, 1, 0, 207, 1, 0, 46, 3, 52]
1542780309590;[171, 0, 17, 255, 161, 74, 234, 226, 0, 0, 0, 123, 1, 0, 207, 1, 0, 45, 3, 48]
1542780309932;[171, 0, 17, 255, 161, 74, 234, 226, 0, 0, 0, 120, 1, 0, 205, 1, 0, 46, 3, 86]
1542780309936;[171, 0, 17, 255, 161, 74, 234, 226, 0, 0, 0, 122, 1, 0, 205, 1, 0, 47, 3, 100]
1542780309939;[171, 0, 17, 255, 161, 74, 234, 226, 0, 0, 0, 119, 1, 0, 205, 1, 0, 46, 3, 100]
1542780310104;[171, 0, 17, 255, 161, 74, 234, 226, 0, 0, 0, 119, 1, 0, 207, 1, 0, 47, 3, 100]
1542780310108;[171, 0, 17, 255, 161, 74, 234, 226, 0, 0, 0, 120, 1, 0, 207, 1, 0, 45, 3, 106]
1542780310276;[171, 0, 17, 255, 161, 74, 234, 226, 0, 0, 0, 120, 1, 0, 206, 1, 0, 47, 3, 113]
1542780310280;[171, 0, 17, 255, 161, 74, 234, 226, 0, 0, 0, 122, 1, 0, 207, 1, 0, 48, 3, 97]
1542780310449;[171, 0, 17, 255, 161, 74, 234, 226, 0, 0, 0, 120, 1, 0, 204, 1, 0, 48, 3, 74]
1542780310621;[171, 0, 4, 255, 132, 128, 106]
1542780310625;[171, 0, 17, 255, 161, 74, 234, 226, 0, 0, 0, 122, 1, 0, 205, 1, 0, 48, 3, 49]
1542780310794;[171, 0, 17, 255, 161, 74, 234, 226, 1, 0, 0, 120, 1, 0, 205, 1, 0, 47, 3, 18]
1542780310798;[171, 0, 17, 255, 161, 74, 234, 226, 1, 0, 0, 119, 1, 0, 205, 1, 0, 45, 3, 7]
1542780310966;[171, 0, 17, 255, 161, 74, 234, 226, 1, 0, 0, 119, 1, 0, 204, 1, 0, 47, 3, 7]
1542780310970;[171, 0, 17, 255, 161, 74, 234, 226, 1, 0, 0, 122, 1, 0, 205, 1, 0, 46, 3, 2]
1542780311312;[171, 0, 17, 255, 161, 74, 234, 226, 1, 0, 0, 121, 1, 0, 208, 1, 0, 46, 2, 255]
1542780311316;[171, 0, 17, 255, 161, 74, 234, 226, 1, 0, 0, 120, 1, 0, 205, 1, 0, 49, 3, 18]
1542780311319;[171, 0, 17, 255, 161, 74, 234, 226, 1, 0, 0, 125, 1, 0, 205, 1, 0, 45, 3, 35]
1542780311483;[171, 0, 17, 255, 161, 74, 234, 226, 1, 0, 0, 120, 1, 0, 206, 1, 0, 49, 3, 59]
1542780311487;[171, 0, 17, 255, 161, 74, 234, 226, 1, 0, 0, 120, 1, 0, 206, 1, 0, 48, 3, 56]
1542780311656;[171, 0, 4, 255, 132, 128, 106]
1542780311830;[171, 0, 17, 255, 161, 74, 234, 226, 1, 0, 0, 122, 1, 0, 205, 1, 0, 45, 3, 33]
1542780311833;[171, 0, 17, 255, 161, 74, 234, 226, 2, 0, 0, 120, 1, 0, 204, 1, 0, 46, 3, 1]
1542780312002;[171, 0, 17, 255, 161, 74, 234, 226, 2, 0, 0, 122, 1, 0, 205, 1, 0, 48, 2, 219]
1542780312005;[171, 0, 17, 255, 161, 74, 234, 226, 2, 0, 0, 121, 1, 0, 207, 1, 0, 47, 2, 237]
1542780312174;[171, 0, 17, 255, 161, 74, 234, 226, 2, 0, 0, 120, 1, 0, 205, 1, 0, 45, 2, 246]
1542780312178;[171, 0, 17, 255, 161, 74, 234, 226, 2, 0, 0, 122, 1, 0, 205, 1, 0, 46, 2, 237]
1542780312518;[171, 0, 17, 255, 161, 74, 234, 226, 2, 0, 0, 121, 1, 0, 205, 1, 0, 47, 2, 237]
1542780312522;[171, 0, 17, 255, 161, 74, 234, 226, 2, 0, 0, 120, 1, 0, 206, 1, 0, 47, 2, 235]
1542780312526;[171, 0, 17, 255, 161, 74, 234, 226, 2, 0, 0, 119, 1, 0, 206, 1, 0, 45, 3, 2]
1542780312691;[171, 0, 17, 255, 161, 74, 234, 226, 2, 0, 0, 123, 1, 0, 205, 1, 0, 45, 3, 40]
1542780312695;[171, 0, 4, 255, 132, 128, 106]
1542780312863;[171, 0, 17, 255, 161, 74, 234, 226, 2, 0, 0, 119, 1, 0, 206, 1, 0, 45, 3, 46]
1542780313037;[171, 0, 17, 255, 161, 74, 234, 226, 3, 0, 0, 122, 1, 0, 209, 1, 0, 45, 3, 72]
1542780313040;[171, 0, 17, 255, 161, 74, 234, 226, 3, 0, 0, 122, 1, 0, 204, 1, 0, 47, 3, 97]
1542780313209;[171, 0, 17, 255, 161, 74, 234, 226, 3, 0, 0, 120, 1, 0, 206, 1, 0, 47, 3, 109]
1542780313213;[171, 0, 17, 255, 161, 74, 234, 226, 3, 0, 0, 118, 1, 0, 207, 1, 0, 47, 3, 144]
1542780313382;[171, 0, 17, 255, 161, 74, 234, 226, 3, 0, 0, 120, 1, 0, 208, 1, 0, 44, 3, 139]
1542780313386;[171, 0, 17, 255, 161, 74, 234, 226, 3, 0, 0, 121, 1, 0, 207, 1, 0, 43, 3, 115]
1542780313554;[171, 0, 17, 255, 161, 74, 234, 226, 3, 0, 0, 119, 1, 0, 206, 1, 0, 46, 3, 106]
1542780313901;[171, 0, 17, 255, 161, 74, 234, 226, 3, 0, 0, 121, 1, 0, 207, 1, 0, 44, 3, 99]
1542780313905;[171, 0, 17, 255, 161, 74, 234, 226, 3, 0, 0, 120, 1, 0, 207, 1, 0, 45, 3, 103]
1542780313909;[171, 0, 4, 255, 132, 128, 107]
1542780313913;[171, 0, 17, 255, 161, 74, 234, 226, 3, 0, 0, 120, 1, 0, 206, 1, 0, 44, 3, 144]
1542780314074;[171, 0, 17, 255, 161, 74, 234, 226, 4, 0, 0, 120, 1, 0, 208, 1, 0, 42, 3, 152]
1542780314076;[171, 0, 17, 255, 161, 74, 234, 226, 4, 0, 0, 121, 1, 0, 205, 1, 0, 45, 3, 146]
1542780314244;[171, 0, 17, 255, 161, 74, 234, 226, 4, 0, 0, 119, 1, 0, 206, 1, 0, 44, 3, 149]
1542780314417;[171, 0, 17, 255, 161, 74, 234, 226, 4, 0, 0, 120, 1, 0, 207, 1, 0, 44, 3, 138]
1542780314421;[171, 0, 17, 255, 161, 74, 234, 226, 4, 0, 0, 121, 1, 0, 205, 1, 0, 44, 3, 148]
1542780314588;[171, 0, 17, 255, 161, 74, 234, 226, 4, 0, 0, 119, 1, 0, 206, 1, 0, 45, 3, 198]
1542780314592;[171, 0, 17, 255, 161, 74, 234, 226, 4, 0, 0, 119, 1, 0, 207, 1, 0, 46, 3, 221]
1542780314761;[171, 0, 17, 255, 161, 74, 234, 226, 4, 0, 0, 120, 1, 0, 207, 1, 0, 43, 3, 227]
1542780315108;[171, 0, 17, 255, 161, 74, 234, 226, 4, 0, 0, 120, 1, 0, 207, 1, 0, 45, 3, 247]
1542780315112;[171, 0, 4, 255, 132, 128, 107]
1542780315116;[171, 0, 17, 255, 161, 74, 234, 226, 4, 0, 0, 121, 1, 0, 207, 1, 0, 46, 3, 255]
1542780315120;[171, 0, 17, 255, 161, 74, 234, 226, 5, 0, 0, 121, 1, 0, 205, 1, 0, 46, 4, 46]
1542780315278;[171, 0, 17, 255, 161, 74, 234, 226, 5, 0, 0, 120, 1, 0, 205, 1, 0, 45, 4, 100]
1542780315282;[171, 0, 17, 255, 161, 74, 234, 226, 5, 0, 0, 119, 1, 0, 204, 1, 0, 45, 4, 121]
1542780315451;[171, 0, 17, 255, 161, 74, 234, 226, 5, 0, 0, 120, 1, 0, 207, 1, 0, 45, 4, 136]
1542780315624;[171, 0, 17, 255, 161, 74, 234, 226, 5, 0, 0, 122, 1, 0, 207, 1, 0, 44, 4, 147]
1542780315628;[171, 0, 17, 255, 161, 74, 234, 226, 5, 0, 0, 120, 1, 0, 206, 1, 0, 45, 4, 145]
1542780315797;[171, 0, 17, 255, 161, 74, 234, 226, 5, 0, 0, 120, 1, 0, 206, 1, 0, 46, 4, 183]
1542780315801;[171, 0, 17, 255, 161, 74, 234, 226, 5, 0, 0, 120, 1, 0, 208, 1, 0, 46, 4, 234]
1542780315969;[171, 0, 17, 255, 161, 74, 234, 226, 5, 0, 0, 118, 1, 0, 209, 1, 0, 46, 4, 248]
1542780315973;[171, 0, 4, 255, 132, 128, 107]
1542780316487;[171, 0, 17, 255, 161, 74, 234, 226, 5, 0, 0, 119, 1, 0, 208, 1, 0, 46, 5, 6]
1542780316491;[171, 0, 17, 255, 161, 74, 234, 226, 6, 0, 0, 118, 1, 0, 208, 1, 0, 46, 5, 15]
1542780316495;[171, 0, 17, 255, 161, 74, 234, 226, 6, 0, 0, 120, 1, 0, 207, 1, 0, 47, 5, 20]
1542780316499;[171, 0, 17, 255, 161, 74, 234, 226, 6, 0, 0, 121, 1, 0, 203, 1, 0, 43, 5, 49]
1542780316658;[171, 0, 17, 255, 161, 74, 234, 226, 6, 0, 0, 120, 1, 0, 205, 1, 0, 46, 5, 111]
1542780316662;[171, 0, 17, 255, 161, 74, 234, 226, 6, 0, 0, 117, 1, 0, 208, 1, 0, 47, 5, 124]
1542780316830;[171, 0, 17, 255, 161, 74, 234, 226, 6, 0, 0, 119, 1, 0, 208, 1, 0, 46, 5, 115]
1542780316834;[171, 0, 17, 255, 161, 74, 234, 226, 6, 0, 0, 120, 1, 0, 205, 1, 0, 46, 5, 110]
1542780317004;[171, 0, 17, 255, 161, 74, 234, 226, 6, 0, 0, 121, 1, 0, 204, 1, 0, 46, 5, 112]
1542780317008;[171, 0, 17, 255, 161, 74, 234, 226, 6, 0, 0, 117, 1, 0, 208, 1, 0, 47, 5, 120]
1542780317176;[171, 0, 4, 255, 132, 128, 107]
1542780317179;[171, 0, 17, 255, 161, 74, 234, 226, 6, 0, 0, 120, 1, 0, 207, 1, 0, 46, 5, 165]
1542780317350;[171, 0, 17, 255, 161, 74, 234, 226, 7, 0, 0, 119, 1, 0, 208, 1, 0, 46, 5, 175]
1542780317696;[171, 0, 17, 255, 161, 74, 234, 226, 7, 0, 0, 117, 1, 0, 206, 1, 0, 47, 5, 175]
1542780317699;[171, 0, 17, 255, 161, 74, 234, 226, 7, 0, 0, 121, 1, 0, 207, 1, 0, 48, 5, 178]
1542780317703;[171, 0, 17, 255, 161, 74, 234, 226, 7, 0, 0, 120, 1, 0, 206, 1, 0, 47, 5, 158]
1542780317707;[171, 0, 17, 255, 161, 74, 234, 226, 7, 0, 0, 122, 1, 0, 209, 1, 0, 46, 5, 176]
1542780317867;[171, 0, 17, 255, 161, 74, 234, 226, 7, 0, 0, 118, 1, 0, 206, 1, 0, 47, 5, 202]
1542780317871;[171, 0, 17, 255, 161, 74, 234, 226, 7, 0, 0, 119, 1, 0, 205, 1, 0, 47, 5, 189]
1542780318039;[171, 0, 17, 255, 161, 74, 234, 226, 7, 0, 0, 121, 1, 0, 205, 1, 0, 48, 5, 189]
1542780318211;[171, 0, 17, 255, 161, 74, 234, 226, 7, 0, 0, 119, 1, 0, 206, 1, 0, 46, 5, 178]
1542780318215;[171, 0, 4, 255, 132, 128, 106]
1542780318383;[171, 0, 17, 255, 161, 74, 234, 226, 7, 0, 0, 119, 1, 0, 208, 1, 0, 48, 5, 157]
1542780318387;[171, 0, 17, 255, 161, 74, 234, 226, 8, 0, 0, 118, 1, 0, 206, 1, 0, 46, 5, 178]
1542780318556;[171, 0, 17, 255, 161, 74, 234, 226, 8, 0, 0, 119, 1, 0, 205, 1, 0, 47, 5, 196]
1542780318902;[171, 0, 17, 255, 161, 74, 234, 226, 8, 0, 0, 118, 1, 0, 208, 1, 0, 48, 5, 194]
1542780318906;[171, 0, 17, 255, 161, 74, 234, 226, 8, 0, 0, 120, 1, 0, 207, 1, 0, 46, 5, 189]
1542780318911;[171, 0, 17, 255, 161, 74, 234, 226, 8, 0, 0, 122, 1, 0, 206, 1, 0, 47, 5, 174]
1542780318915;[171, 0, 17, 255, 161, 74, 234, 226, 8, 0, 0, 120, 1, 0, 207, 1, 0, 48, 5, 167]
1542780319074;[171, 0, 17, 255, 161, 74, 234, 226, 8, 0, 0, 120, 1, 0, 209, 1, 0, 47, 5, 186]
1542780319078;[171, 0, 17, 255, 161, 74, 234, 226, 8, 0, 0, 120, 1, 0, 205, 1, 0, 47, 5, 198]
1542780319247;[171, 0, 17, 255, 161, 74, 234, 226, 8, 0, 0, 119, 1, 0, 206, 1, 0, 47, 5, 204]
1542780319418;[171, 0, 4, 255, 132, 128, 105]
1542780319422;[171, 0, 17, 255, 161, 74, 234, 226, 8, 0, 0, 121, 1, 0, 207, 1, 0, 47, 5, 203]
1542780319591;[171, 0, 17, 255, 161, 74, 234, 226, 9, 0, 0, 118, 1, 0, 207, 1, 0, 46, 5, 195]
1542780319595;[171, 0, 17, 255, 161, 74, 234, 226, 9, 0, 0, 118, 1, 0, 207, 1, 0, 47, 5, 193]
1542780319764;[171, 0, 17, 255, 161, 74, 234, 226, 9, 0, 0, 118, 1, 0, 207, 1, 0, 47, 5, 204]
1542780319936;[171, 0, 17, 255, 161, 74, 234, 226, 9, 0, 0, 118, 1, 0, 205, 1, 0, 46, 5, 220]
1542780319940;[171, 0, 17, 255, 161, 74, 234, 226, 9, 0, 0, 119, 1, 0, 208, 1, 0, 46, 5, 210]
1542780320283;[171, 0, 17, 255, 161, 74, 234, 226, 9, 0, 0, 121, 1, 0, 207, 1, 0, 47, 5, 199]
1542780320287;[171, 0, 17, 255, 161, 74, 234, 226, 9, 0, 0, 118, 1, 0, 205, 1, 0, 48, 5, 178]
1542780320291;[171, 0, 17, 255, 161, 74, 234, 226, 9, 0, 0, 119, 1, 0, 207, 1, 0, 47, 5, 157]
1542780320295;[171, 0, 17, 255, 161, 74, 234, 226, 9, 0, 0, 118, 1, 0, 206, 1, 0, 46, 5, 150]
1542780320453;[171, 0, 4, 255, 132, 128, 104]
1542780320626;[171, 0, 17, 255, 161, 74, 234, 226, 9, 0, 0, 121, 1, 0, 205, 1, 0, 49, 5, 164]
1542780320630;[171, 0, 17, 255, 161, 74, 234, 226, 10, 0, 0, 119, 1, 0, 206, 1, 0, 48, 5, 150]
1542780320799;[171, 0, 17, 255, 161, 74, 234, 226, 10, 0, 0, 119, 1, 0, 209, 1, 0, 47, 5, 140]
1542780320803;[171, 0, 17, 255, 161, 74, 234, 226, 10, 0, 0, 119, 1, 0, 205, 1, 0, 47, 5, 127]
1542780320971;[171, 0, 17, 255, 161, 74, 234, 226, 10, 0, 0, 120, 1, 0, 206, 1, 0, 48, 5, 117]
1542780320975;[171, 0, 17, 255, 161, 74, 234, 226, 10, 0, 0, 119, 1, 0, 204, 1, 0, 47, 5, 125]
1542780321144;[171, 0, 17, 255, 161, 74, 234, 226, 10, 0, 0, 121, 1, 0, 207, 1, 0, 47, 5, 139]
1542780321489;[171, 0, 17, 255, 161, 74, 234, 226, 10, 0, 0, 118, 1, 0, 207, 1, 0, 46, 5, 143]
1542780321493;[171, 0, 17, 255, 161, 74, 234, 226, 10, 0, 0, 119, 1, 0, 208, 1, 0, 47, 5, 131]
1542780321497;[171, 0, 17, 255, 161, 74, 234, 226, 10, 0, 0, 118, 1, 0, 208, 1, 0, 47, 5, 120]
1542780321501;[171, 0, 4, 255, 132, 128, 103]
1542780321661;[171, 0, 17, 255, 161, 74, 234, 226, 10, 0, 0, 119, 1, 0, 206, 1, 0, 46, 5, 106]
1542780321834;[171, 0, 17, 255, 161, 74, 234, 226, 11, 0, 0, 119, 1, 0, 205, 1, 0, 47, 5, 120]
1542780321838;[171, 0, 17, 255, 161, 74, 234, 226, 11, 0, 0, 119, 1, 0, 208, 1, 0, 48, 5, 130]
1542780322007;[171, 0, 17, 255, 161, 74, 234, 226, 11, 0, 0, 115, 1, 0, 206, 1, 0, 48, 5, 121]
1542780322010;[171, 0, 17, 255, 161, 74, 234, 226, 11, 0, 0, 119, 1, 0, 207, 1, 0, 46, 5, 117]
1542780322179;[171, 0, 17, 255, 161, 74, 234, 226, 11, 0, 0, 116, 1, 0, 208, 1, 0, 47, 5, 104]
1542780322183;[171, 0, 17, 255, 161, 74, 234, 226, 11, 0, 0, 119, 1, 0, 207, 1, 0, 48, 5, 92]
1542780322351;[171, 0, 17, 255, 161, 74, 234, 226, 11, 0, 0, 117, 1, 0, 206, 1, 0, 48, 5, 104]
1542780322524;[171, 0, 17, 255, 161, 74, 234, 226, 11, 0, 0, 119, 1, 0, 207, 1, 0, 46, 5, 120]
1542780322528;[171, 0, 17, 255, 161, 74, 234, 226, 11, 0, 0, 117, 1, 0, 208, 1, 0, 46, 5, 118]
1542780322873;[171, 0, 4, 255, 132, 128, 102]
1542780322877;[171, 0, 17, 255, 161, 74, 234, 226, 11, 0, 0, 118, 1, 0, 208, 1, 0, 47, 5, 111]
1542780322881;[171, 0, 17, 255, 161, 74, 234, 226, 12, 0, 0, 121, 1, 0, 207, 1, 0, 45, 5, 111]
1542780322885;[171, 0, 17, 255, 161, 74, 234, 226, 12, 0, 0, 119, 1, 0, 208, 1, 0, 48, 5, 94]
1542780323040;[171, 0, 17, 255, 161, 74, 234, 226, 12, 0, 0, 118, 1, 0, 209, 1, 0, 47, 5, 117]
1542780323214;[171, 0, 17, 255, 161, 74, 234, 226, 12, 0, 0, 119, 1, 0, 206, 1, 0, 47, 5, 107]
1542780323218;[171, 0, 17, 255, 161, 74, 234, 226, 12, 0, 0, 118, 1, 0, 208, 1, 0, 47, 5, 96]
1542780323386;[171, 0, 17, 255, 161, 74, 234, 226, 12, 0, 0, 116, 1, 0, 204, 1, 0, 47, 5, 91]
1542780323390;[171, 0, 17, 255, 161, 74, 234, 226, 12, 0, 0, 119, 1, 0, 208, 1, 0, 48, 5, 63]
1542780323558;[171, 0, 17, 255, 161, 74, 234, 226, 12, 0, 0, 117, 1, 0, 208, 1, 0, 50, 5, 49]
1542780324078;[171, 0, 17, 255, 161, 74, 234, 226, 12, 0, 0, 117, 1, 0, 208, 1, 0, 49, 5, 71]
1542780324082;[171, 0, 4, 255, 132, 128, 102]
1542780324086;[171, 0, 17, 255, 161, 74, 234, 226, 12, 0, 0, 118, 1, 0, 207, 1, 0, 49, 5, 76]
1542780324090;[171, 0, 17, 255, 161, 74, 234, 226, 13, 0, 0, 121, 1, 0, 208, 1, 0, 47, 5, 78]
1542780324248;[171, 0, 17, 255, 161, 74, 234, 226, 13, 0, 0, 119, 1, 0, 208, 1, 0, 48, 5, 74]
1542780324252;[171, 0, 17, 255, 161, 74, 234, 226, 13, 0, 0, 120, 1, 0, 206, 1, 0, 48, 5, 71]
1542780324256;[171, 0, 17, 255, 161, 74, 234, 226, 13, 0, 0, 118, 1, 0, 205, 1, 0, 48, 5, 68]
1542780324421;[171, 0, 17, 255, 161, 74, 234, 226, 13, 0, 0, 117, 1, 0, 206, 1, 0, 46, 5, 99]
1542780324425;[171, 0, 17, 255, 161, 74, 234, 226, 13, 0, 0, 117, 1, 0, 207, 1, 0, 48, 5, 103]
1542780324594;[171, 0, 17, 255, 161, 74, 234, 226, 13, 0, 0, 117, 1, 0, 207, 1, 0, 48, 5, 96]
1542780324598;[171, 0, 17, 255, 161, 74, 234, 226, 13, 0, 0, 119, 1, 0, 208, 1, 0, 50, 5, 95]
1542780324766;[171, 0, 17, 255, 161, 74, 234, 226, 13, 0, 0, 120, 1, 0, 208, 1, 0, 48, 5, 90]
1542780324769;[171, 0, 4, 255, 132, 128, 102]
1542780324938;[171, 0, 17, 255, 161, 74, 234, 226, 13, 0, 0, 118, 1, 0, 207, 1, 0, 48, 5, 92]
1542780325457;[171, 0, 17, 255, 161, 74, 234, 226, 14, 0, 0, 118, 1, 0, 208, 1, 0, 49, 5, 110]
1542780325461;[171, 0, 17, 255, 161, 74, 234, 226, 14, 0, 0, 119, 1, 0, 207, 1, 0, 49, 5, 122]
1542780325465;[171, 0, 17, 255, 161, 74, 234, 226, 14, 0, 0, 118, 1, 0, 207, 1, 0, 49, 5, 121]
1542780325469;[171, 0, 17, 255, 161, 74, 234, 226, 14, 0, 0, 119, 1, 0, 208, 1, 0, 48, 5, 131]
1542780325644;[171, 0, 17, 255, 161, 74, 234, 226, 14, 0, 0, 119, 1, 0, 207, 1, 0, 48, 5, 127]
1542780325645;[171, 0, 17, 255, 161, 74, 234, 226, 14, 0, 0, 118, 1, 0, 206, 1, 0, 51, 5, 150]
1542780325647;[171, 0, 17, 255, 161, 74, 234, 226, 14, 0, 0, 119, 1, 0, 205, 1, 0, 51, 5, 199]
1542780325801;[171, 0, 17, 255, 161, 74, 234, 226, 14, 0, 0, 116, 1, 0, 206, 1, 0, 52, 5, 214]
1542780325974;[171, 0, 17, 255, 161, 74, 234, 226, 16, 0, 0, 127, 1, 0, 179, 1, 0, 101, 6, 56]
1542780326145;[171, 0, 17, 255, 161, 74, 234, 226, 17, 0, 0, 127, 1, 0, 181, 1, 0, 100, 6, 33]
1542780326320;[171, 0, 17, 255, 161, 74, 234, 226, 17, 0, 0, 128, 1, 0, 181, 1, 0, 98, 5, 254]
1542780326323;[171, 0, 17, 255, 161, 74, 234, 226, 17, 0, 0, 126, 1, 0, 180, 1, 0, 100, 5, 225]
1542780326666;[171, 0, 17, 255, 161, 74, 234, 226, 17, 0, 0, 127, 1, 0, 180, 1, 0, 100, 5, 202]
1542780326670;[171, 0, 17, 255, 161, 74, 234, 226, 17, 0, 0, 129, 1, 0, 179, 1, 0, 99, 5, 173]
1542780326674;[171, 0, 17, 255, 161, 74, 234, 226, 17, 0, 0, 130, 1, 0, 181, 1, 0, 99, 5, 160]
1542780326678;[171, 0, 17, 255, 161, 74, 234, 226, 17, 0, 0, 127, 1, 0, 180, 1, 0, 99, 5, 174]
1542780326836;[171, 0, 17, 255, 161, 74, 234, 226, 17, 0, 0, 127, 1, 0, 179, 1, 0, 101, 5, 153]
1542780327010;[171, 0, 17, 255, 161, 74, 234, 226, 17, 0, 0, 128, 1, 0, 180, 1, 0, 99, 5, 119]
1542780327014;[171, 0, 4, 255, 132, 128, 101]
1542780327182;[171, 0, 17, 255, 161, 74, 234, 226, 17, 0, 0, 128, 1, 0, 180, 1, 0, 100, 5, 93]
1542780327186;[171, 0, 17, 255, 161, 74, 234, 226, 18, 0, 0, 130, 1, 0, 180, 1, 0, 99, 5, 51]
1542780327353;[171, 0, 17, 255, 161, 74, 234, 226, 18, 0, 0, 127, 1, 0, 180, 1, 0, 101, 5, 26]
1542780327526;[171, 0, 17, 255, 161, 74, 234, 226, 18, 0, 0, 127, 1, 0, 181, 1, 0, 101, 5, 19]
1542780327530;[171, 0, 17, 255, 161, 74, 234, 226, 18, 0, 0, 129, 1, 0, 182, 1, 0, 98, 5, 14]
1542780327872;[171, 0, 17, 255, 161, 74, 234, 226, 18, 0, 0, 130, 1, 0, 181, 1, 0, 101, 4, 243]
1542780327876;[171, 0, 17, 255, 161, 74, 234, 226, 18, 0, 0, 131, 1, 0, 181, 1, 0, 99, 4, 219]
1542780327881;[171, 0, 17, 255, 161, 74, 234, 226, 18, 0, 0, 128, 1, 0, 181, 1, 0, 100, 4, 174]
1542780327884;[171, 0, 17, 255, 161, 74, 234, 226, 18, 0, 0, 129, 1, 0, 179, 1, 0, 100, 4, 185]
1542780328044;[171, 0, 17, 255, 161, 74, 234, 226, 18, 0, 0, 129, 1, 0, 179, 1, 0, 101, 4, 187]
1542780328217;[171, 0, 4, 255, 132, 128, 101]
1542780328221;[171, 0, 17, 255, 161, 74, 234, 226, 18, 0, 0, 128, 1, 0, 178, 1, 0, 98, 4, 166]
1542780328389;[171, 0, 17, 255, 161, 74, 234, 226, 19, 0, 0, 128, 1, 0, 180, 1, 0, 99, 4, 143]
1542780328393;[171, 0, 17, 255, 161, 74, 234, 226, 19, 0, 0, 130, 1, 0, 180, 1, 0, 99, 4, 114]
1542780328562;[171, 0, 17, 255, 161, 74, 234, 226, 19, 0, 0, 129, 1, 0, 181, 1, 0, 98, 4, 83]
1542780328733;[171, 0, 17, 255, 161, 74, 234, 226, 19, 0, 0, 128, 1, 0, 182, 1, 0, 97, 4, 98]
1542780328736;[171, 0, 17, 255, 161, 74, 234, 226, 19, 0, 0, 126, 1, 0, 180, 1, 0, 99, 4, 91]
1542780328905;[171, 0, 17, 255, 161, 74, 234, 226, 19, 0, 0, 127, 1, 0, 179, 1, 0, 99, 4, 81]
1542780328909;[171, 0, 17, 255, 161, 74, 234, 226, 19, 0, 0, 128, 1, 0, 182, 1, 0, 98, 4, 64]
1542780329252;[171, 0, 17, 255, 161, 74, 234, 226, 19, 0, 0, 128, 1, 0, 183, 1, 0, 99, 4, 41]
1542780329256;[171, 0, 17, 255, 161, 74, 234, 226, 19, 0, 0, 129, 1, 0, 180, 1, 0, 100, 4, 18]
1542780329260;[171, 0, 4, 255, 132, 128, 101]
1542780329424;[171, 0, 17, 255, 161, 74, 234, 226, 19, 0, 0, 128, 1, 0, 181, 1, 0, 98, 4, 21]
1542780329427;[171, 0, 17, 255, 161, 74, 234, 226, 20, 0, 0, 128, 1, 0, 181, 1, 0, 98, 4, 39]
1542780329596;[171, 0, 17, 255, 161, 74, 234, 226, 20, 0, 0, 126, 1, 0, 180, 1, 0, 100, 4, 33]
1542780329600;[171, 0, 17, 255, 161, 74, 234, 226, 20, 0, 0, 129, 1, 0, 182, 1, 0, 99, 4, 10]
1542780329769;[171, 0, 17, 255, 161, 74, 234, 226, 20, 0, 0, 129, 1, 0, 180, 1, 0, 99, 3, 245]
1542780329773;[171, 0, 17, 255, 161, 74, 234, 226, 20, 0, 0, 129, 1, 0, 181, 1, 0, 98, 3, 217]
1542780329942;[171, 0, 17, 255, 161, 74, 234, 226, 20, 0, 0, 128, 1, 0, 181, 1, 0, 99, 3, 201]
1542780330114;[171, 0, 17, 255, 161, 74, 234, 226, 20, 0, 0, 128, 1, 0, 181, 1, 0, 101, 3, 205]
1542780330118;[171, 0, 17, 255, 161, 74, 234, 226, 20, 0, 0, 127, 1, 0, 180, 1, 0, 98, 3, 188]
1542780330458;[171, 0, 17, 255, 161, 74, 234, 226, 20, 0, 0, 130, 1, 0, 180, 1, 0, 99, 3, 151]
1542780330462;[171, 0, 4, 255, 132, 128, 101]
1542780330466;[171, 0, 17, 255, 161, 74, 234, 226, 20, 0, 0, 127, 1, 0, 182, 1, 0, 98, 3, 123]
1542780330631;[171, 0, 17, 255, 161, 74, 234, 226, 21, 0, 0, 127, 1, 0, 179, 1, 0, 99, 3, 123]
1542780330635;[171, 0, 17, 255, 161, 74, 234, 226, 21, 0, 0, 126, 1, 0, 180, 1, 0, 99, 3, 110]
1542780330803;[171, 0, 17, 255, 161, 74, 234, 226, 21, 0, 0, 127, 1, 0, 182, 1, 0, 100, 3, 117]
1542780330807;[171, 0, 17, 255, 161, 74, 234, 226, 21, 0, 0, 128, 1, 0, 180, 1, 0, 99, 3, 104]
1542780330977;[171, 0, 17, 255, 161, 74, 234, 226, 21, 0, 0, 128, 1, 0, 181, 1, 0, 99, 3, 93]
1542780330980;[171, 0, 17, 255, 161, 74, 234, 226, 21, 0, 0, 131, 1, 0, 180, 1, 0, 100, 3, 78]
1542780331148;[171, 0, 17, 255, 161, 74, 234, 226, 21, 0, 0, 125, 1, 0, 180, 1, 0, 98, 3, 47]
1542780331321;[171, 0, 17, 255, 161, 74, 234, 226, 21, 0, 0, 130, 1, 0, 183, 1, 0, 99, 3, 37]
1542780331325;[171, 0, 17, 255, 161, 74, 234, 226, 21, 0, 0, 129, 1, 0, 181, 1, 0, 99, 3, 44]
1542780331840;[171, 0, 4, 255, 132, 128, 101]
1542780331844;[171, 0, 17, 255, 161, 74, 234, 226, 21, 0, 0, 127, 1, 0, 182, 1, 0, 100, 3, 30]
1542780331849;[171, 0, 17, 255, 161, 74, 234, 226, 22, 0, 0, 128, 1, 0, 178, 1, 0, 98, 3, 26]
1542780331852;[171, 0, 17, 255, 161, 74, 234, 226, 22, 0, 0, 128, 1, 0, 180, 1, 0, 99, 3, 10]
1542780332012;[171, 0, 17, 255, 161, 74, 234, 226, 22, 0, 0, 129, 1, 0, 181, 1, 0, 98, 2, 251]
1542780332016;[171, 0, 17, 255, 161, 74, 234, 226, 22, 0, 0, 130, 1, 0, 180, 1, 0, 100, 2, 246]
1542780332020;[171, 0, 17, 255, 161, 74, 234, 226, 22, 0, 0, 129, 1, 0, 181, 1, 0, 99, 3, 1]
1542780332185;[171, 0, 17, 255, 161, 74, 234, 226, 22, 0, 0, 129, 1, 0, 179, 1, 0, 100, 3, 3]
1542780332188;[171, 0, 17, 255, 161, 74, 234, 226, 22, 0, 0, 128, 1, 0, 181, 1, 0, 96, 2, 240]
1542780332356;[171, 0, 17, 255, 161, 74, 234, 226, 22, 0, 0, 124, 1, 0, 183, 1, 0, 98, 2, 226]
1542780332529;[171, 0, 17, 255, 161, 74, 234, 226, 22, 0, 0, 129, 1, 0, 179, 1, 0, 103, 2, 221]
1542780332532;[171, 0, 4, 255, 132, 128, 101]
1542780332701;[171, 0, 17, 255, 161, 74, 234, 226, 22, 0, 0, 129, 1, 0, 181, 1, 0, 95, 2, 201]
1542780332705;[171, 0, 17, 255, 161, 74, 234, 226, 23, 0, 0, 127, 1, 0, 183, 1, 0, 99, 2, 209]
1542780333047;[171, 0, 17, 255, 161, 74, 234, 226, 23, 0, 0, 128, 1, 0, 179, 1, 0, 99, 2, 194]
1542780333051;[171, 0, 17, 255, 161, 74, 234, 226, 23, 0, 0, 129, 1, 0, 180, 1, 0, 97, 2, 181]
1542780333055;[171, 0, 17, 255, 161, 74, 234, 226, 23, 0, 0, 128, 1, 0, 183, 1, 0, 99, 2, 167]
1542780333219;[171, 0, 17, 255, 161, 74, 234, 226, 23, 0, 0, 126, 1, 0, 181, 1, 0, 99, 2, 145]
1542780333223;[171, 0, 17, 255, 161, 74, 234, 226, 23, 0, 0, 129, 1, 0, 182, 1, 0, 101, 2, 120]
1542780333391;[171, 0, 17, 255, 161, 74, 234, 226, 23, 0, 0, 130, 1, 0, 183, 1, 0, 99, 2, 128]
1542780333395;[171, 0, 17, 255, 161, 74, 234, 226, 23, 0, 0, 130, 1, 0, 180, 1, 0, 97, 2, 129]
1542780333564;[171, 0, 17, 255, 161, 74, 234, 226, 23, 0, 0, 129, 1, 0, 181, 1, 0, 98, 2, 114]
1542780333738;[171, 0, 4, 255, 132, 128, 101]
1542780333742;[171, 0, 17, 255, 161, 74, 234, 226, 23, 0, 0, 129, 1, 0, 180, 1, 0, 98, 2, 89]
1542780333908;[171, 0, 17, 255, 161, 74, 234, 226, 24, 0, 0, 126, 1, 0, 180, 1, 0, 98, 2, 54]
1542780333911;[171, 0, 17, 255, 161, 74, 234, 226, 24, 0, 0, 130, 1, 0, 181, 1, 0, 98, 2, 35]
1542780334254;[171, 0, 17, 255, 161, 74, 234, 226, 24, 0, 0, 128, 1, 0, 180, 1, 0, 99, 2, 48]
1542780334258;[171, 0, 17, 255, 161, 74, 234, 226, 24, 0, 0, 129, 1, 0, 180, 1, 0, 97, 2, 63]
1542780334262;[171, 0, 17, 255, 161, 74, 234, 226, 24, 0, 0, 128, 1, 0, 181, 1, 0, 98, 2, 71]
1542780334427;[171, 0, 17, 255, 161, 74, 234, 226, 24, 0, 0, 129, 1, 0, 180, 1, 0, 99, 2, 66]
1542780334431;[171, 0, 17, 255, 161, 74, 234, 226, 24, 0, 0, 127, 1, 0, 181, 1, 0, 99, 2, 63]
1542780334599;[171, 0, 17, 255, 161, 74, 234, 226, 24, 0, 0, 130, 1, 0, 181, 1, 0, 99, 2, 61]
1542780334603;[171, 0, 17, 255, 161, 74, 234, 226, 24, 0, 0, 128, 1, 0, 180, 1, 0, 98, 2, 80]
1542780334771;[171, 0, 4, 255, 132, 128, 101]
1542780334775;[171, 0, 17, 255, 161, 74, 234, 226, 24, 0, 0, 127, 1, 0, 179, 1, 0, 98, 2, 122]
1542780334943;[171, 0, 17, 255, 161, 74, 234, 226, 25, 0, 0, 127, 1, 0, 180, 1, 0, 99, 2, 133]
1542780335116;[171, 0, 17, 255, 161, 74, 234, 226, 25, 0, 0, 128, 1, 0, 181, 1, 0, 100, 2, 140]
1542780335121;[171, 0, 17, 255, 161, 74, 234, 226, 25, 0, 0, 126, 1, 0, 179, 1, 0, 98, 2, 141]
1542780335289;[171, 0, 17, 255, 161, 74, 234, 226, 25, 0, 0, 127, 1, 0, 182, 1, 0, 99, 2, 146]
1542780335292;[171, 0, 17, 255, 161, 74, 234, 226, 25, 0, 0, 128, 1, 0, 179, 1, 0, 97, 2, 158]
1542780335634;[171, 0, 17, 255, 161, 74, 234, 226, 25, 0, 0, 127, 1, 0, 182, 1, 0, 100, 2, 219]
1542780335638;[171, 0, 17, 255, 161, 74, 234, 226, 25, 0, 0, 129, 1, 0, 180, 1, 0, 96, 2, 245]
1542780335642;[171, 0, 17, 255, 161, 74, 234, 226, 25, 0, 0, 131, 1, 0, 180, 1, 0, 99, 3, 5]
1542780335806;[171, 0, 17, 255, 161, 74, 234, 226, 25, 0, 0, 131, 1, 0, 181, 1, 0, 99, 3, 15]
1542780335810;[171, 0, 4, 255, 132, 128, 100]
1542780335979;[171, 0, 17, 255, 161, 74, 234, 226, 25, 0, 0, 128, 1, 0, 180, 1, 0, 98, 3, 18]
1542780335983;[171, 0, 17, 255, 161, 74, 234, 226, 26, 0, 0, 129, 1, 0, 182, 1, 0, 97, 3, 19]
1542780336151;[171, 0, 17, 255, 161, 74, 234, 226, 26, 0, 0, 128, 1, 0, 181, 1, 0, 99, 3, 72]
1542780336324;[171, 0, 17, 255, 161, 74, 234, 226, 26, 0, 0, 130, 1, 0, 182, 1, 0, 99, 3, 86]
1542780336328;[171, 0, 17, 255, 161, 74, 234, 226, 26, 0, 0, 129, 1, 0, 180, 1, 0, 100, 3, 84]
1542780336497;[171, 0, 17, 255, 161, 74, 234, 226, 26, 0, 0, 127, 1, 0, 180, 1, 0, 98, 3, 82]
1542780336500;[171, 0, 17, 255, 161, 74, 234, 226, 26, 0, 0, 126, 1, 0, 180, 1, 0, 97, 3, 75]
1542780336842;[171, 0, 17, 255, 161, 74, 234, 226, 26, 0, 0, 126, 1, 0, 182, 1, 0, 99, 3, 61]
1542780336846;[171, 0, 17, 255, 161, 74, 234, 226, 26, 0, 0, 130, 1, 0, 179, 1, 0, 98, 3, 106]
1542780336850;[171, 0, 17, 255, 161, 74, 234, 226, 26, 0, 0, 126, 1, 0, 181, 1, 0, 98, 3, 129]
1542780337015;[171, 0, 4, 255, 132, 128, 100]
1542780337019;[171, 0, 17, 255, 161, 74, 234, 226, 26, 0, 0, 128, 1, 0, 180, 1, 0, 99, 3, 127]
1542780337186;[171, 0, 17, 255, 161, 74, 234, 226, 27, 0, 0, 129, 1, 0, 182, 1, 0, 99, 3, 131]
1542780337190;[171, 0, 17, 255, 161, 74, 234, 226, 27, 0, 0, 127, 1, 0, 181, 1, 0, 99, 3, 122]
1542780337359;[171, 0, 17, 255, 161, 74, 234, 226, 27, 0, 0, 129, 1, 0, 180, 1, 0, 99, 3, 124]
1542780337532;[171, 0, 17, 255, 161, 74, 234, 226, 27, 0, 0, 128, 1, 0, 182, 1, 0, 99, 3, 187]
1542780337535;[171, 0, 17, 255, 161, 74, 234, 226, 27, 0, 0, 129, 1, 0, 180, 1, 0, 99, 3, 206]
1542780337704;[171, 0, 17, 255, 161, 74, 234, 226, 27, 0, 0, 127, 1, 0, 181, 1, 0, 100, 3, 205]
1542780337708;[171, 0, 17, 255, 161, 74, 234, 226, 27, 0, 0, 128, 1, 0, 182, 1, 0, 97, 3, 203]
1542780337876;[171, 0, 17, 255, 161, 74, 234, 226, 27, 0, 0, 125, 1, 0, 182, 1, 0, 99, 3, 199]
1542780337880;[171, 0, 17, 255, 161, 74, 234, 226, 27, 0, 0, 128, 1, 0, 181, 1, 0, 99, 3, 231]
1542780338221;[171, 0, 4, 255, 132, 128, 100]
1542780338226;[171, 0, 17, 255, 161, 74, 234, 226, 27, 0, 0, 128, 1, 0, 179, 1, 0, 99, 4, 32]
1542780338230;[171, 0, 17, 255, 161, 74, 234, 226, 28, 0, 0, 129, 1, 0, 183, 1, 0, 99, 4, 30]
1542780338394;[171, 0, 17, 255, 161, 74, 234, 226, 28, 0, 0, 128, 1, 0, 181, 1, 0, 99, 4, 20]
1542780338397;[171, 0, 17, 255, 161, 74, 234, 226, 28, 0, 0, 126, 1, 0, 181, 1, 0, 100, 4, 26]
1542780338566;[171, 0, 17, 255, 161, 74, 234, 226, 28, 0, 0, 129, 1, 0, 180, 1, 0, 96, 4, 40]
1542780338570;[171, 0, 17, 255, 161, 74, 234, 226, 28, 0, 0, 126, 1, 0, 182, 1, 0, 98, 4, 104]
1542780338738;[171, 0, 17, 255, 161, 74, 234, 226, 28, 0, 0, 129, 1, 0, 180, 1, 0, 98, 4, 153]
1542780338913;[171, 0, 17, 255, 161, 74, 234, 226, 28, 0, 0, 122, 1, 0, 207, 1, 0, 102, 4, 186]
1542780338916;[171, 0, 17, 255, 161, 74, 234, 226, 28, 0, 0, 135, 1, 0, 160, 1, 0, 92, 4, 182]
1542780339082;[171, 0, 17, 255, 161, 74, 234, 226, 28, 0, 0, 129, 1, 0, 176, 1, 0, 97, 4, 189]
1542780339085;[171, 0, 4, 255, 132, 128, 100]
1542780339430;[171, 0, 17, 255, 161, 74, 234, 226, 28, 0, 0, 131, 1, 0, 182, 1, 0, 97, 4, 219]
1542780339434;[171, 0, 17, 255, 161, 74, 234, 226, 29, 0, 0, 122, 1, 0, 200, 1, 0, 101, 5, 26]
1542780339438;[171, 0, 17, 255, 161, 74, 234, 226, 29, 0, 0, 133, 1, 0, 167, 1, 0, 99, 5, 71]
1542780339602;[171, 0, 17, 255, 161, 74, 234, 226, 29, 0, 0, 127, 1, 0, 185, 1, 0, 100, 5, 80]
1542780339606;[171, 0, 17, 255, 161, 74, 234, 226, 29, 0, 0, 131, 1, 0, 176, 1, 0, 98, 5, 97]
1542780339774;[171, 0, 17, 255, 161, 74, 234, 226, 29, 0, 0, 122, 1, 0, 200, 1, 0, 103, 5, 107]
1542780339778;[171, 0, 17, 255, 161, 74, 234, 226, 29, 0, 0, 136, 1, 0, 163, 1, 0, 94, 5, 121]
1542780339946;[171, 0, 17, 255, 161, 74, 234, 226, 29, 0, 0, 131, 1, 0, 175, 1, 0, 99, 5, 146]
1542780340118;[171, 0, 17, 255, 161, 74, 234, 226, 29, 0, 0, 127, 1, 0, 199, 1, 0, 103, 5, 171]
1542780340122;[171, 0, 17, 255, 161, 74, 234, 226, 29, 0, 0, 133, 1, 0, 175, 1, 0, 99, 5, 148]
1542780340290;[171, 0, 4, 255, 132, 128, 100]
1542780340294;[171, 0, 17, 255, 161, 74, 234, 226, 29, 0, 0, 131, 1, 0, 171, 1, 0, 101, 5, 156]
1542780340810;[171, 0, 17, 255, 161, 74, 234, 226, 30, 0, 0, 128, 1, 0, 179, 1, 0, 98, 5, 159]
1542780340814;[171, 0, 17, 255, 161, 74, 234, 226, 30, 0, 0, 135, 1, 0, 173, 1, 0, 99, 5, 218]
1542780340818;[171, 0, 17, 255, 161, 74, 234, 226, 30, 0, 0, 131, 1, 0, 178, 1, 0, 98, 5, 226]
1542780340822;[171, 0, 17, 255, 161, 74, 234, 226, 30, 0, 0, 134, 1, 0, 173, 1, 0, 99, 5, 231]
1542780340981;[171, 0, 17, 255, 161, 74, 234, 226, 30, 0, 0, 118, 1, 0, 206, 1, 0, 103, 5, 250]
1542780340986;[171, 0, 17, 255, 161, 74, 234, 226, 30, 0, 0, 134, 1, 0, 170, 1, 0, 97, 5, 242]
1542780340989;[171, 0, 17, 255, 161, 74, 234, 226, 30, 0, 0, 133, 1, 0, 174, 1, 0, 100, 6, 10]
1542780341153;[171, 0, 17, 255, 161, 74, 234, 226, 30, 0, 0, 133, 1, 0, 174, 1, 0, 100, 6, 40]
1542780341327;[171, 0, 17, 255, 161, 74, 234, 226, 30, 0, 0, 124, 1, 0, 190, 1, 0, 97, 6, 49]
1542780341331;[171, 0, 4, 255, 132, 128, 100]
1542780341498;[171, 0, 17, 255, 161, 74, 234, 226, 30, 0, 0, 136, 1, 0, 169, 1, 0, 100, 6, 66]
1542780341503;[171, 0, 17, 255, 161, 74, 234, 226, 31, 0, 0, 125, 1, 0, 186, 1, 0, 99, 6, 59]
1542780341671;[171, 0, 17, 255, 161, 74, 234, 226, 31, 0, 0, 134, 1, 0, 172, 1, 0, 96, 6, 42]
1542780341675;[171, 0, 17, 255, 161, 74, 234, 226, 31, 0, 0, 123, 1, 0, 195, 1, 0, 100, 6, 86]
1542780342017;[171, 0, 17, 255, 161, 74, 234, 226, 31, 0, 0, 135, 1, 0, 171, 1, 0, 99, 6, 109]
1542780342021;[171, 0, 17, 255, 161, 74, 234, 226, 31, 0, 0, 127, 1, 0, 177, 1, 0, 101, 6, 105]
1542780342025;[171, 0, 17, 255, 161, 74, 234, 226, 31, 0, 0, 126, 1, 0, 185, 1, 0, 100, 6, 135]
1542780342189;[171, 0, 17, 255, 161, 74, 234, 226, 31, 0, 0, 130, 1, 0, 191, 1, 0, 108, 6, 70]
1542780342193;[171, 0, 17, 255, 161, 74, 234, 226, 31, 0, 0, 136, 1, 0, 163, 1, 0, 97, 5, 203]
1542780342362;[171, 0, 17, 255, 161, 74, 234, 226, 31, 0, 0, 118, 1, 0, 198, 1, 0, 101, 6, 40]
1542780342533;[171, 0, 4, 255, 132, 128, 100]
1542780342537;[171, 0, 17, 255, 161, 74, 234, 226, 31, 0, 0, 127, 1, 0, 215, 1, 0, 116, 6, 74]
1542780342706;[171, 0, 17, 255, 161, 74, 234, 226, 32, 0, 0, 135, 1, 0, 166, 1, 0, 95, 6, 42]
1542780342710;[171, 0, 17, 255, 161, 74, 234, 226, 32, 0, 0, 132, 1, 0, 171, 1, 0, 109, 6, 6]
1542780342879;[171, 0, 17, 255, 161, 74, 234, 226, 32, 0, 0, 135, 1, 0, 179, 1, 0, 96, 5, 211]
1542780342883;[171, 0, 17, 255, 161, 74, 234, 226, 32, 0, 0, 127, 1, 0, 197, 1, 0, 101, 5, 178]
1542780343224;[171, 0, 17, 255, 161, 74, 234, 226, 32, 0, 0, 130, 1, 0, 174, 1, 0, 101, 4, 220]
1542780343228;[171, 0, 17, 255, 161, 74, 234, 226, 32, 0, 0, 125, 1, 0, 186, 1, 0, 102, 4, 39]
1542780343232;[171, 0, 17, 255, 161, 74, 234, 226, 32, 0, 0, 123, 1, 0, 174, 1, 0, 94, 4, 2]
1542780343396;[171, 0, 17, 255, 161, 74, 234, 226, 32, 0, 0, 125, 1, 0, 178, 1, 0, 97, 3, 248]
1542780343400;[171, 0, 17, 255, 161, 74, 234, 226, 32, 0, 0, 112, 1, 0, 186, 1, 0, 100, 4, 0]
1542780343569;[171, 0, 4, 255, 132, 128, 100]
1542780343573;[171, 0, 17, 255, 161, 74, 234, 226, 32, 0, 0, 119, 1, 0, 193, 1, 0, 89, 4, 20]
1542780343742;[171, 0, 17, 255, 161, 74, 234, 226, 33, 0, 0, 115, 1, 0, 191, 1, 0, 88, 4, 67]
1542780343913;[171, 0, 17, 255, 161, 74, 234, 226, 33, 0, 0, 115, 1, 0, 198, 1, 0, 82, 4, 117]
1542780343917;[171, 0, 17, 255, 161, 74, 234, 226, 33, 0, 0, 110, 1, 0, 200, 1, 0, 74, 4, 161]
1542780344087;[171, 0, 17, 255, 161, 74, 234, 226, 33, 0, 0, 103, 1, 0, 207, 1, 0, 70, 4, 225]
1542780344092;[171, 0, 17, 255, 161, 74, 234, 226, 33, 0, 0, 114, 1, 0, 200, 1, 0, 76, 5, 17]
1542780344258;[171, 0, 17, 255, 161, 74, 234, 226, 33, 0, 0, 97, 1, 0, 217, 1, 0, 73, 4, 251]
1542780344605;[171, 0, 17, 255, 161, 74, 234, 226, 33, 0, 0, 123, 1, 0, 197, 1, 0, 71, 4, 128]
1542780344609;[171, 0, 17, 255, 161, 74, 234, 226, 33, 0, 0, 78, 1, 0, 214, 1, 0, 86, 3, 251]
1542780344613;[171, 0, 17, 255, 161, 74, 234, 226, 33, 0, 0, 109, 1, 0, 197, 1, 0, 80, 3, 206]
1542780344617;[171, 0, 4, 255, 132, 128, 100]
1542780344777;[171, 0, 17, 255, 161, 74, 234, 226, 33, 0, 0, 92, 1, 0, 219, 1, 0, 70, 3, 176]
1542780344781;[171, 0, 17, 255, 161, 74, 234, 226, 34, 0, 0, 106, 1, 0, 208, 1, 0, 66, 3, 183]
1542780344949;[171, 0, 17, 255, 161, 74, 234, 226, 34, 0, 0, 100, 1, 0, 210, 1, 0, 74, 3, 203]
1542780345122;[171, 0, 17, 255, 161, 74, 234, 226, 34, 0, 0, 105, 1, 0, 209, 1, 0, 70, 3, 255]
1542780345125;[171, 0, 17, 255, 161, 74, 234, 226, 34, 0, 0, 103, 1, 0, 212, 1, 0, 71, 4, 26]
1542780345294;[171, 0, 17, 255, 161, 74, 234, 226, 34, 0, 0, 104, 1, 0, 204, 1, 0, 72, 4, 54]
1542780345298;[171, 0, 17, 255, 161, 74, 234, 226, 34, 0, 0, 105, 1, 0, 207, 1, 0, 74, 4, 79]
1542780345467;[171, 0, 17, 255, 161, 74, 234, 226, 34, 0, 0, 105, 1, 0, 208, 1, 0, 71, 4, 93]
1542780345471;[171, 0, 17, 255, 161, 74, 234, 226, 34, 0, 0, 108, 1, 0, 205, 1, 0, 75, 4, 92]
1542780345812;[171, 0, 17, 255, 161, 74, 234, 226, 34, 0, 0, 105, 1, 0, 206, 1, 0, 79, 4, 145]
1542780345816;[171, 0, 4, 255, 132, 128, 101]
1542780345820;[171, 0, 17, 255, 161, 74, 234, 226, 34, 0, 0, 108, 1, 0, 203, 1, 0, 70, 4, 196]
1542780345984;[171, 0, 17, 255, 161, 74, 234, 226, 35, 0, 0, 108, 1, 0, 202, 1, 0, 82, 4, 227]
1542780345988;[171, 0, 17, 255, 161, 74, 234, 226, 35, 0, 0, 107, 1, 0, 203, 1, 0, 74, 5, 9]
1542780346156;[171, 0, 17, 255, 161, 74, 234, 226, 35, 0, 0, 110, 1, 0, 201, 1, 0, 83, 5, 52]
1542780346329;[171, 0, 17, 255, 161, 74, 234, 226, 35, 0, 0, 108, 1, 0, 198, 1, 0, 81, 5, 90]
1542780346334;[171, 0, 17, 255, 161, 74, 234, 226, 35, 0, 0, 112, 1, 0, 202, 1, 0, 85, 5, 139]
1542780346502;[171, 0, 17, 255, 161, 74, 234, 226, 35, 0, 0, 107, 1, 0, 206, 1, 0, 80, 5, 204]
1542780346506;[171, 0, 17, 255, 161, 74, 234, 226, 35, 0, 0, 111, 1, 0, 198, 1, 0, 83, 5, 252]
1542780346674;[171, 0, 17, 255, 161, 74, 234, 226, 35, 0, 0, 110, 1, 0, 202, 1, 0, 80, 6, 52]
1542780346678;[171, 0, 17, 255, 161, 74, 234, 226, 35, 0, 0, 112, 1, 0, 198, 1, 0, 83, 6, 98]
1542780347192;[171, 0, 4, 255, 132, 128, 100]
1542780347196;[171, 0, 17, 255, 161, 74, 234, 226, 35, 0, 0, 111, 1, 0, 199, 1, 0, 86, 6, 138]
1542780347200;[171, 0, 17, 255, 161, 74, 234, 226, 36, 0, 0, 107, 1, 0, 204, 1, 0, 86, 6, 175]
1542780347204;[171, 0, 17, 255, 161, 74, 234, 226, 36, 0, 0, 113, 1, 0, 200, 1, 0, 87, 6, 253]
1542780347364;[171, 0, 17, 255, 161, 74, 234, 226, 36, 0, 0, 110, 1, 0, 198, 1, 0, 87, 7, 54]
1542780347368;[171, 0, 17, 255, 161, 74, 234, 226, 36, 0, 0, 110, 1, 0, 200, 1, 0, 83, 7, 105]
1542780347372;[171, 0, 17, 255, 161, 74, 234, 226, 36, 0, 0, 112, 1, 0, 196, 1, 0, 88, 7, 150]
1542780347536;[171, 0, 17, 255, 161, 74, 234, 226, 36, 0, 0, 113, 1, 0, 195, 1, 0, 87, 7, 196]
1542780347709;[171, 0, 17, 255, 161, 74, 234, 226, 36, 0, 0, 113, 1, 0, 197, 1, 0, 87, 7, 196]
1542780347713;[171, 0, 17, 255, 161, 74, 234, 226, 36, 0, 0, 110, 1, 0, 196, 1, 0, 90, 7, 248]
1542780347881;[171, 0, 17, 255, 161, 74, 234, 226, 38, 0, 0, 119, 1, 0, 159, 1, 0, 107, 11, 131]
1542780348401;[171, 0, 17, 255, 161, 74, 234, 226, 39, 0, 0, 127, 1, 0, 197, 1, 0, 109, 11, 90]
1542780348406;[171, 0, 17, 255, 161, 74, 234, 226, 39, 0, 0, 125, 1, 0, 174, 1, 0, 107, 9, 235]
1542780348409;[171, 0, 17, 255, 161, 74, 234, 226, 39, 0, 0, 128, 1, 0, 186, 1, 0, 100, 7, 223]
1542780348414;[171, 0, 17, 255, 161, 74, 234, 226, 39, 0, 0, 124, 1, 0, 198, 1, 0, 109, 6, 5]
1542780348572;[171, 0, 17, 255, 161, 74, 234, 226, 39, 0, 0, 135, 1, 0, 170, 1, 0, 101, 4, 89]
1542780348575;[171, 0, 17, 255, 161, 74, 234, 226, 39, 0, 0, 131, 1, 0, 179, 1, 0, 102, 4, 89]
1542780348744;[171, 0, 17, 255, 161, 74, 234, 226, 39, 0, 0, 134, 1, 0, 175, 1, 0, 103, 4, 89]
1542780348918;[171, 0, 17, 255, 161, 74, 234, 226, 39, 0, 0, 132, 1, 0, 176, 1, 0, 102, 3, 142]
1542780348921;[171, 0, 17, 255, 161, 74, 234, 226, 39, 0, 0, 135, 1, 0, 177, 1, 0, 102, 2, 223]
1542780349089;[171, 0, 4, 255, 132, 128, 99]
1542780349093;[171, 0, 17, 255, 161, 74, 234, 226, 39, 0, 0, 132, 1, 0, 175, 1, 0, 101, 2, 49]
1542780349261;[171, 0, 17, 255, 161, 74, 234, 226, 40, 0, 0, 132, 1, 0, 176, 1, 0, 100, 1, 154]
1542780349780;[171, 0, 17, 255, 161, 74, 234, 226, 40, 0, 0, 135, 1, 0, 176, 1, 0, 101, 1, 21]
1542780349784;[171, 0, 17, 255, 161, 74, 234, 226, 40, 0, 0, 132, 1, 0, 174, 1, 0, 103, 16, 140]
1542780349789;[171, 0, 17, 255, 161, 74, 234, 226, 40, 0, 0, 135, 1, 0, 176, 1, 0, 102, 7, 63]
1542780349794;[171, 0, 17, 255, 161, 74, 234, 226, 40, 0, 0, 132, 1, 0, 176, 1, 0, 101, 6, 173]
1542780349950;[171, 0, 17, 255, 161, 74, 234, 226, 40, 0, 0, 136, 1, 0, 176, 1, 0, 98, 6, 25]
1542780349953;[171, 0, 17, 255, 161, 74, 234, 226, 40, 0, 0, 132, 1, 0, 177, 1, 0, 98, 5, 146]
1542780349956;[171, 0, 17, 255, 161, 74, 234, 226, 40, 0, 0, 134, 1, 0, 178, 1, 0, 98, 5, 36]
1542780350124;[171, 0, 17, 255, 161, 74, 234, 226, 40, 0, 0, 136, 1, 0, 175, 1, 0, 97, 4, 159]
1542780350127;[171, 0, 4, 255, 132, 128, 99]
1542780350295;[171, 0, 17, 255, 161, 74, 234, 226, 40, 0, 0, 129, 1, 0, 179, 1, 0, 98, 4, 21]
1542780350299;[171, 0, 17, 255, 161, 74, 234, 226, 41, 0, 0, 129, 1, 0, 187, 1, 0, 99, 3, 122]
1542780350469;[171, 0, 17, 255, 161, 74, 234, 226, 41, 0, 0, 134, 1, 0, 177, 1, 0, 87, 2, 231]
1542780350473;[171, 0, 17, 255, 161, 74, 234, 226, 41, 0, 0, 137, 1, 0, 190, 1, 0, 73, 2, 123]
1542780350642;[171, 0, 17, 255, 161, 74, 234, 226, 41, 0, 0, 138, 1, 0, 183, 1, 0, 69, 2, 123]
1542780350988;[171, 0, 17, 255, 161, 74, 234, 226, 41, 0, 0, 123, 1, 0, 193, 1, 0, 88, 2, 120]
1542780350992;[171, 0, 17, 255, 161, 74, 234, 226, 41, 0, 0, 129, 1, 0, 186, 1, 0, 82, 2, 129]
1542780350996;[171, 0, 17, 255, 161, 74, 234, 226, 41, 0, 0, 124, 1, 0, 181, 1, 0, 97, 2, 112]
1542780351000;[171, 0, 17, 255, 161, 74, 234, 226, 41, 0, 0, 143, 1, 0, 182, 1, 0, 92, 2, 102]
1542780351158;[171, 0, 17, 255, 161, 74, 234, 226, 41, 0, 0, 143, 1, 0, 186, 1, 0, 86, 2, 109]
1542780351331;[171, 0, 4, 255, 132, 128, 98]
1542780351335;[171, 0, 17, 255, 161, 74, 234, 226, 41, 0, 0, 132, 1, 0, 180, 1, 0, 92, 2, 105]
1542780351504;[171, 0, 17, 255, 161, 74, 234, 226, 42, 0, 0, 133, 1, 0, 174, 1, 0, 102, 2, 98]
1542780351507;[171, 0, 17, 255, 161, 74, 234, 226, 42, 0, 0, 134, 1, 0, 175, 1, 0, 95, 2, 99]
1542780351677;[171, 0, 17, 255, 161, 74, 234, 226, 42, 0, 0, 134, 1, 0, 179, 1, 0, 100, 2, 59]
1542780351680;[171, 0, 17, 255, 161, 74, 234, 226, 42, 0, 0, 134, 1, 0, 179, 1, 0, 93, 2, 16]
1542780351849;[171, 0, 17, 255, 161, 74, 234, 226, 42, 0, 0, 135, 1, 0, 183, 1, 0, 91, 1, 229]
1542780352196;[171, 0, 17, 255, 161, 74, 234, 226, 42, 0, 0, 133, 1, 0, 183, 1, 0, 90, 1, 187]
1542780352200;[171, 0, 17, 255, 161, 74, 234, 226, 42, 0, 0, 132, 1, 0, 182, 1, 0, 94, 1, 157]
1542780352204;[171, 0, 17, 255, 161, 74, 234, 226, 42, 0, 0, 132, 1, 0, 181, 1, 0, 91, 1, 130]
1542780352208;[171, 0, 17, 255, 161, 74, 234, 226, 42, 0, 0, 132, 1, 0, 180, 1, 0, 92, 1, 114]
1542780352366;[171, 0, 4, 255, 132, 128, 98]
1542780352370;[171, 0, 17, 255, 161, 74, 234, 226, 42, 0, 0, 134, 1, 0, 177, 1, 0, 97, 1, 138]
1542780352539;[171, 0, 17, 255, 161, 74, 234, 226, 43, 0, 0, 133, 1, 0, 181, 1, 0, 97, 1, 131]
1542780352712;[171, 0, 17, 255, 161, 74, 234, 226, 43, 0, 0, 133, 1, 0, 180, 1, 0, 94, 1, 101]
1542780352716;[171, 0, 17, 255, 161, 74, 234, 226, 43, 0, 0, 135, 1, 0, 181, 1, 0, 92, 1, 82]
1542780352884;[171, 0, 17, 255, 161, 74, 234, 226, 43, 0, 0, 135, 1, 0, 182, 1, 0, 92, 1, 48]
1542780352888;[171, 0, 17, 255, 161, 74, 234, 226, 43, 0, 0, 134, 1, 0, 180, 1, 0, 93, 1, 35]
1542780353056;[171, 0, 17, 255, 161, 74, 234, 226, 43, 0, 0, 132, 1, 0, 178, 1, 0, 92, 1, 68]
1542780353229;[171, 0, 17, 255, 161, 74, 234, 226, 43, 0, 0, 133, 1, 0, 178, 1, 0, 95, 1, 81]
1542780353232;[171, 0, 17, 255, 161, 74, 234, 226, 43, 0, 0, 134, 1, 0, 182, 1, 0, 95, 1, 74]
1542780353576;[171, 0, 17, 255, 161, 74, 234, 226, 43, 0, 0, 134, 1, 0, 181, 1, 0, 92, 1, 67]
1542780353580;[171, 0, 4, 255, 132, 128, 97]
1542780353584;[171, 0, 17, 255, 161, 74, 234, 226, 43, 0, 0, 133, 1, 0, 181, 1, 0, 92, 1, 50]
1542780353588;[171, 0, 17, 255, 161, 74, 234, 226, 44, 0, 0, 134, 1, 0, 182, 1, 0, 93, 1, 87]
1542780353746;[171, 0, 17, 255, 161, 74, 234, 226, 44, 0, 0, 133, 1, 0, 180, 1, 0, 94, 1, 119]
1542780353918;[171, 0, 17, 255, 161, 74, 234, 226, 44, 0, 0, 135, 1, 0, 182, 1, 0, 92, 1, 132]
1542780353922;[171, 0, 17, 255, 161, 74, 234, 226, 44, 0, 0, 133, 1, 0, 181, 1, 0, 94, 1, 129]
1542780354091;[171, 0, 17, 255, 161, 74, 234, 226, 44, 0, 0, 134, 1, 0, 177, 1, 0, 95, 1, 122]
1542780354095;[171, 0, 17, 255, 161, 74, 234, 226, 44, 0, 0, 130, 1, 0, 183, 1, 0, 91, 1, 109]
1542780354263;[171, 0, 17, 255, 161, 74, 234, 226, 44, 0, 0, 134, 1, 0, 183, 1, 0, 92, 1, 157]
1542780354267;[171, 0, 17, 255, 161, 74, 234, 226, 44, 0, 0, 135, 1, 0, 178, 1, 0, 91, 1, 175]
1542780354436;[171, 0, 17, 255, 161, 74, 234, 226, 44, 0, 0, 133, 1, 0, 180, 1, 0, 89, 1, 178]
1542780354782;[171, 0, 4, 255, 132, 128, 97]
1542780354786;[171, 0, 17, 255, 161, 74, 234, 226, 44, 0, 0, 134, 1, 0, 181, 1, 0, 92, 1, 186]
1542780354790;[171, 0, 17, 255, 161, 74, 234, 226, 45, 0, 0, 133, 1, 0, 183, 1, 0, 92, 1, 176]
1542780354794;[171, 0, 17, 255, 161, 74, 234, 226, 45, 0, 0, 133, 1, 0, 179, 1, 0, 93, 1, 161]
1542780354954;[171, 0, 17, 255, 161, 74, 234, 226, 45, 0, 0, 134, 1, 0, 179, 1, 0, 96, 1, 157]
1542780355126;[171, 0, 17, 255, 161, 74, 234, 226, 45, 0, 0, 133, 1, 0, 180, 1, 0, 94, 1, 194]
1542780355132;[171, 0, 17, 255, 161, 74, 234, 226, 45, 0, 0, 133, 1, 0, 183, 1, 0, 95, 1, 190]
1542780355297;[171, 0, 17, 255, 161, 74, 234, 226, 45, 0, 0, 132, 1, 0, 181, 1, 0, 95, 1, 171]
1542780355301;[171, 0, 17, 255, 161, 74, 234, 226, 45, 0, 0, 134, 1, 0, 179, 1, 0, 95, 1, 146]
1542780355471;[171, 0, 17, 255, 161, 74, 234, 226, 45, 0, 0, 135, 1, 0, 180, 1, 0, 95, 1, 118]
1542780355475;[171, 0, 17, 255, 161, 74, 234, 226, 45, 0, 0, 133, 1, 0, 179, 1, 0, 93, 1, 79]
1542780355644;[171, 0, 4, 255, 132, 128, 97]
1542780356163;[171, 0, 17, 255, 161, 74, 234, 226, 45, 0, 0, 133, 1, 0, 178, 1, 0, 94, 1, 56]
1542780356168;[171, 0, 17, 255, 161, 74, 234, 226, 46, 0, 0, 134, 1, 0, 179, 1, 0, 93, 1, 51]
1542780356172;[171, 0, 17, 255, 161, 74, 234, 226, 46, 0, 0, 132, 1, 0, 179, 1, 0, 95, 1, 23]
1542780356175;[171, 0, 17, 255, 161, 74, 234, 226, 46, 0, 0, 136, 1, 0, 180, 1, 0, 96, 0, 248]
1542780356334;[171, 0, 17, 255, 161, 74, 234, 226, 46, 0, 0, 133, 1, 0, 181, 1, 0, 95, 0, 225]
1542780356338;[171, 0, 17, 255, 161, 74, 234, 226, 46, 0, 0, 131, 1, 0, 181, 1, 0, 96, 16, 183]
1542780356342;[171, 0, 17, 255, 161, 74, 234, 226, 46, 0, 0, 133, 1, 0, 180, 1, 0, 95, 7, 179]
1542780356508;[171, 0, 17, 255, 161, 74, 234, 226, 46, 0, 0, 132, 1, 0, 178, 1, 0, 96, 7, 169]
1542780356512;[171, 0, 17, 255, 161, 74, 234, 226, 46, 0, 0, 135, 1, 0, 177, 1, 0, 95, 7, 161]
1542780356679;[171, 0, 17, 255, 161, 74, 234, 226, 46, 0, 0, 133, 1, 0, 179, 1, 0, 95, 7, 132]
1542780356683;[171, 0, 4, 255, 132, 128, 97]
1542780356851;[171, 0, 17, 255, 161, 74, 234, 226, 46, 0, 0, 135, 1, 0, 179, 1, 0, 94, 7, 114]
1542780357024;[171, 0, 17, 255, 161, 74, 234, 226, 47, 0, 0, 133, 1, 0, 182, 1, 0, 96, 7, 82]
1542780357028;[171, 0, 17, 255, 161, 74, 234, 226, 47, 0, 0, 136, 1, 0, 180, 1, 0, 94, 7, 52]
1542780357371;[171, 0, 17, 255, 161, 74, 234, 226, 47, 0, 0, 132, 1, 0, 177, 1, 0, 95, 7, 23]
1542780357375;[171, 0, 17, 255, 161, 74, 234, 226, 47, 0, 0, 133, 1, 0, 182, 1, 0, 93, 7, 19]
1542780357379;[171, 0, 17, 255, 161, 74, 234, 226, 47, 0, 0, 132, 1, 0, 179, 1, 0, 94, 7, 9]
1542780357383;[171, 0, 17, 255, 161, 74, 234, 226, 47, 0, 0, 133, 1, 0, 182, 1, 0, 97, 6, 243]
1542780357541;[171, 0, 17, 255, 161, 74, 234, 226, 47, 0, 0, 132, 1, 0, 180, 1, 0, 94, 6, 228]
1542780357714;[171, 0, 17, 255, 161, 74, 234, 226, 47, 0, 0, 133, 1, 0, 180, 1, 0, 95, 6, 196]
1542780357717;[171, 0, 17, 255, 161, 74, 234, 226, 47, 0, 0, 131, 1, 0, 181, 1, 0, 94, 6, 175]
1542780357887;[171, 0, 4, 255, 132, 128, 96]
1542780357890;[171, 0, 17, 255, 161, 74, 234, 226, 47, 0, 0, 134, 1, 0, 181, 1, 0, 96, 6, 159]
1542780358059;[171, 0, 17, 255, 161, 74, 234, 226, 48, 0, 0, 134, 1, 0, 177, 1, 0, 94, 6, 159]
1542780358231;[171, 0, 17, 255, 161, 74, 234, 226, 48, 0, 0, 132, 1, 0, 179, 1, 0, 94, 6, 150]
1542780358235;[171, 0, 17, 255, 161, 74, 234, 226, 48, 0, 0, 132, 1, 0, 179, 1, 0, 95, 6, 120]
1542780358578;[171, 0, 17, 255, 161, 74, 234, 226, 48, 0, 0, 135, 1, 0, 179, 1, 0, 94, 6, 93]
1542780358582;[171, 0, 17, 255, 161, 74, 234, 226, 48, 0, 0, 131, 1, 0, 180, 1, 0, 96, 6, 69]
1542780358586;[171, 0, 17, 255, 161, 74, 234, 226, 48, 0, 0, 134, 1, 0, 179, 1, 0, 95, 6, 39]
1542780358590;[171, 0, 17, 255, 161, 74, 234, 226, 48, 0, 0, 134, 1, 0, 180, 1, 0, 94, 6, 4]
1542780358749;[171, 0, 17, 255, 161, 74, 234, 226, 48, 0, 0, 132, 1, 0, 180, 1, 0, 94, 6, 4]
1542780358921;[171, 0, 17, 255, 161, 74, 234, 226, 48, 0, 0, 129, 1, 0, 181, 1, 0, 95, 5, 244]
1542780358926;[171, 0, 4, 255, 132, 128, 96]
