1542804086513;[171, 0, 17, 255, 161, 74, 235, 75, 19, 0, 0, 65, 0, 0, 46, 1, 0, 239, 1, 130]
1542804086517;[171, 0, 17, 255, 161, 74, 235, 75, 19, 0, 0, 62, 0, 0, 47, 1, 0, 239, 1, 142]
1542804088677;[171, 0, 17, 255, 161, 74, 235, 75, 19, 0, 0, 63, 0, 0, 43, 1, 0, 239, 1, 146]
1542804088678;[171, 0, 17, 255, 161, 74, 235, 75, 19, 0, 0, 55, 0, 0, 49, 1, 0, 240, 1, 157]
1542804088680;[171, 0, 17, 255, 161, 74, 235, 75, 19, 0, 0, 57, 0, 0, 40, 1, 0, 240, 1, 170]
1542804088704;[171, 0, 17, 255, 161, 74, 235, 75, 19, 0, 0, 70, 0, 0, 26, 1, 0, 241, 2, 146]
1542804088706;[171, 0, 17, 255, 161, 74, 235, 75, 19, 0, 0, 69, 1, 0, 47, 1, 0, 240, 5, 128]
1542804088707;[171, 0, 17, 255, 161, 74, 235, 75, 19, 0, 0, 52, 0, 0, 3, 1, 0, 236, 5, 180]
1542804088770;[171, 0, 17, 255, 161, 74, 235, 75, 19, 0, 0, 45, 0, 0, 8, 1, 0, 232, 5, 207]
1542804088771;[171, 0, 4, 255, 132, 128, 97]
1542804088804;[171, 0, 17, 255, 161, 74, 235, 75, 20, 0, 0, 51, 0, 0, 15, 1, 0, 247, 5, 25]
1542804088805;[171, 0, 17, 255, 161, 74, 235, 75, 20, 0, 0, 53, 1, 0, 5, 1, 0, 243, 5, 203]
1542804088806;[171, 0, 17, 255, 161, 74, 235, 75, 20, 0, 0, 73, 1, 0, 9, 1, 0, 236, 5, 188]
1542804088812;[171, 0, 17, 255, 161, 74, 235, 75, 20, 0, 0, 106, 1, 0, 6, 1, 0, 228, 5, 253]
1542804088814;[171, 0, 17, 255, 161, 74, 235, 75, 20, 0, 0, 118, 1, 0, 14, 1, 0, 219, 6, 242]
1542804088820;[171, 0, 17, 255, 161, 74, 235, 75, 20, 0, 0, 142, 1, 0, 25, 1, 0, 207, 8, 105]
1542804088821;[171, 0, 17, 255, 161, 74, 235, 75, 20, 0, 0, 172, 1, 0, 34, 1, 0, 184, 8, 35]
1542804088822;[171, 0, 17, 255, 161, 74, 235, 75, 20, 0, 0, 177, 1, 0, 39, 1, 0, 168, 7, 104]
1542804088823;[171, 0, 17, 255, 161, 74, 235, 75, 20, 0, 0, 173, 1, 0, 33, 1, 0, 175, 7, 186]
1542804088849;[171, 0, 17, 255, 161, 74, 235, 75, 20, 0, 0, 173, 1, 0, 23, 1, 0, 175, 8, 83]
1542804088858;[171, 0, 4, 255, 132, 128, 97]
1542804088859;[171, 0, 17, 255, 161, 74, 235, 75, 21, 0, 0, 161, 1, 0, 16, 1, 0, 186, 8, 192]
1542804088881;[171, 0, 17, 255, 161, 74, 235, 75, 21, 0, 0, 151, 1, 0, 18, 1, 0, 197, 9, 82]
1542804088882;[171, 0, 17, 255, 161, 74, 235, 75, 21, 0, 0, 150, 1, 0, 17, 1, 0, 198, 10, 28]
1542804088883;[171, 0, 17, 255, 161, 74, 235, 75, 21, 0, 0, 149, 1, 0, 19, 1, 0, 198, 11, 0]
1542804089065;[171, 0, 17, 255, 161, 74, 235, 75, 21, 0, 0, 156, 1, 0, 15, 1, 0, 199, 11, 214]
1542804089237;[171, 0, 17, 255, 161, 74, 235, 75, 21, 0, 0, 156, 1, 0, 13, 1, 0, 195, 11, 214]
1542804089241;[171, 0, 17, 255, 161, 74, 235, 75, 21, 0, 0, 160, 1, 0, 12, 1, 0, 195, 12, 123]
1542804089243;[171, 0, 17, 255, 161, 74, 235, 75, 21, 0, 0, 158, 1, 0, 9, 1, 0, 195, 13, 7]
1542804089413;[171, 0, 17, 255, 161, 74, 235, 75, 21, 0, 0, 161, 1, 0, 12, 1, 0, 194, 13, 105]
1542804089414;[171, 0, 17, 255, 161, 74, 235, 75, 21, 0, 0, 161, 1, 0, 8, 1, 0, 194, 13, 240]
1542804089415;[171, 0, 4, 255, 132, 128, 96]
1542804089584;[171, 0, 17, 255, 161, 74, 235, 75, 22, 0, 0, 156, 1, 0, 10, 1, 0, 193, 14, 117]
1542804089585;[171, 0, 17, 255, 161, 74, 235, 75, 22, 0, 0, 155, 1, 0, 13, 1, 0, 195, 14, 240]
1542804089755;[171, 0, 17, 255, 161, 74, 235, 75, 22, 0, 0, 156, 1, 0, 13, 1, 0, 195, 31, 101]
1542804089758;[171, 0, 17, 255, 161, 74, 235, 75, 22, 0, 0, 153, 1, 0, 12, 1, 0, 194, 8, 63]
1542804090104;[171, 0, 17, 255, 161, 74, 235, 75, 22, 0, 0, 153, 1, 0, 13, 1, 0, 193, 8, 166]
1542804090111;[171, 0, 17, 255, 161, 74, 235, 75, 22, 0, 0, 151, 1, 0, 15, 1, 0, 198, 9, 135]
1542804090116;[171, 0, 17, 255, 161, 74, 235, 75, 22, 0, 0, 143, 1, 0, 15, 1, 0, 199, 10, 71]
1542804090275;[171, 0, 17, 255, 161, 74, 235, 75, 22, 0, 0, 155, 1, 0, 12, 1, 0, 196, 10, 222]
1542804090278;[171, 0, 17, 255, 161, 74, 235, 75, 22, 0, 0, 145, 1, 0, 17, 1, 0, 199, 11, 91]
1542804090445;[171, 0, 17, 255, 161, 74, 235, 75, 22, 0, 0, 145, 1, 0, 18, 1, 0, 200, 11, 190]
1542804090448;[171, 0, 4, 255, 132, 128, 96]
1542804090619;[171, 0, 17, 255, 161, 74, 235, 75, 23, 0, 0, 148, 1, 0, 16, 1, 0, 199, 12, 96]
1542804090791;[171, 0, 17, 255, 161, 74, 235, 75, 23, 0, 0, 148, 1, 0, 18, 1, 0, 202, 13, 54]
1542804090794;[171, 0, 17, 255, 161, 74, 235, 75, 23, 0, 0, 145, 1, 0, 17, 1, 0, 200, 13, 54]
1542804090965;[171, 0, 17, 255, 161, 74, 235, 75, 23, 0, 0, 144, 1, 0, 18, 1, 0, 202, 13, 158]
1542804091325;[171, 0, 17, 255, 161, 74, 235, 75, 23, 0, 0, 148, 1, 0, 17, 1, 0, 200, 14, 0]
1542804091329;[171, 0, 17, 255, 161, 74, 235, 75, 23, 0, 0, 145, 1, 0, 17, 1, 0, 201, 14, 96]
1542804091650;[171, 0, 17, 255, 161, 74, 235, 75, 23, 0, 0, 144, 1, 0, 20, 1, 0, 197, 15, 58]
1542804091652;[171, 0, 17, 255, 161, 74, 235, 75, 23, 0, 0, 147, 1, 0, 20, 1, 0, 201, 31, 194]
1542804091825;[171, 0, 17, 255, 161, 74, 235, 75, 23, 0, 0, 146, 1, 0, 20, 1, 0, 200, 8, 47]
1542804091828;[171, 0, 17, 255, 161, 74, 235, 75, 23, 0, 0, 143, 1, 0, 18, 1, 0, 200, 8, 123]
1542804091830;[171, 0, 4, 255, 132, 128, 95]
1542804091853;[171, 0, 17, 255, 161, 74, 235, 75, 24, 0, 0, 146, 1, 0, 21, 1, 0, 201, 8, 218]
1542804091997;[171, 0, 17, 255, 161, 74, 235, 75, 24, 0, 0, 149, 1, 0, 20, 1, 0, 200, 9, 123]
1542804092000;[171, 0, 17, 255, 161, 74, 235, 75, 24, 0, 0, 151, 1, 0, 19, 1, 0, 197, 10, 126]
1542804092003;[171, 0, 17, 255, 161, 74, 235, 75, 24, 0, 0, 149, 1, 0, 14, 1, 0, 200, 11, 77]
1542804092170;[171, 0, 17, 255, 161, 74, 235, 75, 24, 0, 0, 147, 0, 0, 10, 1, 0, 213, 12, 22]
1542804092172;[171, 0, 17, 255, 161, 74, 235, 75, 24, 0, 0, 122, 1, 0, 5, 1, 0, 210, 12, 202]
1542804092343;[171, 0, 17, 255, 161, 74, 235, 75, 24, 0, 0, 141, 1, 0, 6, 1, 0, 204, 13, 140]
1542804092688;[171, 0, 17, 255, 161, 74, 235, 75, 24, 0, 0, 154, 0, 0, 21, 1, 0, 217, 13, 211]
1542804092863;[171, 0, 17, 255, 161, 74, 235, 75, 24, 0, 0, 157, 0, 0, 9, 1, 0, 189, 13, 239]
1542804092866;[171, 0, 17, 255, 161, 74, 235, 75, 24, 0, 0, 173, 0, 0, 13, 1, 0, 177, 14, 8]
1542804092868;[171, 0, 4, 255, 132, 128, 94]
1542804092893;[171, 0, 17, 255, 161, 74, 235, 75, 25, 0, 0, 195, 0, 0, 4, 1, 0, 164, 14, 28]
1542804093035;[171, 0, 17, 255, 161, 74, 235, 75, 25, 0, 0, 215, 0, 0, 13, 1, 0, 156, 14, 28]
1542804093038;[171, 0, 17, 255, 161, 74, 235, 75, 25, 0, 0, 233, 0, 0, 35, 1, 0, 102, 13, 244]
1542804094245;[171, 0, 17, 255, 161, 74, 235, 75, 25, 0, 0, 239, 0, 0, 23, 1, 0, 100, 13, 105]
1542804094246;[171, 0, 17, 255, 161, 74, 235, 75, 25, 0, 0, 236, 0, 0, 25, 1, 0, 88, 12, 148]
1542804094588;[171, 0, 17, 255, 161, 74, 235, 75, 25, 0, 0, 238, 0, 0, 16, 1, 0, 91, 10, 244]
1542804094591;[171, 0, 17, 255, 161, 74, 235, 75, 25, 0, 0, 223, 0, 0, 15, 1, 0, 119, 9, 208]
1542804094594;[171, 0, 17, 255, 161, 74, 235, 75, 25, 0, 0, 198, 0, 0, 12, 1, 0, 141, 8, 221]
1542804094599;[171, 0, 17, 255, 161, 74, 235, 75, 25, 0, 0, 195, 0, 0, 16, 1, 0, 157, 8, 231]
1542804095797;[171, 0, 17, 255, 161, 74, 235, 75, 25, 0, 0, 203, 0, 0, 21, 1, 0, 153, 8, 218]
1542804095801;[171, 0, 17, 255, 161, 74, 235, 75, 28, 0, 0, 248, 0, 0, 31, 0, 0, 87, 3, 71]
1542804095805;[171, 0, 17, 255, 161, 74, 235, 75, 28, 0, 0, 252, 0, 0, 38, 0, 0, 90, 2, 215]
1542804095809;[171, 0, 17, 255, 161, 74, 235, 75, 28, 0, 0, 236, 0, 0, 14, 0, 0, 51, 2, 108]
1542804095970;[171, 0, 17, 255, 161, 74, 235, 75, 28, 0, 1, 45, 0, 0, 29, 0, 0, 44, 2, 56]
1542804095972;[171, 0, 17, 255, 161, 74, 235, 75, 28, 0, 0, 156, 0, 0, 54, 0, 0, 92, 2, 49]
1542804095975;[171, 0, 17, 255, 161, 74, 235, 75, 28, 1, 0, 23, 0, 0, 44, 0, 1, 5, 2, 127]
1542804095978;[171, 0, 17, 255, 161, 74, 235, 75, 28, 0, 1, 122, 0, 0, 94, 0, 1, 169, 2, 91]
1542804096140;[171, 0, 17, 255, 161, 74, 235, 75, 28, 0, 0, 239, 0, 0, 56, 0, 0, 53, 2, 18]
1542804096143;[171, 0, 17, 255, 161, 74, 235, 75, 28, 0, 0, 230, 0, 0, 55, 0, 0, 72, 1, 243]
1542804096146;[171, 0, 4, 255, 132, 128, 92]
1542804096658;[171, 0, 17, 255, 161, 74, 235, 75, 29, 0, 0, 217, 0, 0, 48, 0, 0, 116, 1, 234]
1542804096664;[171, 0, 17, 255, 161, 74, 235, 75, 29, 0, 0, 224, 0, 0, 60, 0, 0, 121, 1, 255]
1542804096665;[171, 0, 17, 255, 161, 74, 235, 75, 29, 0, 0, 232, 0, 0, 59, 0, 0, 104, 2, 55]
1542804097004;[171, 0, 17, 255, 161, 74, 235, 75, 29, 0, 0, 214, 0, 0, 60, 0, 0, 109, 2, 75]
1542804097008;[171, 0, 17, 255, 161, 74, 235, 75, 29, 0, 0, 224, 0, 0, 63, 0, 0, 104, 2, 91]
1542804097011;[171, 0, 17, 255, 161, 74, 235, 75, 29, 0, 0, 225, 0, 0, 63, 0, 0, 106, 2, 64]
1542804097015;[171, 0, 17, 255, 161, 74, 235, 75, 29, 0, 0, 231, 0, 0, 64, 0, 0, 106, 2, 52]
1542804097175;[171, 0, 17, 255, 161, 74, 235, 75, 29, 0, 1, 8, 0, 0, 53, 0, 0, 136, 2, 109]
1542804097693;[171, 0, 17, 255, 161, 74, 235, 75, 29, 0, 0, 250, 0, 0, 54, 0, 0, 84, 2, 110]
1542804097697;[171, 0, 17, 255, 161, 74, 235, 75, 29, 0, 0, 196, 0, 0, 64, 0, 0, 122, 2, 186]
1542804097701;[171, 0, 4, 255, 132, 128, 92]
1542804097727;[171, 0, 17, 255, 161, 74, 235, 75, 30, 0, 0, 241, 0, 0, 72, 0, 0, 44, 2, 57]
1542804097868;[171, 0, 17, 255, 161, 74, 235, 75, 30, 0, 0, 181, 0, 0, 136, 0, 0, 55, 1, 155]
1542804097873;[171, 0, 17, 255, 161, 74, 235, 75, 30, 0, 0, 178, 0, 0, 132, 0, 0, 91, 1, 119]
1542804097876;[171, 0, 17, 255, 161, 74, 235, 75, 30, 0, 1, 7, 0, 0, 79, 1, 0, 14, 0, 215]
1542804097879;[171, 0, 17, 255, 161, 74, 235, 75, 30, 0, 0, 223, 0, 0, 77, 0, 0, 83, 16, 27]
1542804098037;[171, 0, 17, 255, 161, 74, 235, 75, 30, 0, 0, 225, 0, 0, 86, 0, 0, 85, 7, 79]
1542804098040;[171, 0, 17, 255, 161, 74, 235, 75, 30, 0, 0, 219, 0, 0, 80, 0, 0, 146, 7, 35]
1542804098044;[171, 0, 17, 255, 161, 74, 235, 75, 30, 0, 0, 219, 0, 0, 98, 0, 0, 86, 7, 35]
1542804098379;[171, 0, 17, 255, 161, 74, 235, 75, 30, 0, 0, 225, 0, 0, 84, 0, 0, 103, 7, 202]
1542804098381;[171, 0, 17, 255, 161, 74, 235, 75, 30, 0, 0, 253, 0, 0, 46, 0, 0, 71, 8, 46]
1542804098550;[171, 0, 4, 255, 132, 128, 92]
1542804099071;[171, 0, 17, 255, 161, 74, 235, 75, 31, 0, 0, 243, 0, 0, 50, 0, 0, 69, 8, 131]
1542804099243;[171, 0, 17, 255, 161, 74, 235, 75, 31, 0, 0, 236, 0, 0, 73, 0, 0, 70, 8, 217]
1542804099247;[171, 0, 17, 255, 161, 74, 235, 75, 31, 0, 0, 242, 0, 0, 58, 0, 0, 69, 8, 213]
1542804099249;[171, 0, 17, 255, 161, 74, 235, 75, 31, 0, 0, 238, 0, 0, 57, 0, 0, 66, 8, 153]
1542804099420;[171, 0, 17, 255, 161, 74, 235, 75, 31, 0, 0, 240, 0, 0, 63, 0, 0, 65, 8, 86]
1542804099423;[171, 0, 17, 255, 161, 74, 235, 75, 31, 0, 0, 239, 0, 0, 65, 0, 0, 69, 8, 67]
1542804099425;[171, 0, 17, 255, 161, 74, 235, 75, 31, 0, 0, 238, 0, 0, 61, 0, 0, 74, 8, 91]
1542804099767;[171, 0, 17, 255, 161, 74, 235, 75, 31, 0, 0, 230, 0, 0, 70, 0, 0, 85, 8, 88]
1542804099934;[171, 0, 17, 255, 161, 74, 235, 75, 31, 0, 0, 229, 0, 0, 72, 0, 0, 87, 8, 85]
1542804100281;[171, 0, 17, 255, 161, 74, 235, 75, 31, 0, 0, 228, 0, 0, 73, 0, 0, 92, 8, 51]
1542804100284;[171, 0, 4, 255, 132, 128, 91]
1542804100308;[171, 0, 17, 255, 161, 74, 235, 75, 32, 0, 0, 219, 0, 0, 54, 0, 0, 119, 6, 142]
1542804100309;[171, 0, 17, 255, 161, 74, 235, 75, 32, 0, 0, 229, 0, 0, 35, 0, 0, 121, 4, 56]
1542804100452;[171, 0, 17, 255, 161, 74, 235, 75, 32, 0, 0, 223, 0, 0, 17, 0, 0, 131, 2, 161]
1542804100454;[171, 0, 17, 255, 161, 74, 235, 75, 32, 0, 0, 212, 0, 0, 9, 0, 0, 111, 1, 92]
1542804100460;[171, 0, 17, 255, 161, 74, 235, 75, 32, 0, 0, 212, 0, 0, 18, 0, 0, 126, 16, 0]
1542804100468;[171, 0, 17, 255, 161, 74, 235, 75, 32, 0, 1, 26, 1, 0, 17, 0, 0, 133, 6, 95]
1542804101154;[171, 0, 17, 255, 161, 74, 235, 75, 32, 0, 0, 204, 0, 0, 63, 0, 0, 160, 6, 0]
1542804101156;[171, 0, 17, 255, 161, 74, 235, 75, 32, 0, 0, 208, 0, 0, 75, 0, 0, 126, 5, 229]
1542804101159;[171, 0, 17, 255, 161, 74, 235, 75, 32, 0, 0, 238, 0, 0, 42, 0, 0, 73, 5, 174]
1542804101314;[171, 0, 17, 255, 161, 74, 235, 75, 32, 0, 0, 237, 0, 0, 69, 0, 0, 67, 5, 34]
1542804101657;[171, 0, 4, 255, 132, 128, 92]
1542804102177;[171, 0, 17, 255, 161, 74, 235, 75, 33, 0, 0, 245, 0, 0, 66, 0, 0, 51, 5, 34]
1542804102182;[171, 0, 17, 255, 161, 74, 235, 75, 33, 0, 0, 246, 0, 0, 56, 0, 0, 68, 4, 149]
1542804102184;[171, 0, 17, 255, 161, 74, 235, 75, 33, 0, 1, 3, 0, 0, 31, 0, 0, 58, 4, 40]
1542804102188;[171, 0, 17, 255, 161, 74, 235, 75, 33, 0, 0, 247, 0, 0, 39, 0, 0, 43, 3, 170]
1542804102349;[171, 0, 17, 255, 161, 74, 235, 75, 33, 0, 0, 245, 1, 0, 4, 0, 0, 19, 3, 20]
1542804102353;[171, 0, 17, 255, 161, 74, 235, 75, 33, 0, 0, 243, 1, 0, 26, 0, 0, 1, 2, 138]
1542804102356;[171, 0, 17, 255, 161, 74, 235, 75, 33, 0, 0, 247, 1, 0, 30, 1, 0, 1, 2, 3]
1542804102361;[171, 0, 17, 255, 161, 74, 235, 75, 35, 0, 0, 238, 1, 0, 12, 0, 0, 33, 5, 27]
1542804102520;[171, 0, 4, 255, 132, 128, 92]
1542804102868;[171, 0, 17, 255, 161, 74, 235, 75, 36, 0, 0, 225, 1, 0, 71, 0, 0, 22, 5, 25]
1542804102872;[171, 0, 17, 255, 161, 74, 235, 75, 36, 0, 0, 241, 1, 0, 54, 1, 0, 10, 5, 49]
1542804102877;[171, 0, 17, 255, 161, 74, 235, 75, 36, 0, 0, 234, 1, 0, 46, 1, 0, 17, 5, 51]
1542804102879;[171, 0, 17, 255, 161, 74, 235, 75, 36, 0, 0, 245, 1, 0, 33, 1, 0, 28, 4, 226]
1542804103219;[171, 0, 17, 255, 161, 74, 235, 75, 36, 0, 0, 246, 0, 0, 0, 1, 0, 21, 4, 162]
1542804103226;[171, 0, 17, 255, 161, 74, 235, 75, 36, 0, 0, 240, 0, 0, 11, 1, 0, 7, 4, 12]
1542804103227;[171, 0, 17, 255, 161, 74, 235, 75, 36, 0, 1, 4, 0, 0, 53, 0, 0, 54, 4, 12]
1542804103229;[171, 0, 17, 255, 161, 74, 235, 75, 36, 0, 0, 243, 0, 0, 143, 0, 0, 28, 3, 201]
1542804103382;[171, 0, 17, 255, 161, 74, 235, 75, 36, 0, 0, 228, 0, 0, 61, 0, 0, 87, 4, 79]
1542804103556;[171, 0, 17, 255, 161, 74, 235, 75, 36, 0, 0, 254, 0, 0, 52, 0, 0, 58, 4, 160]
1542804103559;[171, 0, 4, 255, 132, 128, 92]
1542804103583;[171, 0, 17, 255, 161, 74, 235, 75, 37, 0, 0, 239, 0, 0, 57, 0, 0, 32, 4, 208]
1542804103727;[171, 0, 17, 255, 161, 74, 235, 75, 37, 0, 0, 232, 0, 0, 68, 0, 0, 35, 4, 245]
1542804103729;[171, 0, 17, 255, 161, 74, 235, 75, 37, 0, 1, 19, 0, 0, 76, 0, 0, 25, 5, 38]
1542804104938;[171, 0, 17, 255, 161, 74, 235, 75, 37, 0, 0, 245, 0, 0, 54, 0, 0, 18, 5, 113]
1542804104942;[171, 0, 17, 255, 161, 74, 235, 75, 37, 0, 1, 4, 0, 0, 40, 0, 0, 24, 5, 188]
1542804104945;[171, 0, 17, 255, 161, 74, 235, 75, 37, 0, 0, 248, 0, 0, 48, 0, 0, 34, 5, 224]
1542804104948;[171, 0, 17, 255, 161, 74, 235, 75, 37, 0, 0, 246, 0, 0, 48, 0, 0, 52, 5, 232]
1542804105456;[171, 0, 17, 255, 161, 74, 235, 75, 37, 0, 0, 245, 0, 0, 53, 0, 0, 43, 5, 228]
1542804105464;[171, 0, 17, 255, 161, 74, 235, 75, 37, 0, 0, 246, 0, 0, 55, 0, 0, 47, 5, 222]
1542804105475;[171, 0, 17, 255, 161, 74, 235, 75, 37, 0, 0, 250, 0, 0, 53, 0, 0, 42, 5, 215]
1542804105476;[171, 0, 4, 255, 132, 128, 92]
1542804106143;[171, 0, 17, 255, 161, 74, 235, 75, 38, 0, 0, 253, 0, 0, 61, 0, 0, 31, 5, 188]
1542804106145;[171, 0, 17, 255, 161, 74, 235, 75, 38, 0, 0, 246, 0, 0, 42, 0, 0, 35, 5, 117]
1542804106146;[171, 0, 17, 255, 161, 74, 235, 75, 38, 0, 1, 0, 0, 0, 30, 0, 0, 27, 4, 251]
1542804106148;[171, 0, 17, 255, 161, 74, 235, 75, 38, 0, 0, 245, 0, 0, 14, 0, 0, 19, 4, 127]
1542804106313;[171, 0, 17, 255, 161, 74, 235, 75, 38, 0, 0, 235, 0, 0, 11, 0, 0, 21, 4, 7]
1542804106664;[171, 0, 17, 255, 161, 74, 235, 75, 38, 0, 1, 1, 0, 0, 53, 0, 0, 94, 3, 158]
1542804106665;[171, 0, 17, 255, 161, 74, 235, 75, 38, 0, 0, 222, 0, 0, 89, 0, 0, 54, 3, 92]
1542804106666;[171, 0, 17, 255, 161, 74, 235, 75, 38, 0, 0, 229, 0, 0, 52, 0, 0, 100, 3, 114]
1542804106669;[171, 0, 17, 255, 161, 74, 235, 75, 38, 0, 0, 240, 0, 0, 50, 0, 0, 81, 3, 127]
1542804107007;[171, 0, 17, 255, 161, 74, 235, 75, 38, 0, 0, 237, 0, 0, 51, 0, 0, 83, 3, 120]
1542804107027;[171, 0, 4, 255, 132, 128, 94]
1542804107029;[171, 0, 17, 255, 161, 74, 235, 75, 39, 0, 0, 231, 0, 0, 59, 0, 0, 83, 3, 137]
1542804107030;[171, 0, 17, 255, 161, 74, 235, 75, 39, 0, 0, 238, 0, 0, 50, 0, 0, 79, 3, 163]
1542804107350;[171, 0, 17, 255, 161, 74, 235, 75, 39, 0, 0, 239, 0, 0, 57, 0, 0, 84, 3, 161]
1542804107353;[171, 0, 17, 255, 161, 74, 235, 75, 39, 0, 0, 239, 0, 0, 42, 0, 0, 85, 3, 181]
1542804107356;[171, 0, 17, 255, 161, 74, 235, 75, 39, 0, 0, 241, 0, 0, 49, 0, 0, 62, 3, 194]
1542804107358;[171, 0, 17, 255, 161, 74, 235, 75, 39, 0, 0, 249, 0, 0, 50, 0, 0, 53, 3, 220]
1542804107525;[171, 0, 17, 255, 161, 74, 235, 75, 39, 0, 0, 250, 0, 0, 44, 0, 0, 36, 3, 235]
1542804107526;[171, 0, 17, 255, 161, 74, 235, 75, 39, 0, 0, 227, 0, 0, 43, 0, 0, 20, 3, 207]
1542804107529;[171, 0, 17, 255, 161, 74, 235, 75, 39, 0, 1, 0, 0, 0, 81, 0, 0, 40, 3, 163]
1542804108386;[171, 0, 17, 255, 161, 74, 235, 75, 39, 0, 0, 240, 0, 0, 66, 0, 0, 71, 3, 143]
1542804108389;[171, 0, 4, 255, 132, 128, 95]
1542804108413;[171, 0, 17, 255, 161, 74, 235, 75, 40, 0, 0, 240, 0, 0, 47, 0, 0, 68, 3, 172]
1542804108562;[171, 0, 17, 255, 161, 74, 235, 75, 40, 0, 0, 239, 0, 0, 50, 0, 0, 74, 3, 151]
1542804108566;[171, 0, 17, 255, 161, 74, 235, 75, 40, 0, 0, 236, 0, 0, 55, 0, 0, 77, 3, 144]
1542804108570;[171, 0, 17, 255, 161, 74, 235, 75, 40, 0, 0, 238, 0, 0, 48, 0, 0, 81, 3, 110]
1542804108574;[171, 0, 17, 255, 161, 74, 235, 75, 40, 0, 0, 228, 0, 0, 71, 0, 0, 81, 3, 53]
1542804108731;[171, 0, 17, 255, 161, 74, 235, 75, 40, 0, 0, 226, 0, 0, 62, 0, 0, 86, 3, 26]
1542804108735;[171, 0, 17, 255, 161, 74, 235, 75, 40, 0, 1, 16, 0, 0, 39, 0, 0, 94, 3, 39]
1542804108738;[171, 0, 17, 255, 161, 74, 235, 75, 40, 0, 0, 243, 0, 0, 56, 0, 0, 82, 3, 3]
1542804108740;[171, 0, 17, 255, 161, 74, 235, 75, 40, 0, 0, 243, 1, 0, 6, 0, 0, 51, 2, 255]
1542804109248;[171, 0, 17, 255, 161, 74, 235, 75, 40, 0, 0, 241, 1, 0, 51, 0, 0, 12, 2, 252]
1542804109251;[171, 0, 4, 255, 132, 128, 95]
1542804109595;[171, 0, 17, 255, 161, 74, 235, 75, 41, 0, 0, 227, 1, 0, 67, 1, 0, 1, 3, 4]
1542804109598;[171, 0, 17, 255, 161, 74, 235, 75, 41, 0, 0, 229, 1, 0, 74, 0, 0, 18, 2, 215]
1542804109600;[171, 0, 17, 255, 161, 74, 235, 75, 41, 0, 0, 239, 1, 0, 76, 0, 0, 11, 2, 182]
1542804109603;[171, 0, 17, 255, 161, 74, 235, 75, 41, 0, 0, 235, 1, 0, 64, 0, 0, 40, 2, 182]
1542804109768;[171, 0, 17, 255, 161, 74, 235, 75, 41, 0, 0, 232, 1, 0, 49, 0, 0, 70, 2, 185]
1542804109788;[171, 0, 17, 255, 161, 74, 235, 75, 41, 0, 0, 242, 1, 0, 35, 0, 0, 96, 2, 186]
1542804109940;[171, 0, 17, 255, 161, 74, 235, 75, 41, 0, 0, 234, 1, 0, 38, 0, 0, 94, 2, 161]
1542804109943;[171, 0, 17, 255, 161, 74, 235, 75, 41, 0, 0, 222, 1, 0, 56, 0, 0, 83, 2, 145]
1542804109947;[171, 0, 17, 255, 161, 74, 235, 75, 41, 0, 0, 228, 1, 0, 52, 0, 0, 80, 2, 138]
1542804109949;[171, 0, 17, 255, 161, 74, 235, 75, 41, 0, 0, 232, 1, 0, 46, 0, 0, 92, 2, 117]
1542804110110;[171, 0, 4, 255, 132, 128, 95]
1542804110630;[171, 0, 17, 255, 161, 74, 235, 75, 42, 0, 0, 228, 1, 0, 35, 0, 0, 97, 2, 105]
1542804110633;[171, 0, 17, 255, 161, 74, 235, 75, 42, 0, 0, 229, 1, 0, 40, 0, 0, 100, 2, 108]
1542804110637;[171, 0, 17, 255, 161, 74, 235, 75, 42, 0, 0, 229, 1, 0, 37, 0, 0, 94, 2, 83]
1542804110975;[171, 0, 17, 255, 161, 74, 235, 75, 42, 0, 0, 228, 1, 0, 40, 0, 0, 93, 2, 78]
1542804110980;[171, 0, 17, 255, 161, 74, 235, 75, 42, 0, 0, 230, 1, 0, 37, 0, 0, 95, 2, 67]
1542804110984;[171, 0, 17, 255, 161, 74, 235, 75, 42, 0, 0, 233, 1, 0, 37, 0, 0, 95, 2, 45]
1542804110987;[171, 0, 17, 255, 161, 74, 235, 75, 42, 0, 0, 230, 1, 0, 38, 0, 0, 89, 2, 25]
1542804111148;[171, 0, 17, 255, 161, 74, 235, 75, 42, 0, 0, 231, 1, 0, 33, 0, 0, 88, 2, 11]
1542804111152;[171, 0, 17, 255, 161, 74, 235, 75, 42, 0, 0, 230, 1, 0, 27, 0, 0, 89, 1, 254]
1542804111154;[171, 0, 17, 255, 161, 74, 235, 75, 45, 0, 0, 206, 1, 0, 106, 1, 0, 54, 1, 153]
1542804111324;[171, 0, 17, 255, 161, 74, 235, 75, 45, 0, 0, 194, 1, 0, 133, 1, 0, 67, 1, 47]
1542804111493;[171, 0, 17, 255, 161, 74, 235, 75, 45, 0, 0, 208, 1, 0, 118, 1, 0, 66, 1, 15]
1542804111494;[171, 0, 17, 255, 161, 74, 235, 75, 45, 0, 0, 213, 1, 0, 109, 1, 0, 45, 1, 0]
1542804111838;[171, 0, 17, 255, 161, 74, 235, 75, 45, 0, 0, 218, 1, 0, 103, 1, 0, 18, 1, 26]
1542804111841;[171, 0, 17, 255, 161, 74, 235, 75, 45, 0, 0, 232, 1, 0, 82, 0, 0, 4, 1, 63]
1542804111844;[171, 0, 17, 255, 161, 74, 235, 75, 45, 0, 0, 240, 1, 0, 56, 0, 0, 16, 1, 78]
1542804111847;[171, 0, 17, 255, 161, 74, 235, 75, 45, 0, 0, 250, 1, 0, 40, 0, 0, 21, 1, 64]
1542804112006;[171, 0, 17, 255, 161, 74, 235, 75, 45, 0, 0, 250, 1, 0, 26, 0, 0, 19, 1, 62]
1542804112528;[171, 0, 17, 255, 161, 74, 235, 75, 45, 0, 0, 252, 1, 0, 20, 0, 0, 23, 1, 38]
1542804112537;[171, 0, 4, 255, 132, 128, 92]
1542804112540;[171, 0, 17, 255, 161, 74, 235, 75, 46, 0, 0, 251, 1, 0, 17, 0, 0, 19, 1, 17]
1542804112716;[171, 0, 17, 255, 161, 74, 235, 75, 46, 0, 0, 251, 1, 0, 10, 0, 0, 13, 0, 233]
1542804112717;[171, 0, 17, 255, 161, 74, 235, 75, 46, 0, 0, 249, 1, 0, 2, 0, 0, 11, 16, 199]
1542804112718;[171, 0, 17, 255, 161, 74, 235, 75, 46, 0, 0, 248, 0, 0, 8, 0, 0, 9, 7, 184]
1542804112718;[171, 0, 17, 255, 161, 74, 235, 75, 46, 0, 0, 246, 0, 0, 14, 0, 0, 5, 7, 146]
1542804113045;[171, 0, 17, 255, 161, 74, 235, 75, 46, 0, 0, 245, 0, 0, 29, 0, 0, 33, 7, 29]
1542804113048;[171, 0, 17, 255, 161, 74, 235, 75, 46, 0, 0, 247, 0, 0, 1, 0, 0, 8, 6, 172]
1542804113051;[171, 0, 17, 255, 161, 74, 235, 75, 46, 0, 0, 250, 0, 0, 39, 1, 0, 10, 6, 136]
1542804113054;[171, 0, 17, 255, 161, 74, 235, 75, 46, 0, 0, 249, 0, 0, 86, 0, 0, 39, 6, 250]
1542804113390;[171, 0, 17, 255, 161, 74, 235, 75, 46, 0, 0, 208, 0, 0, 78, 0, 0, 93, 7, 137]
1542804113396;[171, 0, 4, 255, 132, 128, 92]
1542804114773;[171, 0, 17, 255, 161, 74, 235, 75, 47, 0, 0, 240, 0, 0, 46, 0, 0, 113, 7, 229]
1542804117014;[171, 0, 17, 255, 161, 74, 235, 75, 47, 0, 0, 215, 0, 0, 6, 0, 0, 98, 7, 199]
1542804117188;[171, 0, 17, 255, 161, 74, 235, 75, 47, 0, 0, 250, 0, 0, 29, 0, 0, 72, 7, 205]
1542804117193;[171, 0, 17, 255, 161, 74, 235, 75, 47, 0, 0, 246, 0, 0, 42, 0, 0, 53, 6, 204]
1542804117195;[171, 0, 17, 255, 161, 74, 235, 75, 47, 0, 0, 237, 0, 0, 42, 0, 0, 61, 7, 86]
1542804117198;[171, 0, 17, 255, 161, 74, 235, 75, 47, 0, 0, 238, 0, 0, 41, 0, 0, 31, 6, 199]
1542804118221;[171, 0, 17, 255, 161, 74, 235, 75, 47, 0, 0, 250, 0, 0, 35, 0, 0, 5, 8, 47]
1542804118226;[171, 0, 17, 255, 161, 74, 235, 75, 47, 0, 0, 251, 0, 0, 36, 0, 0, 6, 8, 199]
1542804118228;[171, 0, 4, 255, 132, 128, 90]
1542804118253;[171, 0, 17, 255, 161, 74, 235, 75, 50, 0, 0, 242, 0, 0, 12, 0, 0, 80, 14, 105]
1542804119630;[171, 0, 17, 255, 161, 74, 235, 75, 50, 0, 0, 240, 0, 0, 9, 0, 0, 81, 14, 162]
1542804120290;[171, 0, 17, 255, 161, 74, 235, 75, 50, 0, 0, 239, 0, 0, 10, 0, 0, 79, 14, 219]
1542804120298;[171, 0, 17, 255, 161, 74, 235, 75, 50, 0, 0, 242, 0, 0, 8, 0, 0, 77, 31, 67]
1542804123567;[171, 0, 17, 255, 161, 74, 235, 75, 50, 0, 0, 243, 0, 0, 11, 0, 0, 78, 8, 121]
1542804123570;[171, 0, 17, 255, 161, 74, 235, 75, 50, 0, 0, 242, 0, 0, 13, 0, 0, 77, 9, 25]
1542804123573;[171, 0, 17, 255, 161, 74, 235, 75, 50, 0, 0, 240, 0, 0, 11, 0, 0, 78, 9, 186]
1542804123576;[171, 0, 17, 255, 161, 74, 235, 75, 50, 0, 0, 240, 0, 0, 12, 0, 0, 78, 10, 93]
1542804124085;[171, 0, 4, 255, 132, 128, 93]
1542804124111;[171, 0, 17, 255, 161, 74, 235, 75, 53, 0, 0, 250, 0, 0, 9, 1, 0, 20, 8, 133]
1542804124602;[171, 0, 17, 255, 161, 74, 235, 75, 53, 0, 0, 244, 0, 0, 11, 1, 0, 43, 5, 160]
1542804124606;[171, 0, 17, 255, 161, 74, 235, 75, 53, 0, 0, 241, 0, 0, 7, 1, 0, 67, 1, 23]
1542804124610;[171, 0, 17, 255, 161, 74, 235, 75, 57, 0, 0, 251, 0, 0, 26, 0, 0, 3, 11, 23]
1542804124775;[171, 0, 17, 255, 161, 74, 235, 75, 57, 0, 0, 253, 0, 0, 25, 0, 0, 3, 11, 23]
1542804125291;[171, 0, 17, 255, 161, 74, 235, 75, 57, 0, 0, 252, 0, 0, 26, 0, 0, 3, 11, 187]
1542804125294;[171, 0, 4, 255, 132, 128, 97]
1542804125463;[171, 0, 17, 255, 161, 74, 235, 75, 58, 0, 0, 253, 0, 0, 25, 0, 0, 2, 12, 87]
1542804125465;[171, 0, 17, 255, 161, 74, 235, 75, 58, 0, 0, 252, 0, 0, 27, 0, 0, 2, 12, 235]
1542804126535;[171, 0, 17, 255, 161, 74, 235, 75, 58, 0, 0, 253, 0, 0, 27, 0, 0, 3, 13, 137]
1542804126539;[171, 0, 17, 255, 161, 74, 235, 75, 58, 0, 0, 252, 0, 0, 27, 0, 0, 2, 14, 23]
1542804126669;[171, 0, 17, 255, 161, 74, 235, 75, 58, 0, 0, 254, 0, 0, 27, 0, 0, 1, 14, 164]
1542804127880;[171, 0, 17, 255, 161, 74, 235, 75, 58, 0, 0, 250, 0, 0, 28, 0, 0, 1, 15, 25]
1542804127883;[171, 0, 17, 255, 161, 74, 235, 75, 58, 0, 0, 251, 0, 0, 26, 0, 0, 0, 31, 121]
1542804127887;[171, 0, 17, 255, 161, 74, 235, 75, 58, 0, 0, 253, 0, 0, 27, 0, 0, 0, 8, 42]
1542804127890;[171, 0, 17, 255, 161, 74, 235, 75, 58, 0, 0, 253, 0, 0, 25, 1, 0, 1, 8, 129]
1542804130466;[171, 0, 17, 255, 161, 74, 235, 75, 58, 0, 0, 252, 0, 0, 26, 0, 0, 0, 8, 203]
1542804130470;[171, 0, 4, 255, 132, 128, 97]
1542804131157;[171, 0, 17, 255, 161, 74, 235, 75, 59, 0, 0, 251, 0, 0, 28, 1, 0, 3, 9, 8]
1542804131676;[171, 0, 17, 255, 161, 74, 235, 75, 59, 0, 0, 252, 0, 0, 27, 1, 0, 3, 9, 61]
1542804131679;[171, 0, 17, 255, 161, 74, 235, 75, 65, 0, 0, 188, 1, 0, 2, 1, 0, 165, 2, 232]
1542804131683;[171, 0, 17, 255, 161, 74, 235, 75, 65, 0, 0, 190, 1, 0, 1, 1, 0, 166, 2, 188]
1542804131686;[171, 0, 17, 255, 161, 74, 235, 75, 65, 0, 0, 192, 1, 0, 3, 1, 0, 164, 2, 188]
1542804132364;[171, 0, 17, 255, 161, 74, 235, 75, 65, 0, 0, 193, 1, 0, 3, 1, 0, 162, 2, 155]
1542804132367;[171, 0, 4, 255, 132, 128, 98]
1542804133056;[171, 0, 17, 255, 161, 74, 235, 75, 68, 0, 0, 245, 0, 0, 2, 1, 0, 55, 4, 143]
1542804133060;[171, 0, 17, 255, 161, 74, 235, 75, 68, 0, 0, 247, 0, 0, 2, 1, 0, 57, 4, 92]
1542804135470;[171, 0, 17, 255, 161, 74, 235, 75, 68, 0, 0, 245, 0, 0, 2, 1, 0, 56, 4, 81]
1542804135472;[171, 0, 17, 255, 161, 74, 235, 75, 68, 0, 0, 245, 0, 0, 0, 1, 0, 55, 4, 78]
1542804135476;[171, 0, 17, 255, 161, 74, 235, 75, 68, 0, 0, 244, 0, 0, 3, 1, 0, 57, 4, 64]
1542804136847;[171, 0, 17, 255, 161, 74, 235, 75, 68, 0, 0, 243, 0, 0, 0, 1, 0, 57, 4, 19]
1542804136866;[171, 0, 17, 255, 161, 74, 235, 75, 68, 0, 0, 246, 0, 0, 1, 1, 0, 58, 3, 247]
1542804137716;[171, 0, 17, 255, 161, 74, 235, 75, 71, 0, 0, 244, 1, 0, 1, 1, 0, 61, 3, 128]
1542804137718;[171, 0, 4, 255, 132, 128, 99]
1542804137741;[171, 0, 17, 255, 161, 74, 235, 75, 71, 0, 0, 243, 1, 0, 2, 1, 0, 61, 3, 109]
1542804137743;[171, 0, 17, 255, 161, 74, 235, 75, 73, 0, 0, 244, 1, 0, 3, 1, 0, 62, 1, 86]
1542804137884;[171, 0, 17, 255, 161, 74, 235, 75, 73, 0, 0, 244, 1, 0, 2, 1, 0, 64, 1, 54]
1542804137887;[171, 0, 17, 255, 161, 74, 235, 75, 73, 0, 0, 244, 1, 0, 2, 1, 0, 63, 1, 31]
1542804137890;[171, 0, 17, 255, 161, 74, 235, 75, 73, 0, 0, 244, 1, 0, 1, 1, 0, 64, 1, 1]
1542804137894;[171, 0, 17, 255, 161, 74, 235, 75, 73, 0, 0, 244, 1, 0, 2, 1, 0, 64, 0, 242]
1542804138058;[171, 0, 17, 255, 161, 74, 235, 75, 73, 0, 0, 244, 1, 0, 1, 1, 0, 62, 16, 181]
1542804138062;[171, 0, 17, 255, 161, 74, 235, 75, 74, 0, 0, 243, 1, 0, 1, 1, 0, 63, 7, 162]
1542804138064;[171, 0, 4, 255, 132, 128, 100]
1542804138088;[171, 0, 17, 255, 161, 74, 235, 75, 74, 0, 0, 240, 1, 0, 2, 1, 0, 65, 7, 119]
1542804138229;[171, 0, 17, 255, 161, 74, 235, 75, 74, 0, 0, 244, 1, 0, 1, 1, 0, 65, 7, 45]
1542804138235;[171, 0, 17, 255, 161, 74, 235, 75, 74, 0, 0, 241, 1, 0, 1, 1, 0, 65, 6, 242]
1542804138401;[171, 0, 17, 255, 161, 74, 235, 75, 74, 0, 0, 242, 1, 0, 4, 1, 0, 67, 6, 178]
1542804138744;[171, 0, 17, 255, 161, 74, 235, 75, 74, 0, 0, 242, 1, 0, 1, 1, 0, 67, 6, 104]
1542804138747;[171, 0, 17, 255, 161, 74, 235, 75, 74, 0, 0, 241, 1, 0, 3, 1, 0, 67, 6, 34]
1542804139264;[171, 0, 17, 255, 161, 74, 235, 75, 74, 0, 0, 242, 1, 0, 2, 1, 0, 65, 5, 239]
1542804139273;[171, 0, 17, 255, 161, 74, 235, 75, 74, 0, 0, 240, 1, 0, 3, 1, 0, 67, 5, 179]
1542804139276;[171, 0, 17, 255, 161, 74, 235, 75, 74, 0, 0, 241, 1, 0, 3, 1, 0, 67, 5, 93]
1542804139277;[171, 0, 17, 255, 161, 74, 235, 75, 75, 0, 0, 240, 1, 0, 2, 1, 0, 71, 5, 34]
1542804139437;[171, 0, 4, 255, 132, 128, 101]
1542804139460;[171, 0, 17, 255, 161, 74, 235, 75, 75, 0, 0, 242, 1, 0, 2, 1, 0, 69, 5, 18]
1542804139461;[171, 0, 17, 255, 161, 74, 235, 75, 75, 0, 0, 242, 1, 0, 4, 1, 0, 68, 4, 240]
1542804139463;[171, 0, 17, 255, 161, 74, 235, 75, 75, 0, 0, 237, 1, 0, 4, 1, 0, 72, 4, 251]
1542804139626;[171, 0, 17, 255, 161, 74, 235, 75, 75, 0, 0, 243, 1, 0, 11, 1, 0, 70, 5, 37]
1542804139627;[171, 0, 17, 255, 161, 74, 235, 75, 75, 0, 0, 235, 1, 0, 17, 1, 0, 72, 5, 93]
1542804139955;[171, 0, 17, 255, 161, 74, 235, 75, 75, 0, 0, 244, 1, 0, 5, 1, 0, 42, 5, 250]
1542804139958;[171, 0, 17, 255, 161, 74, 235, 75, 75, 0, 1, 2, 0, 0, 1, 1, 0, 9, 6, 44]
1542804139961;[171, 0, 17, 255, 161, 74, 235, 75, 75, 0, 0, 213, 0, 0, 30, 0, 0, 21, 6, 167]
1542804139964;[171, 0, 17, 255, 161, 74, 235, 75, 75, 0, 0, 223, 0, 0, 26, 0, 0, 52, 7, 62]
1542804140298;[171, 0, 17, 255, 161, 74, 235, 75, 78, 0, 0, 202, 0, 0, 0, 0, 0, 148, 12, 238]
1542804140300;[171, 0, 17, 255, 161, 74, 235, 75, 78, 0, 0, 214, 1, 0, 5, 0, 0, 147, 13, 39]
1542804140470;[171, 0, 17, 255, 161, 74, 235, 75, 78, 0, 1, 5, 1, 0, 10, 0, 0, 157, 13, 68]
1542804140475;[171, 0, 17, 255, 161, 74, 235, 75, 78, 0, 0, 145, 1, 0, 136, 0, 0, 250, 13, 112]
1542804140643;[171, 0, 17, 255, 161, 74, 235, 75, 78, 0, 0, 230, 1, 0, 43, 0, 0, 154, 13, 241]
1542804140817;[171, 0, 17, 255, 161, 74, 235, 75, 78, 0, 0, 186, 1, 0, 45, 0, 0, 108, 14, 69]
1542804140987;[171, 0, 17, 255, 161, 74, 235, 75, 78, 0, 0, 230, 1, 0, 78, 0, 0, 66, 14, 24]
1542804140990;[171, 0, 17, 255, 161, 74, 235, 75, 78, 0, 0, 141, 1, 0, 117, 0, 0, 34, 13, 184]
1542804141508;[171, 0, 17, 255, 161, 74, 235, 75, 78, 0, 0, 153, 1, 0, 148, 1, 0, 31, 12, 224]
1542804141510;[171, 0, 17, 255, 161, 74, 235, 75, 79, 0, 1, 38, 1, 0, 87, 0, 0, 49, 12, 147]
1542804141513;[171, 0, 4, 255, 132, 128, 99]
1542804141537;[171, 0, 17, 255, 161, 74, 235, 75, 79, 0, 0, 127, 1, 0, 217, 1, 0, 43, 12, 130]
1542804141679;[171, 0, 17, 255, 161, 74, 235, 75, 79, 1, 0, 90, 1, 0, 255, 0, 0, 27, 11, 241]
1542804141682;[171, 0, 17, 255, 161, 74, 235, 75, 79, 0, 0, 101, 1, 0, 251, 1, 0, 80, 12, 61]
1542804141685;[171, 0, 17, 255, 161, 74, 235, 75, 79, 0, 0, 130, 1, 0, 201, 0, 0, 10, 13, 149]
1542804141850;[171, 0, 17, 255, 161, 74, 235, 75, 79, 0, 0, 131, 1, 0, 193, 1, 0, 68, 12, 178]
1542804142023;[171, 0, 17, 255, 161, 74, 235, 75, 79, 0, 0, 136, 1, 0, 207, 1, 0, 5, 11, 223]
1542804142026;[171, 0, 17, 255, 161, 74, 235, 75, 79, 0, 0, 112, 1, 0, 220, 1, 0, 10, 11, 87]
1542804142196;[171, 0, 17, 255, 161, 74, 235, 75, 79, 0, 0, 124, 1, 0, 198, 0, 0, 32, 10, 238]
1542804142199;[171, 0, 17, 255, 161, 74, 235, 75, 79, 0, 0, 244, 1, 0, 144, 0, 0, 24, 10, 152]
1542804142715;[171, 0, 17, 255, 161, 74, 235, 75, 80, 0, 1, 191, 1, 1, 150, 0, 0, 15, 10, 121]
1542804142717;[171, 0, 4, 255, 132, 128, 99]
1542804142742;[171, 0, 17, 255, 161, 74, 235, 75, 80, 1, 1, 9, 1, 0, 113, 1, 0, 74, 9, 255]
1542804142746;[171, 0, 17, 255, 161, 74, 235, 75, 80, 0, 0, 55, 1, 0, 164, 0, 0, 6, 9, 231]
1542804142888;[171, 0, 17, 255, 161, 74, 235, 75, 80, 1, 5, 81, 0, 1, 192, 0, 1, 3, 9, 39]
1542804142890;[171, 0, 17, 255, 161, 74, 235, 75, 80, 0, 0, 87, 1, 0, 247, 0, 0, 43, 8, 221]
1542804142892;[171, 0, 17, 255, 161, 74, 235, 75, 80, 0, 0, 66, 1, 0, 213, 1, 0, 18, 8, 89]
1542804143059;[171, 0, 17, 255, 161, 74, 235, 75, 80, 1, 0, 13, 1, 0, 232, 0, 0, 22, 8, 34]
1542804143063;[171, 0, 17, 255, 161, 74, 235, 75, 80, 0, 0, 100, 1, 1, 1, 1, 0, 2, 8, 49]
1542804143233;[171, 0, 17, 255, 161, 74, 235, 75, 80, 0, 0, 110, 1, 0, 217, 1, 0, 5, 8, 26]
1542804143237;[171, 0, 17, 255, 161, 74, 235, 75, 80, 0, 0, 123, 1, 1, 11, 0, 0, 157, 8, 74]
1542804143402;[171, 0, 17, 255, 161, 74, 235, 75, 81, 0, 0, 97, 1, 0, 172, 0, 0, 72, 8, 72]
1542804143920;[171, 0, 4, 255, 132, 128, 99]
1542804143943;[171, 0, 17, 255, 161, 74, 235, 75, 81, 1, 0, 22, 1, 0, 78, 0, 0, 37, 8, 55]
1542804144095;[171, 0, 17, 255, 161, 74, 235, 75, 81, 1, 0, 202, 1, 1, 38, 0, 0, 101, 7, 213]
1542804144098;[171, 0, 17, 255, 161, 74, 235, 75, 81, 1, 0, 33, 1, 1, 106, 1, 0, 105, 6, 2]
1542804144101;[171, 0, 17, 255, 161, 74, 235, 75, 81, 0, 0, 31, 1, 0, 239, 1, 0, 14, 5, 187]
1542804144104;[171, 0, 17, 255, 161, 74, 235, 75, 81, 1, 0, 35, 1, 0, 247, 1, 0, 25, 5, 146]
1542804144268;[171, 0, 17, 255, 161, 74, 235, 75, 81, 1, 0, 44, 1, 0, 241, 1, 0, 25, 5, 199]
1542804144274;[171, 0, 17, 255, 161, 74, 235, 75, 81, 1, 0, 100, 1, 1, 62, 1, 0, 47, 6, 133]
1542804144280;[171, 0, 17, 255, 161, 74, 235, 75, 81, 0, 0, 136, 1, 0, 249, 0, 0, 74, 6, 204]
1542804144439;[171, 0, 17, 255, 161, 74, 235, 75, 81, 0, 0, 89, 1, 1, 10, 0, 0, 23, 6, 192]
1542804144443;[171, 0, 17, 255, 161, 74, 235, 75, 82, 0, 0, 99, 1, 0, 235, 1, 0, 67, 5, 243]
1542804144610;[171, 0, 4, 255, 132, 128, 99]
1542804144783;[171, 0, 17, 255, 161, 74, 235, 75, 82, 1, 0, 114, 1, 0, 86, 1, 0, 64, 5, 16]
1542804144788;[171, 0, 17, 255, 161, 74, 235, 75, 82, 1, 0, 40, 1, 0, 92, 0, 0, 46, 4, 99]
1542804145131;[171, 0, 17, 255, 161, 74, 235, 75, 82, 1, 0, 10, 1, 1, 34, 1, 0, 5, 3, 77]
1542804145134;[171, 0, 17, 255, 161, 74, 235, 75, 82, 0, 0, 77, 1, 0, 233, 1, 0, 40, 2, 228]
1542804145138;[171, 0, 17, 255, 161, 74, 235, 75, 82, 0, 0, 10, 1, 0, 253, 1, 0, 38, 2, 239]
1542804145140;[171, 0, 17, 255, 161, 74, 235, 75, 82, 0, 0, 55, 1, 0, 236, 1, 0, 37, 2, 240]
1542804145475;[171, 0, 17, 255, 161, 74, 235, 75, 82, 0, 0, 37, 1, 0, 236, 1, 0, 18, 2, 207]
1542804145479;[171, 0, 17, 255, 161, 74, 235, 75, 82, 0, 0, 42, 1, 0, 243, 1, 0, 23, 2, 78]
1542804145483;[171, 0, 17, 255, 161, 74, 235, 75, 82, 0, 0, 0, 1, 1, 5, 1, 0, 53, 1, 205]
1542804145645;[171, 0, 17, 255, 161, 74, 235, 75, 83, 0, 0, 94, 1, 1, 21, 1, 0, 28, 1, 31]
1542804145648;[171, 0, 4, 255, 132, 128, 99]
1542804146341;[171, 0, 17, 255, 161, 74, 235, 75, 83, 0, 0, 102, 1, 0, 236, 1, 0, 11, 1, 31]
1542804146343;[171, 0, 17, 255, 161, 74, 235, 75, 83, 0, 0, 170, 1, 0, 142, 1, 0, 54, 1, 106]
1542804146349;[171, 0, 17, 255, 161, 74, 235, 75, 83, 1, 0, 15, 1, 0, 109, 1, 0, 18, 1, 84]
1542804146351;[171, 0, 17, 255, 161, 74, 235, 75, 83, 0, 0, 22, 1, 1, 27, 1, 0, 152, 0, 252]
1542804146682;[171, 0, 17, 255, 161, 74, 235, 75, 83, 0, 0, 126, 1, 0, 177, 1, 0, 44, 16, 137]
1542804146685;[171, 0, 17, 255, 161, 74, 235, 75, 83, 0, 0, 57, 1, 0, 245, 1, 0, 34, 7, 120]
1542804146687;[171, 0, 17, 255, 161, 74, 235, 75, 83, 0, 0, 66, 1, 0, 225, 1, 0, 35, 7, 119]
1542804146690;[171, 0, 17, 255, 161, 74, 235, 75, 83, 0, 0, 64, 1, 0, 225, 1, 0, 12, 7, 120]
1542804146856;[171, 0, 17, 255, 161, 74, 235, 75, 83, 0, 0, 27, 1, 0, 241, 1, 0, 35, 7, 116]
1542804146860;[171, 0, 17, 255, 161, 74, 235, 75, 84, 0, 0, 55, 1, 1, 2, 1, 0, 68, 7, 33]
1542804146861;[171, 0, 4, 255, 132, 128, 100]
1542804146885;[171, 0, 17, 255, 161, 74, 235, 75, 84, 0, 0, 68, 1, 0, 232, 1, 0, 1, 6, 247]
1542804147027;[171, 0, 17, 255, 161, 74, 235, 75, 84, 0, 0, 23, 1, 0, 249, 1, 0, 12, 7, 28]
1542804147044;[171, 0, 17, 255, 161, 74, 235, 75, 84, 0, 0, 24, 1, 0, 244, 1, 0, 24, 7, 63]
1542804147378;[171, 0, 17, 255, 161, 74, 235, 75, 84, 0, 0, 5, 1, 0, 245, 1, 0, 29, 7, 122]
1542804147387;[171, 0, 17, 255, 161, 74, 235, 75, 84, 0, 0, 4, 1, 0, 236, 1, 0, 52, 7, 167]
1542804147389;[171, 0, 17, 255, 161, 74, 235, 75, 84, 0, 0, 2, 1, 0, 240, 1, 0, 51, 7, 240]
1542804147718;[171, 0, 17, 255, 161, 74, 235, 75, 84, 0, 0, 5, 1, 0, 236, 1, 0, 61, 8, 46]
1542804147722;[171, 0, 17, 255, 161, 74, 235, 75, 84, 0, 0, 5, 1, 0, 236, 1, 0, 69, 8, 96]
1542804147726;[171, 0, 17, 255, 161, 74, 235, 75, 84, 0, 0, 12, 1, 0, 234, 1, 0, 59, 8, 140]
1542804147899;[171, 0, 17, 255, 161, 74, 235, 75, 85, 0, 0, 14, 1, 0, 235, 1, 0, 62, 8, 186]
1542804147901;[171, 0, 4, 255, 132, 128, 100]
1542804148061;[171, 0, 17, 255, 161, 74, 235, 75, 85, 0, 0, 8, 1, 0, 235, 1, 0, 66, 9, 19]
1542804148063;[171, 0, 17, 255, 161, 74, 235, 75, 85, 0, 0, 5, 1, 0, 235, 1, 0, 65, 9, 96]
1542804148233;[171, 0, 17, 255, 161, 74, 235, 75, 85, 0, 0, 5, 1, 0, 236, 1, 0, 68, 9, 158]
1542804148236;[171, 0, 17, 255, 161, 74, 235, 75, 85, 0, 0, 10, 1, 0, 235, 1, 0, 65, 9, 227]
1542804148589;[171, 0, 17, 255, 161, 74, 235, 75, 85, 0, 0, 12, 1, 0, 235, 1, 0, 62, 10, 35]
1542804148594;[171, 0, 17, 255, 161, 74, 235, 75, 85, 0, 0, 8, 1, 0, 236, 1, 0, 65, 10, 130]
1542804148595;[171, 0, 17, 255, 161, 74, 235, 75, 85, 0, 0, 10, 1, 0, 232, 1, 0, 64, 10, 209]
1542804149789;[171, 0, 17, 255, 161, 74, 235, 75, 85, 0, 0, 0, 1, 0, 237, 1, 0, 65, 11, 24]
1542804149792;[171, 0, 17, 255, 161, 74, 235, 75, 85, 1, 0, 1, 1, 0, 236, 1, 0, 67, 11, 89]
1542804149799;[171, 0, 17, 255, 161, 74, 235, 75, 86, 1, 0, 4, 1, 0, 234, 1, 0, 65, 11, 165]
1542804149801;[171, 0, 4, 255, 132, 128, 101]
1542804150306;[171, 0, 17, 255, 161, 74, 235, 75, 86, 1, 0, 6, 1, 0, 233, 1, 0, 67, 12, 25]
1542804150312;[171, 0, 17, 255, 161, 74, 235, 75, 86, 1, 0, 3, 1, 0, 233, 1, 0, 65, 12, 110]
1542804150314;[171, 0, 17, 255, 161, 74, 235, 75, 86, 0, 0, 0, 1, 0, 235, 1, 0, 65, 12, 163]
1542804150317;[171, 0, 17, 255, 161, 74, 235, 75, 86, 0, 0, 4, 1, 0, 235, 1, 0, 66, 12, 225]
1542804150648;[171, 0, 17, 255, 161, 74, 235, 75, 86, 0, 0, 1, 1, 0, 237, 1, 0, 67, 13, 43]
1542804150651;[171, 0, 17, 255, 161, 74, 235, 75, 86, 1, 0, 2, 1, 0, 233, 1, 0, 66, 13, 149]
1542804150994;[171, 0, 17, 255, 161, 74, 235, 75, 86, 1, 0, 3, 1, 0, 235, 1, 0, 65, 13, 235]
1542804150997;[171, 0, 17, 255, 161, 74, 235, 75, 86, 1, 0, 3, 1, 0, 234, 1, 0, 67, 13, 235]
1542804151000;[171, 0, 17, 255, 161, 74, 235, 75, 86, 1, 0, 6, 1, 0, 237, 1, 0, 67, 14, 58]
1542804151003;[171, 0, 17, 255, 161, 74, 235, 75, 87, 1, 0, 7, 1, 0, 234, 1, 0, 68, 14, 161]
1542804151166;[171, 0, 4, 255, 132, 128, 104]
1542804151512;[171, 0, 17, 255, 161, 74, 235, 75, 87, 0, 0, 0, 1, 0, 236, 1, 0, 65, 15, 45]
1542804151516;[171, 0, 17, 255, 161, 74, 235, 75, 87, 0, 0, 4, 1, 0, 233, 1, 0, 66, 31, 145]
1542804151519;[171, 0, 17, 255, 161, 74, 235, 75, 87, 0, 0, 3, 1, 0, 238, 1, 0, 67, 8, 44]
1542804151522;[171, 0, 17, 255, 161, 74, 235, 75, 87, 0, 0, 2, 1, 0, 236, 1, 0, 65, 8, 124]
1542804151685;[171, 0, 17, 255, 161, 74, 235, 75, 87, 1, 0, 6, 1, 0, 236, 1, 0, 63, 8, 255]
1542804151688;[171, 0, 17, 255, 161, 74, 235, 75, 87, 0, 0, 0, 1, 0, 238, 1, 0, 64, 9, 150]
1542804151691;[171, 0, 17, 255, 161, 74, 235, 75, 87, 0, 0, 3, 1, 0, 237, 1, 0, 64, 10, 14]
1542804151695;[171, 0, 17, 255, 161, 74, 235, 75, 87, 0, 0, 5, 1, 0, 236, 1, 0, 65, 10, 136]
1542804151858;[171, 0, 17, 255, 161, 74, 235, 75, 87, 0, 0, 8, 1, 0, 235, 1, 0, 67, 10, 252]
1542804151861;[171, 0, 17, 255, 161, 74, 235, 75, 88, 0, 0, 10, 1, 0, 235, 1, 0, 64, 11, 170]
1542804151881;[171, 0, 4, 255, 132, 128, 108]
1542804152030;[171, 0, 17, 255, 161, 74, 235, 75, 88, 0, 0, 8, 1, 0, 233, 1, 0, 65, 12, 94]
1542804152033;[171, 0, 17, 255, 161, 74, 235, 75, 88, 0, 0, 7, 1, 0, 236, 1, 0, 66, 12, 212]
1542804152201;[171, 0, 17, 255, 161, 74, 235, 75, 88, 0, 0, 5, 1, 0, 235, 1, 0, 65, 13, 69]
1542804152373;[171, 0, 17, 255, 161, 74, 235, 75, 88, 0, 0, 2, 1, 0, 233, 1, 0, 66, 13, 171]
1542804152378;[171, 0, 17, 255, 161, 74, 235, 75, 88, 0, 0, 1, 1, 0, 236, 1, 0, 66, 14, 81]
1542804152911;[171, 0, 17, 255, 161, 74, 235, 75, 88, 1, 0, 2, 1, 0, 236, 1, 0, 64, 14, 236]
1542804152912;[171, 0, 17, 255, 161, 74, 235, 75, 88, 0, 0, 0, 1, 0, 234, 1, 0, 70, 31, 98]
1542804152914;[171, 0, 17, 255, 161, 74, 235, 75, 88, 1, 0, 1, 1, 0, 232, 1, 0, 66, 7, 208]
1542804152915;[171, 0, 17, 255, 161, 74, 235, 75, 88, 0, 0, 11, 1, 0, 238, 1, 0, 59, 8, 97]
1542804153064;[171, 0, 17, 255, 161, 74, 235, 75, 89, 0, 0, 21, 1, 0, 241, 1, 0, 50, 9, 41]
1542804153067;[171, 0, 4, 255, 132, 128, 110]
1542804153090;[171, 0, 17, 255, 161, 74, 235, 75, 89, 0, 0, 2, 1, 1, 38, 1, 0, 43, 9, 174]
1542804153234;[171, 0, 17, 255, 161, 74, 235, 75, 89, 1, 0, 1, 1, 1, 85, 0, 0, 8, 9, 190]
1542804153237;[171, 0, 17, 255, 161, 74, 235, 75, 89, 1, 0, 182, 1, 0, 71, 1, 0, 13, 7, 205]
1542804153407;[171, 0, 17, 255, 161, 74, 235, 75, 89, 0, 0, 110, 1, 1, 17, 0, 0, 48, 7, 91]
1542804153584;[171, 0, 17, 255, 161, 74, 235, 75, 89, 1, 0, 190, 1, 0, 253, 1, 0, 69, 5, 254]
1542804153585;[171, 0, 17, 255, 161, 74, 235, 75, 89, 0, 0, 42, 1, 0, 220, 0, 0, 59, 6, 110]
1542804153754;[171, 0, 17, 255, 161, 74, 235, 75, 89, 1, 0, 10, 1, 0, 246, 1, 0, 15, 6, 174]
1542804153756;[171, 0, 17, 255, 161, 74, 235, 75, 89, 1, 0, 18, 1, 0, 247, 1, 0, 15, 6, 224]
1542804154099;[171, 0, 17, 255, 161, 74, 235, 75, 89, 1, 0, 34, 1, 0, 240, 1, 0, 13, 7, 57]
1542804154102;[171, 0, 17, 255, 161, 74, 235, 75, 90, 1, 0, 47, 1, 0, 243, 1, 0, 37, 7, 199]
1542804154106;[171, 0, 4, 255, 132, 128, 113]
1542804154276;[171, 0, 17, 255, 161, 74, 235, 75, 90, 1, 0, 34, 1, 0, 242, 1, 0, 18, 8, 50]
1542804154459;[171, 0, 17, 255, 161, 74, 235, 75, 90, 1, 0, 70, 1, 0, 227, 1, 0, 57, 8, 155]
1542804154460;[171, 0, 17, 255, 161, 74, 235, 75, 90, 1, 0, 21, 1, 0, 245, 1, 0, 29, 8, 243]
1542804154462;[171, 0, 17, 255, 161, 74, 235, 75, 90, 1, 0, 88, 1, 0, 231, 1, 0, 53, 9, 66]
1542804154614;[171, 0, 17, 255, 161, 74, 235, 75, 90, 1, 0, 46, 1, 0, 240, 1, 0, 23, 9, 169]
1542804154789;[171, 0, 17, 255, 161, 74, 235, 75, 90, 1, 0, 44, 1, 0, 237, 1, 0, 32, 10, 27]
1542804154792;[171, 0, 17, 255, 161, 74, 235, 75, 90, 1, 0, 59, 1, 0, 236, 1, 0, 28, 10, 68]
1542804154962;[171, 0, 17, 255, 161, 74, 235, 75, 90, 1, 0, 55, 1, 0, 240, 1, 0, 23, 10, 115]
1542804154964;[171, 0, 17, 255, 161, 74, 235, 75, 90, 1, 0, 53, 1, 0, 240, 1, 0, 22, 10, 170]
1542804155479;[171, 0, 17, 255, 161, 74, 235, 75, 93, 1, 1, 40, 1, 0, 81, 0, 1, 107, 5, 216]
1542804155481;[171, 0, 17, 255, 161, 74, 235, 75, 93, 0, 0, 114, 1, 1, 12, 0, 0, 152, 3, 232]
1542804155484;[171, 0, 17, 255, 161, 74, 235, 75, 93, 0, 0, 7, 1, 0, 17, 0, 0, 12, 4, 42]
1542804155487;[171, 0, 17, 255, 161, 74, 235, 75, 93, 0, 0, 64, 1, 0, 117, 0, 0, 94, 3, 190]
1542804155998;[171, 0, 17, 255, 161, 74, 235, 75, 93, 1, 0, 84, 1, 2, 71, 1, 1, 239, 3, 190]
1542804156002;[171, 0, 17, 255, 161, 74, 235, 75, 93, 0, 0, 117, 1, 1, 40, 0, 0, 113, 3, 190]
1542804156006;[171, 0, 17, 255, 161, 74, 235, 75, 93, 0, 0, 148, 1, 1, 56, 0, 0, 50, 2, 169]
1542804156014;[171, 0, 17, 255, 161, 74, 235, 75, 93, 1, 0, 167, 1, 1, 132, 1, 0, 18, 2, 89]
1542804156170;[171, 0, 17, 255, 161, 74, 235, 75, 93, 1, 0, 168, 0, 0, 17, 1, 0, 90, 2, 69]
1542804156173;[171, 0, 17, 255, 161, 74, 235, 75, 94, 0, 7, 255, 1, 2, 189, 0, 1, 1, 2, 34]
1542804156339;[171, 0, 4, 255, 132, 128, 118]
1542804156361;[171, 0, 17, 255, 161, 74, 235, 75, 94, 0, 1, 73, 0, 0, 15, 0, 1, 152, 16, 84]
1542804156686;[171, 0, 17, 255, 161, 74, 235, 75, 94, 0, 0, 82, 1, 0, 232, 1, 0, 48, 7, 208]
1542804156689;[171, 0, 17, 255, 161, 74, 235, 75, 94, 0, 0, 110, 1, 0, 216, 1, 0, 50, 7, 19]
1542804156692;[171, 0, 17, 255, 161, 74, 235, 75, 94, 0, 0, 78, 1, 0, 233, 0, 0, 45, 5, 122]
1542804156857;[171, 0, 17, 255, 161, 74, 235, 75, 94, 0, 0, 104, 1, 0, 225, 1, 0, 7, 4, 215]
1542804156859;[171, 0, 17, 255, 161, 74, 235, 75, 94, 0, 0, 101, 1, 0, 224, 0, 0, 26, 4, 98]
1542804157031;[171, 0, 17, 255, 161, 74, 235, 75, 94, 0, 0, 159, 1, 0, 212, 1, 0, 7, 3, 35]
1542804157034;[171, 0, 17, 255, 161, 74, 235, 75, 94, 0, 0, 223, 1, 0, 184, 0, 0, 40, 3, 55]
1542804157204;[171, 0, 17, 255, 161, 74, 235, 75, 94, 1, 0, 117, 1, 0, 155, 0, 0, 62, 2, 72]
1542804157377;[171, 0, 17, 255, 161, 74, 235, 75, 95, 0, 0, 96, 1, 0, 190, 1, 0, 21, 16, 0]
1542804157379;[171, 0, 4, 255, 132, 128, 118]
1542804157549;[171, 0, 17, 255, 161, 74, 235, 75, 95, 0, 0, 87, 1, 1, 3, 0, 0, 100, 4, 200]
1542804157552;[171, 0, 17, 255, 161, 74, 235, 75, 95, 0, 0, 92, 1, 0, 217, 0, 0, 137, 4, 2]
1542804157897;[171, 0, 17, 255, 161, 74, 235, 75, 95, 0, 0, 116, 1, 0, 213, 0, 0, 108, 4, 2]
1542804157902;[171, 0, 17, 255, 161, 74, 235, 75, 95, 0, 0, 151, 1, 0, 170, 0, 0, 32, 3, 216]
1542804157928;[171, 0, 17, 255, 161, 74, 235, 75, 95, 0, 0, 149, 1, 0, 190, 0, 0, 56, 3, 34]
1542804158412;[171, 0, 17, 255, 161, 74, 235, 75, 95, 0, 0, 141, 1, 0, 194, 0, 0, 5, 2, 167]
1542804158416;[171, 0, 17, 255, 161, 74, 235, 75, 95, 0, 0, 165, 1, 0, 173, 0, 0, 12, 2, 118]
1542804158419;[171, 0, 17, 255, 161, 74, 235, 75, 95, 0, 0, 149, 1, 0, 193, 0, 0, 37, 2, 82]
1542804158421;[171, 0, 17, 255, 161, 74, 235, 75, 95, 0, 0, 148, 1, 0, 192, 0, 0, 26, 2, 60]
1542804158583;[171, 0, 17, 255, 161, 74, 235, 75, 96, 0, 0, 147, 1, 0, 194, 0, 0, 13, 2, 42]
1542804158585;[171, 0, 4, 255, 132, 128, 118]
1542804158613;[171, 0, 17, 255, 161, 74, 235, 75, 96, 0, 0, 148, 1, 0, 195, 0, 0, 13, 2, 51]
1542804158755;[171, 0, 17, 255, 161, 74, 235, 75, 96, 0, 0, 149, 1, 0, 195, 0, 0, 13, 2, 67]
1542804158758;[171, 0, 17, 255, 161, 74, 235, 75, 96, 0, 0, 149, 1, 0, 194, 0, 0, 8, 2, 85]
1542804159444;[171, 0, 17, 255, 161, 74, 235, 75, 96, 0, 0, 149, 1, 0, 194, 0, 0, 7, 2, 75]
1542804159448;[171, 0, 17, 255, 161, 74, 235, 75, 96, 0, 0, 149, 1, 0, 192, 0, 0, 5, 2, 53]
1542804159647;[171, 0, 17, 255, 161, 74, 235, 75, 96, 0, 0, 145, 1, 0, 194, 0, 0, 4, 2, 32]
1542804159648;[171, 0, 17, 255, 161, 74, 235, 75, 96, 0, 0, 147, 1, 0, 195, 0, 0, 2, 2, 12]
1542804159649;[171, 0, 17, 255, 161, 74, 235, 75, 96, 0, 0, 147, 1, 0, 193, 1, 0, 3, 1, 241]
1542804159650;[171, 0, 17, 255, 161, 74, 235, 75, 96, 0, 0, 147, 1, 0, 195, 1, 0, 8, 1, 239]
1542804159791;[171, 0, 17, 255, 161, 74, 235, 75, 97, 0, 0, 146, 1, 0, 193, 1, 0, 9, 1, 216]
1542804159794;[171, 0, 4, 255, 132, 128, 118]
1542804159817;[171, 0, 17, 255, 161, 74, 235, 75, 97, 0, 0, 148, 1, 0, 193, 1, 0, 7, 1, 188]
1542804159818;[171, 0, 17, 255, 161, 74, 235, 75, 97, 0, 0, 145, 1, 0, 195, 1, 0, 7, 1, 164]
1542804159961;[171, 0, 17, 255, 161, 74, 235, 75, 97, 0, 0, 150, 1, 0, 194, 1, 0, 8, 1, 154]
1542804160138;[171, 0, 17, 255, 161, 74, 235, 75, 97, 0, 0, 148, 1, 0, 194, 1, 0, 7, 1, 128]
1542804160141;[171, 0, 17, 255, 161, 74, 235, 75, 97, 0, 0, 149, 1, 0, 192, 1, 0, 10, 1, 97]
1542804160145;[171, 0, 17, 255, 161, 74, 235, 75, 97, 0, 0, 148, 1, 0, 193, 1, 0, 10, 1, 62]
1542804160655;[171, 0, 17, 255, 161, 74, 235, 75, 97, 0, 0, 150, 1, 0, 193, 1, 0, 11, 1, 53]
1542804160658;[171, 0, 17, 255, 161, 74, 235, 75, 97, 0, 0, 147, 1, 0, 194, 1, 0, 10, 1, 40]
1542804160661;[171, 0, 17, 255, 161, 74, 235, 75, 97, 0, 0, 145, 1, 0, 195, 1, 0, 9, 1, 11]
1542804160663;[171, 0, 17, 255, 161, 74, 235, 75, 98, 0, 0, 146, 1, 0, 193, 1, 0, 9, 0, 239]
1542804160825;[171, 0, 4, 255, 132, 128, 118]
1542804160999;[171, 0, 17, 255, 161, 74, 235, 75, 98, 0, 0, 146, 1, 0, 195, 1, 0, 10, 0, 209]
1542804161002;[171, 0, 17, 255, 161, 74, 235, 75, 98, 0, 0, 146, 1, 0, 195, 1, 0, 9, 16, 183]
1542804161005;[171, 0, 17, 255, 161, 74, 235, 75, 98, 0, 0, 146, 1, 0, 194, 1, 0, 9, 7, 186]
1542804161171;[171, 0, 17, 255, 161, 74, 235, 75, 98, 0, 0, 148, 1, 0, 194, 1, 0, 11, 7, 167]
1542804161175;[171, 0, 17, 255, 161, 74, 235, 75, 98, 0, 0, 147, 1, 0, 194, 1, 0, 11, 7, 129]
1542804161344;[171, 0, 17, 255, 161, 74, 235, 75, 98, 0, 0, 145, 1, 0, 195, 1, 0, 10, 7, 130]
1542804161349;[171, 0, 17, 255, 161, 74, 235, 75, 98, 0, 0, 150, 1, 0, 194, 1, 0, 12, 7, 91]
1542804161689;[171, 0, 17, 255, 161, 74, 235, 75, 98, 0, 0, 147, 1, 0, 195, 1, 0, 10, 7, 78]
1542804161692;[171, 0, 17, 255, 161, 74, 235, 75, 98, 0, 0, 149, 1, 0, 191, 1, 0, 14, 7, 72]
1542804161861;[171, 0, 17, 255, 161, 74, 235, 75, 99, 0, 0, 146, 1, 0, 192, 1, 0, 13, 7, 76]
1542804161864;[171, 0, 4, 255, 132, 128, 118]
1542804161888;[171, 0, 17, 255, 161, 74, 235, 75, 99, 0, 0, 146, 1, 0, 196, 1, 0, 11, 7, 77]
1542804162033;[171, 0, 17, 255, 161, 74, 235, 75, 99, 0, 0, 143, 1, 0, 206, 1, 0, 6, 7, 89]
1542804162036;[171, 0, 17, 255, 161, 74, 235, 75, 99, 0, 0, 145, 1, 0, 195, 0, 0, 4, 8, 0]
1542804162205;[171, 0, 17, 255, 161, 74, 235, 75, 99, 0, 0, 142, 1, 0, 202, 1, 0, 3, 8, 164]
1542804162378;[171, 0, 17, 255, 161, 74, 235, 75, 99, 0, 0, 130, 1, 0, 199, 1, 0, 5, 8, 210]
1542804162551;[171, 0, 17, 255, 161, 74, 235, 75, 99, 0, 0, 116, 1, 0, 217, 1, 0, 16, 8, 175]
1542804162554;[171, 0, 17, 255, 161, 74, 235, 75, 99, 0, 0, 106, 1, 0, 223, 1, 0, 14, 8, 150]
1542804162723;[171, 0, 17, 255, 161, 74, 235, 75, 99, 0, 0, 101, 1, 0, 244, 1, 0, 51, 8, 205]
1542804162726;[171, 0, 17, 255, 161, 74, 235, 75, 99, 0, 0, 97, 1, 0, 207, 0, 0, 3, 9, 112]
1542804163244;[171, 0, 17, 255, 161, 74, 235, 75, 100, 0, 0, 96, 1, 0, 208, 1, 0, 42, 9, 205]
1542804163247;[171, 0, 4, 255, 132, 128, 120]
1542804163273;[171, 0, 17, 255, 161, 74, 235, 75, 100, 0, 0, 91, 1, 0, 228, 1, 0, 33, 10, 73]
1542804163274;[171, 0, 17, 255, 161, 74, 235, 75, 100, 0, 0, 88, 1, 0, 244, 1, 0, 40, 10, 168]
1542804163416;[171, 0, 17, 255, 161, 74, 235, 75, 100, 0, 0, 77, 1, 0, 231, 1, 0, 30, 10, 251]
1542804163419;[171, 0, 17, 255, 161, 74, 235, 75, 100, 0, 0, 92, 1, 0, 212, 1, 0, 23, 11, 64]
1542804163426;[171, 0, 17, 255, 161, 74, 235, 75, 100, 0, 0, 90, 1, 0, 197, 1, 0, 45, 11, 85]
1542804163584;[171, 0, 17, 255, 161, 74, 235, 75, 100, 0, 0, 47, 1, 0, 228, 1, 0, 46, 11, 141]
1542804163587;[171, 0, 17, 255, 161, 74, 235, 75, 100, 0, 0, 39, 1, 0, 241, 1, 0, 28, 11, 248]
1542804163758;[171, 0, 17, 255, 161, 74, 235, 75, 100, 0, 0, 43, 1, 0, 237, 1, 0, 41, 12, 12]
1542804163761;[171, 0, 17, 255, 161, 74, 235, 75, 100, 0, 0, 34, 1, 0, 241, 1, 0, 32, 11, 182]
1542804163938;[171, 0, 17, 255, 161, 74, 235, 75, 101, 0, 0, 21, 1, 0, 244, 1, 0, 43, 11, 30]
1542804163939;[171, 0, 4, 255, 132, 128, 121]
1542804164636;[171, 0, 17, 255, 161, 74, 235, 75, 101, 0, 0, 64, 1, 0, 253, 1, 0, 39, 10, 238]
1542804164639;[171, 0, 17, 255, 161, 74, 235, 75, 101, 0, 0, 36, 1, 0, 238, 1, 0, 28, 11, 34]
1542804164640;[171, 0, 17, 255, 161, 74, 235, 75, 101, 0, 0, 40, 1, 0, 238, 1, 0, 31, 11, 127]
1542804164641;[171, 0, 17, 255, 161, 74, 235, 75, 101, 0, 0, 46, 1, 0, 238, 1, 0, 22, 11, 195]
1542804164794;[171, 0, 17, 255, 161, 74, 235, 75, 101, 0, 0, 42, 1, 0, 237, 1, 0, 32, 11, 224]
1542804164797;[171, 0, 17, 255, 161, 74, 235, 75, 101, 0, 0, 47, 1, 0, 242, 1, 0, 30, 12, 16]
1542804164824;[171, 0, 17, 255, 161, 74, 235, 75, 101, 0, 0, 40, 1, 0, 236, 1, 0, 37, 12, 29]
1542804164826;[171, 0, 17, 255, 161, 74, 235, 75, 101, 0, 0, 50, 1, 0, 241, 1, 0, 30, 12, 125]
1542804164963;[171, 0, 17, 255, 161, 74, 235, 75, 101, 0, 0, 44, 1, 0, 236, 1, 0, 31, 12, 248]
1542804164966;[171, 0, 17, 255, 161, 74, 235, 75, 102, 0, 0, 45, 1, 0, 239, 1, 0, 32, 13, 83]
1542804165312;[171, 0, 4, 255, 132, 128, 122]
1542804165336;[171, 0, 17, 255, 161, 74, 235, 75, 102, 0, 0, 42, 1, 0, 239, 1, 0, 34, 13, 150]
1542804165338;[171, 0, 17, 255, 161, 74, 235, 75, 102, 0, 0, 44, 1, 0, 239, 1, 0, 42, 13, 157]
1542804165828;[171, 0, 17, 255, 161, 74, 235, 75, 102, 0, 0, 41, 1, 0, 237, 1, 0, 32, 13, 143]
1542804166001;[171, 0, 17, 255, 161, 74, 235, 75, 102, 0, 0, 37, 1, 0, 237, 1, 0, 31, 13, 175]
1542804166004;[171, 0, 17, 255, 161, 74, 235, 75, 102, 0, 0, 37, 1, 0, 238, 1, 0, 28, 14, 7]
1542804166007;[171, 0, 17, 255, 161, 74, 235, 75, 102, 0, 0, 47, 1, 0, 240, 1, 0, 31, 14, 74]
1542804166009;[171, 0, 17, 255, 161, 74, 235, 75, 102, 0, 0, 40, 1, 0, 238, 1, 0, 32, 14, 111]
1542804166175;[171, 0, 17, 255, 161, 74, 235, 75, 102, 0, 0, 43, 1, 0, 240, 1, 0, 30, 14, 140]
1542804166178;[171, 0, 17, 255, 161, 74, 235, 75, 102, 0, 0, 42, 1, 0, 237, 1, 0, 33, 14, 156]
1542804166182;[171, 0, 17, 255, 161, 74, 235, 75, 103, 0, 0, 45, 1, 0, 238, 1, 0, 35, 14, 211]
1542804166185;[171, 0, 4, 255, 132, 128, 122]
1542804166351;[171, 0, 17, 255, 161, 74, 235, 75, 103, 0, 0, 43, 1, 0, 241, 1, 0, 33, 15, 51]
1542804166353;[171, 0, 17, 255, 161, 74, 235, 75, 103, 0, 0, 41, 1, 0, 235, 1, 0, 33, 31, 95]
1542804166515;[171, 0, 17, 255, 161, 74, 235, 75, 103, 0, 0, 52, 1, 0, 238, 1, 0, 34, 7, 240]
1542804167210;[171, 0, 17, 255, 161, 74, 235, 75, 103, 0, 0, 39, 1, 0, 237, 1, 0, 37, 8, 8]
1542804167214;[171, 0, 17, 255, 161, 74, 235, 75, 103, 0, 0, 39, 1, 0, 240, 1, 0, 30, 8, 10]
1542804167218;[171, 0, 17, 255, 161, 74, 235, 75, 103, 0, 0, 39, 1, 0, 238, 1, 0, 30, 8, 64]
1542804167222;[171, 0, 17, 255, 161, 74, 235, 75, 103, 0, 0, 40, 1, 0, 237, 1, 0, 31, 8, 154]
1542804167556;[171, 0, 17, 255, 161, 74, 235, 75, 103, 0, 0, 42, 1, 0, 238, 1, 0, 32, 8, 222]
1542804167559;[171, 0, 17, 255, 161, 74, 235, 75, 103, 0, 0, 40, 1, 0, 237, 1, 0, 33, 8, 249]
1542804167562;[171, 0, 17, 255, 161, 74, 235, 75, 104, 0, 0, 41, 1, 0, 238, 1, 0, 33, 9, 10]
1542804167564;[171, 0, 4, 255, 132, 128, 117]
1542804167727;[171, 0, 17, 255, 161, 74, 235, 75, 104, 0, 0, 44, 1, 0, 238, 1, 0, 32, 9, 17]
1542804167730;[171, 0, 17, 255, 161, 74, 235, 75, 104, 0, 0, 45, 1, 0, 241, 1, 0, 36, 9, 45]
1542804167733;[171, 0, 17, 255, 161, 74, 235, 75, 104, 0, 0, 45, 1, 0, 237, 1, 0, 34, 9, 152]
1542804167735;[171, 0, 17, 255, 161, 74, 235, 75, 104, 0, 0, 45, 1, 0, 236, 1, 0, 33, 9, 152]
1542804168421;[171, 0, 17, 255, 161, 74, 235, 75, 104, 0, 0, 45, 1, 0, 237, 1, 0, 35, 9, 172]
1542804168426;[171, 0, 17, 255, 161, 74, 235, 75, 104, 0, 0, 43, 1, 0, 234, 1, 0, 32, 9, 181]
1542804168427;[171, 0, 17, 255, 161, 74, 235, 75, 104, 0, 0, 44, 1, 0, 237, 1, 0, 35, 9, 164]
1542804168430;[171, 0, 17, 255, 161, 74, 235, 75, 104, 0, 0, 43, 1, 0, 238, 1, 0, 35, 9, 163]
1542804168761;[171, 0, 17, 255, 161, 74, 235, 75, 104, 0, 0, 44, 1, 0, 239, 1, 0, 37, 9, 239]
1542804168763;[171, 0, 17, 255, 161, 74, 235, 75, 105, 0, 0, 45, 1, 0, 237, 1, 0, 35, 10, 25]
1542804168766;[171, 0, 4, 255, 132, 128, 113]
1542804168789;[171, 0, 17, 255, 161, 74, 235, 75, 105, 0, 0, 44, 1, 0, 238, 1, 0, 35, 10, 31]
1542804169106;[171, 0, 17, 255, 161, 74, 235, 75, 105, 0, 0, 43, 1, 0, 236, 1, 0, 35, 10, 22]
1542804169451;[171, 0, 17, 255, 161, 74, 235, 75, 105, 0, 0, 43, 1, 0, 236, 1, 0, 35, 10, 6]
1542804169454;[171, 0, 17, 255, 161, 74, 235, 75, 105, 0, 0, 46, 1, 0, 238, 1, 0, 35, 10, 25]
1542804169456;[171, 0, 17, 255, 161, 74, 235, 75, 105, 0, 0, 44, 1, 0, 235, 1, 0, 36, 10, 83]
1542804169459;[171, 0, 17, 255, 161, 74, 235, 75, 105, 0, 0, 45, 1, 0, 236, 1, 0, 38, 10, 104]
1542804169642;[171, 0, 17, 255, 161, 74, 235, 75, 105, 0, 0, 41, 1, 0, 237, 1, 0, 37, 10, 107]
1542804169643;[171, 0, 17, 255, 161, 74, 235, 75, 105, 0, 0, 41, 1, 0, 237, 1, 0, 37, 10, 95]
1542804169644;[171, 0, 17, 255, 161, 74, 235, 75, 105, 0, 0, 43, 1, 0, 237, 1, 0, 40, 10, 83]
1542804169646;[171, 0, 17, 255, 161, 74, 235, 75, 106, 0, 0, 44, 1, 0, 236, 1, 0, 39, 10, 115]
1542804169798;[171, 0, 4, 255, 132, 128, 110]
1542804169800;[171, 0, 17, 255, 161, 74, 235, 75, 106, 0, 0, 43, 1, 0, 235, 1, 0, 39, 10, 175]
1542804169967;[171, 0, 17, 255, 161, 74, 235, 75, 106, 0, 0, 45, 1, 0, 234, 1, 0, 44, 10, 215]
1542804169970;[171, 0, 17, 255, 161, 74, 235, 75, 106, 0, 0, 47, 1, 0, 235, 1, 0, 52, 10, 240]
1542804170315;[171, 0, 17, 255, 161, 74, 235, 75, 106, 0, 0, 48, 1, 0, 234, 1, 0, 61, 10, 216]
1542804170319;[171, 0, 17, 255, 161, 74, 235, 75, 106, 0, 0, 58, 1, 0, 230, 1, 0, 56, 10, 168]
1542804170322;[171, 0, 17, 255, 161, 74, 235, 75, 106, 0, 0, 57, 1, 0, 225, 1, 0, 59, 10, 97]
1542804170659;[171, 0, 17, 255, 161, 74, 235, 75, 106, 0, 0, 67, 1, 0, 228, 1, 0, 49, 10, 54]
1542804170662;[171, 0, 17, 255, 161, 74, 235, 75, 106, 0, 0, 71, 1, 0, 221, 1, 0, 58, 9, 195]
1542804170664;[171, 0, 17, 255, 161, 74, 235, 75, 106, 0, 0, 101, 1, 0, 234, 1, 0, 56, 9, 65]
1542804170667;[171, 0, 17, 255, 161, 74, 235, 75, 107, 0, 0, 113, 1, 0, 206, 1, 0, 37, 9, 97]
1542804170830;[171, 0, 4, 255, 132, 128, 108]
1542804171179;[171, 0, 17, 255, 161, 74, 235, 75, 107, 0, 0, 126, 1, 0, 196, 1, 0, 21, 9, 137]
1542804171183;[171, 0, 17, 255, 161, 74, 235, 75, 107, 0, 0, 126, 1, 0, 199, 1, 0, 41, 9, 164]
1542804171187;[171, 0, 17, 255, 161, 74, 235, 75, 107, 0, 0, 110, 1, 0, 206, 1, 0, 54, 9, 175]
1542804171190;[171, 0, 17, 255, 161, 74, 235, 75, 107, 0, 0, 114, 1, 0, 211, 1, 0, 56, 9, 159]
1542804171347;[171, 0, 17, 255, 161, 74, 235, 75, 107, 0, 0, 122, 1, 0, 212, 1, 0, 31, 9, 90]
1542804171349;[171, 0, 17, 255, 161, 74, 235, 75, 107, 0, 0, 136, 1, 0, 184, 1, 0, 44, 9, 22]
1542804171520;[171, 0, 17, 255, 161, 74, 235, 75, 107, 0, 0, 115, 1, 0, 215, 1, 0, 46, 6, 106]
1542804171695;[171, 0, 17, 255, 161, 74, 235, 75, 107, 0, 0, 123, 1, 0, 221, 1, 0, 18, 6, 106]
1542804171696;[171, 0, 17, 255, 161, 74, 235, 75, 107, 0, 0, 117, 1, 0, 225, 1, 0, 8, 6, 106]
1542804172038;[171, 0, 17, 255, 161, 74, 235, 75, 108, 0, 0, 107, 1, 0, 220, 0, 0, 0, 5, 8]
1542804172042;[171, 0, 4, 255, 132, 128, 105]
1542804172065;[171, 0, 17, 255, 161, 74, 235, 75, 108, 0, 0, 88, 1, 0, 227, 1, 0, 1, 4, 5]
1542804172066;[171, 0, 17, 255, 161, 74, 235, 75, 108, 0, 0, 93, 1, 0, 219, 1, 0, 20, 3, 177]
1542804172211;[171, 0, 17, 255, 161, 74, 235, 75, 108, 0, 0, 111, 1, 0, 212, 1, 0, 23, 4, 17]
1542804172383;[171, 0, 17, 255, 161, 74, 235, 75, 108, 0, 0, 112, 1, 0, 214, 1, 0, 15, 4, 97]
1542804172556;[171, 0, 17, 255, 161, 74, 235, 75, 108, 0, 0, 110, 1, 0, 216, 1, 0, 15, 4, 139]
1542804172559;[171, 0, 17, 255, 161, 74, 235, 75, 108, 0, 0, 103, 1, 0, 223, 1, 0, 8, 4, 130]
1542804172561;[171, 0, 17, 255, 161, 74, 235, 75, 108, 0, 0, 98, 1, 0, 224, 1, 0, 8, 4, 97]
1542804172901;[171, 0, 17, 255, 161, 74, 235, 75, 108, 0, 0, 103, 1, 0, 221, 1, 0, 7, 4, 95]
1542804172905;[171, 0, 17, 255, 161, 74, 235, 75, 108, 0, 0, 102, 1, 0, 223, 1, 0, 9, 4, 28]
1542804172908;[171, 0, 17, 255, 161, 74, 235, 75, 109, 0, 0, 98, 1, 0, 218, 1, 0, 28, 4, 2]
1542804173420;[171, 0, 4, 255, 132, 128, 104]
1542804173444;[171, 0, 17, 255, 161, 74, 235, 75, 109, 0, 0, 88, 1, 0, 214, 1, 0, 55, 3, 221]
1542804173446;[171, 0, 17, 255, 161, 74, 235, 75, 109, 0, 0, 80, 1, 0, 227, 1, 0, 37, 3, 51]
1542804173450;[171, 0, 17, 255, 161, 74, 235, 75, 109, 0, 0, 90, 1, 0, 224, 1, 0, 36, 2, 150]
1542804173620;[171, 0, 17, 255, 161, 74, 235, 75, 109, 0, 0, 96, 1, 0, 221, 1, 0, 34, 1, 235]
1542804173621;[171, 0, 17, 255, 161, 74, 235, 75, 109, 0, 0, 102, 1, 0, 220, 1, 0, 35, 1, 102]
1542804173763;[171, 0, 17, 255, 161, 74, 235, 75, 109, 0, 0, 98, 1, 0, 221, 1, 0, 34, 1, 0]
1542804173767;[171, 0, 17, 255, 161, 74, 235, 75, 109, 0, 0, 94, 1, 0, 221, 1, 0, 32, 16, 177]
1542804173770;[171, 0, 17, 255, 161, 74, 235, 75, 109, 0, 0, 96, 1, 0, 222, 1, 0, 33, 7, 143]
1542804173938;[171, 0, 17, 255, 161, 74, 235, 75, 109, 0, 0, 99, 1, 0, 221, 1, 0, 35, 7, 51]
1542804173958;[171, 0, 17, 255, 161, 74, 235, 75, 110, 0, 0, 98, 1, 0, 221, 1, 0, 34, 6, 203]
1542804174107;[171, 0, 4, 255, 132, 128, 104]
1542804174632;[171, 0, 17, 255, 161, 74, 235, 75, 110, 0, 0, 99, 1, 0, 219, 1, 0, 34, 6, 126]
1542804174642;[171, 0, 17, 255, 161, 74, 235, 75, 110, 0, 0, 99, 1, 0, 219, 1, 0, 35, 6, 53]
1542804174644;[171, 0, 17, 255, 161, 74, 235, 75, 110, 0, 0, 101, 1, 0, 219, 1, 0, 36, 6, 53]
1542804174645;[171, 0, 17, 255, 161, 74, 235, 75, 110, 0, 0, 101, 1, 0, 218, 1, 0, 36, 6, 14]
1542804174800;[171, 0, 17, 255, 161, 74, 235, 75, 110, 0, 0, 101, 1, 0, 219, 1, 0, 35, 5, 230]
1542804174803;[171, 0, 17, 255, 161, 74, 235, 75, 110, 0, 0, 100, 1, 0, 219, 1, 0, 37, 5, 182]
1542804174806;[171, 0, 17, 255, 161, 74, 235, 75, 110, 0, 0, 101, 1, 0, 219, 1, 0, 38, 5, 131]
1542804174972;[171, 0, 17, 255, 161, 74, 235, 75, 110, 0, 0, 106, 1, 0, 218, 1, 0, 39, 5, 76]
1542804174975;[171, 0, 17, 255, 161, 74, 235, 75, 110, 0, 0, 101, 1, 0, 218, 1, 0, 39, 5, 31]
1542804175144;[171, 0, 17, 255, 161, 74, 235, 75, 113, 0, 0, 92, 1, 0, 225, 1, 0, 11, 8, 191]
1542804175328;[171, 0, 17, 255, 161, 74, 235, 75, 113, 0, 0, 91, 1, 0, 226, 1, 0, 13, 8, 188]
1542804175488;[171, 0, 17, 255, 161, 74, 235, 75, 113, 0, 0, 93, 1, 0, 224, 1, 0, 15, 8, 191]
1542804175492;[171, 0, 17, 255, 161, 74, 235, 75, 113, 0, 0, 93, 1, 0, 223, 1, 0, 16, 8, 213]
1542804175835;[171, 0, 17, 255, 161, 74, 235, 75, 113, 0, 0, 90, 1, 0, 227, 1, 0, 20, 8, 248]
1542804175838;[171, 0, 17, 255, 161, 74, 235, 75, 113, 0, 0, 85, 1, 0, 225, 1, 0, 21, 9, 19]
1542804175842;[171, 0, 17, 255, 161, 74, 235, 75, 113, 0, 0, 81, 1, 0, 226, 1, 0, 25, 9, 61]
1542804176180;[171, 0, 17, 255, 161, 74, 235, 75, 113, 0, 0, 81, 1, 0, 228, 1, 0, 25, 9, 76]
1542804176183;[171, 0, 17, 255, 161, 74, 235, 75, 113, 0, 0, 82, 1, 0, 229, 1, 0, 20, 9, 94]
1542804176352;[171, 0, 17, 255, 161, 74, 235, 75, 114, 0, 0, 82, 1, 0, 227, 1, 0, 21, 9, 112]
1542804176355;[171, 0, 4, 255, 132, 128, 100]
1542804176379;[171, 0, 17, 255, 161, 74, 235, 75, 114, 0, 0, 88, 1, 0, 228, 1, 0, 22, 9, 163]
1542804176521;[171, 0, 17, 255, 161, 74, 235, 75, 114, 0, 0, 83, 1, 0, 225, 1, 0, 24, 9, 203]
1542804176695;[171, 0, 17, 255, 161, 74, 235, 75, 114, 0, 0, 87, 1, 0, 228, 1, 0, 23, 9, 235]
1542804176698;[171, 0, 17, 255, 161, 74, 235, 75, 114, 0, 0, 82, 1, 0, 227, 1, 0, 26, 10, 3]
1542804177044;[171, 0, 17, 255, 161, 74, 235, 75, 114, 0, 0, 82, 1, 0, 227, 1, 0, 21, 10, 13]
1542804177048;[171, 0, 17, 255, 161, 74, 235, 75, 114, 0, 0, 83, 1, 0, 227, 1, 0, 24, 10, 38]
1542804177052;[171, 0, 17, 255, 161, 74, 235, 75, 114, 0, 0, 83, 1, 0, 228, 1, 0, 23, 10, 114]
1542804177055;[171, 0, 17, 255, 161, 74, 235, 75, 114, 0, 0, 84, 1, 0, 229, 1, 0, 24, 10, 165]
1542804177385;[171, 0, 17, 255, 161, 74, 235, 75, 114, 0, 0, 80, 1, 0, 230, 1, 0, 22, 10, 205]
1542804177388;[171, 0, 17, 255, 161, 74, 235, 75, 115, 0, 0, 80, 1, 0, 227, 1, 0, 23, 10, 242]
1542804177392;[171, 0, 4, 255, 132, 128, 100]
1542804177559;[171, 0, 17, 255, 161, 74, 235, 75, 115, 0, 0, 80, 1, 0, 228, 1, 0, 24, 11, 11]
1542804177564;[171, 0, 17, 255, 161, 74, 235, 75, 115, 0, 0, 82, 1, 0, 229, 1, 0, 24, 11, 54]
1542804177906;[171, 0, 17, 255, 161, 74, 235, 75, 115, 0, 0, 78, 1, 0, 228, 1, 0, 22, 11, 54]
1542804177909;[171, 0, 17, 255, 161, 74, 235, 75, 115, 0, 0, 78, 1, 0, 229, 1, 0, 24, 11, 148]
1542804177913;[171, 0, 17, 255, 161, 74, 235, 75, 115, 0, 0, 77, 1, 0, 228, 1, 0, 23, 11, 209]
1542804178076;[171, 0, 17, 255, 161, 74, 235, 75, 115, 0, 0, 77, 1, 0, 229, 1, 0, 23, 12, 9]
1542804178079;[171, 0, 17, 255, 161, 74, 235, 75, 115, 0, 0, 75, 1, 0, 228, 1, 0, 23, 12, 38]
1542804178420;[171, 0, 17, 255, 161, 74, 235, 75, 115, 0, 0, 80, 1, 0, 230, 1, 0, 25, 12, 54]
1542804178422;[171, 0, 17, 255, 161, 74, 235, 75, 115, 0, 0, 77, 1, 0, 230, 1, 0, 24, 12, 173]
1542804178595;[171, 0, 17, 255, 161, 74, 235, 75, 116, 0, 0, 78, 1, 0, 227, 1, 0, 27, 13, 23]
1542804178597;[171, 0, 4, 255, 132, 128, 99]
1542804178620;[171, 0, 17, 255, 161, 74, 235, 75, 116, 0, 0, 77, 1, 0, 230, 1, 0, 25, 13, 87]
1542804178764;[171, 0, 17, 255, 161, 74, 235, 75, 116, 0, 0, 80, 1, 0, 228, 1, 0, 24, 13, 136]
1542804178767;[171, 0, 17, 255, 161, 74, 235, 75, 116, 0, 0, 77, 1, 0, 227, 1, 0, 24, 13, 165]
1542804178947;[171, 0, 17, 255, 161, 74, 235, 75, 116, 0, 0, 80, 1, 0, 229, 1, 0, 23, 13, 182]
1542804178949;[171, 0, 17, 255, 161, 74, 235, 75, 116, 0, 0, 79, 1, 0, 230, 1, 0, 25, 13, 244]
1542804179282;[171, 0, 17, 255, 161, 74, 235, 75, 116, 0, 0, 80, 1, 0, 227, 1, 0, 25, 14, 55]
1542804179285;[171, 0, 17, 255, 161, 74, 235, 75, 116, 0, 0, 76, 1, 0, 228, 1, 0, 25, 14, 95]
1542804179287;[171, 0, 17, 255, 161, 74, 235, 75, 116, 0, 0, 79, 1, 0, 227, 1, 0, 25, 14, 116]
1542804179637;[171, 0, 17, 255, 161, 74, 235, 75, 116, 0, 0, 79, 1, 0, 230, 1, 0, 25, 14, 122]
1542804179638;[171, 0, 17, 255, 161, 74, 235, 75, 117, 0, 0, 80, 1, 0, 229, 1, 0, 25, 14, 124]
1542804179976;[171, 0, 4, 255, 132, 128, 98]
1542804180000;[171, 0, 17, 255, 161, 74, 235, 75, 117, 0, 0, 74, 1, 0, 230, 1, 0, 26, 14, 136]
1542804180002;[171, 0, 17, 255, 161, 74, 235, 75, 117, 0, 0, 78, 1, 0, 230, 1, 0, 26, 14, 203]
1542804180003;[171, 0, 17, 255, 161, 74, 235, 75, 117, 0, 0, 79, 1, 0, 227, 1, 0, 26, 14, 232]
1542804180147;[171, 0, 17, 255, 161, 74, 235, 75, 117, 0, 0, 79, 1, 0, 228, 1, 0, 25, 15, 5]
1542804180150;[171, 0, 17, 255, 161, 74, 235, 75, 117, 0, 0, 78, 1, 0, 228, 1, 0, 27, 15, 8]
1542804180153;[171, 0, 17, 255, 161, 74, 235, 75, 117, 0, 0, 79, 1, 0, 228, 1, 0, 28, 15, 3]
1542804180493;[171, 0, 17, 255, 161, 74, 235, 75, 117, 0, 0, 79, 1, 0, 229, 1, 0, 30, 15, 20]
1542804180496;[171, 0, 17, 255, 161, 74, 235, 75, 117, 0, 0, 79, 1, 0, 227, 1, 0, 28, 31, 68]
1542804180500;[171, 0, 17, 255, 161, 74, 235, 75, 117, 0, 0, 77, 1, 0, 226, 1, 0, 28, 7, 234]
1542804180679;[171, 0, 17, 255, 161, 74, 235, 75, 118, 0, 0, 77, 1, 0, 228, 1, 0, 29, 7, 252]
1542804180681;[171, 0, 4, 255, 132, 128, 97]
1542804181011;[171, 0, 17, 255, 161, 74, 235, 75, 118, 0, 0, 79, 1, 0, 226, 1, 0, 28, 7, 246]
1542804181015;[171, 0, 17, 255, 161, 74, 235, 75, 118, 0, 0, 78, 1, 0, 226, 1, 0, 27, 7, 239]
1542804181018;[171, 0, 17, 255, 161, 74, 235, 75, 118, 0, 0, 80, 1, 0, 231, 1, 0, 28, 7, 230]
1542804181354;[171, 0, 17, 255, 161, 74, 235, 75, 118, 0, 0, 77, 1, 0, 228, 1, 0, 28, 8, 33]
1542804181358;[171, 0, 17, 255, 161, 74, 235, 75, 118, 0, 0, 77, 1, 0, 228, 1, 0, 30, 8, 58]
1542804181529;[171, 0, 17, 255, 161, 74, 235, 75, 118, 0, 0, 80, 1, 0, 227, 1, 0, 30, 8, 61]
1542804181548;[171, 0, 17, 255, 161, 74, 235, 75, 118, 0, 0, 80, 1, 0, 228, 1, 0, 28, 8, 46]
1542804181549;[171, 0, 17, 255, 161, 74, 235, 75, 118, 0, 0, 75, 1, 0, 230, 1, 0, 28, 8, 19]
1542804181550;[171, 0, 17, 255, 161, 74, 235, 75, 118, 0, 0, 78, 1, 0, 230, 1, 0, 29, 7, 251]
1542804181873;[171, 0, 17, 255, 161, 74, 235, 75, 119, 0, 0, 80, 1, 0, 228, 1, 0, 28, 7, 250]
1542804181877;[171, 0, 4, 255, 132, 128, 97]
1542804181908;[171, 0, 17, 255, 161, 74, 235, 75, 119, 0, 0, 77, 1, 0, 229, 1, 0, 26, 7, 253]
1542804182218;[171, 0, 17, 255, 161, 74, 235, 75, 119, 0, 0, 79, 1, 0, 228, 1, 0, 28, 7, 231]
1542804182222;[171, 0, 17, 255, 161, 74, 235, 75, 119, 0, 0, 80, 1, 0, 226, 1, 0, 28, 7, 203]
1542804182225;[171, 0, 17, 255, 161, 74, 235, 75, 119, 0, 0, 78, 1, 0, 226, 1, 0, 30, 7, 169]
1542804182392;[171, 0, 17, 255, 161, 74, 235, 75, 119, 0, 0, 78, 1, 0, 229, 1, 0, 27, 7, 130]
1542804182394;[171, 0, 17, 255, 161, 74, 235, 75, 119, 0, 0, 81, 1, 0, 229, 1, 0, 29, 7, 124]
1542804182734;[171, 0, 17, 255, 161, 74, 235, 75, 119, 0, 0, 79, 1, 0, 228, 1, 0, 28, 7, 109]
1542804182736;[171, 0, 17, 255, 161, 74, 235, 75, 119, 0, 0, 81, 1, 0, 225, 1, 0, 28, 7, 81]
1542804182739;[171, 0, 17, 255, 161, 74, 235, 75, 119, 0, 0, 79, 1, 0, 226, 1, 0, 27, 7, 33]
1542804182742;[171, 0, 17, 255, 161, 74, 235, 75, 120, 0, 0, 79, 1, 0, 229, 1, 0, 30, 6, 252]
1542804183082;[171, 0, 4, 255, 132, 128, 97]
1542804183085;[171, 0, 17, 255, 161, 74, 235, 75, 120, 0, 0, 80, 1, 0, 229, 1, 0, 29, 6, 205]
1542804183107;[171, 0, 17, 255, 161, 74, 235, 75, 120, 0, 0, 79, 1, 0, 227, 1, 0, 29, 6, 166]
1542804183596;[171, 0, 17, 255, 161, 74, 235, 75, 120, 0, 0, 75, 1, 0, 229, 1, 0, 30, 6, 150]
1542804183599;[171, 0, 17, 255, 161, 74, 235, 75, 120, 0, 0, 80, 1, 0, 229, 1, 0, 29, 6, 135]
1542804183602;[171, 0, 17, 255, 161, 74, 235, 75, 120, 0, 0, 79, 1, 0, 226, 1, 0, 31, 6, 95]
1542804183605;[171, 0, 17, 255, 161, 74, 235, 75, 120, 0, 0, 79, 1, 0, 226, 1, 0, 31, 6, 73]
1542804183768;[171, 0, 17, 255, 161, 74, 235, 75, 120, 0, 0, 80, 1, 0, 229, 1, 0, 31, 6, 44]
1542804183772;[171, 0, 17, 255, 161, 74, 235, 75, 120, 0, 0, 79, 1, 0, 227, 1, 0, 33, 6, 24]
1542804183943;[171, 0, 17, 255, 161, 74, 235, 75, 120, 0, 0, 78, 1, 0, 226, 1, 0, 36, 6, 41]
1542804183945;[171, 0, 17, 255, 161, 74, 235, 75, 121, 0, 0, 76, 1, 0, 229, 1, 0, 34, 6, 38]
1542804183948;[171, 0, 4, 255, 132, 128, 97]
1542804184288;[171, 0, 17, 255, 161, 74, 235, 75, 121, 0, 0, 77, 1, 0, 226, 1, 0, 33, 6, 27]
1542804184292;[171, 0, 17, 255, 161, 74, 235, 75, 121, 0, 0, 78, 1, 0, 229, 1, 0, 32, 6, 2]
1542804184463;[171, 0, 17, 255, 161, 74, 235, 75, 121, 0, 0, 75, 1, 0, 228, 1, 0, 34, 5, 228]
1542804184468;[171, 0, 17, 255, 161, 74, 235, 75, 121, 0, 0, 78, 1, 0, 226, 1, 0, 34, 5, 205]
1542804184470;[171, 0, 17, 255, 161, 74, 235, 75, 121, 0, 0, 77, 1, 0, 228, 1, 0, 33, 5, 213]
1542804184820;[171, 0, 17, 255, 161, 74, 235, 75, 121, 0, 0, 74, 1, 0, 228, 1, 0, 35, 5, 213]
1542804184821;[171, 0, 17, 255, 161, 74, 235, 75, 121, 0, 0, 80, 1, 0, 228, 1, 0, 34, 5, 202]
1542804184822;[171, 0, 17, 255, 161, 74, 235, 75, 121, 0, 0, 79, 1, 0, 229, 1, 0, 36, 5, 178]
1542804185016;[171, 0, 17, 255, 161, 74, 235, 75, 121, 0, 0, 77, 1, 0, 227, 1, 0, 33, 5, 161]
1542804185017;[171, 0, 17, 255, 161, 74, 235, 75, 122, 0, 0, 79, 1, 0, 225, 1, 0, 35, 5, 125]
1542804185148;[171, 0, 4, 255, 132, 128, 97]
1542804185173;[171, 0, 17, 255, 161, 74, 235, 75, 122, 0, 0, 74, 1, 0, 229, 1, 0, 35, 5, 122]
1542804185322;[171, 0, 17, 255, 161, 74, 235, 75, 122, 0, 0, 76, 1, 0, 227, 1, 0, 32, 5, 134]
1542804185684;[171, 0, 17, 255, 161, 74, 235, 75, 122, 0, 0, 75, 1, 0, 231, 1, 0, 26, 5, 147]
1542804185689;[171, 0, 17, 255, 161, 74, 235, 75, 122, 0, 0, 72, 1, 0, 231, 1, 0, 27, 5, 161]
1542804185691;[171, 0, 17, 255, 161, 74, 235, 75, 122, 0, 0, 69, 1, 0, 233, 1, 0, 27, 5, 180]
1542804185692;[171, 0, 17, 255, 161, 74, 235, 75, 122, 0, 0, 66, 1, 0, 234, 1, 0, 24, 5, 164]
1542804186010;[171, 0, 17, 255, 161, 74, 235, 75, 122, 0, 0, 65, 1, 0, 236, 1, 0, 17, 5, 156]
1542804186014;[171, 0, 17, 255, 161, 74, 235, 75, 122, 0, 0, 66, 1, 0, 235, 1, 0, 20, 5, 229]
1542804186016;[171, 0, 17, 255, 161, 74, 235, 75, 122, 0, 0, 61, 1, 0, 234, 1, 0, 29, 6, 43]
1542804186180;[171, 0, 17, 255, 161, 74, 235, 75, 123, 0, 0, 70, 1, 0, 234, 1, 0, 20, 6, 85]
1542804186181;[171, 0, 4, 255, 132, 128, 97]
1542804186355;[171, 0, 17, 255, 161, 74, 235, 75, 123, 0, 0, 64, 1, 0, 233, 1, 0, 20, 6, 147]
1542804186357;[171, 0, 17, 255, 161, 74, 235, 75, 123, 0, 0, 65, 1, 0, 231, 1, 0, 29, 6, 171]
1542804186525;[171, 0, 17, 255, 161, 74, 235, 75, 123, 0, 0, 69, 1, 0, 236, 1, 0, 21, 6, 181]
1542804186527;[171, 0, 17, 255, 161, 74, 235, 75, 123, 0, 0, 64, 1, 0, 235, 1, 0, 19, 7, 18]
1542804186874;[171, 0, 17, 255, 161, 74, 235, 75, 123, 0, 0, 63, 1, 0, 234, 1, 0, 18, 7, 98]
1542804186877;[171, 0, 17, 255, 161, 74, 235, 75, 123, 0, 0, 65, 1, 0, 234, 1, 0, 18, 7, 130]
1542804186880;[171, 0, 17, 255, 161, 74, 235, 75, 123, 0, 0, 63, 1, 0, 236, 1, 0, 14, 7, 160]
1542804187059;[171, 0, 17, 255, 161, 74, 235, 75, 123, 0, 0, 62, 1, 0, 236, 1, 0, 16, 7, 174]
1542804187060;[171, 0, 17, 255, 161, 74, 235, 75, 123, 0, 0, 61, 1, 0, 236, 1, 0, 16, 7, 172]
1542804187400;[171, 0, 17, 255, 161, 74, 235, 75, 128, 0, 0, 64, 1, 0, 237, 1, 0, 17, 8, 28]
1542804187404;[171, 0, 4, 255, 132, 128, 97]
1542804187407;[171, 0, 17, 255, 161, 74, 235, 75, 128, 0, 0, 64, 1, 0, 234, 1, 0, 19, 8, 147]
1542804187563;[171, 0, 17, 255, 161, 74, 235, 75, 128, 0, 0, 62, 1, 0, 236, 1, 0, 19, 8, 228]
1542804187566;[171, 0, 17, 255, 161, 74, 235, 75, 128, 0, 0, 63, 1, 0, 234, 1, 0, 17, 9, 18]
1542804187734;[171, 0, 17, 255, 161, 74, 235, 75, 128, 0, 0, 62, 1, 0, 235, 1, 0, 16, 9, 48]
1542804187737;[171, 0, 17, 255, 161, 74, 235, 75, 128, 0, 0, 61, 1, 0, 236, 1, 0, 16, 9, 56]
1542804187909;[171, 0, 17, 255, 161, 74, 235, 75, 128, 0, 0, 61, 1, 0, 238, 1, 0, 15, 9, 53]
1542804188082;[171, 0, 17, 255, 161, 74, 235, 75, 128, 0, 0, 61, 1, 0, 235, 1, 0, 13, 9, 172]
1542804188085;[171, 0, 17, 255, 161, 74, 235, 75, 128, 0, 0, 59, 1, 0, 235, 1, 0, 11, 10, 13]
1542804188252;[171, 0, 17, 255, 161, 74, 235, 75, 128, 0, 0, 58, 1, 0, 238, 1, 0, 9, 10, 44]
1542804188256;[171, 0, 17, 255, 161, 74, 235, 75, 129, 0, 0, 57, 1, 0, 239, 1, 0, 9, 10, 75]
1542804188600;[171, 0, 4, 255, 132, 128, 97]
1542804188626;[171, 0, 17, 255, 161, 74, 235, 75, 129, 0, 0, 50, 1, 0, 239, 1, 0, 9, 10, 157]
1542804188628;[171, 0, 17, 255, 161, 74, 235, 75, 129, 0, 0, 53, 1, 0, 236, 1, 0, 16, 11, 67]
1542804188772;[171, 0, 17, 255, 161, 74, 235, 75, 129, 0, 0, 52, 1, 0, 237, 1, 0, 22, 12, 79]
1542804188775;[171, 0, 17, 255, 161, 74, 235, 75, 129, 0, 0, 48, 1, 0, 234, 1, 0, 19, 13, 101]
1542804188943;[171, 0, 17, 255, 161, 74, 235, 75, 129, 0, 0, 46, 1, 0, 236, 1, 0, 28, 13, 206]
1542804188946;[171, 0, 17, 255, 161, 74, 235, 75, 129, 0, 0, 49, 1, 0, 234, 1, 0, 44, 13, 206]
1542804189116;[171, 0, 17, 255, 161, 74, 235, 75, 129, 0, 0, 49, 1, 0, 229, 1, 0, 36, 13, 136]
1542804189289;[171, 0, 17, 255, 161, 74, 235, 75, 129, 0, 0, 47, 1, 0, 224, 1, 0, 15, 12, 230]
1542804189292;[171, 0, 17, 255, 161, 74, 235, 75, 129, 0, 0, 33, 1, 0, 244, 1, 0, 28, 12, 169]
1542804189461;[171, 0, 17, 255, 161, 74, 235, 75, 130, 0, 0, 37, 1, 0, 237, 0, 0, 17, 13, 7]
1542804189466;[171, 0, 4, 255, 132, 128, 97]
1542804189632;[171, 0, 17, 255, 161, 74, 235, 75, 130, 0, 0, 37, 1, 0, 237, 0, 0, 48, 13, 32]
1542804189635;[171, 0, 17, 255, 161, 74, 235, 75, 130, 0, 0, 46, 1, 0, 240, 0, 0, 16, 13, 28]
1542804189997;[171, 0, 17, 255, 161, 74, 235, 75, 130, 0, 0, 44, 1, 0, 238, 0, 0, 38, 13, 27]
1542804189999;[171, 0, 17, 255, 161, 74, 235, 75, 130, 0, 0, 49, 1, 0, 239, 0, 0, 28, 13, 18]
1542804190000;[171, 0, 17, 255, 161, 74, 235, 75, 130, 0, 0, 56, 1, 0, 238, 0, 0, 28, 12, 243]
1542804190150;[171, 0, 17, 255, 161, 74, 235, 75, 130, 0, 0, 58, 1, 0, 238, 0, 0, 25, 12, 198]
1542804190153;[171, 0, 17, 255, 161, 74, 235, 75, 130, 0, 0, 58, 1, 0, 237, 0, 0, 21, 12, 130]
1542804190325;[171, 0, 17, 255, 161, 74, 235, 75, 130, 0, 0, 60, 1, 0, 237, 0, 0, 19, 12, 14]
1542804190500;[171, 0, 17, 255, 161, 74, 235, 75, 130, 0, 0, 56, 1, 0, 236, 0, 0, 12, 11, 144]
1542804190502;[171, 0, 17, 255, 161, 74, 235, 75, 131, 0, 0, 61, 1, 0, 239, 0, 0, 9, 10, 250]
1542804190668;[171, 0, 4, 255, 132, 128, 97]
1542804190696;[171, 0, 17, 255, 161, 74, 235, 75, 131, 0, 0, 65, 1, 0, 235, 0, 0, 7, 10, 61]
1542804190843;[171, 0, 17, 255, 161, 74, 235, 75, 131, 0, 0, 69, 1, 0, 234, 0, 0, 7, 9, 86]
1542804190847;[171, 0, 17, 255, 161, 74, 235, 75, 131, 0, 0, 71, 1, 0, 233, 1, 0, 3, 8, 65]
1542804191188;[171, 0, 17, 255, 161, 74, 235, 75, 131, 0, 0, 75, 1, 0, 231, 1, 0, 12, 8, 65]
1542804191192;[171, 0, 17, 255, 161, 74, 235, 75, 131, 0, 0, 73, 1, 0, 230, 1, 0, 18, 7, 167]
1542804191360;[171, 0, 17, 255, 161, 74, 235, 75, 131, 0, 0, 72, 1, 0, 232, 1, 0, 9, 7, 119]
1542804191363;[171, 0, 17, 255, 161, 74, 235, 75, 131, 0, 0, 72, 1, 0, 232, 1, 0, 5, 7, 88]
1542804191366;[171, 0, 17, 255, 161, 74, 235, 75, 131, 0, 0, 74, 1, 0, 234, 1, 0, 4, 7, 98]
1542804191530;[171, 0, 17, 255, 161, 74, 235, 75, 131, 0, 0, 70, 1, 0, 233, 0, 0, 6, 7, 82]
1542804191534;[171, 0, 17, 255, 161, 74, 235, 75, 132, 0, 0, 68, 1, 0, 232, 0, 0, 4, 7, 34]
1542804191702;[171, 0, 4, 255, 132, 128, 96]
1542804191884;[171, 0, 17, 255, 161, 74, 235, 75, 132, 0, 0, 68, 1, 0, 235, 0, 0, 2, 6, 246]
1542804191885;[171, 0, 17, 255, 161, 74, 235, 75, 132, 0, 0, 69, 1, 0, 233, 0, 0, 3, 6, 201]
1542804192049;[171, 0, 17, 255, 161, 74, 235, 75, 132, 0, 0, 69, 1, 0, 236, 0, 0, 6, 6, 148]
1542804192052;[171, 0, 17, 255, 161, 74, 235, 75, 132, 0, 0, 68, 1, 0, 236, 0, 0, 6, 6, 90]
1542804192568;[171, 0, 17, 255, 161, 74, 235, 75, 132, 0, 0, 69, 1, 0, 234, 0, 0, 7, 6, 36]
1542804192571;[171, 0, 17, 255, 161, 74, 235, 75, 132, 0, 0, 69, 1, 0, 234, 0, 0, 4, 5, 242]
1542804192574;[171, 0, 17, 255, 161, 74, 235, 75, 132, 0, 0, 68, 1, 0, 233, 0, 0, 6, 5, 179]
1542804192578;[171, 0, 17, 255, 161, 74, 235, 75, 132, 0, 0, 68, 1, 0, 235, 0, 0, 8, 5, 125]
1542804192920;[171, 0, 17, 255, 161, 74, 235, 75, 132, 0, 0, 69, 1, 0, 235, 0, 0, 5, 5, 77]
1542804192922;[171, 0, 17, 255, 161, 74, 235, 75, 133, 0, 0, 69, 1, 0, 232, 0, 0, 5, 5, 21]
1542804192924;[171, 0, 4, 255, 132, 128, 96]
