1542736133335;[171, 0, 17, 255, 161, 74, 234, 28, 230, 1, 0, 7, 1, 0, 120, 0, 0, 227, 6, 117]
1542736133499;[171, 0, 4, 255, 132, 128, 60]
1542736133501;[171, 0, 4, 255, 132, 128, 60]
1542736133504;[171, 0, 17, 255, 161, 74, 234, 28, 230, 1, 0, 8, 1, 0, 116, 0, 0, 227, 6, 103]
1542736133509;[171, 0, 17, 255, 161, 74, 234, 28, 230, 1, 0, 8, 1, 0, 116, 0, 0, 227, 6, 103]
1542736133672;[171, 0, 17, 255, 161, 74, 234, 28, 230, 1, 0, 9, 1, 0, 119, 0, 0, 228, 6, 88]
1542736133674;[171, 0, 17, 255, 161, 74, 234, 28, 230, 1, 0, 9, 1, 0, 119, 0, 0, 228, 6, 88]
1542736133845;[171, 0, 17, 255, 161, 74, 234, 28, 230, 1, 0, 9, 1, 0, 116, 0, 0, 227, 6, 66]
1542736133847;[171, 0, 17, 255, 161, 74, 234, 28, 230, 1, 0, 9, 1, 0, 116, 0, 0, 227, 6, 66]
1542736133849;[171, 0, 17, 255, 161, 74, 234, 28, 230, 1, 0, 8, 1, 0, 119, 0, 0, 227, 6, 29]
1542736133851;[171, 0, 17, 255, 161, 74, 234, 28, 230, 1, 0, 8, 1, 0, 119, 0, 0, 227, 6, 29]
1542736134017;[171, 0, 17, 255, 161, 74, 234, 28, 230, 1, 0, 7, 1, 0, 117, 0, 0, 226, 5, 247]
1542736134019;[171, 0, 17, 255, 161, 74, 234, 28, 230, 1, 0, 7, 1, 0, 117, 0, 0, 226, 5, 247]
1542736134021;[171, 0, 17, 255, 161, 74, 234, 28, 230, 1, 0, 10, 1, 0, 118, 0, 0, 229, 5, 203]
1542736134023;[171, 0, 17, 255, 161, 74, 234, 28, 230, 1, 0, 10, 1, 0, 118, 0, 0, 229, 5, 203]
1542736134362;[171, 0, 17, 255, 161, 74, 234, 28, 230, 1, 0, 7, 1, 0, 116, 0, 0, 228, 5, 212]
1542736134363;[171, 0, 17, 255, 161, 74, 234, 28, 230, 1, 0, 7, 1, 0, 116, 0, 0, 228, 5, 212]
1542736134367;[171, 0, 17, 255, 161, 74, 234, 28, 231, 1, 0, 7, 1, 0, 117, 0, 0, 227, 6, 26]
1542736134368;[171, 0, 17, 255, 161, 74, 234, 28, 231, 1, 0, 7, 1, 0, 117, 0, 0, 227, 6, 26]
1542736134371;[171, 0, 17, 255, 161, 74, 234, 28, 231, 1, 0, 9, 1, 0, 116, 0, 0, 228, 6, 61]
1542736134373;[171, 0, 17, 255, 161, 74, 234, 28, 231, 1, 0, 9, 1, 0, 116, 0, 0, 228, 6, 61]
1542736134534;[171, 0, 17, 255, 161, 74, 234, 28, 231, 1, 0, 8, 1, 0, 116, 0, 0, 228, 6, 57]
1542736134536;[171, 0, 17, 255, 161, 74, 234, 28, 231, 1, 0, 8, 1, 0, 116, 0, 0, 228, 6, 57]
1542736134539;[171, 0, 4, 255, 132, 128, 60]
1542736134541;[171, 0, 4, 255, 132, 128, 60]
1542736134708;[171, 0, 17, 255, 161, 74, 234, 28, 231, 1, 0, 8, 1, 0, 117, 0, 0, 229, 6, 39]
1542736134710;[171, 0, 17, 255, 161, 74, 234, 28, 231, 1, 0, 8, 1, 0, 117, 0, 0, 229, 6, 39]
1542736134712;[171, 0, 17, 255, 161, 74, 234, 28, 231, 1, 0, 7, 1, 0, 117, 0, 0, 228, 6, 15]
1542736134714;[171, 0, 17, 255, 161, 74, 234, 28, 231, 1, 0, 7, 1, 0, 117, 0, 0, 228, 6, 15]
1542736134881;[171, 0, 17, 255, 161, 74, 234, 28, 231, 1, 0, 7, 1, 0, 118, 0, 0, 228, 5, 242]
1542736134883;[171, 0, 17, 255, 161, 74, 234, 28, 231, 1, 0, 7, 1, 0, 118, 0, 0, 228, 5, 242]
1542736134885;[171, 0, 17, 255, 161, 74, 234, 28, 231, 1, 0, 9, 1, 0, 117, 0, 0, 227, 5, 206]
1542736134886;[171, 0, 17, 255, 161, 74, 234, 28, 231, 1, 0, 9, 1, 0, 117, 0, 0, 227, 5, 206]
1542736135052;[171, 0, 17, 255, 161, 74, 234, 28, 231, 1, 0, 8, 1, 0, 117, 0, 0, 228, 5, 160]
1542736135054;[171, 0, 17, 255, 161, 74, 234, 28, 231, 1, 0, 8, 1, 0, 117, 0, 0, 228, 5, 160]
1542736135225;[171, 0, 17, 255, 161, 74, 234, 28, 231, 1, 0, 4, 1, 0, 116, 0, 0, 227, 5, 135]
1542736135227;[171, 0, 17, 255, 161, 74, 234, 28, 231, 1, 0, 4, 1, 0, 116, 0, 0, 227, 5, 135]
1542736135229;[171, 0, 17, 255, 161, 74, 234, 28, 231, 1, 0, 9, 1, 0, 117, 0, 0, 228, 5, 203]
1542736135230;[171, 0, 17, 255, 161, 74, 234, 28, 231, 1, 0, 9, 1, 0, 117, 0, 0, 228, 5, 203]
1542736135570;[171, 0, 17, 255, 161, 74, 234, 28, 232, 1, 0, 10, 1, 0, 117, 0, 0, 228, 6, 10]
1542736135572;[171, 0, 17, 255, 161, 74, 234, 28, 232, 1, 0, 10, 1, 0, 117, 0, 0, 228, 6, 10]
1542736135575;[171, 0, 17, 255, 161, 74, 234, 28, 232, 1, 0, 6, 1, 0, 118, 0, 0, 227, 6, 20]
1542736135577;[171, 0, 17, 255, 161, 74, 234, 28, 232, 1, 0, 6, 1, 0, 118, 0, 0, 227, 6, 20]
1542736135579;[171, 0, 17, 255, 161, 74, 234, 28, 232, 1, 0, 10, 1, 0, 117, 0, 0, 230, 6, 11]
1542736135581;[171, 0, 17, 255, 161, 74, 234, 28, 232, 1, 0, 10, 1, 0, 117, 0, 0, 230, 6, 11]
1542736135743;[171, 0, 4, 255, 132, 128, 60]
1542736135745;[171, 0, 4, 255, 132, 128, 60]
1542736135748;[171, 0, 17, 255, 161, 74, 234, 28, 232, 1, 0, 10, 1, 0, 117, 0, 0, 229, 6, 2]
1542736135750;[171, 0, 17, 255, 161, 74, 234, 28, 232, 1, 0, 10, 1, 0, 117, 0, 0, 229, 6, 2]
1542736135914;[171, 0, 17, 255, 161, 74, 234, 28, 232, 1, 0, 9, 1, 0, 119, 0, 0, 228, 5, 230]
1542736135916;[171, 0, 17, 255, 161, 74, 234, 28, 232, 1, 0, 9, 1, 0, 119, 0, 0, 228, 5, 230]
1542736135919;[171, 0, 17, 255, 161, 74, 234, 28, 232, 1, 0, 5, 1, 0, 117, 0, 0, 228, 5, 195]
1542736135921;[171, 0, 17, 255, 161, 74, 234, 28, 232, 1, 0, 5, 1, 0, 117, 0, 0, 228, 5, 195]
1542736136087;[171, 0, 17, 255, 161, 74, 234, 28, 232, 1, 0, 6, 1, 0, 119, 0, 0, 228, 5, 166]
1542736136089;[171, 0, 17, 255, 161, 74, 234, 28, 232, 1, 0, 6, 1, 0, 119, 0, 0, 228, 5, 166]
1542736136091;[171, 0, 17, 255, 161, 74, 234, 28, 232, 1, 0, 9, 1, 0, 117, 0, 0, 228, 5, 116]
1542736136093;[171, 0, 17, 255, 161, 74, 234, 28, 232, 1, 0, 9, 1, 0, 117, 0, 0, 228, 5, 116]
1542736136433;[171, 0, 17, 255, 161, 74, 234, 28, 232, 1, 0, 8, 1, 0, 117, 0, 0, 230, 5, 79]
1542736136435;[171, 0, 17, 255, 161, 74, 234, 28, 232, 1, 0, 8, 1, 0, 117, 0, 0, 230, 5, 79]
1542736136438;[171, 0, 17, 255, 161, 74, 234, 28, 232, 1, 0, 8, 1, 0, 117, 0, 0, 228, 5, 127]
1542736136440;[171, 0, 17, 255, 161, 74, 234, 28, 232, 1, 0, 8, 1, 0, 117, 0, 0, 228, 5, 127]
1542736136442;[171, 0, 17, 255, 161, 74, 234, 28, 233, 1, 0, 8, 1, 0, 118, 0, 0, 228, 5, 199]
1542736136444;[171, 0, 17, 255, 161, 74, 234, 28, 233, 1, 0, 8, 1, 0, 118, 0, 0, 228, 5, 199]
1542736136949;[171, 0, 17, 255, 161, 74, 234, 28, 233, 1, 0, 8, 1, 0, 118, 0, 0, 227, 5, 227]
1542736136951;[171, 0, 17, 255, 161, 74, 234, 28, 233, 1, 0, 8, 1, 0, 118, 0, 0, 227, 5, 227]
1542736136954;[171, 0, 17, 255, 161, 74, 234, 28, 233, 1, 0, 8, 1, 0, 118, 0, 0, 227, 5, 227]
1542736136955;[171, 0, 17, 255, 161, 74, 234, 28, 233, 1, 0, 8, 1, 0, 118, 0, 0, 227, 5, 227]
1542736137121;[171, 0, 4, 255, 132, 128, 59]
1542736137123;[171, 0, 4, 255, 132, 128, 59]
1542736137297;[171, 0, 17, 255, 161, 74, 234, 28, 233, 1, 0, 8, 1, 0, 118, 0, 0, 226, 5, 219]
1542736137301;[171, 0, 17, 255, 161, 74, 234, 28, 233, 1, 0, 8, 1, 0, 118, 0, 0, 226, 5, 219]
1542736137303;[171, 0, 17, 255, 161, 74, 234, 28, 233, 1, 0, 7, 1, 0, 120, 0, 0, 229, 5, 198]
1542736137305;[171, 0, 17, 255, 161, 74, 234, 28, 233, 1, 0, 7, 1, 0, 120, 0, 0, 229, 5, 198]
1542736137311;[171, 0, 17, 255, 161, 74, 234, 28, 233, 1, 0, 10, 1, 0, 119, 0, 0, 228, 5, 169]
1542736137312;[171, 0, 17, 255, 161, 74, 234, 28, 233, 1, 0, 10, 1, 0, 119, 0, 0, 228, 5, 169]
1542736137314;[171, 0, 17, 255, 161, 74, 234, 28, 233, 1, 0, 7, 1, 0, 118, 0, 0, 227, 5, 131]
1542736137316;[171, 0, 17, 255, 161, 74, 234, 28, 233, 1, 0, 7, 1, 0, 118, 0, 0, 227, 5, 131]
1542736137468;[171, 0, 17, 255, 161, 74, 234, 28, 233, 1, 0, 7, 1, 0, 118, 0, 0, 227, 5, 85]
1542736137470;[171, 0, 17, 255, 161, 74, 234, 28, 233, 1, 0, 7, 1, 0, 118, 0, 0, 227, 5, 85]
1542736137472;[171, 0, 17, 255, 161, 74, 234, 28, 233, 1, 0, 7, 1, 0, 119, 0, 0, 228, 5, 69]
1542736137474;[171, 0, 17, 255, 161, 74, 234, 28, 233, 1, 0, 7, 1, 0, 119, 0, 0, 228, 5, 69]
1542736137476;[171, 0, 17, 255, 161, 74, 234, 28, 233, 1, 0, 8, 1, 0, 117, 0, 0, 228, 5, 160]
1542736137478;[171, 0, 17, 255, 161, 74, 234, 28, 233, 1, 0, 8, 1, 0, 117, 0, 0, 228, 5, 160]
1542736137640;[171, 0, 17, 255, 161, 74, 234, 28, 234, 1, 0, 6, 1, 0, 116, 0, 0, 227, 5, 210]
1542736137642;[171, 0, 17, 255, 161, 74, 234, 28, 234, 1, 0, 6, 1, 0, 116, 0, 0, 227, 5, 210]
1542736137644;[171, 0, 17, 255, 161, 74, 234, 28, 234, 1, 0, 7, 1, 0, 119, 0, 0, 227, 5, 209]
1542736137646;[171, 0, 17, 255, 161, 74, 234, 28, 234, 1, 0, 7, 1, 0, 119, 0, 0, 227, 5, 209]
1542736137812;[171, 0, 17, 255, 161, 74, 234, 28, 234, 1, 0, 8, 1, 0, 117, 0, 0, 227, 5, 205]
1542736137814;[171, 0, 17, 255, 161, 74, 234, 28, 234, 1, 0, 8, 1, 0, 117, 0, 0, 227, 5, 205]
1542736137816;[171, 0, 4, 255, 132, 128, 59]
1542736137819;[171, 0, 4, 255, 132, 128, 59]
1542736138159;[171, 0, 17, 255, 161, 74, 234, 28, 234, 1, 0, 9, 1, 0, 117, 0, 0, 226, 5, 195]
1542736138162;[171, 0, 17, 255, 161, 74, 234, 28, 234, 1, 0, 9, 1, 0, 117, 0, 0, 226, 5, 195]
1542736138167;[171, 0, 17, 255, 161, 74, 234, 28, 234, 1, 0, 9, 1, 0, 117, 0, 0, 227, 5, 165]
1542736138169;[171, 0, 17, 255, 161, 74, 234, 28, 234, 1, 0, 9, 1, 0, 117, 0, 0, 227, 5, 165]
1542736138172;[171, 0, 17, 255, 161, 74, 234, 28, 234, 1, 0, 9, 1, 0, 118, 0, 0, 227, 5, 137]
1542736138174;[171, 0, 17, 255, 161, 74, 234, 28, 234, 1, 0, 9, 1, 0, 118, 0, 0, 227, 5, 137]
1542736138330;[171, 0, 17, 255, 161, 74, 234, 28, 234, 1, 0, 8, 1, 0, 117, 0, 0, 228, 5, 87]
1542736138333;[171, 0, 17, 255, 161, 74, 234, 28, 234, 1, 0, 8, 1, 0, 117, 0, 0, 228, 5, 87]
1542736138334;[171, 0, 17, 255, 161, 74, 234, 28, 234, 1, 0, 9, 1, 0, 118, 0, 0, 228, 5, 86]
1542736138336;[171, 0, 17, 255, 161, 74, 234, 28, 234, 1, 0, 9, 1, 0, 118, 0, 0, 228, 5, 86]
1542736138502;[171, 0, 17, 255, 161, 74, 234, 28, 234, 1, 0, 6, 1, 0, 117, 0, 0, 228, 5, 166]
1542736138505;[171, 0, 17, 255, 161, 74, 234, 28, 234, 1, 0, 6, 1, 0, 117, 0, 0, 228, 5, 166]
1542736138507;[171, 0, 17, 255, 161, 74, 234, 28, 234, 1, 0, 8, 1, 0, 117, 0, 0, 227, 5, 204]
1542736138509;[171, 0, 17, 255, 161, 74, 234, 28, 234, 1, 0, 8, 1, 0, 117, 0, 0, 227, 5, 204]
1542736138674;[171, 0, 17, 255, 161, 74, 234, 28, 235, 1, 0, 10, 1, 0, 116, 0, 0, 227, 5, 204]
1542736138676;[171, 0, 17, 255, 161, 74, 234, 28, 235, 1, 0, 10, 1, 0, 116, 0, 0, 227, 5, 204]
1542736138848;[171, 0, 17, 255, 161, 74, 234, 28, 235, 1, 0, 7, 1, 0, 118, 0, 0, 226, 5, 185]
1542736138850;[171, 0, 17, 255, 161, 74, 234, 28, 235, 1, 0, 7, 1, 0, 118, 0, 0, 226, 5, 185]
1542736138852;[171, 0, 17, 255, 161, 74, 234, 28, 235, 1, 0, 8, 1, 0, 117, 0, 0, 229, 5, 166]
1542736138854;[171, 0, 17, 255, 161, 74, 234, 28, 235, 1, 0, 8, 1, 0, 117, 0, 0, 229, 5, 166]
1542736139019;[171, 0, 4, 255, 132, 128, 59]
1542736139022;[171, 0, 4, 255, 132, 128, 59]
1542736139024;[171, 0, 17, 255, 161, 74, 234, 28, 235, 1, 0, 7, 1, 0, 117, 0, 0, 228, 5, 140]
1542736139026;[171, 0, 17, 255, 161, 74, 234, 28, 235, 1, 0, 7, 1, 0, 117, 0, 0, 228, 5, 140]
1542736139366;[171, 0, 17, 255, 161, 74, 234, 28, 235, 1, 0, 8, 1, 0, 117, 0, 0, 228, 5, 94]
1542736139369;[171, 0, 17, 255, 161, 74, 234, 28, 235, 1, 0, 8, 1, 0, 117, 0, 0, 228, 5, 94]
1542736139371;[171, 0, 17, 255, 161, 74, 234, 28, 235, 1, 0, 5, 1, 0, 119, 0, 0, 227, 5, 53]
1542736139372;[171, 0, 17, 255, 161, 74, 234, 28, 235, 1, 0, 5, 1, 0, 119, 0, 0, 227, 5, 53]
1542736139374;[171, 0, 17, 255, 161, 74, 234, 28, 235, 1, 0, 9, 1, 0, 119, 0, 0, 227, 5, 67]
1542736139376;[171, 0, 17, 255, 161, 74, 234, 28, 235, 1, 0, 9, 1, 0, 119, 0, 0, 227, 5, 67]
1542736139536;[171, 0, 17, 255, 161, 74, 234, 28, 235, 1, 0, 8, 1, 0, 116, 0, 0, 228, 5, 146]
1542736139538;[171, 0, 17, 255, 161, 74, 234, 28, 235, 1, 0, 8, 1, 0, 116, 0, 0, 228, 5, 146]
1542736139540;[171, 0, 17, 255, 161, 74, 234, 28, 235, 1, 0, 7, 1, 0, 121, 0, 0, 229, 5, 189]
1542736139542;[171, 0, 17, 255, 161, 74, 234, 28, 235, 1, 0, 7, 1, 0, 121, 0, 0, 229, 5, 189]
1542736139710;[171, 0, 17, 255, 161, 74, 234, 28, 235, 1, 0, 7, 1, 0, 115, 0, 0, 228, 5, 186]
1542736139712;[171, 0, 17, 255, 161, 74, 234, 28, 235, 1, 0, 7, 1, 0, 115, 0, 0, 228, 5, 186]
1542736139714;[171, 0, 17, 255, 161, 74, 234, 28, 236, 1, 0, 5, 1, 0, 118, 0, 0, 228, 5, 176]
1542736139716;[171, 0, 17, 255, 161, 74, 234, 28, 236, 1, 0, 5, 1, 0, 118, 0, 0, 228, 5, 176]
1542736139882;[171, 0, 17, 255, 161, 74, 234, 28, 236, 1, 0, 7, 1, 0, 118, 0, 0, 227, 5, 151]
1542736139884;[171, 0, 17, 255, 161, 74, 234, 28, 236, 1, 0, 7, 1, 0, 118, 0, 0, 227, 5, 151]
1542736140056;[171, 0, 17, 255, 161, 74, 234, 28, 236, 1, 0, 7, 1, 0, 119, 0, 0, 227, 5, 115]
1542736140058;[171, 0, 17, 255, 161, 74, 234, 28, 236, 1, 0, 7, 1, 0, 119, 0, 0, 227, 5, 115]
1542736140059;[171, 0, 4, 255, 132, 128, 60]
1542736140062;[171, 0, 4, 255, 132, 128, 60]
1542736142235;[171, 0, 17, 255, 161, 74, 234, 28, 236, 1, 0, 8, 1, 0, 118, 0, 0, 228, 5, 82]
1542736142236;[171, 0, 17, 255, 161, 74, 234, 28, 236, 1, 0, 8, 1, 0, 118, 0, 0, 228, 5, 82]
1542736142238;[171, 0, 17, 255, 161, 74, 234, 28, 236, 1, 0, 8, 1, 0, 117, 0, 0, 228, 5, 32]
1542736142239;[171, 0, 17, 255, 161, 74, 234, 28, 236, 1, 0, 8, 1, 0, 117, 0, 0, 228, 5, 32]
1542736142244;[171, 0, 17, 255, 161, 74, 234, 28, 236, 1, 0, 6, 1, 0, 116, 0, 0, 227, 4, 244]
1542736142246;[171, 0, 17, 255, 161, 74, 234, 28, 236, 1, 0, 6, 1, 0, 116, 0, 0, 227, 4, 244]
1542736142248;[171, 0, 17, 255, 161, 74, 234, 28, 236, 1, 0, 8, 1, 0, 116, 0, 0, 228, 5, 48]
1542736142250;[171, 0, 17, 255, 161, 74, 234, 28, 236, 1, 0, 8, 1, 0, 116, 0, 0, 228, 5, 48]
1542736142267;[171, 0, 17, 255, 161, 74, 234, 28, 236, 1, 0, 9, 1, 0, 115, 0, 0, 229, 5, 112]
1542736142269;[171, 0, 17, 255, 161, 74, 234, 28, 236, 1, 0, 9, 1, 0, 115, 0, 0, 229, 5, 112]
1542736142274;[171, 0, 17, 255, 161, 74, 234, 28, 236, 1, 0, 7, 1, 0, 116, 0, 0, 229, 5, 123]
1542736142276;[171, 0, 17, 255, 161, 74, 234, 28, 236, 1, 0, 7, 1, 0, 116, 0, 0, 229, 5, 123]
1542736142278;[171, 0, 17, 255, 161, 74, 234, 28, 236, 1, 0, 6, 1, 0, 119, 0, 0, 227, 5, 113]
1542736142279;[171, 0, 17, 255, 161, 74, 234, 28, 236, 1, 0, 6, 1, 0, 119, 0, 0, 227, 5, 113]
1542736142281;[171, 0, 17, 255, 161, 74, 234, 28, 237, 1, 0, 8, 1, 0, 117, 0, 0, 230, 5, 95]
1542736142283;[171, 0, 17, 255, 161, 74, 234, 28, 237, 1, 0, 8, 1, 0, 117, 0, 0, 230, 5, 95]
1542736142285;[171, 0, 17, 255, 161, 74, 234, 28, 237, 1, 0, 8, 1, 0, 118, 0, 0, 227, 5, 62]
1542736142286;[171, 0, 17, 255, 161, 74, 234, 28, 237, 1, 0, 8, 1, 0, 118, 0, 0, 227, 5, 62]
1542736142289;[171, 0, 17, 255, 161, 74, 234, 28, 237, 1, 0, 8, 1, 0, 117, 0, 0, 228, 5, 26]
1542736142292;[171, 0, 17, 255, 161, 74, 234, 28, 237, 1, 0, 8, 1, 0, 117, 0, 0, 228, 5, 26]
1542736142294;[171, 0, 4, 255, 132, 128, 60]
1542736142296;[171, 0, 4, 255, 132, 128, 60]
1542736142302;[171, 0, 17, 255, 161, 74, 234, 28, 237, 1, 0, 7, 1, 0, 117, 0, 0, 228, 4, 236]
1542736142304;[171, 0, 17, 255, 161, 74, 234, 28, 237, 1, 0, 7, 1, 0, 117, 0, 0, 228, 4, 236]
1542736142317;[171, 0, 17, 255, 161, 74, 234, 28, 237, 1, 0, 11, 1, 0, 115, 0, 0, 228, 4, 199]
1542736142319;[171, 0, 17, 255, 161, 74, 234, 28, 237, 1, 0, 11, 1, 0, 115, 0, 0, 228, 4, 199]
1542736142321;[171, 0, 17, 255, 161, 74, 234, 28, 237, 1, 0, 6, 1, 0, 116, 0, 0, 229, 4, 247]
1542736142322;[171, 0, 17, 255, 161, 74, 234, 28, 237, 1, 0, 6, 1, 0, 116, 0, 0, 229, 4, 247]
1542736142327;[171, 0, 17, 255, 161, 74, 234, 28, 237, 1, 0, 8, 1, 0, 118, 0, 0, 229, 5, 37]
1542736142331;[171, 0, 17, 255, 161, 74, 234, 28, 237, 1, 0, 8, 1, 0, 118, 0, 0, 229, 5, 37]
1542736142332;[171, 0, 17, 255, 161, 74, 234, 28, 237, 1, 0, 6, 1, 0, 117, 0, 0, 227, 5, 47]
1542736142334;[171, 0, 17, 255, 161, 74, 234, 28, 237, 1, 0, 6, 1, 0, 117, 0, 0, 227, 5, 47]
1542736142337;[171, 0, 17, 255, 161, 74, 234, 28, 237, 1, 0, 9, 1, 0, 117, 0, 0, 227, 5, 34]
1542736142339;[171, 0, 17, 255, 161, 74, 234, 28, 237, 1, 0, 9, 1, 0, 117, 0, 0, 227, 5, 34]
1542736142340;[171, 0, 17, 255, 161, 74, 234, 28, 237, 1, 0, 7, 1, 0, 117, 0, 0, 227, 5, 7]
1542736142342;[171, 0, 17, 255, 161, 74, 234, 28, 237, 1, 0, 7, 1, 0, 117, 0, 0, 227, 5, 7]
1542736142343;[171, 0, 17, 255, 161, 74, 234, 28, 238, 1, 0, 9, 1, 0, 120, 0, 0, 228, 4, 236]
1542736142345;[171, 0, 17, 255, 161, 74, 234, 28, 238, 1, 0, 9, 1, 0, 120, 0, 0, 228, 4, 236]
1542736142346;[171, 0, 17, 255, 161, 74, 234, 28, 238, 1, 0, 8, 1, 0, 119, 0, 0, 229, 4, 195]
1542736142347;[171, 0, 17, 255, 161, 74, 234, 28, 238, 1, 0, 8, 1, 0, 119, 0, 0, 229, 4, 195]
1542736142349;[171, 0, 17, 255, 161, 74, 234, 28, 238, 1, 0, 9, 1, 0, 119, 0, 0, 227, 4, 143]
1542736142350;[171, 0, 17, 255, 161, 74, 234, 28, 238, 1, 0, 9, 1, 0, 119, 0, 0, 227, 4, 143]
1542736142354;[171, 0, 4, 255, 132, 128, 60]
1542736142356;[171, 0, 4, 255, 132, 128, 60]
1542736142358;[171, 0, 17, 255, 161, 74, 234, 28, 238, 1, 0, 8, 1, 0, 117, 0, 0, 227, 4, 118]
1542736142359;[171, 0, 17, 255, 161, 74, 234, 28, 238, 1, 0, 8, 1, 0, 117, 0, 0, 227, 4, 118]
1542736142469;[171, 0, 17, 255, 161, 74, 234, 28, 238, 1, 0, 6, 1, 0, 115, 0, 0, 227, 4, 165]
1542736142471;[171, 0, 17, 255, 161, 74, 234, 28, 238, 1, 0, 6, 1, 0, 115, 0, 0, 227, 4, 165]
1542736142642;[171, 0, 17, 255, 161, 74, 234, 28, 238, 1, 0, 8, 1, 0, 119, 0, 0, 229, 4, 204]
1542736142644;[171, 0, 17, 255, 161, 74, 234, 28, 238, 1, 0, 8, 1, 0, 119, 0, 0, 229, 4, 204]
1542736142647;[171, 0, 17, 255, 161, 74, 234, 28, 238, 1, 0, 8, 1, 0, 117, 0, 0, 229, 4, 194]
1542736142648;[171, 0, 17, 255, 161, 74, 234, 28, 238, 1, 0, 8, 1, 0, 117, 0, 0, 229, 4, 194]
1542736143334;[171, 0, 17, 255, 161, 74, 234, 28, 238, 1, 0, 7, 1, 0, 120, 0, 0, 228, 4, 172]
1542736143336;[171, 0, 17, 255, 161, 74, 234, 28, 238, 1, 0, 7, 1, 0, 120, 0, 0, 228, 4, 172]
1542736143338;[171, 0, 17, 255, 161, 74, 234, 28, 238, 1, 0, 6, 1, 0, 117, 0, 0, 228, 4, 151]
1542736143340;[171, 0, 17, 255, 161, 74, 234, 28, 238, 1, 0, 6, 1, 0, 117, 0, 0, 228, 4, 151]
1542736143343;[171, 0, 17, 255, 161, 74, 234, 28, 238, 1, 0, 8, 1, 0, 115, 0, 0, 228, 4, 123]
1542736143345;[171, 0, 17, 255, 161, 74, 234, 28, 238, 1, 0, 8, 1, 0, 115, 0, 0, 228, 4, 123]
1542736143347;[171, 0, 17, 255, 161, 74, 234, 28, 239, 1, 0, 7, 1, 0, 119, 0, 0, 229, 4, 75]
1542736143349;[171, 0, 17, 255, 161, 74, 234, 28, 239, 1, 0, 7, 1, 0, 119, 0, 0, 229, 4, 75]
1542736143508;[171, 0, 17, 255, 161, 74, 234, 28, 239, 1, 0, 8, 1, 0, 118, 0, 0, 227, 4, 57]
1542736143511;[171, 0, 17, 255, 161, 74, 234, 28, 239, 1, 0, 8, 1, 0, 118, 0, 0, 227, 4, 57]
1542736143513;[171, 0, 17, 255, 161, 74, 234, 28, 239, 1, 0, 9, 1, 0, 119, 0, 0, 230, 4, 113]
1542736143515;[171, 0, 17, 255, 161, 74, 234, 28, 239, 1, 0, 9, 1, 0, 119, 0, 0, 230, 4, 113]
1542736143517;[171, 0, 4, 255, 132, 128, 61]
1542736143519;[171, 0, 4, 255, 132, 128, 61]
1542736143525;[171, 0, 17, 255, 161, 74, 234, 28, 239, 1, 0, 9, 1, 0, 116, 0, 0, 227, 4, 155]
1542736143527;[171, 0, 17, 255, 161, 74, 234, 28, 239, 1, 0, 9, 1, 0, 116, 0, 0, 227, 4, 155]
1542736143678;[171, 0, 17, 255, 161, 74, 234, 28, 239, 1, 0, 8, 1, 0, 118, 0, 0, 228, 4, 141]
1542736143680;[171, 0, 17, 255, 161, 74, 234, 28, 239, 1, 0, 8, 1, 0, 118, 0, 0, 228, 4, 141]
1542736143683;[171, 0, 17, 255, 161, 74, 234, 28, 239, 1, 0, 6, 1, 0, 116, 0, 0, 227, 4, 127]
1542736143686;[171, 0, 17, 255, 161, 74, 234, 28, 239, 1, 0, 6, 1, 0, 116, 0, 0, 227, 4, 127]
1542736143688;[171, 0, 17, 255, 161, 74, 234, 28, 239, 1, 0, 6, 1, 0, 119, 0, 0, 228, 4, 109]
1542736143690;[171, 0, 17, 255, 161, 74, 234, 28, 239, 1, 0, 6, 1, 0, 119, 0, 0, 228, 4, 109]
1542736143849;[171, 0, 17, 255, 161, 74, 234, 28, 239, 1, 0, 8, 1, 0, 118, 0, 0, 226, 4, 70]
1542736143851;[171, 0, 17, 255, 161, 74, 234, 28, 239, 1, 0, 8, 1, 0, 118, 0, 0, 226, 4, 70]
1542736144197;[171, 0, 17, 255, 161, 74, 234, 28, 239, 1, 0, 7, 1, 0, 116, 0, 0, 227, 4, 32]
1542736144200;[171, 0, 17, 255, 161, 74, 234, 28, 239, 1, 0, 7, 1, 0, 116, 0, 0, 227, 4, 32]
1542736144202;[171, 0, 17, 255, 161, 74, 234, 28, 239, 1, 0, 8, 1, 0, 116, 0, 0, 228, 3, 245]
1542736144204;[171, 0, 17, 255, 161, 74, 234, 28, 239, 1, 0, 8, 1, 0, 116, 0, 0, 228, 3, 245]
1542736144206;[171, 0, 17, 255, 161, 74, 234, 28, 240, 1, 0, 6, 1, 0, 119, 0, 0, 228, 4, 8]
1542736144208;[171, 0, 17, 255, 161, 74, 234, 28, 240, 1, 0, 6, 1, 0, 119, 0, 0, 228, 4, 8]
1542736144210;[171, 0, 17, 255, 161, 74, 234, 28, 240, 1, 0, 8, 1, 0, 117, 0, 0, 228, 4, 64]
1542736144212;[171, 0, 17, 255, 161, 74, 234, 28, 240, 1, 0, 8, 1, 0, 117, 0, 0, 228, 4, 64]
1542736144540;[171, 0, 17, 255, 161, 74, 234, 28, 240, 1, 0, 6, 1, 0, 116, 0, 0, 227, 4, 89]
1542736144542;[171, 0, 17, 255, 161, 74, 234, 28, 240, 1, 0, 6, 1, 0, 116, 0, 0, 227, 4, 89]
1542736144543;[171, 0, 4, 255, 132, 128, 61]
1542736144546;[171, 0, 4, 255, 132, 128, 61]
1542736144548;[171, 0, 17, 255, 161, 74, 234, 28, 240, 1, 0, 9, 1, 0, 117, 0, 0, 227, 4, 85]
1542736144550;[171, 0, 17, 255, 161, 74, 234, 28, 240, 1, 0, 9, 1, 0, 117, 0, 0, 227, 4, 85]
1542736144713;[171, 0, 17, 255, 161, 74, 234, 28, 240, 1, 0, 7, 1, 0, 117, 0, 0, 227, 4, 63]
1542736144715;[171, 0, 17, 255, 161, 74, 234, 28, 240, 1, 0, 7, 1, 0, 117, 0, 0, 227, 4, 63]
1542736144718;[171, 0, 17, 255, 161, 74, 234, 28, 240, 1, 0, 8, 1, 0, 118, 0, 0, 228, 4, 45]
1542736144719;[171, 0, 17, 255, 161, 74, 234, 28, 240, 1, 0, 8, 1, 0, 118, 0, 0, 228, 4, 45]
1542736144886;[171, 0, 17, 255, 161, 74, 234, 28, 240, 1, 0, 7, 1, 0, 117, 0, 0, 229, 4, 6]
1542736144887;[171, 0, 17, 255, 161, 74, 234, 28, 240, 1, 0, 7, 1, 0, 117, 0, 0, 229, 4, 6]
1542736144890;[171, 0, 17, 255, 161, 74, 234, 28, 240, 1, 0, 8, 1, 0, 117, 0, 0, 229, 3, 217]
1542736144892;[171, 0, 17, 255, 161, 74, 234, 28, 240, 1, 0, 8, 1, 0, 117, 0, 0, 229, 3, 217]
1542736145057;[171, 0, 17, 255, 161, 74, 234, 28, 240, 1, 0, 7, 1, 0, 118, 0, 0, 227, 3, 188]
1542736145059;[171, 0, 17, 255, 161, 74, 234, 28, 240, 1, 0, 7, 1, 0, 118, 0, 0, 227, 3, 188]
1542736145230;[171, 0, 17, 255, 161, 74, 234, 28, 240, 1, 0, 8, 1, 0, 116, 0, 0, 228, 3, 204]
1542736145232;[171, 0, 17, 255, 161, 74, 234, 28, 240, 1, 0, 8, 1, 0, 116, 0, 0, 228, 3, 204]
1542736145234;[171, 0, 17, 255, 161, 74, 234, 28, 241, 1, 0, 9, 1, 0, 119, 0, 0, 228, 4, 17]
1542736145236;[171, 0, 17, 255, 161, 74, 234, 28, 241, 1, 0, 9, 1, 0, 119, 0, 0, 228, 4, 17]
1542736145403;[171, 0, 17, 255, 161, 74, 234, 28, 241, 1, 0, 6, 1, 0, 117, 0, 0, 228, 4, 35]
1542736145405;[171, 0, 17, 255, 161, 74, 234, 28, 241, 1, 0, 6, 1, 0, 117, 0, 0, 228, 4, 35]
1542736145407;[171, 0, 17, 255, 161, 74, 234, 28, 241, 1, 0, 6, 1, 0, 114, 0, 0, 228, 4, 39]
1542736145409;[171, 0, 17, 255, 161, 74, 234, 28, 241, 1, 0, 6, 1, 0, 114, 0, 0, 228, 4, 39]
1542736146093;[171, 0, 4, 255, 132, 128, 62]
1542736146096;[171, 0, 4, 255, 132, 128, 62]
1542736146099;[171, 0, 17, 255, 161, 74, 234, 28, 241, 1, 0, 7, 1, 0, 118, 0, 0, 228, 4, 14]
1542736146101;[171, 0, 17, 255, 161, 74, 234, 28, 241, 1, 0, 7, 1, 0, 118, 0, 0, 228, 4, 14]
1542736146103;[171, 0, 17, 255, 161, 74, 234, 28, 241, 1, 0, 10, 1, 0, 117, 0, 0, 227, 4, 6]
1542736146105;[171, 0, 17, 255, 161, 74, 234, 28, 241, 1, 0, 10, 1, 0, 117, 0, 0, 227, 4, 6]
1542736146107;[171, 0, 17, 255, 161, 74, 234, 28, 241, 1, 0, 8, 1, 0, 118, 0, 0, 227, 3, 231]
1542736146109;[171, 0, 17, 255, 161, 74, 234, 28, 241, 1, 0, 8, 1, 0, 118, 0, 0, 227, 3, 231]
1542736146267;[171, 0, 17, 255, 161, 74, 234, 28, 241, 1, 0, 6, 1, 0, 117, 0, 0, 227, 3, 194]
1542736146269;[171, 0, 17, 255, 161, 74, 234, 28, 241, 1, 0, 6, 1, 0, 117, 0, 0, 227, 3, 194]
1542736146271;[171, 0, 17, 255, 161, 74, 234, 28, 241, 1, 0, 7, 1, 0, 117, 0, 0, 227, 3, 167]
1542736146273;[171, 0, 17, 255, 161, 74, 234, 28, 241, 1, 0, 7, 1, 0, 117, 0, 0, 227, 3, 167]
1542736146275;[171, 0, 17, 255, 161, 74, 234, 28, 241, 1, 0, 6, 1, 0, 118, 0, 0, 227, 3, 224]
1542736146277;[171, 0, 17, 255, 161, 74, 234, 28, 241, 1, 0, 6, 1, 0, 118, 0, 0, 227, 3, 224]
1542736146280;[171, 0, 17, 255, 161, 74, 234, 28, 241, 1, 0, 7, 1, 0, 118, 0, 0, 228, 4, 10]
1542736146282;[171, 0, 17, 255, 161, 74, 234, 28, 241, 1, 0, 7, 1, 0, 118, 0, 0, 228, 4, 10]
1542736146611;[171, 0, 17, 255, 161, 74, 234, 28, 242, 1, 0, 6, 1, 0, 118, 0, 0, 228, 4, 20]
1542736146613;[171, 0, 17, 255, 161, 74, 234, 28, 242, 1, 0, 6, 1, 0, 118, 0, 0, 228, 4, 20]
1542736146615;[171, 0, 17, 255, 161, 74, 234, 28, 242, 1, 0, 7, 1, 0, 120, 0, 0, 228, 3, 254]
1542736146618;[171, 0, 17, 255, 161, 74, 234, 28, 242, 1, 0, 7, 1, 0, 120, 0, 0, 228, 3, 254]
1542736146620;[171, 0, 17, 255, 161, 74, 234, 28, 242, 1, 0, 7, 1, 0, 119, 0, 0, 228, 3, 246]
1542736146623;[171, 0, 17, 255, 161, 74, 234, 28, 242, 1, 0, 7, 1, 0, 119, 0, 0, 228, 3, 246]
1542736146624;[171, 0, 4, 255, 132, 128, 62]
1542736146629;[171, 0, 4, 255, 132, 128, 62]
1542736146782;[171, 0, 17, 255, 161, 74, 234, 28, 242, 1, 0, 6, 1, 0, 118, 0, 0, 229, 3, 211]
1542736146784;[171, 0, 17, 255, 161, 74, 234, 28, 242, 1, 0, 6, 1, 0, 118, 0, 0, 229, 3, 211]
1542736146786;[171, 0, 17, 255, 161, 74, 234, 28, 242, 1, 0, 8, 1, 0, 118, 0, 0, 229, 3, 172]
1542736146788;[171, 0, 17, 255, 161, 74, 234, 28, 242, 1, 0, 8, 1, 0, 118, 0, 0, 229, 3, 172]
1542736147129;[171, 0, 17, 255, 161, 74, 234, 28, 242, 1, 0, 7, 1, 0, 116, 0, 0, 229, 3, 130]
1542736147130;[171, 0, 17, 255, 161, 74, 234, 28, 242, 1, 0, 7, 1, 0, 116, 0, 0, 229, 3, 130]
1542736147133;[171, 0, 17, 255, 161, 74, 234, 28, 242, 1, 0, 7, 1, 0, 119, 0, 0, 228, 3, 154]
1542736147134;[171, 0, 17, 255, 161, 74, 234, 28, 242, 1, 0, 7, 1, 0, 119, 0, 0, 228, 3, 154]
1542736147138;[171, 0, 17, 255, 161, 74, 234, 28, 242, 1, 0, 7, 1, 0, 118, 0, 0, 227, 3, 224]
1542736147141;[171, 0, 17, 255, 161, 74, 234, 28, 242, 1, 0, 7, 1, 0, 118, 0, 0, 227, 3, 224]
1542736147299;[171, 0, 17, 255, 161, 74, 234, 28, 242, 1, 0, 9, 1, 0, 118, 0, 0, 228, 4, 7]
1542736147301;[171, 0, 17, 255, 161, 74, 234, 28, 242, 1, 0, 9, 1, 0, 118, 0, 0, 228, 4, 7]
1542736147303;[171, 0, 17, 255, 161, 74, 234, 28, 242, 1, 0, 9, 1, 0, 119, 0, 0, 229, 4, 7]
1542736147305;[171, 0, 17, 255, 161, 74, 234, 28, 242, 1, 0, 9, 1, 0, 119, 0, 0, 229, 4, 7]
1542736147471;[171, 0, 17, 255, 161, 74, 234, 28, 243, 1, 0, 7, 1, 0, 117, 0, 0, 227, 3, 251]
1542736147473;[171, 0, 17, 255, 161, 74, 234, 28, 243, 1, 0, 7, 1, 0, 117, 0, 0, 227, 3, 251]
1542736147642;[171, 0, 17, 255, 161, 74, 234, 28, 243, 1, 0, 7, 1, 0, 119, 0, 0, 228, 3, 228]
1542736147643;[171, 0, 17, 255, 161, 74, 234, 28, 243, 1, 0, 7, 1, 0, 119, 0, 0, 228, 3, 228]
1542736147816;[171, 0, 17, 255, 161, 74, 234, 28, 245, 1, 0, 8, 1, 0, 116, 0, 0, 228, 3, 206]
1542736147818;[171, 0, 17, 255, 161, 74, 234, 28, 245, 1, 0, 8, 1, 0, 116, 0, 0, 228, 3, 206]
1542736147989;[171, 0, 17, 255, 161, 74, 234, 28, 245, 1, 0, 6, 1, 0, 115, 0, 0, 226, 4, 19]
1542736147992;[171, 0, 17, 255, 161, 74, 234, 28, 245, 1, 0, 6, 1, 0, 115, 0, 0, 226, 4, 19]
1542736147994;[171, 0, 17, 255, 161, 74, 234, 28, 245, 1, 0, 8, 1, 0, 118, 0, 0, 228, 4, 46]
1542736147996;[171, 0, 17, 255, 161, 74, 234, 28, 245, 1, 0, 8, 1, 0, 118, 0, 0, 228, 4, 46]
1542736148337;[171, 0, 17, 255, 161, 74, 234, 28, 245, 1, 0, 9, 1, 0, 115, 0, 0, 228, 4, 42]
1542736148339;[171, 0, 17, 255, 161, 74, 234, 28, 245, 1, 0, 9, 1, 0, 115, 0, 0, 228, 4, 42]
1542736148341;[171, 0, 17, 255, 161, 74, 234, 28, 245, 1, 0, 8, 1, 0, 117, 0, 0, 229, 4, 32]
1542736148343;[171, 0, 17, 255, 161, 74, 234, 28, 245, 1, 0, 8, 1, 0, 117, 0, 0, 229, 4, 32]
1542736148345;[171, 0, 17, 255, 161, 74, 234, 28, 245, 1, 0, 7, 1, 0, 119, 0, 0, 229, 4, 13]
1542736148347;[171, 0, 17, 255, 161, 74, 234, 28, 245, 1, 0, 7, 1, 0, 119, 0, 0, 229, 4, 13]
1542736148507;[171, 0, 17, 255, 161, 74, 234, 28, 245, 1, 0, 6, 1, 0, 118, 0, 0, 227, 3, 233]
1542736148509;[171, 0, 17, 255, 161, 74, 234, 28, 245, 1, 0, 6, 1, 0, 118, 0, 0, 227, 3, 233]
1542736148511;[171, 0, 17, 255, 161, 74, 234, 28, 246, 1, 0, 7, 1, 0, 119, 0, 0, 228, 3, 194]
1542736148513;[171, 0, 17, 255, 161, 74, 234, 28, 246, 1, 0, 7, 1, 0, 119, 0, 0, 228, 3, 194]
1542736148853;[171, 0, 17, 255, 161, 74, 234, 28, 246, 1, 0, 7, 1, 0, 119, 0, 0, 230, 3, 178]
1542736148855;[171, 0, 17, 255, 161, 74, 234, 28, 246, 1, 0, 7, 1, 0, 119, 0, 0, 230, 3, 178]
1542736148857;[171, 0, 17, 255, 161, 74, 234, 28, 246, 1, 0, 8, 1, 0, 116, 0, 0, 230, 4, 3]
1542736148859;[171, 0, 17, 255, 161, 74, 234, 28, 246, 1, 0, 8, 1, 0, 116, 0, 0, 230, 4, 3]
1542736148861;[171, 0, 4, 255, 132, 128, 64]
1542736148863;[171, 0, 4, 255, 132, 128, 64]
1542736149027;[171, 0, 17, 255, 161, 74, 234, 28, 246, 1, 0, 6, 1, 0, 118, 0, 0, 228, 4, 63]
1542736149030;[171, 0, 17, 255, 161, 74, 234, 28, 246, 1, 0, 6, 1, 0, 118, 0, 0, 228, 4, 63]
1542736149032;[171, 0, 17, 255, 161, 74, 234, 28, 246, 1, 0, 9, 1, 0, 115, 0, 0, 227, 4, 76]
1542736149033;[171, 0, 17, 255, 161, 74, 234, 28, 246, 1, 0, 9, 1, 0, 115, 0, 0, 227, 4, 76]
1542736149198;[171, 0, 17, 255, 161, 74, 234, 28, 246, 1, 0, 8, 1, 0, 118, 0, 0, 226, 4, 68]
1542736149200;[171, 0, 17, 255, 161, 74, 234, 28, 246, 1, 0, 8, 1, 0, 118, 0, 0, 226, 4, 68]
1542736149201;[171, 0, 17, 255, 161, 74, 234, 28, 246, 1, 0, 6, 1, 0, 116, 0, 0, 229, 4, 53]
1542736149203;[171, 0, 17, 255, 161, 74, 234, 28, 246, 1, 0, 6, 1, 0, 116, 0, 0, 229, 4, 53]
1542736149370;[171, 0, 17, 255, 161, 74, 234, 28, 246, 1, 0, 6, 1, 0, 117, 0, 0, 229, 4, 33]
1542736149372;[171, 0, 17, 255, 161, 74, 234, 28, 246, 1, 0, 6, 1, 0, 117, 0, 0, 229, 4, 33]
1542736149717;[171, 0, 17, 255, 161, 74, 234, 28, 246, 1, 0, 8, 1, 0, 116, 0, 0, 226, 4, 1]
1542736149718;[171, 0, 17, 255, 161, 74, 234, 28, 246, 1, 0, 8, 1, 0, 116, 0, 0, 226, 4, 1]
1542736149721;[171, 0, 17, 255, 161, 74, 234, 28, 246, 1, 0, 7, 1, 0, 118, 0, 0, 230, 3, 208]
1542736149723;[171, 0, 17, 255, 161, 74, 234, 28, 246, 1, 0, 7, 1, 0, 118, 0, 0, 230, 3, 208]
1542736149725;[171, 0, 17, 255, 161, 74, 234, 28, 247, 1, 0, 6, 1, 0, 117, 0, 0, 228, 3, 176]
1542736149727;[171, 0, 17, 255, 161, 74, 234, 28, 247, 1, 0, 6, 1, 0, 117, 0, 0, 228, 3, 176]
1542736149729;[171, 0, 17, 255, 161, 74, 234, 28, 247, 1, 0, 6, 1, 0, 117, 0, 0, 228, 3, 243]
1542736149730;[171, 0, 17, 255, 161, 74, 234, 28, 247, 1, 0, 6, 1, 0, 117, 0, 0, 228, 3, 243]
1542736149888;[171, 0, 17, 255, 161, 74, 234, 28, 247, 1, 0, 9, 1, 0, 118, 0, 0, 227, 4, 57]
1542736149890;[171, 0, 17, 255, 161, 74, 234, 28, 247, 1, 0, 9, 1, 0, 118, 0, 0, 227, 4, 57]
1542736149892;[171, 0, 4, 255, 132, 128, 65]
1542736149894;[171, 0, 4, 255, 132, 128, 65]
1542736150059;[171, 0, 17, 255, 161, 74, 234, 28, 247, 1, 0, 7, 1, 0, 117, 0, 0, 228, 4, 80]
1542736150061;[171, 0, 17, 255, 161, 74, 234, 28, 247, 1, 0, 7, 1, 0, 117, 0, 0, 228, 4, 80]
1542736150232;[171, 0, 17, 255, 161, 74, 234, 28, 247, 1, 0, 8, 1, 0, 118, 0, 0, 228, 4, 72]
1542736150234;[171, 0, 17, 255, 161, 74, 234, 28, 247, 1, 0, 8, 1, 0, 118, 0, 0, 228, 4, 72]
1542736150236;[171, 0, 17, 255, 161, 74, 234, 28, 247, 1, 0, 5, 1, 0, 118, 0, 0, 229, 4, 50]
1542736150238;[171, 0, 17, 255, 161, 74, 234, 28, 247, 1, 0, 5, 1, 0, 118, 0, 0, 229, 4, 50]
1542736150405;[171, 0, 17, 255, 161, 74, 234, 28, 247, 1, 0, 6, 1, 0, 116, 0, 0, 227, 4, 34]
1542736150407;[171, 0, 17, 255, 161, 74, 234, 28, 247, 1, 0, 6, 1, 0, 116, 0, 0, 227, 4, 34]
1542736150577;[171, 0, 17, 255, 161, 74, 234, 28, 247, 1, 0, 6, 1, 0, 117, 0, 0, 228, 3, 252]
1542736150579;[171, 0, 17, 255, 161, 74, 234, 28, 247, 1, 0, 6, 1, 0, 117, 0, 0, 228, 3, 252]
1542736150581;[171, 0, 17, 255, 161, 74, 234, 28, 247, 1, 0, 6, 1, 0, 117, 0, 0, 228, 3, 219]
1542736150583;[171, 0, 17, 255, 161, 74, 234, 28, 247, 1, 0, 6, 1, 0, 117, 0, 0, 228, 3, 219]
1542736150586;[171, 0, 17, 255, 161, 74, 234, 28, 247, 1, 0, 7, 1, 0, 117, 0, 0, 228, 3, 169]
1542736150588;[171, 0, 17, 255, 161, 74, 234, 28, 247, 1, 0, 7, 1, 0, 117, 0, 0, 228, 3, 169]
1542736150923;[171, 0, 17, 255, 161, 74, 234, 28, 248, 1, 0, 7, 1, 0, 116, 0, 0, 228, 3, 178]
1542736150925;[171, 0, 17, 255, 161, 74, 234, 28, 248, 1, 0, 7, 1, 0, 116, 0, 0, 228, 3, 178]
1542736150927;[171, 0, 17, 255, 161, 74, 234, 28, 248, 1, 0, 7, 1, 0, 115, 0, 0, 228, 4, 1]
1542736150929;[171, 0, 17, 255, 161, 74, 234, 28, 248, 1, 0, 7, 1, 0, 115, 0, 0, 228, 4, 1]
1542736150933;[171, 0, 17, 255, 161, 74, 234, 28, 248, 1, 0, 5, 1, 0, 117, 0, 0, 228, 4, 34]
1542736150934;[171, 0, 17, 255, 161, 74, 234, 28, 248, 1, 0, 5, 1, 0, 117, 0, 0, 228, 4, 34]
1542736151094;[171, 0, 4, 255, 132, 128, 65]
1542736151096;[171, 0, 4, 255, 132, 128, 65]
1542736151100;[171, 0, 17, 255, 161, 74, 234, 28, 248, 1, 0, 6, 1, 0, 117, 0, 0, 229, 4, 34]
1542736151101;[171, 0, 17, 255, 161, 74, 234, 28, 248, 1, 0, 6, 1, 0, 117, 0, 0, 229, 4, 34]
1542736151266;[171, 0, 17, 255, 161, 74, 234, 28, 248, 1, 0, 6, 1, 0, 117, 0, 0, 229, 4, 20]
1542736151268;[171, 0, 17, 255, 161, 74, 234, 28, 248, 1, 0, 6, 1, 0, 117, 0, 0, 229, 4, 20]
1542736151439;[171, 0, 17, 255, 161, 74, 234, 28, 248, 1, 0, 7, 1, 0, 119, 0, 0, 229, 4, 0]
1542736151441;[171, 0, 17, 255, 161, 74, 234, 28, 248, 1, 0, 7, 1, 0, 119, 0, 0, 229, 4, 0]
1542736151443;[171, 0, 17, 255, 161, 74, 234, 28, 248, 1, 0, 6, 1, 0, 118, 0, 0, 228, 3, 223]
1542736151445;[171, 0, 17, 255, 161, 74, 234, 28, 248, 1, 0, 6, 1, 0, 118, 0, 0, 228, 3, 223]
1542736151786;[171, 0, 17, 255, 161, 74, 234, 28, 248, 1, 0, 5, 1, 0, 118, 0, 0, 228, 3, 191]
1542736151789;[171, 0, 17, 255, 161, 74, 234, 28, 248, 1, 0, 5, 1, 0, 118, 0, 0, 228, 3, 191]
1542736151791;[171, 0, 17, 255, 161, 74, 234, 28, 248, 1, 0, 6, 1, 0, 117, 0, 0, 228, 3, 172]
1542736151793;[171, 0, 17, 255, 161, 74, 234, 28, 248, 1, 0, 6, 1, 0, 117, 0, 0, 228, 3, 172]
1542736151795;[171, 0, 17, 255, 161, 74, 234, 28, 248, 1, 0, 9, 1, 0, 117, 0, 0, 227, 3, 242]
1542736151797;[171, 0, 17, 255, 161, 74, 234, 28, 248, 1, 0, 9, 1, 0, 117, 0, 0, 227, 3, 242]
1542736151799;[171, 0, 17, 255, 161, 74, 234, 28, 249, 1, 0, 7, 1, 0, 116, 0, 0, 227, 4, 31]
1542736151801;[171, 0, 17, 255, 161, 74, 234, 28, 249, 1, 0, 7, 1, 0, 116, 0, 0, 227, 4, 31]
1542736152304;[171, 0, 17, 255, 161, 74, 234, 28, 249, 1, 0, 8, 1, 0, 118, 0, 0, 229, 4, 37]
1542736152306;[171, 0, 17, 255, 161, 74, 234, 28, 249, 1, 0, 8, 1, 0, 118, 0, 0, 229, 4, 37]
1542736152309;[171, 0, 17, 255, 161, 74, 234, 28, 249, 1, 0, 8, 1, 0, 118, 0, 0, 228, 4, 18]
1542736152311;[171, 0, 17, 255, 161, 74, 234, 28, 249, 1, 0, 8, 1, 0, 118, 0, 0, 228, 4, 18]
1542736152314;[171, 0, 4, 255, 132, 128, 65]
1542736152316;[171, 0, 4, 255, 132, 128, 65]
1542736152319;[171, 0, 17, 255, 161, 74, 234, 28, 249, 1, 0, 6, 1, 0, 115, 0, 0, 227, 4, 0]
1542736152320;[171, 0, 17, 255, 161, 74, 234, 28, 249, 1, 0, 6, 1, 0, 115, 0, 0, 227, 4, 0]
1542736152477;[171, 0, 17, 255, 161, 74, 234, 28, 249, 1, 0, 4, 1, 0, 118, 0, 0, 228, 3, 231]
1542736152478;[171, 0, 17, 255, 161, 74, 234, 28, 249, 1, 0, 4, 1, 0, 118, 0, 0, 228, 3, 231]
1542736152481;[171, 0, 17, 255, 161, 74, 234, 28, 249, 1, 0, 7, 1, 0, 117, 0, 0, 229, 3, 185]
1542736152483;[171, 0, 17, 255, 161, 74, 234, 28, 249, 1, 0, 7, 1, 0, 117, 0, 0, 229, 3, 185]
1542736152647;[171, 0, 17, 255, 161, 74, 234, 28, 249, 1, 0, 8, 1, 0, 117, 0, 0, 228, 3, 141]
1542736152649;[171, 0, 17, 255, 161, 74, 234, 28, 249, 1, 0, 8, 1, 0, 117, 0, 0, 228, 3, 141]
1542736152651;[171, 0, 17, 255, 161, 74, 234, 28, 249, 1, 0, 9, 1, 0, 117, 0, 0, 228, 3, 176]
1542736152653;[171, 0, 17, 255, 161, 74, 234, 28, 249, 1, 0, 9, 1, 0, 117, 0, 0, 228, 3, 176]
1542736152821;[171, 0, 17, 255, 161, 74, 234, 28, 249, 1, 0, 7, 1, 0, 118, 0, 0, 228, 4, 8]
1542736152823;[171, 0, 17, 255, 161, 74, 234, 28, 249, 1, 0, 7, 1, 0, 118, 0, 0, 228, 4, 8]
1542736152825;[171, 0, 17, 255, 161, 74, 234, 28, 249, 1, 0, 7, 1, 0, 116, 0, 0, 229, 4, 36]
1542736152826;[171, 0, 17, 255, 161, 74, 234, 28, 249, 1, 0, 7, 1, 0, 116, 0, 0, 229, 4, 36]
1542736152991;[171, 0, 17, 255, 161, 74, 234, 28, 250, 1, 0, 7, 1, 0, 120, 0, 0, 229, 4, 39]
1542736152993;[171, 0, 17, 255, 161, 74, 234, 28, 250, 1, 0, 7, 1, 0, 120, 0, 0, 229, 4, 39]
1542736152997;[171, 0, 17, 255, 161, 74, 234, 28, 250, 1, 0, 5, 1, 0, 117, 0, 0, 227, 4, 18]
1542736152998;[171, 0, 17, 255, 161, 74, 234, 28, 250, 1, 0, 5, 1, 0, 117, 0, 0, 227, 4, 18]
1542736153164;[171, 0, 17, 255, 161, 74, 234, 28, 250, 1, 0, 8, 1, 0, 117, 0, 0, 226, 3, 254]
1542736153166;[171, 0, 17, 255, 161, 74, 234, 28, 250, 1, 0, 8, 1, 0, 117, 0, 0, 226, 3, 254]
1542736153511;[171, 0, 4, 255, 132, 128, 66]
1542736153514;[171, 0, 4, 255, 132, 128, 66]
1542736153517;[171, 0, 17, 255, 161, 74, 234, 28, 250, 1, 0, 8, 1, 0, 117, 0, 0, 227, 3, 217]
1542736153518;[171, 0, 17, 255, 161, 74, 234, 28, 250, 1, 0, 8, 1, 0, 117, 0, 0, 227, 3, 217]
1542736153521;[171, 0, 17, 255, 161, 74, 234, 28, 250, 1, 0, 8, 1, 0, 117, 0, 0, 229, 3, 175]
1542736153523;[171, 0, 17, 255, 161, 74, 234, 28, 250, 1, 0, 8, 1, 0, 117, 0, 0, 229, 3, 175]
1542736153525;[171, 0, 17, 255, 161, 74, 234, 28, 250, 1, 0, 8, 1, 0, 118, 0, 0, 227, 3, 140]
1542736153527;[171, 0, 17, 255, 161, 74, 234, 28, 250, 1, 0, 8, 1, 0, 118, 0, 0, 227, 3, 140]
1542736153682;[171, 0, 17, 255, 161, 74, 234, 28, 250, 1, 0, 7, 1, 0, 118, 0, 0, 227, 3, 166]
1542736153684;[171, 0, 17, 255, 161, 74, 234, 28, 250, 1, 0, 7, 1, 0, 118, 0, 0, 227, 3, 166]
1542736153687;[171, 0, 17, 255, 161, 74, 234, 28, 250, 1, 0, 7, 1, 0, 117, 0, 0, 227, 3, 254]
1542736153689;[171, 0, 17, 255, 161, 74, 234, 28, 250, 1, 0, 7, 1, 0, 117, 0, 0, 227, 3, 254]
1542736154028;[171, 0, 17, 255, 161, 74, 234, 28, 250, 1, 0, 6, 1, 0, 118, 0, 0, 228, 4, 36]
1542736154030;[171, 0, 17, 255, 161, 74, 234, 28, 250, 1, 0, 6, 1, 0, 118, 0, 0, 228, 4, 36]
1542736154032;[171, 0, 17, 255, 161, 74, 234, 28, 250, 1, 0, 5, 1, 0, 117, 0, 0, 228, 4, 32]
1542736154034;[171, 0, 17, 255, 161, 74, 234, 28, 250, 1, 0, 5, 1, 0, 117, 0, 0, 228, 4, 32]
1542736154037;[171, 0, 17, 255, 161, 74, 234, 28, 251, 1, 0, 7, 1, 0, 119, 0, 0, 228, 4, 21]
1542736154039;[171, 0, 17, 255, 161, 74, 234, 28, 251, 1, 0, 7, 1, 0, 119, 0, 0, 228, 4, 21]
1542736154200;[171, 0, 17, 255, 161, 74, 234, 28, 251, 1, 0, 7, 1, 0, 117, 0, 0, 230, 3, 252]
1542736154202;[171, 0, 17, 255, 161, 74, 234, 28, 251, 1, 0, 7, 1, 0, 117, 0, 0, 230, 3, 252]
1542736154204;[171, 0, 17, 255, 161, 74, 234, 28, 251, 1, 0, 8, 1, 0, 118, 0, 0, 229, 3, 218]
1542736154206;[171, 0, 17, 255, 161, 74, 234, 28, 251, 1, 0, 8, 1, 0, 118, 0, 0, 229, 3, 218]
1542736154372;[171, 0, 4, 255, 132, 128, 66]
1542736154374;[171, 0, 4, 255, 132, 128, 66]
1542736154719;[171, 0, 17, 255, 161, 74, 234, 28, 251, 1, 0, 9, 1, 0, 117, 0, 0, 228, 3, 174]
1542736154721;[171, 0, 17, 255, 161, 74, 234, 28, 251, 1, 0, 9, 1, 0, 117, 0, 0, 228, 3, 174]
1542736154723;[171, 0, 17, 255, 161, 74, 234, 28, 251, 1, 0, 7, 1, 0, 117, 0, 0, 228, 3, 132]
1542736154724;[171, 0, 17, 255, 161, 74, 234, 28, 251, 1, 0, 7, 1, 0, 117, 0, 0, 228, 3, 132]
1542736154726;[171, 0, 17, 255, 161, 74, 234, 28, 251, 1, 0, 6, 1, 0, 118, 0, 0, 229, 3, 134]
1542736154728;[171, 0, 17, 255, 161, 74, 234, 28, 251, 1, 0, 6, 1, 0, 118, 0, 0, 229, 3, 134]
1542736154729;[171, 0, 17, 255, 161, 74, 234, 28, 251, 1, 0, 8, 1, 0, 118, 0, 0, 228, 3, 232]
1542736154730;[171, 0, 17, 255, 161, 74, 234, 28, 251, 1, 0, 8, 1, 0, 118, 0, 0, 228, 3, 232]
1542736154889;[171, 0, 17, 255, 161, 74, 234, 28, 251, 1, 0, 7, 1, 0, 118, 0, 0, 228, 4, 23]
1542736154891;[171, 0, 17, 255, 161, 74, 234, 28, 251, 1, 0, 7, 1, 0, 118, 0, 0, 228, 4, 23]
1542736154894;[171, 0, 17, 255, 161, 74, 234, 28, 251, 1, 0, 6, 1, 0, 117, 0, 0, 228, 4, 28]
1542736154895;[171, 0, 17, 255, 161, 74, 234, 28, 251, 1, 0, 6, 1, 0, 117, 0, 0, 228, 4, 28]
1542736155062;[171, 0, 17, 255, 161, 74, 234, 28, 251, 1, 0, 7, 1, 0, 117, 0, 0, 228, 4, 11]
1542736155064;[171, 0, 17, 255, 161, 74, 234, 28, 251, 1, 0, 7, 1, 0, 117, 0, 0, 228, 4, 11]
1542736155239;[171, 0, 17, 255, 161, 74, 234, 29, 0, 1, 0, 5, 1, 0, 116, 0, 0, 228, 3, 255]
1542736155241;[171, 0, 17, 255, 161, 74, 234, 29, 0, 1, 0, 5, 1, 0, 116, 0, 0, 228, 3, 255]
1542736155243;[171, 0, 17, 255, 161, 74, 234, 29, 0, 1, 0, 8, 1, 0, 118, 0, 0, 228, 3, 231]
1542736155244;[171, 0, 17, 255, 161, 74, 234, 29, 0, 1, 0, 8, 1, 0, 118, 0, 0, 228, 3, 231]
1542736155407;[171, 0, 17, 255, 161, 74, 234, 29, 0, 1, 0, 7, 1, 0, 119, 0, 0, 228, 3, 199]
1542736155409;[171, 0, 17, 255, 161, 74, 234, 29, 0, 1, 0, 7, 1, 0, 119, 0, 0, 228, 3, 199]
1542736155412;[171, 0, 4, 255, 132, 128, 66]
1542736155414;[171, 0, 4, 255, 132, 128, 66]
1542736155579;[171, 0, 17, 255, 161, 74, 234, 29, 0, 1, 0, 6, 1, 0, 116, 0, 0, 228, 3, 171]
1542736155581;[171, 0, 17, 255, 161, 74, 234, 29, 0, 1, 0, 6, 1, 0, 116, 0, 0, 228, 3, 171]
1542736155583;[171, 0, 17, 255, 161, 74, 234, 29, 0, 1, 0, 9, 1, 0, 119, 0, 0, 227, 4, 9]
1542736155585;[171, 0, 17, 255, 161, 74, 234, 29, 0, 1, 0, 9, 1, 0, 119, 0, 0, 227, 4, 9]
1542736155752;[171, 0, 17, 255, 161, 74, 234, 29, 0, 1, 0, 5, 1, 0, 116, 0, 0, 227, 4, 86]
1542736155754;[171, 0, 17, 255, 161, 74, 234, 29, 0, 1, 0, 5, 1, 0, 116, 0, 0, 227, 4, 86]
1542736156098;[171, 0, 17, 255, 161, 74, 234, 29, 0, 1, 0, 8, 1, 0, 115, 0, 0, 229, 4, 105]
1542736156100;[171, 0, 17, 255, 161, 74, 234, 29, 0, 1, 0, 8, 1, 0, 115, 0, 0, 229, 4, 105]
1542736156102;[171, 0, 17, 255, 161, 74, 234, 29, 0, 1, 0, 8, 1, 0, 118, 0, 0, 225, 4, 100]
1542736156106;[171, 0, 17, 255, 161, 74, 234, 29, 0, 1, 0, 8, 1, 0, 118, 0, 0, 225, 4, 100]
1542736156108;[171, 0, 17, 255, 161, 74, 234, 29, 0, 1, 0, 8, 1, 0, 116, 0, 0, 229, 4, 96]
1542736156110;[171, 0, 17, 255, 161, 74, 234, 29, 0, 1, 0, 8, 1, 0, 116, 0, 0, 229, 4, 96]
1542736156112;[171, 0, 17, 255, 161, 74, 234, 29, 0, 1, 0, 5, 1, 0, 121, 0, 0, 228, 4, 64]
1542736156114;[171, 0, 17, 255, 161, 74, 234, 29, 0, 1, 0, 5, 1, 0, 121, 0, 0, 228, 4, 64]
1542736156271;[171, 0, 17, 255, 161, 74, 234, 29, 1, 1, 0, 9, 1, 0, 117, 0, 0, 229, 4, 29]
1542736156273;[171, 0, 17, 255, 161, 74, 234, 29, 1, 1, 0, 9, 1, 0, 117, 0, 0, 229, 4, 29]
1542736156442;[171, 0, 17, 255, 161, 74, 234, 29, 1, 1, 0, 5, 1, 0, 116, 0, 0, 229, 3, 249]
1542736156444;[171, 0, 17, 255, 161, 74, 234, 29, 1, 1, 0, 5, 1, 0, 116, 0, 0, 229, 3, 249]
1542736156447;[171, 0, 17, 255, 161, 74, 234, 29, 1, 1, 0, 5, 1, 0, 118, 0, 0, 230, 4, 12]
1542736156448;[171, 0, 17, 255, 161, 74, 234, 29, 1, 1, 0, 5, 1, 0, 118, 0, 0, 230, 4, 12]
1542736156615;[171, 0, 4, 255, 132, 128, 66]
1542736156618;[171, 0, 4, 255, 132, 128, 66]
1542736156621;[171, 0, 17, 255, 161, 74, 234, 29, 1, 1, 0, 7, 1, 0, 117, 0, 0, 228, 4, 129]
1542736156622;[171, 0, 17, 255, 161, 74, 234, 29, 1, 1, 0, 7, 1, 0, 117, 0, 0, 228, 4, 129]
1542736156788;[171, 0, 17, 255, 161, 74, 234, 29, 1, 1, 0, 7, 1, 0, 117, 0, 0, 231, 4, 186]
1542736156790;[171, 0, 17, 255, 161, 74, 234, 29, 1, 1, 0, 7, 1, 0, 117, 0, 0, 231, 4, 186]
1542736156792;[171, 0, 17, 255, 161, 74, 234, 29, 1, 1, 0, 8, 1, 0, 117, 0, 0, 228, 4, 195]
1542736156793;[171, 0, 17, 255, 161, 74, 234, 29, 1, 1, 0, 8, 1, 0, 117, 0, 0, 228, 4, 195]
1542736156958;[171, 0, 17, 255, 161, 74, 234, 29, 1, 1, 0, 7, 1, 0, 116, 0, 0, 230, 4, 189]
1542736156960;[171, 0, 17, 255, 161, 74, 234, 29, 1, 1, 0, 7, 1, 0, 116, 0, 0, 230, 4, 189]
1542736157306;[171, 0, 17, 255, 161, 74, 234, 29, 1, 1, 0, 8, 1, 0, 119, 0, 0, 228, 4, 174]
1542736157307;[171, 0, 17, 255, 161, 74, 234, 29, 1, 1, 0, 8, 1, 0, 119, 0, 0, 228, 4, 174]
1542736157311;[171, 0, 17, 255, 161, 74, 234, 29, 1, 1, 0, 7, 1, 0, 117, 0, 0, 230, 4, 148]
1542736157312;[171, 0, 17, 255, 161, 74, 234, 29, 1, 1, 0, 7, 1, 0, 117, 0, 0, 230, 4, 148]
1542736157315;[171, 0, 17, 255, 161, 74, 234, 29, 1, 1, 0, 8, 1, 0, 118, 0, 0, 229, 4, 112]
1542736157317;[171, 0, 17, 255, 161, 74, 234, 29, 1, 1, 0, 8, 1, 0, 118, 0, 0, 229, 4, 112]
1542736157318;[171, 0, 17, 255, 161, 74, 234, 29, 2, 1, 0, 6, 1, 0, 117, 0, 0, 229, 4, 61]
1542736157320;[171, 0, 17, 255, 161, 74, 234, 29, 2, 1, 0, 6, 1, 0, 117, 0, 0, 229, 4, 61]
1542736157477;[171, 0, 17, 255, 161, 74, 234, 29, 2, 1, 0, 10, 1, 0, 117, 0, 0, 228, 4, 72]
1542736157479;[171, 0, 17, 255, 161, 74, 234, 29, 2, 1, 0, 10, 1, 0, 117, 0, 0, 228, 4, 72]
1542736157481;[171, 0, 17, 255, 161, 74, 234, 29, 2, 1, 0, 8, 1, 0, 118, 0, 0, 228, 4, 197]
1542736157483;[171, 0, 17, 255, 161, 74, 234, 29, 2, 1, 0, 8, 1, 0, 118, 0, 0, 228, 4, 197]
1542736157650;[171, 0, 4, 255, 132, 128, 67]
1542736157653;[171, 0, 4, 255, 132, 128, 67]
1542736157822;[171, 0, 17, 255, 161, 74, 234, 29, 2, 1, 0, 6, 1, 0, 117, 0, 0, 230, 5, 2]
1542736157824;[171, 0, 17, 255, 161, 74, 234, 29, 2, 1, 0, 6, 1, 0, 117, 0, 0, 230, 5, 2]
1542736157826;[171, 0, 17, 255, 161, 74, 234, 29, 2, 1, 0, 7, 1, 0, 116, 0, 0, 227, 4, 253]
1542736157828;[171, 0, 17, 255, 161, 74, 234, 29, 2, 1, 0, 7, 1, 0, 116, 0, 0, 227, 4, 253]
1542736157996;[171, 0, 17, 255, 161, 74, 234, 29, 2, 1, 0, 9, 1, 0, 117, 0, 0, 229, 4, 241]
1542736157998;[171, 0, 17, 255, 161, 74, 234, 29, 2, 1, 0, 9, 1, 0, 117, 0, 0, 229, 4, 241]
1542736158000;[171, 0, 17, 255, 161, 74, 234, 29, 2, 1, 0, 8, 1, 0, 116, 0, 0, 228, 4, 216]
1542736158002;[171, 0, 17, 255, 161, 74, 234, 29, 2, 1, 0, 8, 1, 0, 116, 0, 0, 228, 4, 216]
1542736158167;[171, 0, 17, 255, 161, 74, 234, 29, 2, 1, 0, 5, 1, 0, 118, 0, 0, 230, 4, 186]
1542736158169;[171, 0, 17, 255, 161, 74, 234, 29, 2, 1, 0, 5, 1, 0, 118, 0, 0, 230, 4, 186]
1542736158341;[171, 0, 17, 255, 161, 74, 234, 29, 2, 1, 0, 8, 1, 0, 117, 0, 0, 229, 4, 148]
1542736158343;[171, 0, 17, 255, 161, 74, 234, 29, 2, 1, 0, 8, 1, 0, 117, 0, 0, 229, 4, 148]
1542736158346;[171, 0, 17, 255, 161, 74, 234, 29, 2, 1, 0, 8, 1, 0, 119, 0, 0, 227, 4, 103]
1542736158347;[171, 0, 17, 255, 161, 74, 234, 29, 2, 1, 0, 8, 1, 0, 119, 0, 0, 227, 4, 103]
1542736158687;[171, 0, 17, 255, 161, 74, 234, 29, 3, 1, 0, 6, 1, 0, 114, 0, 0, 227, 4, 104]
1542736158689;[171, 0, 17, 255, 161, 74, 234, 29, 3, 1, 0, 6, 1, 0, 114, 0, 0, 227, 4, 104]
1542736158692;[171, 0, 17, 255, 161, 74, 234, 29, 3, 1, 0, 6, 1, 0, 117, 0, 0, 229, 4, 210]
1542736158694;[171, 0, 17, 255, 161, 74, 234, 29, 3, 1, 0, 6, 1, 0, 117, 0, 0, 229, 4, 210]
1542736158696;[171, 0, 17, 255, 161, 74, 234, 29, 3, 1, 0, 8, 1, 0, 117, 0, 0, 228, 4, 251]
1542736158698;[171, 0, 17, 255, 161, 74, 234, 29, 3, 1, 0, 8, 1, 0, 117, 0, 0, 228, 4, 251]
1542736158701;[171, 0, 4, 255, 132, 128, 67]
1542736158703;[171, 0, 4, 255, 132, 128, 67]
1542736158857;[171, 0, 17, 255, 161, 74, 234, 29, 3, 1, 0, 7, 1, 0, 117, 0, 0, 228, 4, 242]
1542736158859;[171, 0, 17, 255, 161, 74, 234, 29, 3, 1, 0, 7, 1, 0, 117, 0, 0, 228, 4, 242]
1542736159030;[171, 0, 17, 255, 161, 74, 234, 29, 3, 1, 0, 6, 1, 0, 117, 0, 0, 227, 4, 225]
1542736159032;[171, 0, 17, 255, 161, 74, 234, 29, 3, 1, 0, 6, 1, 0, 117, 0, 0, 227, 4, 225]
1542736159035;[171, 0, 17, 255, 161, 74, 234, 29, 3, 1, 0, 5, 1, 0, 116, 0, 0, 227, 4, 204]
1542736159036;[171, 0, 17, 255, 161, 74, 234, 29, 3, 1, 0, 5, 1, 0, 116, 0, 0, 227, 4, 204]
1542736159202;[171, 0, 17, 255, 161, 74, 234, 29, 3, 1, 0, 7, 1, 0, 118, 0, 0, 228, 4, 170]
1542736159204;[171, 0, 17, 255, 161, 74, 234, 29, 3, 1, 0, 7, 1, 0, 118, 0, 0, 228, 4, 170]
1542736159206;[171, 0, 17, 255, 161, 74, 234, 29, 3, 1, 0, 10, 1, 0, 118, 0, 0, 228, 4, 121]
1542736159208;[171, 0, 17, 255, 161, 74, 234, 29, 3, 1, 0, 10, 1, 0, 118, 0, 0, 228, 4, 121]
1542736159374;[171, 0, 17, 255, 161, 74, 234, 29, 3, 1, 0, 7, 1, 0, 116, 0, 0, 228, 4, 143]
1542736159376;[171, 0, 17, 255, 161, 74, 234, 29, 3, 1, 0, 7, 1, 0, 116, 0, 0, 228, 4, 143]
1542736159547;[171, 0, 17, 255, 161, 74, 234, 29, 3, 1, 0, 6, 1, 0, 120, 0, 0, 227, 4, 234]
1542736159549;[171, 0, 17, 255, 161, 74, 234, 29, 3, 1, 0, 6, 1, 0, 120, 0, 0, 227, 4, 234]
1542736159551;[171, 0, 17, 255, 161, 74, 234, 29, 4, 1, 0, 7, 1, 0, 117, 0, 0, 228, 5, 15]
1542736159553;[171, 0, 17, 255, 161, 74, 234, 29, 4, 1, 0, 7, 1, 0, 117, 0, 0, 228, 5, 15]
1542736159896;[171, 0, 17, 255, 161, 74, 234, 29, 4, 1, 0, 7, 1, 0, 117, 0, 0, 227, 5, 6]
1542736159898;[171, 0, 17, 255, 161, 74, 234, 29, 4, 1, 0, 7, 1, 0, 117, 0, 0, 227, 5, 6]
1542736159900;[171, 0, 17, 255, 161, 74, 234, 29, 4, 1, 0, 7, 1, 0, 116, 0, 0, 228, 4, 245]
1542736159902;[171, 0, 17, 255, 161, 74, 234, 29, 4, 1, 0, 7, 1, 0, 116, 0, 0, 228, 4, 245]
1542736159904;[171, 0, 4, 255, 132, 128, 67]
1542736159906;[171, 0, 4, 255, 132, 128, 67]
1542736159909;[171, 0, 17, 255, 161, 74, 234, 29, 4, 1, 0, 6, 1, 0, 116, 0, 0, 228, 4, 217]
1542736159911;[171, 0, 17, 255, 161, 74, 234, 29, 4, 1, 0, 6, 1, 0, 116, 0, 0, 228, 4, 217]
1542736160064;[171, 0, 17, 255, 161, 74, 234, 29, 4, 1, 0, 6, 1, 0, 119, 0, 0, 227, 4, 178]
1542736160066;[171, 0, 17, 255, 161, 74, 234, 29, 4, 1, 0, 6, 1, 0, 119, 0, 0, 227, 4, 178]
1542736160236;[171, 0, 17, 255, 161, 74, 234, 29, 4, 1, 0, 8, 1, 0, 119, 0, 0, 229, 4, 127]
1542736160238;[171, 0, 17, 255, 161, 74, 234, 29, 4, 1, 0, 8, 1, 0, 119, 0, 0, 229, 4, 127]
1542736160240;[171, 0, 17, 255, 161, 74, 234, 29, 4, 1, 0, 7, 1, 0, 117, 0, 0, 229, 4, 75]
1542736160245;[171, 0, 17, 255, 161, 74, 234, 29, 4, 1, 0, 7, 1, 0, 117, 0, 0, 229, 4, 75]
1542736160409;[171, 0, 17, 255, 161, 74, 234, 29, 4, 1, 0, 8, 1, 0, 117, 0, 0, 228, 4, 134]
1542736160411;[171, 0, 17, 255, 161, 74, 234, 29, 4, 1, 0, 8, 1, 0, 117, 0, 0, 228, 4, 134]
1542736160413;[171, 0, 17, 255, 161, 74, 234, 29, 4, 1, 0, 7, 1, 0, 119, 0, 0, 227, 4, 226]
1542736160415;[171, 0, 17, 255, 161, 74, 234, 29, 4, 1, 0, 7, 1, 0, 119, 0, 0, 227, 4, 226]
1542736160585;[171, 0, 17, 255, 161, 74, 234, 29, 4, 1, 0, 3, 1, 0, 116, 0, 0, 229, 4, 244]
1542736160587;[171, 0, 17, 255, 161, 74, 234, 29, 4, 1, 0, 3, 1, 0, 116, 0, 0, 229, 4, 244]
1542736160588;[171, 0, 17, 255, 161, 74, 234, 29, 5, 1, 0, 6, 1, 0, 117, 0, 0, 227, 4, 231]
1542736160590;[171, 0, 17, 255, 161, 74, 234, 29, 5, 1, 0, 6, 1, 0, 117, 0, 0, 227, 4, 231]
1542736160754;[171, 0, 17, 255, 161, 74, 234, 29, 5, 1, 0, 10, 1, 0, 117, 0, 0, 229, 4, 210]
1542736160756;[171, 0, 17, 255, 161, 74, 234, 29, 5, 1, 0, 10, 1, 0, 117, 0, 0, 229, 4, 210]
1542736161274;[171, 0, 17, 255, 161, 74, 234, 29, 5, 1, 0, 7, 1, 0, 117, 0, 0, 227, 4, 174]
1542736161277;[171, 0, 17, 255, 161, 74, 234, 29, 5, 1, 0, 7, 1, 0, 117, 0, 0, 227, 4, 174]
1542736161279;[171, 0, 4, 255, 132, 128, 67]
1542736161281;[171, 0, 4, 255, 132, 128, 67]
1542736161284;[171, 0, 17, 255, 161, 74, 234, 29, 5, 1, 0, 8, 1, 0, 114, 0, 0, 228, 4, 134]
1542736161286;[171, 0, 17, 255, 161, 74, 234, 29, 5, 1, 0, 8, 1, 0, 114, 0, 0, 228, 4, 134]
1542736161288;[171, 0, 17, 255, 161, 74, 234, 29, 5, 1, 0, 7, 1, 0, 117, 0, 0, 228, 4, 91]
1542736161290;[171, 0, 17, 255, 161, 74, 234, 29, 5, 1, 0, 7, 1, 0, 117, 0, 0, 228, 4, 91]
1542736161446;[171, 0, 17, 255, 161, 74, 234, 29, 5, 1, 0, 8, 1, 0, 116, 0, 0, 230, 4, 31]
1542736161449;[171, 0, 17, 255, 161, 74, 234, 29, 5, 1, 0, 8, 1, 0, 116, 0, 0, 230, 4, 31]
1542736161451;[171, 0, 17, 255, 161, 74, 234, 29, 5, 1, 0, 6, 1, 0, 119, 0, 0, 227, 4, 8]
1542736161452;[171, 0, 17, 255, 161, 74, 234, 29, 5, 1, 0, 6, 1, 0, 119, 0, 0, 227, 4, 8]
1542736161454;[171, 0, 17, 255, 161, 74, 234, 29, 5, 1, 0, 7, 1, 0, 118, 0, 0, 229, 4, 79]
1542736161456;[171, 0, 17, 255, 161, 74, 234, 29, 5, 1, 0, 7, 1, 0, 118, 0, 0, 229, 4, 79]
1542736161618;[171, 0, 17, 255, 161, 74, 234, 29, 5, 1, 0, 6, 1, 0, 120, 0, 0, 228, 4, 136]
1542736161620;[171, 0, 17, 255, 161, 74, 234, 29, 5, 1, 0, 6, 1, 0, 120, 0, 0, 228, 4, 136]
1542736161622;[171, 0, 17, 255, 161, 74, 234, 29, 5, 1, 0, 6, 1, 0, 118, 0, 0, 229, 4, 141]
1542736161623;[171, 0, 17, 255, 161, 74, 234, 29, 5, 1, 0, 6, 1, 0, 118, 0, 0, 229, 4, 141]
1542736161789;[171, 0, 17, 255, 161, 74, 234, 29, 6, 1, 0, 6, 1, 0, 118, 0, 0, 230, 4, 132]
1542736161791;[171, 0, 17, 255, 161, 74, 234, 29, 6, 1, 0, 6, 1, 0, 118, 0, 0, 230, 4, 132]
1542736161793;[171, 0, 17, 255, 161, 74, 234, 29, 6, 1, 0, 6, 1, 0, 116, 0, 0, 228, 4, 104]
1542736161795;[171, 0, 17, 255, 161, 74, 234, 29, 6, 1, 0, 6, 1, 0, 116, 0, 0, 228, 4, 104]
1542736162136;[171, 0, 17, 255, 161, 74, 234, 29, 6, 1, 0, 8, 1, 0, 118, 0, 0, 227, 4, 70]
1542736162138;[171, 0, 17, 255, 161, 74, 234, 29, 6, 1, 0, 8, 1, 0, 118, 0, 0, 227, 4, 70]
1542736162140;[171, 0, 4, 255, 132, 128, 67]
1542736162143;[171, 0, 4, 255, 132, 128, 67]
1542736162145;[171, 0, 17, 255, 161, 74, 234, 29, 6, 1, 0, 6, 1, 0, 117, 0, 0, 228, 4, 26]
1542736162147;[171, 0, 17, 255, 161, 74, 234, 29, 6, 1, 0, 6, 1, 0, 117, 0, 0, 228, 4, 26]
1542736162482;[171, 0, 17, 255, 161, 74, 234, 29, 6, 1, 0, 8, 1, 0, 118, 0, 0, 229, 3, 233]
1542736162484;[171, 0, 17, 255, 161, 74, 234, 29, 6, 1, 0, 8, 1, 0, 118, 0, 0, 229, 3, 233]
1542736162510;[171, 0, 17, 255, 161, 74, 234, 29, 6, 1, 0, 6, 1, 0, 117, 0, 0, 228, 3, 228]
1542736162512;[171, 0, 17, 255, 161, 74, 234, 29, 6, 1, 0, 6, 1, 0, 117, 0, 0, 228, 3, 228]
1542736162514;[171, 0, 17, 255, 161, 74, 234, 29, 6, 1, 0, 7, 1, 0, 117, 0, 0, 229, 4, 45]
1542736162515;[171, 0, 17, 255, 161, 74, 234, 29, 6, 1, 0, 7, 1, 0, 117, 0, 0, 229, 4, 45]
1542736162517;[171, 0, 17, 255, 161, 74, 234, 29, 6, 1, 0, 5, 1, 0, 118, 0, 0, 228, 4, 86]
1542736162519;[171, 0, 17, 255, 161, 74, 234, 29, 6, 1, 0, 5, 1, 0, 118, 0, 0, 228, 4, 86]
1542736162654;[171, 0, 17, 255, 161, 74, 234, 29, 6, 1, 0, 4, 1, 0, 117, 0, 0, 226, 4, 76]
1542736162656;[171, 0, 17, 255, 161, 74, 234, 29, 6, 1, 0, 4, 1, 0, 117, 0, 0, 226, 4, 76]
1542736162825;[171, 0, 17, 255, 161, 74, 234, 29, 6, 1, 0, 6, 1, 0, 118, 0, 0, 227, 4, 49]
1542736162828;[171, 0, 17, 255, 161, 74, 234, 29, 6, 1, 0, 6, 1, 0, 118, 0, 0, 227, 4, 49]
1542736162830;[171, 0, 17, 255, 161, 74, 234, 29, 7, 1, 0, 8, 1, 0, 115, 0, 0, 228, 4, 23]
1542736162832;[171, 0, 17, 255, 161, 74, 234, 29, 7, 1, 0, 8, 1, 0, 115, 0, 0, 228, 4, 23]
1542736162998;[171, 0, 17, 255, 161, 74, 234, 29, 7, 1, 0, 6, 1, 0, 118, 0, 0, 227, 3, 239]
1542736163000;[171, 0, 17, 255, 161, 74, 234, 29, 7, 1, 0, 6, 1, 0, 118, 0, 0, 227, 3, 239]
1542736163002;[171, 0, 17, 255, 161, 74, 234, 29, 7, 1, 0, 5, 1, 0, 121, 0, 0, 229, 3, 200]
1542736163028;[171, 0, 17, 255, 161, 74, 234, 29, 7, 1, 0, 5, 1, 0, 121, 0, 0, 229, 3, 200]
1542736163169;[171, 0, 4, 255, 132, 128, 67]
1542736163171;[171, 0, 4, 255, 132, 128, 67]
1542736163341;[171, 0, 17, 255, 161, 74, 234, 29, 7, 1, 0, 7, 1, 0, 118, 0, 0, 230, 3, 163]
1542736163344;[171, 0, 17, 255, 161, 74, 234, 29, 7, 1, 0, 7, 1, 0, 118, 0, 0, 230, 3, 163]
1542736163349;[171, 0, 17, 255, 161, 74, 234, 29, 7, 1, 0, 6, 1, 0, 117, 0, 0, 230, 3, 244]
1542736163351;[171, 0, 17, 255, 161, 74, 234, 29, 7, 1, 0, 6, 1, 0, 117, 0, 0, 230, 3, 244]
1542736163691;[171, 0, 17, 255, 161, 74, 234, 29, 7, 1, 0, 6, 1, 0, 117, 0, 0, 228, 4, 52]
1542736163693;[171, 0, 17, 255, 161, 74, 234, 29, 7, 1, 0, 6, 1, 0, 117, 0, 0, 228, 4, 52]
1542736163695;[171, 0, 17, 255, 161, 74, 234, 29, 7, 1, 0, 6, 1, 0, 116, 0, 0, 227, 4, 53]
1542736163697;[171, 0, 17, 255, 161, 74, 234, 29, 7, 1, 0, 6, 1, 0, 116, 0, 0, 227, 4, 53]
1542736163699;[171, 0, 17, 255, 161, 74, 234, 29, 7, 1, 0, 6, 1, 0, 118, 0, 0, 228, 4, 37]
1542736163701;[171, 0, 17, 255, 161, 74, 234, 29, 7, 1, 0, 6, 1, 0, 118, 0, 0, 228, 4, 37]
1542736163703;[171, 0, 17, 255, 161, 74, 234, 29, 7, 1, 0, 6, 1, 0, 117, 0, 0, 228, 4, 20]
1542736163705;[171, 0, 17, 255, 161, 74, 234, 29, 7, 1, 0, 6, 1, 0, 117, 0, 0, 228, 4, 20]
1542736163859;[171, 0, 17, 255, 161, 74, 234, 29, 7, 1, 0, 6, 1, 0, 119, 0, 0, 227, 3, 236]
1542736163861;[171, 0, 17, 255, 161, 74, 234, 29, 7, 1, 0, 6, 1, 0, 119, 0, 0, 227, 3, 236]
1542736164207;[171, 0, 17, 255, 161, 74, 234, 29, 8, 1, 0, 6, 1, 0, 117, 0, 0, 228, 3, 198]
1542736164209;[171, 0, 17, 255, 161, 74, 234, 29, 8, 1, 0, 6, 1, 0, 117, 0, 0, 228, 3, 198]
1542736164211;[171, 0, 17, 255, 161, 74, 234, 29, 8, 1, 0, 6, 1, 0, 118, 0, 0, 229, 3, 147]
1542736164213;[171, 0, 17, 255, 161, 74, 234, 29, 8, 1, 0, 6, 1, 0, 118, 0, 0, 229, 3, 147]
1542736164214;[171, 0, 17, 255, 161, 74, 234, 29, 8, 1, 0, 9, 1, 0, 119, 0, 0, 230, 3, 127]
1542736164217;[171, 0, 17, 255, 161, 74, 234, 29, 8, 1, 0, 9, 1, 0, 119, 0, 0, 230, 3, 127]
1542736164218;[171, 0, 4, 255, 132, 128, 68]
1542736164220;[171, 0, 4, 255, 132, 128, 68]
1542736164377;[171, 0, 17, 255, 161, 74, 234, 29, 8, 1, 0, 8, 1, 0, 116, 0, 0, 226, 3, 207]
1542736164379;[171, 0, 17, 255, 161, 74, 234, 29, 8, 1, 0, 8, 1, 0, 116, 0, 0, 226, 3, 207]
1542736164381;[171, 0, 17, 255, 161, 74, 234, 29, 8, 1, 0, 7, 1, 0, 117, 0, 0, 230, 4, 16]
1542736164383;[171, 0, 17, 255, 161, 74, 234, 29, 8, 1, 0, 7, 1, 0, 117, 0, 0, 230, 4, 16]
1542736164548;[171, 0, 17, 255, 161, 74, 234, 29, 8, 1, 0, 6, 1, 0, 119, 0, 0, 228, 4, 25]
1542736164550;[171, 0, 17, 255, 161, 74, 234, 29, 8, 1, 0, 6, 1, 0, 119, 0, 0, 228, 4, 25]
1542736164723;[171, 0, 17, 255, 161, 74, 234, 29, 8, 1, 0, 8, 1, 0, 115, 0, 0, 227, 4, 4]
1542736164725;[171, 0, 17, 255, 161, 74, 234, 29, 8, 1, 0, 8, 1, 0, 115, 0, 0, 227, 4, 4]
1542736164727;[171, 0, 17, 255, 161, 74, 234, 29, 8, 1, 0, 7, 1, 0, 117, 0, 0, 228, 3, 242]
1542736164729;[171, 0, 17, 255, 161, 74, 234, 29, 8, 1, 0, 7, 1, 0, 117, 0, 0, 228, 3, 242]
1542736165241;[171, 0, 17, 255, 161, 74, 234, 29, 8, 1, 0, 8, 1, 0, 116, 0, 0, 228, 3, 213]
1542736165243;[171, 0, 17, 255, 161, 74, 234, 29, 8, 1, 0, 8, 1, 0, 116, 0, 0, 228, 3, 213]
1542736165246;[171, 0, 17, 255, 161, 74, 234, 29, 8, 1, 0, 6, 1, 0, 117, 0, 0, 228, 3, 170]
1542736165250;[171, 0, 17, 255, 161, 74, 234, 29, 8, 1, 0, 6, 1, 0, 117, 0, 0, 228, 3, 170]
1542736165252;[171, 0, 17, 255, 161, 74, 234, 29, 9, 1, 0, 7, 1, 0, 118, 0, 0, 228, 3, 120]
1542736165254;[171, 0, 17, 255, 161, 74, 234, 29, 9, 1, 0, 7, 1, 0, 118, 0, 0, 228, 3, 120]
1542736165259;[171, 0, 17, 255, 161, 74, 234, 29, 9, 1, 0, 6, 1, 0, 117, 0, 0, 226, 3, 68]
1542736165261;[171, 0, 17, 255, 161, 74, 234, 29, 9, 1, 0, 6, 1, 0, 117, 0, 0, 226, 3, 68]
1542736165412;[171, 0, 17, 255, 161, 74, 234, 29, 9, 1, 0, 7, 1, 0, 119, 0, 0, 227, 3, 79]
1542736165414;[171, 0, 17, 255, 161, 74, 234, 29, 9, 1, 0, 7, 1, 0, 119, 0, 0, 227, 3, 79]
1542736165416;[171, 0, 4, 255, 132, 128, 68]
1542736165419;[171, 0, 4, 255, 132, 128, 68]
1542736165421;[171, 0, 17, 255, 161, 74, 234, 29, 9, 1, 0, 9, 1, 0, 117, 0, 0, 228, 3, 179]
1542736165423;[171, 0, 17, 255, 161, 74, 234, 29, 9, 1, 0, 9, 1, 0, 117, 0, 0, 228, 3, 179]
1542736165585;[171, 0, 17, 255, 161, 74, 234, 29, 9, 1, 0, 6, 1, 0, 118, 0, 0, 229, 3, 223]
1542736165586;[171, 0, 17, 255, 161, 74, 234, 29, 9, 1, 0, 6, 1, 0, 118, 0, 0, 229, 3, 223]
1542736165589;[171, 0, 17, 255, 161, 74, 234, 29, 9, 1, 0, 5, 1, 0, 116, 0, 0, 228, 3, 224]
1542736165590;[171, 0, 17, 255, 161, 74, 234, 29, 9, 1, 0, 5, 1, 0, 116, 0, 0, 228, 3, 224]
1542736165757;[171, 0, 17, 255, 161, 74, 234, 29, 9, 1, 0, 7, 1, 0, 117, 0, 0, 228, 3, 210]
1542736165758;[171, 0, 17, 255, 161, 74, 234, 29, 9, 1, 0, 7, 1, 0, 117, 0, 0, 228, 3, 210]
1542736165930;[171, 0, 17, 255, 161, 74, 234, 29, 9, 1, 0, 6, 1, 0, 117, 0, 0, 228, 3, 186]
1542736165931;[171, 0, 17, 255, 161, 74, 234, 29, 9, 1, 0, 6, 1, 0, 117, 0, 0, 228, 3, 186]
1542736165934;[171, 0, 17, 255, 161, 74, 234, 29, 9, 1, 0, 7, 1, 0, 116, 0, 0, 226, 3, 158]
1542736165937;[171, 0, 17, 255, 161, 74, 234, 29, 9, 1, 0, 7, 1, 0, 116, 0, 0, 226, 3, 158]
1542736166275;[171, 0, 17, 255, 161, 74, 234, 29, 9, 1, 0, 5, 1, 0, 118, 0, 0, 228, 3, 119]
1542736166277;[171, 0, 17, 255, 161, 74, 234, 29, 9, 1, 0, 5, 1, 0, 118, 0, 0, 228, 3, 119]
1542736166280;[171, 0, 17, 255, 161, 74, 234, 29, 10, 1, 0, 5, 1, 0, 118, 0, 0, 228, 3, 68]
1542736166281;[171, 0, 17, 255, 161, 74, 234, 29, 10, 1, 0, 5, 1, 0, 118, 0, 0, 228, 3, 68]
1542736166284;[171, 0, 17, 255, 161, 74, 234, 29, 10, 1, 0, 5, 1, 0, 118, 0, 0, 229, 3, 75]
1542736166285;[171, 0, 17, 255, 161, 74, 234, 29, 10, 1, 0, 5, 1, 0, 118, 0, 0, 229, 3, 75]
1542736166447;[171, 0, 17, 255, 161, 74, 234, 29, 10, 1, 0, 8, 1, 0, 117, 0, 0, 228, 3, 164]
1542736166449;[171, 0, 17, 255, 161, 74, 234, 29, 10, 1, 0, 8, 1, 0, 117, 0, 0, 228, 3, 164]
1542736166451;[171, 0, 4, 255, 132, 128, 68]
1542736166453;[171, 0, 4, 255, 132, 128, 68]
1542736166620;[171, 0, 17, 255, 161, 74, 234, 29, 10, 1, 0, 7, 1, 0, 116, 0, 0, 228, 3, 198]
1542736166622;[171, 0, 17, 255, 161, 74, 234, 29, 10, 1, 0, 7, 1, 0, 116, 0, 0, 228, 3, 198]
1542736166625;[171, 0, 17, 255, 161, 74, 234, 29, 10, 1, 0, 8, 1, 0, 118, 0, 0, 228, 3, 190]
1542736166627;[171, 0, 17, 255, 161, 74, 234, 29, 10, 1, 0, 8, 1, 0, 118, 0, 0, 228, 3, 190]
1542736166793;[171, 0, 17, 255, 161, 74, 234, 29, 10, 1, 0, 5, 1, 0, 116, 0, 0, 229, 3, 173]
1542736166795;[171, 0, 17, 255, 161, 74, 234, 29, 10, 1, 0, 5, 1, 0, 116, 0, 0, 229, 3, 173]
1542736166798;[171, 0, 17, 255, 161, 74, 234, 29, 10, 1, 0, 9, 1, 0, 118, 0, 0, 229, 3, 152]
1542736166800;[171, 0, 17, 255, 161, 74, 234, 29, 10, 1, 0, 9, 1, 0, 118, 0, 0, 229, 3, 152]
1542736166964;[171, 0, 17, 255, 161, 74, 234, 29, 10, 1, 0, 7, 1, 0, 117, 0, 0, 228, 3, 114]
1542736166966;[171, 0, 17, 255, 161, 74, 234, 29, 10, 1, 0, 7, 1, 0, 117, 0, 0, 228, 3, 114]
1542736167137;[171, 0, 17, 255, 161, 74, 234, 29, 10, 1, 0, 4, 1, 0, 118, 0, 0, 228, 3, 75]
1542736167139;[171, 0, 17, 255, 161, 74, 234, 29, 10, 1, 0, 4, 1, 0, 118, 0, 0, 228, 3, 75]
1542736167141;[171, 0, 17, 255, 161, 74, 234, 29, 10, 1, 0, 7, 1, 0, 118, 0, 0, 229, 3, 57]
1542736167143;[171, 0, 17, 255, 161, 74, 234, 29, 10, 1, 0, 7, 1, 0, 118, 0, 0, 229, 3, 57]
1542736167656;[171, 0, 17, 255, 161, 74, 234, 29, 11, 1, 0, 7, 1, 0, 115, 0, 0, 230, 3, 157]
1542736167658;[171, 0, 17, 255, 161, 74, 234, 29, 11, 1, 0, 7, 1, 0, 115, 0, 0, 230, 3, 157]
1542736167667;[171, 0, 17, 255, 161, 74, 234, 29, 11, 1, 0, 7, 1, 0, 115, 0, 0, 229, 3, 210]
1542736167668;[171, 0, 17, 255, 161, 74, 234, 29, 11, 1, 0, 7, 1, 0, 115, 0, 0, 229, 3, 210]
1542736167670;[171, 0, 17, 255, 161, 74, 234, 29, 11, 1, 0, 8, 1, 0, 116, 0, 0, 228, 3, 219]
1542736167671;[171, 0, 17, 255, 161, 74, 234, 29, 11, 1, 0, 8, 1, 0, 116, 0, 0, 228, 3, 219]
1542736167673;[171, 0, 4, 255, 132, 128, 68]
1542736167675;[171, 0, 4, 255, 132, 128, 68]
1542736167829;[171, 0, 17, 255, 161, 74, 234, 29, 11, 1, 0, 5, 1, 0, 117, 0, 0, 228, 3, 212]
1542736167830;[171, 0, 17, 255, 161, 74, 234, 29, 11, 1, 0, 5, 1, 0, 117, 0, 0, 228, 3, 212]
1542736167833;[171, 0, 17, 255, 161, 74, 234, 29, 11, 1, 0, 9, 1, 0, 118, 0, 0, 228, 3, 189]
1542736167835;[171, 0, 17, 255, 161, 74, 234, 29, 11, 1, 0, 9, 1, 0, 118, 0, 0, 228, 3, 189]
1542736167837;[171, 0, 17, 255, 161, 74, 234, 29, 11, 1, 0, 7, 1, 0, 116, 0, 0, 226, 3, 154]
1542736167839;[171, 0, 17, 255, 161, 74, 234, 29, 11, 1, 0, 7, 1, 0, 116, 0, 0, 226, 3, 154]
1542736168000;[171, 0, 17, 255, 161, 74, 234, 29, 11, 1, 0, 8, 1, 0, 116, 0, 0, 229, 3, 110]
1542736168002;[171, 0, 17, 255, 161, 74, 234, 29, 11, 1, 0, 8, 1, 0, 116, 0, 0, 229, 3, 110]
1542736168004;[171, 0, 17, 255, 161, 74, 234, 29, 11, 1, 0, 7, 1, 0, 117, 0, 0, 228, 3, 64]
1542736168006;[171, 0, 17, 255, 161, 74, 234, 29, 11, 1, 0, 7, 1, 0, 117, 0, 0, 228, 3, 64]
1542736168174;[171, 0, 17, 255, 161, 74, 234, 29, 11, 1, 0, 7, 1, 0, 116, 0, 0, 230, 3, 20]
1542736168176;[171, 0, 17, 255, 161, 74, 234, 29, 11, 1, 0, 7, 1, 0, 116, 0, 0, 230, 3, 20]
1542736168345;[171, 0, 17, 255, 161, 74, 234, 29, 11, 1, 0, 6, 1, 0, 117, 0, 0, 228, 3, 91]
1542736168347;[171, 0, 17, 255, 161, 74, 234, 29, 11, 1, 0, 6, 1, 0, 117, 0, 0, 228, 3, 91]
1542736168349;[171, 0, 17, 255, 161, 74, 234, 29, 12, 1, 0, 7, 1, 0, 118, 0, 0, 229, 3, 176]
1542736168351;[171, 0, 17, 255, 161, 74, 234, 29, 12, 1, 0, 7, 1, 0, 118, 0, 0, 229, 3, 176]
1542736168518;[171, 0, 17, 255, 161, 74, 234, 29, 12, 1, 0, 9, 1, 0, 118, 0, 0, 228, 3, 197]
1542736168519;[171, 0, 17, 255, 161, 74, 234, 29, 12, 1, 0, 9, 1, 0, 118, 0, 0, 228, 3, 197]
1542736168522;[171, 0, 17, 255, 161, 74, 234, 29, 12, 1, 0, 6, 1, 0, 119, 0, 0, 228, 3, 178]
1542736168524;[171, 0, 17, 255, 161, 74, 234, 29, 12, 1, 0, 6, 1, 0, 119, 0, 0, 228, 3, 178]
1542736168863;[171, 0, 4, 255, 132, 128, 68]
1542736168865;[171, 0, 4, 255, 132, 128, 68]
1542736168868;[171, 0, 17, 255, 161, 74, 234, 29, 12, 1, 0, 6, 1, 0, 117, 0, 0, 228, 3, 160]
1542736168870;[171, 0, 17, 255, 161, 74, 234, 29, 12, 1, 0, 6, 1, 0, 117, 0, 0, 228, 3, 160]
1542736168872;[171, 0, 17, 255, 161, 74, 234, 29, 12, 1, 0, 5, 1, 0, 118, 0, 0, 228, 3, 137]
1542736168873;[171, 0, 17, 255, 161, 74, 234, 29, 12, 1, 0, 5, 1, 0, 118, 0, 0, 228, 3, 137]
1542736169034;[171, 0, 17, 255, 161, 74, 234, 29, 12, 1, 0, 8, 1, 0, 115, 0, 0, 228, 3, 91]
1542736169035;[171, 0, 17, 255, 161, 74, 234, 29, 12, 1, 0, 8, 1, 0, 115, 0, 0, 228, 3, 91]
1542736169038;[171, 0, 17, 255, 161, 74, 234, 29, 12, 1, 0, 3, 1, 0, 117, 0, 0, 229, 3, 47]
1542736169039;[171, 0, 17, 255, 161, 74, 234, 29, 12, 1, 0, 3, 1, 0, 117, 0, 0, 229, 3, 47]
1542736169208;[171, 0, 17, 255, 161, 74, 234, 29, 12, 1, 0, 8, 1, 0, 116, 0, 0, 228, 3, 33]
1542736169210;[171, 0, 17, 255, 161, 74, 234, 29, 12, 1, 0, 8, 1, 0, 116, 0, 0, 228, 3, 33]
1542736169212;[171, 0, 17, 255, 161, 74, 234, 29, 12, 1, 0, 5, 1, 0, 117, 0, 0, 228, 3, 124]
1542736169214;[171, 0, 17, 255, 161, 74, 234, 29, 12, 1, 0, 5, 1, 0, 117, 0, 0, 228, 3, 124]
1542736169382;[171, 0, 17, 255, 161, 74, 234, 29, 12, 1, 0, 5, 1, 0, 119, 0, 0, 227, 3, 184]
1542736169384;[171, 0, 17, 255, 161, 74, 234, 29, 12, 1, 0, 5, 1, 0, 119, 0, 0, 227, 3, 184]
1542736169387;[171, 0, 17, 255, 161, 74, 234, 29, 13, 1, 0, 5, 1, 0, 117, 0, 0, 229, 3, 181]
1542736169388;[171, 0, 17, 255, 161, 74, 234, 29, 13, 1, 0, 5, 1, 0, 117, 0, 0, 229, 3, 181]
1542736169551;[171, 0, 17, 255, 161, 74, 234, 29, 13, 1, 0, 6, 1, 0, 117, 0, 0, 227, 3, 158]
1542736169553;[171, 0, 17, 255, 161, 74, 234, 29, 13, 1, 0, 6, 1, 0, 117, 0, 0, 227, 3, 158]
1542736169724;[171, 0, 17, 255, 161, 74, 234, 29, 15, 1, 0, 8, 1, 0, 117, 0, 0, 229, 3, 80]
1542736169726;[171, 0, 17, 255, 161, 74, 234, 29, 15, 1, 0, 8, 1, 0, 117, 0, 0, 229, 3, 80]
1542736170069;[171, 0, 17, 255, 161, 74, 234, 29, 15, 1, 0, 7, 1, 0, 118, 0, 0, 226, 3, 160]
1542736170071;[171, 0, 17, 255, 161, 74, 234, 29, 15, 1, 0, 7, 1, 0, 118, 0, 0, 226, 3, 160]
1542736170251;[171, 0, 17, 255, 161, 74, 234, 29, 15, 1, 0, 9, 1, 0, 115, 0, 0, 226, 3, 175]
1542736170253;[171, 0, 17, 255, 161, 74, 234, 29, 15, 1, 0, 9, 1, 0, 115, 0, 0, 226, 3, 175]
1542736170255;[171, 0, 17, 255, 161, 74, 234, 29, 15, 1, 0, 7, 1, 0, 117, 0, 0, 228, 3, 163]
1542736170257;[171, 0, 17, 255, 161, 74, 234, 29, 15, 1, 0, 7, 1, 0, 117, 0, 0, 228, 3, 163]
1542736170258;[171, 0, 17, 255, 161, 74, 234, 29, 15, 1, 0, 6, 1, 0, 117, 0, 0, 228, 3, 142]
1542736170260;[171, 0, 17, 255, 161, 74, 234, 29, 15, 1, 0, 6, 1, 0, 117, 0, 0, 228, 3, 142]
1542736170413;[171, 0, 17, 255, 161, 74, 234, 29, 15, 1, 0, 8, 1, 0, 115, 0, 0, 227, 3, 124]
1542736170414;[171, 0, 17, 255, 161, 74, 234, 29, 15, 1, 0, 8, 1, 0, 115, 0, 0, 227, 3, 124]
1542736170416;[171, 0, 17, 255, 161, 74, 234, 29, 15, 1, 0, 4, 1, 0, 116, 0, 0, 228, 3, 77]
1542736170417;[171, 0, 17, 255, 161, 74, 234, 29, 15, 1, 0, 4, 1, 0, 116, 0, 0, 228, 3, 77]
1542736170587;[171, 0, 17, 255, 161, 74, 234, 29, 16, 1, 0, 8, 1, 0, 116, 0, 0, 230, 3, 27]
1542736170589;[171, 0, 17, 255, 161, 74, 234, 29, 16, 1, 0, 8, 1, 0, 116, 0, 0, 230, 3, 27]
1542736170591;[171, 0, 17, 255, 161, 74, 234, 29, 16, 1, 0, 7, 1, 0, 117, 0, 0, 229, 2, 255]
1542736170593;[171, 0, 17, 255, 161, 74, 234, 29, 16, 1, 0, 7, 1, 0, 117, 0, 0, 229, 2, 255]
1542736170760;[171, 0, 17, 255, 161, 74, 234, 29, 16, 1, 0, 5, 1, 0, 117, 0, 0, 228, 3, 67]
1542736170762;[171, 0, 17, 255, 161, 74, 234, 29, 16, 1, 0, 5, 1, 0, 117, 0, 0, 228, 3, 67]
1542736170931;[171, 0, 4, 255, 132, 128, 68]
1542736170933;[171, 0, 4, 255, 132, 128, 68]
1542736170935;[171, 0, 17, 255, 161, 74, 234, 29, 16, 1, 0, 6, 1, 0, 115, 0, 0, 228, 3, 141]
1542736170937;[171, 0, 17, 255, 161, 74, 234, 29, 16, 1, 0, 6, 1, 0, 115, 0, 0, 228, 3, 141]
1542736171104;[171, 0, 17, 255, 161, 74, 234, 29, 16, 1, 0, 8, 1, 0, 117, 0, 0, 229, 3, 147]
1542736171106;[171, 0, 17, 255, 161, 74, 234, 29, 16, 1, 0, 8, 1, 0, 117, 0, 0, 229, 3, 147]
1542736171108;[171, 0, 17, 255, 161, 74, 234, 29, 16, 1, 0, 7, 1, 0, 116, 0, 0, 226, 3, 128]
1542736171110;[171, 0, 17, 255, 161, 74, 234, 29, 16, 1, 0, 7, 1, 0, 116, 0, 0, 226, 3, 128]
1542736171450;[171, 0, 17, 255, 161, 74, 234, 29, 16, 1, 0, 7, 1, 0, 117, 0, 0, 228, 3, 107]
1542736171452;[171, 0, 17, 255, 161, 74, 234, 29, 16, 1, 0, 7, 1, 0, 117, 0, 0, 228, 3, 107]
1542736171455;[171, 0, 17, 255, 161, 74, 234, 29, 16, 1, 0, 7, 1, 0, 118, 0, 0, 228, 3, 83]
1542736171457;[171, 0, 17, 255, 161, 74, 234, 29, 16, 1, 0, 7, 1, 0, 118, 0, 0, 228, 3, 83]
1542736171459;[171, 0, 17, 255, 161, 74, 234, 29, 16, 1, 0, 7, 1, 0, 117, 0, 0, 227, 3, 42]
1542736171461;[171, 0, 17, 255, 161, 74, 234, 29, 16, 1, 0, 7, 1, 0, 117, 0, 0, 227, 3, 42]
1542736171622;[171, 0, 17, 255, 161, 74, 234, 29, 16, 1, 0, 8, 1, 0, 117, 0, 0, 229, 2, 247]
1542736171623;[171, 0, 17, 255, 161, 74, 234, 29, 16, 1, 0, 8, 1, 0, 117, 0, 0, 229, 2, 247]
1542736171626;[171, 0, 17, 255, 161, 74, 234, 29, 17, 1, 0, 8, 1, 0, 118, 0, 0, 228, 2, 210]
1542736171628;[171, 0, 17, 255, 161, 74, 234, 29, 17, 1, 0, 8, 1, 0, 118, 0, 0, 228, 2, 210]
1542736171798;[171, 0, 17, 255, 161, 74, 234, 29, 17, 1, 0, 8, 1, 0, 115, 0, 0, 228, 3, 10]
1542736171800;[171, 0, 17, 255, 161, 74, 234, 29, 17, 1, 0, 8, 1, 0, 115, 0, 0, 228, 3, 10]
1542736171802;[171, 0, 17, 255, 161, 74, 234, 29, 17, 1, 0, 6, 1, 0, 117, 0, 0, 228, 3, 79]
1542736171804;[171, 0, 17, 255, 161, 74, 234, 29, 17, 1, 0, 6, 1, 0, 117, 0, 0, 228, 3, 79]
1542736171966;[171, 0, 4, 255, 132, 128, 68]
1542736171968;[171, 0, 4, 255, 132, 128, 68]
1542736172139;[171, 0, 17, 255, 161, 74, 234, 29, 17, 1, 0, 6, 1, 0, 116, 0, 0, 227, 3, 84]
1542736172141;[171, 0, 17, 255, 161, 74, 234, 29, 17, 1, 0, 6, 1, 0, 116, 0, 0, 227, 3, 84]
1542736172143;[171, 0, 17, 255, 161, 74, 234, 29, 17, 1, 0, 6, 1, 0, 116, 0, 0, 228, 3, 70]
1542736172145;[171, 0, 17, 255, 161, 74, 234, 29, 17, 1, 0, 6, 1, 0, 116, 0, 0, 228, 3, 70]
1542736172313;[171, 0, 17, 255, 161, 74, 234, 29, 17, 1, 0, 6, 1, 0, 118, 0, 0, 229, 3, 46]
1542736172315;[171, 0, 17, 255, 161, 74, 234, 29, 17, 1, 0, 6, 1, 0, 118, 0, 0, 229, 3, 46]
1542736172318;[171, 0, 17, 255, 161, 74, 234, 29, 17, 1, 0, 7, 1, 0, 117, 0, 0, 228, 3, 24]
1542736172320;[171, 0, 17, 255, 161, 74, 234, 29, 17, 1, 0, 7, 1, 0, 117, 0, 0, 228, 3, 24]
1542736172831;[171, 0, 17, 255, 161, 74, 234, 29, 17, 1, 0, 8, 1, 0, 120, 0, 0, 229, 2, 236]
1542736172834;[171, 0, 17, 255, 161, 74, 234, 29, 17, 1, 0, 8, 1, 0, 120, 0, 0, 229, 2, 236]
1542736172836;[171, 0, 17, 255, 161, 74, 234, 29, 17, 1, 0, 8, 1, 0, 117, 0, 0, 228, 2, 189]
1542736172838;[171, 0, 17, 255, 161, 74, 234, 29, 17, 1, 0, 8, 1, 0, 117, 0, 0, 228, 2, 189]
1542736172840;[171, 0, 17, 255, 161, 74, 234, 29, 17, 1, 0, 7, 1, 0, 119, 0, 0, 228, 2, 189]
1542736172842;[171, 0, 17, 255, 161, 74, 234, 29, 17, 1, 0, 7, 1, 0, 119, 0, 0, 228, 2, 189]
1542736172845;[171, 0, 17, 255, 161, 74, 234, 29, 18, 1, 0, 7, 1, 0, 116, 0, 0, 228, 3, 11]
1542736172847;[171, 0, 17, 255, 161, 74, 234, 29, 18, 1, 0, 7, 1, 0, 116, 0, 0, 228, 3, 11]
1542736173176;[171, 0, 17, 255, 161, 74, 234, 29, 18, 1, 0, 6, 1, 0, 115, 0, 0, 228, 3, 41]
1542736173178;[171, 0, 17, 255, 161, 74, 234, 29, 18, 1, 0, 6, 1, 0, 115, 0, 0, 228, 3, 41]
1542736173181;[171, 0, 17, 255, 161, 74, 234, 29, 18, 1, 0, 7, 1, 0, 118, 0, 0, 227, 3, 26]
1542736173183;[171, 0, 17, 255, 161, 74, 234, 29, 18, 1, 0, 7, 1, 0, 118, 0, 0, 227, 3, 26]
1542736173185;[171, 0, 4, 255, 132, 128, 68]
1542736173188;[171, 0, 4, 255, 132, 128, 68]
1542736173190;[171, 0, 17, 255, 161, 74, 234, 29, 18, 1, 0, 6, 1, 0, 117, 0, 0, 227, 2, 254]
1542736173192;[171, 0, 17, 255, 161, 74, 234, 29, 18, 1, 0, 6, 1, 0, 117, 0, 0, 227, 2, 254]
1542736173348;[171, 0, 17, 255, 161, 74, 234, 29, 18, 1, 0, 9, 1, 0, 118, 0, 0, 228, 2, 228]
1542736173351;[171, 0, 17, 255, 161, 74, 234, 29, 18, 1, 0, 9, 1, 0, 118, 0, 0, 228, 2, 228]
1542736173353;[171, 0, 17, 255, 161, 74, 234, 29, 18, 1, 0, 7, 1, 0, 116, 0, 0, 228, 2, 186]
1542736173355;[171, 0, 17, 255, 161, 74, 234, 29, 18, 1, 0, 7, 1, 0, 116, 0, 0, 228, 2, 186]
1542736173520;[171, 0, 17, 255, 161, 74, 234, 29, 18, 1, 0, 7, 1, 0, 118, 0, 0, 226, 2, 141]
1542736173522;[171, 0, 17, 255, 161, 74, 234, 29, 18, 1, 0, 7, 1, 0, 118, 0, 0, 226, 2, 141]
1542736173525;[171, 0, 17, 255, 161, 74, 234, 29, 18, 1, 0, 8, 1, 0, 117, 0, 0, 228, 2, 93]
1542736173526;[171, 0, 17, 255, 161, 74, 234, 29, 18, 1, 0, 8, 1, 0, 117, 0, 0, 228, 2, 93]
1542736173692;[171, 0, 17, 255, 161, 74, 234, 29, 18, 1, 0, 5, 1, 0, 115, 0, 0, 227, 2, 160]
1542736173694;[171, 0, 17, 255, 161, 74, 234, 29, 18, 1, 0, 5, 1, 0, 115, 0, 0, 227, 2, 160]
1542736173696;[171, 0, 17, 255, 161, 74, 234, 29, 18, 1, 0, 7, 1, 0, 117, 0, 0, 226, 2, 230]
1542736173698;[171, 0, 17, 255, 161, 74, 234, 29, 18, 1, 0, 7, 1, 0, 117, 0, 0, 226, 2, 230]
1542736174038;[171, 0, 17, 255, 161, 74, 234, 29, 19, 1, 0, 7, 1, 0, 117, 0, 0, 228, 2, 239]
1542736174040;[171, 0, 17, 255, 161, 74, 234, 29, 19, 1, 0, 7, 1, 0, 117, 0, 0, 228, 2, 239]
1542736174042;[171, 0, 17, 255, 161, 74, 234, 29, 19, 1, 0, 7, 1, 0, 116, 0, 0, 228, 2, 229]
1542736174044;[171, 0, 17, 255, 161, 74, 234, 29, 19, 1, 0, 7, 1, 0, 116, 0, 0, 228, 2, 229]
1542736174047;[171, 0, 17, 255, 161, 74, 234, 29, 19, 1, 0, 6, 1, 0, 116, 0, 0, 227, 2, 210]
1542736174049;[171, 0, 17, 255, 161, 74, 234, 29, 19, 1, 0, 6, 1, 0, 116, 0, 0, 227, 2, 210]
1542736174209;[171, 0, 4, 255, 132, 128, 68]
1542736174211;[171, 0, 4, 255, 132, 128, 68]
1542736174214;[171, 0, 17, 255, 161, 74, 234, 29, 19, 1, 0, 7, 1, 0, 118, 0, 0, 227, 2, 180]
1542736174215;[171, 0, 17, 255, 161, 74, 234, 29, 19, 1, 0, 7, 1, 0, 118, 0, 0, 227, 2, 180]
1542736174381;[171, 0, 17, 255, 161, 74, 234, 29, 19, 1, 0, 6, 1, 0, 117, 0, 0, 228, 2, 137]
1542736174383;[171, 0, 17, 255, 161, 74, 234, 29, 19, 1, 0, 6, 1, 0, 117, 0, 0, 228, 2, 137]
1542736174385;[171, 0, 17, 255, 161, 74, 234, 29, 19, 1, 0, 6, 1, 0, 118, 0, 0, 228, 2, 86]
1542736174387;[171, 0, 17, 255, 161, 74, 234, 29, 19, 1, 0, 6, 1, 0, 118, 0, 0, 228, 2, 86]
1542736174554;[171, 0, 17, 255, 161, 74, 234, 29, 19, 1, 0, 8, 1, 0, 116, 0, 0, 227, 2, 39]
1542736174556;[171, 0, 17, 255, 161, 74, 234, 29, 19, 1, 0, 8, 1, 0, 116, 0, 0, 227, 2, 39]
1542736174727;[171, 0, 17, 255, 161, 74, 234, 29, 19, 1, 0, 7, 1, 0, 115, 0, 0, 229, 2, 12]
1542736174730;[171, 0, 17, 255, 161, 74, 234, 29, 19, 1, 0, 7, 1, 0, 115, 0, 0, 229, 2, 12]
1542736174732;[171, 0, 17, 255, 161, 74, 234, 29, 19, 1, 0, 7, 1, 0, 117, 0, 0, 228, 2, 107]
1542736174733;[171, 0, 17, 255, 161, 74, 234, 29, 19, 1, 0, 7, 1, 0, 117, 0, 0, 228, 2, 107]
1542736174901;[171, 0, 17, 255, 161, 74, 234, 29, 19, 1, 0, 8, 1, 0, 114, 0, 0, 228, 2, 154]
1542736174903;[171, 0, 17, 255, 161, 74, 234, 29, 19, 1, 0, 8, 1, 0, 114, 0, 0, 228, 2, 154]
1542736174904;[171, 0, 17, 255, 161, 74, 234, 29, 20, 1, 0, 7, 1, 0, 114, 0, 0, 227, 2, 151]
1542736174906;[171, 0, 17, 255, 161, 74, 234, 29, 20, 1, 0, 7, 1, 0, 114, 0, 0, 227, 2, 151]
1542736175246;[171, 0, 17, 255, 161, 74, 234, 29, 20, 1, 0, 6, 1, 0, 115, 0, 0, 228, 2, 137]
1542736175248;[171, 0, 17, 255, 161, 74, 234, 29, 20, 1, 0, 6, 1, 0, 115, 0, 0, 228, 2, 137]
1542736175250;[171, 0, 17, 255, 161, 74, 234, 29, 20, 1, 0, 6, 1, 0, 118, 0, 0, 228, 2, 111]
1542736175252;[171, 0, 17, 255, 161, 74, 234, 29, 20, 1, 0, 6, 1, 0, 118, 0, 0, 228, 2, 111]
1542736175254;[171, 0, 4, 255, 132, 128, 68]
1542736175256;[171, 0, 4, 255, 132, 128, 68]
1542736175418;[171, 0, 17, 255, 161, 74, 234, 29, 20, 1, 0, 7, 1, 0, 118, 0, 0, 228, 2, 74]
1542736175420;[171, 0, 17, 255, 161, 74, 234, 29, 20, 1, 0, 7, 1, 0, 118, 0, 0, 228, 2, 74]
