1542752039209;[171, 0, 4, 255, 132, 128, 79]
1542752039379;[171, 0, 17, 255, 161, 74, 234, 100, 44, 1, 0, 93, 1, 0, 204, 0, 0, 117, 3, 156]
1542752039381;[171, 0, 17, 255, 161, 74, 234, 100, 44, 1, 0, 93, 1, 0, 204, 0, 0, 117, 3, 156]
1542752039383;[171, 0, 17, 255, 161, 74, 234, 100, 44, 1, 0, 91, 1, 0, 206, 0, 0, 118, 3, 175]
1542752039384;[171, 0, 17, 255, 161, 74, 234, 100, 44, 1, 0, 91, 1, 0, 206, 0, 0, 118, 3, 175]
1542752039725;[171, 0, 17, 255, 161, 74, 234, 100, 45, 1, 0, 92, 1, 0, 204, 0, 0, 117, 3, 169]
1542752039727;[171, 0, 17, 255, 161, 74, 234, 100, 45, 1, 0, 92, 1, 0, 204, 0, 0, 117, 3, 169]
1542752039734;[171, 0, 17, 255, 161, 74, 234, 100, 45, 1, 0, 91, 1, 0, 202, 0, 0, 118, 3, 158]
1542752039735;[171, 0, 17, 255, 161, 74, 234, 100, 45, 1, 0, 91, 1, 0, 202, 0, 0, 118, 3, 158]
1542752039737;[171, 0, 17, 255, 161, 74, 234, 100, 45, 1, 0, 93, 1, 0, 202, 0, 0, 117, 3, 133]
1542752039739;[171, 0, 17, 255, 161, 74, 234, 100, 45, 1, 0, 93, 1, 0, 202, 0, 0, 117, 3, 133]
1542752039896;[171, 0, 17, 255, 161, 74, 234, 100, 45, 1, 0, 93, 1, 0, 205, 0, 0, 116, 3, 108]
1542752039898;[171, 0, 17, 255, 161, 74, 234, 100, 45, 1, 0, 93, 1, 0, 205, 0, 0, 116, 3, 108]
1542752039900;[171, 0, 17, 255, 161, 74, 234, 100, 45, 1, 0, 92, 1, 0, 205, 0, 0, 119, 3, 74]
1542752039902;[171, 0, 17, 255, 161, 74, 234, 100, 45, 1, 0, 92, 1, 0, 205, 0, 0, 119, 3, 74]
1542752040070;[171, 0, 17, 255, 161, 74, 234, 100, 45, 1, 0, 91, 1, 0, 202, 0, 0, 116, 3, 44]
1542752040072;[171, 0, 17, 255, 161, 74, 234, 100, 45, 1, 0, 91, 1, 0, 202, 0, 0, 116, 3, 44]
1542752040074;[171, 0, 17, 255, 161, 74, 234, 100, 45, 1, 0, 92, 1, 0, 204, 0, 0, 117, 3, 41]
1542752040075;[171, 0, 17, 255, 161, 74, 234, 100, 45, 1, 0, 92, 1, 0, 204, 0, 0, 117, 3, 41]
1542752040242;[171, 0, 17, 255, 161, 74, 234, 100, 47, 1, 0, 94, 1, 0, 204, 0, 0, 118, 2, 104]
1542752040244;[171, 0, 17, 255, 161, 74, 234, 100, 47, 1, 0, 94, 1, 0, 204, 0, 0, 118, 2, 104]
1542752040414;[171, 0, 17, 255, 161, 74, 234, 100, 47, 1, 0, 93, 1, 0, 204, 0, 0, 115, 2, 146]
1542752040416;[171, 0, 17, 255, 161, 74, 234, 100, 47, 1, 0, 93, 1, 0, 204, 0, 0, 115, 2, 146]
1542752040588;[171, 0, 17, 255, 161, 74, 234, 100, 48, 1, 0, 93, 1, 0, 203, 0, 0, 116, 2, 172]
1542752040589;[171, 0, 17, 255, 161, 74, 234, 100, 48, 1, 0, 93, 1, 0, 203, 0, 0, 116, 2, 172]
1542752042895;[171, 0, 17, 255, 161, 74, 234, 100, 48, 1, 0, 95, 1, 0, 205, 0, 0, 116, 2, 169]
1542752042897;[171, 0, 17, 255, 161, 74, 234, 100, 48, 1, 0, 95, 1, 0, 205, 0, 0, 116, 2, 169]
1542752042898;[171, 0, 17, 255, 161, 74, 234, 100, 48, 1, 0, 92, 1, 0, 203, 0, 0, 116, 2, 168]
1542752042900;[171, 0, 17, 255, 161, 74, 234, 100, 48, 1, 0, 92, 1, 0, 203, 0, 0, 116, 2, 168]
1542752042902;[171, 0, 17, 255, 161, 74, 234, 100, 48, 1, 0, 91, 1, 0, 204, 0, 0, 117, 2, 159]
1542752042903;[171, 0, 17, 255, 161, 74, 234, 100, 48, 1, 0, 91, 1, 0, 204, 0, 0, 117, 2, 159]
1542752042905;[171, 0, 17, 255, 161, 74, 234, 100, 48, 1, 0, 93, 1, 0, 204, 0, 0, 117, 2, 145]
1542752042906;[171, 0, 17, 255, 161, 74, 234, 100, 48, 1, 0, 93, 1, 0, 204, 0, 0, 117, 2, 145]
1542752042908;[171, 0, 17, 255, 161, 74, 234, 100, 48, 1, 0, 93, 1, 0, 204, 0, 0, 116, 2, 138]
1542752042909;[171, 0, 17, 255, 161, 74, 234, 100, 48, 1, 0, 93, 1, 0, 204, 0, 0, 116, 2, 138]
1542752042911;[171, 0, 17, 255, 161, 74, 234, 100, 48, 1, 0, 96, 1, 0, 202, 0, 0, 117, 2, 190]
1542752042912;[171, 0, 17, 255, 161, 74, 234, 100, 48, 1, 0, 96, 1, 0, 202, 0, 0, 117, 2, 190]
1542752042914;[171, 0, 17, 255, 161, 74, 234, 100, 48, 1, 0, 93, 1, 0, 203, 0, 0, 116, 2, 237]
1542752042915;[171, 0, 17, 255, 161, 74, 234, 100, 48, 1, 0, 93, 1, 0, 203, 0, 0, 116, 2, 237]
1542752042917;[171, 0, 4, 255, 132, 128, 80]
1542752042919;[171, 0, 4, 255, 132, 128, 80]
1542752042921;[171, 0, 17, 255, 161, 74, 234, 100, 48, 1, 0, 93, 1, 0, 204, 0, 0, 117, 3, 6]
1542752042923;[171, 0, 17, 255, 161, 74, 234, 100, 48, 1, 0, 93, 1, 0, 204, 0, 0, 117, 3, 6]
1542752042931;[171, 0, 17, 255, 161, 74, 234, 100, 48, 1, 0, 92, 1, 0, 202, 0, 0, 117, 3, 0]
1542752042933;[171, 0, 17, 255, 161, 74, 234, 100, 48, 1, 0, 92, 1, 0, 202, 0, 0, 117, 3, 0]
1542752042950;[171, 0, 17, 255, 161, 74, 234, 100, 49, 1, 0, 93, 1, 0, 204, 0, 0, 118, 3, 7]
1542752042952;[171, 0, 17, 255, 161, 74, 234, 100, 49, 1, 0, 93, 1, 0, 204, 0, 0, 118, 3, 7]
1542752042957;[171, 0, 17, 255, 161, 74, 234, 100, 49, 1, 0, 91, 1, 0, 202, 0, 0, 116, 2, 254]
1542752042959;[171, 0, 17, 255, 161, 74, 234, 100, 49, 1, 0, 91, 1, 0, 202, 0, 0, 116, 2, 254]
1542752042961;[171, 0, 17, 255, 161, 74, 234, 100, 49, 1, 0, 94, 1, 0, 203, 0, 0, 118, 2, 239]
1542752042963;[171, 0, 17, 255, 161, 74, 234, 100, 49, 1, 0, 94, 1, 0, 203, 0, 0, 118, 2, 239]
1542752042965;[171, 0, 17, 255, 161, 74, 234, 100, 49, 1, 0, 91, 1, 0, 203, 0, 0, 117, 3, 18]
1542752042967;[171, 0, 17, 255, 161, 74, 234, 100, 49, 1, 0, 91, 1, 0, 203, 0, 0, 117, 3, 18]
1542752042969;[171, 0, 17, 255, 161, 74, 234, 100, 49, 1, 0, 92, 1, 0, 205, 0, 0, 116, 3, 83]
1542752042970;[171, 0, 17, 255, 161, 74, 234, 100, 49, 1, 0, 92, 1, 0, 205, 0, 0, 116, 3, 83]
1542752042972;[171, 0, 17, 255, 161, 74, 234, 100, 49, 1, 0, 93, 1, 0, 205, 0, 0, 116, 3, 123]
1542752042974;[171, 0, 17, 255, 161, 74, 234, 100, 49, 1, 0, 93, 1, 0, 205, 0, 0, 116, 3, 123]
1542752042975;[171, 0, 17, 255, 161, 74, 234, 100, 49, 1, 0, 95, 1, 0, 205, 0, 0, 116, 3, 135]
1542752042977;[171, 0, 17, 255, 161, 74, 234, 100, 49, 1, 0, 95, 1, 0, 205, 0, 0, 116, 3, 135]
1542752042984;[171, 0, 17, 255, 161, 74, 234, 100, 49, 1, 0, 93, 1, 0, 202, 0, 0, 116, 3, 128]
1542752042986;[171, 0, 17, 255, 161, 74, 234, 100, 49, 1, 0, 93, 1, 0, 202, 0, 0, 116, 3, 128]
1542752042987;[171, 0, 4, 255, 132, 128, 81]
1542752042989;[171, 0, 4, 255, 132, 128, 81]
1542752042991;[171, 0, 17, 255, 161, 74, 234, 100, 49, 1, 0, 94, 1, 0, 203, 0, 0, 117, 3, 124]
1542752042992;[171, 0, 17, 255, 161, 74, 234, 100, 49, 1, 0, 94, 1, 0, 203, 0, 0, 117, 3, 124]
1542752042994;[171, 0, 17, 255, 161, 74, 234, 100, 49, 1, 0, 92, 1, 0, 204, 0, 0, 116, 3, 119]
1542752042997;[171, 0, 17, 255, 161, 74, 234, 100, 49, 1, 0, 92, 1, 0, 204, 0, 0, 116, 3, 119]
1542752043012;[171, 0, 17, 255, 161, 74, 234, 100, 50, 1, 0, 91, 1, 0, 203, 0, 0, 116, 3, 96]
1542752043014;[171, 0, 17, 255, 161, 74, 234, 100, 50, 1, 0, 91, 1, 0, 203, 0, 0, 116, 3, 96]
1542752043015;[171, 0, 17, 255, 161, 74, 234, 100, 50, 1, 0, 92, 1, 0, 202, 0, 0, 116, 3, 154]
1542752043016;[171, 0, 17, 255, 161, 74, 234, 100, 50, 1, 0, 92, 1, 0, 202, 0, 0, 116, 3, 154]
1542752043017;[171, 0, 17, 255, 161, 74, 234, 100, 50, 1, 0, 92, 1, 0, 202, 0, 0, 118, 3, 211]
1542752043018;[171, 0, 17, 255, 161, 74, 234, 100, 50, 1, 0, 92, 1, 0, 202, 0, 0, 118, 3, 211]
1542752043173;[171, 0, 17, 255, 161, 74, 234, 100, 50, 1, 0, 94, 1, 0, 203, 0, 0, 117, 3, 238]
1542752043175;[171, 0, 17, 255, 161, 74, 234, 100, 50, 1, 0, 94, 1, 0, 203, 0, 0, 117, 3, 238]
1542752043178;[171, 0, 17, 255, 161, 74, 234, 100, 50, 1, 0, 91, 1, 0, 203, 0, 0, 117, 3, 238]
1542752043180;[171, 0, 17, 255, 161, 74, 234, 100, 50, 1, 0, 91, 1, 0, 203, 0, 0, 117, 3, 238]
1542752043521;[171, 0, 17, 255, 161, 74, 234, 100, 50, 1, 0, 92, 1, 0, 206, 0, 0, 118, 3, 236]
1542752043523;[171, 0, 17, 255, 161, 74, 234, 100, 50, 1, 0, 92, 1, 0, 206, 0, 0, 118, 3, 236]
1542752043527;[171, 0, 17, 255, 161, 74, 234, 100, 50, 1, 0, 93, 1, 0, 204, 0, 0, 117, 3, 219]
1542752043528;[171, 0, 17, 255, 161, 74, 234, 100, 50, 1, 0, 93, 1, 0, 204, 0, 0, 117, 3, 219]
1542752043531;[171, 0, 17, 255, 161, 74, 234, 100, 50, 1, 0, 93, 1, 0, 204, 0, 0, 119, 3, 208]
1542752043533;[171, 0, 17, 255, 161, 74, 234, 100, 50, 1, 0, 93, 1, 0, 204, 0, 0, 119, 3, 208]
1542752043691;[171, 0, 4, 255, 132, 128, 81]
1542752043693;[171, 0, 4, 255, 132, 128, 81]
1542752043695;[171, 0, 17, 255, 161, 74, 234, 100, 50, 1, 0, 94, 1, 0, 205, 0, 0, 118, 3, 233]
1542752043697;[171, 0, 17, 255, 161, 74, 234, 100, 50, 1, 0, 94, 1, 0, 205, 0, 0, 118, 3, 233]
1542752043864;[171, 0, 17, 255, 161, 74, 234, 100, 50, 1, 0, 92, 1, 0, 202, 0, 0, 116, 4, 43]
1542752043866;[171, 0, 17, 255, 161, 74, 234, 100, 50, 1, 0, 92, 1, 0, 202, 0, 0, 116, 4, 43]
1542752043868;[171, 0, 17, 255, 161, 74, 234, 100, 51, 1, 0, 93, 1, 0, 205, 0, 0, 117, 4, 67]
1542752043870;[171, 0, 17, 255, 161, 74, 234, 100, 51, 1, 0, 93, 1, 0, 205, 0, 0, 117, 4, 67]
1542752044037;[171, 0, 17, 255, 161, 74, 234, 100, 51, 1, 0, 91, 1, 0, 202, 0, 0, 118, 4, 61]
1542752044039;[171, 0, 17, 255, 161, 74, 234, 100, 51, 1, 0, 91, 1, 0, 202, 0, 0, 118, 4, 61]
1542752044040;[171, 0, 17, 255, 161, 74, 234, 100, 51, 1, 0, 93, 1, 0, 204, 0, 0, 116, 4, 57]
1542752044042;[171, 0, 17, 255, 161, 74, 234, 100, 51, 1, 0, 93, 1, 0, 204, 0, 0, 116, 4, 57]
1542752044209;[171, 0, 17, 255, 161, 74, 234, 100, 51, 1, 0, 94, 1, 0, 203, 0, 0, 118, 4, 36]
1542752044211;[171, 0, 17, 255, 161, 74, 234, 100, 51, 1, 0, 94, 1, 0, 203, 0, 0, 118, 4, 36]
1542752044383;[171, 0, 17, 255, 161, 74, 234, 100, 51, 1, 0, 93, 1, 0, 202, 0, 0, 117, 4, 11]
1542752044385;[171, 0, 17, 255, 161, 74, 234, 100, 51, 1, 0, 93, 1, 0, 202, 0, 0, 117, 4, 11]
1542752044387;[171, 0, 17, 255, 161, 74, 234, 100, 51, 1, 0, 95, 1, 0, 206, 0, 0, 117, 4, 44]
1542752044389;[171, 0, 17, 255, 161, 74, 234, 100, 51, 1, 0, 95, 1, 0, 206, 0, 0, 117, 4, 44]
1542752044554;[171, 0, 17, 255, 161, 74, 234, 100, 51, 1, 0, 92, 1, 0, 204, 0, 0, 117, 4, 104]
1542752044557;[171, 0, 17, 255, 161, 74, 234, 100, 51, 1, 0, 92, 1, 0, 204, 0, 0, 117, 4, 104]
1542752044559;[171, 0, 17, 255, 161, 74, 234, 100, 51, 1, 0, 92, 1, 0, 205, 0, 0, 117, 4, 122]
1542752044561;[171, 0, 17, 255, 161, 74, 234, 100, 51, 1, 0, 92, 1, 0, 205, 0, 0, 117, 4, 122]
1542752044901;[171, 0, 4, 255, 132, 128, 81]
1542752044905;[171, 0, 4, 255, 132, 128, 81]
1542752044907;[171, 0, 17, 255, 161, 74, 234, 100, 51, 1, 0, 94, 1, 0, 203, 0, 0, 115, 4, 118]
1542752044909;[171, 0, 17, 255, 161, 74, 234, 100, 51, 1, 0, 94, 1, 0, 203, 0, 0, 115, 4, 118]
1542752044911;[171, 0, 17, 255, 161, 74, 234, 100, 51, 1, 0, 92, 1, 0, 204, 0, 0, 116, 4, 100]
1542752044913;[171, 0, 17, 255, 161, 74, 234, 100, 51, 1, 0, 92, 1, 0, 204, 0, 0, 116, 4, 100]
1542752045073;[171, 0, 17, 255, 161, 74, 234, 100, 52, 1, 0, 90, 1, 0, 203, 0, 0, 115, 4, 76]
1542752045075;[171, 0, 17, 255, 161, 74, 234, 100, 52, 1, 0, 90, 1, 0, 203, 0, 0, 115, 4, 76]
1542752045077;[171, 0, 17, 255, 161, 74, 234, 100, 52, 1, 0, 93, 1, 0, 201, 0, 0, 117, 4, 40]
1542752045079;[171, 0, 17, 255, 161, 74, 234, 100, 52, 1, 0, 93, 1, 0, 201, 0, 0, 117, 4, 40]
1542752045253;[171, 0, 17, 255, 161, 74, 234, 100, 52, 1, 0, 93, 1, 0, 203, 0, 0, 117, 4, 30]
1542752045254;[171, 0, 17, 255, 161, 74, 234, 100, 52, 1, 0, 93, 1, 0, 203, 0, 0, 117, 4, 30]
1542752045256;[171, 0, 17, 255, 161, 74, 234, 100, 52, 1, 0, 92, 1, 0, 201, 0, 0, 117, 4, 90]
1542752045258;[171, 0, 17, 255, 161, 74, 234, 100, 52, 1, 0, 92, 1, 0, 201, 0, 0, 117, 4, 90]
1542752045416;[171, 0, 17, 255, 161, 74, 234, 100, 52, 1, 0, 92, 1, 0, 202, 0, 0, 116, 4, 117]
1542752045418;[171, 0, 17, 255, 161, 74, 234, 100, 52, 1, 0, 92, 1, 0, 202, 0, 0, 116, 4, 117]
1542752045589;[171, 0, 17, 255, 161, 74, 234, 100, 52, 1, 0, 95, 1, 0, 204, 0, 0, 117, 4, 108]
1542752045591;[171, 0, 17, 255, 161, 74, 234, 100, 52, 1, 0, 95, 1, 0, 204, 0, 0, 117, 4, 108]
1542752045593;[171, 0, 17, 255, 161, 74, 234, 100, 52, 1, 0, 93, 1, 0, 203, 0, 0, 117, 4, 82]
1542752045595;[171, 0, 17, 255, 161, 74, 234, 100, 52, 1, 0, 93, 1, 0, 203, 0, 0, 117, 4, 82]
1542752045762;[171, 0, 17, 255, 161, 74, 234, 100, 52, 1, 0, 92, 1, 0, 204, 0, 0, 117, 4, 58]
1542752045764;[171, 0, 17, 255, 161, 74, 234, 100, 52, 1, 0, 92, 1, 0, 204, 0, 0, 117, 4, 58]
1542752045765;[171, 0, 4, 255, 132, 128, 81]
1542752045767;[171, 0, 4, 255, 132, 128, 81]
1542752046108;[171, 0, 17, 255, 161, 74, 234, 100, 52, 1, 0, 94, 1, 0, 206, 0, 0, 117, 4, 24]
1542752046112;[171, 0, 17, 255, 161, 74, 234, 100, 52, 1, 0, 94, 1, 0, 206, 0, 0, 117, 4, 24]
1542752046114;[171, 0, 17, 255, 161, 74, 234, 100, 52, 1, 0, 93, 1, 0, 201, 0, 0, 118, 3, 246]
1542752046116;[171, 0, 17, 255, 161, 74, 234, 100, 52, 1, 0, 93, 1, 0, 201, 0, 0, 118, 3, 246]
1542752046118;[171, 0, 17, 255, 161, 74, 234, 100, 53, 1, 0, 93, 1, 0, 204, 0, 0, 117, 3, 240]
1542752046120;[171, 0, 17, 255, 161, 74, 234, 100, 53, 1, 0, 93, 1, 0, 204, 0, 0, 117, 3, 240]
1542752046280;[171, 0, 17, 255, 161, 74, 234, 100, 53, 1, 0, 90, 1, 0, 203, 0, 0, 116, 4, 24]
1542752046282;[171, 0, 17, 255, 161, 74, 234, 100, 53, 1, 0, 90, 1, 0, 203, 0, 0, 116, 4, 24]
1542752046284;[171, 0, 17, 255, 161, 74, 234, 100, 53, 1, 0, 92, 1, 0, 203, 0, 0, 116, 4, 29]
1542752046286;[171, 0, 17, 255, 161, 74, 234, 100, 53, 1, 0, 92, 1, 0, 203, 0, 0, 116, 4, 29]
1542752046452;[171, 0, 17, 255, 161, 74, 234, 100, 53, 1, 0, 95, 1, 0, 205, 0, 0, 117, 4, 6]
1542752046454;[171, 0, 17, 255, 161, 74, 234, 100, 53, 1, 0, 95, 1, 0, 205, 0, 0, 117, 4, 6]
1542752046456;[171, 0, 17, 255, 161, 74, 234, 100, 53, 1, 0, 91, 1, 0, 202, 0, 0, 116, 3, 231]
1542752046458;[171, 0, 17, 255, 161, 74, 234, 100, 53, 1, 0, 91, 1, 0, 202, 0, 0, 116, 3, 231]
1542752046629;[171, 0, 17, 255, 161, 74, 234, 100, 53, 1, 0, 90, 1, 0, 202, 0, 0, 116, 3, 202]
1542752046631;[171, 0, 17, 255, 161, 74, 234, 100, 53, 1, 0, 90, 1, 0, 202, 0, 0, 116, 3, 202]
1542752046799;[171, 0, 17, 255, 161, 74, 234, 100, 53, 1, 0, 93, 1, 0, 205, 0, 0, 118, 3, 170]
1542752046801;[171, 0, 17, 255, 161, 74, 234, 100, 53, 1, 0, 93, 1, 0, 205, 0, 0, 118, 3, 170]
1542752046806;[171, 0, 17, 255, 161, 74, 234, 100, 53, 1, 0, 91, 1, 0, 203, 0, 0, 115, 3, 148]
1542752046808;[171, 0, 17, 255, 161, 74, 234, 100, 53, 1, 0, 91, 1, 0, 203, 0, 0, 115, 3, 148]
1542752046970;[171, 0, 4, 255, 132, 128, 81]
1542752046972;[171, 0, 4, 255, 132, 128, 81]
1542752046975;[171, 0, 17, 255, 161, 74, 234, 100, 53, 1, 0, 94, 1, 0, 203, 0, 0, 117, 3, 186]
1542752046977;[171, 0, 17, 255, 161, 74, 234, 100, 53, 1, 0, 94, 1, 0, 203, 0, 0, 117, 3, 186]
1542752047142;[171, 0, 17, 255, 161, 74, 234, 100, 53, 1, 0, 93, 1, 0, 205, 0, 0, 116, 3, 191]
1542752047144;[171, 0, 17, 255, 161, 74, 234, 100, 53, 1, 0, 93, 1, 0, 205, 0, 0, 116, 3, 191]
1542752047146;[171, 0, 17, 255, 161, 74, 234, 100, 54, 1, 0, 93, 1, 0, 203, 0, 0, 116, 3, 161]
1542752047148;[171, 0, 17, 255, 161, 74, 234, 100, 54, 1, 0, 93, 1, 0, 203, 0, 0, 116, 3, 161]
1542752047488;[171, 0, 17, 255, 161, 74, 234, 100, 54, 1, 0, 94, 1, 0, 203, 0, 0, 118, 3, 144]
1542752047490;[171, 0, 17, 255, 161, 74, 234, 100, 54, 1, 0, 94, 1, 0, 203, 0, 0, 118, 3, 144]
1542752047492;[171, 0, 17, 255, 161, 74, 234, 100, 54, 1, 0, 97, 1, 0, 204, 0, 0, 118, 3, 118]
1542752047494;[171, 0, 17, 255, 161, 74, 234, 100, 54, 1, 0, 97, 1, 0, 204, 0, 0, 118, 3, 118]
1542752047497;[171, 0, 17, 255, 161, 74, 234, 100, 54, 1, 0, 93, 1, 0, 202, 0, 0, 118, 3, 86]
1542752047499;[171, 0, 17, 255, 161, 74, 234, 100, 54, 1, 0, 93, 1, 0, 202, 0, 0, 118, 3, 86]
1542752047659;[171, 0, 17, 255, 161, 74, 234, 100, 54, 1, 0, 92, 1, 0, 204, 0, 0, 117, 3, 70]
1542752047661;[171, 0, 17, 255, 161, 74, 234, 100, 54, 1, 0, 92, 1, 0, 204, 0, 0, 117, 3, 70]
1542752047664;[171, 0, 17, 255, 161, 74, 234, 100, 54, 1, 0, 93, 1, 0, 203, 0, 0, 117, 3, 110]
1542752047665;[171, 0, 17, 255, 161, 74, 234, 100, 54, 1, 0, 93, 1, 0, 203, 0, 0, 117, 3, 110]
1542752047831;[171, 0, 17, 255, 161, 74, 234, 100, 54, 1, 0, 95, 1, 0, 206, 0, 0, 116, 3, 115]
1542752047833;[171, 0, 17, 255, 161, 74, 234, 100, 54, 1, 0, 95, 1, 0, 206, 0, 0, 116, 3, 115]
1542752047835;[171, 0, 17, 255, 161, 74, 234, 100, 54, 1, 0, 93, 1, 0, 201, 0, 0, 117, 3, 100]
1542752047837;[171, 0, 17, 255, 161, 74, 234, 100, 54, 1, 0, 93, 1, 0, 201, 0, 0, 117, 3, 100]
1542752048003;[171, 0, 4, 255, 132, 128, 81]
1542752048006;[171, 0, 4, 255, 132, 128, 81]
1542752048177;[171, 0, 17, 255, 161, 74, 234, 100, 54, 1, 0, 91, 1, 0, 203, 0, 0, 117, 3, 75]
1542752048179;[171, 0, 17, 255, 161, 74, 234, 100, 54, 1, 0, 91, 1, 0, 203, 0, 0, 117, 3, 75]
1542752048181;[171, 0, 17, 255, 161, 74, 234, 100, 54, 1, 0, 93, 1, 0, 204, 0, 0, 117, 3, 50]
1542752048183;[171, 0, 17, 255, 161, 74, 234, 100, 54, 1, 0, 93, 1, 0, 204, 0, 0, 117, 3, 50]
1542752048373;[171, 0, 17, 255, 161, 74, 234, 100, 55, 1, 0, 91, 1, 0, 203, 0, 0, 117, 3, 14]
1542752048375;[171, 0, 17, 255, 161, 74, 234, 100, 55, 1, 0, 91, 1, 0, 203, 0, 0, 117, 3, 14]
1542752048376;[171, 0, 17, 255, 161, 74, 234, 100, 55, 1, 0, 93, 1, 0, 204, 0, 0, 116, 2, 244]
1542752048378;[171, 0, 17, 255, 161, 74, 234, 100, 55, 1, 0, 93, 1, 0, 204, 0, 0, 116, 2, 244]
1542752048695;[171, 0, 17, 255, 161, 74, 234, 100, 55, 1, 0, 92, 1, 0, 204, 0, 0, 117, 3, 17]
1542752048698;[171, 0, 17, 255, 161, 74, 234, 100, 55, 1, 0, 92, 1, 0, 204, 0, 0, 117, 3, 17]
1542752048700;[171, 0, 17, 255, 161, 74, 234, 100, 55, 1, 0, 91, 1, 0, 203, 0, 0, 117, 3, 44]
1542752048702;[171, 0, 17, 255, 161, 74, 234, 100, 55, 1, 0, 91, 1, 0, 203, 0, 0, 117, 3, 44]
1542752048705;[171, 0, 17, 255, 161, 74, 234, 100, 55, 1, 0, 91, 1, 0, 202, 0, 0, 118, 3, 42]
1542752048707;[171, 0, 17, 255, 161, 74, 234, 100, 55, 1, 0, 91, 1, 0, 202, 0, 0, 118, 3, 42]
1542752048868;[171, 0, 17, 255, 161, 74, 234, 100, 55, 1, 0, 95, 1, 0, 201, 0, 0, 117, 3, 20]
1542752048870;[171, 0, 17, 255, 161, 74, 234, 100, 55, 1, 0, 95, 1, 0, 201, 0, 0, 117, 3, 20]
1542752048872;[171, 0, 17, 255, 161, 74, 234, 100, 55, 1, 0, 93, 1, 0, 204, 0, 0, 116, 3, 0]
1542752048873;[171, 0, 17, 255, 161, 74, 234, 100, 55, 1, 0, 93, 1, 0, 204, 0, 0, 116, 3, 0]
1542752049039;[171, 0, 17, 255, 161, 74, 234, 100, 55, 1, 0, 91, 1, 0, 203, 0, 0, 115, 2, 228]
1542752049042;[171, 0, 17, 255, 161, 74, 234, 100, 55, 1, 0, 91, 1, 0, 203, 0, 0, 115, 2, 228]
1542752049044;[171, 0, 4, 255, 132, 128, 82]
1542752049046;[171, 0, 4, 255, 132, 128, 82]
1542752049212;[171, 0, 17, 255, 161, 74, 234, 100, 55, 1, 0, 93, 1, 0, 204, 0, 0, 116, 2, 199]
1542752049214;[171, 0, 17, 255, 161, 74, 234, 100, 55, 1, 0, 93, 1, 0, 204, 0, 0, 116, 2, 199]
1542752049385;[171, 0, 17, 255, 161, 74, 234, 100, 55, 1, 0, 92, 1, 0, 202, 0, 0, 117, 2, 176]
1542752049387;[171, 0, 17, 255, 161, 74, 234, 100, 55, 1, 0, 92, 1, 0, 202, 0, 0, 117, 2, 176]
1542752049390;[171, 0, 17, 255, 161, 74, 234, 100, 56, 1, 0, 92, 1, 0, 204, 0, 0, 118, 2, 215]
1542752049391;[171, 0, 17, 255, 161, 74, 234, 100, 56, 1, 0, 92, 1, 0, 204, 0, 0, 118, 2, 215]
1542752049558;[171, 0, 17, 255, 161, 74, 234, 100, 56, 1, 0, 89, 1, 0, 202, 0, 0, 117, 2, 237]
1542752049559;[171, 0, 17, 255, 161, 74, 234, 100, 56, 1, 0, 89, 1, 0, 202, 0, 0, 117, 2, 237]
1542752049562;[171, 0, 17, 255, 161, 74, 234, 100, 56, 1, 0, 93, 1, 0, 203, 0, 0, 116, 2, 226]
1542752049564;[171, 0, 17, 255, 161, 74, 234, 100, 56, 1, 0, 93, 1, 0, 203, 0, 0, 116, 2, 226]
1542752050077;[171, 0, 17, 255, 161, 74, 234, 100, 56, 1, 0, 95, 1, 0, 203, 0, 0, 117, 2, 218]
1542752050079;[171, 0, 17, 255, 161, 74, 234, 100, 56, 1, 0, 95, 1, 0, 203, 0, 0, 117, 2, 218]
1542752050082;[171, 0, 17, 255, 161, 74, 234, 100, 56, 1, 0, 91, 1, 0, 204, 0, 0, 116, 2, 198]
1542752050083;[171, 0, 17, 255, 161, 74, 234, 100, 56, 1, 0, 91, 1, 0, 204, 0, 0, 116, 2, 198]
1542752050086;[171, 0, 17, 255, 161, 74, 234, 100, 56, 1, 0, 94, 1, 0, 204, 0, 0, 116, 2, 171]
1542752050088;[171, 0, 17, 255, 161, 74, 234, 100, 56, 1, 0, 94, 1, 0, 204, 0, 0, 116, 2, 171]
1542752050090;[171, 0, 17, 255, 161, 74, 234, 100, 56, 1, 0, 90, 1, 0, 204, 0, 0, 117, 2, 146]
1542752050092;[171, 0, 17, 255, 161, 74, 234, 100, 56, 1, 0, 90, 1, 0, 204, 0, 0, 117, 2, 146]
1542752050248;[171, 0, 17, 255, 161, 74, 234, 100, 56, 1, 0, 91, 1, 0, 203, 0, 0, 117, 2, 181]
1542752050250;[171, 0, 17, 255, 161, 74, 234, 100, 56, 1, 0, 91, 1, 0, 203, 0, 0, 117, 2, 181]
1542752050252;[171, 0, 4, 255, 132, 128, 82]
1542752050254;[171, 0, 4, 255, 132, 128, 82]
1542752050257;[171, 0, 17, 255, 161, 74, 234, 100, 56, 1, 0, 92, 1, 0, 202, 0, 0, 115, 2, 209]
1542752050259;[171, 0, 17, 255, 161, 74, 234, 100, 56, 1, 0, 92, 1, 0, 202, 0, 0, 115, 2, 209]
1542752050593;[171, 0, 17, 255, 161, 74, 234, 100, 56, 1, 0, 94, 1, 0, 202, 0, 0, 117, 2, 207]
1542752050596;[171, 0, 17, 255, 161, 74, 234, 100, 56, 1, 0, 94, 1, 0, 202, 0, 0, 117, 2, 207]
1542752050598;[171, 0, 17, 255, 161, 74, 234, 100, 57, 1, 0, 95, 1, 0, 204, 0, 0, 116, 2, 200]
1542752050600;[171, 0, 17, 255, 161, 74, 234, 100, 57, 1, 0, 95, 1, 0, 204, 0, 0, 116, 2, 200]
1542752050602;[171, 0, 17, 255, 161, 74, 234, 100, 57, 1, 0, 92, 1, 0, 204, 0, 0, 117, 2, 178]
1542752050604;[171, 0, 17, 255, 161, 74, 234, 100, 57, 1, 0, 92, 1, 0, 204, 0, 0, 117, 2, 178]
1542752050764;[171, 0, 17, 255, 161, 74, 234, 100, 57, 1, 0, 93, 1, 0, 204, 0, 0, 115, 2, 164]
1542752050766;[171, 0, 17, 255, 161, 74, 234, 100, 57, 1, 0, 93, 1, 0, 204, 0, 0, 115, 2, 164]
1542752050768;[171, 0, 17, 255, 161, 74, 234, 100, 57, 1, 0, 94, 1, 0, 201, 0, 0, 117, 2, 145]
1542752050770;[171, 0, 17, 255, 161, 74, 234, 100, 57, 1, 0, 94, 1, 0, 201, 0, 0, 117, 2, 145]
1542752050937;[171, 0, 17, 255, 161, 74, 234, 100, 57, 1, 0, 93, 1, 0, 203, 0, 0, 119, 2, 193]
1542752050939;[171, 0, 17, 255, 161, 74, 234, 100, 57, 1, 0, 93, 1, 0, 203, 0, 0, 119, 2, 193]
1542752050942;[171, 0, 17, 255, 161, 74, 234, 100, 57, 1, 0, 92, 1, 0, 202, 0, 0, 117, 2, 222]
1542752050943;[171, 0, 17, 255, 161, 74, 234, 100, 57, 1, 0, 92, 1, 0, 202, 0, 0, 117, 2, 222]
1542752051456;[171, 0, 17, 255, 161, 74, 234, 100, 57, 1, 0, 95, 1, 0, 203, 0, 0, 115, 2, 224]
1542752051458;[171, 0, 17, 255, 161, 74, 234, 100, 57, 1, 0, 95, 1, 0, 203, 0, 0, 115, 2, 224]
1542752051461;[171, 0, 17, 255, 161, 74, 234, 100, 57, 1, 0, 93, 1, 0, 204, 0, 0, 118, 2, 219]
1542752051463;[171, 0, 17, 255, 161, 74, 234, 100, 57, 1, 0, 93, 1, 0, 204, 0, 0, 118, 2, 219]
1542752051465;[171, 0, 4, 255, 132, 128, 82]
1542752051467;[171, 0, 4, 255, 132, 128, 82]
1542752051470;[171, 0, 17, 255, 161, 74, 234, 100, 57, 1, 0, 94, 1, 0, 205, 0, 0, 117, 2, 202]
1542752051472;[171, 0, 17, 255, 161, 74, 234, 100, 57, 1, 0, 94, 1, 0, 205, 0, 0, 117, 2, 202]
1542752051806;[171, 0, 17, 255, 161, 74, 234, 100, 57, 1, 0, 94, 1, 0, 204, 0, 0, 117, 2, 173]
1542752051808;[171, 0, 17, 255, 161, 74, 234, 100, 57, 1, 0, 94, 1, 0, 204, 0, 0, 117, 2, 173]
1542752051814;[171, 0, 17, 255, 161, 74, 234, 100, 58, 1, 0, 93, 1, 0, 203, 0, 0, 118, 2, 144]
1542752051816;[171, 0, 17, 255, 161, 74, 234, 100, 58, 1, 0, 93, 1, 0, 203, 0, 0, 118, 2, 144]
1542752051821;[171, 0, 17, 255, 161, 74, 234, 100, 58, 1, 0, 91, 1, 0, 204, 0, 0, 116, 2, 175]
1542752051823;[171, 0, 17, 255, 161, 74, 234, 100, 58, 1, 0, 91, 1, 0, 204, 0, 0, 116, 2, 175]
1542752051824;[171, 0, 17, 255, 161, 74, 234, 100, 58, 1, 0, 93, 1, 0, 204, 0, 0, 116, 2, 229]
1542752051826;[171, 0, 17, 255, 161, 74, 234, 100, 58, 1, 0, 93, 1, 0, 204, 0, 0, 116, 2, 229]
1542752051973;[171, 0, 17, 255, 161, 74, 234, 100, 58, 1, 0, 93, 1, 0, 204, 0, 0, 117, 2, 244]
1542752051974;[171, 0, 17, 255, 161, 74, 234, 100, 58, 1, 0, 93, 1, 0, 204, 0, 0, 117, 2, 244]
1542752051977;[171, 0, 17, 255, 161, 74, 234, 100, 58, 1, 0, 94, 1, 0, 203, 0, 0, 118, 2, 237]
1542752051978;[171, 0, 17, 255, 161, 74, 234, 100, 58, 1, 0, 94, 1, 0, 203, 0, 0, 118, 2, 237]
1542752052145;[171, 0, 17, 255, 161, 74, 234, 100, 58, 1, 0, 94, 1, 0, 203, 0, 0, 117, 2, 212]
1542752052146;[171, 0, 17, 255, 161, 74, 234, 100, 58, 1, 0, 94, 1, 0, 203, 0, 0, 117, 2, 212]
1542752052149;[171, 0, 17, 255, 161, 74, 234, 100, 58, 1, 0, 94, 1, 0, 205, 0, 0, 117, 2, 190]
1542752052151;[171, 0, 17, 255, 161, 74, 234, 100, 58, 1, 0, 94, 1, 0, 205, 0, 0, 117, 2, 190]
1542752052490;[171, 0, 17, 255, 161, 74, 234, 100, 58, 1, 0, 93, 1, 0, 204, 0, 0, 117, 2, 170]
1542752052492;[171, 0, 17, 255, 161, 74, 234, 100, 58, 1, 0, 93, 1, 0, 204, 0, 0, 117, 2, 170]
1542752052494;[171, 0, 4, 255, 132, 128, 82]
1542752052497;[171, 0, 4, 255, 132, 128, 82]
1542752052499;[171, 0, 17, 255, 161, 74, 234, 100, 58, 1, 0, 93, 1, 0, 202, 0, 0, 116, 2, 139]
1542752052501;[171, 0, 17, 255, 161, 74, 234, 100, 58, 1, 0, 93, 1, 0, 202, 0, 0, 116, 2, 139]
1542752052661;[171, 0, 17, 255, 161, 74, 234, 100, 58, 1, 0, 93, 1, 0, 204, 0, 0, 117, 2, 189]
1542752052663;[171, 0, 17, 255, 161, 74, 234, 100, 58, 1, 0, 93, 1, 0, 204, 0, 0, 117, 2, 189]
1542752052666;[171, 0, 17, 255, 161, 74, 234, 100, 59, 1, 0, 92, 1, 0, 202, 0, 0, 118, 2, 216]
1542752052667;[171, 0, 17, 255, 161, 74, 234, 100, 59, 1, 0, 92, 1, 0, 202, 0, 0, 118, 2, 216]
1542752052834;[171, 0, 17, 255, 161, 74, 234, 100, 59, 1, 0, 93, 1, 0, 204, 0, 0, 117, 2, 218]
1542752052836;[171, 0, 17, 255, 161, 74, 234, 100, 59, 1, 0, 93, 1, 0, 204, 0, 0, 117, 2, 218]
1542752052838;[171, 0, 17, 255, 161, 74, 234, 100, 59, 1, 0, 93, 1, 0, 204, 0, 0, 117, 2, 198]
1542752052840;[171, 0, 17, 255, 161, 74, 234, 100, 59, 1, 0, 93, 1, 0, 204, 0, 0, 117, 2, 198]
1542752053007;[171, 0, 17, 255, 161, 74, 234, 100, 59, 1, 0, 92, 1, 0, 203, 0, 0, 117, 2, 192]
1542752053010;[171, 0, 17, 255, 161, 74, 234, 100, 59, 1, 0, 92, 1, 0, 203, 0, 0, 117, 2, 192]
1542752053179;[171, 0, 17, 255, 161, 74, 234, 100, 59, 1, 0, 93, 1, 0, 205, 0, 0, 116, 2, 164]
1542752053181;[171, 0, 17, 255, 161, 74, 234, 100, 59, 1, 0, 93, 1, 0, 205, 0, 0, 116, 2, 164]
1542752053184;[171, 0, 17, 255, 161, 74, 234, 100, 59, 1, 0, 92, 1, 0, 203, 0, 0, 118, 2, 129]
1542752053186;[171, 0, 17, 255, 161, 74, 234, 100, 59, 1, 0, 92, 1, 0, 203, 0, 0, 118, 2, 129]
1542752053352;[171, 0, 17, 255, 161, 74, 234, 100, 59, 1, 0, 95, 1, 0, 202, 0, 0, 117, 2, 114]
1542752053354;[171, 0, 17, 255, 161, 74, 234, 100, 59, 1, 0, 95, 1, 0, 202, 0, 0, 117, 2, 114]
1542752053356;[171, 0, 17, 255, 161, 74, 234, 100, 59, 1, 0, 91, 1, 0, 204, 0, 0, 115, 2, 168]
1542752053357;[171, 0, 17, 255, 161, 74, 234, 100, 59, 1, 0, 91, 1, 0, 204, 0, 0, 115, 2, 168]
1542752053527;[171, 0, 4, 255, 132, 128, 82]
1542752053529;[171, 0, 4, 255, 132, 128, 82]
1542752053870;[171, 0, 17, 255, 161, 74, 234, 100, 59, 1, 0, 93, 1, 0, 204, 0, 0, 117, 2, 187]
1542752053872;[171, 0, 17, 255, 161, 74, 234, 100, 59, 1, 0, 93, 1, 0, 204, 0, 0, 117, 2, 187]
1542752053874;[171, 0, 17, 255, 161, 74, 234, 100, 59, 1, 0, 93, 1, 0, 204, 0, 0, 117, 2, 176]
1542752053876;[171, 0, 17, 255, 161, 74, 234, 100, 59, 1, 0, 93, 1, 0, 204, 0, 0, 117, 2, 176]
1542752053879;[171, 0, 17, 255, 161, 74, 234, 100, 64, 1, 0, 93, 1, 0, 203, 0, 0, 116, 2, 167]
1542752053882;[171, 0, 17, 255, 161, 74, 234, 100, 64, 1, 0, 93, 1, 0, 203, 0, 0, 116, 2, 167]
1542752053884;[171, 0, 17, 255, 161, 74, 234, 100, 64, 1, 0, 92, 1, 0, 204, 0, 0, 117, 2, 145]
1542752053886;[171, 0, 17, 255, 161, 74, 234, 100, 64, 1, 0, 92, 1, 0, 204, 0, 0, 117, 2, 145]
1542752054043;[171, 0, 17, 255, 161, 74, 234, 100, 64, 1, 0, 92, 1, 0, 204, 0, 0, 118, 2, 121]
1542752054045;[171, 0, 17, 255, 161, 74, 234, 100, 64, 1, 0, 92, 1, 0, 204, 0, 0, 118, 2, 121]
1542752054047;[171, 0, 17, 255, 161, 74, 234, 100, 64, 1, 0, 93, 1, 0, 204, 0, 0, 116, 2, 100]
1542752054049;[171, 0, 17, 255, 161, 74, 234, 100, 64, 1, 0, 93, 1, 0, 204, 0, 0, 116, 2, 100]
1542752054214;[171, 0, 17, 255, 161, 74, 234, 100, 64, 1, 0, 91, 1, 0, 204, 0, 0, 118, 2, 140]
1542752054216;[171, 0, 17, 255, 161, 74, 234, 100, 64, 1, 0, 91, 1, 0, 204, 0, 0, 118, 2, 140]
1542752054388;[171, 0, 17, 255, 161, 74, 234, 100, 64, 1, 0, 91, 1, 0, 205, 0, 0, 115, 2, 152]
1542752054390;[171, 0, 17, 255, 161, 74, 234, 100, 64, 1, 0, 91, 1, 0, 205, 0, 0, 115, 2, 152]
1542752054392;[171, 0, 17, 255, 161, 74, 234, 100, 64, 1, 0, 92, 1, 0, 203, 0, 0, 116, 2, 131]
1542752054394;[171, 0, 17, 255, 161, 74, 234, 100, 64, 1, 0, 92, 1, 0, 203, 0, 0, 116, 2, 131]
1542752054560;[171, 0, 17, 255, 161, 74, 234, 100, 64, 1, 0, 93, 1, 0, 204, 0, 0, 117, 2, 113]
1542752054562;[171, 0, 17, 255, 161, 74, 234, 100, 64, 1, 0, 93, 1, 0, 204, 0, 0, 117, 2, 113]
1542752054564;[171, 0, 4, 255, 132, 128, 82]
1542752054566;[171, 0, 4, 255, 132, 128, 82]
1542752054733;[171, 0, 17, 255, 161, 74, 234, 100, 64, 1, 0, 93, 1, 0, 204, 0, 0, 116, 2, 89]
1542752054735;[171, 0, 17, 255, 161, 74, 234, 100, 64, 1, 0, 93, 1, 0, 204, 0, 0, 116, 2, 89]
1542752054737;[171, 0, 17, 255, 161, 74, 234, 100, 64, 1, 0, 93, 1, 0, 204, 0, 0, 116, 2, 63]
1542752054739;[171, 0, 17, 255, 161, 74, 234, 100, 64, 1, 0, 93, 1, 0, 204, 0, 0, 116, 2, 63]
1542752055077;[171, 0, 17, 255, 161, 74, 234, 100, 65, 1, 0, 92, 1, 0, 202, 0, 0, 118, 2, 57]
1542752055079;[171, 0, 17, 255, 161, 74, 234, 100, 65, 1, 0, 92, 1, 0, 202, 0, 0, 118, 2, 57]
1542752055081;[171, 0, 17, 255, 161, 74, 234, 100, 65, 1, 0, 92, 1, 0, 202, 0, 0, 118, 2, 92]
1542752055083;[171, 0, 17, 255, 161, 74, 234, 100, 65, 1, 0, 92, 1, 0, 202, 0, 0, 118, 2, 92]
1542752055086;[171, 0, 17, 255, 161, 74, 234, 100, 65, 1, 0, 93, 1, 0, 206, 0, 0, 116, 2, 101]
1542752055087;[171, 0, 17, 255, 161, 74, 234, 100, 65, 1, 0, 93, 1, 0, 206, 0, 0, 116, 2, 101]
1542752055249;[171, 0, 17, 255, 161, 74, 234, 100, 65, 1, 0, 90, 1, 0, 204, 0, 0, 117, 2, 88]
1542752055251;[171, 0, 17, 255, 161, 74, 234, 100, 65, 1, 0, 90, 1, 0, 204, 0, 0, 117, 2, 88]
1542752055254;[171, 0, 17, 255, 161, 74, 234, 100, 65, 1, 0, 94, 1, 0, 204, 0, 0, 117, 2, 59]
1542752055255;[171, 0, 17, 255, 161, 74, 234, 100, 65, 1, 0, 94, 1, 0, 204, 0, 0, 117, 2, 59]
1542752055422;[171, 0, 17, 255, 161, 74, 234, 100, 65, 1, 0, 95, 1, 0, 202, 0, 0, 118, 2, 44]
1542752055423;[171, 0, 17, 255, 161, 74, 234, 100, 65, 1, 0, 95, 1, 0, 202, 0, 0, 118, 2, 44]
1542752055595;[171, 0, 17, 255, 161, 74, 234, 100, 65, 1, 0, 91, 1, 0, 204, 0, 0, 117, 2, 7]
1542752055597;[171, 0, 17, 255, 161, 74, 234, 100, 65, 1, 0, 91, 1, 0, 204, 0, 0, 117, 2, 7]
1542752055599;[171, 0, 17, 255, 161, 74, 234, 100, 65, 1, 0, 93, 1, 0, 203, 0, 0, 117, 2, 18]
1542752055601;[171, 0, 17, 255, 161, 74, 234, 100, 65, 1, 0, 93, 1, 0, 203, 0, 0, 117, 2, 18]
1542752055768;[171, 0, 4, 255, 132, 128, 82]
1542752055770;[171, 0, 4, 255, 132, 128, 82]
1542752055773;[171, 0, 17, 255, 161, 74, 234, 100, 65, 1, 0, 92, 1, 0, 204, 0, 0, 117, 2, 61]
1542752055775;[171, 0, 17, 255, 161, 74, 234, 100, 65, 1, 0, 92, 1, 0, 204, 0, 0, 117, 2, 61]
1542752055940;[171, 0, 17, 255, 161, 74, 234, 100, 65, 1, 0, 89, 1, 0, 203, 0, 0, 116, 2, 70]
1542752055942;[171, 0, 17, 255, 161, 74, 234, 100, 65, 1, 0, 89, 1, 0, 203, 0, 0, 116, 2, 70]
1542752055944;[171, 0, 17, 255, 161, 74, 234, 100, 66, 1, 0, 94, 1, 0, 202, 0, 0, 116, 2, 55]
1542752055945;[171, 0, 17, 255, 161, 74, 234, 100, 66, 1, 0, 94, 1, 0, 202, 0, 0, 116, 2, 55]
1542752056112;[171, 0, 17, 255, 161, 74, 234, 100, 66, 1, 0, 91, 1, 0, 205, 0, 0, 116, 2, 39]
1542752056114;[171, 0, 17, 255, 161, 74, 234, 100, 66, 1, 0, 91, 1, 0, 205, 0, 0, 116, 2, 39]
1542752056458;[171, 0, 17, 255, 161, 74, 234, 100, 66, 1, 0, 92, 1, 0, 203, 0, 0, 117, 2, 12]
1542752056459;[171, 0, 17, 255, 161, 74, 234, 100, 66, 1, 0, 92, 1, 0, 203, 0, 0, 117, 2, 12]
1542752056463;[171, 0, 17, 255, 161, 74, 234, 100, 66, 1, 0, 92, 1, 0, 204, 0, 0, 117, 1, 249]
1542752056465;[171, 0, 17, 255, 161, 74, 234, 100, 66, 1, 0, 92, 1, 0, 204, 0, 0, 117, 1, 249]
1542752056467;[171, 0, 17, 255, 161, 74, 234, 100, 66, 1, 0, 96, 1, 0, 204, 0, 0, 117, 2, 1]
1542752056468;[171, 0, 17, 255, 161, 74, 234, 100, 66, 1, 0, 96, 1, 0, 204, 0, 0, 117, 2, 1]
1542752056471;[171, 0, 17, 255, 161, 74, 234, 100, 66, 1, 0, 94, 1, 0, 204, 0, 0, 116, 2, 39]
1542752056473;[171, 0, 17, 255, 161, 74, 234, 100, 66, 1, 0, 94, 1, 0, 204, 0, 0, 116, 2, 39]
1542752056629;[171, 0, 17, 255, 161, 74, 234, 100, 66, 1, 0, 91, 1, 0, 205, 0, 0, 116, 2, 46]
1542752056631;[171, 0, 17, 255, 161, 74, 234, 100, 66, 1, 0, 91, 1, 0, 205, 0, 0, 116, 2, 46]
1542752056633;[171, 0, 17, 255, 161, 74, 234, 100, 66, 1, 0, 91, 1, 0, 202, 0, 0, 116, 2, 39]
1542752056635;[171, 0, 17, 255, 161, 74, 234, 100, 66, 1, 0, 91, 1, 0, 202, 0, 0, 116, 2, 39]
1542752056802;[171, 0, 4, 255, 132, 128, 82]
1542752056804;[171, 0, 4, 255, 132, 128, 82]
1542752056974;[171, 0, 17, 255, 161, 74, 234, 100, 66, 1, 0, 93, 1, 0, 205, 0, 0, 116, 2, 18]
1542752056977;[171, 0, 17, 255, 161, 74, 234, 100, 66, 1, 0, 93, 1, 0, 205, 0, 0, 116, 2, 18]
1542752056979;[171, 0, 17, 255, 161, 74, 234, 100, 66, 1, 0, 92, 1, 0, 204, 0, 0, 117, 1, 252]
1542752056981;[171, 0, 17, 255, 161, 74, 234, 100, 66, 1, 0, 92, 1, 0, 204, 0, 0, 117, 1, 252]
1542752057147;[171, 0, 17, 255, 161, 74, 234, 100, 67, 1, 0, 92, 1, 0, 203, 0, 0, 117, 1, 223]
1542752057150;[171, 0, 17, 255, 161, 74, 234, 100, 67, 1, 0, 92, 1, 0, 203, 0, 0, 117, 1, 223]
1542752057152;[171, 0, 17, 255, 161, 74, 234, 100, 67, 1, 0, 92, 1, 0, 203, 0, 0, 116, 1, 200]
1542752057154;[171, 0, 17, 255, 161, 74, 234, 100, 67, 1, 0, 92, 1, 0, 203, 0, 0, 116, 1, 200]
1542752057667;[171, 0, 17, 255, 161, 74, 234, 100, 67, 1, 0, 94, 1, 0, 205, 0, 0, 116, 1, 244]
1542752057669;[171, 0, 17, 255, 161, 74, 234, 100, 67, 1, 0, 94, 1, 0, 205, 0, 0, 116, 1, 244]
1542752057671;[171, 0, 17, 255, 161, 74, 234, 100, 67, 1, 0, 94, 1, 0, 203, 0, 0, 116, 2, 22]
1542752057673;[171, 0, 17, 255, 161, 74, 234, 100, 67, 1, 0, 94, 1, 0, 203, 0, 0, 116, 2, 22]
1542752057675;[171, 0, 17, 255, 161, 74, 234, 100, 67, 1, 0, 94, 1, 0, 204, 0, 0, 116, 2, 25]
1542752057677;[171, 0, 17, 255, 161, 74, 234, 100, 67, 1, 0, 94, 1, 0, 204, 0, 0, 116, 2, 25]
1542752057680;[171, 0, 17, 255, 161, 74, 234, 100, 67, 1, 0, 92, 1, 0, 202, 0, 0, 118, 2, 11]
1542752057682;[171, 0, 17, 255, 161, 74, 234, 100, 67, 1, 0, 92, 1, 0, 202, 0, 0, 118, 2, 11]
1542752057838;[171, 0, 17, 255, 161, 74, 234, 100, 67, 1, 0, 92, 1, 0, 203, 0, 0, 117, 1, 245]
1542752057840;[171, 0, 17, 255, 161, 74, 234, 100, 67, 1, 0, 92, 1, 0, 203, 0, 0, 117, 1, 245]
1542752057842;[171, 0, 17, 255, 161, 74, 234, 100, 67, 1, 0, 94, 1, 0, 202, 0, 0, 116, 1, 228]
1542752057844;[171, 0, 17, 255, 161, 74, 234, 100, 67, 1, 0, 94, 1, 0, 202, 0, 0, 116, 1, 228]
1542752057846;[171, 0, 4, 255, 132, 128, 82]
1542752057848;[171, 0, 4, 255, 132, 128, 82]
1542752058009;[171, 0, 17, 255, 161, 74, 234, 100, 67, 1, 0, 95, 1, 0, 201, 0, 0, 118, 1, 206]
1542752058011;[171, 0, 17, 255, 161, 74, 234, 100, 67, 1, 0, 95, 1, 0, 201, 0, 0, 118, 1, 206]
1542752058181;[171, 0, 17, 255, 161, 74, 234, 100, 67, 1, 0, 93, 1, 0, 204, 0, 0, 117, 1, 211]
1542752058183;[171, 0, 17, 255, 161, 74, 234, 100, 67, 1, 0, 93, 1, 0, 204, 0, 0, 117, 1, 211]
1542752058185;[171, 0, 17, 255, 161, 74, 234, 100, 68, 1, 0, 93, 1, 0, 204, 0, 0, 118, 2, 7]
1542752058187;[171, 0, 17, 255, 161, 74, 234, 100, 68, 1, 0, 93, 1, 0, 204, 0, 0, 118, 2, 7]
1542752058354;[171, 0, 17, 255, 161, 74, 234, 100, 68, 1, 0, 93, 1, 0, 203, 0, 0, 116, 2, 18]
1542752058356;[171, 0, 17, 255, 161, 74, 234, 100, 68, 1, 0, 93, 1, 0, 203, 0, 0, 116, 2, 18]
1542752058358;[171, 0, 17, 255, 161, 74, 234, 100, 68, 1, 0, 93, 1, 0, 205, 0, 0, 117, 2, 15]
1542752058360;[171, 0, 17, 255, 161, 74, 234, 100, 68, 1, 0, 93, 1, 0, 205, 0, 0, 117, 2, 15]
1542752058528;[171, 0, 17, 255, 161, 74, 234, 100, 68, 1, 0, 94, 1, 0, 204, 0, 0, 116, 2, 9]
1542752058530;[171, 0, 17, 255, 161, 74, 234, 100, 68, 1, 0, 94, 1, 0, 204, 0, 0, 116, 2, 9]
1542752058532;[171, 0, 17, 255, 161, 74, 234, 100, 68, 1, 0, 93, 1, 0, 203, 0, 0, 116, 1, 250]
1542752058534;[171, 0, 17, 255, 161, 74, 234, 100, 68, 1, 0, 93, 1, 0, 203, 0, 0, 116, 1, 250]
1542752058873;[171, 0, 17, 255, 161, 74, 234, 100, 68, 1, 0, 94, 1, 0, 204, 0, 0, 116, 1, 226]
1542752058875;[171, 0, 17, 255, 161, 74, 234, 100, 68, 1, 0, 94, 1, 0, 204, 0, 0, 116, 1, 226]
1542752058877;[171, 0, 17, 255, 161, 74, 234, 100, 68, 1, 0, 94, 1, 0, 205, 0, 0, 117, 1, 226]
1542752058880;[171, 0, 17, 255, 161, 74, 234, 100, 68, 1, 0, 94, 1, 0, 205, 0, 0, 117, 1, 226]
1542752058882;[171, 0, 17, 255, 161, 74, 234, 100, 68, 1, 0, 93, 1, 0, 205, 0, 0, 115, 2, 46]
1542752058883;[171, 0, 17, 255, 161, 74, 234, 100, 68, 1, 0, 93, 1, 0, 205, 0, 0, 115, 2, 46]
1542752059045;[171, 0, 4, 255, 132, 128, 82]
1542752059048;[171, 0, 4, 255, 132, 128, 82]
1542752059050;[171, 0, 17, 255, 161, 74, 234, 100, 68, 1, 0, 92, 1, 0, 202, 0, 0, 117, 2, 76]
1542752059052;[171, 0, 17, 255, 161, 74, 234, 100, 68, 1, 0, 92, 1, 0, 202, 0, 0, 117, 2, 76]
1542752059216;[171, 0, 17, 255, 161, 74, 234, 100, 68, 1, 0, 93, 1, 0, 203, 0, 0, 116, 2, 81]
1542752059218;[171, 0, 17, 255, 161, 74, 234, 100, 68, 1, 0, 93, 1, 0, 203, 0, 0, 116, 2, 81]
1542752059391;[171, 0, 17, 255, 161, 74, 234, 100, 69, 1, 0, 92, 1, 0, 204, 0, 0, 117, 2, 73]
1542752059393;[171, 0, 17, 255, 161, 74, 234, 100, 69, 1, 0, 92, 1, 0, 204, 0, 0, 117, 2, 73]
1542752059395;[171, 0, 17, 255, 161, 74, 234, 100, 69, 1, 0, 91, 1, 0, 204, 0, 0, 117, 2, 58]
1542752059397;[171, 0, 17, 255, 161, 74, 234, 100, 69, 1, 0, 91, 1, 0, 204, 0, 0, 117, 2, 58]
1542752059564;[171, 0, 17, 255, 161, 74, 234, 100, 69, 1, 0, 94, 1, 0, 203, 0, 0, 117, 2, 35]
1542752059566;[171, 0, 17, 255, 161, 74, 234, 100, 69, 1, 0, 94, 1, 0, 203, 0, 0, 117, 2, 35]
1542752059567;[171, 0, 17, 255, 161, 74, 234, 100, 69, 1, 0, 93, 1, 0, 205, 0, 0, 117, 2, 16]
1542752059569;[171, 0, 17, 255, 161, 74, 234, 100, 69, 1, 0, 93, 1, 0, 205, 0, 0, 117, 2, 16]
1542752059735;[171, 0, 17, 255, 161, 74, 234, 100, 69, 1, 0, 93, 1, 0, 202, 0, 0, 115, 2, 29]
1542752059738;[171, 0, 17, 255, 161, 74, 234, 100, 69, 1, 0, 93, 1, 0, 202, 0, 0, 115, 2, 29]
1542752059740;[171, 0, 17, 255, 161, 74, 234, 100, 69, 1, 0, 92, 1, 0, 204, 0, 0, 117, 2, 94]
1542752059742;[171, 0, 17, 255, 161, 74, 234, 100, 69, 1, 0, 92, 1, 0, 204, 0, 0, 117, 2, 94]
1542752059907;[171, 0, 17, 255, 161, 74, 234, 100, 69, 1, 0, 92, 1, 0, 205, 0, 0, 117, 2, 130]
1542752059909;[171, 0, 17, 255, 161, 74, 234, 100, 69, 1, 0, 92, 1, 0, 205, 0, 0, 117, 2, 130]
1542752060254;[171, 0, 17, 255, 161, 74, 234, 100, 69, 1, 0, 94, 1, 0, 203, 0, 0, 117, 2, 131]
1542752060256;[171, 0, 17, 255, 161, 74, 234, 100, 69, 1, 0, 94, 1, 0, 203, 0, 0, 117, 2, 131]
1542752060258;[171, 0, 4, 255, 132, 128, 82]
1542752060260;[171, 0, 4, 255, 132, 128, 82]
1542752060263;[171, 0, 17, 255, 161, 74, 234, 100, 69, 1, 0, 92, 1, 0, 206, 0, 0, 118, 2, 132]
1542752060265;[171, 0, 17, 255, 161, 74, 234, 100, 69, 1, 0, 92, 1, 0, 206, 0, 0, 118, 2, 132]
1542752060267;[171, 0, 17, 255, 161, 74, 234, 100, 69, 1, 0, 93, 1, 0, 202, 0, 0, 117, 2, 125]
1542752060269;[171, 0, 17, 255, 161, 74, 234, 100, 69, 1, 0, 93, 1, 0, 202, 0, 0, 117, 2, 125]
1542752060424;[171, 0, 17, 255, 161, 74, 234, 100, 70, 1, 0, 91, 1, 0, 205, 0, 0, 117, 2, 100]
1542752060426;[171, 0, 17, 255, 161, 74, 234, 100, 70, 1, 0, 91, 1, 0, 205, 0, 0, 117, 2, 100]
1542752060597;[171, 0, 17, 255, 161, 74, 234, 100, 70, 1, 0, 96, 1, 0, 202, 0, 0, 116, 2, 78]
1542752060599;[171, 0, 17, 255, 161, 74, 234, 100, 70, 1, 0, 96, 1, 0, 202, 0, 0, 116, 2, 78]
1542752060602;[171, 0, 17, 255, 161, 74, 234, 100, 70, 1, 0, 93, 1, 0, 202, 0, 0, 118, 2, 155]
1542752060604;[171, 0, 17, 255, 161, 74, 234, 100, 70, 1, 0, 93, 1, 0, 202, 0, 0, 118, 2, 155]
1542752060777;[171, 0, 17, 255, 161, 74, 234, 100, 70, 1, 0, 94, 1, 0, 202, 0, 0, 117, 2, 210]
1542752060779;[171, 0, 17, 255, 161, 74, 234, 100, 70, 1, 0, 94, 1, 0, 202, 0, 0, 117, 2, 210]
1542752060781;[171, 0, 17, 255, 161, 74, 234, 100, 70, 1, 0, 94, 1, 0, 203, 0, 0, 117, 2, 214]
1542752060783;[171, 0, 17, 255, 161, 74, 234, 100, 70, 1, 0, 94, 1, 0, 203, 0, 0, 117, 2, 214]
1542752060941;[171, 0, 17, 255, 161, 74, 234, 100, 70, 1, 0, 93, 1, 0, 203, 0, 0, 117, 2, 203]
1542752060944;[171, 0, 17, 255, 161, 74, 234, 100, 70, 1, 0, 93, 1, 0, 203, 0, 0, 117, 2, 203]
1542752060946;[171, 0, 17, 255, 161, 74, 234, 100, 70, 1, 0, 93, 1, 0, 203, 0, 0, 117, 2, 196]
1542752060948;[171, 0, 17, 255, 161, 74, 234, 100, 70, 1, 0, 93, 1, 0, 203, 0, 0, 117, 2, 196]
1542752061114;[171, 0, 17, 255, 161, 74, 234, 100, 70, 1, 0, 93, 1, 0, 204, 0, 0, 116, 2, 170]
1542752061116;[171, 0, 17, 255, 161, 74, 234, 100, 70, 1, 0, 93, 1, 0, 204, 0, 0, 116, 2, 170]
1542752061461;[171, 0, 4, 255, 132, 128, 82]
1542752061463;[171, 0, 4, 255, 132, 128, 82]
1542752061466;[171, 0, 17, 255, 161, 74, 234, 100, 70, 1, 0, 93, 1, 0, 203, 0, 0, 116, 2, 151]
1542752061468;[171, 0, 17, 255, 161, 74, 234, 100, 70, 1, 0, 93, 1, 0, 203, 0, 0, 116, 2, 151]
1542752061470;[171, 0, 17, 255, 161, 74, 234, 100, 70, 1, 0, 92, 1, 0, 203, 0, 0, 118, 2, 217]
1542752061472;[171, 0, 17, 255, 161, 74, 234, 100, 70, 1, 0, 92, 1, 0, 203, 0, 0, 118, 2, 217]
1542752061474;[171, 0, 17, 255, 161, 74, 234, 100, 71, 1, 0, 94, 1, 0, 204, 0, 0, 117, 3, 12]
1542752061476;[171, 0, 17, 255, 161, 74, 234, 100, 71, 1, 0, 94, 1, 0, 204, 0, 0, 117, 3, 12]
1542752061632;[171, 0, 17, 255, 161, 74, 234, 100, 71, 1, 0, 92, 1, 0, 202, 0, 0, 118, 3, 11]
1542752061634;[171, 0, 17, 255, 161, 74, 234, 100, 71, 1, 0, 92, 1, 0, 202, 0, 0, 118, 3, 11]
1542752061804;[171, 0, 17, 255, 161, 74, 234, 100, 71, 1, 0, 97, 1, 0, 202, 0, 0, 116, 2, 249]
1542752061806;[171, 0, 17, 255, 161, 74, 234, 100, 71, 1, 0, 97, 1, 0, 202, 0, 0, 116, 2, 249]
1542752061809;[171, 0, 17, 255, 161, 74, 234, 100, 71, 1, 0, 92, 1, 0, 205, 0, 0, 116, 2, 240]
1542752061811;[171, 0, 17, 255, 161, 74, 234, 100, 71, 1, 0, 92, 1, 0, 205, 0, 0, 116, 2, 240]
1542752061977;[171, 0, 17, 255, 161, 74, 234, 100, 71, 1, 0, 90, 1, 0, 202, 0, 0, 116, 2, 219]
1542752061979;[171, 0, 17, 255, 161, 74, 234, 100, 71, 1, 0, 90, 1, 0, 202, 0, 0, 116, 2, 219]
1542752062150;[171, 0, 17, 255, 161, 74, 234, 100, 71, 1, 0, 94, 1, 0, 205, 0, 0, 118, 2, 222]
1542752062152;[171, 0, 17, 255, 161, 74, 234, 100, 71, 1, 0, 94, 1, 0, 205, 0, 0, 118, 2, 222]
1542752062155;[171, 0, 17, 255, 161, 74, 234, 100, 71, 1, 0, 94, 1, 0, 204, 0, 0, 116, 3, 33]
1542752062158;[171, 0, 17, 255, 161, 74, 234, 100, 71, 1, 0, 94, 1, 0, 204, 0, 0, 116, 3, 33]
1542752062321;[171, 0, 17, 255, 161, 74, 234, 100, 73, 1, 0, 93, 1, 0, 202, 0, 0, 115, 2, 124]
1542752062323;[171, 0, 17, 255, 161, 74, 234, 100, 73, 1, 0, 93, 1, 0, 202, 0, 0, 115, 2, 124]
1542752062494;[171, 0, 17, 255, 161, 74, 234, 100, 73, 1, 0, 92, 1, 0, 205, 0, 0, 118, 2, 88]
1542752062496;[171, 0, 17, 255, 161, 74, 234, 100, 73, 1, 0, 92, 1, 0, 205, 0, 0, 118, 2, 88]
1542752062840;[171, 0, 17, 255, 161, 74, 234, 100, 74, 1, 0, 94, 1, 0, 203, 0, 0, 117, 2, 57]
1542752062842;[171, 0, 17, 255, 161, 74, 234, 100, 74, 1, 0, 94, 1, 0, 203, 0, 0, 117, 2, 57]
1542752062845;[171, 0, 17, 255, 161, 74, 234, 100, 74, 1, 0, 91, 1, 0, 203, 0, 0, 116, 2, 20]
1542752062847;[171, 0, 17, 255, 161, 74, 234, 100, 74, 1, 0, 91, 1, 0, 203, 0, 0, 116, 2, 20]
1542752062849;[171, 0, 17, 255, 161, 74, 234, 100, 74, 1, 0, 91, 1, 0, 205, 0, 0, 117, 1, 235]
1542752062851;[171, 0, 17, 255, 161, 74, 234, 100, 74, 1, 0, 91, 1, 0, 205, 0, 0, 117, 1, 235]
1542752062853;[171, 0, 17, 255, 161, 74, 234, 100, 74, 1, 0, 94, 1, 0, 204, 0, 0, 117, 2, 5]
1542752062855;[171, 0, 17, 255, 161, 74, 234, 100, 74, 1, 0, 94, 1, 0, 204, 0, 0, 117, 2, 5]
1542752063011;[171, 0, 17, 255, 161, 74, 234, 100, 74, 1, 0, 93, 1, 0, 203, 0, 0, 118, 2, 11]
1542752063013;[171, 0, 17, 255, 161, 74, 234, 100, 74, 1, 0, 93, 1, 0, 203, 0, 0, 118, 2, 11]
1542752063184;[171, 0, 17, 255, 161, 74, 234, 100, 74, 1, 0, 93, 1, 0, 204, 0, 0, 117, 1, 242]
1542752063186;[171, 0, 17, 255, 161, 74, 234, 100, 74, 1, 0, 93, 1, 0, 204, 0, 0, 117, 1, 242]
1542752063188;[171, 0, 17, 255, 161, 74, 234, 100, 74, 1, 0, 94, 1, 0, 202, 0, 0, 117, 1, 208]
1542752063190;[171, 0, 17, 255, 161, 74, 234, 100, 74, 1, 0, 94, 1, 0, 202, 0, 0, 117, 1, 208]
1542752063358;[171, 0, 17, 255, 161, 74, 234, 100, 74, 1, 0, 93, 1, 0, 204, 0, 0, 117, 1, 182]
1542752063359;[171, 0, 17, 255, 161, 74, 234, 100, 74, 1, 0, 93, 1, 0, 204, 0, 0, 117, 1, 182]
1542752063362;[171, 0, 4, 255, 132, 128, 83]
1542752063366;[171, 0, 4, 255, 132, 128, 83]
1542752063527;[171, 0, 17, 255, 161, 74, 234, 100, 74, 1, 0, 92, 1, 0, 203, 0, 0, 118, 1, 145]
1542752063528;[171, 0, 17, 255, 161, 74, 234, 100, 74, 1, 0, 92, 1, 0, 203, 0, 0, 118, 1, 145]
1542752063536;[171, 0, 17, 255, 161, 74, 234, 100, 74, 1, 0, 94, 1, 0, 202, 0, 0, 117, 1, 142]
1542752063537;[171, 0, 17, 255, 161, 74, 234, 100, 74, 1, 0, 94, 1, 0, 202, 0, 0, 117, 1, 142]
1542752063701;[171, 0, 17, 255, 161, 74, 234, 100, 75, 1, 0, 94, 1, 0, 202, 0, 0, 117, 1, 159]
1542752063702;[171, 0, 17, 255, 161, 74, 234, 100, 75, 1, 0, 94, 1, 0, 202, 0, 0, 117, 1, 159]
1542752064050;[171, 0, 17, 255, 161, 74, 234, 100, 75, 1, 0, 95, 1, 0, 204, 0, 0, 117, 1, 153]
1542752064051;[171, 0, 17, 255, 161, 74, 234, 100, 75, 1, 0, 95, 1, 0, 204, 0, 0, 117, 1, 153]
1542752064055;[171, 0, 17, 255, 161, 74, 234, 100, 75, 1, 0, 94, 1, 0, 202, 0, 0, 116, 1, 131]
1542752064058;[171, 0, 17, 255, 161, 74, 234, 100, 75, 1, 0, 94, 1, 0, 202, 0, 0, 116, 1, 131]
1542752064060;[171, 0, 17, 255, 161, 74, 234, 100, 75, 1, 0, 94, 1, 0, 202, 0, 0, 117, 1, 108]
1542752064062;[171, 0, 17, 255, 161, 74, 234, 100, 75, 1, 0, 94, 1, 0, 202, 0, 0, 117, 1, 108]
1542752064063;[171, 0, 17, 255, 161, 74, 234, 100, 75, 1, 0, 92, 1, 0, 204, 0, 0, 117, 1, 79]
1542752064065;[171, 0, 17, 255, 161, 74, 234, 100, 75, 1, 0, 92, 1, 0, 204, 0, 0, 117, 1, 79]
1542752064220;[171, 0, 17, 255, 161, 74, 234, 100, 75, 1, 0, 92, 1, 0, 205, 0, 0, 117, 1, 49]
1542752064221;[171, 0, 17, 255, 161, 74, 234, 100, 75, 1, 0, 92, 1, 0, 205, 0, 0, 117, 1, 49]
1542752064393;[171, 0, 17, 255, 161, 74, 234, 100, 75, 1, 0, 95, 1, 0, 204, 0, 0, 116, 1, 68]
1542752064395;[171, 0, 17, 255, 161, 74, 234, 100, 75, 1, 0, 95, 1, 0, 204, 0, 0, 116, 1, 68]
1542752064397;[171, 0, 17, 255, 161, 74, 234, 100, 75, 1, 0, 93, 1, 0, 204, 0, 0, 116, 1, 80]
1542752064399;[171, 0, 17, 255, 161, 74, 234, 100, 75, 1, 0, 93, 1, 0, 204, 0, 0, 116, 1, 80]
1542752064565;[171, 0, 4, 255, 132, 128, 83]
1542752064567;[171, 0, 4, 255, 132, 128, 83]
1542752064570;[171, 0, 17, 255, 161, 74, 234, 100, 75, 1, 0, 92, 1, 0, 202, 0, 0, 119, 1, 75]
1542752064571;[171, 0, 17, 255, 161, 74, 234, 100, 75, 1, 0, 92, 1, 0, 202, 0, 0, 119, 1, 75]
1542752064738;[171, 0, 17, 255, 161, 74, 234, 100, 75, 1, 0, 93, 1, 0, 204, 0, 0, 118, 1, 57]
1542752064740;[171, 0, 17, 255, 161, 74, 234, 100, 75, 1, 0, 93, 1, 0, 204, 0, 0, 118, 1, 57]
1542752064742;[171, 0, 17, 255, 161, 74, 234, 100, 76, 1, 0, 93, 1, 0, 205, 0, 0, 117, 1, 44]
1542752064743;[171, 0, 17, 255, 161, 74, 234, 100, 76, 1, 0, 93, 1, 0, 205, 0, 0, 117, 1, 44]
1542752065429;[171, 0, 17, 255, 161, 74, 234, 100, 76, 1, 0, 92, 1, 0, 203, 0, 0, 118, 1, 15]
1542752065432;[171, 0, 17, 255, 161, 74, 234, 100, 76, 1, 0, 92, 1, 0, 203, 0, 0, 118, 1, 15]
1542752065434;[171, 0, 17, 255, 161, 74, 234, 100, 76, 1, 0, 93, 1, 0, 203, 0, 0, 117, 0, 239]
1542752065437;[171, 0, 17, 255, 161, 74, 234, 100, 76, 1, 0, 93, 1, 0, 203, 0, 0, 117, 0, 239]
1542752065439;[171, 0, 17, 255, 161, 74, 234, 100, 76, 1, 0, 94, 1, 0, 203, 0, 0, 117, 1, 11]
1542752065441;[171, 0, 17, 255, 161, 74, 234, 100, 76, 1, 0, 94, 1, 0, 203, 0, 0, 117, 1, 11]
1542752065442;[171, 0, 17, 255, 161, 74, 234, 100, 76, 1, 0, 93, 1, 0, 202, 0, 0, 118, 1, 34]
1542752065444;[171, 0, 17, 255, 161, 74, 234, 100, 76, 1, 0, 93, 1, 0, 202, 0, 0, 118, 1, 34]
1542752065601;[171, 0, 17, 255, 161, 74, 234, 100, 76, 1, 0, 93, 1, 0, 203, 0, 0, 118, 1, 27]
1542752065603;[171, 0, 17, 255, 161, 74, 234, 100, 76, 1, 0, 93, 1, 0, 203, 0, 0, 118, 1, 27]
1542752065606;[171, 0, 17, 255, 161, 74, 234, 100, 76, 1, 0, 95, 1, 0, 204, 0, 0, 116, 1, 11]
1542752065608;[171, 0, 17, 255, 161, 74, 234, 100, 76, 1, 0, 95, 1, 0, 204, 0, 0, 116, 1, 11]
1542752065609;[171, 0, 17, 255, 161, 74, 234, 100, 76, 1, 0, 95, 1, 0, 206, 0, 0, 118, 0, 249]
1542752065611;[171, 0, 17, 255, 161, 74, 234, 100, 76, 1, 0, 95, 1, 0, 206, 0, 0, 118, 0, 249]
1542752065771;[171, 0, 4, 255, 132, 128, 84]
1542752065774;[171, 0, 4, 255, 132, 128, 84]
1542752065779;[171, 0, 17, 255, 161, 74, 234, 100, 76, 1, 0, 92, 1, 0, 204, 0, 0, 118, 0, 220]
1542752065781;[171, 0, 17, 255, 161, 74, 234, 100, 76, 1, 0, 92, 1, 0, 204, 0, 0, 118, 0, 220]
1542752065944;[171, 0, 17, 255, 161, 74, 234, 100, 76, 1, 0, 91, 1, 0, 205, 0, 0, 117, 16, 186]
1542752065946;[171, 0, 17, 255, 161, 74, 234, 100, 76, 1, 0, 91, 1, 0, 205, 0, 0, 117, 16, 186]
1542752065949;[171, 0, 17, 255, 161, 74, 234, 100, 77, 1, 0, 93, 1, 0, 204, 0, 0, 117, 7, 181]
1542752065950;[171, 0, 17, 255, 161, 74, 234, 100, 77, 1, 0, 93, 1, 0, 204, 0, 0, 117, 7, 181]
1542752066117;[171, 0, 17, 255, 161, 74, 234, 100, 77, 1, 0, 94, 1, 0, 204, 0, 0, 117, 7, 222]
1542752066119;[171, 0, 17, 255, 161, 74, 234, 100, 77, 1, 0, 94, 1, 0, 204, 0, 0, 117, 7, 222]
1542752066289;[171, 0, 17, 255, 161, 74, 234, 100, 77, 1, 0, 94, 1, 0, 205, 0, 0, 117, 7, 241]
1542752066291;[171, 0, 17, 255, 161, 74, 234, 100, 77, 1, 0, 94, 1, 0, 205, 0, 0, 117, 7, 241]
1542752066294;[171, 0, 17, 255, 161, 74, 234, 100, 77, 1, 0, 94, 1, 0, 206, 0, 0, 115, 7, 241]
1542752066295;[171, 0, 17, 255, 161, 74, 234, 100, 77, 1, 0, 94, 1, 0, 206, 0, 0, 115, 7, 241]
1542752066636;[171, 0, 17, 255, 161, 74, 234, 100, 77, 1, 0, 93, 1, 0, 203, 0, 0, 118, 7, 219]
1542752066638;[171, 0, 17, 255, 161, 74, 234, 100, 77, 1, 0, 93, 1, 0, 203, 0, 0, 118, 7, 219]
1542752066640;[171, 0, 17, 255, 161, 74, 234, 100, 77, 1, 0, 92, 1, 0, 204, 0, 0, 118, 7, 202]
1542752066642;[171, 0, 17, 255, 161, 74, 234, 100, 77, 1, 0, 92, 1, 0, 204, 0, 0, 118, 7, 202]
1542752066644;[171, 0, 17, 255, 161, 74, 234, 100, 77, 1, 0, 93, 1, 0, 203, 0, 0, 117, 7, 173]
1542752066646;[171, 0, 17, 255, 161, 74, 234, 100, 77, 1, 0, 93, 1, 0, 203, 0, 0, 117, 7, 173]
1542752066648;[171, 0, 17, 255, 161, 74, 234, 100, 77, 1, 0, 93, 1, 0, 204, 0, 0, 118, 7, 148]
1542752066653;[171, 0, 17, 255, 161, 74, 234, 100, 77, 1, 0, 93, 1, 0, 204, 0, 0, 118, 7, 148]
1542752066807;[171, 0, 4, 255, 132, 128, 84]
1542752066809;[171, 0, 4, 255, 132, 128, 84]
1542752066979;[171, 0, 17, 255, 161, 74, 234, 100, 77, 1, 0, 95, 1, 0, 203, 0, 0, 116, 7, 114]
1542752066981;[171, 0, 17, 255, 161, 74, 234, 100, 77, 1, 0, 95, 1, 0, 203, 0, 0, 116, 7, 114]
1542752066983;[171, 0, 17, 255, 161, 74, 234, 100, 77, 1, 0, 92, 1, 0, 204, 0, 0, 117, 7, 123]
1542752066985;[171, 0, 17, 255, 161, 74, 234, 100, 77, 1, 0, 92, 1, 0, 204, 0, 0, 117, 7, 123]
1542752067152;[171, 0, 17, 255, 161, 74, 234, 100, 78, 1, 0, 94, 1, 0, 203, 0, 0, 117, 7, 163]
1542752067154;[171, 0, 17, 255, 161, 74, 234, 100, 78, 1, 0, 94, 1, 0, 203, 0, 0, 117, 7, 163]
1542752067156;[171, 0, 17, 255, 161, 74, 234, 100, 78, 1, 0, 92, 1, 0, 204, 0, 0, 116, 7, 169]
1542752067158;[171, 0, 17, 255, 161, 74, 234, 100, 78, 1, 0, 92, 1, 0, 204, 0, 0, 116, 7, 169]
1542752067324;[171, 0, 17, 255, 161, 74, 234, 100, 78, 1, 0, 95, 1, 0, 206, 0, 0, 118, 7, 167]
1542752067325;[171, 0, 17, 255, 161, 74, 234, 100, 78, 1, 0, 95, 1, 0, 206, 0, 0, 118, 7, 167]
1542752067497;[171, 0, 17, 255, 161, 74, 234, 100, 78, 1, 0, 95, 1, 0, 204, 0, 0, 117, 7, 153]
1542752067498;[171, 0, 17, 255, 161, 74, 234, 100, 78, 1, 0, 95, 1, 0, 204, 0, 0, 117, 7, 153]
1542752067501;[171, 0, 17, 255, 161, 74, 234, 100, 78, 1, 0, 91, 1, 0, 202, 0, 0, 118, 7, 134]
1542752067503;[171, 0, 17, 255, 161, 74, 234, 100, 78, 1, 0, 91, 1, 0, 202, 0, 0, 118, 7, 134]
1542752067843;[171, 0, 17, 255, 161, 74, 234, 100, 78, 1, 0, 92, 1, 0, 203, 0, 0, 117, 7, 97]
1542752067845;[171, 0, 17, 255, 161, 74, 234, 100, 78, 1, 0, 92, 1, 0, 203, 0, 0, 117, 7, 97]
1542752067849;[171, 0, 17, 255, 161, 74, 234, 100, 78, 1, 0, 93, 1, 0, 200, 0, 0, 117, 7, 73]
1542752067850;[171, 0, 17, 255, 161, 74, 234, 100, 78, 1, 0, 93, 1, 0, 200, 0, 0, 117, 7, 73]
1542752067853;[171, 0, 17, 255, 161, 74, 234, 100, 78, 1, 0, 95, 1, 0, 204, 0, 0, 116, 7, 107]
1542752067855;[171, 0, 17, 255, 161, 74, 234, 100, 78, 1, 0, 95, 1, 0, 204, 0, 0, 116, 7, 107]
1542752067856;[171, 0, 4, 255, 132, 128, 84]
1542752067858;[171, 0, 4, 255, 132, 128, 84]
1542752068015;[171, 0, 17, 255, 161, 74, 234, 100, 78, 1, 0, 94, 1, 0, 203, 0, 0, 117, 7, 144]
1542752068017;[171, 0, 17, 255, 161, 74, 234, 100, 78, 1, 0, 94, 1, 0, 203, 0, 0, 117, 7, 144]
1542752068188;[171, 0, 17, 255, 161, 74, 234, 100, 78, 1, 0, 92, 1, 0, 203, 0, 0, 116, 7, 139]
1542752068192;[171, 0, 17, 255, 161, 74, 234, 100, 78, 1, 0, 92, 1, 0, 203, 0, 0, 116, 7, 139]
1542752068194;[171, 0, 17, 255, 161, 74, 234, 100, 79, 1, 0, 92, 1, 0, 204, 0, 0, 117, 7, 126]
1542752068195;[171, 0, 17, 255, 161, 74, 234, 100, 79, 1, 0, 92, 1, 0, 204, 0, 0, 117, 7, 126]
1542752068360;[171, 0, 17, 255, 161, 74, 234, 100, 79, 1, 0, 91, 1, 0, 204, 0, 0, 116, 7, 123]
1542752068362;[171, 0, 17, 255, 161, 74, 234, 100, 79, 1, 0, 91, 1, 0, 204, 0, 0, 116, 7, 123]
1542752068364;[171, 0, 17, 255, 161, 74, 234, 100, 79, 1, 0, 92, 1, 0, 204, 0, 0, 117, 7, 99]
1542752068366;[171, 0, 17, 255, 161, 74, 234, 100, 79, 1, 0, 92, 1, 0, 204, 0, 0, 117, 7, 99]
1542752068532;[171, 0, 17, 255, 161, 74, 234, 100, 79, 1, 0, 91, 1, 0, 203, 0, 0, 118, 7, 77]
1542752068534;[171, 0, 17, 255, 161, 74, 234, 100, 79, 1, 0, 91, 1, 0, 203, 0, 0, 118, 7, 77]
1542752068536;[171, 0, 17, 255, 161, 74, 234, 100, 79, 1, 0, 93, 1, 0, 203, 0, 0, 118, 7, 80]
1542752068538;[171, 0, 17, 255, 161, 74, 234, 100, 79, 1, 0, 93, 1, 0, 203, 0, 0, 118, 7, 80]
1542752068878;[171, 0, 17, 255, 161, 74, 234, 100, 79, 1, 0, 93, 1, 0, 204, 0, 0, 118, 7, 137]
1542752068880;[171, 0, 17, 255, 161, 74, 234, 100, 79, 1, 0, 93, 1, 0, 204, 0, 0, 118, 7, 137]
1542752068882;[171, 0, 17, 255, 161, 74, 234, 100, 79, 1, 0, 93, 1, 0, 204, 0, 0, 117, 7, 151]
1542752068884;[171, 0, 17, 255, 161, 74, 234, 100, 79, 1, 0, 93, 1, 0, 204, 0, 0, 117, 7, 151]
1542752068887;[171, 0, 17, 255, 161, 74, 234, 100, 79, 1, 0, 93, 1, 0, 204, 0, 0, 117, 7, 147]
1542752068888;[171, 0, 17, 255, 161, 74, 234, 100, 79, 1, 0, 93, 1, 0, 204, 0, 0, 117, 7, 147]
1542752069222;[171, 0, 4, 255, 132, 128, 84]
1542752069225;[171, 0, 4, 255, 132, 128, 84]
1542752069227;[171, 0, 17, 255, 161, 74, 234, 100, 79, 1, 0, 93, 1, 0, 204, 0, 0, 117, 7, 141]
1542752069229;[171, 0, 17, 255, 161, 74, 234, 100, 79, 1, 0, 93, 1, 0, 204, 0, 0, 117, 7, 141]
1542752069397;[171, 0, 17, 255, 161, 74, 234, 100, 79, 1, 0, 93, 1, 0, 202, 0, 0, 115, 7, 122]
1542752069399;[171, 0, 17, 255, 161, 74, 234, 100, 79, 1, 0, 93, 1, 0, 202, 0, 0, 115, 7, 122]
1542752069401;[171, 0, 17, 255, 161, 74, 234, 100, 80, 1, 0, 95, 1, 0, 203, 0, 0, 116, 7, 104]
1542752069403;[171, 0, 17, 255, 161, 74, 234, 100, 80, 1, 0, 95, 1, 0, 203, 0, 0, 116, 7, 104]
1542752069405;[171, 0, 17, 255, 161, 74, 234, 100, 80, 1, 0, 90, 1, 0, 205, 0, 0, 117, 7, 68]
1542752069407;[171, 0, 17, 255, 161, 74, 234, 100, 80, 1, 0, 90, 1, 0, 205, 0, 0, 117, 7, 68]
1542752069742;[171, 0, 17, 255, 161, 74, 234, 100, 80, 1, 0, 93, 1, 0, 204, 0, 0, 118, 7, 54]
1542752069744;[171, 0, 17, 255, 161, 74, 234, 100, 80, 1, 0, 93, 1, 0, 204, 0, 0, 118, 7, 54]
1542752069747;[171, 0, 17, 255, 161, 74, 234, 100, 80, 1, 0, 92, 1, 0, 204, 0, 0, 118, 7, 110]
1542752069749;[171, 0, 17, 255, 161, 74, 234, 100, 80, 1, 0, 92, 1, 0, 204, 0, 0, 118, 7, 110]
1542752069751;[171, 0, 17, 255, 161, 74, 234, 100, 80, 1, 0, 95, 1, 0, 202, 0, 0, 117, 7, 143]
1542752069754;[171, 0, 17, 255, 161, 74, 234, 100, 80, 1, 0, 95, 1, 0, 202, 0, 0, 117, 7, 143]
1542752069756;[171, 0, 17, 255, 161, 74, 234, 100, 80, 1, 0, 93, 1, 0, 205, 0, 0, 118, 7, 142]
1542752069758;[171, 0, 17, 255, 161, 74, 234, 100, 80, 1, 0, 93, 1, 0, 205, 0, 0, 118, 7, 142]
1542752069913;[171, 0, 17, 255, 161, 74, 234, 100, 80, 1, 0, 91, 1, 0, 205, 0, 0, 115, 7, 144]
1542752069915;[171, 0, 17, 255, 161, 74, 234, 100, 80, 1, 0, 91, 1, 0, 205, 0, 0, 115, 7, 144]
1542752070084;[171, 0, 17, 255, 161, 74, 234, 100, 80, 1, 0, 92, 1, 0, 204, 0, 0, 118, 7, 129]
1542752070086;[171, 0, 17, 255, 161, 74, 234, 100, 80, 1, 0, 92, 1, 0, 204, 0, 0, 118, 7, 129]
1542752070088;[171, 0, 4, 255, 132, 128, 83]
1542752070091;[171, 0, 4, 255, 132, 128, 83]
1542752070431;[171, 0, 17, 255, 161, 74, 234, 100, 80, 1, 0, 94, 1, 0, 203, 0, 0, 116, 7, 107]
1542752070434;[171, 0, 17, 255, 161, 74, 234, 100, 80, 1, 0, 94, 1, 0, 203, 0, 0, 116, 7, 107]
1542752070435;[171, 0, 17, 255, 161, 74, 234, 100, 80, 1, 0, 92, 1, 0, 204, 0, 0, 117, 7, 80]
1542752070437;[171, 0, 17, 255, 161, 74, 234, 100, 80, 1, 0, 92, 1, 0, 204, 0, 0, 117, 7, 80]
1542752070441;[171, 0, 17, 255, 161, 74, 234, 100, 81, 1, 0, 92, 1, 0, 203, 0, 0, 118, 7, 56]
1542752070443;[171, 0, 17, 255, 161, 74, 234, 100, 81, 1, 0, 92, 1, 0, 203, 0, 0, 118, 7, 56]
1542752070445;[171, 0, 17, 255, 161, 74, 234, 100, 81, 1, 0, 93, 1, 0, 202, 0, 0, 117, 7, 31]
1542752070446;[171, 0, 17, 255, 161, 74, 234, 100, 81, 1, 0, 93, 1, 0, 202, 0, 0, 117, 7, 31]
1542752070603;[171, 0, 17, 255, 161, 74, 234, 100, 81, 1, 0, 92, 1, 0, 204, 0, 0, 117, 7, 86]
1542752070605;[171, 0, 17, 255, 161, 74, 234, 100, 81, 1, 0, 92, 1, 0, 204, 0, 0, 117, 7, 86]
1542752070775;[171, 0, 17, 255, 161, 74, 234, 100, 81, 1, 0, 95, 1, 0, 205, 0, 0, 117, 7, 117]
1542752070777;[171, 0, 17, 255, 161, 74, 234, 100, 81, 1, 0, 95, 1, 0, 205, 0, 0, 117, 7, 117]
1542752070779;[171, 0, 17, 255, 161, 74, 234, 100, 81, 1, 0, 91, 1, 0, 204, 0, 0, 117, 7, 117]
1542752070781;[171, 0, 17, 255, 161, 74, 234, 100, 81, 1, 0, 91, 1, 0, 204, 0, 0, 117, 7, 117]
1542752070947;[171, 0, 17, 255, 161, 74, 234, 100, 81, 1, 0, 94, 1, 0, 202, 0, 0, 116, 7, 109]
1542752070949;[171, 0, 17, 255, 161, 74, 234, 100, 81, 1, 0, 94, 1, 0, 202, 0, 0, 116, 7, 109]
1542752070951;[171, 0, 17, 255, 161, 74, 234, 100, 81, 1, 0, 93, 1, 0, 204, 0, 0, 117, 7, 104]
1542752070953;[171, 0, 17, 255, 161, 74, 234, 100, 81, 1, 0, 93, 1, 0, 204, 0, 0, 117, 7, 104]
1542752071119;[171, 0, 17, 255, 161, 74, 234, 100, 81, 1, 0, 94, 1, 0, 202, 0, 0, 118, 7, 80]
1542752071121;[171, 0, 17, 255, 161, 74, 234, 100, 81, 1, 0, 94, 1, 0, 202, 0, 0, 118, 7, 80]
1542752071291;[171, 0, 4, 255, 132, 128, 83]
1542752071294;[171, 0, 4, 255, 132, 128, 83]
1542752071296;[171, 0, 17, 255, 161, 74, 234, 100, 81, 1, 0, 91, 1, 0, 204, 0, 0, 118, 7, 54]
1542752071298;[171, 0, 17, 255, 161, 74, 234, 100, 81, 1, 0, 91, 1, 0, 204, 0, 0, 118, 7, 54]
1542752071466;[171, 0, 17, 255, 161, 74, 234, 100, 81, 1, 0, 92, 1, 0, 203, 0, 0, 115, 7, 29]
1542752071468;[171, 0, 17, 255, 161, 74, 234, 100, 81, 1, 0, 92, 1, 0, 203, 0, 0, 115, 7, 29]
1542752071471;[171, 0, 17, 255, 161, 74, 234, 100, 82, 1, 0, 92, 1, 0, 204, 0, 0, 116, 7, 84]
1542752071472;[171, 0, 17, 255, 161, 74, 234, 100, 82, 1, 0, 92, 1, 0, 204, 0, 0, 116, 7, 84]
1542752071810;[171, 0, 17, 255, 161, 74, 234, 100, 82, 1, 0, 92, 1, 0, 204, 0, 0, 118, 7, 123]
1542752071811;[171, 0, 17, 255, 161, 74, 234, 100, 82, 1, 0, 92, 1, 0, 204, 0, 0, 118, 7, 123]
1542752071814;[171, 0, 17, 255, 161, 74, 234, 100, 82, 1, 0, 93, 1, 0, 204, 0, 0, 117, 7, 115]
1542752071816;[171, 0, 17, 255, 161, 74, 234, 100, 82, 1, 0, 93, 1, 0, 204, 0, 0, 117, 7, 115]
1542752071818;[171, 0, 17, 255, 161, 74, 234, 100, 82, 1, 0, 92, 1, 0, 205, 0, 0, 116, 7, 116]
1542752071820;[171, 0, 17, 255, 161, 74, 234, 100, 82, 1, 0, 92, 1, 0, 205, 0, 0, 116, 7, 116]
1542752071982;[171, 0, 17, 255, 161, 74, 234, 100, 82, 1, 0, 92, 1, 0, 203, 0, 0, 116, 7, 94]
1542752071984;[171, 0, 17, 255, 161, 74, 234, 100, 82, 1, 0, 92, 1, 0, 203, 0, 0, 116, 7, 94]
1542752071987;[171, 0, 17, 255, 161, 74, 234, 100, 82, 1, 0, 93, 1, 0, 204, 0, 0, 117, 7, 92]
1542752071989;[171, 0, 17, 255, 161, 74, 234, 100, 82, 1, 0, 93, 1, 0, 204, 0, 0, 117, 7, 92]
1542752072158;[171, 0, 17, 255, 161, 74, 234, 100, 82, 1, 0, 92, 1, 0, 202, 0, 0, 117, 7, 59]
1542752072160;[171, 0, 17, 255, 161, 74, 234, 100, 82, 1, 0, 92, 1, 0, 202, 0, 0, 117, 7, 59]
1542752072168;[171, 0, 17, 255, 161, 74, 234, 100, 82, 1, 0, 92, 1, 0, 203, 0, 0, 117, 7, 114]
1542752072170;[171, 0, 17, 255, 161, 74, 234, 100, 82, 1, 0, 92, 1, 0, 203, 0, 0, 117, 7, 114]
1542752072338;[171, 0, 4, 255, 132, 128, 83]
1542752072339;[171, 0, 4, 255, 132, 128, 83]
1542752072340;[171, 0, 17, 255, 161, 74, 234, 100, 82, 1, 0, 93, 1, 0, 203, 0, 0, 117, 7, 157]
1542752072341;[171, 0, 17, 255, 161, 74, 234, 100, 82, 1, 0, 93, 1, 0, 203, 0, 0, 117, 7, 157]
1542752072494;[171, 0, 17, 255, 161, 74, 234, 100, 82, 1, 0, 94, 1, 0, 204, 0, 0, 117, 7, 169]
1542752072495;[171, 0, 17, 255, 161, 74, 234, 100, 82, 1, 0, 94, 1, 0, 204, 0, 0, 117, 7, 169]
1542752072670;[171, 0, 17, 255, 161, 74, 234, 100, 83, 1, 0, 94, 1, 0, 204, 0, 0, 117, 7, 162]
1542752072671;[171, 0, 17, 255, 161, 74, 234, 100, 83, 1, 0, 94, 1, 0, 204, 0, 0, 117, 7, 162]
1542752072672;[171, 0, 17, 255, 161, 74, 234, 100, 83, 1, 0, 94, 1, 0, 204, 0, 0, 116, 7, 158]
1542752072673;[171, 0, 17, 255, 161, 74, 234, 100, 83, 1, 0, 94, 1, 0, 204, 0, 0, 116, 7, 158]
1542752073017;[171, 0, 17, 255, 161, 74, 234, 100, 83, 1, 0, 92, 1, 0, 207, 0, 0, 116, 7, 130]
1542752073019;[171, 0, 17, 255, 161, 74, 234, 100, 83, 1, 0, 92, 1, 0, 207, 0, 0, 116, 7, 130]
1542752073022;[171, 0, 17, 255, 161, 74, 234, 100, 83, 1, 0, 95, 1, 0, 203, 0, 0, 116, 7, 106]
1542752073024;[171, 0, 17, 255, 161, 74, 234, 100, 83, 1, 0, 95, 1, 0, 203, 0, 0, 116, 7, 106]
1542752073026;[171, 0, 17, 255, 161, 74, 234, 100, 83, 1, 0, 92, 1, 0, 204, 0, 0, 117, 7, 120]
1542752073028;[171, 0, 17, 255, 161, 74, 234, 100, 83, 1, 0, 92, 1, 0, 204, 0, 0, 117, 7, 120]
1542752073189;[171, 0, 17, 255, 161, 74, 234, 100, 83, 1, 0, 94, 1, 0, 204, 0, 0, 117, 7, 186]
1542752073191;[171, 0, 17, 255, 161, 74, 234, 100, 83, 1, 0, 94, 1, 0, 204, 0, 0, 117, 7, 186]
1542752073194;[171, 0, 17, 255, 161, 74, 234, 100, 83, 1, 0, 92, 1, 0, 204, 0, 0, 118, 7, 216]
1542752073195;[171, 0, 17, 255, 161, 74, 234, 100, 83, 1, 0, 92, 1, 0, 204, 0, 0, 118, 7, 216]
1542752073363;[171, 0, 17, 255, 161, 74, 234, 100, 83, 1, 0, 92, 1, 0, 204, 0, 0, 117, 7, 212]
1542752073365;[171, 0, 17, 255, 161, 74, 234, 100, 83, 1, 0, 92, 1, 0, 204, 0, 0, 117, 7, 212]
1542752073367;[171, 0, 4, 255, 132, 128, 82]
1542752073369;[171, 0, 4, 255, 132, 128, 82]
1542752073534;[171, 0, 17, 255, 161, 74, 234, 100, 83, 1, 0, 94, 1, 0, 200, 0, 0, 118, 7, 200]
1542752073536;[171, 0, 17, 255, 161, 74, 234, 100, 83, 1, 0, 94, 1, 0, 200, 0, 0, 118, 7, 200]
1542752073539;[171, 0, 17, 255, 161, 74, 234, 100, 83, 1, 0, 93, 1, 0, 204, 0, 0, 117, 7, 187]
1542752073540;[171, 0, 17, 255, 161, 74, 234, 100, 83, 1, 0, 93, 1, 0, 204, 0, 0, 117, 7, 187]
1542752073707;[171, 0, 17, 255, 161, 74, 234, 100, 84, 1, 0, 91, 1, 0, 203, 0, 0, 116, 7, 159]
1542752073709;[171, 0, 17, 255, 161, 74, 234, 100, 84, 1, 0, 91, 1, 0, 203, 0, 0, 116, 7, 159]
1542752073879;[171, 0, 17, 255, 161, 74, 234, 100, 84, 1, 0, 93, 1, 0, 205, 0, 0, 117, 7, 125]
1542752073881;[171, 0, 17, 255, 161, 74, 234, 100, 84, 1, 0, 93, 1, 0, 205, 0, 0, 117, 7, 125]
1542752073883;[171, 0, 17, 255, 161, 74, 234, 100, 84, 1, 0, 93, 1, 0, 203, 0, 0, 117, 7, 154]
1542752073885;[171, 0, 17, 255, 161, 74, 234, 100, 84, 1, 0, 93, 1, 0, 203, 0, 0, 117, 7, 154]
1542752074400;[171, 0, 17, 255, 161, 74, 234, 100, 84, 1, 0, 94, 1, 0, 205, 0, 0, 115, 7, 216]
1542752074402;[171, 0, 17, 255, 161, 74, 234, 100, 84, 1, 0, 94, 1, 0, 205, 0, 0, 115, 7, 216]
1542752074404;[171, 0, 17, 255, 161, 74, 234, 100, 84, 1, 0, 93, 1, 0, 203, 0, 0, 116, 7, 234]
1542752074406;[171, 0, 17, 255, 161, 74, 234, 100, 84, 1, 0, 93, 1, 0, 203, 0, 0, 116, 7, 234]
1542752074408;[171, 0, 17, 255, 161, 74, 234, 100, 84, 1, 0, 93, 1, 0, 204, 0, 0, 117, 7, 229]
1542752074410;[171, 0, 17, 255, 161, 74, 234, 100, 84, 1, 0, 93, 1, 0, 204, 0, 0, 117, 7, 229]
1542752074412;[171, 0, 17, 255, 161, 74, 234, 100, 84, 1, 0, 93, 1, 0, 202, 0, 0, 115, 7, 215]
1542752074414;[171, 0, 17, 255, 161, 74, 234, 100, 84, 1, 0, 93, 1, 0, 202, 0, 0, 115, 7, 215]
1542752074570;[171, 0, 17, 255, 161, 74, 234, 100, 84, 1, 0, 91, 1, 0, 203, 0, 0, 116, 7, 188]
1542752074572;[171, 0, 17, 255, 161, 74, 234, 100, 84, 1, 0, 91, 1, 0, 203, 0, 0, 116, 7, 188]
1542752074574;[171, 0, 4, 255, 132, 128, 81]
1542752074577;[171, 0, 4, 255, 132, 128, 81]
1542752074579;[171, 0, 17, 255, 161, 74, 234, 100, 84, 1, 0, 94, 1, 0, 202, 0, 0, 116, 7, 158]
1542752074581;[171, 0, 17, 255, 161, 74, 234, 100, 84, 1, 0, 94, 1, 0, 202, 0, 0, 116, 7, 158]
1542752074742;[171, 0, 17, 255, 161, 74, 234, 100, 84, 1, 0, 93, 1, 0, 203, 0, 0, 119, 7, 193]
1542752074744;[171, 0, 17, 255, 161, 74, 234, 100, 84, 1, 0, 93, 1, 0, 203, 0, 0, 119, 7, 193]
1542752074747;[171, 0, 17, 255, 161, 74, 234, 100, 85, 1, 0, 94, 1, 0, 204, 0, 0, 118, 7, 239]
1542752074749;[171, 0, 17, 255, 161, 74, 234, 100, 85, 1, 0, 94, 1, 0, 204, 0, 0, 118, 7, 239]
1542752074915;[171, 0, 17, 255, 161, 74, 234, 100, 85, 1, 0, 93, 1, 0, 202, 0, 0, 116, 7, 241]
1542752074917;[171, 0, 17, 255, 161, 74, 234, 100, 85, 1, 0, 93, 1, 0, 202, 0, 0, 116, 7, 241]
1542752075087;[171, 0, 17, 255, 161, 74, 234, 100, 85, 1, 0, 93, 1, 0, 203, 0, 0, 117, 7, 222]
1542752075089;[171, 0, 17, 255, 161, 74, 234, 100, 85, 1, 0, 93, 1, 0, 203, 0, 0, 117, 7, 222]
1542752075091;[171, 0, 17, 255, 161, 74, 234, 100, 85, 1, 0, 91, 1, 0, 202, 0, 0, 116, 7, 204]
1542752075093;[171, 0, 17, 255, 161, 74, 234, 100, 85, 1, 0, 91, 1, 0, 202, 0, 0, 116, 7, 204]
1542752075260;[171, 0, 17, 255, 161, 74, 234, 100, 85, 1, 0, 91, 1, 0, 205, 0, 0, 118, 7, 186]
1542752075262;[171, 0, 17, 255, 161, 74, 234, 100, 85, 1, 0, 91, 1, 0, 205, 0, 0, 118, 7, 186]
1542752075264;[171, 0, 17, 255, 161, 74, 234, 100, 85, 1, 0, 93, 1, 0, 205, 0, 0, 117, 7, 151]
1542752075266;[171, 0, 17, 255, 161, 74, 234, 100, 85, 1, 0, 93, 1, 0, 205, 0, 0, 117, 7, 151]
1542752075604;[171, 0, 17, 255, 161, 74, 234, 100, 85, 1, 0, 93, 1, 0, 203, 0, 0, 118, 7, 203]
1542752075606;[171, 0, 17, 255, 161, 74, 234, 100, 85, 1, 0, 93, 1, 0, 203, 0, 0, 118, 7, 203]
1542752075779;[171, 0, 17, 255, 161, 74, 234, 100, 85, 1, 0, 93, 1, 0, 202, 0, 0, 119, 7, 233]
1542752075781;[171, 0, 17, 255, 161, 74, 234, 100, 85, 1, 0, 93, 1, 0, 202, 0, 0, 119, 7, 233]
1542752075783;[171, 0, 4, 255, 132, 128, 81]
1542752075785;[171, 0, 4, 255, 132, 128, 81]
1542752075788;[171, 0, 17, 255, 161, 74, 234, 100, 85, 1, 0, 95, 1, 0, 204, 0, 0, 117, 7, 220]
1542752075790;[171, 0, 17, 255, 161, 74, 234, 100, 85, 1, 0, 95, 1, 0, 204, 0, 0, 117, 7, 220]
1542752075795;[171, 0, 17, 255, 161, 74, 234, 100, 85, 1, 0, 94, 1, 0, 201, 0, 0, 117, 7, 204]
1542752075800;[171, 0, 17, 255, 161, 74, 234, 100, 85, 1, 0, 94, 1, 0, 201, 0, 0, 117, 7, 204]
1542752075949;[171, 0, 17, 255, 161, 74, 234, 100, 86, 1, 0, 92, 1, 0, 204, 0, 0, 117, 7, 176]
1542752075951;[171, 0, 17, 255, 161, 74, 234, 100, 86, 1, 0, 92, 1, 0, 204, 0, 0, 117, 7, 176]
1542752075954;[171, 0, 17, 255, 161, 74, 234, 100, 86, 1, 0, 89, 1, 0, 204, 0, 0, 116, 7, 142]
1542752075957;[171, 0, 17, 255, 161, 74, 234, 100, 86, 1, 0, 89, 1, 0, 204, 0, 0, 116, 7, 142]
1542752076122;[171, 0, 17, 255, 161, 74, 234, 100, 86, 1, 0, 91, 1, 0, 204, 0, 0, 118, 7, 108]
1542752076123;[171, 0, 17, 255, 161, 74, 234, 100, 86, 1, 0, 91, 1, 0, 204, 0, 0, 118, 7, 108]
1542752076295;[171, 0, 17, 255, 161, 74, 234, 100, 86, 1, 0, 94, 1, 0, 204, 0, 0, 117, 7, 157]
1542752076297;[171, 0, 17, 255, 161, 74, 234, 100, 86, 1, 0, 94, 1, 0, 204, 0, 0, 117, 7, 157]
1542752076300;[171, 0, 17, 255, 161, 74, 234, 100, 86, 1, 0, 93, 1, 0, 203, 0, 0, 114, 7, 180]
1542752076301;[171, 0, 17, 255, 161, 74, 234, 100, 86, 1, 0, 93, 1, 0, 203, 0, 0, 114, 7, 180]
1542752076467;[171, 0, 17, 255, 161, 74, 234, 100, 86, 1, 0, 92, 1, 0, 204, 0, 0, 117, 7, 167]
1542752076468;[171, 0, 17, 255, 161, 74, 234, 100, 86, 1, 0, 92, 1, 0, 204, 0, 0, 117, 7, 167]
1542752076814;[171, 0, 17, 255, 161, 74, 234, 100, 86, 1, 0, 92, 1, 0, 206, 0, 0, 117, 7, 140]
1542752076815;[171, 0, 17, 255, 161, 74, 234, 100, 86, 1, 0, 92, 1, 0, 206, 0, 0, 117, 7, 140]
1542752076818;[171, 0, 17, 255, 161, 74, 234, 100, 86, 1, 0, 91, 1, 0, 203, 0, 0, 117, 7, 115]
1542752076819;[171, 0, 17, 255, 161, 74, 234, 100, 86, 1, 0, 91, 1, 0, 203, 0, 0, 117, 7, 115]
1542752076823;[171, 0, 4, 255, 132, 128, 81]
1542752076825;[171, 0, 4, 255, 132, 128, 81]
1542752076827;[171, 0, 17, 255, 161, 74, 234, 100, 86, 1, 0, 94, 1, 0, 203, 0, 0, 117, 7, 81]
1542752076829;[171, 0, 17, 255, 161, 74, 234, 100, 86, 1, 0, 94, 1, 0, 203, 0, 0, 117, 7, 81]
1542752076985;[171, 0, 17, 255, 161, 74, 234, 100, 86, 1, 0, 94, 1, 0, 202, 0, 0, 117, 7, 36]
1542752076987;[171, 0, 17, 255, 161, 74, 234, 100, 86, 1, 0, 94, 1, 0, 202, 0, 0, 117, 7, 36]
1542752076989;[171, 0, 17, 255, 161, 74, 234, 100, 87, 1, 0, 91, 1, 0, 203, 0, 0, 116, 7, 46]
1542752076991;[171, 0, 17, 255, 161, 74, 234, 100, 87, 1, 0, 91, 1, 0, 203, 0, 0, 116, 7, 46]
1542752077157;[171, 0, 17, 255, 161, 74, 234, 100, 87, 1, 0, 93, 1, 0, 204, 0, 0, 118, 7, 70]
1542752077159;[171, 0, 17, 255, 161, 74, 234, 100, 87, 1, 0, 93, 1, 0, 204, 0, 0, 118, 7, 70]
1542752077161;[171, 0, 17, 255, 161, 74, 234, 100, 87, 1, 0, 92, 1, 0, 202, 0, 0, 117, 7, 64]
1542752077163;[171, 0, 17, 255, 161, 74, 234, 100, 87, 1, 0, 92, 1, 0, 202, 0, 0, 117, 7, 64]
1542752077329;[171, 0, 17, 255, 161, 74, 234, 100, 87, 1, 0, 93, 1, 0, 202, 0, 0, 118, 7, 50]
1542752077331;[171, 0, 17, 255, 161, 74, 234, 100, 87, 1, 0, 93, 1, 0, 202, 0, 0, 118, 7, 50]
1542752077333;[171, 0, 17, 255, 161, 74, 234, 100, 87, 1, 0, 92, 1, 0, 204, 0, 0, 117, 7, 16]
1542752077335;[171, 0, 17, 255, 161, 74, 234, 100, 87, 1, 0, 92, 1, 0, 204, 0, 0, 117, 7, 16]
1542752077503;[171, 0, 17, 255, 161, 74, 234, 100, 87, 1, 0, 93, 1, 0, 205, 0, 0, 118, 6, 242]
1542752077505;[171, 0, 17, 255, 161, 74, 234, 100, 87, 1, 0, 93, 1, 0, 205, 0, 0, 118, 6, 242]
1542752077677;[171, 0, 17, 255, 161, 74, 234, 100, 87, 1, 0, 92, 1, 0, 204, 0, 0, 116, 6, 204]
1542752077678;[171, 0, 17, 255, 161, 74, 234, 100, 87, 1, 0, 92, 1, 0, 204, 0, 0, 116, 6, 204]
1542752077680;[171, 0, 17, 255, 161, 74, 234, 100, 87, 1, 0, 93, 1, 0, 203, 0, 0, 118, 6, 205]
1542752077682;[171, 0, 17, 255, 161, 74, 234, 100, 87, 1, 0, 93, 1, 0, 203, 0, 0, 118, 6, 205]
1542752077850;[171, 0, 4, 255, 132, 128, 81]
1542752077853;[171, 0, 4, 255, 132, 128, 81]
1542752077858;[171, 0, 17, 255, 161, 74, 234, 100, 87, 1, 0, 93, 1, 0, 203, 0, 0, 117, 6, 228]
1542752077863;[171, 0, 17, 255, 161, 74, 234, 100, 87, 1, 0, 93, 1, 0, 203, 0, 0, 117, 6, 228]
1542752078193;[171, 0, 17, 255, 161, 74, 234, 100, 87, 1, 0, 90, 1, 0, 204, 0, 0, 117, 6, 220]
1542752078195;[171, 0, 17, 255, 161, 74, 234, 100, 87, 1, 0, 90, 1, 0, 204, 0, 0, 117, 6, 220]
1542752078197;[171, 0, 17, 255, 161, 74, 234, 100, 88, 1, 0, 93, 1, 0, 204, 0, 0, 116, 6, 194]
1542752078200;[171, 0, 17, 255, 161, 74, 234, 100, 88, 1, 0, 93, 1, 0, 204, 0, 0, 116, 6, 194]
1542752078202;[171, 0, 17, 255, 161, 74, 234, 100, 88, 1, 0, 91, 1, 0, 200, 0, 0, 117, 6, 175]
1542752078204;[171, 0, 17, 255, 161, 74, 234, 100, 88, 1, 0, 91, 1, 0, 200, 0, 0, 117, 6, 175]
1542752078390;[171, 0, 17, 255, 161, 74, 234, 100, 88, 1, 0, 91, 1, 0, 203, 0, 0, 117, 6, 142]
1542752078392;[171, 0, 17, 255, 161, 74, 234, 100, 88, 1, 0, 91, 1, 0, 203, 0, 0, 117, 6, 142]
1542752078394;[171, 0, 17, 255, 161, 74, 234, 100, 88, 1, 0, 94, 1, 0, 202, 0, 0, 116, 6, 117]
1542752078396;[171, 0, 17, 255, 161, 74, 234, 100, 88, 1, 0, 94, 1, 0, 202, 0, 0, 116, 6, 117]
1542752078534;[171, 0, 17, 255, 161, 74, 234, 100, 88, 1, 0, 91, 1, 0, 204, 0, 0, 116, 6, 141]
1542752078535;[171, 0, 17, 255, 161, 74, 234, 100, 88, 1, 0, 91, 1, 0, 204, 0, 0, 116, 6, 141]
1542752078536;[171, 0, 17, 255, 161, 74, 234, 100, 88, 1, 0, 91, 1, 0, 204, 0, 0, 119, 6, 161]
1542752078537;[171, 0, 17, 255, 161, 74, 234, 100, 88, 1, 0, 91, 1, 0, 204, 0, 0, 119, 6, 161]
1542752078709;[171, 0, 17, 255, 161, 74, 234, 100, 88, 1, 0, 93, 1, 0, 204, 0, 0, 116, 6, 152]
1542752078711;[171, 0, 17, 255, 161, 74, 234, 100, 88, 1, 0, 93, 1, 0, 204, 0, 0, 116, 6, 152]
1542752078882;[171, 0, 17, 255, 161, 74, 234, 100, 88, 1, 0, 92, 1, 0, 204, 0, 0, 115, 6, 138]
1542752078884;[171, 0, 17, 255, 161, 74, 234, 100, 88, 1, 0, 92, 1, 0, 204, 0, 0, 115, 6, 138]
1542752078886;[171, 0, 4, 255, 132, 128, 81]
1542752078889;[171, 0, 4, 255, 132, 128, 81]
1542752079054;[171, 0, 17, 255, 161, 74, 234, 100, 88, 1, 0, 91, 1, 0, 203, 0, 0, 117, 6, 116]
1542752079056;[171, 0, 17, 255, 161, 74, 234, 100, 88, 1, 0, 91, 1, 0, 203, 0, 0, 117, 6, 116]
1542752079059;[171, 0, 17, 255, 161, 74, 234, 100, 88, 1, 0, 93, 1, 0, 205, 0, 0, 118, 6, 88]
1542752079060;[171, 0, 17, 255, 161, 74, 234, 100, 88, 1, 0, 93, 1, 0, 205, 0, 0, 118, 6, 88]
1542752079401;[171, 0, 17, 255, 161, 74, 234, 100, 89, 1, 0, 94, 1, 0, 205, 0, 0, 116, 6, 95]
1542752079403;[171, 0, 17, 255, 161, 74, 234, 100, 89, 1, 0, 94, 1, 0, 205, 0, 0, 116, 6, 95]
1542752079405;[171, 0, 17, 255, 161, 74, 234, 100, 89, 1, 0, 92, 1, 0, 203, 0, 0, 117, 6, 129]
1542752079407;[171, 0, 17, 255, 161, 74, 234, 100, 89, 1, 0, 92, 1, 0, 203, 0, 0, 117, 6, 129]
1542752079409;[171, 0, 17, 255, 161, 74, 234, 100, 89, 1, 0, 92, 1, 0, 202, 0, 0, 117, 6, 133]
1542752079410;[171, 0, 17, 255, 161, 74, 234, 100, 89, 1, 0, 92, 1, 0, 202, 0, 0, 117, 6, 133]
1542752079572;[171, 0, 17, 255, 161, 74, 234, 100, 89, 1, 0, 92, 1, 0, 203, 0, 0, 116, 6, 122]
1542752079574;[171, 0, 17, 255, 161, 74, 234, 100, 89, 1, 0, 92, 1, 0, 203, 0, 0, 116, 6, 122]
1542752079579;[171, 0, 17, 255, 161, 74, 234, 100, 89, 1, 0, 90, 1, 0, 202, 0, 0, 116, 6, 102]
1542752079581;[171, 0, 17, 255, 161, 74, 234, 100, 89, 1, 0, 90, 1, 0, 202, 0, 0, 116, 6, 102]
1542752079918;[171, 0, 17, 255, 161, 74, 234, 100, 89, 1, 0, 92, 1, 0, 201, 0, 0, 117, 6, 90]
1542752079920;[171, 0, 17, 255, 161, 74, 234, 100, 89, 1, 0, 92, 1, 0, 201, 0, 0, 117, 6, 90]
1542752079922;[171, 0, 17, 255, 161, 74, 234, 100, 89, 1, 0, 94, 1, 0, 203, 0, 0, 117, 6, 63]
1542752079924;[171, 0, 17, 255, 161, 74, 234, 100, 89, 1, 0, 94, 1, 0, 203, 0, 0, 117, 6, 63]
1542752079926;[171, 0, 17, 255, 161, 74, 234, 100, 89, 1, 0, 90, 1, 0, 202, 0, 0, 116, 6, 116]
1542752079928;[171, 0, 17, 255, 161, 74, 234, 100, 89, 1, 0, 90, 1, 0, 202, 0, 0, 116, 6, 116]
1542752080089;[171, 0, 4, 255, 132, 128, 81]
1542752080092;[171, 0, 4, 255, 132, 128, 81]
1542752080095;[171, 0, 17, 255, 161, 74, 234, 100, 89, 1, 0, 91, 1, 0, 206, 0, 0, 116, 6, 138]
1542752080097;[171, 0, 17, 255, 161, 74, 234, 100, 89, 1, 0, 91, 1, 0, 206, 0, 0, 116, 6, 138]
1542752080263;[171, 0, 17, 255, 161, 74, 234, 100, 89, 1, 0, 95, 1, 0, 204, 0, 0, 116, 6, 132]
1542752080265;[171, 0, 17, 255, 161, 74, 234, 100, 89, 1, 0, 95, 1, 0, 204, 0, 0, 116, 6, 132]
1542752080267;[171, 0, 17, 255, 161, 74, 234, 100, 90, 1, 0, 91, 1, 0, 201, 0, 0, 118, 6, 120]
1542752080269;[171, 0, 17, 255, 161, 74, 234, 100, 90, 1, 0, 91, 1, 0, 201, 0, 0, 118, 6, 120]
1542752080779;[171, 0, 17, 255, 161, 74, 234, 100, 90, 1, 0, 94, 1, 0, 204, 0, 0, 118, 6, 107]
1542752080781;[171, 0, 17, 255, 161, 74, 234, 100, 90, 1, 0, 94, 1, 0, 204, 0, 0, 118, 6, 107]
1542752080954;[171, 0, 17, 255, 161, 74, 234, 100, 90, 1, 0, 95, 1, 0, 204, 0, 0, 117, 6, 87]
1542752080957;[171, 0, 17, 255, 161, 74, 234, 100, 90, 1, 0, 95, 1, 0, 204, 0, 0, 117, 6, 87]
