1543001827448;[171, 0, 4, 255, 132, 128, 77]
1543001827456;[171, 0, 17, 255, 161, 74, 240, 58, 23, 1, 0, 16, 0, 0, 10, 1, 0, 248, 8, 188]
1543001827621;[171, 0, 17, 255, 161, 74, 240, 58, 23, 1, 0, 16, 0, 0, 11, 1, 0, 249, 8, 203]
1543001827625;[171, 0, 17, 255, 161, 74, 240, 58, 23, 1, 0, 19, 0, 0, 10, 1, 0, 247, 8, 224]
1543001827793;[171, 0, 17, 255, 161, 74, 240, 58, 23, 1, 0, 17, 0, 0, 9, 1, 0, 248, 8, 217]
1543001827796;[171, 0, 17, 255, 161, 74, 240, 58, 23, 1, 0, 16, 0, 0, 10, 1, 0, 247, 8, 197]
1543001827966;[171, 0, 17, 255, 161, 74, 240, 58, 23, 1, 0, 17, 0, 0, 10, 1, 0, 248, 8, 243]
1543001830101;[171, 0, 17, 255, 161, 74, 240, 58, 23, 1, 0, 16, 0, 0, 12, 1, 0, 249, 9, 111]
1543001830102;[171, 0, 17, 255, 161, 74, 240, 58, 23, 1, 0, 16, 0, 0, 11, 1, 0, 247, 9, 146]
1543001830103;[171, 0, 17, 255, 161, 74, 240, 58, 23, 1, 0, 18, 0, 0, 9, 1, 0, 248, 9, 130]
1543001830104;[171, 0, 17, 255, 161, 74, 240, 58, 24, 1, 0, 17, 0, 0, 11, 1, 0, 247, 9, 72]
1543001830107;[171, 0, 4, 255, 132, 128, 77]
1543001830108;[171, 0, 17, 255, 161, 74, 240, 58, 24, 1, 0, 16, 0, 0, 11, 1, 0, 249, 9, 21]
1543001830121;[171, 0, 17, 255, 161, 74, 240, 58, 24, 1, 0, 18, 0, 0, 10, 1, 0, 248, 8, 207]
1543001830132;[171, 0, 17, 255, 161, 74, 240, 58, 24, 1, 0, 18, 0, 0, 11, 1, 0, 249, 8, 158]
1543001830133;[171, 0, 17, 255, 161, 74, 240, 58, 24, 1, 0, 17, 0, 0, 11, 1, 0, 249, 8, 221]
1543001830143;[171, 0, 17, 255, 161, 74, 240, 58, 24, 1, 0, 18, 0, 0, 11, 1, 0, 249, 9, 95]
1543001830144;[171, 0, 17, 255, 161, 74, 240, 58, 24, 1, 0, 14, 0, 0, 11, 1, 0, 248, 9, 147]
1543001830145;[171, 0, 17, 255, 161, 74, 240, 58, 24, 1, 0, 17, 0, 0, 10, 1, 0, 248, 9, 138]
1543001830176;[171, 0, 17, 255, 161, 74, 240, 58, 24, 1, 0, 17, 0, 0, 10, 1, 0, 247, 9, 86]
1543001830179;[171, 0, 17, 255, 161, 74, 240, 58, 24, 1, 0, 18, 0, 0, 10, 1, 0, 250, 9, 14]
1543001830180;[171, 0, 17, 255, 161, 74, 240, 58, 25, 1, 0, 17, 0, 0, 13, 1, 0, 249, 8, 171]
1543001830180;[171, 0, 4, 255, 132, 128, 77]
1543001830186;[171, 0, 17, 255, 161, 74, 240, 58, 25, 1, 0, 17, 0, 0, 10, 1, 0, 246, 8, 54]
1543001830186;[171, 0, 17, 255, 161, 74, 240, 58, 25, 1, 0, 17, 0, 0, 11, 1, 0, 248, 7, 253]
1543001830187;[171, 0, 17, 255, 161, 74, 240, 58, 25, 1, 0, 16, 0, 0, 10, 1, 0, 249, 8, 43]
1543001830191;[171, 0, 17, 255, 161, 74, 240, 58, 25, 1, 0, 16, 0, 0, 10, 1, 0, 249, 7, 234]
1543001830192;[171, 0, 17, 255, 161, 74, 240, 58, 25, 1, 0, 18, 0, 0, 10, 1, 0, 249, 7, 158]
1543001830209;[171, 0, 17, 255, 161, 74, 240, 58, 25, 1, 0, 16, 0, 0, 9, 1, 0, 249, 7, 69]
1543001830210;[171, 0, 17, 255, 161, 74, 240, 58, 25, 1, 0, 15, 0, 0, 11, 1, 0, 248, 6, 237]
1543001830381;[171, 0, 17, 255, 161, 74, 240, 58, 25, 1, 0, 18, 0, 0, 10, 1, 0, 248, 6, 180]
1543001830384;[171, 0, 17, 255, 161, 74, 240, 58, 25, 1, 0, 17, 0, 0, 12, 1, 0, 249, 6, 135]
1543001830564;[171, 0, 17, 255, 161, 74, 240, 58, 26, 1, 0, 18, 0, 0, 9, 1, 0, 248, 6, 202]
1543001830900;[171, 0, 4, 255, 132, 128, 78]
1543001830904;[171, 0, 17, 255, 161, 74, 240, 58, 26, 1, 0, 16, 0, 0, 13, 1, 0, 247, 6, 211]
1543001830908;[171, 0, 17, 255, 161, 74, 240, 58, 26, 1, 0, 17, 0, 0, 11, 1, 0, 247, 6, 195]
1543001830912;[171, 0, 17, 255, 161, 74, 240, 58, 26, 1, 0, 18, 0, 0, 12, 1, 0, 248, 6, 174]
1543001831070;[171, 0, 17, 255, 161, 74, 240, 58, 26, 1, 0, 18, 0, 0, 10, 1, 0, 248, 6, 243]
1543001831243;[171, 0, 17, 255, 161, 74, 240, 58, 26, 1, 0, 17, 0, 0, 10, 1, 0, 248, 7, 43]
1543001831247;[171, 0, 17, 255, 161, 74, 240, 58, 26, 1, 0, 17, 0, 0, 12, 1, 0, 250, 7, 167]
1543001831416;[171, 0, 17, 255, 161, 74, 240, 58, 26, 1, 0, 16, 0, 0, 10, 1, 0, 248, 8, 107]
1543001831419;[171, 0, 17, 255, 161, 74, 240, 58, 26, 1, 0, 16, 0, 0, 10, 1, 0, 249, 8, 176]
1543001831591;[171, 0, 17, 255, 161, 74, 240, 58, 26, 1, 0, 17, 0, 0, 10, 1, 0, 248, 8, 202]
1543001831593;[171, 0, 17, 255, 161, 74, 240, 58, 27, 1, 0, 17, 0, 0, 12, 1, 0, 248, 8, 210]
1543001831757;[171, 0, 4, 255, 132, 128, 78]
1543001832109;[171, 0, 17, 255, 161, 74, 240, 58, 27, 1, 0, 18, 0, 0, 9, 1, 0, 249, 8, 213]
1543001832113;[171, 0, 17, 255, 161, 74, 240, 58, 27, 1, 0, 17, 0, 0, 9, 1, 0, 248, 8, 228]
1543001832117;[171, 0, 17, 255, 161, 74, 240, 58, 27, 1, 0, 14, 0, 0, 9, 1, 0, 247, 9, 59]
1543001832120;[171, 0, 17, 255, 161, 74, 240, 58, 27, 1, 0, 15, 0, 0, 10, 1, 0, 248, 9, 160]
1543001832278;[171, 0, 17, 255, 161, 74, 240, 58, 27, 1, 0, 14, 0, 0, 10, 1, 0, 248, 9, 204]
1543001832282;[171, 0, 17, 255, 161, 74, 240, 58, 27, 1, 0, 17, 0, 0, 10, 1, 0, 251, 9, 200]
1543001832451;[171, 0, 17, 255, 161, 74, 240, 58, 27, 1, 0, 16, 0, 0, 10, 1, 0, 246, 9, 142]
1543001832623;[171, 0, 17, 255, 161, 74, 240, 58, 27, 1, 0, 16, 0, 0, 9, 1, 0, 248, 9, 121]
1543001832627;[171, 0, 17, 255, 161, 74, 240, 58, 27, 1, 0, 17, 0, 0, 10, 1, 0, 248, 9, 72]
1543001832970;[171, 0, 17, 255, 161, 74, 240, 58, 28, 1, 0, 16, 0, 0, 9, 1, 0, 248, 9, 92]
1543001832974;[171, 0, 4, 255, 132, 128, 78]
1543001832981;[171, 0, 17, 255, 161, 74, 240, 58, 28, 1, 0, 17, 0, 0, 11, 1, 0, 249, 9, 243]
1543001833141;[171, 0, 17, 255, 161, 74, 240, 58, 28, 1, 0, 17, 0, 0, 10, 1, 0, 248, 10, 26]
1543001833144;[171, 0, 17, 255, 161, 74, 240, 58, 28, 1, 0, 17, 0, 0, 10, 1, 0, 248, 10, 2]
1543001833488;[171, 0, 17, 255, 161, 74, 240, 58, 28, 1, 0, 15, 0, 0, 11, 1, 0, 249, 9, 199]
1543001833491;[171, 0, 17, 255, 161, 74, 240, 58, 28, 1, 0, 18, 0, 0, 10, 1, 0, 248, 9, 146]
1543001833495;[171, 0, 17, 255, 161, 74, 240, 58, 28, 1, 0, 17, 0, 0, 11, 1, 0, 247, 9, 75]
1543001833499;[171, 0, 17, 255, 161, 74, 240, 58, 28, 1, 0, 17, 0, 0, 11, 1, 0, 248, 9, 20]
1543001833658;[171, 0, 17, 255, 161, 74, 240, 58, 28, 1, 0, 18, 0, 0, 9, 1, 0, 248, 9, 11]
1543001833831;[171, 0, 17, 255, 161, 74, 240, 58, 28, 1, 0, 17, 0, 0, 10, 1, 0, 248, 9, 52]
1543001833835;[171, 0, 17, 255, 161, 74, 240, 58, 29, 1, 0, 17, 0, 0, 10, 1, 0, 248, 8, 221]
1543001834002;[171, 0, 4, 255, 132, 128, 78]
1543001834007;[171, 0, 17, 255, 161, 74, 240, 58, 29, 1, 0, 15, 0, 0, 8, 1, 0, 248, 8, 64]
1543001834175;[171, 0, 17, 255, 161, 74, 240, 58, 29, 1, 0, 18, 0, 0, 11, 1, 0, 248, 7, 163]
1543001834349;[171, 0, 17, 255, 161, 74, 240, 58, 29, 1, 0, 16, 0, 0, 11, 1, 0, 248, 7, 39]
1543001834353;[171, 0, 17, 255, 161, 74, 240, 58, 29, 1, 0, 16, 0, 0, 13, 1, 0, 249, 6, 173]
1543001834692;[171, 0, 17, 255, 161, 74, 240, 58, 29, 1, 0, 17, 0, 0, 9, 1, 0, 249, 6, 129]
1543001834695;[171, 0, 17, 255, 161, 74, 240, 58, 29, 1, 0, 18, 0, 0, 10, 1, 0, 247, 6, 185]
1543001834697;[171, 0, 17, 255, 161, 74, 240, 58, 29, 1, 0, 16, 0, 0, 12, 1, 0, 250, 6, 157]
1543001834700;[171, 0, 17, 255, 161, 74, 240, 58, 29, 1, 0, 17, 0, 0, 11, 1, 0, 249, 6, 127]
1543001834866;[171, 0, 17, 255, 161, 74, 240, 58, 29, 1, 0, 16, 0, 0, 9, 1, 0, 248, 6, 32]
1543001835038;[171, 0, 17, 255, 161, 74, 240, 58, 30, 1, 0, 15, 0, 0, 9, 1, 0, 249, 5, 243]
1543001835042;[171, 0, 4, 255, 132, 128, 79]
1543001835210;[171, 0, 17, 255, 161, 74, 240, 58, 30, 1, 0, 15, 0, 0, 10, 1, 0, 250, 5, 251]
1543001835216;[171, 0, 17, 255, 161, 74, 240, 58, 30, 1, 0, 18, 0, 0, 11, 1, 0, 249, 6, 135]
1543001835383;[171, 0, 17, 255, 161, 74, 240, 58, 30, 1, 0, 16, 0, 0, 10, 1, 0, 248, 7, 90]
1543001835387;[171, 0, 17, 255, 161, 74, 240, 58, 30, 1, 0, 17, 0, 0, 13, 1, 0, 249, 7, 188]
1543001835556;[171, 0, 17, 255, 161, 74, 240, 58, 30, 1, 0, 18, 0, 0, 9, 1, 0, 248, 7, 221]
1543001835728;[171, 0, 17, 255, 161, 74, 240, 58, 30, 1, 0, 17, 0, 0, 8, 1, 0, 248, 7, 242]
1543001835732;[171, 0, 17, 255, 161, 74, 240, 58, 30, 1, 0, 16, 0, 0, 10, 1, 0, 249, 8, 27]
1543001836079;[171, 0, 17, 255, 161, 74, 240, 58, 30, 1, 0, 16, 0, 0, 9, 1, 0, 249, 8, 86]
1543001836080;[171, 0, 17, 255, 161, 74, 240, 58, 30, 1, 0, 17, 0, 0, 10, 1, 0, 249, 8, 225]
1543001836245;[171, 0, 17, 255, 161, 74, 240, 58, 33, 1, 0, 17, 0, 0, 11, 1, 0, 249, 7, 225]
1543001836249;[171, 0, 17, 255, 161, 74, 240, 58, 33, 1, 0, 18, 0, 0, 10, 1, 0, 249, 7, 203]
1543001836420;[171, 0, 17, 255, 161, 74, 240, 58, 33, 1, 0, 17, 0, 0, 9, 1, 0, 249, 7, 118]
1543001836424;[171, 0, 17, 255, 161, 74, 240, 58, 33, 1, 0, 17, 0, 0, 11, 1, 0, 249, 7, 20]
1543001836590;[171, 0, 17, 255, 161, 74, 240, 58, 33, 1, 0, 17, 0, 0, 9, 1, 0, 248, 6, 222]
1543001836763;[171, 0, 17, 255, 161, 74, 240, 58, 33, 1, 0, 15, 0, 0, 11, 1, 0, 248, 6, 158]
1543001836936;[171, 0, 17, 255, 161, 74, 240, 58, 33, 1, 0, 18, 0, 0, 10, 1, 0, 248, 6, 154]
1543001836939;[171, 0, 17, 255, 161, 74, 240, 58, 33, 1, 0, 14, 0, 0, 10, 1, 0, 247, 6, 244]
1543001837283;[171, 0, 17, 255, 161, 74, 240, 58, 33, 1, 0, 17, 0, 0, 10, 1, 0, 249, 7, 24]
1543001837288;[171, 0, 17, 255, 161, 74, 240, 58, 34, 1, 0, 19, 0, 0, 12, 1, 0, 249, 7, 79]
1543001837291;[171, 0, 4, 255, 132, 128, 80]
1543001837295;[171, 0, 17, 255, 161, 74, 240, 58, 34, 1, 0, 17, 0, 0, 11, 1, 0, 249, 7, 136]
1543001837454;[171, 0, 17, 255, 161, 74, 240, 58, 34, 1, 0, 17, 0, 0, 11, 1, 0, 249, 7, 198]
1543001837626;[171, 0, 17, 255, 161, 74, 240, 58, 34, 1, 0, 15, 0, 0, 9, 1, 0, 248, 8, 11]
1543001837630;[171, 0, 17, 255, 161, 74, 240, 58, 34, 1, 0, 16, 0, 0, 10, 1, 0, 247, 8, 184]
1543001837798;[171, 0, 17, 255, 161, 74, 240, 58, 34, 1, 0, 17, 0, 0, 11, 1, 0, 247, 9, 38]
1543001837802;[171, 0, 17, 255, 161, 74, 240, 58, 34, 1, 0, 16, 0, 0, 10, 1, 0, 249, 9, 81]
1543001837971;[171, 0, 17, 255, 161, 74, 240, 58, 34, 1, 0, 18, 0, 0, 9, 1, 0, 249, 9, 80]
1543001838143;[171, 0, 17, 255, 161, 74, 240, 58, 34, 1, 0, 15, 0, 0, 10, 1, 0, 249, 9, 56]
1543001838147;[171, 0, 17, 255, 161, 74, 240, 58, 34, 1, 0, 17, 0, 0, 10, 1, 0, 247, 9, 44]
1543001838668;[171, 0, 17, 255, 161, 74, 240, 58, 35, 1, 0, 16, 0, 0, 11, 1, 0, 249, 9, 73]
1543001838669;[171, 0, 4, 255, 132, 128, 81]
1543001838678;[171, 0, 17, 255, 161, 74, 240, 58, 35, 1, 0, 15, 0, 0, 10, 1, 0, 248, 9, 186]
1543001838680;[171, 0, 17, 255, 161, 74, 240, 58, 35, 1, 0, 17, 0, 0, 11, 1, 0, 248, 10, 21]
1543001838833;[171, 0, 17, 255, 161, 74, 240, 58, 35, 1, 0, 16, 0, 0, 8, 1, 0, 249, 10, 21]
1543001838837;[171, 0, 17, 255, 161, 74, 240, 58, 35, 1, 0, 18, 0, 0, 10, 1, 0, 248, 9, 227]
1543001838841;[171, 0, 17, 255, 161, 74, 240, 58, 35, 1, 0, 15, 0, 0, 8, 1, 0, 248, 9, 205]
1543001839005;[171, 0, 17, 255, 161, 74, 240, 58, 35, 1, 0, 16, 0, 0, 10, 1, 0, 248, 9, 136]
1543001839009;[171, 0, 17, 255, 161, 74, 240, 58, 35, 1, 0, 17, 0, 0, 11, 1, 0, 248, 9, 110]
1543001839180;[171, 0, 17, 255, 161, 74, 240, 58, 35, 1, 0, 17, 0, 0, 10, 1, 0, 248, 9, 181]
1543001839182;[171, 0, 17, 255, 161, 74, 240, 58, 35, 1, 0, 16, 0, 0, 11, 1, 0, 249, 10, 4]
1543001839349;[171, 0, 17, 255, 161, 74, 240, 58, 36, 1, 0, 16, 0, 0, 11, 1, 0, 247, 9, 197]
1543001839519;[171, 0, 4, 255, 132, 128, 81]
1543001839521;[171, 0, 17, 255, 161, 74, 240, 58, 36, 1, 0, 18, 0, 0, 11, 1, 0, 249, 9, 70]
1543001839869;[171, 0, 17, 255, 161, 74, 240, 58, 36, 1, 0, 16, 0, 0, 12, 1, 0, 248, 8, 190]
1543001839874;[171, 0, 17, 255, 161, 74, 240, 58, 36, 1, 0, 18, 0, 0, 13, 1, 0, 249, 8, 65]
1543001839878;[171, 0, 17, 255, 161, 74, 240, 58, 36, 1, 0, 18, 0, 0, 11, 1, 0, 249, 7, 212]
1543001840040;[171, 0, 17, 255, 161, 74, 240, 58, 36, 1, 0, 17, 0, 0, 10, 1, 0, 247, 7, 155]
1543001840044;[171, 0, 17, 255, 161, 74, 240, 58, 36, 1, 0, 17, 0, 0, 13, 1, 0, 247, 7, 210]
1543001840214;[171, 0, 17, 255, 161, 74, 240, 58, 36, 1, 0, 18, 0, 0, 10, 1, 0, 249, 7, 229]
1543001840218;[171, 0, 17, 255, 161, 74, 240, 58, 36, 1, 0, 18, 0, 0, 11, 1, 0, 249, 7, 172]
1543001840386;[171, 0, 17, 255, 161, 74, 240, 58, 36, 1, 0, 17, 0, 0, 12, 1, 0, 249, 7, 114]
1543001840390;[171, 0, 17, 255, 161, 74, 240, 58, 37, 1, 0, 17, 0, 0, 10, 1, 0, 247, 7, 99]
1543001840558;[171, 0, 4, 255, 132, 128, 81]
1543001840730;[171, 0, 17, 255, 161, 74, 240, 58, 37, 1, 0, 16, 0, 0, 11, 1, 0, 250, 7, 96]
1543001840734;[171, 0, 17, 255, 161, 74, 240, 58, 37, 1, 0, 17, 0, 0, 10, 1, 0, 247, 7, 195]
1543001841076;[171, 0, 17, 255, 161, 74, 240, 58, 37, 1, 0, 17, 0, 0, 12, 1, 0, 249, 8, 160]
1543001841086;[171, 0, 17, 255, 161, 74, 240, 58, 37, 1, 0, 16, 0, 0, 12, 1, 0, 249, 9, 8]
1543001841088;[171, 0, 17, 255, 161, 74, 240, 58, 37, 1, 0, 15, 0, 0, 8, 1, 0, 248, 9, 58]
1543001841248;[171, 0, 17, 255, 161, 74, 240, 58, 37, 1, 0, 16, 0, 0, 11, 1, 0, 248, 9, 79]
1543001841252;[171, 0, 17, 255, 161, 74, 240, 58, 37, 1, 0, 17, 0, 0, 10, 1, 0, 248, 9, 87]
1543001841421;[171, 0, 17, 255, 161, 74, 240, 58, 37, 1, 0, 15, 0, 0, 10, 1, 0, 247, 9, 129]
1543001841425;[171, 0, 17, 255, 161, 74, 240, 58, 37, 1, 0, 17, 0, 0, 12, 1, 0, 246, 9, 240]
1543001841594;[171, 0, 17, 255, 161, 74, 240, 58, 38, 1, 0, 16, 0, 0, 11, 1, 0, 247, 10, 118]
1543001841597;[171, 0, 4, 255, 132, 128, 82]
1543001841765;[171, 0, 17, 255, 161, 74, 240, 58, 38, 1, 0, 16, 0, 0, 11, 1, 0, 247, 10, 135]
1543001841938;[171, 0, 17, 255, 161, 74, 240, 58, 38, 1, 0, 17, 0, 0, 10, 1, 0, 248, 10, 105]
1543001841942;[171, 0, 17, 255, 161, 74, 240, 58, 38, 1, 0, 16, 0, 0, 11, 1, 0, 247, 10, 70]
1543001842112;[171, 0, 17, 255, 161, 74, 240, 58, 38, 1, 0, 16, 0, 0, 12, 1, 0, 249, 10, 36]
1543001842114;[171, 0, 17, 255, 161, 74, 240, 58, 38, 1, 0, 17, 0, 0, 11, 1, 0, 247, 10, 19]
1543001842457;[171, 0, 17, 255, 161, 74, 240, 58, 38, 1, 0, 15, 0, 0, 10, 1, 0, 248, 10, 93]
1543001842461;[171, 0, 17, 255, 161, 74, 240, 58, 38, 1, 0, 18, 0, 0, 10, 1, 0, 248, 10, 228]
1543001842465;[171, 0, 17, 255, 161, 74, 240, 58, 38, 1, 0, 16, 0, 0, 10, 1, 0, 249, 10, 202]
1543001842628;[171, 0, 17, 255, 161, 74, 240, 58, 38, 1, 0, 17, 0, 0, 9, 1, 0, 250, 10, 178]
1543001842632;[171, 0, 17, 255, 161, 74, 240, 58, 39, 1, 0, 17, 0, 0, 9, 1, 0, 249, 10, 123]
1543001842800;[171, 0, 4, 255, 132, 128, 82]
1543001842804;[171, 0, 17, 255, 161, 74, 240, 58, 39, 1, 0, 15, 0, 0, 11, 1, 0, 248, 10, 69]
1543001842973;[171, 0, 17, 255, 161, 74, 240, 58, 39, 1, 0, 18, 0, 0, 11, 1, 0, 249, 10, 15]
1543001843146;[171, 0, 17, 255, 161, 74, 240, 58, 39, 1, 0, 19, 0, 0, 11, 1, 0, 249, 9, 224]
1543001843149;[171, 0, 17, 255, 161, 74, 240, 58, 39, 1, 0, 16, 0, 0, 10, 1, 0, 248, 9, 252]
1543001843315;[171, 0, 17, 255, 161, 74, 240, 58, 39, 1, 0, 17, 0, 0, 11, 1, 0, 248, 10, 127]
1543001843318;[171, 0, 17, 255, 161, 74, 240, 58, 39, 1, 0, 16, 0, 0, 10, 1, 0, 247, 10, 103]
1543001843660;[171, 0, 17, 255, 161, 74, 240, 58, 39, 1, 0, 16, 0, 0, 10, 1, 0, 249, 9, 241]
1543001843663;[171, 0, 17, 255, 161, 74, 240, 58, 39, 1, 0, 15, 0, 0, 11, 1, 0, 248, 9, 108]
1543001843667;[171, 0, 17, 255, 161, 74, 240, 58, 39, 1, 0, 17, 0, 0, 9, 1, 0, 249, 8, 240]
1543001843836;[171, 0, 17, 255, 161, 74, 240, 58, 40, 1, 0, 17, 0, 0, 10, 1, 0, 248, 8, 91]
1543001843839;[171, 0, 4, 255, 132, 128, 82]
1543001844009;[171, 0, 17, 255, 161, 74, 240, 58, 40, 1, 0, 17, 0, 0, 10, 1, 0, 249, 8, 37]
1543001844012;[171, 0, 17, 255, 161, 74, 240, 58, 40, 1, 0, 17, 0, 0, 10, 1, 0, 249, 8, 42]
1543001844182;[171, 0, 17, 255, 161, 74, 240, 58, 40, 1, 0, 16, 0, 0, 9, 1, 0, 249, 8, 97]
1543001844186;[171, 0, 17, 255, 161, 74, 240, 58, 40, 1, 0, 18, 0, 0, 9, 1, 0, 247, 8, 77]
1543001844353;[171, 0, 17, 255, 161, 74, 240, 58, 40, 1, 0, 17, 0, 0, 12, 1, 0, 248, 8, 11]
1543001844526;[171, 0, 17, 255, 161, 74, 240, 58, 40, 1, 0, 16, 0, 0, 8, 1, 0, 248, 7, 234]
1543001844530;[171, 0, 17, 255, 161, 74, 240, 58, 40, 1, 0, 18, 0, 0, 12, 1, 0, 247, 7, 192]
1543001844699;[171, 0, 17, 255, 161, 74, 240, 58, 40, 1, 0, 17, 0, 0, 9, 1, 0, 247, 7, 180]
1543001844705;[171, 0, 17, 255, 161, 74, 240, 58, 40, 1, 0, 15, 0, 0, 9, 1, 0, 248, 8, 27]
1543001845042;[171, 0, 17, 255, 161, 74, 240, 58, 41, 1, 0, 16, 0, 0, 10, 1, 0, 248, 8, 141]
1543001845044;[171, 0, 4, 255, 132, 128, 82]
1543001845047;[171, 0, 17, 255, 161, 74, 240, 58, 41, 1, 0, 16, 0, 0, 10, 1, 0, 249, 8, 249]
1543001845215;[171, 0, 17, 255, 161, 74, 240, 58, 41, 1, 0, 16, 0, 0, 11, 1, 0, 248, 9, 90]
1543001845219;[171, 0, 17, 255, 161, 74, 240, 58, 41, 1, 0, 17, 0, 0, 10, 1, 0, 249, 9, 176]
1543001845395;[171, 0, 17, 255, 161, 74, 240, 58, 41, 1, 0, 19, 0, 0, 10, 1, 0, 249, 9, 219]
1543001845397;[171, 0, 17, 255, 161, 74, 240, 58, 41, 1, 0, 16, 0, 0, 10, 1, 0, 247, 10, 71]
1543001845561;[171, 0, 17, 255, 161, 74, 240, 58, 41, 1, 0, 13, 0, 0, 9, 1, 0, 250, 10, 233]
1543001845733;[171, 0, 17, 255, 161, 74, 240, 58, 41, 1, 0, 18, 0, 0, 12, 1, 0, 249, 11, 18]
1543001845738;[171, 0, 17, 255, 161, 74, 240, 58, 41, 1, 0, 17, 0, 0, 12, 1, 0, 248, 11, 8]
1543001845906;[171, 0, 17, 255, 161, 74, 240, 58, 41, 1, 0, 17, 0, 0, 14, 1, 0, 248, 10, 231]
1543001845910;[171, 0, 17, 255, 161, 74, 240, 58, 42, 1, 0, 17, 0, 0, 11, 1, 0, 248, 10, 186]
1543001846256;[171, 0, 4, 255, 132, 128, 82]
1543001846260;[171, 0, 17, 255, 161, 74, 240, 58, 42, 1, 0, 17, 0, 0, 11, 1, 0, 248, 10, 173]
1543001846265;[171, 0, 17, 255, 161, 74, 240, 58, 42, 1, 0, 15, 0, 0, 11, 1, 0, 249, 10, 205]
1543001846425;[171, 0, 17, 255, 161, 74, 240, 58, 42, 1, 0, 17, 0, 0, 9, 1, 0, 249, 11, 67]
1543001846428;[171, 0, 17, 255, 161, 74, 240, 58, 42, 1, 0, 17, 0, 0, 9, 1, 0, 247, 11, 120]
1543001846597;[171, 0, 17, 255, 161, 74, 240, 58, 42, 1, 0, 15, 0, 0, 12, 1, 0, 249, 11, 69]
1543001846600;[171, 0, 17, 255, 161, 74, 240, 58, 42, 1, 0, 16, 0, 0, 11, 1, 0, 247, 11, 20]
1543001846767;[171, 0, 17, 255, 161, 74, 240, 58, 42, 1, 0, 18, 0, 0, 9, 1, 0, 249, 10, 235]
1543001846941;[171, 0, 17, 255, 161, 74, 240, 58, 42, 1, 0, 17, 0, 0, 11, 1, 0, 247, 10, 168]
1543001846945;[171, 0, 17, 255, 161, 74, 240, 58, 42, 1, 0, 19, 0, 0, 10, 1, 0, 248, 10, 169]
1543001847113;[171, 0, 17, 255, 161, 74, 240, 58, 43, 1, 0, 16, 0, 0, 11, 1, 0, 247, 11, 40]
1543001847117;[171, 0, 4, 255, 132, 128, 83]
1543001847632;[171, 0, 17, 255, 161, 74, 240, 58, 43, 1, 0, 17, 0, 0, 10, 1, 0, 248, 11, 82]
1543001847635;[171, 0, 17, 255, 161, 74, 240, 58, 43, 1, 0, 16, 0, 0, 13, 1, 0, 248, 11, 45]
1543001847640;[171, 0, 17, 255, 161, 74, 240, 58, 43, 1, 0, 17, 0, 0, 12, 1, 0, 247, 11, 0]
1543001847644;[171, 0, 17, 255, 161, 74, 240, 58, 43, 1, 0, 15, 0, 0, 9, 1, 0, 246, 10, 161]
1543001847803;[171, 0, 17, 255, 161, 74, 240, 58, 43, 1, 0, 18, 0, 0, 10, 1, 0, 248, 10, 43]
1543001847806;[171, 0, 17, 255, 161, 74, 240, 58, 43, 1, 0, 17, 0, 0, 12, 1, 0, 249, 9, 178]
1543001847811;[171, 0, 17, 255, 161, 74, 240, 58, 43, 1, 0, 17, 0, 0, 12, 1, 0, 247, 9, 158]
1543001847976;[171, 0, 17, 255, 161, 74, 240, 58, 43, 1, 0, 15, 0, 0, 10, 1, 0, 248, 9, 208]
1543001848149;[171, 0, 17, 255, 161, 74, 240, 58, 43, 1, 0, 17, 0, 0, 9, 1, 0, 247, 9, 148]
1543001848153;[171, 0, 17, 255, 161, 74, 240, 58, 44, 1, 0, 15, 0, 0, 10, 1, 0, 248, 9, 31]
1543001848333;[171, 0, 4, 255, 132, 128, 83]
1543001848335;[171, 0, 17, 255, 161, 74, 240, 58, 44, 1, 0, 17, 0, 0, 10, 1, 0, 249, 8, 217]
1543001848494;[171, 0, 17, 255, 161, 74, 240, 58, 44, 1, 0, 17, 0, 0, 11, 1, 0, 249, 8, 145]
1543001848498;[171, 0, 17, 255, 161, 74, 240, 58, 44, 1, 0, 16, 0, 0, 9, 1, 0, 248, 8, 84]
1543001848840;[171, 0, 17, 255, 161, 74, 240, 58, 44, 1, 0, 17, 0, 0, 9, 1, 0, 247, 8, 89]
1543001848847;[171, 0, 17, 255, 161, 74, 240, 58, 44, 1, 0, 17, 0, 0, 8, 1, 0, 247, 8, 174]
1543001848849;[171, 0, 17, 255, 161, 74, 240, 58, 44, 1, 0, 17, 0, 0, 12, 1, 0, 247, 8, 138]
1543001849011;[171, 0, 17, 255, 161, 74, 240, 58, 44, 1, 0, 16, 0, 0, 10, 1, 0, 248, 8, 140]
1543001849017;[171, 0, 17, 255, 161, 74, 240, 58, 44, 1, 0, 17, 0, 0, 12, 1, 0, 248, 8, 150]
1543001849184;[171, 0, 17, 255, 161, 74, 240, 58, 44, 1, 0, 14, 0, 0, 11, 1, 0, 248, 8, 241]
1543001849188;[171, 0, 17, 255, 161, 74, 240, 58, 45, 1, 0, 17, 0, 0, 12, 1, 0, 249, 9, 97]
1543001849356;[171, 0, 4, 255, 132, 128, 83]
1543001849528;[171, 0, 17, 255, 161, 74, 240, 58, 45, 1, 0, 17, 0, 0, 10, 1, 0, 249, 10, 7]
1543001849531;[171, 0, 17, 255, 161, 74, 240, 58, 45, 1, 0, 17, 0, 0, 12, 1, 0, 248, 10, 166]
1543001849704;[171, 0, 17, 255, 161, 74, 240, 58, 45, 1, 0, 17, 0, 0, 9, 1, 0, 248, 10, 187]
1543001849709;[171, 0, 17, 255, 161, 74, 240, 58, 45, 1, 0, 16, 0, 0, 10, 1, 0, 247, 10, 179]
1543001850045;[171, 0, 17, 255, 161, 74, 240, 58, 45, 1, 0, 18, 0, 0, 11, 1, 0, 248, 10, 151]
1543001850051;[171, 0, 17, 255, 161, 74, 240, 58, 45, 1, 0, 16, 0, 0, 11, 1, 0, 247, 10, 135]
1543001850053;[171, 0, 17, 255, 161, 74, 240, 58, 45, 1, 0, 18, 0, 0, 11, 1, 0, 247, 10, 138]
1543001850236;[171, 0, 17, 255, 161, 74, 240, 58, 45, 1, 0, 20, 0, 0, 11, 1, 0, 249, 11, 14]
1543001850238;[171, 0, 17, 255, 161, 74, 240, 58, 45, 1, 0, 17, 0, 0, 12, 1, 0, 247, 11, 81]
1543001850391;[171, 0, 17, 255, 161, 74, 240, 58, 46, 1, 0, 15, 0, 0, 10, 1, 0, 246, 11, 57]
1543001850395;[171, 0, 4, 255, 132, 128, 83]
1543001850571;[171, 0, 17, 255, 161, 74, 240, 58, 46, 1, 0, 16, 0, 0, 10, 1, 0, 248, 11, 10]
1543001850737;[171, 0, 17, 255, 161, 74, 240, 58, 46, 1, 0, 17, 0, 0, 11, 1, 0, 249, 10, 221]
1543001850741;[171, 0, 17, 255, 161, 74, 240, 58, 46, 1, 0, 16, 0, 0, 10, 1, 0, 250, 10, 165]
1543001850908;[171, 0, 17, 255, 161, 74, 240, 58, 46, 1, 0, 15, 0, 0, 10, 1, 0, 249, 10, 161]
1543001850912;[171, 0, 17, 255, 161, 74, 240, 58, 46, 1, 0, 18, 0, 0, 8, 1, 0, 248, 11, 5]
1543001851080;[171, 0, 17, 255, 161, 74, 240, 58, 46, 1, 0, 15, 0, 0, 11, 1, 0, 248, 11, 70]
1543001851084;[171, 0, 17, 255, 161, 74, 240, 58, 46, 1, 0, 16, 0, 0, 11, 1, 0, 249, 11, 45]
1543001851427;[171, 0, 17, 255, 161, 74, 240, 58, 46, 1, 0, 19, 0, 0, 10, 1, 0, 248, 10, 225]
1543001851430;[171, 0, 17, 255, 161, 74, 240, 58, 46, 1, 0, 17, 0, 0, 10, 1, 0, 248, 10, 175]
1543001851434;[171, 0, 17, 255, 161, 74, 240, 58, 47, 1, 0, 16, 0, 0, 11, 1, 0, 248, 10, 118]
1543001851598;[171, 0, 4, 255, 132, 128, 83]
1543001851604;[171, 0, 17, 255, 161, 74, 240, 58, 47, 1, 0, 15, 0, 0, 12, 1, 0, 247, 10, 42]
1543001851771;[171, 0, 17, 255, 161, 74, 240, 58, 47, 1, 0, 16, 0, 0, 12, 1, 0, 248, 10, 60]
1543001851944;[171, 0, 17, 255, 161, 74, 240, 58, 47, 1, 0, 18, 0, 0, 10, 1, 0, 248, 10, 185]
1543001851948;[171, 0, 17, 255, 161, 74, 240, 58, 47, 1, 0, 17, 0, 0, 10, 1, 0, 249, 10, 196]
1543001852289;[171, 0, 17, 255, 161, 74, 240, 58, 47, 1, 0, 16, 0, 0, 10, 1, 0, 250, 10, 149]
1543001852292;[171, 0, 17, 255, 161, 74, 240, 58, 47, 1, 0, 18, 0, 0, 10, 1, 0, 249, 10, 90]
1543001852295;[171, 0, 17, 255, 161, 74, 240, 58, 47, 1, 0, 16, 0, 0, 11, 1, 0, 247, 10, 19]
1543001852299;[171, 0, 17, 255, 161, 74, 240, 58, 47, 1, 0, 17, 0, 0, 10, 1, 0, 249, 9, 210]
1543001852635;[171, 0, 17, 255, 161, 74, 240, 58, 47, 1, 0, 16, 0, 0, 11, 1, 0, 248, 9, 130]
1543001852639;[171, 0, 17, 255, 161, 74, 240, 58, 48, 1, 0, 18, 0, 0, 10, 1, 0, 248, 9, 114]
1543001852642;[171, 0, 4, 255, 132, 128, 83]
1543001852807;[171, 0, 17, 255, 161, 74, 240, 58, 48, 1, 0, 18, 0, 0, 9, 1, 0, 249, 9, 186]
1543001852811;[171, 0, 17, 255, 161, 74, 240, 58, 48, 1, 0, 15, 0, 0, 11, 1, 0, 248, 9, 114]
1543001852978;[171, 0, 17, 255, 161, 74, 240, 58, 48, 1, 0, 16, 0, 0, 10, 1, 0, 249, 8, 252]
1543001852982;[171, 0, 17, 255, 161, 74, 240, 58, 48, 1, 0, 16, 0, 0, 9, 1, 0, 247, 8, 166]
1543001853150;[171, 0, 17, 255, 161, 74, 240, 58, 48, 1, 0, 17, 0, 0, 9, 1, 0, 247, 8, 46]
1543001853329;[171, 0, 17, 255, 161, 74, 240, 58, 48, 1, 0, 18, 0, 0, 11, 1, 0, 247, 7, 207]
1543001853330;[171, 0, 17, 255, 161, 74, 240, 58, 48, 1, 0, 15, 0, 0, 11, 1, 0, 246, 7, 166]
1543001853496;[171, 0, 17, 255, 161, 74, 240, 58, 48, 1, 0, 16, 0, 0, 11, 1, 0, 248, 7, 227]
1543001853499;[171, 0, 17, 255, 161, 74, 240, 58, 48, 1, 0, 17, 0, 0, 12, 1, 0, 248, 8, 33]
1543001854015;[171, 0, 17, 255, 161, 74, 240, 58, 49, 1, 0, 17, 0, 0, 9, 1, 0, 247, 8, 46]
1543001854019;[171, 0, 4, 255, 132, 128, 83]
1543001854025;[171, 0, 17, 255, 161, 74, 240, 58, 49, 1, 0, 16, 0, 0, 12, 1, 0, 247, 8, 35]
1543001854028;[171, 0, 17, 255, 161, 74, 240, 58, 49, 1, 0, 18, 0, 0, 9, 1, 0, 249, 8, 129]
1543001854187;[171, 0, 17, 255, 161, 74, 240, 58, 49, 1, 0, 16, 0, 0, 8, 1, 0, 248, 8, 181]
1543001854191;[171, 0, 17, 255, 161, 74, 240, 58, 49, 1, 0, 16, 0, 0, 12, 1, 0, 250, 8, 254]
1543001854194;[171, 0, 17, 255, 161, 74, 240, 58, 49, 1, 0, 16, 0, 0, 12, 1, 0, 247, 9, 131]
1543001854358;[171, 0, 17, 255, 161, 74, 240, 58, 49, 1, 0, 18, 0, 0, 10, 1, 0, 248, 9, 249]
1543001854530;[171, 0, 17, 255, 161, 74, 240, 58, 49, 1, 0, 17, 0, 0, 10, 1, 0, 249, 9, 247]
1543001854534;[171, 0, 17, 255, 161, 74, 240, 58, 49, 1, 0, 17, 0, 0, 11, 1, 0, 248, 9, 233]
1543001854702;[171, 0, 17, 255, 161, 74, 240, 58, 49, 1, 0, 16, 0, 0, 11, 1, 0, 248, 9, 206]
1543001854706;[171, 0, 17, 255, 161, 74, 240, 58, 50, 1, 0, 15, 0, 0, 10, 1, 0, 248, 9, 158]
1543001854875;[171, 0, 4, 255, 132, 128, 82]
1543001855224;[171, 0, 17, 255, 161, 74, 240, 58, 50, 1, 0, 18, 0, 0, 9, 1, 0, 249, 9, 123]
1543001855228;[171, 0, 17, 255, 161, 74, 240, 58, 50, 1, 0, 15, 0, 0, 10, 1, 0, 248, 9, 132]
1543001855231;[171, 0, 17, 255, 161, 74, 240, 58, 50, 1, 0, 17, 0, 0, 10, 1, 0, 249, 9, 250]
1543001855235;[171, 0, 17, 255, 161, 74, 240, 58, 50, 1, 0, 17, 0, 0, 11, 1, 0, 246, 10, 78]
1543001855394;[171, 0, 17, 255, 161, 74, 240, 58, 50, 1, 0, 18, 0, 0, 12, 1, 0, 245, 10, 52]
1543001855398;[171, 0, 17, 255, 161, 74, 240, 58, 50, 1, 0, 17, 0, 0, 11, 1, 0, 249, 10, 12]
1543001855565;[171, 0, 17, 255, 161, 74, 240, 58, 50, 1, 0, 16, 0, 0, 10, 1, 0, 250, 9, 224]
1543001855737;[171, 0, 17, 255, 161, 74, 240, 58, 50, 1, 0, 16, 0, 0, 9, 1, 0, 248, 9, 173]
1543001855740;[171, 0, 17, 255, 161, 74, 240, 58, 50, 1, 0, 18, 0, 0, 11, 1, 0, 247, 9, 137]
1543001855911;[171, 0, 17, 255, 161, 74, 240, 58, 51, 1, 0, 17, 0, 0, 9, 1, 0, 248, 9, 187]
1543001855915;[171, 0, 4, 255, 132, 128, 82]
1543001856083;[171, 0, 17, 255, 161, 74, 240, 58, 51, 1, 0, 17, 0, 0, 14, 1, 0, 248, 10, 43]
1543001856087;[171, 0, 17, 255, 161, 74, 240, 58, 51, 1, 0, 18, 0, 0, 10, 1, 0, 248, 10, 33]
1543001856426;[171, 0, 17, 255, 161, 74, 240, 58, 51, 1, 0, 17, 0, 0, 10, 1, 0, 247, 9, 198]
1543001856428;[171, 0, 17, 255, 161, 74, 240, 58, 51, 1, 0, 15, 0, 0, 11, 1, 0, 247, 9, 83]
1543001856430;[171, 0, 17, 255, 161, 74, 240, 58, 51, 1, 0, 15, 0, 0, 11, 1, 0, 249, 8, 229]
1543001856600;[171, 0, 17, 255, 161, 74, 240, 58, 51, 1, 0, 16, 0, 0, 11, 1, 0, 249, 8, 69]
1543001856603;[171, 0, 17, 255, 161, 74, 240, 58, 51, 1, 0, 16, 0, 0, 9, 1, 0, 249, 7, 225]
1543001856773;[171, 0, 17, 255, 161, 74, 240, 58, 51, 1, 0, 18, 0, 0, 10, 1, 0, 248, 7, 191]
1543001856947;[171, 0, 17, 255, 161, 74, 240, 58, 51, 1, 0, 17, 0, 0, 9, 1, 0, 248, 7, 176]
1543001856951;[171, 0, 17, 255, 161, 74, 240, 58, 52, 1, 0, 15, 0, 0, 9, 1, 0, 249, 7, 108]
1543001857120;[171, 0, 4, 255, 132, 128, 82]
1543001857122;[171, 0, 17, 255, 161, 74, 240, 58, 52, 1, 0, 17, 0, 0, 9, 1, 0, 247, 7, 22]
1543001857289;[171, 0, 17, 255, 161, 74, 240, 58, 52, 1, 0, 16, 0, 0, 10, 1, 0, 246, 6, 208]
1543001857292;[171, 0, 17, 255, 161, 74, 240, 58, 52, 1, 0, 16, 0, 0, 9, 1, 0, 247, 6, 144]
1543001857463;[171, 0, 17, 255, 161, 74, 240, 58, 52, 1, 0, 16, 0, 0, 11, 1, 0, 247, 6, 90]
1543001857811;[171, 0, 17, 255, 161, 74, 240, 58, 52, 1, 0, 17, 0, 0, 9, 1, 0, 248, 6, 77]
1543001857815;[171, 0, 17, 255, 161, 74, 240, 58, 52, 1, 0, 18, 0, 0, 10, 1, 0, 247, 6, 205]
1543001857820;[171, 0, 17, 255, 161, 74, 240, 58, 52, 1, 0, 17, 0, 0, 10, 1, 0, 249, 7, 58]
1543001857824;[171, 0, 17, 255, 161, 74, 240, 58, 52, 1, 0, 16, 0, 0, 10, 1, 0, 246, 7, 145]
1543001857980;[171, 0, 17, 255, 161, 74, 240, 58, 52, 1, 0, 17, 0, 0, 8, 1, 0, 248, 7, 235]
1543001858155;[171, 0, 17, 255, 161, 74, 240, 58, 55, 1, 0, 19, 0, 0, 10, 1, 0, 248, 8, 198]
1543001858326;[171, 0, 17, 255, 161, 74, 240, 58, 55, 1, 0, 15, 0, 0, 12, 1, 0, 250, 8, 66]
1543001858332;[171, 0, 17, 255, 161, 74, 240, 58, 55, 1, 0, 15, 0, 0, 10, 1, 0, 249, 7, 165]
1543001858498;[171, 0, 17, 255, 161, 74, 240, 58, 55, 1, 0, 16, 0, 0, 8, 1, 0, 248, 7, 24]
1543001858671;[171, 0, 17, 255, 161, 74, 240, 58, 55, 1, 0, 15, 0, 0, 11, 1, 0, 248, 6, 172]
1543001859018;[171, 0, 17, 255, 161, 74, 240, 58, 55, 1, 0, 16, 0, 0, 9, 1, 0, 248, 6, 154]
1543001859022;[171, 0, 17, 255, 161, 74, 240, 58, 55, 1, 0, 17, 0, 0, 11, 1, 0, 249, 6, 188]
1543001859025;[171, 0, 17, 255, 161, 74, 240, 58, 55, 1, 0, 16, 0, 0, 11, 1, 0, 250, 6, 171]
1543001859032;[171, 0, 17, 255, 161, 74, 240, 58, 55, 1, 0, 16, 0, 0, 11, 1, 0, 247, 6, 94]
1543001859189;[171, 0, 17, 255, 161, 74, 240, 58, 56, 1, 0, 15, 0, 0, 9, 1, 0, 248, 6, 38]
1543001859192;[171, 0, 4, 255, 132, 128, 81]
1543001859360;[171, 0, 17, 255, 161, 74, 240, 58, 56, 1, 0, 16, 0, 0, 11, 1, 0, 249, 5, 255]
1543001859535;[171, 0, 17, 255, 161, 74, 240, 58, 56, 1, 0, 15, 0, 0, 9, 1, 0, 248, 5, 209]
1543001859539;[171, 0, 17, 255, 161, 74, 240, 58, 56, 1, 0, 16, 0, 0, 9, 1, 0, 249, 6, 15]
1543001859705;[171, 0, 17, 255, 161, 74, 240, 58, 56, 1, 0, 18, 0, 0, 10, 1, 0, 248, 7, 4]
1543001859709;[171, 0, 17, 255, 161, 74, 240, 58, 56, 1, 0, 15, 0, 0, 9, 1, 0, 248, 7, 179]
1543001859878;[171, 0, 17, 255, 161, 74, 240, 58, 56, 1, 0, 17, 0, 0, 11, 1, 0, 249, 8, 14]
1543001859882;[171, 0, 17, 255, 161, 74, 240, 58, 56, 1, 0, 16, 0, 0, 12, 1, 0, 247, 8, 53]
1543001860051;[171, 0, 17, 255, 161, 74, 240, 58, 56, 1, 0, 18, 0, 0, 11, 1, 0, 247, 8, 76]
1543001860395;[171, 0, 17, 255, 161, 74, 240, 58, 56, 1, 0, 15, 0, 0, 10, 1, 0, 248, 8, 99]
1543001860398;[171, 0, 17, 255, 161, 74, 240, 58, 57, 1, 0, 16, 0, 0, 9, 1, 0, 247, 8, 170]
1543001860400;[171, 0, 4, 255, 132, 128, 81]
1543001860403;[171, 0, 17, 255, 161, 74, 240, 58, 57, 1, 0, 17, 0, 0, 12, 1, 0, 247, 9, 46]
1543001860569;[171, 0, 17, 255, 161, 74, 240, 58, 57, 1, 0, 16, 0, 0, 8, 1, 0, 248, 9, 125]
1543001860914;[171, 0, 17, 255, 161, 74, 240, 58, 57, 1, 0, 20, 0, 0, 9, 1, 0, 247, 9, 96]
1543001861088;[171, 0, 17, 255, 161, 74, 240, 58, 57, 1, 0, 17, 0, 0, 10, 1, 0, 249, 9, 89]
1543001861093;[171, 0, 17, 255, 161, 74, 240, 58, 57, 1, 0, 16, 0, 0, 12, 1, 0, 247, 9, 44]
1543001861097;[171, 0, 17, 255, 161, 74, 240, 58, 57, 1, 0, 17, 0, 0, 11, 1, 0, 249, 8, 244]
1543001861101;[171, 0, 17, 255, 161, 74, 240, 58, 57, 1, 0, 18, 0, 0, 11, 1, 0, 249, 8, 194]
1543001861258;[171, 0, 17, 255, 161, 74, 240, 58, 57, 1, 0, 16, 0, 0, 10, 1, 0, 248, 8, 215]
1543001861262;[171, 0, 17, 255, 161, 74, 240, 58, 57, 1, 0, 16, 0, 0, 10, 1, 0, 248, 9, 86]
1543001861605;[171, 0, 17, 255, 161, 74, 240, 58, 58, 1, 0, 16, 0, 0, 11, 1, 0, 248, 9, 139]
1543001861609;[171, 0, 4, 255, 132, 128, 81]
1543001861613;[171, 0, 17, 255, 161, 74, 240, 58, 58, 1, 0, 17, 0, 0, 12, 1, 0, 248, 9, 121]
1543001861616;[171, 0, 17, 255, 161, 74, 240, 58, 58, 1, 0, 19, 0, 0, 12, 1, 0, 249, 9, 57]
1543001861775;[171, 0, 17, 255, 161, 74, 240, 58, 58, 1, 0, 15, 0, 0, 10, 1, 0, 247, 9, 42]
1543001861948;[171, 0, 17, 255, 161, 74, 240, 58, 58, 1, 0, 18, 0, 0, 11, 1, 0, 248, 8, 218]
1543001861953;[171, 0, 17, 255, 161, 74, 240, 58, 58, 1, 0, 17, 0, 0, 11, 1, 0, 249, 8, 158]
1543001862121;[171, 0, 17, 255, 161, 74, 240, 58, 58, 1, 0, 15, 0, 0, 10, 1, 0, 248, 8, 89]
1543001862125;[171, 0, 17, 255, 161, 74, 240, 58, 58, 1, 0, 16, 0, 0, 10, 1, 0, 247, 8, 121]
1543001862295;[171, 0, 17, 255, 161, 74, 240, 58, 58, 1, 0, 17, 0, 0, 11, 1, 0, 246, 8, 196]
1543001862297;[171, 0, 17, 255, 161, 74, 240, 58, 58, 1, 0, 17, 0, 0, 9, 1, 0, 249, 8, 177]
1543001862465;[171, 0, 17, 255, 161, 74, 240, 58, 59, 1, 0, 16, 0, 0, 8, 1, 0, 248, 8, 104]
1543001862984;[171, 0, 4, 255, 132, 128, 80]
1543001862988;[171, 0, 17, 255, 161, 74, 240, 58, 59, 1, 0, 17, 0, 0, 11, 1, 0, 248, 8, 61]
1543001862992;[171, 0, 17, 255, 161, 74, 240, 58, 59, 1, 0, 16, 0, 0, 11, 1, 0, 248, 7, 255]
1543001862997;[171, 0, 17, 255, 161, 74, 240, 58, 59, 1, 0, 17, 0, 0, 12, 1, 0, 249, 7, 137]
1543001863154;[171, 0, 17, 255, 161, 74, 240, 58, 59, 1, 0, 15, 0, 0, 11, 1, 0, 248, 7, 51]
1543001863157;[171, 0, 17, 255, 161, 74, 240, 58, 59, 1, 0, 19, 0, 0, 9, 1, 0, 247, 7, 20]
1543001863162;[171, 0, 17, 255, 161, 74, 240, 58, 59, 1, 0, 15, 0, 0, 10, 1, 0, 248, 7, 82]
1543001863325;[171, 0, 17, 255, 161, 74, 240, 58, 59, 1, 0, 16, 0, 0, 11, 1, 0, 249, 7, 84]
1543001863328;[171, 0, 17, 255, 161, 74, 240, 58, 59, 1, 0, 15, 0, 0, 9, 1, 0, 249, 7, 41]
1543001863501;[171, 0, 17, 255, 161, 74, 240, 58, 59, 1, 0, 16, 0, 0, 11, 1, 0, 248, 6, 227]
1543001863505;[171, 0, 17, 255, 161, 74, 240, 58, 64, 1, 0, 15, 0, 0, 9, 1, 0, 248, 6, 178]
1543001863671;[171, 0, 4, 255, 132, 128, 80]
1543001863846;[171, 0, 17, 255, 161, 74, 240, 58, 64, 1, 0, 15, 0, 0, 8, 1, 0, 249, 6, 181]
1543001863850;[171, 0, 17, 255, 161, 74, 240, 58, 64, 1, 0, 16, 0, 0, 12, 1, 0, 249, 7, 47]
1543001864192;[171, 0, 17, 255, 161, 74, 240, 58, 64, 1, 0, 16, 0, 0, 9, 1, 0, 249, 7, 217]
1543001864197;[171, 0, 17, 255, 161, 74, 240, 58, 64, 1, 0, 16, 0, 0, 10, 1, 0, 247, 8, 160]
1543001864200;[171, 0, 17, 255, 161, 74, 240, 58, 64, 1, 0, 15, 0, 0, 9, 1, 0, 247, 8, 220]
1543001864204;[171, 0, 17, 255, 161, 74, 240, 58, 64, 1, 0, 16, 0, 0, 13, 1, 0, 248, 8, 217]
1543001864364;[171, 0, 17, 255, 161, 74, 240, 58, 64, 1, 0, 15, 0, 0, 10, 1, 0, 248, 8, 194]
1543001864536;[171, 0, 17, 255, 161, 74, 240, 58, 64, 1, 0, 16, 0, 0, 9, 1, 0, 249, 8, 175]
1543001864540;[171, 0, 17, 255, 161, 74, 240, 58, 64, 1, 0, 15, 0, 0, 10, 1, 0, 246, 8, 150]
1543001864883;[171, 0, 17, 255, 161, 74, 240, 58, 65, 1, 0, 16, 0, 0, 11, 1, 0, 248, 8, 141]
1543001864886;[171, 0, 4, 255, 132, 128, 79]
1543001864891;[171, 0, 17, 255, 161, 74, 240, 58, 65, 1, 0, 15, 0, 0, 9, 1, 0, 249, 8, 245]
1543001864895;[171, 0, 17, 255, 161, 74, 240, 58, 65, 1, 0, 15, 0, 0, 10, 1, 0, 248, 9, 69]
1543001865052;[171, 0, 17, 255, 161, 74, 240, 58, 65, 1, 0, 18, 0, 0, 12, 1, 0, 248, 9, 58]
1543001865396;[171, 0, 17, 255, 161, 74, 240, 58, 65, 1, 0, 17, 0, 0, 10, 1, 0, 248, 9, 33]
1543001865399;[171, 0, 17, 255, 161, 74, 240, 58, 65, 1, 0, 15, 0, 0, 10, 1, 0, 248, 8, 228]
1543001865573;[171, 0, 17, 255, 161, 74, 240, 58, 65, 1, 0, 17, 0, 0, 10, 1, 0, 248, 8, 185]
1543001865576;[171, 0, 17, 255, 161, 74, 240, 58, 65, 1, 0, 15, 0, 0, 8, 1, 0, 248, 8, 121]
1543001865582;[171, 0, 17, 255, 161, 74, 240, 58, 65, 1, 0, 15, 0, 0, 12, 1, 0, 248, 8, 96]
1543001865917;[171, 0, 17, 255, 161, 74, 240, 58, 65, 1, 0, 15, 0, 0, 10, 1, 0, 248, 8, 210]
1543001865922;[171, 0, 17, 255, 161, 74, 240, 58, 66, 1, 0, 17, 0, 0, 10, 1, 0, 249, 9, 23]
1543001865927;[171, 0, 4, 255, 132, 128, 79]
1543001865929;[171, 0, 17, 255, 161, 74, 240, 58, 66, 1, 0, 16, 0, 0, 10, 1, 0, 249, 8, 251]
1543001866088;[171, 0, 17, 255, 161, 74, 240, 58, 66, 1, 0, 15, 0, 0, 9, 1, 0, 249, 8, 159]
1543001866093;[171, 0, 17, 255, 161, 74, 240, 58, 66, 1, 0, 19, 0, 0, 9, 1, 0, 248, 8, 56]
1543001866260;[171, 0, 17, 255, 161, 74, 240, 58, 66, 1, 0, 19, 0, 0, 11, 1, 0, 247, 7, 215]
1543001866434;[171, 0, 17, 255, 161, 74, 240, 58, 66, 1, 0, 17, 0, 0, 10, 1, 0, 248, 7, 105]
1543001866438;[171, 0, 17, 255, 161, 74, 240, 58, 66, 1, 0, 17, 0, 0, 9, 1, 0, 250, 6, 252]
1543001866779;[171, 0, 17, 255, 161, 74, 240, 58, 66, 1, 0, 16, 0, 0, 9, 1, 0, 248, 6, 225]
1543001866786;[171, 0, 17, 255, 161, 74, 240, 58, 66, 1, 0, 17, 0, 0, 11, 1, 0, 250, 7, 16]
1543001866790;[171, 0, 17, 255, 161, 74, 240, 58, 66, 1, 0, 14, 0, 0, 11, 1, 0, 248, 7, 14]
1543001866794;[171, 0, 17, 255, 161, 74, 240, 58, 67, 1, 0, 17, 0, 0, 10, 1, 0, 247, 6, 247]
1543001866950;[171, 0, 4, 255, 132, 128, 79]
1543001867122;[171, 0, 17, 255, 161, 74, 240, 58, 67, 1, 0, 16, 0, 0, 10, 1, 0, 247, 6, 171]
1543001867125;[171, 0, 17, 255, 161, 74, 240, 58, 67, 1, 0, 16, 0, 0, 11, 1, 0, 248, 6, 95]
1543001867298;[171, 0, 17, 255, 161, 74, 240, 58, 67, 1, 0, 15, 0, 0, 10, 1, 0, 248, 6, 34]
1543001867301;[171, 0, 17, 255, 161, 74, 240, 58, 67, 1, 0, 16, 0, 0, 11, 1, 0, 249, 5, 224]
1543001867468;[171, 0, 17, 255, 161, 74, 240, 58, 67, 1, 0, 18, 0, 0, 11, 1, 0, 249, 5, 161]
1543001867640;[171, 0, 17, 255, 161, 74, 240, 58, 67, 1, 0, 14, 0, 0, 11, 1, 0, 248, 5, 235]
1543001867986;[171, 0, 17, 255, 161, 74, 240, 58, 67, 1, 0, 15, 0, 0, 10, 1, 0, 249, 6, 221]
1543001867990;[171, 0, 17, 255, 161, 74, 240, 58, 67, 1, 0, 18, 0, 0, 10, 1, 0, 248, 7, 124]
1543001867994;[171, 0, 17, 255, 161, 74, 240, 58, 67, 1, 0, 15, 0, 0, 10, 1, 0, 247, 7, 202]
1543001867999;[171, 0, 17, 255, 161, 74, 240, 58, 68, 1, 0, 15, 0, 0, 9, 1, 0, 247, 7, 242]
1543001868158;[171, 0, 4, 255, 132, 128, 78]
1543001868162;[171, 0, 17, 255, 161, 74, 240, 58, 68, 1, 0, 16, 0, 0, 11, 1, 0, 248, 8, 12]
1543001868331;[171, 0, 17, 255, 161, 74, 240, 58, 68, 1, 0, 18, 0, 0, 9, 1, 0, 248, 8, 16]
1543001868333;[171, 0, 17, 255, 161, 74, 240, 58, 68, 1, 0, 15, 0, 0, 10, 1, 0, 248, 8, 69]
1543001868503;[171, 0, 17, 255, 161, 74, 240, 58, 68, 1, 0, 16, 0, 0, 10, 1, 0, 248, 8, 208]
1543001868507;[171, 0, 17, 255, 161, 74, 240, 58, 68, 1, 0, 18, 0, 0, 12, 1, 0, 248, 9, 14]
1543001868675;[171, 0, 17, 255, 161, 74, 240, 58, 68, 1, 0, 15, 0, 0, 9, 1, 0, 247, 8, 251]
1543001868679;[171, 0, 17, 255, 161, 74, 240, 58, 68, 1, 0, 16, 0, 0, 11, 1, 0, 248, 8, 225]
1543001868848;[171, 0, 17, 255, 161, 74, 240, 58, 68, 1, 0, 18, 0, 0, 12, 1, 0, 248, 8, 179]
1543001869021;[171, 0, 17, 255, 161, 74, 240, 58, 68, 1, 0, 16, 0, 0, 11, 1, 0, 248, 8, 130]
1543001869025;[171, 0, 17, 255, 161, 74, 240, 58, 69, 1, 0, 17, 0, 0, 9, 1, 0, 247, 8, 102]
1543001869364;[171, 0, 4, 255, 132, 128, 78]
1543001869369;[171, 0, 17, 255, 161, 74, 240, 58, 69, 1, 0, 16, 0, 0, 10, 1, 0, 248, 8, 146]
1543001869371;[171, 0, 17, 255, 161, 74, 240, 58, 69, 1, 0, 16, 0, 0, 10, 1, 0, 248, 8, 253]
1543001869539;[171, 0, 17, 255, 161, 74, 240, 58, 69, 1, 0, 19, 0, 0, 11, 1, 0, 247, 8, 255]
1543001869543;[171, 0, 17, 255, 161, 74, 240, 58, 69, 1, 0, 17, 0, 0, 10, 1, 0, 249, 8, 207]
1543001869709;[171, 0, 17, 255, 161, 74, 240, 58, 69, 1, 0, 15, 0, 0, 10, 1, 0, 249, 8, 142]
1543001869712;[171, 0, 17, 255, 161, 74, 240, 58, 69, 1, 0, 16, 0, 0, 10, 1, 0, 248, 8, 36]
1543001869884;[171, 0, 17, 255, 161, 74, 240, 58, 69, 1, 0, 18, 0, 0, 9, 1, 0, 248, 7, 152]
1543001869887;[171, 0, 17, 255, 161, 74, 240, 58, 69, 1, 0, 13, 0, 0, 10, 1, 0, 249, 7, 31]
1543001870056;[171, 0, 17, 255, 161, 74, 240, 58, 69, 1, 0, 17, 0, 0, 10, 1, 0, 248, 6, 245]
1543001870240;[171, 0, 17, 255, 161, 74, 240, 58, 70, 1, 0, 17, 0, 0, 11, 1, 0, 248, 7, 28]
1543001870241;[171, 0, 4, 255, 132, 128, 77]
1543001870570;[171, 0, 17, 255, 161, 74, 240, 58, 70, 1, 0, 16, 0, 0, 11, 1, 0, 249, 6, 216]
1543001870572;[171, 0, 17, 255, 161, 74, 240, 58, 70, 1, 0, 16, 0, 0, 11, 1, 0, 248, 6, 108]
1543001870574;[171, 0, 17, 255, 161, 74, 240, 58, 70, 1, 0, 16, 0, 0, 9, 1, 0, 247, 6, 35]
1543001870744;[171, 0, 17, 255, 161, 74, 240, 58, 70, 1, 0, 17, 0, 0, 12, 1, 0, 249, 5, 221]
1543001870747;[171, 0, 17, 255, 161, 74, 240, 58, 70, 1, 0, 18, 0, 0, 12, 1, 0, 247, 5, 143]
1543001870918;[171, 0, 17, 255, 161, 74, 240, 58, 70, 1, 0, 16, 0, 0, 9, 1, 0, 249, 5, 149]
1543001870922;[171, 0, 17, 255, 161, 74, 240, 58, 70, 1, 0, 16, 0, 0, 10, 1, 0, 249, 6, 5]
1543001871092;[171, 0, 17, 255, 161, 74, 240, 58, 70, 1, 0, 17, 0, 0, 11, 1, 0, 248, 6, 86]
1543001871097;[171, 0, 17, 255, 161, 74, 240, 58, 70, 1, 0, 15, 0, 0, 10, 1, 0, 249, 6, 196]
1543001871263;[171, 0, 17, 255, 161, 74, 240, 58, 71, 1, 0, 15, 0, 0, 10, 1, 0, 249, 7, 39]
1543001871434;[171, 0, 4, 255, 132, 128, 77]
1543001871438;[171, 0, 17, 255, 161, 74, 240, 58, 71, 1, 0, 18, 0, 0, 10, 1, 0, 248, 7, 128]
1543001871955;[171, 0, 17, 255, 161, 74, 240, 58, 71, 1, 0, 18, 0, 0, 12, 1, 0, 249, 7, 193]
1543001871959;[171, 0, 17, 255, 161, 74, 240, 58, 71, 1, 0, 18, 0, 0, 9, 1, 0, 250, 8, 35]
1543001871963;[171, 0, 17, 255, 161, 74, 240, 58, 71, 1, 0, 16, 0, 0, 11, 1, 0, 249, 8, 242]
1543001871967;[171, 0, 17, 255, 161, 74, 240, 58, 71, 1, 0, 16, 0, 0, 11, 1, 0, 248, 9, 41]
1543001872127;[171, 0, 17, 255, 161, 74, 240, 58, 71, 1, 0, 15, 0, 0, 10, 1, 0, 248, 9, 27]
1543001872131;[171, 0, 17, 255, 161, 74, 240, 58, 71, 1, 0, 17, 0, 0, 10, 1, 0, 249, 9, 22]
1543001872135;[171, 0, 17, 255, 161, 74, 240, 58, 71, 1, 0, 17, 0, 0, 11, 1, 0, 248, 8, 244]
1543001872299;[171, 0, 17, 255, 161, 74, 240, 58, 71, 1, 0, 17, 0, 0, 11, 1, 0, 249, 8, 208]
1543001872303;[171, 0, 17, 255, 161, 74, 240, 58, 72, 1, 0, 16, 0, 0, 10, 1, 0, 248, 8, 218]
1543001872470;[171, 0, 4, 255, 132, 128, 77]
1543001872649;[171, 0, 17, 255, 161, 74, 240, 58, 72, 1, 0, 16, 0, 0, 9, 1, 0, 248, 9, 85]
1543001872651;[171, 0, 17, 255, 161, 74, 240, 58, 72, 1, 0, 17, 0, 0, 11, 1, 0, 247, 9, 166]
1543001872816;[171, 0, 17, 255, 161, 74, 240, 58, 72, 1, 0, 17, 0, 0, 12, 1, 0, 248, 9, 176]
1543001872841;[171, 0, 17, 255, 161, 74, 240, 58, 72, 1, 0, 14, 0, 0, 10, 1, 0, 247, 9, 122]
1543001873161;[171, 0, 17, 255, 161, 74, 240, 58, 72, 1, 0, 14, 0, 0, 11, 1, 0, 248, 9, 93]
1543001873166;[171, 0, 17, 255, 161, 74, 240, 58, 72, 1, 0, 18, 0, 0, 10, 1, 0, 248, 9, 42]
1543001873170;[171, 0, 17, 255, 161, 74, 240, 58, 72, 1, 0, 16, 0, 0, 11, 1, 0, 247, 8, 242]
1543001873333;[171, 0, 17, 255, 161, 74, 240, 58, 72, 1, 0, 16, 0, 0, 10, 1, 0, 247, 8, 207]
1543001873337;[171, 0, 17, 255, 161, 74, 240, 58, 72, 1, 0, 16, 0, 0, 10, 1, 0, 248, 9, 99]
1543001873506;[171, 0, 17, 255, 161, 74, 240, 58, 73, 1, 0, 16, 0, 0, 12, 1, 0, 247, 9, 166]
1543001873509;[171, 0, 4, 255, 132, 128, 77]
1543001873678;[171, 0, 17, 255, 161, 74, 240, 58, 73, 1, 0, 16, 0, 0, 11, 1, 0, 247, 9, 105]
1543001873682;[171, 0, 17, 255, 161, 74, 240, 58, 73, 1, 0, 16, 0, 0, 10, 1, 0, 248, 9, 5]
1543001873850;[171, 0, 17, 255, 161, 74, 240, 58, 73, 1, 0, 16, 0, 0, 10, 1, 0, 248, 8, 110]
1543001874024;[171, 0, 17, 255, 161, 74, 240, 58, 73, 1, 0, 16, 0, 0, 10, 1, 0, 247, 7, 226]
1543001874028;[171, 0, 17, 255, 161, 74, 240, 58, 73, 1, 0, 16, 0, 0, 9, 1, 0, 249, 7, 61]
1543001874369;[171, 0, 17, 255, 161, 74, 240, 58, 73, 1, 0, 17, 0, 0, 11, 1, 0, 248, 6, 216]
1543001874374;[171, 0, 17, 255, 161, 74, 240, 58, 73, 1, 0, 14, 0, 0, 10, 1, 0, 248, 6, 223]
1543001874377;[171, 0, 17, 255, 161, 74, 240, 58, 73, 1, 0, 14, 0, 0, 9, 1, 0, 248, 7, 19]
1543001874541;[171, 0, 17, 255, 161, 74, 240, 58, 73, 1, 0, 15, 0, 0, 10, 1, 0, 247, 6, 238]
1543001874545;[171, 0, 17, 255, 161, 74, 240, 58, 74, 1, 0, 16, 0, 0, 11, 1, 0, 249, 6, 197]
1543001874713;[171, 0, 4, 255, 132, 128, 77]
1543001874717;[171, 0, 17, 255, 161, 74, 240, 58, 74, 1, 0, 17, 0, 0, 10, 1, 0, 248, 6, 144]
1543001874886;[171, 0, 17, 255, 161, 74, 240, 58, 74, 1, 0, 17, 0, 0, 10, 1, 0, 248, 6, 114]
1543001874892;[171, 0, 17, 255, 161, 74, 240, 58, 74, 1, 0, 17, 0, 0, 9, 1, 0, 248, 6, 148]
1543001875232;[171, 0, 17, 255, 161, 74, 240, 58, 74, 1, 0, 15, 0, 0, 10, 1, 0, 248, 7, 33]
1543001875236;[171, 0, 17, 255, 161, 74, 240, 58, 74, 1, 0, 15, 0, 0, 12, 1, 0, 248, 8, 28]
1543001875242;[171, 0, 17, 255, 161, 74, 240, 58, 74, 1, 0, 18, 0, 0, 10, 1, 0, 250, 8, 118]
1543001875403;[171, 0, 17, 255, 161, 74, 240, 58, 74, 1, 0, 17, 0, 0, 9, 1, 0, 248, 8, 166]
1543001875406;[171, 0, 17, 255, 161, 74, 240, 58, 74, 1, 0, 15, 0, 0, 9, 1, 0, 248, 8, 197]
1543001875750;[171, 0, 17, 255, 161, 74, 240, 58, 74, 1, 0, 19, 0, 0, 11, 1, 0, 247, 8, 199]
1543001875753;[171, 0, 17, 255, 161, 74, 240, 58, 75, 1, 0, 14, 0, 0, 12, 1, 0, 250, 8, 191]
1543001875757;[171, 0, 4, 255, 132, 128, 76]
1543001875921;[171, 0, 17, 255, 161, 74, 240, 58, 75, 1, 0, 18, 0, 0, 10, 1, 0, 247, 9, 26]
1543001875925;[171, 0, 17, 255, 161, 74, 240, 58, 75, 1, 0, 16, 0, 0, 12, 1, 0, 248, 9, 172]
1543001876094;[171, 0, 17, 255, 161, 74, 240, 58, 75, 1, 0, 17, 0, 0, 8, 1, 0, 249, 9, 199]
1543001876100;[171, 0, 17, 255, 161, 74, 240, 58, 75, 1, 0, 15, 0, 0, 12, 1, 0, 248, 9, 188]
1543001876265;[171, 0, 17, 255, 161, 74, 240, 58, 75, 1, 0, 16, 0, 0, 10, 1, 0, 249, 9, 147]
1543001876439;[171, 0, 17, 255, 161, 74, 240, 58, 75, 1, 0, 17, 0, 0, 11, 1, 0, 250, 9, 91]
1543001876443;[171, 0, 17, 255, 161, 74, 240, 58, 75, 1, 0, 17, 0, 0, 9, 1, 0, 248, 9, 44]
1543001876611;[171, 0, 17, 255, 161, 74, 240, 58, 75, 1, 0, 17, 0, 0, 11, 1, 0, 246, 8, 227]
1543001876614;[171, 0, 17, 255, 161, 74, 240, 58, 75, 1, 0, 15, 0, 0, 12, 1, 0, 250, 8, 213]
1543001876958;[171, 0, 17, 255, 161, 74, 240, 58, 76, 1, 0, 17, 0, 0, 12, 1, 0, 247, 9, 86]
1543001876961;[171, 0, 4, 255, 132, 128, 76]
1543001876965;[171, 0, 17, 255, 161, 74, 240, 58, 76, 1, 0, 17, 0, 0, 11, 1, 0, 248, 9, 164]
1543001877129;[171, 0, 17, 255, 161, 74, 240, 58, 76, 1, 0, 18, 0, 0, 11, 1, 0, 248, 9, 150]
1543001877134;[171, 0, 17, 255, 161, 74, 240, 58, 76, 1, 0, 18, 0, 0, 11, 1, 0, 249, 9, 96]
1543001877302;[171, 0, 17, 255, 161, 74, 240, 58, 76, 1, 0, 16, 0, 0, 10, 1, 0, 249, 9, 54]
1543001877305;[171, 0, 17, 255, 161, 74, 240, 58, 76, 1, 0, 16, 0, 0, 11, 1, 0, 249, 8, 239]
1543001877473;[171, 0, 17, 255, 161, 74, 240, 58, 76, 1, 0, 17, 0, 0, 9, 1, 0, 248, 8, 171]
1543001877646;[171, 0, 17, 255, 161, 74, 240, 58, 76, 1, 0, 16, 0, 0, 10, 1, 0, 247, 8, 61]
1543001877650;[171, 0, 17, 255, 161, 74, 240, 58, 76, 1, 0, 16, 0, 0, 9, 1, 0, 247, 8, 84]
1543001877820;[171, 0, 17, 255, 161, 74, 240, 58, 76, 1, 0, 16, 0, 0, 10, 1, 0, 249, 8, 95]
1543001877822;[171, 0, 17, 255, 161, 74, 240, 58, 77, 1, 0, 17, 0, 0, 10, 1, 0, 246, 8, 13]
1543001878337;[171, 0, 4, 255, 132, 128, 76]
1543001878341;[171, 0, 17, 255, 161, 74, 240, 58, 77, 1, 0, 18, 0, 0, 10, 1, 0, 248, 7, 134]
1543001878346;[171, 0, 17, 255, 161, 74, 240, 58, 77, 1, 0, 16, 0, 0, 11, 1, 0, 248, 7, 7]
1543001878350;[171, 0, 17, 255, 161, 74, 240, 58, 77, 1, 0, 17, 0, 0, 13, 1, 0, 249, 6, 137]
1543001878507;[171, 0, 17, 255, 161, 74, 240, 58, 77, 1, 0, 15, 0, 0, 12, 1, 0, 247, 6, 43]
1543001878510;[171, 0, 17, 255, 161, 74, 240, 58, 77, 1, 0, 16, 0, 0, 10, 1, 0, 246, 5, 210]
1543001878514;[171, 0, 17, 255, 161, 74, 240, 58, 77, 1, 0, 19, 0, 0, 10, 1, 0, 248, 5, 226]
1543001878685;[171, 0, 17, 255, 161, 74, 240, 58, 77, 1, 0, 17, 0, 0, 9, 1, 0, 247, 6, 59]
1543001878687;[171, 0, 17, 255, 161, 74, 240, 58, 77, 1, 0, 19, 0, 0, 13, 1, 0, 248, 6, 63]
1543001878853;[171, 0, 17, 255, 161, 74, 240, 58, 77, 1, 0, 17, 0, 0, 10, 1, 0, 248, 6, 96]
1543001879026;[171, 0, 17, 255, 161, 74, 240, 58, 78, 1, 0, 15, 0, 0, 11, 1, 0, 248, 6, 127]
1543001879029;[171, 0, 4, 255, 132, 128, 76]
1543001879203;[171, 0, 17, 255, 161, 74, 240, 58, 78, 1, 0, 16, 0, 0, 10, 1, 0, 248, 6, 192]
1543001879227;[171, 0, 17, 255, 161, 74, 240, 58, 78, 1, 0, 17, 0, 0, 11, 1, 0, 249, 7, 42]
1543001879544;[171, 0, 17, 255, 161, 74, 240, 58, 78, 1, 0, 17, 0, 0, 11, 1, 0, 248, 7, 167]
1543001879548;[171, 0, 17, 255, 161, 74, 240, 58, 78, 1, 0, 18, 0, 0, 10, 1, 0, 248, 8, 92]
1543001879552;[171, 0, 17, 255, 161, 74, 240, 58, 78, 1, 0, 17, 0, 0, 12, 1, 0, 248, 8, 159]
1543001879716;[171, 0, 17, 255, 161, 74, 240, 58, 78, 1, 0, 15, 0, 0, 10, 1, 0, 248, 8, 145]
1543001879719;[171, 0, 17, 255, 161, 74, 240, 58, 78, 1, 0, 16, 0, 0, 9, 1, 0, 249, 8, 119]
1543001879888;[171, 0, 17, 255, 161, 74, 240, 58, 78, 1, 0, 15, 0, 0, 9, 1, 0, 247, 8, 101]
1543001879891;[171, 0, 17, 255, 161, 74, 240, 58, 78, 1, 0, 14, 0, 0, 11, 1, 0, 248, 8, 49]
1543001880233;[171, 0, 17, 255, 161, 74, 240, 58, 81, 1, 0, 16, 0, 0, 12, 1, 0, 248, 6, 48]
1543001880238;[171, 0, 17, 255, 161, 74, 240, 58, 81, 1, 0, 19, 0, 0, 11, 1, 0, 249, 6, 91]
1543001880406;[171, 0, 17, 255, 161, 74, 240, 58, 81, 1, 0, 17, 0, 0, 9, 1, 0, 249, 7, 66]
1543001880762;[171, 0, 17, 255, 161, 74, 240, 58, 81, 1, 0, 16, 0, 0, 10, 1, 0, 249, 8, 13]
1543001880763;[171, 0, 17, 255, 161, 74, 240, 58, 81, 1, 0, 16, 0, 0, 12, 1, 0, 248, 8, 117]
1543001880764;[171, 0, 17, 255, 161, 74, 240, 58, 81, 1, 0, 15, 0, 0, 13, 1, 0, 248, 8, 148]
1543001880920;[171, 0, 17, 255, 161, 74, 240, 58, 81, 1, 0, 15, 0, 0, 11, 1, 0, 249, 8, 153]
1543001880922;[171, 0, 17, 255, 161, 74, 240, 58, 81, 1, 0, 18, 0, 0, 12, 1, 0, 249, 8, 151]
1543001881095;[171, 0, 17, 255, 161, 74, 240, 58, 82, 1, 0, 17, 0, 0, 11, 1, 0, 249, 8, 200]
1543001881099;[171, 0, 17, 255, 161, 74, 240, 58, 82, 1, 0, 16, 0, 0, 11, 1, 0, 248, 9, 77]
1543001881269;[171, 0, 4, 255, 132, 128, 77]
1543001881442;[171, 0, 17, 255, 161, 74, 240, 58, 82, 1, 0, 18, 0, 0, 10, 1, 0, 247, 9, 163]
1543001881446;[171, 0, 17, 255, 161, 74, 240, 58, 82, 1, 0, 15, 0, 0, 11, 1, 0, 247, 9, 154]
1543001881613;[171, 0, 17, 255, 161, 74, 240, 58, 82, 1, 0, 16, 0, 0, 11, 1, 0, 249, 9, 93]
1543001881616;[171, 0, 17, 255, 161, 74, 240, 58, 82, 1, 0, 16, 0, 0, 10, 1, 0, 248, 9, 58]
1543001881787;[171, 0, 17, 255, 161, 74, 240, 58, 82, 1, 0, 17, 0, 0, 10, 1, 0, 248, 8, 249]
1543001881789;[171, 0, 17, 255, 161, 74, 240, 58, 82, 1, 0, 16, 0, 0, 10, 1, 0, 247, 8, 236]
1543001882132;[171, 0, 17, 255, 161, 74, 240, 58, 82, 1, 0, 18, 0, 0, 11, 1, 0, 248, 9, 86]
1543001882136;[171, 0, 17, 255, 161, 74, 240, 58, 82, 1, 0, 16, 0, 0, 9, 1, 0, 248, 9, 171]
1543001882140;[171, 0, 17, 255, 161, 74, 240, 58, 83, 1, 0, 16, 0, 0, 10, 1, 0, 247, 9, 162]
1543001882303;[171, 0, 17, 255, 161, 74, 240, 58, 83, 1, 0, 15, 0, 0, 9, 1, 0, 248, 9, 105]
1543001882307;[171, 0, 4, 255, 132, 128, 78]
1543001882476;[171, 0, 17, 255, 161, 74, 240, 58, 83, 1, 0, 16, 0, 0, 9, 1, 0, 248, 9, 43]
1543001882480;[171, 0, 17, 255, 161, 74, 240, 58, 83, 1, 0, 18, 0, 0, 9, 1, 0, 248, 8, 244]
1543001882648;[171, 0, 17, 255, 161, 74, 240, 58, 83, 1, 0, 17, 0, 0, 9, 1, 0, 249, 8, 206]
1543001882821;[171, 0, 17, 255, 161, 74, 240, 58, 83, 1, 0, 16, 0, 0, 8, 1, 0, 248, 8, 198]
1543001882823;[171, 0, 17, 255, 161, 74, 240, 58, 83, 1, 0, 16, 0, 0, 11, 1, 0, 248, 9, 100]
1543001882994;[171, 0, 17, 255, 161, 74, 240, 58, 83, 1, 0, 18, 0, 0, 12, 1, 0, 249, 9, 131]
1543001882998;[171, 0, 17, 255, 161, 74, 240, 58, 83, 1, 0, 16, 0, 0, 10, 1, 0, 248, 9, 96]
1543001883339;[171, 0, 17, 255, 161, 74, 240, 58, 83, 1, 0, 17, 0, 0, 10, 1, 0, 250, 9, 43]
1543001883345;[171, 0, 17, 255, 161, 74, 240, 58, 84, 1, 0, 15, 0, 0, 10, 1, 0, 247, 8, 239]
1543001883348;[171, 0, 17, 255, 161, 74, 240, 58, 84, 1, 0, 18, 0, 0, 11, 1, 0, 247, 8, 183]
1543001883510;[171, 0, 4, 255, 132, 128, 78]
1543001883514;[171, 0, 17, 255, 161, 74, 240, 58, 84, 1, 0, 16, 0, 0, 10, 1, 0, 247, 8, 111]
1543001883682;[171, 0, 17, 255, 161, 74, 240, 58, 84, 1, 0, 16, 0, 0, 10, 1, 0, 248, 8, 114]
1543001883686;[171, 0, 17, 255, 161, 74, 240, 58, 84, 1, 0, 16, 0, 0, 14, 1, 0, 247, 8, 186]
1543001883855;[171, 0, 17, 255, 161, 74, 240, 58, 84, 1, 0, 16, 0, 0, 10, 1, 0, 248, 8, 140]
1543001884028;[171, 0, 17, 255, 161, 74, 240, 58, 84, 1, 0, 16, 0, 0, 10, 1, 0, 248, 7, 226]
1543001884032;[171, 0, 17, 255, 161, 74, 240, 58, 84, 1, 0, 16, 0, 0, 9, 1, 0, 248, 7, 108]
1543001884200;[171, 0, 17, 255, 161, 74, 240, 58, 84, 1, 0, 16, 0, 0, 9, 1, 0, 248, 6, 225]
1543001884206;[171, 0, 17, 255, 161, 74, 240, 58, 84, 1, 0, 17, 0, 0, 9, 1, 0, 248, 6, 123]
1543001884377;[171, 0, 17, 255, 161, 74, 240, 58, 85, 1, 0, 17, 0, 0, 9, 1, 0, 248, 6, 98]
1543001884720;[171, 0, 17, 255, 161, 74, 240, 58, 85, 1, 0, 17, 0, 0, 10, 1, 0, 249, 6, 179]
1543001884724;[171, 0, 4, 255, 132, 128, 78]
1543001884728;[171, 0, 17, 255, 161, 74, 240, 58, 85, 1, 0, 16, 0, 0, 9, 1, 0, 247, 6, 194]
1543001884731;[171, 0, 17, 255, 161, 74, 240, 58, 85, 1, 0, 13, 0, 0, 10, 1, 0, 247, 6, 151]
1543001884891;[171, 0, 17, 255, 161, 74, 240, 58, 85, 1, 0, 16, 0, 0, 11, 1, 0, 248, 6, 79]
1543001884895;[171, 0, 17, 255, 161, 74, 240, 58, 85, 1, 0, 18, 0, 0, 10, 1, 0, 248, 6, 43]
1543001885062;[171, 0, 17, 255, 161, 74, 240, 58, 85, 1, 0, 15, 0, 0, 10, 1, 0, 250, 6, 22]
1543001885236;[171, 0, 17, 255, 161, 74, 240, 58, 85, 1, 0, 16, 0, 0, 9, 1, 0, 247, 6, 139]
1543001885240;[171, 0, 17, 255, 161, 74, 240, 58, 85, 1, 0, 15, 0, 0, 11, 1, 0, 248, 7, 130]
1543001885405;[171, 0, 17, 255, 161, 74, 240, 58, 85, 1, 0, 16, 0, 0, 10, 1, 0, 248, 8, 46]
1543001885408;[171, 0, 17, 255, 161, 74, 240, 58, 86, 1, 0, 18, 0, 0, 10, 1, 0, 247, 8, 90]
1543001885581;[171, 0, 17, 255, 161, 74, 240, 58, 86, 1, 0, 17, 0, 0, 10, 1, 0, 249, 8, 134]
1543001885585;[171, 0, 4, 255, 132, 128, 79]
1543001885927;[171, 0, 17, 255, 161, 74, 240, 58, 86, 1, 0, 15, 0, 0, 11, 1, 0, 246, 8, 176]
1543001885932;[171, 0, 17, 255, 161, 74, 240, 58, 86, 1, 0, 16, 0, 0, 12, 1, 0, 248, 8, 208]
1543001885936;[171, 0, 17, 255, 161, 74, 240, 58, 86, 1, 0, 17, 0, 0, 11, 1, 0, 248, 9, 104]
1543001886098;[171, 0, 17, 255, 161, 74, 240, 58, 86, 1, 0, 16, 0, 0, 11, 1, 0, 248, 9, 247]
1543001886102;[171, 0, 17, 255, 161, 74, 240, 58, 86, 1, 0, 16, 0, 0, 13, 1, 0, 247, 9, 250]
1543001886271;[171, 0, 17, 255, 161, 74, 240, 58, 86, 1, 0, 15, 0, 0, 10, 1, 0, 248, 9, 223]
1543001886444;[171, 0, 17, 255, 161, 74, 240, 58, 86, 1, 0, 17, 0, 0, 10, 1, 0, 247, 9, 193]
1543001886447;[171, 0, 17, 255, 161, 74, 240, 58, 86, 1, 0, 16, 0, 0, 10, 1, 0, 248, 9, 134]
1543001886617;[171, 0, 17, 255, 161, 74, 240, 58, 87, 1, 0, 15, 0, 0, 11, 1, 0, 247, 9, 154]
1543001886620;[171, 0, 17, 255, 161, 74, 240, 58, 87, 1, 0, 17, 0, 0, 8, 1, 0, 248, 10, 36]
1543001886790;[171, 0, 4, 255, 132, 128, 79]
1543001886792;[171, 0, 17, 255, 161, 74, 240, 58, 87, 1, 0, 17, 0, 0, 9, 1, 0, 249, 10, 100]
1543001887308;[171, 0, 17, 255, 161, 74, 240, 58, 87, 1, 0, 17, 0, 0, 11, 1, 0, 246, 10, 87]
1543001887312;[171, 0, 17, 255, 161, 74, 240, 58, 87, 1, 0, 17, 0, 0, 9, 1, 0, 248, 10, 28]
1543001887315;[171, 0, 17, 255, 161, 74, 240, 58, 87, 1, 0, 15, 0, 0, 10, 1, 0, 246, 9, 231]
1543001887319;[171, 0, 17, 255, 161, 74, 240, 58, 87, 1, 0, 16, 0, 0, 13, 1, 0, 247, 9, 178]
1543001887479;[171, 0, 17, 255, 161, 74, 240, 58, 87, 1, 0, 17, 0, 0, 9, 1, 0, 247, 9, 143]
1543001887483;[171, 0, 17, 255, 161, 74, 240, 58, 87, 1, 0, 18, 0, 0, 11, 1, 0, 248, 9, 255]
1543001887487;[171, 0, 17, 255, 161, 74, 240, 58, 87, 1, 0, 17, 0, 0, 10, 1, 0, 247, 10, 89]
1543001887650;[171, 0, 17, 255, 161, 74, 240, 58, 88, 1, 0, 19, 0, 0, 10, 1, 0, 248, 10, 85]
1543001887824;[171, 0, 17, 255, 161, 74, 240, 58, 88, 1, 0, 16, 0, 0, 11, 1, 0, 249, 10, 10]
1543001887829;[171, 0, 4, 255, 132, 128, 80]
1543001887996;[171, 0, 17, 255, 161, 74, 240, 58, 88, 1, 0, 17, 0, 0, 10, 1, 0, 247, 9, 236]
1543001887999;[171, 0, 17, 255, 161, 74, 240, 58, 88, 1, 0, 16, 0, 0, 12, 1, 0, 250, 9, 155]
1543001888167;[171, 0, 17, 255, 161, 74, 240, 58, 88, 1, 0, 15, 0, 0, 9, 1, 0, 249, 9, 108]
1543001888518;[171, 0, 17, 255, 161, 74, 240, 58, 88, 1, 0, 15, 0, 0, 8, 1, 0, 248, 9, 99]
1543001888519;[171, 0, 17, 255, 161, 74, 240, 58, 88, 1, 0, 16, 0, 0, 11, 1, 0, 248, 9, 179]
1543001888523;[171, 0, 17, 255, 161, 74, 240, 58, 88, 1, 0, 16, 0, 0, 11, 1, 0, 248, 9, 144]
1543001888526;[171, 0, 17, 255, 161, 74, 240, 58, 88, 1, 0, 17, 0, 0, 10, 1, 0, 248, 9, 19]
1543001888685;[171, 0, 17, 255, 161, 74, 240, 58, 88, 1, 0, 15, 0, 0, 13, 1, 0, 248, 8, 119]
1543001888688;[171, 0, 17, 255, 161, 74, 240, 58, 89, 1, 0, 16, 0, 0, 9, 1, 0, 249, 8, 9]
1543001888858;[171, 0, 17, 255, 161, 74, 240, 58, 89, 1, 0, 17, 0, 0, 11, 1, 0, 248, 7, 152]
1543001889031;[171, 0, 4, 255, 132, 128, 80]
1543001889035;[171, 0, 17, 255, 161, 74, 240, 58, 89, 1, 0, 15, 0, 0, 11, 1, 0, 248, 7, 106]
1543001889383;[171, 0, 17, 255, 161, 74, 240, 58, 89, 1, 0, 17, 0, 0, 10, 1, 0, 249, 7, 148]
1543001889385;[171, 0, 17, 255, 161, 74, 240, 58, 89, 1, 0, 15, 0, 0, 11, 1, 0, 248, 7, 187]
1543001889386;[171, 0, 17, 255, 161, 74, 240, 58, 89, 1, 0, 17, 0, 0, 10, 1, 0, 247, 7, 136]
1543001889393;[171, 0, 17, 255, 161, 74, 240, 58, 89, 1, 0, 16, 0, 0, 9, 1, 0, 248, 7, 61]
1543001889722;[171, 0, 17, 255, 161, 74, 240, 58, 89, 1, 0, 15, 0, 0, 10, 1, 0, 249, 7, 11]
1543001889726;[171, 0, 17, 255, 161, 74, 240, 58, 89, 1, 0, 17, 0, 0, 10, 1, 0, 247, 6, 251]
1543001889730;[171, 0, 17, 255, 161, 74, 240, 58, 89, 1, 0, 17, 0, 0, 11, 1, 0, 250, 7, 87]
1543001889893;[171, 0, 17, 255, 161, 74, 240, 58, 90, 1, 0, 15, 0, 0, 8, 1, 0, 249, 8, 75]
1543001889897;[171, 0, 17, 255, 161, 74, 240, 58, 90, 1, 0, 14, 0, 0, 10, 1, 0, 249, 8, 232]
1543001890065;[171, 0, 4, 255, 132, 128, 80]
1543001890240;[171, 0, 17, 255, 161, 74, 240, 58, 90, 1, 0, 16, 0, 0, 9, 1, 0, 246, 9, 68]
1543001890412;[171, 0, 17, 255, 161, 74, 240, 58, 90, 1, 0, 15, 0, 0, 11, 1, 0, 249, 9, 98]
1543001890416;[171, 0, 17, 255, 161, 74, 240, 58, 90, 1, 0, 17, 0, 0, 11, 1, 0, 248, 9, 116]
1543001890420;[171, 0, 17, 255, 161, 74, 240, 58, 90, 1, 0, 16, 0, 0, 10, 1, 0, 250, 9, 119]
1543001890580;[171, 0, 17, 255, 161, 74, 240, 58, 90, 1, 0, 16, 0, 0, 10, 1, 0, 249, 9, 210]
1543001890582;[171, 0, 17, 255, 161, 74, 240, 58, 90, 1, 0, 17, 0, 0, 12, 1, 0, 248, 10, 95]
1543001890756;[171, 0, 17, 255, 161, 74, 240, 58, 90, 1, 0, 17, 0, 0, 10, 1, 0, 248, 10, 136]
1543001891097;[171, 0, 17, 255, 161, 74, 240, 58, 90, 1, 0, 14, 0, 0, 8, 1, 0, 248, 10, 116]
1543001891102;[171, 0, 17, 255, 161, 74, 240, 58, 91, 1, 0, 14, 0, 0, 11, 1, 0, 249, 10, 71]
1543001891104;[171, 0, 17, 255, 161, 74, 240, 58, 91, 1, 0, 18, 0, 0, 11, 1, 0, 248, 10, 31]
1543001891106;[171, 0, 4, 255, 132, 128, 81]
1543001891272;[171, 0, 17, 255, 161, 74, 240, 58, 91, 1, 0, 16, 0, 0, 12, 1, 0, 247, 9, 238]
1543001891446;[171, 0, 17, 255, 161, 74, 240, 58, 91, 1, 0, 17, 0, 0, 9, 1, 0, 248, 9, 240]
1543001891450;[171, 0, 17, 255, 161, 74, 240, 58, 91, 1, 0, 18, 0, 0, 7, 1, 0, 250, 10, 104]
1543001891618;[171, 0, 17, 255, 161, 74, 240, 58, 91, 1, 0, 16, 0, 0, 11, 1, 0, 249, 10, 166]
1543001891622;[171, 0, 17, 255, 161, 74, 240, 58, 91, 1, 0, 16, 0, 0, 8, 1, 0, 247, 10, 123]
1543001891790;[171, 0, 17, 255, 161, 74, 240, 58, 91, 1, 0, 16, 0, 0, 9, 1, 0, 248, 10, 60]
1543001891794;[171, 0, 17, 255, 161, 74, 240, 58, 91, 1, 0, 17, 0, 0, 11, 1, 0, 249, 10, 22]
1543001891963;[171, 0, 17, 255, 161, 74, 240, 58, 91, 1, 0, 15, 0, 0, 10, 1, 0, 247, 9, 188]
1543001892310;[171, 0, 17, 255, 161, 74, 240, 58, 92, 1, 0, 16, 0, 0, 11, 1, 0, 249, 9, 127]
1543001892314;[171, 0, 17, 255, 161, 74, 240, 58, 92, 1, 0, 17, 0, 0, 8, 1, 0, 248, 9, 88]
1543001892318;[171, 0, 4, 255, 132, 128, 81]
1543001892322;[171, 0, 17, 255, 161, 74, 240, 58, 92, 1, 0, 18, 0, 0, 9, 1, 0, 248, 9, 185]
1543001892482;[171, 0, 17, 255, 161, 74, 240, 58, 92, 1, 0, 18, 0, 0, 10, 1, 0, 249, 9, 165]
1543001892485;[171, 0, 17, 255, 161, 74, 240, 58, 92, 1, 0, 16, 0, 0, 9, 1, 0, 247, 9, 48]
1543001892654;[171, 0, 17, 255, 161, 74, 240, 58, 92, 1, 0, 18, 0, 0, 11, 1, 0, 249, 8, 160]
1543001892841;[171, 0, 17, 255, 161, 74, 240, 58, 92, 1, 0, 19, 0, 0, 12, 1, 0, 249, 8, 16]
1543001892843;[171, 0, 17, 255, 161, 74, 240, 58, 92, 1, 0, 18, 0, 0, 11, 1, 0, 248, 7, 155]
1543001892998;[171, 0, 17, 255, 161, 74, 240, 58, 92, 1, 0, 17, 0, 0, 11, 1, 0, 247, 7, 38]
1543001893002;[171, 0, 17, 255, 161, 74, 240, 58, 92, 1, 0, 16, 0, 0, 11, 1, 0, 248, 7, 54]
1543001893171;[171, 0, 17, 255, 161, 74, 240, 58, 93, 1, 0, 17, 0, 0, 10, 1, 0, 248, 7, 136]
1543001893693;[171, 0, 17, 255, 161, 74, 240, 58, 93, 1, 0, 16, 0, 0, 11, 1, 0, 247, 7, 118]
1543001893695;[171, 0, 4, 255, 132, 128, 82]
1543001893699;[171, 0, 17, 255, 161, 74, 240, 58, 93, 1, 0, 17, 0, 0, 10, 1, 0, 248, 7, 97]
1543001893703;[171, 0, 17, 255, 161, 74, 240, 58, 93, 1, 0, 18, 0, 0, 10, 1, 0, 248, 7, 133]
1543001893860;[171, 0, 17, 255, 161, 74, 240, 58, 93, 1, 0, 16, 0, 0, 11, 1, 0, 248, 7, 206]
1543001893864;[171, 0, 17, 255, 161, 74, 240, 58, 93, 1, 0, 15, 0, 0, 12, 1, 0, 249, 8, 71]
1543001893868;[171, 0, 17, 255, 161, 74, 240, 58, 93, 1, 0, 16, 0, 0, 12, 1, 0, 248, 8, 241]
1543001894034;[171, 0, 17, 255, 161, 74, 240, 58, 93, 1, 0, 16, 0, 0, 12, 1, 0, 250, 9, 128]
1543001894038;[171, 0, 17, 255, 161, 74, 240, 58, 93, 1, 0, 16, 0, 0, 11, 1, 0, 248, 9, 149]
1543001894205;[171, 0, 17, 255, 161, 74, 240, 58, 93, 1, 0, 16, 0, 0, 11, 1, 0, 249, 9, 133]
1543001894209;[171, 0, 17, 255, 161, 74, 240, 58, 94, 1, 0, 16, 0, 0, 11, 1, 0, 249, 9, 89]
1543001894378;[171, 0, 17, 255, 161, 74, 240, 58, 94, 1, 0, 16, 0, 0, 9, 1, 0, 248, 9, 79]
1543001894382;[171, 0, 4, 255, 132, 128, 82]
1543001894550;[171, 0, 17, 255, 161, 74, 240, 58, 94, 1, 0, 15, 0, 0, 8, 1, 0, 249, 9, 65]
1543001894897;[171, 0, 17, 255, 161, 74, 240, 58, 94, 1, 0, 15, 0, 0, 10, 1, 0, 248, 9, 172]
1543001894900;[171, 0, 17, 255, 161, 74, 240, 58, 94, 1, 0, 17, 0, 0, 11, 1, 0, 249, 10, 27]
1543001894904;[171, 0, 17, 255, 161, 74, 240, 58, 94, 1, 0, 16, 0, 0, 9, 1, 0, 247, 10, 12]
1543001894908;[171, 0, 17, 255, 161, 74, 240, 58, 94, 1, 0, 16, 0, 0, 10, 1, 0, 248, 9, 216]
1543001895068;[171, 0, 17, 255, 161, 74, 240, 58, 94, 1, 0, 16, 0, 0, 11, 1, 0, 249, 9, 172]
1543001895241;[171, 0, 17, 255, 161, 74, 240, 58, 94, 1, 0, 16, 0, 0, 11, 1, 0, 248, 9, 119]
1543001895246;[171, 0, 17, 255, 161, 74, 240, 58, 94, 1, 0, 17, 0, 0, 12, 1, 0, 248, 9, 79]
1543001895413;[171, 0, 17, 255, 161, 74, 240, 58, 95, 1, 0, 15, 0, 0, 11, 1, 0, 249, 9, 155]
1543001895416;[171, 0, 17, 255, 161, 74, 240, 58, 95, 1, 0, 17, 0, 0, 11, 1, 0, 247, 9, 206]
1543001895585;[171, 0, 4, 255, 132, 128, 82]
1543001895589;[171, 0, 17, 255, 161, 74, 240, 58, 95, 1, 0, 16, 0, 0, 11, 1, 0, 247, 9, 112]
1543001895757;[171, 0, 17, 255, 161, 74, 240, 58, 95, 1, 0, 17, 0, 0, 11, 1, 0, 247, 8, 245]
1543001896278;[171, 0, 17, 255, 161, 74, 240, 58, 95, 1, 0, 15, 0, 0, 9, 1, 0, 247, 8, 69]
1543001896281;[171, 0, 17, 255, 161, 74, 240, 58, 95, 1, 0, 15, 0, 0, 11, 1, 0, 248, 7, 207]
1543001896285;[171, 0, 17, 255, 161, 74, 240, 58, 95, 1, 0, 15, 0, 0, 11, 1, 0, 247, 7, 119]
1543001896289;[171, 0, 17, 255, 161, 74, 240, 58, 95, 1, 0, 17, 0, 0, 9, 1, 0, 245, 7, 100]
1543001896450;[171, 0, 17, 255, 161, 74, 240, 58, 95, 1, 0, 17, 0, 0, 10, 1, 0, 248, 7, 164]
1543001896453;[171, 0, 17, 255, 161, 74, 240, 58, 95, 1, 0, 16, 0, 0, 8, 1, 0, 250, 7, 139]
1543001896457;[171, 0, 17, 255, 161, 74, 240, 58, 96, 1, 0, 16, 0, 0, 12, 1, 0, 249, 7, 79]
1543001896621;[171, 0, 17, 255, 161, 74, 240, 58, 96, 1, 0, 16, 0, 0, 9, 1, 0, 248, 7, 51]
1543001896624;[171, 0, 4, 255, 132, 128, 82]
1543001896792;[171, 0, 17, 255, 161, 74, 240, 58, 96, 1, 0, 15, 0, 0, 10, 1, 0, 248, 7, 74]
1543001896796;[171, 0, 17, 255, 161, 74, 240, 58, 96, 1, 0, 17, 0, 0, 9, 1, 0, 249, 7, 140]
1543001896965;[171, 0, 17, 255, 161, 74, 240, 58, 96, 1, 0, 15, 0, 0, 11, 1, 0, 249, 8, 111]
1543001897139;[171, 0, 17, 255, 161, 74, 240, 58, 96, 1, 0, 16, 0, 0, 10, 1, 0, 248, 8, 248]
1543001897142;[171, 0, 17, 255, 161, 74, 240, 58, 96, 1, 0, 15, 0, 0, 10, 1, 0, 247, 9, 48]
1543001897486;[171, 0, 17, 255, 161, 74, 240, 58, 96, 1, 0, 17, 0, 0, 10, 1, 0, 249, 9, 83]
1543001897491;[171, 0, 17, 255, 161, 74, 240, 58, 96, 1, 0, 16, 0, 0, 10, 1, 0, 247, 9, 102]
1543001897494;[171, 0, 17, 255, 161, 74, 240, 58, 96, 1, 0, 16, 0, 0, 8, 1, 0, 248, 9, 118]
1543001897498;[171, 0, 17, 255, 161, 74, 240, 58, 97, 1, 0, 18, 0, 0, 9, 1, 0, 248, 9, 223]
1543001897655;[171, 0, 17, 255, 161, 74, 240, 58, 97, 1, 0, 15, 0, 0, 12, 1, 0, 247, 10, 98]
1543001897827;[171, 0, 4, 255, 132, 128, 82]
1543001897831;[171, 0, 17, 255, 161, 74, 240, 58, 97, 1, 0, 16, 0, 0, 9, 1, 0, 247, 10, 122]
1543001898001;[171, 0, 17, 255, 161, 74, 240, 58, 97, 1, 0, 16, 0, 0, 11, 1, 0, 248, 10, 93]
1543001898026;[171, 0, 17, 255, 161, 74, 240, 58, 97, 1, 0, 17, 0, 0, 9, 1, 0, 248, 10, 35]
1543001898173;[171, 0, 17, 255, 161, 74, 240, 58, 97, 1, 0, 16, 0, 0, 11, 1, 0, 249, 10, 2]
1543001898346;[171, 0, 17, 255, 161, 74, 240, 58, 97, 1, 0, 14, 0, 0, 10, 1, 0, 249, 9, 225]
1543001898350;[171, 0, 17, 255, 161, 74, 240, 58, 97, 1, 0, 18, 0, 0, 11, 1, 0, 249, 10, 9]
1543001898693;[171, 0, 17, 255, 161, 74, 240, 58, 97, 1, 0, 16, 0, 0, 11, 1, 0, 247, 10, 151]
1543001898696;[171, 0, 17, 255, 161, 74, 240, 58, 97, 1, 0, 16, 0, 0, 12, 1, 0, 248, 10, 156]
1543001898702;[171, 0, 17, 255, 161, 74, 240, 58, 98, 1, 0, 17, 0, 0, 9, 1, 0, 247, 10, 88]
1543001898705;[171, 0, 17, 255, 161, 74, 240, 58, 98, 1, 0, 18, 0, 0, 12, 1, 0, 249, 10, 37]
1543001898861;[171, 0, 4, 255, 132, 128, 83]
1543001899036;[171, 0, 17, 255, 161, 74, 240, 58, 98, 1, 0, 16, 0, 0, 10, 1, 0, 247, 9, 228]
1543001899040;[171, 0, 17, 255, 161, 74, 240, 58, 98, 1, 0, 18, 0, 0, 12, 1, 0, 248, 9, 164]
1543001899230;[171, 0, 17, 255, 161, 74, 240, 58, 98, 1, 0, 16, 0, 0, 10, 1, 0, 248, 9, 144]
1543001899233;[171, 0, 17, 255, 161, 74, 240, 58, 98, 1, 0, 17, 0, 0, 12, 1, 0, 248, 10, 32]
1543001899380;[171, 0, 17, 255, 161, 74, 240, 58, 98, 1, 0, 17, 0, 0, 11, 1, 0, 248, 10, 56]
1543001899382;[171, 0, 17, 255, 161, 74, 240, 58, 98, 1, 0, 16, 0, 0, 10, 1, 0, 249, 10, 48]
1543001899554;[171, 0, 17, 255, 161, 74, 240, 58, 98, 1, 0, 16, 0, 0, 9, 1, 0, 248, 9, 226]
1543001899729;[171, 0, 17, 255, 161, 74, 240, 58, 98, 1, 0, 16, 0, 0, 10, 1, 0, 247, 9, 165]
1543001899732;[171, 0, 17, 255, 161, 74, 240, 58, 99, 1, 0, 15, 0, 0, 11, 1, 0, 250, 9, 106]
1543001900071;[171, 0, 17, 255, 161, 74, 240, 58, 99, 1, 0, 17, 0, 0, 9, 1, 0, 249, 9, 51]
1543001900075;[171, 0, 4, 255, 132, 128, 83]
1543001900079;[171, 0, 17, 255, 161, 74, 240, 58, 99, 1, 0, 18, 0, 0, 11, 1, 0, 248, 9, 88]
1543001900243;[171, 0, 17, 255, 161, 74, 240, 58, 99, 1, 0, 16, 0, 0, 10, 1, 0, 246, 9, 228]
1543001900247;[171, 0, 17, 255, 161, 74, 240, 58, 99, 1, 0, 17, 0, 0, 11, 1, 0, 248, 9, 222]
1543001900418;[171, 0, 17, 255, 161, 74, 240, 58, 99, 1, 0, 16, 0, 0, 9, 1, 0, 248, 9, 166]
1543001900420;[171, 0, 17, 255, 161, 74, 240, 58, 99, 1, 0, 15, 0, 0, 12, 1, 0, 248, 9, 112]
1543001900589;[171, 0, 17, 255, 161, 74, 240, 58, 99, 1, 0, 16, 0, 0, 10, 1, 0, 247, 9, 32]
1543001900593;[171, 0, 17, 255, 161, 74, 240, 58, 99, 1, 0, 16, 0, 0, 11, 1, 0, 247, 8, 213]
1543001900763;[171, 0, 17, 255, 161, 74, 240, 58, 99, 1, 0, 16, 0, 0, 10, 1, 0, 249, 8, 162]
1543001900933;[171, 0, 17, 255, 161, 74, 240, 58, 100, 1, 0, 17, 0, 0, 10, 1, 0, 248, 8, 219]
1543001900937;[171, 0, 17, 255, 161, 74, 240, 58, 100, 1, 0, 15, 0, 0, 9, 1, 0, 248, 8, 227]
1543001901280;[171, 0, 4, 255, 132, 128, 83]
1543001901285;[171, 0, 17, 255, 161, 74, 240, 58, 100, 1, 0, 16, 0, 0, 11, 1, 0, 248, 8, 131]
1543001901290;[171, 0, 17, 255, 161, 74, 240, 58, 100, 1, 0, 17, 0, 0, 11, 1, 0, 248, 7, 242]
1543001901294;[171, 0, 17, 255, 161, 74, 240, 58, 100, 1, 0, 17, 0, 0, 11, 1, 0, 248, 7, 118]
1543001901446;[171, 0, 17, 255, 161, 74, 240, 58, 100, 1, 0, 17, 0, 0, 10, 1, 0, 248, 7, 14]
1543001901621;[171, 0, 17, 255, 161, 74, 240, 58, 100, 1, 0, 16, 0, 0, 10, 1, 0, 248, 6, 181]
1543001901624;[171, 0, 17, 255, 161, 74, 240, 58, 100, 1, 0, 18, 0, 0, 9, 1, 0, 247, 6, 216]
1543001901795;[171, 0, 17, 255, 161, 74, 240, 58, 100, 1, 0, 14, 0, 0, 10, 1, 0, 248, 7, 8]
1543001901799;[171, 0, 17, 255, 161, 74, 240, 58, 100, 1, 0, 15, 0, 0, 13, 1, 0, 248, 6, 227]
1543001901967;[171, 0, 17, 255, 161, 74, 240, 58, 101, 1, 0, 16, 0, 0, 10, 1, 0, 248, 6, 191]
1543001902140;[171, 0, 17, 255, 161, 74, 240, 58, 103, 1, 0, 18, 0, 0, 10, 1, 0, 250, 8, 198]
1543001902659;[171, 0, 17, 255, 161, 74, 240, 58, 103, 1, 0, 17, 0, 0, 12, 1, 0, 247, 8, 159]
1543001902663;[171, 0, 17, 255, 161, 74, 240, 58, 103, 1, 0, 18, 0, 0, 11, 1, 0, 249, 8, 87]
1543001902667;[171, 0, 17, 255, 161, 74, 240, 58, 103, 1, 0, 17, 0, 0, 11, 1, 0, 248, 8, 140]
1543001902671;[171, 0, 17, 255, 161, 74, 240, 58, 103, 1, 0, 17, 0, 0, 9, 1, 0, 248, 9, 19]
1543001902831;[171, 0, 17, 255, 161, 74, 240, 58, 103, 1, 0, 17, 0, 0, 11, 1, 0, 248, 8, 247]
1543001902835;[171, 0, 17, 255, 161, 74, 240, 58, 103, 1, 0, 15, 0, 0, 9, 1, 0, 247, 8, 142]
1543001903175;[171, 0, 17, 255, 161, 74, 240, 58, 103, 1, 0, 17, 0, 0, 11, 1, 0, 249, 8, 13]
1543001903180;[171, 0, 17, 255, 161, 74, 240, 58, 104, 1, 0, 16, 0, 0, 11, 1, 0, 248, 7, 122]
1543001903348;[171, 0, 17, 255, 161, 74, 240, 58, 104, 1, 0, 17, 0, 0, 11, 1, 0, 249, 6, 244]
1543001903352;[171, 0, 4, 255, 132, 128, 84]
1543001903357;[171, 0, 17, 255, 161, 74, 240, 58, 104, 1, 0, 16, 0, 0, 11, 1, 0, 247, 6, 176]
1543001903521;[171, 0, 17, 255, 161, 74, 240, 58, 104, 1, 0, 19, 0, 0, 10, 1, 0, 250, 6, 205]
1543001903524;[171, 0, 17, 255, 161, 74, 240, 58, 104, 1, 0, 17, 0, 0, 11, 1, 0, 249, 6, 188]
1543001903866;[171, 0, 17, 255, 161, 74, 240, 58, 104, 1, 0, 16, 0, 0, 11, 1, 0, 248, 6, 125]
1543001903870;[171, 0, 17, 255, 161, 74, 240, 58, 104, 1, 0, 16, 0, 0, 10, 1, 0, 246, 6, 13]
1543001903874;[171, 0, 17, 255, 161, 74, 240, 58, 104, 1, 0, 14, 0, 0, 11, 1, 0, 249, 5, 213]
1543001904038;[171, 0, 17, 255, 161, 74, 240, 58, 104, 1, 0, 17, 0, 0, 10, 1, 0, 246, 5, 157]
1543001904042;[171, 0, 17, 255, 161, 74, 240, 58, 104, 1, 0, 16, 0, 0, 10, 1, 0, 249, 5, 180]
1543001904212;[171, 0, 17, 255, 161, 74, 240, 58, 105, 1, 0, 16, 0, 0, 11, 1, 0, 249, 6, 104]
1543001904215;[171, 0, 17, 255, 161, 74, 240, 58, 105, 1, 0, 17, 0, 0, 11, 1, 0, 248, 7, 19]
1543001904384;[171, 0, 4, 255, 132, 128, 84]
1543001904390;[171, 0, 17, 255, 161, 74, 240, 58, 105, 1, 0, 16, 0, 0, 11, 1, 0, 248, 7, 60]
1543001904556;[171, 0, 17, 255, 161, 74, 240, 58, 105, 1, 0, 16, 0, 0, 10, 1, 0, 248, 7, 129]
1543001904730;[171, 0, 17, 255, 161, 74, 240, 58, 105, 1, 0, 17, 0, 0, 10, 1, 0, 249, 7, 164]
1543001904732;[171, 0, 17, 255, 161, 74, 240, 58, 105, 1, 0, 16, 0, 0, 11, 1, 0, 248, 7, 253]
1543001905073;[171, 0, 17, 255, 161, 74, 240, 58, 105, 1, 0, 17, 0, 0, 10, 1, 0, 250, 8, 207]
1543001905077;[171, 0, 17, 255, 161, 74, 240, 58, 105, 1, 0, 17, 0, 0, 11, 1, 0, 248, 9, 65]
1543001905080;[171, 0, 17, 255, 161, 74, 240, 58, 105, 1, 0, 17, 0, 0, 10, 1, 0, 248, 9, 87]
1543001905250;[171, 0, 17, 255, 161, 74, 240, 58, 105, 1, 0, 16, 0, 0, 10, 1, 0, 250, 9, 52]
1543001905252;[171, 0, 17, 255, 161, 74, 240, 58, 106, 1, 0, 18, 0, 0, 11, 1, 0, 249, 9, 21]
1543001905417;[171, 0, 17, 255, 161, 74, 240, 58, 106, 1, 0, 16, 0, 0, 12, 1, 0, 249, 8, 237]
1543001905419;[171, 0, 4, 255, 132, 128, 84]
1543001905591;[171, 0, 17, 255, 161, 74, 240, 58, 106, 1, 0, 17, 0, 0, 9, 1, 0, 249, 9, 18]
1543001905595;[171, 0, 17, 255, 161, 74, 240, 58, 106, 1, 0, 18, 0, 0, 10, 1, 0, 248, 9, 146]
1543001905763;[171, 0, 17, 255, 161, 74, 240, 58, 106, 1, 0, 18, 0, 0, 9, 1, 0, 248, 9, 210]
1543001905936;[171, 0, 17, 255, 161, 74, 240, 58, 106, 1, 0, 17, 0, 0, 9, 1, 0, 248, 9, 203]
1543001905940;[171, 0, 17, 255, 161, 74, 240, 58, 106, 1, 0, 17, 0, 0, 11, 1, 0, 247, 9, 131]
1543001906109;[171, 0, 17, 255, 161, 74, 240, 58, 106, 1, 0, 15, 0, 0, 13, 1, 0, 247, 9, 107]
1543001906113;[171, 0, 17, 255, 161, 74, 240, 58, 106, 1, 0, 16, 0, 0, 12, 1, 0, 248, 9, 31]
1543001906450;[171, 0, 17, 255, 161, 74, 240, 58, 106, 1, 0, 16, 0, 0, 9, 1, 0, 249, 9, 37]
1543001906627;[171, 0, 17, 255, 161, 74, 240, 58, 107, 1, 0, 16, 0, 0, 9, 1, 0, 249, 9, 171]
1543001906630;[171, 0, 17, 255, 161, 74, 240, 58, 107, 1, 0, 18, 0, 0, 10, 1, 0, 248, 9, 221]
1543001906634;[171, 0, 4, 255, 132, 128, 84]
1543001906638;[171, 0, 17, 255, 161, 74, 240, 58, 107, 1, 0, 14, 0, 0, 9, 1, 0, 249, 9, 203]
1543001906798;[171, 0, 17, 255, 161, 74, 240, 58, 107, 1, 0, 18, 0, 0, 12, 1, 0, 248, 9, 147]
1543001906801;[171, 0, 17, 255, 161, 74, 240, 58, 107, 1, 0, 17, 0, 0, 11, 1, 0, 247, 9, 82]
1543001906972;[171, 0, 17, 255, 161, 74, 240, 58, 107, 1, 0, 16, 0, 0, 11, 1, 0, 248, 9, 2]
1543001907143;[171, 0, 17, 255, 161, 74, 240, 58, 107, 1, 0, 15, 0, 0, 11, 1, 0, 248, 8, 177]
1543001907147;[171, 0, 17, 255, 161, 74, 240, 58, 107, 1, 0, 15, 0, 0, 11, 1, 0, 248, 8, 180]
1543001907315;[171, 0, 17, 255, 161, 74, 240, 58, 107, 1, 0, 15, 0, 0, 10, 1, 0, 249, 8, 244]
1543001907321;[171, 0, 17, 255, 161, 74, 240, 58, 107, 1, 0, 16, 0, 0, 9, 1, 0, 247, 8, 157]
1543001907662;[171, 0, 17, 255, 161, 74, 240, 58, 108, 1, 0, 17, 0, 0, 11, 1, 0, 249, 8, 14]
1543001907666;[171, 0, 17, 255, 161, 74, 240, 58, 108, 1, 0, 15, 0, 0, 10, 1, 0, 248, 7, 166]
1543001907669;[171, 0, 4, 255, 132, 128, 84]
1543001907833;[171, 0, 17, 255, 161, 74, 240, 58, 108, 1, 0, 16, 0, 0, 12, 1, 0, 249, 7, 76]
1543001907836;[171, 0, 17, 255, 161, 74, 240, 58, 108, 1, 0, 17, 0, 0, 8, 1, 0, 250, 7, 18]
1543001908007;[171, 0, 17, 255, 161, 74, 240, 58, 108, 1, 0, 15, 0, 0, 12, 1, 0, 248, 7, 97]
1543001908011;[171, 0, 17, 255, 161, 74, 240, 58, 108, 1, 0, 17, 0, 0, 9, 1, 0, 249, 7, 160]
1543001908177;[171, 0, 17, 255, 161, 74, 240, 58, 108, 1, 0, 16, 0, 0, 11, 1, 0, 249, 7, 132]
1543001908181;[171, 0, 17, 255, 161, 74, 240, 58, 108, 1, 0, 15, 0, 0, 12, 1, 0, 248, 7, 80]
1543001908348;[171, 0, 17, 255, 161, 74, 240, 58, 108, 1, 0, 16, 0, 0, 10, 1, 0, 247, 7, 6]
1543001908524;[171, 0, 17, 255, 161, 74, 240, 58, 108, 1, 0, 14, 0, 0, 9, 1, 0, 249, 6, 224]
1543001908527;[171, 0, 17, 255, 161, 74, 240, 58, 109, 1, 0, 17, 0, 0, 11, 1, 0, 250, 7, 36]
1543001908696;[171, 0, 17, 255, 161, 74, 240, 58, 109, 1, 0, 17, 0, 0, 10, 1, 0, 249, 8, 22]
1543001908699;[171, 0, 4, 255, 132, 128, 84]
1543001909042;[171, 0, 17, 255, 161, 74, 240, 58, 109, 1, 0, 18, 0, 0, 10, 1, 0, 248, 8, 218]
1543001909046;[171, 0, 17, 255, 161, 74, 240, 58, 109, 1, 0, 19, 0, 0, 9, 1, 0, 248, 9, 25]
1543001909050;[171, 0, 17, 255, 161, 74, 240, 58, 109, 1, 0, 17, 0, 0, 10, 1, 0, 248, 9, 26]
1543001909219;[171, 0, 17, 255, 161, 74, 240, 58, 109, 1, 0, 15, 0, 0, 10, 1, 0, 248, 9, 42]
1543001909221;[171, 0, 17, 255, 161, 74, 240, 58, 109, 1, 0, 14, 0, 0, 12, 1, 0, 248, 9, 38]
1543001909391;[171, 0, 17, 255, 161, 74, 240, 58, 109, 1, 0, 15, 0, 0, 10, 1, 0, 250, 9, 103]
1543001909397;[171, 0, 17, 255, 161, 74, 240, 58, 109, 1, 0, 15, 0, 0, 11, 1, 0, 247, 10, 11]
1543001909558;[171, 0, 17, 255, 161, 74, 240, 58, 109, 1, 0, 17, 0, 0, 11, 1, 0, 249, 10, 35]
1543001909730;[171, 0, 17, 255, 161, 74, 240, 58, 110, 1, 0, 17, 0, 0, 10, 1, 0, 248, 9, 254]
1543001909734;[171, 0, 17, 255, 161, 74, 240, 58, 110, 1, 0, 15, 0, 0, 9, 1, 0, 248, 9, 218]
1543001909903;[171, 0, 4, 255, 132, 128, 84]
1543001909907;[171, 0, 17, 255, 161, 74, 240, 58, 110, 1, 0, 16, 0, 0, 12, 1, 0, 248, 9, 155]
1543001910250;[171, 0, 17, 255, 161, 74, 240, 58, 110, 1, 0, 15, 0, 0, 10, 1, 0, 249, 9, 112]
1543001910254;[171, 0, 17, 255, 161, 74, 240, 58, 110, 1, 0, 17, 0, 0, 10, 1, 0, 249, 9, 133]
1543001910259;[171, 0, 17, 255, 161, 74, 240, 58, 110, 1, 0, 17, 0, 0, 10, 1, 0, 249, 10, 27]
1543001910420;[171, 0, 17, 255, 161, 74, 240, 58, 110, 1, 0, 16, 0, 0, 11, 1, 0, 248, 10, 26]
1543001910425;[171, 0, 17, 255, 161, 74, 240, 58, 110, 1, 0, 15, 0, 0, 11, 1, 0, 248, 9, 149]
1543001910593;[171, 0, 17, 255, 161, 74, 240, 58, 110, 1, 0, 17, 0, 0, 11, 1, 0, 247, 8, 246]
1543001910597;[171, 0, 17, 255, 161, 74, 240, 58, 110, 1, 0, 15, 0, 0, 10, 1, 0, 247, 8, 73]
1543001910765;[171, 0, 17, 255, 161, 74, 240, 58, 111, 1, 0, 18, 0, 0, 9, 1, 0, 249, 7, 179]
1543001910938;[171, 0, 17, 255, 161, 74, 240, 58, 111, 1, 0, 16, 0, 0, 12, 1, 0, 248, 7, 40]
1543001910942;[171, 0, 4, 255, 132, 128, 84]
1543001911112;[171, 0, 17, 255, 161, 74, 240, 58, 111, 1, 0, 15, 0, 0, 11, 1, 0, 248, 7, 107]
1543001911115;[171, 0, 17, 255, 161, 74, 240, 58, 111, 1, 0, 15, 0, 0, 11, 1, 0, 248, 7, 125]
1543001911625;[171, 0, 17, 255, 161, 74, 240, 58, 111, 1, 0, 18, 0, 0, 10, 1, 0, 247, 7, 79]
1543001911631;[171, 0, 17, 255, 161, 74, 240, 58, 111, 1, 0, 14, 0, 0, 9, 1, 0, 247, 7, 15]
1543001911634;[171, 0, 17, 255, 161, 74, 240, 58, 111, 1, 0, 15, 0, 0, 10, 1, 0, 248, 6, 198]
