1542999397622;[171, 0, 17, 255, 161, 74, 240, 46, 246, 0, 0, 38, 1, 0, 38, 1, 0, 241, 4, 213]
1542999397786;[171, 0, 17, 255, 161, 74, 240, 46, 246, 0, 0, 39, 1, 0, 36, 1, 0, 242, 4, 204]
1542999397790;[171, 0, 17, 255, 161, 74, 240, 46, 246, 0, 0, 40, 1, 0, 36, 1, 0, 243, 4, 189]
1542999399964;[171, 0, 17, 255, 161, 74, 240, 46, 246, 0, 0, 41, 1, 0, 38, 1, 0, 241, 5, 12]
1542999399966;[171, 0, 4, 255, 132, 128, 71]
1542999399980;[171, 0, 17, 255, 161, 74, 240, 46, 246, 0, 0, 40, 1, 0, 37, 1, 0, 242, 5, 18]
1542999400033;[171, 0, 17, 255, 161, 74, 240, 46, 246, 0, 0, 39, 1, 0, 36, 1, 0, 241, 5, 7]
1542999400034;[171, 0, 17, 255, 161, 74, 240, 46, 246, 0, 0, 39, 1, 0, 36, 1, 0, 242, 4, 248]
1542999400048;[171, 0, 17, 255, 161, 74, 240, 46, 246, 0, 0, 40, 1, 0, 36, 1, 0, 242, 4, 240]
1542999400049;[171, 0, 17, 255, 161, 74, 240, 46, 246, 0, 0, 38, 1, 0, 37, 1, 0, 241, 4, 220]
1542999400059;[171, 0, 17, 255, 161, 74, 240, 46, 247, 0, 0, 38, 1, 0, 38, 1, 0, 242, 4, 195]
1542999400061;[171, 0, 17, 255, 161, 74, 240, 46, 247, 0, 0, 39, 1, 0, 36, 1, 0, 244, 4, 178]
1542999400064;[171, 0, 17, 255, 161, 74, 240, 46, 247, 0, 0, 40, 1, 0, 35, 1, 0, 241, 4, 166]
1542999400070;[171, 0, 17, 255, 161, 74, 240, 46, 247, 0, 0, 41, 1, 0, 37, 1, 0, 241, 4, 204]
1542999400072;[171, 0, 17, 255, 161, 74, 240, 46, 247, 0, 0, 39, 1, 0, 36, 1, 0, 242, 4, 231]
1542999400088;[171, 0, 4, 255, 132, 128, 70]
1542999400089;[171, 0, 17, 255, 161, 74, 240, 46, 247, 0, 0, 39, 1, 0, 35, 1, 0, 240, 4, 217]
1542999400101;[171, 0, 17, 255, 161, 74, 240, 46, 247, 0, 0, 40, 1, 0, 38, 1, 0, 241, 4, 198]
1542999400105;[171, 0, 17, 255, 161, 74, 240, 46, 247, 0, 0, 35, 1, 0, 36, 1, 0, 241, 4, 179]
1542999400106;[171, 0, 17, 255, 161, 74, 240, 46, 247, 0, 0, 39, 1, 0, 36, 1, 0, 240, 4, 165]
1542999400109;[171, 0, 17, 255, 161, 74, 240, 46, 247, 0, 0, 40, 1, 0, 39, 1, 0, 242, 4, 137]
1542999400110;[171, 0, 17, 255, 161, 74, 240, 46, 248, 0, 0, 40, 1, 0, 37, 1, 0, 243, 4, 120]
1542999400116;[171, 0, 17, 255, 161, 74, 240, 46, 248, 0, 0, 36, 1, 0, 36, 1, 0, 241, 4, 144]
1542999400117;[171, 0, 17, 255, 161, 74, 240, 46, 248, 0, 0, 39, 1, 0, 38, 1, 0, 243, 4, 159]
1542999400197;[171, 0, 17, 255, 161, 74, 240, 46, 248, 0, 0, 39, 1, 0, 37, 1, 0, 241, 4, 134]
1542999400200;[171, 0, 17, 255, 161, 74, 240, 46, 248, 0, 0, 39, 1, 0, 38, 1, 0, 242, 4, 107]
1542999400203;[171, 0, 4, 255, 132, 128, 70]
1542999400372;[171, 0, 17, 255, 161, 74, 240, 46, 248, 0, 0, 39, 1, 0, 38, 1, 0, 242, 4, 79]
1542999400375;[171, 0, 17, 255, 161, 74, 240, 46, 248, 0, 0, 38, 1, 0, 37, 1, 0, 242, 4, 53]
1542999400545;[171, 0, 17, 255, 161, 74, 240, 46, 248, 0, 0, 39, 1, 0, 37, 1, 0, 242, 4, 28]
1542999400718;[171, 0, 17, 255, 161, 74, 240, 46, 248, 0, 0, 43, 1, 0, 35, 1, 0, 242, 3, 249]
1542999400722;[171, 0, 17, 255, 161, 74, 240, 46, 248, 0, 0, 39, 1, 0, 36, 1, 0, 240, 4, 38]
1542999400890;[171, 0, 17, 255, 161, 74, 240, 46, 249, 0, 0, 41, 1, 0, 37, 1, 0, 241, 4, 33]
1542999400894;[171, 0, 17, 255, 161, 74, 240, 46, 249, 0, 0, 39, 1, 0, 37, 1, 0, 241, 4, 19]
1542999401068;[171, 0, 17, 255, 161, 74, 240, 46, 249, 0, 0, 40, 1, 0, 37, 1, 0, 242, 3, 254]
1542999401071;[171, 0, 17, 255, 161, 74, 240, 46, 249, 0, 0, 41, 1, 0, 37, 1, 0, 240, 3, 236]
1542999401407;[171, 0, 17, 255, 161, 74, 240, 46, 249, 0, 0, 38, 1, 0, 39, 1, 0, 243, 3, 208]
1542999401411;[171, 0, 4, 255, 132, 128, 70]
1542999401415;[171, 0, 17, 255, 161, 74, 240, 46, 249, 0, 0, 39, 1, 0, 37, 1, 0, 241, 3, 172]
1542999401580;[171, 0, 17, 255, 161, 74, 240, 46, 249, 0, 0, 38, 1, 0, 37, 1, 0, 242, 3, 151]
1542999401584;[171, 0, 17, 255, 161, 74, 240, 46, 249, 0, 0, 41, 1, 0, 37, 1, 0, 242, 3, 177]
1542999401753;[171, 0, 17, 255, 161, 74, 240, 46, 249, 0, 0, 39, 1, 0, 37, 1, 0, 243, 3, 195]
1542999401757;[171, 0, 17, 255, 161, 74, 240, 46, 249, 0, 0, 39, 1, 0, 36, 1, 0, 242, 3, 184]
1542999401926;[171, 0, 17, 255, 161, 74, 240, 46, 250, 0, 0, 39, 1, 0, 34, 1, 0, 241, 3, 165]
1542999402100;[171, 0, 17, 255, 161, 74, 240, 46, 250, 0, 0, 39, 1, 0, 35, 1, 0, 243, 3, 152]
1542999402104;[171, 0, 17, 255, 161, 74, 240, 46, 250, 0, 0, 39, 1, 0, 37, 1, 0, 242, 3, 136]
1542999402269;[171, 0, 17, 255, 161, 74, 240, 46, 250, 0, 0, 39, 1, 0, 36, 1, 0, 243, 3, 113]
1542999402272;[171, 0, 17, 255, 161, 74, 240, 46, 250, 0, 0, 37, 1, 0, 37, 1, 0, 241, 3, 89]
1542999402789;[171, 0, 4, 255, 132, 128, 70]
1542999402793;[171, 0, 17, 255, 161, 74, 240, 46, 250, 0, 0, 38, 1, 0, 38, 1, 0, 242, 3, 91]
1542999402799;[171, 0, 17, 255, 161, 74, 240, 46, 250, 0, 0, 39, 1, 0, 36, 1, 0, 241, 3, 130]
1542999402803;[171, 0, 17, 255, 161, 74, 240, 46, 250, 0, 0, 39, 1, 0, 37, 1, 0, 244, 3, 144]
1542999402963;[171, 0, 17, 255, 161, 74, 240, 46, 250, 0, 0, 43, 1, 0, 37, 1, 0, 242, 3, 139]
1542999402968;[171, 0, 17, 255, 161, 74, 240, 46, 250, 0, 0, 38, 1, 0, 36, 1, 0, 240, 3, 134]
1542999402971;[171, 0, 17, 255, 161, 74, 240, 46, 251, 0, 0, 38, 1, 0, 35, 1, 0, 242, 3, 120]
1542999403133;[171, 0, 17, 255, 161, 74, 240, 46, 251, 0, 0, 40, 1, 0, 38, 1, 0, 241, 3, 107]
1542999403305;[171, 0, 17, 255, 161, 74, 240, 46, 251, 0, 0, 37, 1, 0, 36, 1, 0, 243, 3, 96]
1542999403309;[171, 0, 17, 255, 161, 74, 240, 46, 251, 0, 0, 39, 1, 0, 35, 1, 0, 243, 3, 121]
1542999403481;[171, 0, 17, 255, 161, 74, 240, 46, 251, 0, 0, 36, 1, 0, 37, 1, 0, 241, 3, 161]
1542999403482;[171, 0, 4, 255, 132, 128, 70]
1542999403649;[171, 0, 17, 255, 161, 74, 240, 46, 251, 0, 0, 38, 1, 0, 37, 1, 0, 241, 3, 151]
1542999403653;[171, 0, 17, 255, 161, 74, 240, 46, 251, 0, 0, 38, 1, 0, 35, 1, 0, 241, 3, 139]
1542999403997;[171, 0, 17, 255, 161, 74, 240, 46, 251, 0, 0, 40, 1, 0, 36, 1, 0, 243, 3, 128]
1542999404000;[171, 0, 17, 255, 161, 74, 240, 46, 251, 0, 0, 40, 1, 0, 37, 1, 0, 241, 3, 110]
1542999404004;[171, 0, 17, 255, 161, 74, 240, 46, 251, 0, 0, 40, 1, 0, 36, 1, 0, 242, 3, 83]
1542999404168;[171, 0, 17, 255, 161, 74, 240, 48, 0, 0, 0, 40, 1, 0, 36, 1, 0, 241, 3, 68]
1542999404172;[171, 0, 17, 255, 161, 74, 240, 48, 0, 0, 0, 40, 1, 0, 35, 1, 0, 243, 3, 122]
1542999404344;[171, 0, 17, 255, 161, 74, 240, 48, 0, 0, 0, 39, 1, 0, 37, 1, 0, 242, 3, 160]
1542999404513;[171, 0, 17, 255, 161, 74, 240, 48, 0, 0, 0, 39, 1, 0, 38, 1, 0, 244, 3, 159]
1542999404516;[171, 0, 17, 255, 161, 74, 240, 48, 0, 0, 0, 40, 1, 0, 37, 1, 0, 240, 3, 146]
1542999404685;[171, 0, 4, 255, 132, 128, 70]
1542999404690;[171, 0, 17, 255, 161, 74, 240, 48, 0, 0, 0, 37, 1, 0, 36, 1, 0, 241, 3, 135]
1542999404854;[171, 0, 17, 255, 161, 74, 240, 48, 0, 0, 0, 38, 1, 0, 36, 1, 0, 242, 3, 124]
1542999404856;[171, 0, 17, 255, 161, 74, 240, 48, 0, 0, 0, 40, 1, 0, 36, 1, 0, 242, 3, 100]
1542999405205;[171, 0, 17, 255, 161, 74, 240, 48, 0, 0, 0, 40, 1, 0, 37, 1, 0, 243, 3, 80]
1542999405208;[171, 0, 17, 255, 161, 74, 240, 48, 0, 0, 0, 38, 1, 0, 35, 1, 0, 244, 3, 87]
1542999405212;[171, 0, 17, 255, 161, 74, 240, 48, 1, 0, 0, 40, 1, 0, 36, 1, 0, 242, 3, 167]
1542999405373;[171, 0, 17, 255, 161, 74, 240, 48, 1, 0, 0, 38, 1, 0, 36, 1, 0, 241, 3, 187]
1542999405376;[171, 0, 17, 255, 161, 74, 240, 48, 1, 0, 0, 41, 1, 0, 37, 1, 0, 240, 3, 181]
1542999405548;[171, 0, 17, 255, 161, 74, 240, 48, 1, 0, 0, 40, 1, 0, 35, 1, 0, 240, 3, 184]
1542999405721;[171, 0, 17, 255, 161, 74, 240, 48, 1, 0, 0, 38, 1, 0, 36, 1, 0, 242, 3, 165]
1542999405725;[171, 0, 4, 255, 132, 128, 70]
1542999405893;[171, 0, 17, 255, 161, 74, 240, 48, 1, 0, 0, 39, 1, 0, 36, 1, 0, 241, 3, 142]
1542999405897;[171, 0, 17, 255, 161, 74, 240, 48, 1, 0, 0, 39, 1, 0, 36, 1, 0, 241, 3, 133]
1542999406067;[171, 0, 17, 255, 161, 74, 240, 48, 1, 0, 0, 39, 1, 0, 36, 1, 0, 241, 3, 163]
1542999406068;[171, 0, 17, 255, 161, 74, 240, 48, 1, 0, 0, 39, 1, 0, 37, 1, 0, 242, 3, 221]
1542999406238;[171, 0, 17, 255, 161, 74, 240, 48, 1, 0, 0, 41, 1, 0, 39, 1, 0, 241, 3, 240]
1542999406584;[171, 0, 17, 255, 161, 74, 240, 48, 2, 0, 0, 40, 1, 0, 36, 1, 0, 242, 3, 221]
1542999406588;[171, 0, 17, 255, 161, 74, 240, 48, 2, 0, 0, 38, 1, 0, 37, 1, 0, 242, 3, 213]
1542999406592;[171, 0, 17, 255, 161, 74, 240, 48, 2, 0, 0, 39, 1, 0, 37, 1, 0, 244, 3, 202]
1542999406596;[171, 0, 17, 255, 161, 74, 240, 48, 2, 0, 0, 39, 1, 0, 34, 1, 0, 242, 3, 183]
1542999406756;[171, 0, 17, 255, 161, 74, 240, 48, 2, 0, 0, 39, 1, 0, 36, 1, 0, 241, 3, 155]
1542999406759;[171, 0, 4, 255, 132, 128, 70]
1542999406928;[171, 0, 17, 255, 161, 74, 240, 48, 2, 0, 0, 38, 1, 0, 36, 1, 0, 242, 3, 223]
1542999407102;[171, 0, 17, 255, 161, 74, 240, 48, 2, 0, 0, 39, 1, 0, 35, 1, 0, 241, 4, 2]
1542999407105;[171, 0, 17, 255, 161, 74, 240, 48, 2, 0, 0, 39, 1, 0, 36, 1, 0, 241, 3, 252]
1542999407273;[171, 0, 17, 255, 161, 74, 240, 48, 2, 0, 0, 39, 1, 0, 37, 1, 0, 243, 3, 236]
1542999407277;[171, 0, 17, 255, 161, 74, 240, 48, 2, 0, 0, 40, 1, 0, 38, 1, 0, 242, 3, 222]
1542999407442;[171, 0, 17, 255, 161, 74, 240, 48, 3, 0, 0, 40, 1, 0, 35, 1, 0, 242, 3, 208]
1542999407792;[171, 0, 17, 255, 161, 74, 240, 48, 3, 0, 0, 39, 1, 0, 37, 1, 0, 242, 3, 180]
1542999407796;[171, 0, 17, 255, 161, 74, 240, 48, 3, 0, 0, 41, 1, 0, 37, 1, 0, 244, 3, 169]
1542999407800;[171, 0, 17, 255, 161, 74, 240, 48, 3, 0, 0, 38, 1, 0, 38, 1, 0, 243, 3, 231]
1542999407804;[171, 0, 17, 255, 161, 74, 240, 48, 3, 0, 0, 39, 1, 0, 36, 1, 0, 243, 4, 0]
1542999407985;[171, 0, 4, 255, 132, 128, 70]
1542999407987;[171, 0, 17, 255, 161, 74, 240, 48, 3, 0, 0, 40, 1, 0, 37, 1, 0, 242, 3, 236]
1542999408310;[171, 0, 17, 255, 161, 74, 240, 48, 3, 0, 0, 39, 1, 0, 36, 1, 0, 242, 3, 213]
1542999408313;[171, 0, 17, 255, 161, 74, 240, 48, 3, 0, 0, 38, 1, 0, 38, 1, 0, 241, 3, 196]
1542999408317;[171, 0, 17, 255, 161, 74, 240, 48, 3, 0, 0, 38, 1, 0, 36, 1, 0, 241, 3, 175]
1542999408480;[171, 0, 17, 255, 161, 74, 240, 48, 3, 0, 0, 42, 1, 0, 36, 1, 0, 242, 3, 144]
1542999408486;[171, 0, 17, 255, 161, 74, 240, 48, 4, 0, 0, 41, 1, 0, 37, 1, 0, 240, 3, 120]
1542999408654;[171, 0, 17, 255, 161, 74, 240, 48, 4, 0, 0, 39, 1, 0, 37, 1, 0, 242, 3, 171]
1542999408658;[171, 0, 17, 255, 161, 74, 240, 48, 4, 0, 0, 39, 1, 0, 36, 1, 0, 242, 3, 187]
1542999409172;[171, 0, 17, 255, 161, 74, 240, 48, 4, 0, 0, 38, 1, 0, 36, 1, 0, 240, 3, 173]
1542999409176;[171, 0, 17, 255, 161, 74, 240, 48, 4, 0, 0, 38, 1, 0, 35, 1, 0, 242, 3, 158]
1542999409180;[171, 0, 4, 255, 132, 128, 71]
1542999409184;[171, 0, 17, 255, 161, 74, 240, 48, 4, 0, 0, 39, 1, 0, 38, 1, 0, 241, 3, 147]
1542999409343;[171, 0, 17, 255, 161, 74, 240, 48, 4, 0, 0, 39, 1, 0, 35, 1, 0, 242, 3, 125]
1542999409346;[171, 0, 17, 255, 161, 74, 240, 48, 4, 0, 0, 37, 1, 0, 37, 1, 0, 242, 3, 98]
1542999409516;[171, 0, 17, 255, 161, 74, 240, 48, 4, 0, 0, 40, 1, 0, 36, 1, 0, 241, 3, 110]
1542999409521;[171, 0, 17, 255, 161, 74, 240, 48, 4, 0, 0, 39, 1, 0, 37, 1, 0, 242, 3, 151]
1542999409689;[171, 0, 17, 255, 161, 74, 240, 48, 5, 0, 0, 37, 1, 0, 36, 1, 0, 241, 3, 143]
1542999409693;[171, 0, 17, 255, 161, 74, 240, 48, 5, 0, 0, 39, 1, 0, 35, 1, 0, 243, 3, 127]
1542999409863;[171, 0, 17, 255, 161, 74, 240, 48, 5, 0, 0, 40, 1, 0, 37, 1, 0, 241, 3, 104]
1542999409866;[171, 0, 17, 255, 161, 74, 240, 48, 5, 0, 0, 37, 1, 0, 39, 1, 0, 242, 3, 76]
1542999410034;[171, 0, 17, 255, 161, 74, 240, 48, 5, 0, 0, 40, 1, 0, 37, 1, 0, 242, 3, 58]
1542999410379;[171, 0, 4, 255, 132, 128, 71]
1542999410385;[171, 0, 17, 255, 161, 74, 240, 48, 5, 0, 0, 37, 1, 0, 36, 1, 0, 241, 3, 27]
1542999410391;[171, 0, 17, 255, 161, 74, 240, 48, 5, 0, 0, 38, 1, 0, 36, 1, 0, 243, 3, 47]
1542999410393;[171, 0, 17, 255, 161, 74, 240, 48, 5, 0, 0, 41, 1, 0, 36, 1, 0, 242, 3, 78]
1542999410549;[171, 0, 17, 255, 161, 74, 240, 48, 5, 0, 0, 39, 1, 0, 36, 1, 0, 242, 3, 69]
1542999410553;[171, 0, 17, 255, 161, 74, 240, 48, 5, 0, 0, 39, 1, 0, 36, 1, 0, 242, 3, 49]
1542999410724;[171, 0, 17, 255, 161, 74, 240, 48, 6, 0, 0, 38, 1, 0, 37, 1, 0, 242, 3, 33]
1542999410896;[171, 0, 17, 255, 161, 74, 240, 48, 6, 0, 0, 36, 1, 0, 37, 1, 0, 242, 3, 8]
1542999410899;[171, 0, 17, 255, 161, 74, 240, 48, 6, 0, 0, 40, 1, 0, 39, 1, 0, 242, 2, 236]
1542999411070;[171, 0, 17, 255, 161, 74, 240, 48, 6, 0, 0, 39, 1, 0, 36, 1, 0, 242, 2, 211]
1542999411073;[171, 0, 17, 255, 161, 74, 240, 48, 6, 0, 0, 39, 1, 0, 36, 1, 0, 243, 2, 188]
1542999411235;[171, 0, 4, 255, 132, 128, 72]
1542999411759;[171, 0, 17, 255, 161, 74, 240, 48, 6, 0, 0, 39, 1, 0, 37, 1, 0, 243, 2, 231]
1542999411762;[171, 0, 17, 255, 161, 74, 240, 48, 6, 0, 0, 39, 1, 0, 37, 1, 0, 242, 2, 244]
1542999411765;[171, 0, 17, 255, 161, 74, 240, 48, 6, 0, 0, 40, 1, 0, 38, 1, 0, 241, 2, 234]
1542999411769;[171, 0, 17, 255, 161, 74, 240, 48, 6, 0, 0, 38, 1, 0, 37, 1, 0, 242, 2, 214]
1542999411933;[171, 0, 17, 255, 161, 74, 240, 48, 6, 0, 0, 37, 1, 0, 36, 1, 0, 241, 2, 194]
1542999411937;[171, 0, 17, 255, 161, 74, 240, 48, 7, 0, 0, 38, 1, 0, 35, 1, 0, 241, 2, 175]
1542999411941;[171, 0, 17, 255, 161, 74, 240, 48, 7, 0, 0, 40, 1, 0, 37, 1, 0, 241, 2, 175]
1542999412103;[171, 0, 17, 255, 161, 74, 240, 48, 7, 0, 0, 40, 1, 0, 36, 1, 0, 241, 2, 155]
1542999412107;[171, 0, 17, 255, 161, 74, 240, 48, 7, 0, 0, 40, 1, 0, 37, 1, 0, 240, 2, 184]
1542999412276;[171, 0, 17, 255, 161, 74, 240, 48, 7, 0, 0, 40, 1, 0, 37, 1, 0, 241, 2, 211]
1542999412280;[171, 0, 4, 255, 132, 128, 72]
1542999412447;[171, 0, 17, 255, 161, 74, 240, 48, 7, 0, 0, 41, 1, 0, 37, 1, 0, 241, 2, 224]
1542999412621;[171, 0, 17, 255, 161, 74, 240, 48, 7, 0, 0, 39, 1, 0, 36, 1, 0, 241, 2, 212]
1542999412629;[171, 0, 17, 255, 161, 74, 240, 48, 7, 0, 0, 40, 1, 0, 37, 1, 0, 244, 2, 193]
1542999412968;[171, 0, 17, 255, 161, 74, 240, 48, 7, 0, 0, 38, 1, 0, 37, 1, 0, 242, 2, 182]
1542999412972;[171, 0, 17, 255, 161, 74, 240, 48, 7, 0, 0, 39, 1, 0, 40, 1, 0, 240, 2, 173]
1542999412976;[171, 0, 17, 255, 161, 74, 240, 48, 8, 0, 0, 39, 1, 0, 35, 1, 0, 241, 2, 156]
1542999412984;[171, 0, 17, 255, 161, 74, 240, 48, 8, 0, 0, 42, 1, 0, 37, 1, 0, 242, 2, 191]
1542999413138;[171, 0, 17, 255, 161, 74, 240, 48, 8, 0, 0, 39, 1, 0, 36, 1, 0, 241, 2, 206]
1542999413312;[171, 0, 17, 255, 161, 74, 240, 48, 8, 0, 0, 38, 1, 0, 36, 1, 0, 240, 2, 187]
1542999413315;[171, 0, 17, 255, 161, 74, 240, 48, 8, 0, 0, 42, 1, 0, 36, 1, 0, 241, 2, 184]
1542999413485;[171, 0, 4, 255, 132, 128, 73]
1542999413491;[171, 0, 17, 255, 161, 74, 240, 48, 8, 0, 0, 38, 1, 0, 35, 1, 0, 240, 2, 164]
1542999413656;[171, 0, 17, 255, 161, 74, 240, 48, 8, 0, 0, 41, 1, 0, 36, 1, 0, 242, 2, 142]
1542999413659;[171, 0, 17, 255, 161, 74, 240, 48, 8, 0, 0, 40, 1, 0, 35, 1, 0, 242, 2, 123]
1542999413828;[171, 0, 17, 255, 161, 74, 240, 48, 8, 0, 0, 39, 1, 0, 33, 1, 0, 242, 2, 107]
1542999414175;[171, 0, 17, 255, 161, 74, 240, 48, 8, 0, 0, 39, 1, 0, 35, 1, 0, 242, 2, 148]
1542999414179;[171, 0, 17, 255, 161, 74, 240, 48, 9, 0, 0, 40, 1, 0, 38, 1, 0, 242, 2, 168]
1542999414183;[171, 0, 17, 255, 161, 74, 240, 48, 9, 0, 0, 38, 1, 0, 37, 1, 0, 241, 2, 158]
1542999414187;[171, 0, 17, 255, 161, 74, 240, 48, 9, 0, 0, 41, 1, 0, 38, 1, 0, 241, 2, 148]
1542999414345;[171, 0, 17, 255, 161, 74, 240, 48, 9, 0, 0, 38, 1, 0, 35, 1, 0, 244, 2, 141]
1542999414517;[171, 0, 17, 255, 161, 74, 240, 48, 9, 0, 0, 38, 1, 0, 37, 1, 0, 241, 2, 116]
1542999414521;[171, 0, 4, 255, 132, 128, 73]
1542999414866;[171, 0, 17, 255, 161, 74, 240, 48, 9, 0, 0, 41, 1, 0, 36, 1, 0, 242, 2, 96]
1542999414873;[171, 0, 17, 255, 161, 74, 240, 48, 9, 0, 0, 39, 1, 0, 36, 1, 0, 243, 2, 74]
1542999414875;[171, 0, 17, 255, 161, 74, 240, 48, 9, 0, 0, 39, 1, 0, 37, 1, 0, 242, 2, 90]
1542999414877;[171, 0, 17, 255, 161, 74, 240, 48, 9, 0, 0, 40, 1, 0, 36, 1, 0, 241, 2, 137]
1542999415037;[171, 0, 17, 255, 161, 74, 240, 48, 9, 0, 0, 38, 1, 0, 36, 1, 0, 241, 2, 146]
1542999415209;[171, 0, 17, 255, 161, 74, 240, 48, 10, 0, 0, 38, 1, 0, 37, 1, 0, 243, 2, 132]
1542999415218;[171, 0, 17, 255, 161, 74, 240, 48, 10, 0, 0, 40, 1, 0, 37, 1, 0, 241, 2, 130]
1542999415556;[171, 0, 17, 255, 161, 74, 240, 48, 10, 0, 0, 36, 1, 0, 36, 1, 0, 241, 2, 114]
1542999415560;[171, 0, 17, 255, 161, 74, 240, 48, 10, 0, 0, 40, 1, 0, 38, 1, 0, 241, 2, 102]
1542999415566;[171, 0, 17, 255, 161, 74, 240, 48, 10, 0, 0, 40, 1, 0, 36, 1, 0, 241, 2, 86]
1542999415568;[171, 0, 4, 255, 132, 128, 73]
1542999415725;[171, 0, 17, 255, 161, 74, 240, 48, 10, 0, 0, 38, 1, 0, 36, 1, 0, 241, 2, 80]
1542999415898;[171, 0, 17, 255, 161, 74, 240, 48, 10, 0, 0, 37, 1, 0, 38, 1, 0, 243, 2, 124]
1542999415902;[171, 0, 17, 255, 161, 74, 240, 48, 10, 0, 0, 39, 1, 0, 36, 1, 0, 239, 2, 142]
1542999416071;[171, 0, 17, 255, 161, 74, 240, 48, 10, 0, 0, 40, 1, 0, 36, 1, 0, 241, 2, 132]
1542999416076;[171, 0, 17, 255, 161, 74, 240, 48, 10, 0, 0, 38, 1, 0, 38, 1, 0, 241, 2, 126]
1542999416246;[171, 0, 17, 255, 161, 74, 240, 48, 11, 0, 0, 39, 1, 0, 33, 1, 0, 241, 2, 102]
1542999416416;[171, 0, 17, 255, 161, 74, 240, 48, 11, 0, 0, 39, 1, 0, 37, 1, 0, 241, 2, 89]
1542999416420;[171, 0, 17, 255, 161, 74, 240, 48, 11, 0, 0, 41, 1, 0, 35, 1, 0, 242, 2, 69]
1542999416762;[171, 0, 17, 255, 161, 74, 240, 48, 11, 0, 0, 39, 1, 0, 38, 1, 0, 242, 2, 99]
1542999416767;[171, 0, 17, 255, 161, 74, 240, 48, 11, 0, 0, 39, 1, 0, 36, 1, 0, 242, 2, 132]
1542999416771;[171, 0, 4, 255, 132, 128, 73]
1542999416775;[171, 0, 17, 255, 161, 74, 240, 48, 11, 0, 0, 40, 1, 0, 37, 1, 0, 241, 2, 130]
1542999416933;[171, 0, 17, 255, 161, 74, 240, 48, 11, 0, 0, 38, 1, 0, 36, 1, 0, 243, 2, 111]
1542999417106;[171, 0, 17, 255, 161, 74, 240, 48, 11, 0, 0, 40, 1, 0, 38, 1, 0, 239, 2, 100]
1542999417109;[171, 0, 17, 255, 161, 74, 240, 48, 11, 0, 0, 41, 1, 0, 37, 1, 0, 242, 2, 88]
1542999417279;[171, 0, 17, 255, 161, 74, 240, 48, 11, 0, 0, 40, 1, 0, 37, 1, 0, 243, 2, 63]
1542999417285;[171, 0, 17, 255, 161, 74, 240, 48, 12, 0, 0, 38, 1, 0, 38, 1, 0, 241, 2, 40]
1542999417451;[171, 0, 17, 255, 161, 74, 240, 48, 12, 0, 0, 40, 1, 0, 36, 1, 0, 242, 2, 73]
1542999417455;[171, 0, 17, 255, 161, 74, 240, 48, 12, 0, 0, 39, 1, 0, 37, 1, 0, 241, 2, 104]
1542999417623;[171, 0, 17, 255, 161, 74, 240, 48, 12, 0, 0, 40, 1, 0, 37, 1, 0, 240, 2, 116]
1542999418141;[171, 0, 17, 255, 161, 74, 240, 48, 14, 0, 0, 40, 1, 0, 39, 1, 0, 243, 1, 253]
1542999418146;[171, 0, 17, 255, 161, 74, 240, 48, 14, 0, 0, 38, 1, 0, 36, 1, 0, 244, 2, 38]
1542999418150;[171, 0, 17, 255, 161, 74, 240, 48, 14, 0, 0, 38, 1, 0, 36, 1, 0, 243, 2, 43]
1542999418317;[171, 0, 17, 255, 161, 74, 240, 48, 14, 0, 0, 40, 1, 0, 35, 1, 0, 242, 2, 25]
1542999418319;[171, 0, 17, 255, 161, 74, 240, 48, 14, 0, 0, 40, 1, 0, 36, 1, 0, 241, 2, 10]
1542999418486;[171, 0, 17, 255, 161, 74, 240, 48, 15, 0, 0, 39, 1, 0, 38, 1, 0, 241, 1, 252]
1542999418490;[171, 0, 17, 255, 161, 74, 240, 48, 15, 0, 0, 38, 1, 0, 38, 1, 0, 241, 1, 229]
1542999418658;[171, 0, 17, 255, 161, 74, 240, 48, 15, 0, 0, 40, 1, 0, 36, 1, 0, 242, 1, 210]
1542999418662;[171, 0, 17, 255, 161, 74, 240, 48, 15, 0, 0, 37, 1, 0, 35, 1, 0, 243, 1, 197]
1542999418830;[171, 0, 17, 255, 161, 74, 240, 48, 15, 0, 0, 40, 1, 0, 36, 1, 0, 241, 1, 227]
1542999419003;[171, 0, 4, 255, 132, 128, 73]
1542999419007;[171, 0, 17, 255, 161, 74, 240, 48, 15, 0, 0, 38, 1, 0, 36, 1, 0, 241, 1, 252]
1542999419350;[171, 0, 17, 255, 161, 74, 240, 48, 15, 0, 0, 38, 1, 0, 35, 1, 0, 241, 2, 2]
1542999419353;[171, 0, 17, 255, 161, 74, 240, 48, 15, 0, 0, 40, 1, 0, 36, 1, 0, 241, 1, 238]
1542999419357;[171, 0, 17, 255, 161, 74, 240, 48, 15, 0, 0, 39, 1, 0, 35, 1, 0, 241, 1, 228]
1542999419521;[171, 0, 17, 255, 161, 74, 240, 48, 15, 0, 0, 40, 1, 0, 36, 1, 0, 242, 1, 211]
1542999419524;[171, 0, 17, 255, 161, 74, 240, 48, 16, 0, 0, 37, 1, 0, 37, 1, 0, 241, 1, 187]
1542999419694;[171, 0, 17, 255, 161, 74, 240, 48, 16, 0, 0, 41, 1, 0, 36, 1, 0, 242, 1, 172]
1542999419698;[171, 0, 17, 255, 161, 74, 240, 48, 16, 0, 0, 38, 1, 0, 37, 1, 0, 242, 1, 158]
1542999419866;[171, 0, 17, 255, 161, 74, 240, 48, 16, 0, 0, 37, 1, 0, 36, 1, 0, 243, 1, 181]
1542999419870;[171, 0, 17, 255, 161, 74, 240, 48, 16, 0, 0, 39, 1, 0, 36, 1, 0, 242, 1, 209]
1542999420037;[171, 0, 4, 255, 132, 128, 73]
1542999420210;[171, 0, 17, 255, 161, 74, 240, 48, 16, 0, 0, 37, 1, 0, 35, 1, 0, 241, 1, 211]
1542999420214;[171, 0, 17, 255, 161, 74, 240, 48, 16, 0, 0, 40, 1, 0, 36, 1, 0, 241, 1, 196]
1542999420555;[171, 0, 17, 255, 161, 74, 240, 48, 16, 0, 0, 39, 1, 0, 36, 1, 0, 241, 1, 181]
1542999420560;[171, 0, 17, 255, 161, 74, 240, 48, 16, 0, 0, 38, 1, 0, 37, 1, 0, 242, 1, 168]
1542999420563;[171, 0, 17, 255, 161, 74, 240, 48, 16, 0, 0, 40, 1, 0, 39, 1, 0, 242, 1, 144]
1542999420565;[171, 0, 17, 255, 161, 74, 240, 48, 17, 0, 0, 40, 1, 0, 38, 1, 0, 242, 1, 124]
1542999420726;[171, 0, 17, 255, 161, 74, 240, 48, 17, 0, 0, 42, 1, 0, 37, 1, 0, 242, 1, 164]
1542999420900;[171, 0, 17, 255, 161, 74, 240, 48, 17, 0, 0, 39, 1, 0, 36, 1, 0, 241, 1, 181]
1542999420904;[171, 0, 17, 255, 161, 74, 240, 48, 17, 0, 0, 37, 1, 0, 37, 1, 0, 241, 1, 170]
1542999421073;[171, 0, 17, 255, 161, 74, 240, 48, 17, 0, 0, 38, 1, 0, 37, 1, 0, 243, 1, 153]
1542999421079;[171, 0, 4, 255, 132, 128, 73]
1542999421245;[171, 0, 17, 255, 161, 74, 240, 48, 17, 0, 0, 40, 1, 0, 35, 1, 0, 243, 1, 138]
1542999421415;[171, 0, 17, 255, 161, 74, 240, 48, 17, 0, 0, 38, 1, 0, 36, 1, 0, 240, 1, 109]
1542999421420;[171, 0, 17, 255, 161, 74, 240, 48, 17, 0, 0, 40, 1, 0, 37, 1, 0, 240, 1, 81]
1542999421587;[171, 0, 17, 255, 161, 74, 240, 48, 17, 0, 0, 40, 1, 0, 37, 1, 0, 241, 1, 60]
1542999421594;[171, 0, 17, 255, 161, 74, 240, 48, 17, 0, 0, 38, 1, 0, 37, 1, 0, 241, 1, 102]
1542999421937;[171, 0, 17, 255, 161, 74, 240, 48, 18, 0, 0, 39, 1, 0, 37, 1, 0, 241, 1, 123]
1542999421941;[171, 0, 17, 255, 161, 74, 240, 48, 18, 0, 0, 37, 1, 0, 35, 1, 0, 241, 1, 120]
1542999421945;[171, 0, 17, 255, 161, 74, 240, 48, 18, 0, 0, 36, 1, 0, 38, 1, 0, 241, 1, 93]
1542999422109;[171, 0, 17, 255, 161, 74, 240, 48, 18, 0, 0, 40, 1, 0, 36, 1, 0, 241, 1, 86]
1542999422112;[171, 0, 17, 255, 161, 74, 240, 48, 18, 0, 0, 39, 1, 0, 37, 1, 0, 242, 1, 64]
1542999422282;[171, 0, 4, 255, 132, 128, 73]
1542999422286;[171, 0, 17, 255, 161, 74, 240, 48, 18, 0, 0, 40, 1, 0, 35, 1, 0, 242, 1, 39]
1542999422454;[171, 0, 17, 255, 161, 74, 240, 48, 18, 0, 0, 40, 1, 0, 37, 1, 0, 242, 1, 16]
1542999422458;[171, 0, 17, 255, 161, 74, 240, 48, 18, 0, 0, 39, 1, 0, 37, 1, 0, 240, 0, 255]
1542999422626;[171, 0, 17, 255, 161, 74, 240, 48, 18, 0, 0, 39, 1, 0, 36, 1, 0, 241, 1, 42]
1542999422798;[171, 0, 17, 255, 161, 74, 240, 48, 18, 0, 0, 40, 1, 0, 37, 1, 0, 241, 1, 65]
1542999422802;[171, 0, 17, 255, 161, 74, 240, 48, 19, 0, 0, 41, 1, 0, 36, 1, 0, 241, 1, 57]
1542999423144;[171, 0, 17, 255, 161, 74, 240, 48, 19, 0, 0, 42, 1, 0, 37, 1, 0, 241, 1, 42]
1542999423148;[171, 0, 17, 255, 161, 74, 240, 48, 19, 0, 0, 40, 1, 0, 36, 1, 0, 241, 1, 28]
1542999423152;[171, 0, 17, 255, 161, 74, 240, 48, 19, 0, 0, 40, 1, 0, 38, 1, 0, 241, 1, 13]
1542999423315;[171, 0, 17, 255, 161, 74, 240, 48, 19, 0, 0, 37, 1, 0, 36, 1, 0, 242, 0, 247]
1542999423319;[171, 0, 4, 255, 132, 128, 73]
1542999423488;[171, 0, 17, 255, 161, 74, 240, 48, 19, 0, 0, 37, 1, 0, 34, 1, 0, 244, 0, 225]
1542999423492;[171, 0, 17, 255, 161, 74, 240, 48, 19, 0, 0, 38, 1, 0, 38, 1, 0, 242, 0, 252]
1542999423661;[171, 0, 17, 255, 161, 74, 240, 48, 19, 0, 0, 41, 1, 0, 36, 1, 0, 242, 1, 15]
1542999423664;[171, 0, 17, 255, 161, 74, 240, 48, 19, 0, 0, 40, 1, 0, 35, 1, 0, 242, 1, 21]
1542999423833;[171, 0, 17, 255, 161, 74, 240, 48, 19, 0, 0, 39, 1, 0, 36, 1, 0, 241, 0, 251]
1542999424007;[171, 0, 17, 255, 161, 74, 240, 48, 20, 0, 0, 41, 1, 0, 36, 1, 0, 241, 0, 232]
1542999424010;[171, 0, 17, 255, 161, 74, 240, 48, 20, 0, 0, 39, 1, 0, 37, 1, 0, 241, 0, 214]
1542999424527;[171, 0, 17, 255, 161, 74, 240, 48, 20, 0, 0, 39, 1, 0, 36, 1, 0, 242, 16, 183]
1542999424532;[171, 0, 17, 255, 161, 74, 240, 48, 20, 0, 0, 39, 1, 0, 36, 1, 0, 241, 7, 183]
1542999424534;[171, 0, 17, 255, 161, 74, 240, 48, 20, 0, 0, 40, 1, 0, 36, 1, 0, 241, 7, 209]
1542999424535;[171, 0, 4, 255, 132, 128, 73]
1542999424698;[171, 0, 17, 255, 161, 74, 240, 48, 20, 0, 0, 38, 1, 0, 36, 1, 0, 241, 7, 220]
1542999424701;[171, 0, 17, 255, 161, 74, 240, 48, 20, 0, 0, 37, 1, 0, 35, 1, 0, 241, 7, 217]
1542999424705;[171, 0, 17, 255, 161, 74, 240, 48, 20, 0, 0, 41, 1, 0, 35, 1, 0, 240, 7, 200]
1542999424869;[171, 0, 17, 255, 161, 74, 240, 48, 20, 0, 0, 42, 1, 0, 35, 1, 0, 243, 7, 176]
1542999424873;[171, 0, 17, 255, 161, 74, 240, 48, 20, 0, 0, 39, 1, 0, 36, 1, 0, 241, 7, 160]
1542999425040;[171, 0, 17, 255, 161, 74, 240, 48, 21, 0, 0, 40, 1, 0, 36, 1, 0, 243, 7, 135]
1542999425214;[171, 0, 17, 255, 161, 74, 240, 48, 21, 0, 0, 36, 1, 0, 37, 1, 0, 242, 7, 118]
1542999425217;[171, 0, 17, 255, 161, 74, 240, 48, 21, 0, 0, 39, 1, 0, 35, 1, 0, 241, 7, 99]
1542999425386;[171, 0, 17, 255, 161, 74, 240, 48, 21, 0, 0, 40, 1, 0, 37, 1, 0, 243, 7, 144]
1542999425390;[171, 0, 17, 255, 161, 74, 240, 48, 21, 0, 0, 40, 1, 0, 36, 1, 0, 242, 7, 163]
1542999425732;[171, 0, 4, 255, 132, 128, 72]
1542999425739;[171, 0, 17, 255, 161, 74, 240, 48, 21, 0, 0, 40, 1, 0, 36, 1, 0, 241, 7, 148]
1542999425742;[171, 0, 17, 255, 161, 74, 240, 48, 21, 0, 0, 38, 1, 0, 35, 1, 0, 240, 7, 137]
1542999425903;[171, 0, 17, 255, 161, 74, 240, 48, 21, 0, 0, 38, 1, 0, 36, 1, 0, 242, 7, 117]
1542999425906;[171, 0, 17, 255, 161, 74, 240, 48, 21, 0, 0, 41, 1, 0, 37, 1, 0, 240, 7, 99]
1542999426076;[171, 0, 17, 255, 161, 74, 240, 48, 21, 0, 0, 40, 1, 0, 39, 1, 0, 241, 7, 83]
1542999426080;[171, 0, 17, 255, 161, 74, 240, 48, 22, 0, 0, 39, 1, 0, 37, 1, 0, 242, 7, 59]
1542999426247;[171, 0, 17, 255, 161, 74, 240, 48, 22, 0, 0, 37, 1, 0, 35, 1, 0, 241, 7, 89]
1542999426417;[171, 0, 17, 255, 161, 74, 240, 48, 22, 0, 0, 37, 1, 0, 36, 1, 0, 241, 7, 129]
1542999426420;[171, 0, 17, 255, 161, 74, 240, 48, 22, 0, 0, 37, 1, 0, 37, 1, 0, 241, 7, 122]
1542999426593;[171, 0, 17, 255, 161, 74, 240, 48, 22, 0, 0, 40, 1, 0, 37, 1, 0, 242, 7, 120]
1542999426598;[171, 0, 4, 255, 132, 128, 72]
1542999427112;[171, 0, 17, 255, 161, 74, 240, 48, 22, 0, 0, 40, 1, 0, 37, 1, 0, 243, 7, 101]
1542999427117;[171, 0, 17, 255, 161, 74, 240, 48, 22, 0, 0, 40, 1, 0, 36, 1, 0, 241, 7, 84]
1542999427120;[171, 0, 17, 255, 161, 74, 240, 48, 22, 0, 0, 38, 1, 0, 35, 1, 0, 241, 7, 72]
1542999427124;[171, 0, 17, 255, 161, 74, 240, 48, 22, 0, 0, 37, 1, 0, 35, 1, 0, 243, 7, 54]
1542999427283;[171, 0, 17, 255, 161, 74, 240, 48, 22, 0, 0, 37, 1, 0, 37, 1, 0, 242, 7, 95]
1542999427458;[171, 0, 17, 255, 161, 74, 240, 48, 23, 0, 0, 40, 1, 0, 36, 1, 0, 242, 7, 116]
1542999427461;[171, 0, 17, 255, 161, 74, 240, 48, 23, 0, 0, 41, 1, 0, 37, 1, 0, 240, 7, 117]
1542999427465;[171, 0, 17, 255, 161, 74, 240, 48, 23, 0, 0, 39, 1, 0, 36, 1, 0, 240, 7, 105]
1542999427468;[171, 0, 17, 255, 161, 74, 240, 48, 23, 0, 0, 38, 1, 0, 37, 1, 0, 242, 7, 81]
1542999427628;[171, 0, 17, 255, 161, 74, 240, 48, 23, 0, 0, 38, 1, 0, 36, 1, 0, 242, 7, 71]
1542999427800;[171, 0, 4, 255, 132, 128, 72]
1542999427804;[171, 0, 17, 255, 161, 74, 240, 48, 23, 0, 0, 39, 1, 0, 37, 1, 0, 243, 7, 47]
1542999427988;[171, 0, 17, 255, 161, 74, 240, 48, 23, 0, 0, 38, 1, 0, 36, 1, 0, 241, 7, 28]
1542999427992;[171, 0, 17, 255, 161, 74, 240, 48, 23, 0, 0, 39, 1, 0, 35, 1, 0, 243, 7, 76]
1542999428320;[171, 0, 17, 255, 161, 74, 240, 48, 23, 0, 0, 41, 1, 0, 35, 1, 0, 242, 7, 99]
1542999428323;[171, 0, 17, 255, 161, 74, 240, 48, 23, 0, 0, 39, 1, 0, 37, 1, 0, 242, 7, 94]
1542999428327;[171, 0, 17, 255, 161, 74, 240, 48, 24, 0, 0, 39, 1, 0, 37, 1, 0, 242, 7, 83]
1542999428492;[171, 0, 17, 255, 161, 74, 240, 48, 24, 0, 0, 39, 1, 0, 37, 1, 0, 242, 7, 65]
1542999428495;[171, 0, 17, 255, 161, 74, 240, 48, 24, 0, 0, 41, 1, 0, 36, 1, 0, 243, 7, 54]
1542999428663;[171, 0, 17, 255, 161, 74, 240, 48, 24, 0, 0, 39, 1, 0, 36, 1, 0, 241, 7, 30]
1542999428667;[171, 0, 17, 255, 161, 74, 240, 48, 24, 0, 0, 39, 1, 0, 36, 1, 0, 241, 7, 5]
1542999428835;[171, 0, 4, 255, 132, 128, 72]
1542999429183;[171, 0, 17, 255, 161, 74, 240, 48, 24, 0, 0, 40, 1, 0, 36, 1, 0, 241, 7, 2]
1542999429187;[171, 0, 17, 255, 161, 74, 240, 48, 24, 0, 0, 39, 1, 0, 37, 1, 0, 241, 7, 51]
1542999429190;[171, 0, 17, 255, 161, 74, 240, 48, 24, 0, 0, 39, 1, 0, 35, 1, 0, 242, 7, 73]
1542999429193;[171, 0, 17, 255, 161, 74, 240, 48, 24, 0, 0, 38, 1, 0, 35, 1, 0, 242, 7, 67]
1542999429700;[171, 0, 17, 255, 161, 74, 240, 48, 24, 0, 0, 40, 1, 0, 37, 1, 0, 240, 7, 49]
1542999429703;[171, 0, 17, 255, 161, 74, 240, 48, 25, 0, 0, 39, 1, 0, 40, 1, 0, 241, 7, 33]
1542999429708;[171, 0, 17, 255, 161, 74, 240, 48, 25, 0, 0, 42, 1, 0, 37, 1, 0, 242, 7, 25]
1542999429712;[171, 0, 17, 255, 161, 74, 240, 48, 25, 0, 0, 40, 1, 0, 38, 1, 0, 241, 7, 0]
1542999429872;[171, 0, 17, 255, 161, 74, 240, 48, 25, 0, 0, 41, 1, 0, 35, 1, 0, 242, 7, 8]
1542999429876;[171, 0, 17, 255, 161, 74, 240, 48, 25, 0, 0, 38, 1, 0, 36, 1, 0, 242, 7, 54]
1542999429881;[171, 0, 4, 255, 132, 128, 72]
1542999430043;[171, 0, 17, 255, 161, 74, 240, 48, 25, 0, 0, 39, 1, 0, 37, 1, 0, 242, 7, 66]
1542999430216;[171, 0, 17, 255, 161, 74, 240, 48, 25, 0, 0, 39, 1, 0, 35, 1, 0, 242, 7, 46]
1542999430221;[171, 0, 17, 255, 161, 74, 240, 48, 25, 0, 0, 39, 1, 0, 38, 1, 0, 243, 7, 31]
1542999430391;[171, 0, 17, 255, 161, 74, 240, 48, 25, 0, 0, 41, 1, 0, 37, 1, 0, 243, 7, 20]
1542999430400;[171, 0, 17, 255, 161, 74, 240, 48, 25, 0, 0, 41, 1, 0, 37, 1, 0, 242, 6, 255]
1542999430909;[171, 0, 17, 255, 161, 74, 240, 48, 26, 0, 0, 39, 1, 0, 35, 1, 0, 242, 6, 229]
1542999430911;[171, 0, 17, 255, 161, 74, 240, 48, 26, 0, 0, 39, 1, 0, 35, 1, 0, 241, 6, 248]
1542999430915;[171, 0, 17, 255, 161, 74, 240, 48, 26, 0, 0, 38, 1, 0, 38, 1, 0, 241, 7, 36]
1542999430919;[171, 0, 17, 255, 161, 74, 240, 48, 26, 0, 0, 38, 1, 0, 37, 1, 0, 241, 7, 37]
1542999431080;[171, 0, 17, 255, 161, 74, 240, 48, 26, 0, 0, 40, 1, 0, 36, 1, 0, 242, 7, 19]
1542999431084;[171, 0, 4, 255, 132, 128, 72]
1542999431087;[171, 0, 17, 255, 161, 74, 240, 48, 26, 0, 0, 40, 1, 0, 36, 1, 0, 240, 7, 2]
1542999431251;[171, 0, 17, 255, 161, 74, 240, 48, 26, 0, 0, 38, 1, 0, 36, 1, 0, 241, 6, 244]
1542999431256;[171, 0, 17, 255, 161, 74, 240, 48, 26, 0, 0, 37, 1, 0, 38, 1, 0, 242, 6, 220]
1542999431423;[171, 0, 17, 255, 161, 74, 240, 48, 26, 0, 0, 38, 1, 0, 35, 1, 0, 241, 6, 208]
1542999431595;[171, 0, 17, 255, 161, 74, 240, 48, 26, 0, 0, 40, 1, 0, 40, 1, 0, 242, 6, 233]
1542999431598;[171, 0, 17, 255, 161, 74, 240, 48, 27, 0, 0, 39, 1, 0, 37, 1, 0, 243, 7, 24]
1542999431765;[171, 0, 17, 255, 161, 74, 240, 48, 27, 0, 0, 38, 1, 0, 37, 1, 0, 242, 7, 27]
1542999431767;[171, 0, 17, 255, 161, 74, 240, 48, 27, 0, 0, 39, 1, 0, 36, 1, 0, 241, 7, 24]
1542999432114;[171, 0, 17, 255, 161, 74, 240, 48, 27, 0, 0, 38, 1, 0, 37, 1, 0, 241, 7, 15]
1542999432118;[171, 0, 17, 255, 161, 74, 240, 48, 27, 0, 0, 38, 1, 0, 37, 1, 0, 241, 7, 1]
1542999432122;[171, 0, 4, 255, 132, 128, 72]
1542999432286;[171, 0, 17, 255, 161, 74, 240, 48, 27, 0, 0, 38, 1, 0, 34, 1, 0, 241, 6, 229]
1542999432290;[171, 0, 17, 255, 161, 74, 240, 48, 27, 0, 0, 40, 1, 0, 35, 1, 0, 243, 6, 216]
1542999432459;[171, 0, 17, 255, 161, 74, 240, 48, 27, 0, 0, 37, 1, 0, 38, 1, 0, 242, 6, 227]
1542999432461;[171, 0, 17, 255, 161, 74, 240, 48, 27, 0, 0, 39, 1, 0, 37, 1, 0, 242, 7, 18]
1542999432632;[171, 0, 17, 255, 161, 74, 240, 48, 27, 0, 0, 39, 1, 0, 38, 1, 0, 242, 7, 42]
1542999432801;[171, 0, 17, 255, 161, 74, 240, 48, 28, 0, 0, 40, 1, 0, 32, 1, 0, 240, 7, 22]
1542999432804;[171, 0, 17, 255, 161, 74, 240, 48, 28, 0, 0, 41, 1, 0, 37, 1, 0, 241, 7, 19]
1542999432976;[171, 0, 17, 255, 161, 74, 240, 48, 28, 0, 0, 39, 1, 0, 37, 1, 0, 241, 7, 8]
1542999432980;[171, 0, 17, 255, 161, 74, 240, 48, 28, 0, 0, 38, 1, 0, 37, 1, 0, 242, 6, 244]
1542999433495;[171, 0, 17, 255, 161, 74, 240, 48, 28, 0, 0, 38, 1, 0, 36, 1, 0, 242, 6, 225]
1542999433499;[171, 0, 4, 255, 132, 128, 72]
1542999433505;[171, 0, 17, 255, 161, 74, 240, 48, 28, 0, 0, 39, 1, 0, 36, 1, 0, 242, 7, 10]
1542999433508;[171, 0, 17, 255, 161, 74, 240, 48, 28, 0, 0, 37, 1, 0, 35, 1, 0, 242, 7, 50]
1542999433667;[171, 0, 17, 255, 161, 74, 240, 48, 28, 0, 0, 39, 1, 0, 38, 1, 0, 242, 7, 38]
1542999433671;[171, 0, 17, 255, 161, 74, 240, 48, 28, 0, 0, 39, 1, 0, 35, 1, 0, 239, 7, 25]
1542999433675;[171, 0, 17, 255, 161, 74, 240, 48, 28, 0, 0, 41, 1, 0, 38, 1, 0, 244, 7, 12]
1542999434011;[171, 0, 17, 255, 161, 74, 240, 48, 29, 0, 0, 39, 1, 0, 36, 1, 0, 242, 6, 255]
1542999434018;[171, 0, 17, 255, 161, 74, 240, 48, 29, 0, 0, 38, 1, 0, 37, 1, 0, 241, 6, 221]
1542999434020;[171, 0, 17, 255, 161, 74, 240, 48, 29, 0, 0, 38, 1, 0, 37, 1, 0, 240, 6, 209]
1542999434183;[171, 0, 17, 255, 161, 74, 240, 48, 29, 0, 0, 39, 1, 0, 36, 1, 0, 242, 7, 24]
1542999434187;[171, 0, 17, 255, 161, 74, 240, 48, 29, 0, 0, 39, 1, 0, 37, 1, 0, 242, 7, 42]
1542999434355;[171, 0, 4, 255, 132, 128, 73]
1542999434359;[171, 0, 17, 255, 161, 74, 240, 48, 29, 0, 0, 40, 1, 0, 37, 1, 0, 241, 7, 34]
1542999434702;[171, 0, 17, 255, 161, 74, 240, 48, 29, 0, 0, 40, 1, 0, 37, 1, 0, 241, 7, 21]
1542999434706;[171, 0, 17, 255, 161, 74, 240, 48, 29, 0, 0, 40, 1, 0, 36, 1, 0, 240, 7, 2]
1542999434711;[171, 0, 17, 255, 161, 74, 240, 48, 29, 0, 0, 39, 1, 0, 36, 1, 0, 242, 6, 238]
1542999434873;[171, 0, 17, 255, 161, 74, 240, 48, 29, 0, 0, 38, 1, 0, 38, 1, 0, 241, 6, 222]
1542999434876;[171, 0, 17, 255, 161, 74, 240, 48, 30, 0, 0, 40, 1, 0, 36, 1, 0, 240, 6, 200]
1542999435046;[171, 0, 17, 255, 161, 74, 240, 48, 30, 0, 0, 41, 1, 0, 36, 1, 0, 242, 6, 248]
1542999435219;[171, 0, 17, 255, 161, 74, 240, 48, 30, 0, 0, 40, 1, 0, 37, 1, 0, 241, 7, 32]
1542999435223;[171, 0, 17, 255, 161, 74, 240, 48, 30, 0, 0, 39, 1, 0, 36, 1, 0, 242, 7, 16]
1542999435390;[171, 0, 17, 255, 161, 74, 240, 48, 30, 0, 0, 39, 1, 0, 37, 1, 0, 243, 7, 5]
1542999435394;[171, 0, 4, 255, 132, 128, 73]
1542999435563;[171, 0, 17, 255, 161, 74, 240, 48, 30, 0, 0, 38, 1, 0, 35, 1, 0, 241, 6, 233]
1542999435566;[171, 0, 17, 255, 161, 74, 240, 48, 30, 0, 0, 38, 1, 0, 37, 1, 0, 241, 6, 219]
1542999435910;[171, 0, 17, 255, 161, 74, 240, 48, 30, 0, 0, 37, 1, 0, 36, 1, 0, 242, 6, 197]
1542999435914;[171, 0, 17, 255, 161, 74, 240, 48, 30, 0, 0, 39, 1, 0, 36, 1, 0, 243, 6, 183]
1542999435920;[171, 0, 17, 255, 161, 74, 240, 48, 30, 0, 0, 40, 1, 0, 37, 1, 0, 242, 6, 186]
1542999436086;[171, 0, 17, 255, 161, 74, 240, 48, 31, 0, 0, 40, 1, 0, 36, 1, 0, 242, 6, 245]
1542999436087;[171, 0, 17, 255, 161, 74, 240, 48, 31, 0, 0, 40, 1, 0, 39, 1, 0, 241, 6, 252]
1542999436254;[171, 0, 17, 255, 161, 74, 240, 48, 31, 0, 0, 40, 1, 0, 37, 1, 0, 242, 6, 244]
1542999436258;[171, 0, 17, 255, 161, 74, 240, 48, 31, 0, 0, 39, 1, 0, 36, 1, 0, 242, 6, 229]
1542999436426;[171, 0, 17, 255, 161, 74, 240, 48, 31, 0, 0, 40, 1, 0, 37, 1, 0, 243, 6, 224]
1542999436597;[171, 0, 4, 255, 132, 128, 73]
1542999436602;[171, 0, 17, 255, 161, 74, 240, 48, 31, 0, 0, 39, 1, 0, 36, 1, 0, 242, 6, 196]
1542999436778;[171, 0, 17, 255, 161, 74, 240, 48, 31, 0, 0, 39, 1, 0, 35, 1, 0, 242, 6, 184]
1542999436780;[171, 0, 17, 255, 161, 74, 240, 48, 31, 0, 0, 39, 1, 0, 38, 1, 0, 241, 6, 207]
1542999437290;[171, 0, 17, 255, 161, 74, 240, 48, 31, 0, 0, 41, 1, 0, 37, 1, 0, 243, 6, 252]
1542999437295;[171, 0, 17, 255, 161, 74, 240, 48, 31, 0, 0, 42, 1, 0, 39, 1, 0, 240, 6, 234]
1542999437297;[171, 0, 17, 255, 161, 74, 240, 48, 32, 0, 0, 38, 1, 0, 38, 1, 0, 240, 6, 216]
1542999437302;[171, 0, 17, 255, 161, 74, 240, 48, 32, 0, 0, 40, 1, 0, 35, 1, 0, 243, 6, 198]
1542999437462;[171, 0, 17, 255, 161, 74, 240, 48, 32, 0, 0, 38, 1, 0, 35, 1, 0, 240, 6, 177]
1542999437466;[171, 0, 17, 255, 161, 74, 240, 48, 32, 0, 0, 40, 1, 0, 37, 1, 0, 242, 6, 149]
1542999437469;[171, 0, 17, 255, 161, 74, 240, 48, 32, 0, 0, 37, 1, 0, 35, 1, 0, 241, 6, 125]
1542999437632;[171, 0, 4, 255, 132, 128, 73]
1542999437806;[171, 0, 17, 255, 161, 74, 240, 48, 32, 0, 0, 37, 1, 0, 37, 1, 0, 241, 6, 168]
1542999437810;[171, 0, 17, 255, 161, 74, 240, 48, 32, 0, 0, 39, 1, 0, 37, 1, 0, 241, 6, 190]
1542999437977;[171, 0, 17, 255, 161, 74, 240, 48, 32, 0, 0, 36, 1, 0, 35, 1, 0, 241, 6, 181]
1542999437981;[171, 0, 17, 255, 161, 74, 240, 48, 32, 0, 0, 38, 1, 0, 37, 1, 0, 243, 6, 162]
1542999438151;[171, 0, 17, 255, 161, 74, 240, 48, 32, 0, 0, 39, 1, 0, 35, 1, 0, 241, 6, 150]
1542999438155;[171, 0, 17, 255, 161, 74, 240, 48, 33, 0, 0, 39, 1, 0, 36, 1, 0, 243, 6, 122]
1542999438671;[171, 0, 17, 255, 161, 74, 240, 48, 33, 0, 0, 38, 1, 0, 35, 1, 0, 240, 6, 99]
1542999438674;[171, 0, 17, 255, 161, 74, 240, 48, 33, 0, 0, 38, 1, 0, 36, 1, 0, 241, 6, 72]
1542999438679;[171, 0, 17, 255, 161, 74, 240, 48, 33, 0, 0, 40, 1, 0, 38, 1, 0, 243, 6, 69]
1542999438683;[171, 0, 17, 255, 161, 74, 240, 48, 33, 0, 0, 37, 1, 0, 37, 1, 0, 241, 6, 126]
1542999438841;[171, 0, 4, 255, 132, 128, 73]
1542999438845;[171, 0, 17, 255, 161, 74, 240, 48, 33, 0, 0, 39, 1, 0, 38, 1, 0, 240, 6, 133]
1542999439014;[171, 0, 17, 255, 161, 74, 240, 48, 33, 0, 0, 39, 1, 0, 37, 1, 0, 241, 6, 111]
1542999439017;[171, 0, 17, 255, 161, 74, 240, 48, 33, 0, 0, 39, 1, 0, 37, 1, 0, 242, 6, 93]
1542999439186;[171, 0, 17, 255, 161, 74, 240, 48, 33, 0, 0, 38, 1, 0, 34, 1, 0, 241, 6, 75]
1542999439190;[171, 0, 17, 255, 161, 74, 240, 48, 33, 0, 0, 38, 1, 0, 37, 1, 0, 242, 6, 50]
1542999439358;[171, 0, 17, 255, 161, 74, 240, 48, 34, 0, 0, 38, 1, 0, 38, 1, 0, 241, 6, 24]
1542999439361;[171, 0, 17, 255, 161, 74, 240, 48, 34, 0, 0, 39, 1, 0, 37, 1, 0, 240, 6, 18]
1542999439531;[171, 0, 17, 255, 161, 74, 240, 48, 34, 0, 0, 39, 1, 0, 39, 1, 0, 242, 6, 76]
1542999439875;[171, 0, 17, 255, 161, 74, 240, 48, 34, 0, 0, 38, 1, 0, 37, 1, 0, 241, 6, 85]
1542999439879;[171, 0, 17, 255, 161, 74, 240, 48, 36, 0, 0, 40, 1, 0, 36, 1, 0, 243, 5, 208]
1542999440048;[171, 0, 17, 255, 161, 74, 240, 48, 36, 0, 0, 40, 1, 0, 36, 1, 0, 242, 5, 229]
1542999440221;[171, 0, 17, 255, 161, 74, 240, 48, 36, 0, 0, 38, 1, 0, 36, 1, 0, 241, 5, 219]
1542999440225;[171, 0, 17, 255, 161, 74, 240, 48, 36, 0, 0, 38, 1, 0, 36, 1, 0, 241, 5, 203]
1542999440394;[171, 0, 17, 255, 161, 74, 240, 48, 36, 0, 0, 40, 1, 0, 36, 1, 0, 242, 5, 176]
1542999440397;[171, 0, 17, 255, 161, 74, 240, 48, 37, 0, 0, 40, 1, 0, 37, 1, 0, 242, 5, 166]
1542999440565;[171, 0, 17, 255, 161, 74, 240, 48, 37, 0, 0, 42, 1, 0, 36, 1, 0, 241, 5, 142]
1542999440568;[171, 0, 17, 255, 161, 74, 240, 48, 37, 0, 0, 36, 1, 0, 38, 1, 0, 241, 5, 122]
1542999440738;[171, 0, 17, 255, 161, 74, 240, 48, 37, 0, 0, 39, 1, 0, 37, 1, 0, 242, 5, 156]
1542999441086;[171, 0, 17, 255, 161, 74, 240, 48, 37, 0, 0, 37, 1, 0, 37, 1, 0, 242, 5, 192]
1542999441092;[171, 0, 4, 255, 132, 128, 74]
1542999441095;[171, 0, 17, 255, 161, 74, 240, 48, 37, 0, 0, 41, 1, 0, 36, 1, 0, 242, 5, 187]
1542999441100;[171, 0, 17, 255, 161, 74, 240, 48, 37, 0, 0, 37, 1, 0, 36, 1, 0, 243, 5, 174]
1542999441255;[171, 0, 17, 255, 161, 74, 240, 48, 37, 0, 0, 39, 1, 0, 37, 1, 0, 241, 5, 167]
1542999441259;[171, 0, 17, 255, 161, 74, 240, 48, 37, 0, 0, 39, 1, 0, 36, 1, 0, 242, 5, 143]
1542999441429;[171, 0, 17, 255, 161, 74, 240, 48, 37, 0, 0, 38, 1, 0, 36, 1, 0, 241, 5, 130]
1542999441601;[171, 0, 17, 255, 161, 74, 240, 48, 38, 0, 0, 37, 1, 0, 36, 1, 0, 244, 5, 132]
1542999441605;[171, 0, 17, 255, 161, 74, 240, 48, 38, 0, 0, 39, 1, 0, 37, 1, 0, 242, 5, 175]
1542999441774;[171, 0, 17, 255, 161, 74, 240, 48, 38, 0, 0, 38, 1, 0, 36, 1, 0, 241, 5, 176]
1542999441777;[171, 0, 17, 255, 161, 74, 240, 48, 38, 0, 0, 39, 1, 0, 36, 1, 0, 241, 5, 157]
1542999441942;[171, 0, 17, 255, 161, 74, 240, 48, 38, 0, 0, 39, 1, 0, 35, 1, 0, 242, 5, 141]
1542999442464;[171, 0, 4, 255, 132, 128, 74]
1542999442468;[171, 0, 17, 255, 161, 74, 240, 48, 38, 0, 0, 39, 1, 0, 38, 1, 0, 242, 5, 113]
1542999442471;[171, 0, 17, 255, 161, 74, 240, 48, 38, 0, 0, 38, 1, 0, 34, 1, 0, 242, 5, 89]
1542999442475;[171, 0, 17, 255, 161, 74, 240, 48, 38, 0, 0, 38, 1, 0, 37, 1, 0, 241, 5, 76]
1542999442635;[171, 0, 17, 255, 161, 74, 240, 48, 38, 0, 0, 39, 1, 0, 38, 1, 0, 243, 5, 111]
1542999442639;[171, 0, 17, 255, 161, 74, 240, 48, 38, 0, 0, 39, 1, 0, 35, 1, 0, 241, 5, 128]
1542999442643;[171, 0, 17, 255, 161, 74, 240, 48, 39, 0, 0, 39, 1, 0, 37, 1, 0, 243, 5, 122]
1542999442809;[171, 0, 17, 255, 161, 74, 240, 48, 39, 0, 0, 38, 1, 0, 36, 1, 0, 241, 5, 101]
1542999442812;[171, 0, 17, 255, 161, 74, 240, 48, 39, 0, 0, 38, 1, 0, 36, 1, 0, 242, 5, 80]
1542999442980;[171, 0, 17, 255, 161, 74, 240, 48, 39, 0, 0, 39, 1, 0, 35, 1, 0, 241, 5, 69]
1542999442984;[171, 0, 17, 255, 161, 74, 240, 48, 39, 0, 0, 42, 1, 0, 36, 1, 0, 242, 5, 38]
1542999443153;[171, 0, 4, 255, 132, 128, 74]
1542999443157;[171, 0, 17, 255, 161, 74, 240, 48, 39, 0, 0, 39, 1, 0, 36, 1, 0, 241, 5, 17]
1542999443672;[171, 0, 17, 255, 161, 74, 240, 48, 39, 0, 0, 39, 1, 0, 37, 1, 0, 242, 5, 61]
1542999443676;[171, 0, 17, 255, 161, 74, 240, 48, 39, 0, 0, 40, 1, 0, 36, 1, 0, 243, 5, 86]
1542999443679;[171, 0, 17, 255, 161, 74, 240, 48, 39, 0, 0, 40, 1, 0, 36, 1, 0, 241, 5, 82]
1542999443683;[171, 0, 17, 255, 161, 74, 240, 48, 39, 0, 0, 38, 1, 0, 36, 1, 0, 241, 5, 60]
1542999443843;[171, 0, 17, 255, 161, 74, 240, 48, 40, 0, 0, 41, 1, 0, 37, 1, 0, 241, 5, 43]
1542999443847;[171, 0, 17, 255, 161, 74, 240, 48, 40, 0, 0, 38, 1, 0, 38, 1, 0, 243, 5, 19]
1542999444015;[171, 0, 17, 255, 161, 74, 240, 48, 40, 0, 0, 38, 1, 0, 36, 1, 0, 239, 5, 2]
1542999444019;[171, 0, 17, 255, 161, 74, 240, 48, 40, 0, 0, 37, 1, 0, 36, 1, 0, 241, 4, 226]
1542999444188;[171, 0, 17, 255, 161, 74, 240, 48, 40, 0, 0, 36, 1, 0, 35, 1, 0, 241, 4, 248]
1542999444192;[171, 0, 4, 255, 132, 128, 74]
1542999444358;[171, 0, 17, 255, 161, 74, 240, 48, 40, 0, 0, 39, 1, 0, 36, 1, 0, 242, 5, 35]
1542999444361;[171, 0, 17, 255, 161, 74, 240, 48, 40, 0, 0, 41, 1, 0, 37, 1, 0, 241, 5, 36]
1542999444533;[171, 0, 17, 255, 161, 74, 240, 48, 40, 0, 0, 37, 1, 0, 35, 1, 0, 242, 5, 32]
1542999445052;[171, 0, 17, 255, 161, 74, 240, 48, 40, 0, 0, 39, 1, 0, 37, 1, 0, 242, 5, 11]
1542999445055;[171, 0, 17, 255, 161, 74, 240, 48, 40, 0, 0, 38, 1, 0, 35, 1, 0, 242, 4, 255]
1542999445058;[171, 0, 17, 255, 161, 74, 240, 48, 41, 0, 0, 41, 1, 0, 37, 1, 0, 242, 4, 229]
1542999445061;[171, 0, 17, 255, 161, 74, 240, 48, 41, 0, 0, 38, 1, 0, 36, 1, 0, 243, 4, 219]
1542999445224;[171, 0, 17, 255, 161, 74, 240, 48, 41, 0, 0, 39, 1, 0, 36, 1, 0, 241, 5, 12]
1542999445227;[171, 0, 17, 255, 161, 74, 240, 48, 41, 0, 0, 39, 1, 0, 38, 1, 0, 241, 5, 23]
1542999445231;[171, 0, 17, 255, 161, 74, 240, 48, 41, 0, 0, 40, 1, 0, 36, 1, 0, 242, 4, 254]
1542999445396;[171, 0, 4, 255, 132, 128, 75]
1542999445403;[171, 0, 17, 255, 161, 74, 240, 48, 41, 0, 0, 38, 1, 0, 37, 1, 0, 242, 4, 234]
1542999445567;[171, 0, 17, 255, 161, 74, 240, 48, 41, 0, 0, 40, 1, 0, 35, 1, 0, 242, 4, 215]
1542999445571;[171, 0, 17, 255, 161, 74, 240, 48, 41, 0, 0, 40, 1, 0, 36, 1, 0, 241, 4, 189]
1542999445740;[171, 0, 17, 255, 161, 74, 240, 48, 41, 0, 0, 40, 1, 0, 34, 1, 0, 241, 4, 165]
1542999445913;[171, 0, 17, 255, 161, 74, 240, 48, 41, 0, 0, 40, 1, 0, 36, 1, 0, 241, 4, 194]
1542999445917;[171, 0, 17, 255, 161, 74, 240, 48, 42, 0, 0, 43, 1, 0, 35, 1, 0, 242, 4, 236]
1542999446259;[171, 0, 17, 255, 161, 74, 240, 48, 42, 0, 0, 39, 1, 0, 36, 1, 0, 242, 4, 228]
1542999446263;[171, 0, 17, 255, 161, 74, 240, 48, 42, 0, 0, 39, 1, 0, 35, 1, 0, 242, 4, 211]
1542999446267;[171, 0, 17, 255, 161, 74, 240, 48, 42, 0, 0, 39, 1, 0, 36, 1, 0, 241, 4, 191]
1542999446431;[171, 0, 17, 255, 161, 74, 240, 48, 42, 0, 0, 38, 1, 0, 37, 1, 0, 242, 4, 175]
1542999446434;[171, 0, 4, 255, 132, 128, 75]
1542999446603;[171, 0, 17, 255, 161, 74, 240, 48, 42, 0, 0, 39, 1, 0, 38, 1, 0, 240, 4, 140]
1542999446606;[171, 0, 17, 255, 161, 74, 240, 48, 42, 0, 0, 37, 1, 0, 37, 1, 0, 243, 4, 118]
1542999446950;[171, 0, 17, 255, 161, 74, 240, 48, 42, 0, 0, 37, 1, 0, 36, 1, 0, 242, 4, 170]
1542999446953;[171, 0, 17, 255, 161, 74, 240, 48, 42, 0, 0, 39, 1, 0, 36, 1, 0, 241, 4, 204]
1542999446957;[171, 0, 17, 255, 161, 74, 240, 48, 42, 0, 0, 39, 1, 0, 35, 1, 0, 242, 4, 197]
1542999446961;[171, 0, 17, 255, 161, 74, 240, 48, 43, 0, 0, 40, 1, 0, 36, 1, 0, 242, 4, 174]
1542999447120;[171, 0, 17, 255, 161, 74, 240, 48, 43, 0, 0, 39, 1, 0, 35, 1, 0, 240, 4, 161]
1542999447466;[171, 0, 17, 255, 161, 74, 240, 48, 43, 0, 0, 41, 1, 0, 36, 1, 0, 242, 4, 146]
1542999447469;[171, 0, 17, 255, 161, 74, 240, 48, 43, 0, 0, 41, 1, 0, 39, 1, 0, 242, 4, 130]
1542999447472;[171, 0, 17, 255, 161, 74, 240, 48, 43, 0, 0, 39, 1, 0, 37, 1, 0, 241, 4, 105]
1542999447475;[171, 0, 4, 255, 132, 128, 75]
1542999447640;[171, 0, 17, 255, 161, 74, 240, 48, 43, 0, 0, 39, 1, 0, 35, 1, 0, 243, 4, 132]
1542999447809;[171, 0, 17, 255, 161, 74, 240, 48, 43, 0, 0, 40, 1, 0, 36, 1, 0, 241, 4, 186]
1542999447813;[171, 0, 17, 255, 161, 74, 240, 48, 43, 0, 0, 39, 1, 0, 36, 1, 0, 243, 4, 188]
1542999447989;[171, 0, 17, 255, 161, 74, 240, 48, 43, 0, 0, 41, 1, 0, 35, 1, 0, 242, 4, 178]
1542999447990;[171, 0, 17, 255, 161, 74, 240, 48, 43, 0, 0, 38, 1, 0, 36, 1, 0, 242, 4, 169]
1542999448156;[171, 0, 17, 255, 161, 74, 240, 48, 44, 0, 0, 40, 1, 0, 34, 1, 0, 240, 4, 150]
1542999448160;[171, 0, 17, 255, 161, 74, 240, 48, 44, 0, 0, 40, 1, 0, 38, 1, 0, 242, 4, 133]
1542999448327;[171, 0, 17, 255, 161, 74, 240, 48, 44, 0, 0, 39, 1, 0, 37, 1, 0, 241, 4, 134]
1542999448501;[171, 0, 17, 255, 161, 74, 240, 48, 44, 0, 0, 41, 1, 0, 37, 1, 0, 243, 4, 185]
1542999448504;[171, 0, 17, 255, 161, 74, 240, 48, 44, 0, 0, 39, 1, 0, 37, 1, 0, 242, 4, 191]
1542999448845;[171, 0, 4, 255, 132, 128, 76]
1542999448850;[171, 0, 17, 255, 161, 74, 240, 48, 44, 0, 0, 40, 1, 0, 36, 1, 0, 242, 4, 174]
1542999448854;[171, 0, 17, 255, 161, 74, 240, 48, 44, 0, 0, 40, 1, 0, 38, 1, 0, 241, 4, 148]
1542999449019;[171, 0, 17, 255, 161, 74, 240, 48, 44, 0, 0, 40, 1, 0, 36, 1, 0, 241, 4, 132]
1542999449023;[171, 0, 17, 255, 161, 74, 240, 48, 44, 0, 0, 40, 1, 0, 37, 1, 0, 241, 4, 102]
1542999449191;[171, 0, 17, 255, 161, 74, 240, 48, 44, 0, 0, 38, 1, 0, 37, 1, 0, 242, 4, 76]
1542999449195;[171, 0, 17, 255, 161, 74, 240, 48, 45, 0, 0, 41, 1, 0, 36, 1, 0, 242, 4, 92]
1542999449364;[171, 0, 17, 255, 161, 74, 240, 48, 45, 0, 0, 40, 1, 0, 36, 1, 0, 241, 4, 121]
1542999449367;[171, 0, 17, 255, 161, 74, 240, 48, 45, 0, 0, 40, 1, 0, 38, 1, 0, 242, 4, 124]
1542999449535;[171, 0, 17, 255, 161, 74, 240, 48, 45, 0, 0, 39, 1, 0, 37, 1, 0, 243, 4, 97]
1542999449708;[171, 0, 17, 255, 161, 74, 240, 48, 45, 0, 0, 38, 1, 0, 36, 1, 0, 242, 4, 84]
1542999449712;[171, 0, 4, 255, 132, 128, 76]
1542999450054;[171, 0, 17, 255, 161, 74, 240, 48, 45, 0, 0, 39, 1, 0, 35, 1, 0, 240, 4, 63]
1542999450058;[171, 0, 17, 255, 161, 74, 240, 48, 45, 0, 0, 39, 1, 0, 37, 1, 0, 239, 4, 36]
1542999450061;[171, 0, 17, 255, 161, 74, 240, 48, 45, 0, 0, 41, 1, 0, 38, 1, 0, 242, 4, 12]
1542999450064;[171, 0, 17, 255, 161, 74, 240, 48, 45, 0, 0, 38, 1, 0, 35, 1, 0, 244, 3, 234]
1542999450226;[171, 0, 17, 255, 161, 74, 240, 48, 45, 0, 0, 40, 1, 0, 35, 1, 0, 242, 4, 19]
1542999450398;[171, 0, 17, 255, 161, 74, 240, 48, 46, 0, 0, 39, 1, 0, 34, 1, 0, 242, 4, 31]
1542999450402;[171, 0, 17, 255, 161, 74, 240, 48, 46, 0, 0, 40, 1, 0, 36, 1, 0, 240, 4, 21]
1542999450574;[171, 0, 17, 255, 161, 74, 240, 48, 46, 0, 0, 39, 1, 0, 37, 1, 0, 243, 3, 253]
1542999450575;[171, 0, 17, 255, 161, 74, 240, 48, 46, 0, 0, 39, 1, 0, 35, 1, 0, 242, 3, 241]
1542999450743;[171, 0, 17, 255, 161, 74, 240, 48, 46, 0, 0, 36, 1, 0, 39, 1, 0, 241, 3, 216]
1542999450915;[171, 0, 4, 255, 132, 128, 76]
1542999450919;[171, 0, 17, 255, 161, 74, 240, 48, 46, 0, 0, 39, 1, 0, 34, 1, 0, 241, 3, 198]
1542999451441;[171, 0, 17, 255, 161, 74, 240, 48, 46, 0, 0, 39, 1, 0, 34, 1, 0, 242, 3, 176]
1542999451448;[171, 0, 17, 255, 161, 74, 240, 48, 46, 0, 0, 41, 1, 0, 37, 1, 0, 241, 3, 168]
1542999451450;[171, 0, 17, 255, 161, 74, 240, 48, 46, 0, 0, 39, 1, 0, 36, 1, 0, 242, 3, 196]
1542999451455;[171, 0, 17, 255, 161, 74, 240, 48, 46, 0, 0, 38, 1, 0, 38, 1, 0, 242, 3, 193]
1542999451607;[171, 0, 17, 255, 161, 74, 240, 48, 47, 0, 0, 35, 1, 0, 36, 1, 0, 241, 3, 175]
1542999451611;[171, 0, 17, 255, 161, 74, 240, 48, 47, 0, 0, 38, 1, 0, 36, 1, 0, 241, 3, 154]
1542999451614;[171, 0, 17, 255, 161, 74, 240, 48, 47, 0, 0, 40, 1, 0, 35, 1, 0, 243, 3, 130]
1542999451778;[171, 0, 17, 255, 161, 74, 240, 48, 47, 0, 0, 40, 1, 0, 37, 1, 0, 241, 3, 106]
1542999451782;[171, 0, 17, 255, 161, 74, 240, 48, 47, 0, 0, 37, 1, 0, 36, 1, 0, 243, 3, 72]
1542999451952;[171, 0, 4, 255, 132, 128, 76]
1542999451955;[171, 0, 17, 255, 161, 74, 240, 48, 47, 0, 0, 40, 1, 0, 39, 1, 0, 242, 3, 89]
1542999452130;[171, 0, 17, 255, 161, 74, 240, 48, 47, 0, 0, 39, 1, 0, 38, 1, 0, 241, 3, 97]
1542999452292;[171, 0, 17, 255, 161, 74, 240, 48, 47, 0, 0, 38, 1, 0, 37, 1, 0, 240, 3, 92]
1542999452306;[171, 0, 17, 255, 161, 74, 240, 48, 47, 0, 0, 38, 1, 0, 36, 1, 0, 241, 3, 63]
1542999452642;[171, 0, 17, 255, 161, 74, 240, 48, 47, 0, 0, 40, 1, 0, 37, 1, 0, 242, 3, 39]
1542999452646;[171, 0, 17, 255, 161, 74, 240, 48, 48, 0, 0, 39, 1, 0, 38, 1, 0, 243, 3, 21]
1542999452659;[171, 0, 17, 255, 161, 74, 240, 48, 48, 0, 0, 40, 1, 0, 36, 1, 0, 241, 2, 251]
1542999452812;[171, 0, 17, 255, 161, 74, 240, 48, 48, 0, 0, 40, 1, 0, 38, 1, 0, 241, 2, 235]
1542999452815;[171, 0, 17, 255, 161, 74, 240, 48, 48, 0, 0, 38, 1, 0, 36, 1, 0, 241, 2, 230]
1542999452986;[171, 0, 17, 255, 161, 74, 240, 48, 48, 0, 0, 39, 1, 0, 38, 1, 0, 241, 2, 254]
1542999453159;[171, 0, 4, 255, 132, 128, 76]
1542999453164;[171, 0, 17, 255, 161, 74, 240, 48, 48, 0, 0, 39, 1, 0, 37, 1, 0, 242, 2, 251]
1542999453168;[171, 0, 17, 255, 161, 74, 240, 48, 48, 0, 0, 38, 1, 0, 36, 1, 0, 242, 2, 234]
1542999453339;[171, 0, 17, 255, 161, 74, 240, 48, 48, 0, 0, 38, 1, 0, 37, 1, 0, 241, 2, 220]
1542999453502;[171, 0, 17, 255, 161, 74, 240, 48, 48, 0, 0, 38, 1, 0, 35, 1, 0, 241, 2, 198]
1542999453505;[171, 0, 17, 255, 161, 74, 240, 48, 48, 0, 0, 39, 1, 0, 38, 1, 0, 242, 2, 189]
1542999453850;[171, 0, 17, 255, 161, 74, 240, 48, 49, 0, 0, 38, 1, 0, 36, 1, 0, 241, 2, 152]
1542999453853;[171, 0, 17, 255, 161, 74, 240, 48, 49, 0, 0, 36, 1, 0, 35, 1, 0, 242, 2, 136]
1542999453856;[171, 0, 17, 255, 161, 74, 240, 48, 49, 0, 0, 40, 1, 0, 36, 1, 0, 241, 2, 141]
1542999453860;[171, 0, 17, 255, 161, 74, 240, 48, 49, 0, 0, 37, 1, 0, 37, 1, 0, 240, 2, 179]
1542999454021;[171, 0, 17, 255, 161, 74, 240, 48, 49, 0, 0, 38, 1, 0, 37, 1, 0, 240, 2, 172]
1542999454193;[171, 0, 4, 255, 132, 128, 76]
1542999454197;[171, 0, 17, 255, 161, 74, 240, 48, 49, 0, 0, 38, 1, 0, 36, 1, 0, 242, 2, 162]
1542999454366;[171, 0, 17, 255, 161, 74, 240, 48, 49, 0, 0, 38, 1, 0, 36, 1, 0, 242, 2, 151]
1542999454370;[171, 0, 17, 255, 161, 74, 240, 48, 49, 0, 0, 40, 1, 0, 36, 1, 0, 242, 2, 155]
1542999454538;[171, 0, 17, 255, 161, 74, 240, 48, 49, 0, 0, 40, 1, 0, 37, 1, 0, 241, 2, 130]
1542999454711;[171, 0, 17, 255, 161, 74, 240, 48, 49, 0, 0, 38, 1, 0, 35, 1, 0, 240, 2, 109]
1542999454715;[171, 0, 17, 255, 161, 74, 240, 48, 50, 0, 0, 40, 1, 0, 36, 1, 0, 242, 2, 131]
1542999454884;[171, 0, 17, 255, 161, 74, 240, 48, 50, 0, 0, 39, 1, 0, 37, 1, 0, 242, 2, 159]
1542999454887;[171, 0, 17, 255, 161, 74, 240, 48, 50, 0, 0, 38, 1, 0, 37, 1, 0, 241, 2, 162]
1542999455230;[171, 0, 17, 255, 161, 74, 240, 48, 50, 0, 0, 40, 1, 0, 36, 1, 0, 243, 2, 149]
1542999455234;[171, 0, 17, 255, 161, 74, 240, 48, 50, 0, 0, 39, 1, 0, 37, 1, 0, 241, 2, 142]
1542999455238;[171, 0, 4, 255, 132, 128, 76]
1542999455401;[171, 0, 17, 255, 161, 74, 240, 48, 50, 0, 0, 39, 1, 0, 37, 1, 0, 240, 2, 121]
1542999455408;[171, 0, 17, 255, 161, 74, 240, 48, 50, 0, 0, 40, 1, 0, 39, 1, 0, 240, 2, 103]
1542999455574;[171, 0, 17, 255, 161, 74, 240, 48, 50, 0, 0, 37, 1, 0, 35, 1, 0, 242, 2, 90]
1542999455580;[171, 0, 17, 255, 161, 74, 240, 48, 50, 0, 0, 36, 1, 0, 37, 1, 0, 240, 2, 86]
1542999455745;[171, 0, 17, 255, 161, 74, 240, 48, 50, 0, 0, 39, 1, 0, 37, 1, 0, 243, 2, 141]
1542999455919;[171, 0, 17, 255, 161, 74, 240, 48, 51, 0, 0, 39, 1, 0, 37, 1, 0, 243, 2, 146]
1542999455923;[171, 0, 17, 255, 161, 74, 240, 48, 51, 0, 0, 39, 1, 0, 36, 1, 0, 243, 2, 139]
1542999456438;[171, 0, 17, 255, 161, 74, 240, 48, 51, 0, 0, 39, 1, 0, 37, 1, 0, 242, 2, 125]
1542999456462;[171, 0, 17, 255, 161, 74, 240, 48, 51, 0, 0, 38, 1, 0, 35, 1, 0, 243, 2, 112]
1542999456469;[171, 0, 17, 255, 161, 74, 240, 48, 51, 0, 0, 38, 1, 0, 36, 1, 0, 240, 2, 96]
1542999456471;[171, 0, 4, 255, 132, 128, 75]
1542999456609;[171, 0, 17, 255, 161, 74, 240, 48, 51, 0, 0, 40, 1, 0, 36, 1, 0, 241, 2, 75]
1542999456614;[171, 0, 17, 255, 161, 74, 240, 48, 51, 0, 0, 37, 1, 0, 37, 1, 0, 242, 2, 54]
1542999456617;[171, 0, 17, 255, 161, 74, 240, 48, 51, 0, 0, 39, 1, 0, 37, 1, 0, 243, 2, 56]
1542999456782;[171, 0, 17, 255, 161, 74, 240, 48, 51, 0, 0, 37, 1, 0, 37, 1, 0, 240, 2, 115]
1542999456785;[171, 0, 17, 255, 161, 74, 240, 48, 51, 0, 0, 38, 1, 0, 36, 1, 0, 242, 2, 121]
1542999456954;[171, 0, 17, 255, 161, 74, 240, 48, 52, 0, 0, 37, 1, 0, 36, 1, 0, 242, 2, 114]
1542999456957;[171, 0, 17, 255, 161, 74, 240, 48, 52, 0, 0, 39, 1, 0, 35, 1, 0, 241, 2, 106]
1542999457126;[171, 0, 17, 255, 161, 74, 240, 48, 52, 0, 0, 41, 1, 0, 35, 1, 0, 242, 2, 92]
1542999457300;[171, 0, 17, 255, 161, 74, 240, 48, 52, 0, 0, 37, 1, 0, 38, 1, 0, 242, 2, 80]
1542999457303;[171, 0, 17, 255, 161, 74, 240, 48, 52, 0, 0, 38, 1, 0, 38, 1, 0, 242, 2, 55]
1542999457817;[171, 0, 4, 255, 132, 128, 75]
1542999457821;[171, 0, 17, 255, 161, 74, 240, 48, 52, 0, 0, 40, 1, 0, 34, 1, 0, 242, 2, 42]
1542999457828;[171, 0, 17, 255, 161, 74, 240, 48, 52, 0, 0, 39, 1, 0, 37, 1, 0, 241, 2, 71]
1542999457830;[171, 0, 17, 255, 161, 74, 240, 48, 52, 0, 0, 38, 1, 0, 37, 1, 0, 242, 2, 108]
1542999457986;[171, 0, 17, 255, 161, 74, 240, 48, 52, 0, 0, 40, 1, 0, 37, 1, 0, 243, 2, 109]
1542999457988;[171, 0, 17, 255, 161, 74, 240, 48, 52, 0, 0, 39, 1, 0, 35, 1, 0, 242, 2, 99]
1542999457991;[171, 0, 17, 255, 161, 74, 240, 48, 53, 0, 0, 39, 1, 0, 37, 1, 0, 240, 2, 85]
1542999458159;[171, 0, 17, 255, 161, 74, 240, 48, 53, 0, 0, 40, 1, 0, 36, 1, 0, 241, 2, 73]
1542999458162;[171, 0, 17, 255, 161, 74, 240, 48, 53, 0, 0, 39, 1, 0, 36, 1, 0, 241, 2, 50]
1542999458332;[171, 0, 17, 255, 161, 74, 240, 48, 53, 0, 0, 38, 1, 0, 35, 1, 0, 242, 2, 22]
1542999458506;[171, 0, 17, 255, 161, 74, 240, 48, 53, 0, 0, 40, 1, 0, 36, 1, 0, 241, 2, 44]
1542999458510;[171, 0, 4, 255, 132, 128, 75]
1542999458678;[171, 0, 17, 255, 161, 74, 240, 48, 53, 0, 0, 40, 1, 0, 37, 1, 0, 242, 2, 76]
1542999458681;[171, 0, 17, 255, 161, 74, 240, 48, 53, 0, 0, 40, 1, 0, 37, 1, 0, 241, 2, 66]
1542999459024;[171, 0, 17, 255, 161, 74, 240, 48, 53, 0, 0, 39, 1, 0, 38, 1, 0, 241, 2, 51]
1542999459029;[171, 0, 17, 255, 161, 74, 240, 48, 53, 0, 0, 38, 1, 0, 36, 1, 0, 242, 2, 27]
1542999459036;[171, 0, 17, 255, 161, 74, 240, 48, 53, 0, 0, 38, 1, 0, 35, 1, 0, 242, 2, 11]
1542999459196;[171, 0, 17, 255, 161, 74, 240, 48, 54, 0, 0, 37, 1, 0, 38, 1, 0, 241, 1, 240]
1542999459199;[171, 0, 17, 255, 161, 74, 240, 48, 54, 0, 0, 38, 1, 0, 36, 1, 0, 241, 1, 217]
1542999459370;[171, 0, 17, 255, 161, 74, 240, 48, 54, 0, 0, 37, 1, 0, 35, 1, 0, 242, 1, 242]
1542999459374;[171, 0, 17, 255, 161, 74, 240, 48, 54, 0, 0, 39, 1, 0, 39, 1, 0, 242, 2, 18]
1542999459541;[171, 0, 17, 255, 161, 74, 240, 48, 54, 0, 0, 39, 1, 0, 38, 1, 0, 243, 2, 13]
1542999459713;[171, 0, 4, 255, 132, 128, 74]
1542999459717;[171, 0, 17, 255, 161, 74, 240, 48, 54, 0, 0, 38, 1, 0, 38, 1, 0, 240, 1, 250]
1542999459886;[171, 0, 17, 255, 161, 74, 240, 48, 54, 0, 0, 38, 1, 0, 36, 1, 0, 241, 1, 232]
1542999459889;[171, 0, 17, 255, 161, 74, 240, 48, 54, 0, 0, 38, 1, 0, 36, 1, 0, 242, 1, 220]
1542999460232;[171, 0, 17, 255, 161, 74, 240, 48, 54, 0, 0, 37, 1, 0, 38, 1, 0, 244, 1, 196]
1542999460236;[171, 0, 17, 255, 161, 74, 240, 48, 54, 0, 0, 39, 1, 0, 36, 1, 0, 242, 1, 180]
1542999460240;[171, 0, 17, 255, 161, 74, 240, 48, 55, 0, 0, 39, 1, 0, 39, 1, 0, 241, 1, 159]
1542999460403;[171, 0, 17, 255, 161, 74, 240, 48, 55, 0, 0, 39, 1, 0, 38, 1, 0, 242, 1, 212]
1542999460407;[171, 0, 17, 255, 161, 74, 240, 48, 55, 0, 0, 39, 1, 0, 36, 1, 0, 240, 1, 224]
1542999460574;[171, 0, 17, 255, 161, 74, 240, 48, 55, 0, 0, 39, 1, 0, 35, 1, 0, 242, 1, 214]
1542999460579;[171, 0, 17, 255, 161, 74, 240, 48, 55, 0, 0, 38, 1, 0, 36, 1, 0, 241, 1, 198]
1542999460747;[171, 0, 4, 255, 132, 128, 74]
1542999461096;[171, 0, 17, 255, 161, 74, 240, 48, 55, 0, 0, 39, 1, 0, 35, 1, 0, 242, 1, 191]
1542999461099;[171, 0, 17, 255, 161, 74, 240, 48, 55, 0, 0, 39, 1, 0, 37, 1, 0, 241, 1, 178]
1542999461103;[171, 0, 17, 255, 161, 74, 240, 48, 55, 0, 0, 38, 1, 0, 37, 1, 0, 240, 1, 151]
1542999461107;[171, 0, 17, 255, 161, 74, 240, 48, 55, 0, 0, 38, 1, 0, 37, 1, 0, 242, 1, 149]
1542999461266;[171, 0, 17, 255, 161, 74, 240, 48, 55, 0, 0, 40, 1, 0, 36, 1, 0, 242, 1, 192]
1542999461270;[171, 0, 17, 255, 161, 74, 240, 48, 56, 0, 0, 38, 1, 0, 38, 1, 0, 241, 1, 206]
1542999461783;[171, 0, 17, 255, 161, 74, 240, 48, 56, 0, 0, 40, 1, 0, 36, 1, 0, 242, 1, 191]
1542999461787;[171, 0, 17, 255, 161, 74, 240, 48, 56, 0, 0, 37, 1, 0, 36, 1, 0, 241, 1, 174]
1542999461791;[171, 0, 17, 255, 161, 74, 240, 48, 56, 0, 0, 40, 1, 0, 36, 1, 0, 242, 1, 171]
1542999461956;[171, 0, 17, 255, 161, 74, 240, 48, 58, 0, 0, 37, 1, 0, 36, 1, 0, 243, 1, 133]
1542999461961;[171, 0, 17, 255, 161, 74, 240, 48, 58, 0, 0, 41, 1, 0, 37, 1, 0, 241, 1, 125]
1542999462128;[171, 0, 17, 255, 161, 74, 240, 48, 58, 0, 0, 38, 1, 0, 37, 1, 0, 242, 1, 113]
1542999462301;[171, 0, 17, 255, 161, 74, 240, 48, 58, 0, 0, 39, 1, 0, 35, 1, 0, 242, 1, 97]
1542999462305;[171, 0, 17, 255, 161, 74, 240, 48, 58, 0, 0, 40, 1, 0, 37, 1, 0, 242, 1, 77]
1542999462816;[171, 0, 17, 255, 161, 74, 240, 48, 59, 0, 0, 39, 1, 0, 36, 1, 0, 242, 1, 65]
1542999462819;[171, 0, 17, 255, 161, 74, 240, 48, 59, 0, 0, 40, 1, 0, 37, 1, 0, 241, 1, 124]
1542999462821;[171, 0, 17, 255, 161, 74, 240, 48, 59, 0, 0, 39, 1, 0, 36, 1, 0, 241, 1, 153]
1542999462823;[171, 0, 17, 255, 161, 74, 240, 48, 59, 0, 0, 41, 1, 0, 37, 1, 0, 242, 1, 132]
1542999462990;[171, 0, 17, 255, 161, 74, 240, 48, 59, 0, 0, 39, 1, 0, 36, 1, 0, 243, 1, 129]
1542999462993;[171, 0, 4, 255, 132, 128, 73]
1542999462997;[171, 0, 17, 255, 161, 74, 240, 48, 59, 0, 0, 37, 1, 0, 37, 1, 0, 241, 1, 114]
1542999463161;[171, 0, 17, 255, 161, 74, 240, 48, 59, 0, 0, 37, 1, 0, 37, 1, 0, 240, 1, 97]
1542999463164;[171, 0, 17, 255, 161, 74, 240, 48, 59, 0, 0, 39, 1, 0, 35, 1, 0, 241, 1, 72]
1542999463335;[171, 0, 17, 255, 161, 74, 240, 48, 59, 0, 0, 40, 1, 0, 36, 1, 0, 240, 1, 109]
1542999463507;[171, 0, 17, 255, 161, 74, 240, 48, 59, 0, 0, 39, 1, 0, 35, 1, 0, 241, 1, 152]
1542999463509;[171, 0, 17, 255, 161, 74, 240, 48, 64, 0, 0, 39, 1, 0, 37, 1, 0, 241, 1, 150]
1542999463682;[171, 0, 17, 255, 161, 74, 240, 48, 64, 0, 0, 40, 1, 0, 38, 1, 0, 241, 1, 135]
1542999463683;[171, 0, 17, 255, 161, 74, 240, 48, 64, 0, 0, 38, 1, 0, 38, 1, 0, 241, 1, 124]
1542999463853;[171, 0, 17, 255, 161, 74, 240, 48, 64, 0, 0, 42, 1, 0, 36, 1, 0, 242, 1, 102]
1542999463856;[171, 0, 17, 255, 161, 74, 240, 48, 64, 0, 0, 40, 1, 0, 36, 1, 0, 242, 1, 79]
1542999464198;[171, 0, 4, 255, 132, 128, 73]
1542999464202;[171, 0, 17, 255, 161, 74, 240, 48, 64, 0, 0, 40, 1, 0, 35, 1, 0, 242, 1, 60]
1542999464206;[171, 0, 17, 255, 161, 74, 240, 48, 64, 0, 0, 39, 1, 0, 37, 1, 0, 242, 1, 123]
1542999464371;[171, 0, 17, 255, 161, 74, 240, 48, 64, 0, 0, 40, 1, 0, 38, 1, 0, 243, 1, 156]
1542999464375;[171, 0, 17, 255, 161, 74, 240, 48, 64, 0, 0, 39, 1, 0, 37, 1, 0, 244, 1, 140]
1542999464543;[171, 0, 17, 255, 161, 74, 240, 48, 64, 0, 0, 41, 1, 0, 36, 1, 0, 241, 1, 120]
1542999464716;[171, 0, 17, 255, 161, 74, 240, 48, 65, 0, 0, 38, 1, 0, 37, 1, 0, 241, 1, 120]
1542999464719;[171, 0, 17, 255, 161, 74, 240, 48, 65, 0, 0, 41, 1, 0, 38, 1, 0, 243, 1, 95]
1542999464889;[171, 0, 17, 255, 161, 74, 240, 48, 65, 0, 0, 37, 1, 0, 36, 1, 0, 241, 1, 74]
1542999464894;[171, 0, 17, 255, 161, 74, 240, 48, 65, 0, 0, 41, 1, 0, 37, 1, 0, 241, 1, 54]
1542999465062;[171, 0, 17, 255, 161, 74, 240, 48, 65, 0, 0, 40, 1, 0, 36, 1, 0, 242, 1, 72]
1542999465067;[171, 0, 4, 255, 132, 128, 74]
1542999465406;[171, 0, 17, 255, 161, 74, 240, 48, 65, 0, 0, 38, 1, 0, 36, 1, 0, 243, 1, 125]
1542999465410;[171, 0, 17, 255, 161, 74, 240, 48, 65, 0, 0, 39, 1, 0, 36, 1, 0, 241, 1, 130]
1542999465413;[171, 0, 17, 255, 161, 74, 240, 48, 65, 0, 0, 40, 1, 0, 39, 1, 0, 241, 1, 111]
1542999465578;[171, 0, 17, 255, 161, 74, 240, 48, 65, 0, 0, 38, 1, 0, 38, 1, 0, 241, 1, 101]
1542999465582;[171, 0, 17, 255, 161, 74, 240, 48, 65, 0, 0, 40, 1, 0, 35, 1, 0, 241, 1, 75]
1542999465749;[171, 0, 17, 255, 161, 74, 240, 48, 66, 0, 0, 39, 1, 0, 35, 1, 0, 239, 1, 61]
1542999465752;[171, 0, 17, 255, 161, 74, 240, 48, 66, 0, 0, 40, 1, 0, 37, 1, 0, 242, 1, 39]
1542999465923;[171, 0, 17, 255, 161, 74, 240, 48, 66, 0, 0, 39, 1, 0, 36, 1, 0, 241, 1, 56]
1542999466095;[171, 0, 17, 255, 161, 74, 240, 48, 66, 0, 0, 40, 1, 0, 35, 1, 0, 242, 1, 103]
1542999466099;[171, 0, 17, 255, 161, 74, 240, 48, 66, 0, 0, 39, 1, 0, 37, 1, 0, 241, 1, 105]
1542999466269;[171, 0, 4, 255, 132, 128, 74]
1542999466273;[171, 0, 17, 255, 161, 74, 240, 48, 66, 0, 0, 39, 1, 0, 38, 1, 0, 241, 1, 84]
1542999466787;[171, 0, 17, 255, 161, 74, 240, 48, 66, 0, 0, 39, 1, 0, 37, 1, 0, 241, 1, 67]
1542999466791;[171, 0, 17, 255, 161, 74, 240, 48, 66, 0, 0, 40, 1, 0, 36, 1, 0, 242, 1, 49]
1542999466795;[171, 0, 17, 255, 161, 74, 240, 48, 66, 0, 0, 39, 1, 0, 38, 1, 0, 242, 1, 33]
1542999466799;[171, 0, 17, 255, 161, 74, 240, 48, 66, 0, 0, 39, 1, 0, 35, 1, 0, 241, 1, 2]
1542999466959;[171, 0, 17, 255, 161, 74, 240, 48, 67, 0, 0, 40, 1, 0, 37, 1, 0, 241, 1, 32]
1542999466963;[171, 0, 17, 255, 161, 74, 240, 48, 67, 0, 0, 40, 1, 0, 36, 1, 0, 241, 1, 75]
1542999466967;[171, 0, 17, 255, 161, 74, 240, 48, 67, 0, 0, 38, 1, 0, 36, 1, 0, 240, 1, 77]
1542999467130;[171, 0, 17, 255, 161, 74, 240, 48, 67, 0, 0, 40, 1, 0, 36, 1, 0, 241, 1, 56]
1542999467304;[171, 0, 17, 255, 161, 74, 240, 48, 67, 0, 0, 39, 1, 0, 36, 1, 0, 240, 1, 42]
1542999467307;[171, 0, 4, 255, 132, 128, 74]
1542999467478;[171, 0, 17, 255, 161, 74, 240, 48, 67, 0, 0, 39, 1, 0, 36, 1, 0, 241, 1, 19]
1542999467480;[171, 0, 17, 255, 161, 74, 240, 48, 67, 0, 0, 40, 1, 0, 36, 1, 0, 242, 0, 255]
1542999467648;[171, 0, 17, 255, 161, 74, 240, 48, 67, 0, 0, 41, 1, 0, 39, 1, 0, 242, 0, 225]
1542999467998;[171, 0, 17, 255, 161, 74, 240, 48, 67, 0, 0, 38, 1, 0, 37, 1, 0, 242, 0, 248]
1542999468000;[171, 0, 17, 255, 161, 74, 240, 48, 67, 0, 0, 39, 1, 0, 35, 1, 0, 242, 1, 34]
1542999468001;[171, 0, 17, 255, 161, 74, 240, 48, 68, 0, 0, 40, 1, 0, 36, 1, 0, 242, 1, 36]
1542999468005;[171, 0, 17, 255, 161, 74, 240, 48, 68, 0, 0, 37, 1, 0, 37, 1, 0, 242, 1, 27]
1542999468166;[171, 0, 17, 255, 161, 74, 240, 48, 68, 0, 0, 38, 1, 0, 36, 1, 0, 241, 1, 25]
1542999468170;[171, 0, 17, 255, 161, 74, 240, 48, 68, 0, 0, 39, 1, 0, 38, 1, 0, 241, 1, 3]
1542999468338;[171, 0, 17, 255, 161, 74, 240, 48, 68, 0, 0, 39, 1, 0, 37, 1, 0, 241, 0, 252]
1542999468510;[171, 0, 4, 255, 132, 128, 74]
1542999468514;[171, 0, 17, 255, 161, 74, 240, 48, 68, 0, 0, 40, 1, 0, 36, 1, 0, 241, 0, 218]
1542999468684;[171, 0, 17, 255, 161, 74, 240, 48, 68, 0, 0, 39, 1, 0, 35, 1, 0, 242, 1, 4]
1542999468691;[171, 0, 17, 255, 161, 74, 240, 48, 68, 0, 0, 39, 1, 0, 36, 1, 0, 241, 1, 24]
1542999469202;[171, 0, 17, 255, 161, 74, 240, 48, 68, 0, 0, 39, 1, 0, 37, 1, 0, 243, 1, 32]
1542999469206;[171, 0, 17, 255, 161, 74, 240, 48, 68, 0, 0, 41, 1, 0, 38, 1, 0, 242, 1, 15]
1542999469209;[171, 0, 17, 255, 161, 74, 240, 48, 69, 0, 0, 39, 1, 0, 39, 1, 0, 242, 0, 250]
1542999469212;[171, 0, 17, 255, 161, 74, 240, 48, 69, 0, 0, 39, 1, 0, 37, 1, 0, 242, 0, 231]
1542999469373;[171, 0, 17, 255, 161, 74, 240, 48, 69, 0, 0, 38, 1, 0, 37, 1, 0, 243, 0, 218]
1542999469548;[171, 0, 17, 255, 161, 74, 240, 48, 69, 0, 0, 38, 1, 0, 38, 1, 0, 242, 0, 202]
1542999469552;[171, 0, 17, 255, 161, 74, 240, 48, 69, 0, 0, 37, 1, 0, 39, 1, 0, 242, 1, 7]
1542999469555;[171, 0, 4, 255, 132, 128, 74]
1542999469718;[171, 0, 17, 255, 161, 74, 240, 48, 69, 0, 0, 37, 1, 0, 37, 1, 0, 242, 1, 11]
1542999469721;[171, 0, 17, 255, 161, 74, 240, 48, 69, 0, 0, 39, 1, 0, 38, 1, 0, 242, 1, 1]
1542999469891;[171, 0, 17, 255, 161, 74, 240, 48, 69, 0, 0, 39, 1, 0, 37, 1, 0, 241, 0, 239]
1542999469894;[171, 0, 17, 255, 161, 74, 240, 48, 69, 0, 0, 38, 1, 0, 35, 1, 0, 242, 0, 223]
1542999470062;[171, 0, 17, 255, 161, 74, 240, 48, 69, 0, 0, 39, 1, 0, 38, 1, 0, 242, 0, 203]
1542999470065;[171, 0, 17, 255, 161, 74, 240, 48, 70, 0, 0, 38, 1, 0, 37, 1, 0, 243, 16, 180]
1542999470235;[171, 0, 17, 255, 161, 74, 240, 48, 70, 0, 0, 38, 1, 0, 36, 1, 0, 242, 7, 189]
1542999470582;[171, 0, 17, 255, 161, 74, 240, 48, 70, 0, 0, 40, 1, 0, 37, 1, 0, 242, 7, 248]
1542999470586;[171, 0, 17, 255, 161, 74, 240, 48, 70, 0, 0, 39, 1, 0, 36, 1, 0, 243, 8, 16]
1542999470590;[171, 0, 17, 255, 161, 74, 240, 48, 70, 0, 0, 39, 1, 0, 34, 1, 0, 241, 8, 3]
1542999470594;[171, 0, 4, 255, 132, 128, 74]
1542999470753;[171, 0, 17, 255, 161, 74, 240, 48, 70, 0, 0, 39, 1, 0, 35, 1, 0, 241, 7, 235]
1542999470757;[171, 0, 17, 255, 161, 74, 240, 48, 70, 0, 0, 40, 1, 0, 36, 1, 0, 241, 7, 225]
1542999470924;[171, 0, 17, 255, 161, 74, 240, 48, 70, 0, 0, 38, 1, 0, 38, 1, 0, 242, 7, 204]
1542999471100;[171, 0, 17, 255, 161, 74, 240, 48, 70, 0, 0, 40, 1, 0, 35, 1, 0, 241, 7, 193]
1542999471102;[171, 0, 17, 255, 161, 74, 240, 48, 70, 0, 0, 38, 1, 0, 36, 1, 0, 242, 7, 165]
1542999471271;[171, 0, 17, 255, 161, 74, 240, 48, 71, 0, 0, 39, 1, 0, 36, 1, 0, 240, 7, 165]
1542999471295;[171, 0, 17, 255, 161, 74, 240, 48, 71, 0, 0, 39, 1, 0, 38, 1, 0, 242, 7, 199]
1542999471444;[171, 0, 17, 255, 161, 74, 240, 48, 71, 0, 0, 40, 1, 0, 37, 1, 0, 242, 7, 222]
1542999471790;[171, 0, 17, 255, 161, 74, 240, 48, 71, 0, 0, 39, 1, 0, 34, 1, 0, 241, 7, 216]
1542999471794;[171, 0, 17, 255, 161, 74, 240, 48, 71, 0, 0, 39, 1, 0, 36, 1, 0, 242, 7, 208]
1542999471798;[171, 0, 4, 255, 132, 128, 74]
1542999471802;[171, 0, 17, 255, 161, 74, 240, 48, 71, 0, 0, 40, 1, 0, 37, 1, 0, 242, 7, 208]
1542999471960;[171, 0, 17, 255, 161, 74, 240, 48, 71, 0, 0, 38, 1, 0, 37, 1, 0, 243, 7, 196]
1542999471964;[171, 0, 17, 255, 161, 74, 240, 48, 71, 0, 0, 38, 1, 0, 37, 1, 0, 242, 7, 190]
1542999472133;[171, 0, 17, 255, 161, 74, 240, 48, 71, 0, 0, 37, 1, 0, 36, 1, 0, 240, 7, 236]
1542999472322;[171, 0, 17, 255, 161, 74, 240, 48, 71, 0, 0, 38, 1, 0, 37, 1, 0, 241, 7, 246]
1542999472323;[171, 0, 17, 255, 161, 74, 240, 48, 72, 0, 0, 41, 1, 0, 39, 1, 0, 241, 7, 241]
1542999472479;[171, 0, 17, 255, 161, 74, 240, 48, 72, 0, 0, 38, 1, 0, 38, 1, 0, 242, 7, 230]
1542999472483;[171, 0, 17, 255, 161, 74, 240, 48, 72, 0, 0, 40, 1, 0, 38, 1, 0, 240, 7, 225]
1542999472648;[171, 0, 17, 255, 161, 74, 240, 48, 72, 0, 0, 37, 1, 0, 37, 1, 0, 241, 7, 188]
1542999472650;[171, 0, 17, 255, 161, 74, 240, 48, 72, 0, 0, 39, 1, 0, 37, 1, 0, 241, 7, 177]
1542999473171;[171, 0, 4, 255, 132, 128, 74]
1542999473174;[171, 0, 17, 255, 161, 74, 240, 48, 72, 0, 0, 37, 1, 0, 36, 1, 0, 240, 7, 182]
1542999473178;[171, 0, 17, 255, 161, 74, 240, 48, 72, 0, 0, 40, 1, 0, 38, 1, 0, 242, 7, 227]
1542999473181;[171, 0, 17, 255, 161, 74, 240, 48, 72, 0, 0, 37, 1, 0, 37, 1, 0, 241, 7, 233]
1542999473346;[171, 0, 17, 255, 161, 74, 240, 48, 72, 0, 0, 38, 1, 0, 36, 1, 0, 241, 7, 213]
1542999473348;[171, 0, 17, 255, 161, 74, 240, 48, 72, 0, 0, 38, 1, 0, 36, 1, 0, 241, 7, 204]
1542999473513;[171, 0, 17, 255, 161, 74, 240, 48, 73, 0, 0, 38, 1, 0, 37, 1, 0, 242, 7, 182]
1542999473517;[171, 0, 17, 255, 161, 74, 240, 48, 73, 0, 0, 40, 1, 0, 37, 1, 0, 243, 7, 170]
1542999473686;[171, 0, 17, 255, 161, 74, 240, 48, 73, 0, 0, 37, 1, 0, 36, 1, 0, 242, 7, 151]
1542999473690;[171, 0, 17, 255, 161, 74, 240, 48, 73, 0, 0, 40, 1, 0, 37, 1, 0, 243, 7, 146]
1542999473861;[171, 0, 17, 255, 161, 74, 240, 48, 73, 0, 0, 40, 1, 0, 37, 1, 0, 240, 7, 188]
1542999473863;[171, 0, 4, 255, 132, 128, 74]
1542999474030;[171, 0, 17, 255, 161, 74, 240, 48, 73, 0, 0, 37, 1, 0, 37, 1, 0, 241, 7, 196]
1542999474378;[171, 0, 17, 255, 161, 74, 240, 48, 73, 0, 0, 40, 1, 0, 37, 1, 0, 243, 7, 184]
1542999474381;[171, 0, 17, 255, 161, 74, 240, 48, 73, 0, 0, 38, 1, 0, 36, 1, 0, 240, 7, 169]
1542999474386;[171, 0, 17, 255, 161, 74, 240, 48, 73, 0, 0, 39, 1, 0, 38, 1, 0, 242, 7, 164]
1542999474390;[171, 0, 17, 255, 161, 74, 240, 48, 73, 0, 0, 39, 1, 0, 36, 1, 0, 240, 7, 143]
1542999474549;[171, 0, 17, 255, 161, 74, 240, 48, 74, 0, 0, 38, 1, 0, 36, 1, 0, 241, 7, 127]
1542999474553;[171, 0, 17, 255, 161, 74, 240, 48, 74, 0, 0, 41, 1, 0, 36, 1, 0, 242, 7, 139]
1542999474721;[171, 0, 17, 255, 161, 74, 240, 48, 74, 0, 0, 38, 1, 0, 36, 1, 0, 241, 7, 171]
1542999474893;[171, 0, 17, 255, 161, 74, 240, 48, 74, 0, 0, 39, 1, 0, 38, 1, 0, 242, 7, 182]
1542999474897;[171, 0, 17, 255, 161, 74, 240, 48, 74, 0, 0, 37, 1, 0, 35, 1, 0, 243, 7, 175]
1542999475068;[171, 0, 4, 255, 132, 128, 74]
1542999475070;[171, 0, 17, 255, 161, 74, 240, 48, 74, 0, 0, 40, 1, 0, 37, 1, 0, 241, 7, 168]
1542999475757;[171, 0, 17, 255, 161, 74, 240, 48, 74, 0, 0, 36, 1, 0, 38, 1, 0, 241, 7, 149]
1542999475761;[171, 0, 17, 255, 161, 74, 240, 48, 74, 0, 0, 39, 1, 0, 37, 1, 0, 242, 7, 126]
1542999475765;[171, 0, 17, 255, 161, 74, 240, 48, 74, 0, 0, 40, 1, 0, 36, 1, 0, 244, 7, 102]
1542999475768;[171, 0, 17, 255, 161, 74, 240, 48, 74, 0, 0, 40, 1, 0, 36, 1, 0, 239, 7, 144]
1542999475930;[171, 0, 17, 255, 161, 74, 240, 48, 75, 0, 0, 38, 1, 0, 37, 1, 0, 241, 7, 159]
1542999475934;[171, 0, 17, 255, 161, 74, 240, 48, 75, 0, 0, 40, 1, 0, 38, 1, 0, 241, 7, 144]
1542999475938;[171, 0, 17, 255, 161, 74, 240, 48, 75, 0, 0, 39, 1, 0, 37, 1, 0, 240, 7, 127]
1542999475942;[171, 0, 17, 255, 161, 74, 240, 48, 75, 0, 0, 41, 1, 0, 37, 1, 0, 241, 7, 111]
1542999476102;[171, 0, 17, 255, 161, 74, 240, 48, 75, 0, 0, 38, 1, 0, 37, 1, 0, 242, 7, 86]
1542999476108;[171, 0, 4, 255, 132, 128, 74]
1542999476274;[171, 0, 17, 255, 161, 74, 240, 48, 75, 0, 0, 39, 1, 0, 37, 1, 0, 242, 7, 62]
1542999476277;[171, 0, 17, 255, 161, 74, 240, 48, 75, 0, 0, 38, 1, 0, 36, 1, 0, 243, 7, 34]
1542999476462;[171, 0, 17, 255, 161, 74, 240, 48, 75, 0, 0, 39, 1, 0, 36, 1, 0, 241, 7, 80]
1542999476621;[171, 0, 17, 255, 161, 74, 240, 48, 75, 0, 0, 39, 1, 0, 38, 1, 0, 241, 7, 94]
1542999476623;[171, 0, 17, 255, 161, 74, 240, 48, 75, 0, 0, 40, 1, 0, 36, 1, 0, 241, 7, 92]
1542999476965;[171, 0, 17, 255, 161, 74, 240, 48, 76, 0, 0, 40, 1, 0, 35, 1, 0, 241, 7, 70]
1542999476969;[171, 0, 17, 255, 161, 74, 240, 48, 76, 0, 0, 39, 1, 0, 36, 1, 0, 242, 7, 51]
1542999476973;[171, 0, 17, 255, 161, 74, 240, 48, 76, 0, 0, 38, 1, 0, 37, 1, 0, 242, 7, 26]
1542999476977;[171, 0, 17, 255, 161, 74, 240, 48, 76, 0, 0, 39, 1, 0, 35, 1, 0, 240, 7, 8]
1542999477135;[171, 0, 17, 255, 161, 74, 240, 48, 76, 0, 0, 39, 1, 0, 36, 1, 0, 241, 6, 238]
1542999477309;[171, 0, 4, 255, 132, 128, 75]
1542999477313;[171, 0, 17, 255, 161, 74, 240, 48, 76, 0, 0, 38, 1, 0, 37, 1, 0, 243, 6, 228]
1542999477480;[171, 0, 17, 255, 161, 74, 240, 48, 76, 0, 0, 40, 1, 0, 36, 1, 0, 242, 6, 239]
1542999477484;[171, 0, 17, 255, 161, 74, 240, 48, 76, 0, 0, 40, 1, 0, 37, 1, 0, 241, 7, 23]
1542999477652;[171, 0, 17, 255, 161, 74, 240, 48, 76, 0, 0, 37, 1, 0, 38, 1, 0, 242, 7, 26]
1542999477656;[171, 0, 17, 255, 161, 74, 240, 48, 76, 0, 0, 40, 1, 0, 35, 1, 0, 241, 7, 17]
1542999477826;[171, 0, 17, 255, 161, 74, 240, 48, 77, 0, 0, 38, 1, 0, 36, 1, 0, 242, 7, 6]
1542999478173;[171, 0, 17, 255, 161, 74, 240, 48, 77, 0, 0, 38, 1, 0, 37, 1, 0, 242, 6, 249]
1542999478177;[171, 0, 17, 255, 161, 74, 240, 48, 77, 0, 0, 37, 1, 0, 35, 1, 0, 242, 6, 227]
1542999478183;[171, 0, 17, 255, 161, 74, 240, 48, 77, 0, 0, 40, 1, 0, 36, 1, 0, 240, 6, 203]
1542999478185;[171, 0, 17, 255, 161, 74, 240, 48, 77, 0, 0, 38, 1, 0, 36, 1, 0, 240, 6, 194]
1542999478341;[171, 0, 4, 255, 132, 128, 75]
1542999478515;[171, 0, 17, 255, 161, 74, 240, 48, 77, 0, 0, 37, 1, 0, 38, 1, 0, 241, 6, 236]
1542999478518;[171, 0, 17, 255, 161, 74, 240, 48, 77, 0, 0, 40, 1, 0, 36, 1, 0, 241, 6, 255]
1542999478685;[171, 0, 17, 255, 161, 74, 240, 48, 77, 0, 0, 41, 1, 0, 36, 1, 0, 241, 6, 237]
1542999478688;[171, 0, 17, 255, 161, 74, 240, 48, 77, 0, 0, 39, 1, 0, 36, 1, 0, 240, 6, 217]
1542999478861;[171, 0, 17, 255, 161, 74, 240, 48, 77, 0, 0, 38, 1, 0, 36, 1, 0, 242, 6, 205]
1542999478865;[171, 0, 17, 255, 161, 74, 240, 48, 78, 0, 0, 41, 1, 0, 37, 1, 0, 240, 6, 175]
1542999479033;[171, 0, 17, 255, 161, 74, 240, 48, 78, 0, 0, 39, 1, 0, 36, 1, 0, 242, 6, 159]
1542999479554;[171, 0, 17, 255, 161, 74, 240, 48, 78, 0, 0, 41, 1, 0, 37, 1, 0, 242, 6, 138]
1542999479557;[171, 0, 17, 255, 161, 74, 240, 48, 78, 0, 0, 38, 1, 0, 36, 1, 0, 243, 6, 191]
1542999479564;[171, 0, 17, 255, 161, 74, 240, 48, 78, 0, 0, 38, 1, 0, 34, 1, 0, 242, 6, 208]
1542999479566;[171, 0, 4, 255, 132, 128, 75]
1542999479722;[171, 0, 17, 255, 161, 74, 240, 48, 78, 0, 0, 39, 1, 0, 37, 1, 0, 242, 6, 190]
1542999479726;[171, 0, 17, 255, 161, 74, 240, 48, 78, 0, 0, 39, 1, 0, 36, 1, 0, 242, 6, 175]
1542999479729;[171, 0, 17, 255, 161, 74, 240, 48, 78, 0, 0, 38, 1, 0, 36, 1, 0, 242, 6, 166]
1542999479897;[171, 0, 17, 255, 161, 74, 240, 48, 78, 0, 0, 39, 1, 0, 36, 1, 0, 242, 6, 150]
1542999479900;[171, 0, 17, 255, 161, 74, 240, 48, 78, 0, 0, 39, 1, 0, 38, 1, 0, 242, 6, 124]
1542999480415;[171, 0, 17, 255, 161, 74, 240, 48, 79, 0, 0, 39, 1, 0, 37, 1, 0, 243, 6, 103]
1542999480419;[171, 0, 17, 255, 161, 74, 240, 48, 79, 0, 0, 40, 1, 0, 35, 1, 0, 241, 6, 155]
1542999480426;[171, 0, 17, 255, 161, 74, 240, 48, 79, 0, 0, 38, 1, 0, 36, 1, 0, 241, 6, 188]
1542999480428;[171, 0, 17, 255, 161, 74, 240, 48, 79, 0, 0, 40, 1, 0, 37, 1, 0, 242, 6, 185]
1542999480759;[171, 0, 17, 255, 161, 74, 240, 48, 79, 0, 0, 40, 1, 0, 36, 1, 0, 242, 6, 161]
1542999480763;[171, 0, 4, 255, 132, 128, 74]
1542999480767;[171, 0, 17, 255, 161, 74, 240, 48, 79, 0, 0, 38, 1, 0, 37, 1, 0, 241, 6, 159]
1542999480771;[171, 0, 17, 255, 161, 74, 240, 48, 79, 0, 0, 39, 1, 0, 37, 1, 0, 242, 6, 141]
1542999480931;[171, 0, 17, 255, 161, 74, 240, 48, 79, 0, 0, 38, 1, 0, 37, 1, 0, 241, 6, 124]
1542999480935;[171, 0, 17, 255, 161, 74, 240, 48, 79, 0, 0, 37, 1, 0, 38, 1, 0, 240, 6, 108]
1542999481103;[171, 0, 17, 255, 161, 74, 240, 48, 79, 0, 0, 39, 1, 0, 36, 1, 0, 243, 6, 132]
1542999481107;[171, 0, 17, 255, 161, 74, 240, 48, 80, 0, 0, 39, 1, 0, 38, 1, 0, 242, 6, 174]
1542999481278;[171, 0, 17, 255, 161, 74, 240, 48, 80, 0, 0, 38, 1, 0, 37, 1, 0, 242, 6, 189]
1542999481284;[171, 0, 17, 255, 161, 74, 240, 48, 80, 0, 0, 38, 1, 0, 38, 1, 0, 242, 6, 173]
1542999481448;[171, 0, 17, 255, 161, 74, 240, 48, 80, 0, 0, 39, 1, 0, 36, 1, 0, 243, 6, 170]
1542999481452;[171, 0, 17, 255, 161, 74, 240, 48, 80, 0, 0, 39, 1, 0, 36, 1, 0, 242, 6, 166]
