1542737430016;[171, 0, 17, 255, 161, 74, 234, 35, 79, 0, 0, 228, 0, 0, 25, 0, 0, 113, 10, 130]
1542737430182;[171, 0, 17, 255, 161, 74, 234, 35, 79, 0, 0, 228, 0, 0, 25, 0, 0, 115, 10, 85]
1542737430184;[171, 0, 17, 255, 161, 74, 234, 35, 79, 0, 0, 228, 0, 0, 25, 0, 0, 115, 10, 85]
1542737430186;[171, 0, 17, 255, 161, 74, 234, 35, 79, 0, 0, 228, 0, 0, 23, 0, 0, 113, 10, 33]
1542737430188;[171, 0, 17, 255, 161, 74, 234, 35, 79, 0, 0, 228, 0, 0, 23, 0, 0, 113, 10, 33]
1542737430355;[171, 0, 4, 255, 132, 128, 80]
1542737430357;[171, 0, 4, 255, 132, 128, 80]
1542737430359;[171, 0, 17, 255, 161, 74, 234, 35, 79, 0, 0, 226, 0, 0, 24, 0, 0, 114, 10, 45]
1542737430361;[171, 0, 17, 255, 161, 74, 234, 35, 79, 0, 0, 226, 0, 0, 24, 0, 0, 114, 10, 45]
1542737431220;[171, 0, 17, 255, 161, 74, 234, 35, 79, 0, 0, 228, 0, 0, 26, 0, 0, 114, 10, 152]
1542737431222;[171, 0, 17, 255, 161, 74, 234, 35, 79, 0, 0, 228, 0, 0, 26, 0, 0, 114, 10, 152]
1542737431225;[171, 0, 17, 255, 161, 74, 234, 35, 79, 0, 0, 226, 0, 0, 26, 0, 0, 114, 10, 164]
1542737431228;[171, 0, 17, 255, 161, 74, 234, 35, 79, 0, 0, 226, 0, 0, 26, 0, 0, 114, 10, 164]
1542737431230;[171, 0, 17, 255, 161, 74, 234, 35, 80, 0, 0, 228, 0, 0, 24, 0, 0, 112, 10, 113]
1542737431232;[171, 0, 17, 255, 161, 74, 234, 35, 80, 0, 0, 228, 0, 0, 24, 0, 0, 112, 10, 113]
1542737431234;[171, 0, 17, 255, 161, 74, 234, 35, 80, 0, 0, 228, 0, 0, 26, 0, 0, 115, 10, 72]
1542737431236;[171, 0, 17, 255, 161, 74, 234, 35, 80, 0, 0, 228, 0, 0, 26, 0, 0, 115, 10, 72]
1542737431392;[171, 0, 17, 255, 161, 74, 234, 35, 80, 0, 0, 230, 0, 0, 22, 0, 0, 114, 10, 25]
1542737431394;[171, 0, 17, 255, 161, 74, 234, 35, 80, 0, 0, 230, 0, 0, 22, 0, 0, 114, 10, 25]
1542737431398;[171, 0, 17, 255, 161, 74, 234, 35, 80, 0, 0, 225, 0, 0, 26, 0, 0, 112, 9, 224]
1542737431400;[171, 0, 17, 255, 161, 74, 234, 35, 80, 0, 0, 225, 0, 0, 26, 0, 0, 112, 9, 224]
1542737431403;[171, 0, 17, 255, 161, 74, 234, 35, 80, 0, 0, 226, 0, 0, 24, 0, 0, 112, 9, 191]
1542737431405;[171, 0, 17, 255, 161, 74, 234, 35, 80, 0, 0, 226, 0, 0, 24, 0, 0, 112, 9, 191]
1542737431407;[171, 0, 17, 255, 161, 74, 234, 35, 80, 0, 0, 226, 0, 0, 25, 0, 0, 114, 10, 21]
1542737431409;[171, 0, 17, 255, 161, 74, 234, 35, 80, 0, 0, 226, 0, 0, 25, 0, 0, 114, 10, 21]
1542737431564;[171, 0, 17, 255, 161, 74, 234, 35, 80, 0, 0, 230, 0, 0, 22, 0, 0, 114, 10, 43]
1542737431566;[171, 0, 17, 255, 161, 74, 234, 35, 80, 0, 0, 230, 0, 0, 22, 0, 0, 114, 10, 43]
1542737431568;[171, 0, 4, 255, 132, 128, 81]
1542737431570;[171, 0, 4, 255, 132, 128, 81]
1542737431573;[171, 0, 17, 255, 161, 74, 234, 35, 80, 0, 0, 227, 0, 0, 25, 0, 0, 113, 10, 10]
1542737431574;[171, 0, 17, 255, 161, 74, 234, 35, 80, 0, 0, 227, 0, 0, 25, 0, 0, 113, 10, 10]
1542737433755;[171, 0, 17, 255, 161, 74, 234, 35, 80, 0, 0, 225, 0, 0, 22, 0, 0, 114, 9, 211]
1542737433756;[171, 0, 17, 255, 161, 74, 234, 35, 80, 0, 0, 225, 0, 0, 22, 0, 0, 114, 9, 211]
1542737433758;[171, 0, 17, 255, 161, 74, 234, 35, 80, 0, 0, 226, 0, 0, 25, 0, 0, 114, 9, 167]
1542737433759;[171, 0, 17, 255, 161, 74, 234, 35, 80, 0, 0, 226, 0, 0, 25, 0, 0, 114, 9, 167]
1542737433761;[171, 0, 17, 255, 161, 74, 234, 35, 81, 0, 0, 227, 0, 0, 24, 0, 0, 112, 9, 119]
1542737433763;[171, 0, 17, 255, 161, 74, 234, 35, 81, 0, 0, 227, 0, 0, 24, 0, 0, 112, 9, 119]
1542737433765;[171, 0, 17, 255, 161, 74, 234, 35, 81, 0, 0, 225, 0, 0, 25, 0, 0, 113, 9, 70]
1542737433767;[171, 0, 17, 255, 161, 74, 234, 35, 81, 0, 0, 225, 0, 0, 25, 0, 0, 113, 9, 70]
1542737433768;[171, 0, 17, 255, 161, 74, 234, 35, 81, 0, 0, 227, 0, 0, 27, 0, 0, 114, 9, 131]
1542737433770;[171, 0, 17, 255, 161, 74, 234, 35, 81, 0, 0, 227, 0, 0, 27, 0, 0, 114, 9, 131]
1542737433813;[171, 0, 17, 255, 161, 74, 234, 35, 81, 0, 0, 227, 0, 0, 24, 0, 0, 114, 9, 157]
1542737433814;[171, 0, 17, 255, 161, 74, 234, 35, 81, 0, 0, 227, 0, 0, 24, 0, 0, 114, 9, 157]
1542737433815;[171, 0, 17, 255, 161, 74, 234, 35, 81, 0, 0, 228, 0, 0, 24, 0, 0, 114, 9, 102]
1542737433816;[171, 0, 17, 255, 161, 74, 234, 35, 81, 0, 0, 228, 0, 0, 24, 0, 0, 114, 9, 102]
1542737433819;[171, 0, 17, 255, 161, 74, 234, 35, 81, 0, 0, 223, 0, 0, 23, 0, 0, 114, 9, 66]
1542737433820;[171, 0, 17, 255, 161, 74, 234, 35, 81, 0, 0, 223, 0, 0, 23, 0, 0, 114, 9, 66]
1542737433827;[171, 0, 17, 255, 161, 74, 234, 35, 81, 0, 0, 228, 0, 0, 25, 0, 0, 114, 9, 30]
1542737433828;[171, 0, 17, 255, 161, 74, 234, 35, 81, 0, 0, 228, 0, 0, 25, 0, 0, 114, 9, 30]
1542737433829;[171, 0, 4, 255, 132, 128, 81]
1542737433831;[171, 0, 4, 255, 132, 128, 81]
1542737433838;[171, 0, 17, 255, 161, 74, 234, 35, 81, 0, 0, 227, 0, 0, 21, 0, 0, 115, 8, 237]
1542737433839;[171, 0, 17, 255, 161, 74, 234, 35, 81, 0, 0, 227, 0, 0, 21, 0, 0, 115, 8, 237]
1542737433840;[171, 0, 17, 255, 161, 74, 234, 35, 81, 0, 0, 224, 0, 0, 24, 0, 0, 112, 8, 181]
1542737433841;[171, 0, 17, 255, 161, 74, 234, 35, 81, 0, 0, 224, 0, 0, 24, 0, 0, 112, 8, 181]
1542737433860;[171, 0, 17, 255, 161, 74, 234, 35, 81, 0, 0, 226, 0, 0, 20, 0, 0, 113, 8, 206]
1542737433861;[171, 0, 17, 255, 161, 74, 234, 35, 81, 0, 0, 226, 0, 0, 20, 0, 0, 113, 8, 206]
1542737433864;[171, 0, 17, 255, 161, 74, 234, 35, 82, 0, 0, 226, 0, 0, 22, 0, 0, 113, 8, 237]
1542737433865;[171, 0, 17, 255, 161, 74, 234, 35, 82, 0, 0, 226, 0, 0, 22, 0, 0, 113, 8, 237]
1542737433866;[171, 0, 17, 255, 161, 74, 234, 35, 82, 0, 0, 228, 0, 0, 23, 0, 0, 114, 8, 196]
1542737433867;[171, 0, 17, 255, 161, 74, 234, 35, 82, 0, 0, 228, 0, 0, 23, 0, 0, 114, 8, 196]
1542737433868;[171, 0, 17, 255, 161, 74, 234, 35, 82, 0, 0, 227, 0, 0, 24, 0, 0, 114, 8, 149]
1542737433869;[171, 0, 17, 255, 161, 74, 234, 35, 82, 0, 0, 227, 0, 0, 24, 0, 0, 114, 8, 149]
1542737433870;[171, 0, 17, 255, 161, 74, 234, 35, 82, 0, 0, 227, 0, 0, 22, 0, 0, 113, 8, 100]
1542737433872;[171, 0, 17, 255, 161, 74, 234, 35, 82, 0, 0, 227, 0, 0, 22, 0, 0, 113, 8, 100]
1542737433877;[171, 0, 17, 255, 161, 74, 234, 35, 82, 0, 0, 225, 0, 0, 25, 0, 0, 112, 8, 51]
1542737433878;[171, 0, 17, 255, 161, 74, 234, 35, 82, 0, 0, 225, 0, 0, 25, 0, 0, 112, 8, 51]
1542737433879;[171, 0, 17, 255, 161, 74, 234, 35, 82, 0, 0, 225, 0, 0, 25, 0, 0, 115, 7, 254]
1542737433880;[171, 0, 17, 255, 161, 74, 234, 35, 82, 0, 0, 225, 0, 0, 25, 0, 0, 115, 7, 254]
1542737433881;[171, 0, 17, 255, 161, 74, 234, 35, 82, 0, 0, 227, 0, 0, 22, 0, 0, 114, 8, 27]
1542737433882;[171, 0, 17, 255, 161, 74, 234, 35, 82, 0, 0, 227, 0, 0, 22, 0, 0, 114, 8, 27]
1542737433886;[171, 0, 4, 255, 132, 128, 81]
1542737433887;[171, 0, 4, 255, 132, 128, 81]
1542737433889;[171, 0, 17, 255, 161, 74, 234, 35, 82, 0, 0, 226, 0, 0, 25, 0, 0, 114, 8, 52]
1542737433890;[171, 0, 17, 255, 161, 74, 234, 35, 82, 0, 0, 226, 0, 0, 25, 0, 0, 114, 8, 52]
1542737433977;[171, 0, 17, 255, 161, 74, 234, 35, 82, 0, 0, 228, 0, 0, 23, 0, 0, 114, 8, 30]
1542737433979;[171, 0, 17, 255, 161, 74, 234, 35, 82, 0, 0, 228, 0, 0, 23, 0, 0, 114, 8, 30]
1542737433980;[171, 0, 17, 255, 161, 74, 234, 35, 82, 0, 0, 226, 0, 0, 25, 0, 0, 115, 7, 249]
1542737433982;[171, 0, 17, 255, 161, 74, 234, 35, 82, 0, 0, 226, 0, 0, 25, 0, 0, 115, 7, 249]
1542737434149;[171, 0, 17, 255, 161, 74, 234, 35, 83, 0, 0, 228, 0, 0, 23, 0, 0, 116, 7, 206]
1542737434151;[171, 0, 17, 255, 161, 74, 234, 35, 83, 0, 0, 228, 0, 0, 23, 0, 0, 116, 7, 206]
1542737434496;[171, 0, 17, 255, 161, 74, 234, 35, 83, 0, 0, 223, 0, 0, 26, 0, 0, 114, 7, 151]
1542737434497;[171, 0, 17, 255, 161, 74, 234, 35, 83, 0, 0, 223, 0, 0, 26, 0, 0, 114, 7, 151]
1542737434500;[171, 0, 17, 255, 161, 74, 234, 35, 83, 0, 0, 224, 0, 0, 22, 0, 0, 115, 7, 107]
1542737434502;[171, 0, 17, 255, 161, 74, 234, 35, 83, 0, 0, 224, 0, 0, 22, 0, 0, 115, 7, 107]
1542737434504;[171, 0, 17, 255, 161, 74, 234, 35, 83, 0, 0, 224, 0, 0, 23, 0, 0, 115, 7, 154]
1542737434506;[171, 0, 17, 255, 161, 74, 234, 35, 83, 0, 0, 224, 0, 0, 23, 0, 0, 115, 7, 154]
1542737434509;[171, 0, 17, 255, 161, 74, 234, 35, 83, 0, 0, 226, 0, 0, 24, 0, 0, 114, 7, 183]
1542737434510;[171, 0, 17, 255, 161, 74, 234, 35, 83, 0, 0, 226, 0, 0, 24, 0, 0, 114, 7, 183]
1542737434840;[171, 0, 17, 255, 161, 74, 234, 35, 83, 0, 0, 226, 0, 0, 23, 0, 0, 114, 7, 153]
1542737434842;[171, 0, 17, 255, 161, 74, 234, 35, 83, 0, 0, 226, 0, 0, 23, 0, 0, 114, 7, 153]
1542737434844;[171, 0, 17, 255, 161, 74, 234, 35, 83, 0, 0, 225, 0, 0, 23, 0, 0, 114, 7, 114]
1542737434846;[171, 0, 17, 255, 161, 74, 234, 35, 83, 0, 0, 225, 0, 0, 23, 0, 0, 114, 7, 114]
1542737434848;[171, 0, 4, 255, 132, 128, 81]
1542737434851;[171, 0, 4, 255, 132, 128, 81]
1542737435187;[171, 0, 17, 255, 161, 74, 234, 35, 83, 0, 0, 228, 0, 0, 23, 0, 0, 115, 7, 87]
1542737435189;[171, 0, 17, 255, 161, 74, 234, 35, 83, 0, 0, 228, 0, 0, 23, 0, 0, 115, 7, 87]
1542737435191;[171, 0, 17, 255, 161, 74, 234, 35, 83, 0, 0, 228, 0, 0, 23, 0, 0, 114, 7, 39]
1542737435193;[171, 0, 17, 255, 161, 74, 234, 35, 83, 0, 0, 228, 0, 0, 23, 0, 0, 114, 7, 39]
1542737435195;[171, 0, 17, 255, 161, 74, 234, 35, 83, 0, 0, 226, 0, 0, 23, 0, 0, 115, 6, 251]
1542737435196;[171, 0, 17, 255, 161, 74, 234, 35, 83, 0, 0, 226, 0, 0, 23, 0, 0, 115, 6, 251]
1542737435199;[171, 0, 17, 255, 161, 74, 234, 35, 84, 0, 0, 230, 0, 0, 23, 0, 0, 113, 7, 16]
1542737435201;[171, 0, 17, 255, 161, 74, 234, 35, 84, 0, 0, 230, 0, 0, 23, 0, 0, 113, 7, 16]
1542737435356;[171, 0, 17, 255, 161, 74, 234, 35, 84, 0, 0, 226, 0, 0, 23, 0, 0, 114, 7, 60]
1542737435358;[171, 0, 17, 255, 161, 74, 234, 35, 84, 0, 0, 226, 0, 0, 23, 0, 0, 114, 7, 60]
1542737435361;[171, 0, 17, 255, 161, 74, 234, 35, 84, 0, 0, 225, 0, 0, 25, 0, 0, 116, 7, 53]
1542737435363;[171, 0, 17, 255, 161, 74, 234, 35, 84, 0, 0, 225, 0, 0, 25, 0, 0, 116, 7, 53]
1542737436048;[171, 0, 17, 255, 161, 74, 234, 35, 84, 0, 0, 227, 0, 0, 23, 0, 0, 113, 7, 15]
1542737436050;[171, 0, 17, 255, 161, 74, 234, 35, 84, 0, 0, 227, 0, 0, 23, 0, 0, 113, 7, 15]
1542737436052;[171, 0, 17, 255, 161, 74, 234, 35, 84, 0, 0, 227, 0, 0, 22, 0, 0, 114, 6, 243]
1542737436054;[171, 0, 17, 255, 161, 74, 234, 35, 84, 0, 0, 227, 0, 0, 22, 0, 0, 114, 6, 243]
1542737436056;[171, 0, 17, 255, 161, 74, 234, 35, 84, 0, 0, 229, 0, 0, 25, 0, 0, 114, 6, 207]
1542737436058;[171, 0, 17, 255, 161, 74, 234, 35, 84, 0, 0, 229, 0, 0, 25, 0, 0, 114, 6, 207]
1542737436061;[171, 0, 17, 255, 161, 74, 234, 35, 84, 0, 0, 229, 0, 0, 26, 0, 0, 113, 6, 152]
1542737436063;[171, 0, 17, 255, 161, 74, 234, 35, 84, 0, 0, 229, 0, 0, 26, 0, 0, 113, 6, 152]
1542737436395;[171, 0, 4, 255, 132, 128, 81]
1542737436400;[171, 0, 4, 255, 132, 128, 81]
1542737436403;[171, 0, 17, 255, 161, 74, 234, 35, 84, 0, 0, 225, 0, 0, 25, 0, 0, 114, 6, 120]
1542737436405;[171, 0, 17, 255, 161, 74, 234, 35, 84, 0, 0, 225, 0, 0, 25, 0, 0, 114, 6, 120]
1542737436406;[171, 0, 17, 255, 161, 74, 234, 35, 84, 0, 0, 227, 0, 0, 24, 0, 0, 115, 6, 134]
1542737436408;[171, 0, 17, 255, 161, 74, 234, 35, 84, 0, 0, 227, 0, 0, 24, 0, 0, 115, 6, 134]
1542737436409;[171, 0, 17, 255, 161, 74, 234, 35, 84, 0, 0, 224, 0, 0, 24, 0, 0, 112, 6, 201]
1542737436411;[171, 0, 17, 255, 161, 74, 234, 35, 84, 0, 0, 224, 0, 0, 24, 0, 0, 112, 6, 201]
1542737436566;[171, 0, 17, 255, 161, 74, 234, 35, 85, 0, 0, 229, 0, 0, 26, 0, 0, 115, 6, 206]
1542737436568;[171, 0, 17, 255, 161, 74, 234, 35, 85, 0, 0, 229, 0, 0, 26, 0, 0, 115, 6, 206]
1542737436571;[171, 0, 17, 255, 161, 74, 234, 35, 85, 0, 0, 228, 0, 0, 24, 0, 0, 114, 6, 179]
1542737436573;[171, 0, 17, 255, 161, 74, 234, 35, 85, 0, 0, 228, 0, 0, 24, 0, 0, 114, 6, 179]
1542737436575;[171, 0, 17, 255, 161, 74, 234, 35, 85, 0, 0, 227, 0, 0, 22, 0, 0, 114, 6, 160]
1542737436577;[171, 0, 17, 255, 161, 74, 234, 35, 85, 0, 0, 227, 0, 0, 22, 0, 0, 114, 6, 160]
1542737436579;[171, 0, 17, 255, 161, 74, 234, 35, 85, 0, 0, 226, 0, 0, 24, 0, 0, 115, 6, 142]
1542737436581;[171, 0, 17, 255, 161, 74, 234, 35, 85, 0, 0, 226, 0, 0, 24, 0, 0, 115, 6, 142]
1542737436739;[171, 0, 17, 255, 161, 74, 234, 35, 85, 0, 0, 225, 0, 0, 26, 0, 0, 114, 6, 96]
1542737436740;[171, 0, 17, 255, 161, 74, 234, 35, 85, 0, 0, 225, 0, 0, 26, 0, 0, 114, 6, 96]
1542737437428;[171, 0, 17, 255, 161, 74, 234, 35, 85, 0, 0, 226, 0, 0, 22, 0, 0, 114, 6, 145]
1542737437430;[171, 0, 17, 255, 161, 74, 234, 35, 85, 0, 0, 226, 0, 0, 22, 0, 0, 114, 6, 145]
1542737437432;[171, 0, 17, 255, 161, 74, 234, 35, 85, 0, 0, 226, 0, 0, 24, 0, 0, 115, 6, 219]
1542737437434;[171, 0, 17, 255, 161, 74, 234, 35, 85, 0, 0, 226, 0, 0, 24, 0, 0, 115, 6, 219]
1542737437436;[171, 0, 4, 255, 132, 128, 82]
1542737437438;[171, 0, 4, 255, 132, 128, 82]
1542737437441;[171, 0, 17, 255, 161, 74, 234, 35, 85, 0, 0, 225, 0, 0, 24, 0, 0, 114, 6, 233]
1542737437442;[171, 0, 17, 255, 161, 74, 234, 35, 85, 0, 0, 225, 0, 0, 24, 0, 0, 114, 6, 233]
1542737437613;[171, 0, 17, 255, 161, 74, 234, 35, 85, 0, 0, 229, 0, 0, 22, 0, 0, 114, 6, 217]
1542737437614;[171, 0, 17, 255, 161, 74, 234, 35, 85, 0, 0, 229, 0, 0, 22, 0, 0, 114, 6, 217]
1542737437618;[171, 0, 17, 255, 161, 74, 234, 35, 85, 0, 0, 226, 0, 0, 23, 0, 0, 113, 6, 205]
1542737437620;[171, 0, 17, 255, 161, 74, 234, 35, 85, 0, 0, 226, 0, 0, 23, 0, 0, 113, 6, 205]
1542737437623;[171, 0, 17, 255, 161, 74, 234, 35, 86, 0, 0, 228, 0, 0, 23, 0, 0, 115, 6, 175]
1542737437624;[171, 0, 17, 255, 161, 74, 234, 35, 86, 0, 0, 228, 0, 0, 23, 0, 0, 115, 6, 175]
1542737437651;[171, 0, 17, 255, 161, 74, 234, 35, 86, 0, 0, 226, 0, 0, 21, 0, 0, 115, 6, 137]
1542737437652;[171, 0, 17, 255, 161, 74, 234, 35, 86, 0, 0, 226, 0, 0, 21, 0, 0, 115, 6, 137]
1542737437772;[171, 0, 17, 255, 161, 74, 234, 35, 86, 0, 0, 227, 0, 0, 26, 0, 0, 113, 6, 190]
1542737437774;[171, 0, 17, 255, 161, 74, 234, 35, 86, 0, 0, 227, 0, 0, 26, 0, 0, 113, 6, 190]
1542737437777;[171, 0, 17, 255, 161, 74, 234, 35, 86, 0, 0, 226, 0, 0, 24, 0, 0, 115, 7, 21]
1542737437778;[171, 0, 17, 255, 161, 74, 234, 35, 86, 0, 0, 226, 0, 0, 24, 0, 0, 115, 7, 21]
1542737437780;[171, 0, 17, 255, 161, 74, 234, 35, 86, 0, 0, 229, 0, 0, 24, 0, 0, 114, 7, 40]
1542737437782;[171, 0, 17, 255, 161, 74, 234, 35, 86, 0, 0, 229, 0, 0, 24, 0, 0, 114, 7, 40]
1542737437943;[171, 0, 17, 255, 161, 74, 234, 35, 86, 0, 0, 226, 0, 0, 23, 0, 0, 114, 7, 24]
1542737437944;[171, 0, 17, 255, 161, 74, 234, 35, 86, 0, 0, 226, 0, 0, 23, 0, 0, 114, 7, 24]
1542737437948;[171, 0, 17, 255, 161, 74, 234, 35, 86, 0, 0, 226, 0, 0, 23, 0, 0, 115, 7, 12]
1542737437950;[171, 0, 17, 255, 161, 74, 234, 35, 86, 0, 0, 226, 0, 0, 23, 0, 0, 115, 7, 12]
1542737438114;[171, 0, 4, 255, 132, 128, 82]
1542737438116;[171, 0, 4, 255, 132, 128, 82]
1542737438292;[171, 0, 17, 255, 161, 74, 234, 35, 86, 0, 0, 226, 0, 0, 23, 0, 0, 114, 6, 249]
1542737438293;[171, 0, 17, 255, 161, 74, 234, 35, 86, 0, 0, 226, 0, 0, 23, 0, 0, 114, 6, 249]
1542737438300;[171, 0, 17, 255, 161, 74, 234, 35, 86, 0, 0, 225, 0, 0, 24, 0, 0, 114, 6, 236]
1542737438302;[171, 0, 17, 255, 161, 74, 234, 35, 86, 0, 0, 225, 0, 0, 24, 0, 0, 114, 6, 236]
1542737438635;[171, 0, 17, 255, 161, 74, 234, 35, 86, 0, 0, 226, 0, 0, 26, 0, 0, 115, 6, 231]
1542737438637;[171, 0, 17, 255, 161, 74, 234, 35, 86, 0, 0, 226, 0, 0, 26, 0, 0, 115, 6, 231]
1542737438640;[171, 0, 17, 255, 161, 74, 234, 35, 87, 0, 0, 228, 0, 0, 24, 0, 0, 114, 7, 81]
1542737438642;[171, 0, 17, 255, 161, 74, 234, 35, 87, 0, 0, 228, 0, 0, 24, 0, 0, 114, 7, 81]
1542737438644;[171, 0, 17, 255, 161, 74, 234, 35, 87, 0, 0, 223, 0, 0, 25, 0, 0, 114, 7, 125]
1542737438645;[171, 0, 17, 255, 161, 74, 234, 35, 87, 0, 0, 223, 0, 0, 25, 0, 0, 114, 7, 125]
1542737438807;[171, 0, 17, 255, 161, 74, 234, 35, 87, 0, 0, 227, 0, 0, 21, 0, 0, 114, 7, 130]
1542737438810;[171, 0, 17, 255, 161, 74, 234, 35, 87, 0, 0, 227, 0, 0, 21, 0, 0, 114, 7, 130]
1542737438811;[171, 0, 17, 255, 161, 74, 234, 35, 87, 0, 0, 226, 0, 0, 21, 0, 0, 113, 7, 111]
1542737438813;[171, 0, 17, 255, 161, 74, 234, 35, 87, 0, 0, 226, 0, 0, 21, 0, 0, 113, 7, 111]
1542737438980;[171, 0, 17, 255, 161, 74, 234, 35, 87, 0, 0, 227, 0, 0, 25, 0, 0, 112, 7, 67]
1542737438982;[171, 0, 17, 255, 161, 74, 234, 35, 87, 0, 0, 227, 0, 0, 25, 0, 0, 112, 7, 67]
1542737438984;[171, 0, 17, 255, 161, 74, 234, 35, 87, 0, 0, 229, 0, 0, 17, 0, 0, 112, 7, 13]
1542737438986;[171, 0, 17, 255, 161, 74, 234, 35, 87, 0, 0, 229, 0, 0, 17, 0, 0, 112, 7, 13]
1542737439152;[171, 0, 17, 255, 161, 74, 234, 35, 87, 0, 0, 236, 0, 0, 31, 0, 0, 117, 6, 237]
1542737439154;[171, 0, 17, 255, 161, 74, 234, 35, 87, 0, 0, 236, 0, 0, 31, 0, 0, 117, 6, 237]
1542737439156;[171, 0, 4, 255, 132, 128, 82]
1542737439158;[171, 0, 4, 255, 132, 128, 82]
1542737439325;[171, 0, 17, 255, 161, 74, 234, 35, 87, 0, 0, 162, 0, 0, 28, 0, 0, 114, 6, 205]
1542737439327;[171, 0, 17, 255, 161, 74, 234, 35, 87, 0, 0, 162, 0, 0, 28, 0, 0, 114, 6, 205]
1542737439844;[171, 0, 17, 255, 161, 74, 234, 35, 87, 0, 0, 228, 0, 0, 43, 0, 0, 102, 6, 60]
1542737439846;[171, 0, 17, 255, 161, 74, 234, 35, 87, 0, 0, 228, 0, 0, 43, 0, 0, 102, 6, 60]
1542737439849;[171, 0, 17, 255, 161, 74, 234, 35, 87, 0, 0, 192, 0, 0, 38, 0, 0, 152, 5, 222]
1542737439851;[171, 0, 17, 255, 161, 74, 234, 35, 87, 0, 0, 192, 0, 0, 38, 0, 0, 152, 5, 222]
1542737439853;[171, 0, 17, 255, 161, 74, 234, 35, 88, 0, 0, 180, 0, 0, 45, 0, 0, 181, 5, 171]
1542737439855;[171, 0, 17, 255, 161, 74, 234, 35, 88, 0, 0, 180, 0, 0, 45, 0, 0, 181, 5, 171]
1542737439858;[171, 0, 17, 255, 161, 74, 234, 35, 88, 0, 0, 181, 0, 0, 62, 0, 0, 135, 5, 68]
1542737439859;[171, 0, 17, 255, 161, 74, 234, 35, 88, 0, 0, 181, 0, 0, 62, 0, 0, 135, 5, 68]
1542737440015;[171, 0, 17, 255, 161, 74, 234, 35, 88, 0, 0, 176, 0, 0, 54, 0, 0, 191, 4, 203]
1542737440017;[171, 0, 17, 255, 161, 74, 234, 35, 88, 0, 0, 176, 0, 0, 54, 0, 0, 191, 4, 203]
1542737440022;[171, 0, 17, 255, 161, 74, 234, 35, 88, 0, 0, 179, 0, 0, 54, 0, 0, 218, 4, 233]
1542737440024;[171, 0, 17, 255, 161, 74, 234, 35, 88, 0, 0, 179, 0, 0, 54, 0, 0, 218, 4, 233]
1542737440026;[171, 0, 17, 255, 161, 74, 234, 35, 88, 0, 0, 225, 0, 0, 34, 0, 0, 210, 5, 77]
1542737440027;[171, 0, 17, 255, 161, 74, 234, 35, 88, 0, 0, 225, 0, 0, 34, 0, 0, 210, 5, 77]
1542737440187;[171, 0, 17, 255, 161, 74, 234, 35, 88, 0, 0, 174, 0, 0, 67, 0, 0, 171, 5, 142]
1542737440189;[171, 0, 17, 255, 161, 74, 234, 35, 88, 0, 0, 174, 0, 0, 67, 0, 0, 171, 5, 142]
1542737440191;[171, 0, 17, 255, 161, 74, 234, 35, 88, 0, 0, 137, 0, 0, 69, 0, 0, 181, 5, 191]
1542737440193;[171, 0, 17, 255, 161, 74, 234, 35, 88, 0, 0, 137, 0, 0, 69, 0, 0, 181, 5, 191]
1542737440359;[171, 0, 4, 255, 132, 128, 82]
1542737440361;[171, 0, 4, 255, 132, 128, 82]
1542737440364;[171, 0, 17, 255, 161, 74, 234, 35, 88, 0, 0, 169, 0, 0, 61, 0, 0, 202, 5, 201]
1542737440365;[171, 0, 17, 255, 161, 74, 234, 35, 88, 0, 0, 169, 0, 0, 61, 0, 0, 202, 5, 201]
1542737440531;[171, 0, 17, 255, 161, 74, 234, 35, 88, 0, 0, 149, 0, 0, 64, 0, 0, 195, 5, 186]
1542737440533;[171, 0, 17, 255, 161, 74, 234, 35, 88, 0, 0, 149, 0, 0, 64, 0, 0, 195, 5, 186]
1542737440878;[171, 0, 17, 255, 161, 74, 234, 35, 88, 0, 0, 164, 0, 0, 64, 0, 0, 193, 5, 193]
1542737440880;[171, 0, 17, 255, 161, 74, 234, 35, 88, 0, 0, 164, 0, 0, 64, 0, 0, 193, 5, 193]
1542737440882;[171, 0, 17, 255, 161, 74, 234, 35, 89, 0, 0, 157, 0, 0, 64, 0, 0, 191, 5, 249]
1542737440884;[171, 0, 17, 255, 161, 74, 234, 35, 89, 0, 0, 157, 0, 0, 64, 0, 0, 191, 5, 249]
1542737440888;[171, 0, 17, 255, 161, 74, 234, 35, 89, 0, 0, 168, 0, 0, 63, 0, 0, 195, 6, 36]
1542737440889;[171, 0, 17, 255, 161, 74, 234, 35, 89, 0, 0, 168, 0, 0, 63, 0, 0, 195, 6, 36]
1542737440891;[171, 0, 17, 255, 161, 74, 234, 35, 89, 0, 0, 164, 0, 0, 66, 0, 0, 192, 6, 24]
1542737440892;[171, 0, 17, 255, 161, 74, 234, 35, 89, 0, 0, 164, 0, 0, 66, 0, 0, 192, 6, 24]
1542737441223;[171, 0, 17, 255, 161, 74, 234, 35, 89, 0, 0, 143, 0, 0, 69, 0, 0, 200, 6, 38]
1542737441225;[171, 0, 17, 255, 161, 74, 234, 35, 89, 0, 0, 143, 0, 0, 69, 0, 0, 200, 6, 38]
1542737441228;[171, 0, 17, 255, 161, 74, 234, 35, 89, 0, 0, 164, 0, 0, 61, 0, 0, 208, 6, 64]
1542737441230;[171, 0, 17, 255, 161, 74, 234, 35, 89, 0, 0, 164, 0, 0, 61, 0, 0, 208, 6, 64]
1542737441232;[171, 0, 17, 255, 161, 74, 234, 35, 89, 0, 0, 147, 0, 0, 66, 0, 0, 190, 6, 36]
1542737441234;[171, 0, 17, 255, 161, 74, 234, 35, 89, 0, 0, 147, 0, 0, 66, 0, 0, 190, 6, 36]
1542737441395;[171, 0, 17, 255, 161, 74, 234, 35, 89, 0, 0, 169, 0, 0, 55, 0, 0, 200, 6, 111]
1542737441397;[171, 0, 17, 255, 161, 74, 234, 35, 89, 0, 0, 169, 0, 0, 55, 0, 0, 200, 6, 111]
1542737441399;[171, 0, 4, 255, 132, 128, 82]
1542737441402;[171, 0, 4, 255, 132, 128, 82]
1542737441567;[171, 0, 17, 255, 161, 74, 234, 35, 89, 0, 0, 148, 0, 0, 40, 0, 0, 197, 6, 151]
1542737441569;[171, 0, 17, 255, 161, 74, 234, 35, 89, 0, 0, 148, 0, 0, 40, 0, 0, 197, 6, 151]
1542737441571;[171, 0, 17, 255, 161, 74, 234, 35, 89, 0, 0, 152, 0, 0, 52, 0, 0, 207, 6, 169]
1542737441573;[171, 0, 17, 255, 161, 74, 234, 35, 89, 0, 0, 152, 0, 0, 52, 0, 0, 207, 6, 169]
1542737441739;[171, 0, 17, 255, 161, 74, 234, 35, 89, 0, 0, 158, 0, 0, 53, 0, 0, 203, 6, 131]
1542737441741;[171, 0, 17, 255, 161, 74, 234, 35, 89, 0, 0, 158, 0, 0, 53, 0, 0, 203, 6, 131]
1542737441913;[171, 0, 17, 255, 161, 74, 234, 35, 90, 0, 0, 155, 0, 0, 49, 0, 0, 204, 6, 57]
1542737441915;[171, 0, 17, 255, 161, 74, 234, 35, 90, 0, 0, 155, 0, 0, 49, 0, 0, 204, 6, 57]
1542737441917;[171, 0, 17, 255, 161, 74, 234, 35, 90, 0, 0, 157, 0, 0, 49, 0, 0, 202, 5, 239]
1542737441919;[171, 0, 17, 255, 161, 74, 234, 35, 90, 0, 0, 157, 0, 0, 49, 0, 0, 202, 5, 239]
1542737442432;[171, 0, 17, 255, 161, 74, 234, 35, 90, 0, 0, 157, 0, 0, 46, 0, 0, 201, 5, 238]
1542737442434;[171, 0, 17, 255, 161, 74, 234, 35, 90, 0, 0, 157, 0, 0, 46, 0, 0, 201, 5, 238]
1542737442436;[171, 0, 17, 255, 161, 74, 234, 35, 90, 0, 0, 158, 0, 0, 48, 0, 0, 200, 6, 27]
1542737442438;[171, 0, 17, 255, 161, 74, 234, 35, 90, 0, 0, 158, 0, 0, 48, 0, 0, 200, 6, 27]
1542737442441;[171, 0, 17, 255, 161, 74, 234, 35, 90, 0, 0, 159, 0, 0, 45, 0, 0, 199, 6, 19]
1542737442443;[171, 0, 17, 255, 161, 74, 234, 35, 90, 0, 0, 159, 0, 0, 45, 0, 0, 199, 6, 19]
1542737442445;[171, 0, 17, 255, 161, 74, 234, 35, 90, 0, 0, 158, 0, 0, 47, 0, 0, 204, 5, 234]
1542737442447;[171, 0, 17, 255, 161, 74, 234, 35, 90, 0, 0, 158, 0, 0, 47, 0, 0, 204, 5, 234]
1542737442603;[171, 0, 17, 255, 161, 74, 234, 35, 90, 0, 0, 159, 0, 0, 45, 0, 0, 201, 5, 196]
1542737442605;[171, 0, 17, 255, 161, 74, 234, 35, 90, 0, 0, 159, 0, 0, 45, 0, 0, 201, 5, 196]
1542737442608;[171, 0, 4, 255, 132, 128, 83]
1542737442610;[171, 0, 4, 255, 132, 128, 83]
1542737442613;[171, 0, 17, 255, 161, 74, 234, 35, 90, 0, 0, 157, 0, 0, 47, 0, 0, 201, 5, 157]
1542737442618;[171, 0, 17, 255, 161, 74, 234, 35, 90, 0, 0, 157, 0, 0, 47, 0, 0, 201, 5, 157]
1542737442774;[171, 0, 17, 255, 161, 74, 234, 35, 90, 0, 0, 154, 0, 0, 44, 0, 0, 200, 5, 149]
1542737442776;[171, 0, 17, 255, 161, 74, 234, 35, 90, 0, 0, 154, 0, 0, 44, 0, 0, 200, 5, 149]
1542737442778;[171, 0, 17, 255, 161, 74, 234, 35, 90, 0, 0, 155, 0, 0, 47, 0, 0, 201, 5, 200]
1542737442780;[171, 0, 17, 255, 161, 74, 234, 35, 90, 0, 0, 155, 0, 0, 47, 0, 0, 201, 5, 200]
1542737442947;[171, 0, 17, 255, 161, 74, 234, 35, 91, 0, 0, 160, 0, 0, 41, 0, 0, 202, 5, 202]
1542737442949;[171, 0, 17, 255, 161, 74, 234, 35, 91, 0, 0, 160, 0, 0, 41, 0, 0, 202, 5, 202]
1542737442951;[171, 0, 17, 255, 161, 74, 234, 35, 91, 0, 0, 159, 0, 0, 45, 0, 0, 203, 5, 179]
1542737442953;[171, 0, 17, 255, 161, 74, 234, 35, 91, 0, 0, 159, 0, 0, 45, 0, 0, 203, 5, 179]
1542737443119;[171, 0, 17, 255, 161, 74, 234, 35, 91, 0, 0, 158, 0, 0, 49, 0, 0, 199, 5, 153]
1542737443121;[171, 0, 17, 255, 161, 74, 234, 35, 91, 0, 0, 158, 0, 0, 49, 0, 0, 199, 5, 153]
1542737443293;[171, 0, 17, 255, 161, 74, 234, 35, 91, 0, 0, 154, 0, 0, 41, 0, 0, 207, 5, 104]
1542737443296;[171, 0, 17, 255, 161, 74, 234, 35, 91, 0, 0, 154, 0, 0, 41, 0, 0, 207, 5, 104]
1542737443298;[171, 0, 17, 255, 161, 74, 234, 35, 91, 0, 0, 158, 0, 0, 43, 0, 0, 201, 5, 91]
1542737443299;[171, 0, 17, 255, 161, 74, 234, 35, 91, 0, 0, 158, 0, 0, 43, 0, 0, 201, 5, 91]
1542737443464;[171, 0, 17, 255, 161, 74, 234, 35, 91, 0, 0, 158, 0, 0, 47, 0, 0, 203, 5, 136]
1542737443468;[171, 0, 17, 255, 161, 74, 234, 35, 91, 0, 0, 158, 0, 0, 47, 0, 0, 203, 5, 136]
1542737443469;[171, 0, 17, 255, 161, 74, 234, 35, 91, 0, 0, 155, 0, 0, 43, 0, 0, 200, 5, 139]
1542737443471;[171, 0, 17, 255, 161, 74, 234, 35, 91, 0, 0, 155, 0, 0, 43, 0, 0, 200, 5, 139]
1542737443812;[171, 0, 4, 255, 132, 128, 83]
1542737443814;[171, 0, 4, 255, 132, 128, 83]
1542737443817;[171, 0, 17, 255, 161, 74, 234, 35, 91, 0, 0, 160, 0, 0, 45, 0, 0, 201, 5, 94]
1542737443819;[171, 0, 17, 255, 161, 74, 234, 35, 91, 0, 0, 160, 0, 0, 45, 0, 0, 201, 5, 94]
1542737443821;[171, 0, 17, 255, 161, 74, 234, 35, 91, 0, 0, 156, 0, 0, 48, 0, 0, 203, 5, 54]
1542737443823;[171, 0, 17, 255, 161, 74, 234, 35, 91, 0, 0, 156, 0, 0, 48, 0, 0, 203, 5, 54]
1542737443982;[171, 0, 17, 255, 161, 74, 234, 35, 91, 0, 0, 155, 0, 0, 50, 0, 0, 202, 5, 8]
1542737443986;[171, 0, 17, 255, 161, 74, 234, 35, 91, 0, 0, 155, 0, 0, 50, 0, 0, 202, 5, 8]
1542737443988;[171, 0, 17, 255, 161, 74, 234, 35, 92, 0, 0, 157, 0, 0, 47, 0, 0, 199, 4, 218]
1542737443989;[171, 0, 17, 255, 161, 74, 234, 35, 92, 0, 0, 157, 0, 0, 47, 0, 0, 199, 4, 218]
1542737444154;[171, 0, 17, 255, 161, 74, 234, 35, 92, 0, 0, 157, 0, 0, 50, 0, 0, 199, 4, 252]
1542737444156;[171, 0, 17, 255, 161, 74, 234, 35, 92, 0, 0, 157, 0, 0, 50, 0, 0, 199, 4, 252]
1542737444158;[171, 0, 17, 255, 161, 74, 234, 35, 92, 0, 0, 158, 0, 0, 48, 0, 0, 200, 4, 251]
1542737444160;[171, 0, 17, 255, 161, 74, 234, 35, 92, 0, 0, 158, 0, 0, 48, 0, 0, 200, 4, 251]
1542737444327;[171, 0, 17, 255, 161, 74, 234, 35, 92, 0, 0, 158, 0, 0, 48, 0, 0, 200, 4, 216]
1542737444328;[171, 0, 17, 255, 161, 74, 234, 35, 92, 0, 0, 158, 0, 0, 48, 0, 0, 200, 4, 216]
1542737444500;[171, 0, 17, 255, 161, 74, 234, 35, 92, 0, 0, 157, 0, 0, 45, 0, 0, 196, 4, 158]
1542737444502;[171, 0, 17, 255, 161, 74, 234, 35, 92, 0, 0, 157, 0, 0, 45, 0, 0, 196, 4, 158]
1542737444504;[171, 0, 17, 255, 161, 74, 234, 35, 92, 0, 0, 162, 0, 0, 48, 0, 0, 206, 4, 99]
1542737444505;[171, 0, 17, 255, 161, 74, 234, 35, 92, 0, 0, 162, 0, 0, 48, 0, 0, 206, 4, 99]
1542737444671;[171, 0, 17, 255, 161, 74, 234, 35, 92, 0, 0, 160, 0, 0, 48, 0, 0, 196, 4, 42]
1542737444673;[171, 0, 17, 255, 161, 74, 234, 35, 92, 0, 0, 160, 0, 0, 48, 0, 0, 196, 4, 42]
1542737444676;[171, 0, 4, 255, 132, 128, 84]
1542737444678;[171, 0, 4, 255, 132, 128, 84]
1542737445019;[171, 0, 17, 255, 161, 74, 234, 35, 92, 0, 0, 158, 0, 0, 50, 0, 0, 203, 4, 95]
1542737445022;[171, 0, 17, 255, 161, 74, 234, 35, 92, 0, 0, 158, 0, 0, 50, 0, 0, 203, 4, 95]
1542737445024;[171, 0, 17, 255, 161, 74, 234, 35, 92, 0, 0, 160, 0, 0, 46, 0, 0, 195, 4, 98]
1542737445026;[171, 0, 17, 255, 161, 74, 234, 35, 92, 0, 0, 160, 0, 0, 46, 0, 0, 195, 4, 98]
1542737445028;[171, 0, 17, 255, 161, 74, 234, 35, 92, 0, 0, 157, 0, 0, 49, 0, 0, 202, 4, 83]
1542737445030;[171, 0, 17, 255, 161, 74, 234, 35, 92, 0, 0, 157, 0, 0, 49, 0, 0, 202, 4, 83]
1542737445189;[171, 0, 17, 255, 161, 74, 234, 35, 93, 0, 0, 157, 0, 0, 47, 0, 0, 199, 4, 57]
1542737445191;[171, 0, 17, 255, 161, 74, 234, 35, 93, 0, 0, 157, 0, 0, 47, 0, 0, 199, 4, 57]
1542737445194;[171, 0, 17, 255, 161, 74, 234, 35, 93, 0, 0, 158, 0, 0, 44, 0, 0, 200, 4, 34]
1542737445195;[171, 0, 17, 255, 161, 74, 234, 35, 93, 0, 0, 158, 0, 0, 44, 0, 0, 200, 4, 34]
1542737445363;[171, 0, 17, 255, 161, 74, 234, 35, 93, 0, 0, 158, 0, 0, 46, 0, 0, 200, 4, 36]
1542737445365;[171, 0, 17, 255, 161, 74, 234, 35, 93, 0, 0, 158, 0, 0, 46, 0, 0, 200, 4, 36]
1542737445367;[171, 0, 17, 255, 161, 74, 234, 35, 93, 0, 0, 159, 0, 0, 46, 0, 0, 202, 4, 89]
1542737445369;[171, 0, 17, 255, 161, 74, 234, 35, 93, 0, 0, 159, 0, 0, 46, 0, 0, 202, 4, 89]
1542737445535;[171, 0, 17, 255, 161, 74, 234, 35, 93, 0, 0, 158, 0, 0, 44, 0, 0, 201, 4, 100]
1542737445537;[171, 0, 17, 255, 161, 74, 234, 35, 93, 0, 0, 158, 0, 0, 44, 0, 0, 201, 4, 100]
1542737445707;[171, 0, 17, 255, 161, 74, 234, 35, 93, 0, 0, 153, 0, 0, 48, 0, 0, 201, 4, 79]
1542737445709;[171, 0, 17, 255, 161, 74, 234, 35, 93, 0, 0, 153, 0, 0, 48, 0, 0, 201, 4, 79]
1542737445711;[171, 0, 17, 255, 161, 74, 234, 35, 93, 0, 0, 156, 0, 0, 46, 0, 0, 202, 4, 52]
1542737445713;[171, 0, 17, 255, 161, 74, 234, 35, 93, 0, 0, 156, 0, 0, 46, 0, 0, 202, 4, 52]
1542737445879;[171, 0, 4, 255, 132, 128, 85]
1542737445881;[171, 0, 4, 255, 132, 128, 85]
1542737445884;[171, 0, 17, 255, 161, 74, 234, 35, 93, 0, 0, 154, 0, 0, 45, 0, 0, 203, 4, 14]
1542737445886;[171, 0, 17, 255, 161, 74, 234, 35, 93, 0, 0, 154, 0, 0, 45, 0, 0, 203, 4, 14]
1542737446397;[171, 0, 17, 255, 161, 74, 234, 35, 93, 0, 0, 157, 0, 0, 45, 0, 0, 203, 4, 17]
1542737446399;[171, 0, 17, 255, 161, 74, 234, 35, 93, 0, 0, 157, 0, 0, 45, 0, 0, 203, 4, 17]
1542737446917;[171, 0, 17, 255, 161, 74, 234, 35, 93, 0, 0, 155, 0, 0, 47, 0, 0, 202, 4, 71]
1542737446919;[171, 0, 17, 255, 161, 74, 234, 35, 93, 0, 0, 155, 0, 0, 47, 0, 0, 202, 4, 71]
1542737446921;[171, 0, 17, 255, 161, 74, 234, 35, 94, 0, 0, 155, 0, 0, 46, 0, 0, 201, 4, 71]
1542737446922;[171, 0, 17, 255, 161, 74, 234, 35, 94, 0, 0, 155, 0, 0, 46, 0, 0, 201, 4, 71]
1542737446925;[171, 0, 17, 255, 161, 74, 234, 35, 94, 0, 0, 153, 0, 0, 46, 0, 0, 202, 4, 36]
1542737446927;[171, 0, 17, 255, 161, 74, 234, 35, 94, 0, 0, 153, 0, 0, 46, 0, 0, 202, 4, 36]
1542737446929;[171, 0, 17, 255, 161, 74, 234, 35, 94, 0, 0, 157, 0, 0, 49, 0, 0, 199, 3, 254]
1542737446931;[171, 0, 17, 255, 161, 74, 234, 35, 94, 0, 0, 157, 0, 0, 49, 0, 0, 199, 3, 254]
1542737447089;[171, 0, 17, 255, 161, 74, 234, 35, 94, 0, 0, 160, 0, 0, 47, 0, 0, 202, 3, 205]
1542737447091;[171, 0, 17, 255, 161, 74, 234, 35, 94, 0, 0, 160, 0, 0, 47, 0, 0, 202, 3, 205]
1542737447095;[171, 0, 17, 255, 161, 74, 234, 35, 94, 0, 0, 152, 0, 0, 43, 0, 0, 199, 3, 205]
1542737447097;[171, 0, 17, 255, 161, 74, 234, 35, 94, 0, 0, 152, 0, 0, 43, 0, 0, 199, 3, 205]
1542737447099;[171, 0, 17, 255, 161, 74, 234, 35, 94, 0, 0, 160, 0, 0, 44, 0, 0, 202, 3, 255]
1542737447101;[171, 0, 17, 255, 161, 74, 234, 35, 94, 0, 0, 160, 0, 0, 44, 0, 0, 202, 3, 255]
1542737447103;[171, 0, 17, 255, 161, 74, 234, 35, 96, 0, 0, 49, 0, 0, 59, 0, 1, 1, 3, 125]
1542737447105;[171, 0, 17, 255, 161, 74, 234, 35, 96, 0, 0, 49, 0, 0, 59, 0, 1, 1, 3, 125]
1542737447260;[171, 0, 17, 255, 161, 74, 234, 35, 96, 0, 0, 33, 0, 0, 8, 0, 1, 3, 3, 144]
1542737447262;[171, 0, 17, 255, 161, 74, 234, 35, 96, 0, 0, 33, 0, 0, 8, 0, 1, 3, 3, 144]
1542737447264;[171, 0, 17, 255, 161, 74, 234, 35, 96, 0, 0, 56, 1, 0, 71, 0, 1, 16, 3, 171]
1542737447266;[171, 0, 17, 255, 161, 74, 234, 35, 96, 0, 0, 56, 1, 0, 71, 0, 1, 16, 3, 171]
1542737448124;[171, 0, 17, 255, 161, 74, 234, 35, 97, 1, 0, 107, 1, 0, 63, 0, 0, 221, 3, 146]
1542737448126;[171, 0, 17, 255, 161, 74, 234, 35, 97, 1, 0, 107, 1, 0, 63, 0, 0, 221, 3, 146]
1542737448129;[171, 0, 17, 255, 161, 74, 234, 35, 97, 1, 0, 100, 1, 0, 44, 0, 1, 92, 3, 184]
1542737448130;[171, 0, 17, 255, 161, 74, 234, 35, 97, 1, 0, 100, 1, 0, 44, 0, 1, 92, 3, 184]
1542737448134;[171, 0, 17, 255, 161, 74, 234, 35, 97, 0, 1, 32, 1, 0, 253, 0, 0, 217, 3, 147]
1542737448137;[171, 0, 17, 255, 161, 74, 234, 35, 97, 0, 1, 32, 1, 0, 253, 0, 0, 217, 3, 147]
1542737448139;[171, 0, 17, 255, 161, 74, 234, 35, 97, 0, 0, 14, 0, 0, 205, 0, 0, 223, 3, 84]
1542737448141;[171, 0, 17, 255, 161, 74, 234, 35, 97, 0, 0, 14, 0, 0, 205, 0, 0, 223, 3, 84]
1542737448986;[171, 0, 17, 255, 161, 74, 234, 35, 97, 0, 0, 20, 1, 0, 15, 0, 0, 229, 3, 70]
1542737448988;[171, 0, 17, 255, 161, 74, 234, 35, 97, 0, 0, 20, 1, 0, 15, 0, 0, 229, 3, 70]
1542737448990;[171, 0, 17, 255, 161, 74, 234, 35, 97, 0, 0, 7, 0, 0, 4, 0, 1, 3, 3, 56]
1542737448994;[171, 0, 17, 255, 161, 74, 234, 35, 97, 0, 0, 7, 0, 0, 4, 0, 1, 3, 3, 56]
1542737448996;[171, 0, 17, 255, 161, 74, 234, 35, 97, 0, 0, 10, 1, 0, 24, 0, 1, 0, 3, 22]
1542737448998;[171, 0, 17, 255, 161, 74, 234, 35, 97, 0, 0, 10, 1, 0, 24, 0, 1, 0, 3, 22]
1542737448999;[171, 0, 4, 255, 132, 128, 89]
1542737449002;[171, 0, 4, 255, 132, 128, 89]
1542737449160;[171, 0, 17, 255, 161, 74, 234, 35, 97, 0, 0, 10, 0, 0, 5, 0, 1, 17, 2, 238]
1542737449162;[171, 0, 17, 255, 161, 74, 234, 35, 97, 0, 0, 10, 0, 0, 5, 0, 1, 17, 2, 238]
1542737449164;[171, 0, 17, 255, 161, 74, 234, 35, 97, 0, 0, 5, 0, 0, 33, 0, 1, 4, 2, 236]
1542737449166;[171, 0, 17, 255, 161, 74, 234, 35, 97, 0, 0, 5, 0, 0, 33, 0, 1, 4, 2, 236]
1542737449169;[171, 0, 17, 255, 161, 74, 234, 35, 97, 0, 0, 24, 1, 0, 22, 0, 1, 1, 3, 34]
1542737449170;[171, 0, 17, 255, 161, 74, 234, 35, 97, 0, 0, 24, 1, 0, 22, 0, 1, 1, 3, 34]
1542737449174;[171, 0, 17, 255, 161, 74, 234, 35, 98, 0, 0, 19, 0, 0, 11, 0, 1, 4, 3, 112]
1542737449175;[171, 0, 17, 255, 161, 74, 234, 35, 98, 0, 0, 19, 0, 0, 11, 0, 1, 4, 3, 112]
1542737449330;[171, 0, 17, 255, 161, 74, 234, 35, 98, 0, 0, 43, 0, 0, 6, 0, 1, 7, 3, 124]
1542737449332;[171, 0, 17, 255, 161, 74, 234, 35, 98, 0, 0, 43, 0, 0, 6, 0, 1, 7, 3, 124]
1542737449336;[171, 0, 17, 255, 161, 74, 234, 35, 98, 0, 0, 33, 0, 0, 8, 0, 1, 3, 3, 64]
1542737449338;[171, 0, 17, 255, 161, 74, 234, 35, 98, 0, 0, 33, 0, 0, 8, 0, 1, 3, 3, 64]
1542737449340;[171, 0, 17, 255, 161, 74, 234, 35, 98, 0, 0, 23, 0, 0, 6, 0, 0, 251, 2, 198]
1542737449342;[171, 0, 17, 255, 161, 74, 234, 35, 98, 0, 0, 23, 0, 0, 6, 0, 0, 251, 2, 198]
1542737449505;[171, 0, 17, 255, 161, 74, 234, 35, 98, 0, 0, 5, 0, 0, 1, 0, 1, 19, 2, 130]
1542737449506;[171, 0, 17, 255, 161, 74, 234, 35, 98, 0, 0, 5, 0, 0, 1, 0, 1, 19, 2, 130]
1542737449508;[171, 0, 17, 255, 161, 74, 234, 35, 98, 0, 0, 2, 1, 0, 9, 0, 1, 7, 2, 112]
1542737449510;[171, 0, 17, 255, 161, 74, 234, 35, 98, 0, 0, 2, 1, 0, 9, 0, 1, 7, 2, 112]
1542737449675;[171, 0, 17, 255, 161, 74, 234, 35, 98, 1, 0, 43, 1, 0, 45, 0, 0, 240, 2, 218]
1542737449677;[171, 0, 17, 255, 161, 74, 234, 35, 98, 1, 0, 43, 1, 0, 45, 0, 0, 240, 2, 218]
1542737449679;[171, 0, 4, 255, 132, 128, 90]
1542737449681;[171, 0, 4, 255, 132, 128, 90]
1542737449847;[171, 0, 17, 255, 161, 74, 234, 35, 98, 1, 0, 23, 1, 0, 39, 0, 1, 87, 3, 37]
1542737449849;[171, 0, 17, 255, 161, 74, 234, 35, 98, 1, 0, 23, 1, 0, 39, 0, 1, 87, 3, 37]
1542737449851;[171, 0, 17, 255, 161, 74, 234, 35, 98, 0, 0, 18, 1, 0, 1, 0, 1, 83, 3, 32]
1542737449853;[171, 0, 17, 255, 161, 74, 234, 35, 98, 0, 0, 18, 1, 0, 1, 0, 1, 83, 3, 32]
1542737450366;[171, 0, 17, 255, 161, 74, 234, 35, 98, 1, 0, 62, 1, 0, 67, 0, 0, 200, 3, 35]
1542737450368;[171, 0, 17, 255, 161, 74, 234, 35, 98, 1, 0, 62, 1, 0, 67, 0, 0, 200, 3, 35]
1542737450370;[171, 0, 17, 255, 161, 74, 234, 35, 99, 1, 0, 165, 1, 0, 171, 0, 0, 128, 3, 10]
1542737450372;[171, 0, 17, 255, 161, 74, 234, 35, 99, 1, 0, 165, 1, 0, 171, 0, 0, 128, 3, 10]
1542737450374;[171, 0, 17, 255, 161, 74, 234, 35, 99, 1, 0, 166, 1, 0, 146, 0, 0, 29, 2, 190]
1542737450376;[171, 0, 17, 255, 161, 74, 234, 35, 99, 1, 0, 166, 1, 0, 146, 0, 0, 29, 2, 190]
1542737450538;[171, 0, 17, 255, 161, 74, 234, 35, 99, 1, 0, 158, 1, 0, 120, 0, 0, 135, 2, 243]
1542737450540;[171, 0, 17, 255, 161, 74, 234, 35, 99, 1, 0, 158, 1, 0, 120, 0, 0, 135, 2, 243]
1542737450542;[171, 0, 17, 255, 161, 74, 234, 35, 99, 1, 0, 204, 1, 0, 162, 0, 0, 204, 3, 73]
1542737450544;[171, 0, 17, 255, 161, 74, 234, 35, 99, 1, 0, 204, 1, 0, 162, 0, 0, 204, 3, 73]
1542737450547;[171, 0, 17, 255, 161, 74, 234, 35, 99, 1, 0, 127, 1, 0, 148, 0, 0, 197, 3, 132]
1542737450549;[171, 0, 17, 255, 161, 74, 234, 35, 99, 1, 0, 127, 1, 0, 148, 0, 0, 197, 3, 132]
1542737452089;[171, 0, 17, 255, 161, 74, 234, 35, 99, 1, 0, 118, 1, 0, 254, 0, 0, 141, 3, 212]
1542737452091;[171, 0, 17, 255, 161, 74, 234, 35, 99, 1, 0, 118, 1, 0, 254, 0, 0, 141, 3, 212]
1542737453127;[171, 0, 17, 255, 161, 74, 234, 35, 99, 1, 0, 122, 1, 0, 217, 0, 0, 146, 4, 38]
1542737453130;[171, 0, 17, 255, 161, 74, 234, 35, 99, 1, 0, 122, 1, 0, 217, 0, 0, 146, 4, 38]
1542737453131;[171, 0, 4, 255, 132, 128, 90]
1542737453135;[171, 0, 4, 255, 132, 128, 90]
1542737453138;[171, 0, 17, 255, 161, 74, 234, 35, 99, 1, 0, 126, 1, 0, 131, 0, 0, 158, 4, 75]
1542737453140;[171, 0, 17, 255, 161, 74, 234, 35, 99, 1, 0, 126, 1, 0, 131, 0, 0, 158, 4, 75]
1542737453141;[171, 0, 17, 255, 161, 74, 234, 35, 99, 1, 0, 29, 1, 0, 127, 0, 2, 175, 4, 14]
1542737453143;[171, 0, 17, 255, 161, 74, 234, 35, 99, 1, 0, 29, 1, 0, 127, 0, 2, 175, 4, 14]
1542737453299;[171, 0, 17, 255, 161, 74, 234, 35, 99, 1, 0, 79, 1, 1, 6, 0, 0, 108, 3, 111]
1542737453301;[171, 0, 17, 255, 161, 74, 234, 35, 99, 1, 0, 79, 1, 1, 6, 0, 0, 108, 3, 111]
1542737453303;[171, 0, 17, 255, 161, 74, 234, 35, 100, 1, 0, 73, 1, 0, 151, 0, 0, 89, 2, 172]
1542737453305;[171, 0, 17, 255, 161, 74, 234, 35, 100, 1, 0, 73, 1, 0, 151, 0, 0, 89, 2, 172]
1542737453308;[171, 0, 17, 255, 161, 74, 234, 35, 100, 1, 0, 10, 1, 0, 192, 0, 0, 228, 2, 109]
1542737453310;[171, 0, 17, 255, 161, 74, 234, 35, 100, 1, 0, 10, 1, 0, 192, 0, 0, 228, 2, 109]
1542737453312;[171, 0, 17, 255, 161, 74, 234, 35, 100, 0, 0, 3, 1, 1, 25, 0, 0, 138, 2, 80]
1542737453313;[171, 0, 17, 255, 161, 74, 234, 35, 100, 0, 0, 3, 1, 1, 25, 0, 0, 138, 2, 80]
1542737453471;[171, 0, 17, 255, 161, 74, 234, 35, 102, 1, 0, 89, 1, 0, 183, 0, 0, 154, 2, 245]
1542737453472;[171, 0, 17, 255, 161, 74, 234, 35, 102, 1, 0, 89, 1, 0, 183, 0, 0, 154, 2, 245]
1542737453475;[171, 0, 17, 255, 161, 74, 234, 35, 102, 1, 0, 86, 1, 0, 183, 0, 0, 156, 2, 231]
1542737453477;[171, 0, 17, 255, 161, 74, 234, 35, 102, 1, 0, 86, 1, 0, 183, 0, 0, 156, 2, 231]
1542737454333;[171, 0, 4, 255, 132, 128, 89]
1542737454336;[171, 0, 4, 255, 132, 128, 89]
1542737454339;[171, 0, 17, 255, 161, 74, 234, 35, 102, 1, 0, 87, 1, 0, 183, 0, 0, 156, 3, 28]
1542737454340;[171, 0, 17, 255, 161, 74, 234, 35, 102, 1, 0, 87, 1, 0, 183, 0, 0, 156, 3, 28]
1542737454506;[171, 0, 17, 255, 161, 74, 234, 35, 102, 1, 0, 88, 1, 0, 183, 0, 0, 156, 3, 47]
1542737454510;[171, 0, 17, 255, 161, 74, 234, 35, 102, 1, 0, 88, 1, 0, 183, 0, 0, 156, 3, 47]
1542737454512;[171, 0, 17, 255, 161, 74, 234, 35, 102, 1, 0, 87, 1, 0, 182, 0, 0, 153, 3, 61]
1542737454514;[171, 0, 17, 255, 161, 74, 234, 35, 102, 1, 0, 87, 1, 0, 182, 0, 0, 153, 3, 61]
1542737454519;[171, 0, 17, 255, 161, 74, 234, 35, 103, 1, 0, 89, 1, 0, 182, 0, 0, 156, 3, 49]
1542737454521;[171, 0, 17, 255, 161, 74, 234, 35, 103, 1, 0, 89, 1, 0, 182, 0, 0, 156, 3, 49]
1542737454523;[171, 0, 17, 255, 161, 74, 234, 35, 103, 1, 0, 89, 1, 0, 182, 0, 0, 154, 3, 39]
1542737454524;[171, 0, 17, 255, 161, 74, 234, 35, 103, 1, 0, 89, 1, 0, 182, 0, 0, 154, 3, 39]
1542737455716;[171, 0, 17, 255, 161, 74, 234, 35, 103, 1, 0, 86, 1, 0, 181, 0, 0, 155, 3, 21]
1542737455722;[171, 0, 17, 255, 161, 74, 234, 35, 103, 1, 0, 86, 1, 0, 181, 0, 0, 155, 3, 21]
1542737455725;[171, 0, 17, 255, 161, 74, 234, 35, 103, 1, 0, 88, 1, 0, 179, 0, 0, 154, 3, 77]
1542737455727;[171, 0, 17, 255, 161, 74, 234, 35, 103, 1, 0, 88, 1, 0, 179, 0, 0, 154, 3, 77]
1542737455731;[171, 0, 17, 255, 161, 74, 234, 35, 103, 1, 0, 89, 1, 0, 182, 0, 0, 153, 3, 116]
1542737455732;[171, 0, 17, 255, 161, 74, 234, 35, 103, 1, 0, 89, 1, 0, 182, 0, 0, 153, 3, 116]
1542737455735;[171, 0, 17, 255, 161, 74, 234, 35, 103, 1, 0, 89, 1, 0, 181, 0, 0, 154, 3, 124]
1542737455737;[171, 0, 17, 255, 161, 74, 234, 35, 103, 1, 0, 89, 1, 0, 181, 0, 0, 154, 3, 124]
1542737455886;[171, 0, 17, 255, 161, 74, 234, 35, 103, 1, 0, 88, 1, 0, 180, 0, 0, 153, 3, 126]
1542737455887;[171, 0, 17, 255, 161, 74, 234, 35, 103, 1, 0, 88, 1, 0, 180, 0, 0, 153, 3, 126]
1542737455888;[171, 0, 4, 255, 132, 128, 88]
1542737455890;[171, 0, 4, 255, 132, 128, 88]
1542737456919;[171, 0, 17, 255, 161, 74, 234, 35, 103, 1, 0, 84, 1, 0, 182, 0, 0, 155, 3, 122]
1542737456922;[171, 0, 17, 255, 161, 74, 234, 35, 103, 1, 0, 84, 1, 0, 182, 0, 0, 155, 3, 122]
1542737456925;[171, 0, 17, 255, 161, 74, 234, 35, 103, 1, 0, 88, 1, 0, 180, 0, 0, 154, 3, 118]
1542737456926;[171, 0, 17, 255, 161, 74, 234, 35, 103, 1, 0, 88, 1, 0, 180, 0, 0, 154, 3, 118]
1542737457093;[171, 0, 17, 255, 161, 74, 234, 35, 103, 1, 0, 86, 1, 0, 181, 0, 0, 155, 3, 120]
1542737457095;[171, 0, 17, 255, 161, 74, 234, 35, 103, 1, 0, 86, 1, 0, 181, 0, 0, 155, 3, 120]
1542737457097;[171, 0, 17, 255, 161, 74, 234, 35, 104, 1, 0, 88, 1, 0, 182, 0, 0, 153, 3, 188]
1542737457099;[171, 0, 17, 255, 161, 74, 234, 35, 104, 1, 0, 88, 1, 0, 182, 0, 0, 153, 3, 188]
1542737457102;[171, 0, 17, 255, 161, 74, 234, 35, 104, 1, 0, 90, 1, 0, 179, 0, 0, 155, 3, 238]
1542737457104;[171, 0, 17, 255, 161, 74, 234, 35, 104, 1, 0, 90, 1, 0, 179, 0, 0, 155, 3, 238]
1542737457106;[171, 0, 17, 255, 161, 74, 234, 35, 104, 1, 0, 86, 1, 0, 181, 0, 0, 155, 4, 0]
1542737457108;[171, 0, 17, 255, 161, 74, 234, 35, 104, 1, 0, 86, 1, 0, 181, 0, 0, 155, 4, 0]
1542737457264;[171, 0, 17, 255, 161, 74, 234, 35, 104, 1, 0, 88, 1, 0, 183, 0, 0, 155, 4, 10]
1542737457266;[171, 0, 17, 255, 161, 74, 234, 35, 104, 1, 0, 88, 1, 0, 183, 0, 0, 155, 4, 10]
1542737458301;[171, 0, 17, 255, 161, 74, 234, 35, 106, 1, 0, 86, 1, 0, 181, 0, 0, 155, 6, 141]
1542737458304;[171, 0, 17, 255, 161, 74, 234, 35, 106, 1, 0, 86, 1, 0, 181, 0, 0, 155, 6, 141]
1542737458306;[171, 0, 4, 255, 132, 128, 90]
1542737458308;[171, 0, 4, 255, 132, 128, 90]
1542737458312;[171, 0, 17, 255, 161, 74, 234, 35, 106, 1, 0, 86, 1, 0, 181, 0, 0, 153, 6, 105]
1542737458314;[171, 0, 17, 255, 161, 74, 234, 35, 106, 1, 0, 86, 1, 0, 181, 0, 0, 153, 6, 105]
1542737458316;[171, 0, 17, 255, 161, 74, 234, 35, 106, 1, 0, 87, 1, 0, 181, 0, 0, 156, 6, 123]
1542737458318;[171, 0, 17, 255, 161, 74, 234, 35, 106, 1, 0, 87, 1, 0, 181, 0, 0, 156, 6, 123]
1542737459509;[171, 0, 17, 255, 161, 74, 234, 35, 106, 1, 0, 86, 1, 0, 183, 0, 0, 154, 6, 227]
1542737459511;[171, 0, 17, 255, 161, 74, 234, 35, 106, 1, 0, 86, 1, 0, 183, 0, 0, 154, 6, 227]
1542737459513;[171, 0, 17, 255, 161, 74, 234, 35, 107, 1, 0, 87, 1, 0, 181, 0, 0, 155, 7, 10]
1542737459515;[171, 0, 17, 255, 161, 74, 234, 35, 107, 1, 0, 87, 1, 0, 181, 0, 0, 155, 7, 10]
1542737459520;[171, 0, 17, 255, 161, 74, 234, 35, 107, 1, 0, 86, 1, 0, 182, 0, 0, 154, 7, 0]
1542737459522;[171, 0, 17, 255, 161, 74, 234, 35, 107, 1, 0, 86, 1, 0, 182, 0, 0, 154, 7, 0]
1542737459524;[171, 0, 17, 255, 161, 74, 234, 35, 107, 1, 0, 86, 1, 0, 180, 0, 0, 154, 6, 244]
1542737459526;[171, 0, 17, 255, 161, 74, 234, 35, 107, 1, 0, 86, 1, 0, 180, 0, 0, 154, 6, 244]
1542737459679;[171, 0, 17, 255, 161, 74, 234, 35, 107, 1, 0, 88, 1, 0, 181, 0, 0, 153, 6, 214]
1542737459681;[171, 0, 17, 255, 161, 74, 234, 35, 107, 1, 0, 88, 1, 0, 181, 0, 0, 153, 6, 214]
1542737460889;[171, 0, 17, 255, 161, 74, 234, 35, 107, 1, 0, 88, 1, 0, 179, 0, 0, 154, 6, 182]
1542737460893;[171, 0, 17, 255, 161, 74, 234, 35, 107, 1, 0, 88, 1, 0, 179, 0, 0, 154, 6, 182]
1542737460898;[171, 0, 17, 255, 161, 74, 234, 35, 107, 1, 0, 86, 1, 0, 185, 0, 0, 153, 6, 235]
1542737460900;[171, 0, 17, 255, 161, 74, 234, 35, 107, 1, 0, 86, 1, 0, 185, 0, 0, 153, 6, 235]
1542737460902;[171, 0, 17, 255, 161, 74, 234, 35, 107, 1, 0, 87, 1, 0, 181, 0, 0, 154, 7, 89]
1542737460904;[171, 0, 17, 255, 161, 74, 234, 35, 107, 1, 0, 87, 1, 0, 181, 0, 0, 154, 7, 89]
1542737460906;[171, 0, 4, 255, 132, 128, 90]
1542737460908;[171, 0, 4, 255, 132, 128, 90]
1542737462097;[171, 0, 17, 255, 161, 74, 234, 35, 107, 1, 0, 90, 1, 0, 184, 0, 0, 154, 7, 121]
1542737462099;[171, 0, 17, 255, 161, 74, 234, 35, 107, 1, 0, 90, 1, 0, 184, 0, 0, 154, 7, 121]
1542737462101;[171, 0, 17, 255, 161, 74, 234, 35, 107, 1, 0, 87, 1, 0, 183, 0, 0, 155, 7, 109]
1542737462103;[171, 0, 17, 255, 161, 74, 234, 35, 107, 1, 0, 87, 1, 0, 183, 0, 0, 155, 7, 109]
1542737462107;[171, 0, 17, 255, 161, 74, 234, 35, 107, 1, 0, 85, 1, 0, 183, 0, 0, 154, 7, 84]
1542737462109;[171, 0, 17, 255, 161, 74, 234, 35, 107, 1, 0, 85, 1, 0, 183, 0, 0, 154, 7, 84]
1542737462111;[171, 0, 17, 255, 161, 74, 234, 35, 108, 1, 0, 88, 1, 0, 183, 0, 0, 153, 7, 48]
1542737462113;[171, 0, 17, 255, 161, 74, 234, 35, 108, 1, 0, 88, 1, 0, 183, 0, 0, 153, 7, 48]
1542737462269;[171, 0, 17, 255, 161, 74, 234, 35, 110, 1, 0, 87, 1, 0, 179, 0, 0, 158, 6, 199]
1542737462271;[171, 0, 17, 255, 161, 74, 234, 35, 110, 1, 0, 87, 1, 0, 179, 0, 0, 158, 6, 199]
1542737462274;[171, 0, 17, 255, 161, 74, 234, 35, 110, 1, 0, 87, 1, 0, 179, 0, 0, 160, 6, 220]
1542737462276;[171, 0, 17, 255, 161, 74, 234, 35, 110, 1, 0, 87, 1, 0, 179, 0, 0, 160, 6, 220]
1542737462279;[171, 0, 17, 255, 161, 74, 234, 35, 110, 1, 0, 86, 1, 0, 180, 0, 0, 159, 6, 193]
1542737462281;[171, 0, 17, 255, 161, 74, 234, 35, 110, 1, 0, 86, 1, 0, 180, 0, 0, 159, 6, 193]
1542737462283;[171, 0, 17, 255, 161, 74, 234, 35, 110, 1, 0, 86, 1, 0, 178, 0, 0, 160, 6, 167]
1542737462285;[171, 0, 17, 255, 161, 74, 234, 35, 110, 1, 0, 86, 1, 0, 178, 0, 0, 160, 6, 167]
1542737463475;[171, 0, 4, 255, 132, 128, 89]
1542737463477;[171, 0, 4, 255, 132, 128, 89]
1542737463480;[171, 0, 17, 255, 161, 74, 234, 35, 110, 1, 0, 86, 1, 0, 179, 0, 0, 160, 6, 134]
1542737463482;[171, 0, 17, 255, 161, 74, 234, 35, 110, 1, 0, 86, 1, 0, 179, 0, 0, 160, 6, 134]
1542737463485;[171, 0, 17, 255, 161, 74, 234, 35, 110, 1, 0, 85, 1, 0, 179, 0, 0, 159, 6, 94]
1542737463487;[171, 0, 17, 255, 161, 74, 234, 35, 110, 1, 0, 85, 1, 0, 179, 0, 0, 159, 6, 94]
1542737463490;[171, 0, 17, 255, 161, 74, 234, 35, 110, 1, 0, 89, 1, 0, 180, 0, 0, 159, 6, 150]
1542737463492;[171, 0, 17, 255, 161, 74, 234, 35, 110, 1, 0, 89, 1, 0, 180, 0, 0, 159, 6, 150]
1542737463652;[171, 0, 17, 255, 161, 74, 234, 35, 111, 1, 0, 87, 1, 0, 179, 0, 0, 160, 6, 199]
1542737463654;[171, 0, 17, 255, 161, 74, 234, 35, 111, 1, 0, 87, 1, 0, 179, 0, 0, 160, 6, 199]
1542737463656;[171, 0, 17, 255, 161, 74, 234, 35, 111, 1, 0, 87, 1, 0, 178, 0, 0, 159, 6, 183]
1542737463658;[171, 0, 17, 255, 161, 74, 234, 35, 111, 1, 0, 87, 1, 0, 178, 0, 0, 159, 6, 183]
1542737463819;[171, 0, 17, 255, 161, 74, 234, 35, 111, 1, 0, 86, 1, 0, 179, 0, 0, 160, 6, 153]
1542737463821;[171, 0, 17, 255, 161, 74, 234, 35, 111, 1, 0, 86, 1, 0, 179, 0, 0, 160, 6, 153]
1542737463824;[171, 0, 17, 255, 161, 74, 234, 35, 111, 1, 0, 88, 1, 0, 177, 0, 0, 159, 6, 111]
1542737463826;[171, 0, 17, 255, 161, 74, 234, 35, 111, 1, 0, 88, 1, 0, 177, 0, 0, 159, 6, 111]
1542737464511;[171, 0, 17, 255, 161, 74, 234, 35, 111, 1, 0, 85, 1, 0, 179, 0, 0, 161, 6, 67]
1542737464513;[171, 0, 17, 255, 161, 74, 234, 35, 111, 1, 0, 85, 1, 0, 179, 0, 0, 161, 6, 67]
1542737464515;[171, 0, 17, 255, 161, 74, 234, 35, 111, 1, 0, 88, 1, 0, 177, 0, 0, 160, 6, 106]
1542737464517;[171, 0, 17, 255, 161, 74, 234, 35, 111, 1, 0, 88, 1, 0, 177, 0, 0, 160, 6, 106]
1542737464520;[171, 0, 17, 255, 161, 74, 234, 35, 111, 1, 0, 86, 1, 0, 179, 0, 0, 158, 6, 137]
1542737464522;[171, 0, 17, 255, 161, 74, 234, 35, 111, 1, 0, 86, 1, 0, 179, 0, 0, 158, 6, 137]
1542737464524;[171, 0, 4, 255, 132, 128, 88]
1542737464529;[171, 0, 4, 255, 132, 128, 88]
1542737464683;[171, 0, 17, 255, 161, 74, 234, 35, 111, 1, 0, 87, 1, 0, 177, 0, 0, 159, 6, 123]
1542737464684;[171, 0, 17, 255, 161, 74, 234, 35, 111, 1, 0, 87, 1, 0, 177, 0, 0, 159, 6, 123]
1542737464687;[171, 0, 17, 255, 161, 74, 234, 35, 111, 1, 0, 87, 1, 0, 179, 0, 0, 159, 6, 97]
1542737464688;[171, 0, 17, 255, 161, 74, 234, 35, 111, 1, 0, 87, 1, 0, 179, 0, 0, 159, 6, 97]
1542737464690;[171, 0, 17, 255, 161, 74, 234, 35, 111, 1, 0, 87, 1, 0, 178, 0, 0, 159, 6, 60]
1542737464692;[171, 0, 17, 255, 161, 74, 234, 35, 111, 1, 0, 87, 1, 0, 178, 0, 0, 159, 6, 60]
1542737464694;[171, 0, 17, 255, 161, 74, 234, 35, 112, 1, 0, 87, 1, 0, 178, 0, 0, 160, 6, 8]
1542737464695;[171, 0, 17, 255, 161, 74, 234, 35, 112, 1, 0, 87, 1, 0, 178, 0, 0, 160, 6, 8]
1542737464856;[171, 0, 17, 255, 161, 74, 234, 35, 114, 1, 0, 87, 1, 0, 179, 0, 0, 160, 4, 226]
1542737464860;[171, 0, 17, 255, 161, 74, 234, 35, 114, 1, 0, 87, 1, 0, 179, 0, 0, 160, 4, 226]
1542737464862;[171, 0, 17, 255, 161, 74, 234, 35, 114, 1, 0, 86, 1, 0, 179, 0, 0, 160, 4, 183]
1542737464864;[171, 0, 17, 255, 161, 74, 234, 35, 114, 1, 0, 86, 1, 0, 179, 0, 0, 160, 4, 183]
1542737464866;[171, 0, 17, 255, 161, 74, 234, 35, 114, 1, 0, 88, 1, 0, 180, 0, 0, 158, 4, 183]
1542737464868;[171, 0, 17, 255, 161, 74, 234, 35, 114, 1, 0, 88, 1, 0, 180, 0, 0, 158, 4, 183]
1542737465026;[171, 0, 17, 255, 161, 74, 234, 35, 114, 1, 0, 83, 1, 0, 177, 0, 0, 160, 4, 152]
1542737465028;[171, 0, 17, 255, 161, 74, 234, 35, 114, 1, 0, 83, 1, 0, 177, 0, 0, 160, 4, 152]
1542737465718;[171, 0, 4, 255, 132, 128, 89]
1542737465720;[171, 0, 4, 255, 132, 128, 89]
1542737465891;[171, 0, 17, 255, 161, 74, 234, 35, 114, 1, 0, 87, 1, 0, 178, 0, 0, 159, 4, 184]
1542737465893;[171, 0, 17, 255, 161, 74, 234, 35, 114, 1, 0, 87, 1, 0, 178, 0, 0, 159, 4, 184]
1542737465895;[171, 0, 17, 255, 161, 74, 234, 35, 114, 1, 0, 86, 1, 0, 178, 0, 0, 160, 4, 196]
1542737465897;[171, 0, 17, 255, 161, 74, 234, 35, 114, 1, 0, 86, 1, 0, 178, 0, 0, 160, 4, 196]
1542737465899;[171, 0, 17, 255, 161, 74, 234, 35, 114, 1, 0, 87, 1, 0, 178, 0, 0, 159, 4, 176]
1542737465902;[171, 0, 17, 255, 161, 74, 234, 35, 114, 1, 0, 87, 1, 0, 178, 0, 0, 159, 4, 176]
1542737465907;[171, 0, 17, 255, 161, 74, 234, 35, 115, 1, 0, 87, 1, 0, 178, 0, 0, 160, 4, 159]
1542737465909;[171, 0, 17, 255, 161, 74, 234, 35, 115, 1, 0, 87, 1, 0, 178, 0, 0, 160, 4, 159]
1542737466061;[171, 0, 17, 255, 161, 74, 234, 35, 115, 1, 0, 87, 1, 0, 181, 0, 0, 158, 4, 127]
1542737466062;[171, 0, 17, 255, 161, 74, 234, 35, 115, 1, 0, 87, 1, 0, 181, 0, 0, 158, 4, 127]
1542737466407;[171, 0, 17, 255, 161, 74, 234, 35, 115, 1, 0, 89, 1, 0, 177, 0, 0, 158, 4, 85]
1542737466409;[171, 0, 17, 255, 161, 74, 234, 35, 115, 1, 0, 89, 1, 0, 177, 0, 0, 158, 4, 85]
1542737466411;[171, 0, 17, 255, 161, 74, 234, 35, 115, 1, 0, 87, 1, 0, 179, 0, 0, 159, 4, 57]
1542737466413;[171, 0, 17, 255, 161, 74, 234, 35, 115, 1, 0, 87, 1, 0, 179, 0, 0, 159, 4, 57]
1542737467271;[171, 0, 17, 255, 161, 74, 234, 35, 115, 1, 0, 85, 1, 0, 178, 0, 0, 159, 4, 89]
1542737467273;[171, 0, 17, 255, 161, 74, 234, 35, 115, 1, 0, 85, 1, 0, 178, 0, 0, 159, 4, 89]
1542737467275;[171, 0, 17, 255, 161, 74, 234, 35, 115, 1, 0, 87, 1, 0, 178, 0, 0, 159, 4, 106]
1542737467278;[171, 0, 17, 255, 161, 74, 234, 35, 115, 1, 0, 87, 1, 0, 178, 0, 0, 159, 4, 106]
1542737467280;[171, 0, 17, 255, 161, 74, 234, 35, 115, 1, 0, 85, 1, 0, 179, 0, 0, 159, 4, 94]
1542737467282;[171, 0, 17, 255, 161, 74, 234, 35, 115, 1, 0, 85, 1, 0, 179, 0, 0, 159, 4, 94]
1542737467284;[171, 0, 4, 255, 132, 128, 90]
1542737467286;[171, 0, 4, 255, 132, 128, 90]
1542737467448;[171, 0, 17, 255, 161, 74, 234, 35, 115, 1, 0, 89, 1, 0, 177, 0, 0, 160, 4, 69]
1542737467450;[171, 0, 17, 255, 161, 74, 234, 35, 115, 1, 0, 89, 1, 0, 177, 0, 0, 160, 4, 69]
1542737467452;[171, 0, 17, 255, 161, 74, 234, 35, 115, 1, 0, 90, 1, 0, 178, 0, 0, 160, 4, 33]
1542737467454;[171, 0, 17, 255, 161, 74, 234, 35, 115, 1, 0, 90, 1, 0, 178, 0, 0, 160, 4, 33]
1542737467456;[171, 0, 17, 255, 161, 74, 234, 35, 115, 1, 0, 90, 1, 0, 178, 0, 0, 160, 4, 3]
1542737467458;[171, 0, 17, 255, 161, 74, 234, 35, 115, 1, 0, 90, 1, 0, 178, 0, 0, 160, 4, 3]
1542737467460;[171, 0, 17, 255, 161, 74, 234, 35, 116, 1, 0, 90, 1, 0, 180, 0, 0, 159, 3, 207]
1542737467461;[171, 0, 17, 255, 161, 74, 234, 35, 116, 1, 0, 90, 1, 0, 180, 0, 0, 159, 3, 207]
1542737467633;[171, 0, 17, 255, 161, 74, 234, 35, 116, 1, 0, 88, 1, 0, 178, 0, 0, 160, 3, 147]
1542737467634;[171, 0, 17, 255, 161, 74, 234, 35, 116, 1, 0, 88, 1, 0, 178, 0, 0, 160, 3, 147]
1542737468480;[171, 0, 17, 255, 161, 74, 234, 35, 116, 1, 0, 86, 1, 0, 176, 0, 0, 159, 3, 99]
1542737468482;[171, 0, 17, 255, 161, 74, 234, 35, 116, 1, 0, 86, 1, 0, 176, 0, 0, 159, 3, 99]
1542737468485;[171, 0, 17, 255, 161, 74, 234, 35, 116, 1, 0, 90, 1, 0, 176, 0, 0, 159, 3, 52]
1542737468486;[171, 0, 17, 255, 161, 74, 234, 35, 116, 1, 0, 90, 1, 0, 176, 0, 0, 159, 3, 52]
1542737468489;[171, 0, 17, 255, 161, 74, 234, 35, 116, 1, 0, 87, 1, 0, 177, 0, 0, 159, 3, 77]
1542737468491;[171, 0, 17, 255, 161, 74, 234, 35, 116, 1, 0, 87, 1, 0, 177, 0, 0, 159, 3, 77]
1542737468493;[171, 0, 17, 255, 161, 74, 234, 35, 116, 1, 0, 86, 1, 0, 177, 0, 0, 160, 3, 110]
1542737468495;[171, 0, 17, 255, 161, 74, 234, 35, 116, 1, 0, 86, 1, 0, 177, 0, 0, 160, 3, 110]
1542737468651;[171, 0, 17, 255, 161, 74, 234, 35, 116, 1, 0, 88, 1, 0, 175, 0, 0, 159, 3, 108]
1542737468653;[171, 0, 17, 255, 161, 74, 234, 35, 116, 1, 0, 88, 1, 0, 175, 0, 0, 159, 3, 108]
1542737468659;[171, 0, 4, 255, 132, 128, 90]
1542737468664;[171, 0, 4, 255, 132, 128, 90]
1542737468667;[171, 0, 17, 255, 161, 74, 234, 35, 116, 1, 0, 87, 1, 0, 180, 0, 0, 160, 3, 94]
1542737468669;[171, 0, 17, 255, 161, 74, 234, 35, 116, 1, 0, 87, 1, 0, 180, 0, 0, 160, 3, 94]
1542737468670;[171, 0, 17, 255, 161, 74, 234, 35, 116, 1, 0, 88, 1, 0, 178, 0, 0, 160, 3, 88]
1542737468672;[171, 0, 17, 255, 161, 74, 234, 35, 116, 1, 0, 88, 1, 0, 178, 0, 0, 160, 3, 88]
1542737468823;[171, 0, 17, 255, 161, 74, 234, 35, 116, 1, 0, 87, 1, 0, 180, 0, 0, 160, 3, 63]
1542737468825;[171, 0, 17, 255, 161, 74, 234, 35, 116, 1, 0, 87, 1, 0, 180, 0, 0, 160, 3, 63]
1542737468828;[171, 0, 17, 255, 161, 74, 234, 35, 117, 1, 0, 87, 1, 0, 178, 0, 0, 160, 3, 27]
1542737468830;[171, 0, 17, 255, 161, 74, 234, 35, 117, 1, 0, 87, 1, 0, 178, 0, 0, 160, 3, 27]
1542737468832;[171, 0, 17, 255, 161, 74, 234, 35, 117, 1, 0, 87, 1, 0, 176, 0, 0, 160, 2, 242]
1542737468833;[171, 0, 17, 255, 161, 74, 234, 35, 117, 1, 0, 87, 1, 0, 176, 0, 0, 160, 2, 242]
1542737468994;[171, 0, 17, 255, 161, 74, 234, 35, 117, 1, 0, 87, 1, 0, 179, 0, 0, 160, 2, 199]
1542737468996;[171, 0, 17, 255, 161, 74, 234, 35, 117, 1, 0, 87, 1, 0, 179, 0, 0, 160, 2, 199]
1542737469512;[171, 0, 17, 255, 161, 74, 234, 35, 117, 1, 0, 89, 1, 0, 179, 0, 0, 160, 2, 155]
1542737469514;[171, 0, 17, 255, 161, 74, 234, 35, 117, 1, 0, 89, 1, 0, 179, 0, 0, 160, 2, 155]
1542737469517;[171, 0, 17, 255, 161, 74, 234, 35, 117, 1, 0, 88, 1, 0, 180, 0, 0, 161, 2, 134]
1542737469519;[171, 0, 17, 255, 161, 74, 234, 35, 117, 1, 0, 88, 1, 0, 180, 0, 0, 161, 2, 134]
1542737469859;[171, 0, 17, 255, 161, 74, 234, 35, 117, 1, 0, 86, 1, 0, 177, 0, 0, 159, 2, 176]
1542737469861;[171, 0, 17, 255, 161, 74, 234, 35, 117, 1, 0, 86, 1, 0, 177, 0, 0, 159, 2, 176]
1542737469865;[171, 0, 17, 255, 161, 74, 234, 35, 117, 1, 0, 87, 1, 0, 178, 0, 0, 158, 2, 214]
1542737469867;[171, 0, 17, 255, 161, 74, 234, 35, 117, 1, 0, 87, 1, 0, 178, 0, 0, 158, 2, 214]
1542737469870;[171, 0, 4, 255, 132, 128, 91]
1542737469872;[171, 0, 4, 255, 132, 128, 91]
1542737469874;[171, 0, 17, 255, 161, 74, 234, 35, 117, 1, 0, 86, 1, 0, 176, 0, 0, 159, 2, 227]
1542737469876;[171, 0, 17, 255, 161, 74, 234, 35, 117, 1, 0, 86, 1, 0, 176, 0, 0, 159, 2, 227]
1542737471068;[171, 0, 17, 255, 161, 74, 234, 35, 117, 1, 0, 87, 1, 0, 178, 0, 0, 160, 2, 215]
1542737471070;[171, 0, 17, 255, 161, 74, 234, 35, 117, 1, 0, 87, 1, 0, 178, 0, 0, 160, 2, 215]
1542737471072;[171, 0, 17, 255, 161, 74, 234, 35, 117, 1, 0, 85, 1, 0, 177, 0, 0, 160, 2, 210]
1542737471075;[171, 0, 17, 255, 161, 74, 234, 35, 117, 1, 0, 85, 1, 0, 177, 0, 0, 160, 2, 210]
1542737471077;[171, 0, 17, 255, 161, 74, 234, 35, 118, 1, 0, 88, 1, 0, 177, 0, 0, 159, 2, 194]
1542737471079;[171, 0, 17, 255, 161, 74, 234, 35, 118, 1, 0, 88, 1, 0, 177, 0, 0, 159, 2, 194]
1542737471081;[171, 0, 17, 255, 161, 74, 234, 35, 118, 1, 0, 85, 1, 0, 176, 0, 0, 161, 2, 160]
1542737471083;[171, 0, 17, 255, 161, 74, 234, 35, 118, 1, 0, 85, 1, 0, 176, 0, 0, 161, 2, 160]
1542737471239;[171, 0, 17, 255, 161, 74, 234, 35, 118, 1, 0, 87, 1, 0, 177, 0, 0, 158, 2, 134]
1542737471241;[171, 0, 17, 255, 161, 74, 234, 35, 118, 1, 0, 87, 1, 0, 177, 0, 0, 158, 2, 134]
1542737471243;[171, 0, 17, 255, 161, 74, 234, 35, 118, 1, 0, 89, 1, 0, 179, 0, 0, 161, 2, 107]
1542737471245;[171, 0, 17, 255, 161, 74, 234, 35, 118, 1, 0, 89, 1, 0, 179, 0, 0, 161, 2, 107]
1542737471248;[171, 0, 17, 255, 161, 74, 234, 35, 118, 1, 0, 87, 1, 0, 180, 0, 0, 160, 2, 66]
1542737471250;[171, 0, 17, 255, 161, 74, 234, 35, 118, 1, 0, 87, 1, 0, 180, 0, 0, 160, 2, 66]
1542737471252;[171, 0, 4, 255, 132, 128, 91]
1542737471254;[171, 0, 4, 255, 132, 128, 91]
1542737472313;[171, 0, 17, 255, 161, 74, 234, 35, 120, 1, 0, 87, 1, 0, 177, 0, 0, 160, 3, 182]
1542737472315;[171, 0, 17, 255, 161, 74, 234, 35, 120, 1, 0, 87, 1, 0, 177, 0, 0, 160, 3, 182]
1542737472316;[171, 0, 17, 255, 161, 74, 234, 35, 120, 1, 0, 88, 1, 0, 178, 0, 0, 160, 3, 192]
1542737472318;[171, 0, 17, 255, 161, 74, 234, 35, 120, 1, 0, 88, 1, 0, 178, 0, 0, 160, 3, 192]
1542737472319;[171, 0, 17, 255, 161, 74, 234, 35, 120, 1, 0, 85, 1, 0, 178, 0, 0, 159, 3, 196]
1542737472321;[171, 0, 17, 255, 161, 74, 234, 35, 120, 1, 0, 85, 1, 0, 178, 0, 0, 159, 3, 196]
1542737472322;[171, 0, 17, 255, 161, 74, 234, 35, 121, 1, 0, 88, 1, 0, 178, 0, 0, 160, 3, 178]
1542737472323;[171, 0, 17, 255, 161, 74, 234, 35, 121, 1, 0, 88, 1, 0, 178, 0, 0, 160, 3, 178]
1542737472447;[171, 0, 17, 255, 161, 74, 234, 35, 121, 1, 0, 89, 1, 0, 178, 0, 0, 159, 3, 144]
1542737472448;[171, 0, 17, 255, 161, 74, 234, 35, 121, 1, 0, 89, 1, 0, 178, 0, 0, 159, 3, 144]
1542737472454;[171, 0, 17, 255, 161, 74, 234, 35, 121, 1, 0, 87, 1, 0, 178, 0, 0, 161, 3, 117]
1542737472456;[171, 0, 17, 255, 161, 74, 234, 35, 121, 1, 0, 87, 1, 0, 178, 0, 0, 161, 3, 117]
1542737472458;[171, 0, 17, 255, 161, 74, 234, 35, 121, 1, 0, 87, 1, 0, 177, 0, 0, 159, 3, 78]
1542737472460;[171, 0, 17, 255, 161, 74, 234, 35, 121, 1, 0, 87, 1, 0, 177, 0, 0, 159, 3, 78]
1542737472462;[171, 0, 17, 255, 161, 74, 234, 35, 121, 1, 0, 89, 1, 0, 179, 0, 0, 159, 3, 51]
1542737472463;[171, 0, 17, 255, 161, 74, 234, 35, 121, 1, 0, 89, 1, 0, 179, 0, 0, 159, 3, 51]
1542737472617;[171, 0, 17, 255, 161, 74, 234, 35, 121, 1, 0, 90, 1, 0, 178, 0, 0, 158, 3, 110]
1542737472619;[171, 0, 17, 255, 161, 74, 234, 35, 121, 1, 0, 90, 1, 0, 178, 0, 0, 158, 3, 110]
1542737472789;[171, 0, 17, 255, 161, 74, 234, 35, 121, 1, 0, 88, 1, 0, 178, 0, 0, 160, 3, 208]
1542737472791;[171, 0, 17, 255, 161, 74, 234, 35, 121, 1, 0, 88, 1, 0, 178, 0, 0, 160, 3, 208]
1542737473482;[171, 0, 4, 255, 132, 128, 91]
1542737473487;[171, 0, 4, 255, 132, 128, 91]
1542737473490;[171, 0, 17, 255, 161, 74, 234, 35, 121, 1, 0, 87, 1, 0, 180, 0, 0, 158, 3, 229]
1542737473492;[171, 0, 17, 255, 161, 74, 234, 35, 121, 1, 0, 87, 1, 0, 180, 0, 0, 158, 3, 229]
1542737473494;[171, 0, 17, 255, 161, 74, 234, 35, 121, 1, 0, 88, 1, 0, 177, 0, 0, 161, 3, 229]
1542737473495;[171, 0, 17, 255, 161, 74, 234, 35, 121, 1, 0, 88, 1, 0, 177, 0, 0, 161, 3, 229]
1542737473497;[171, 0, 17, 255, 161, 74, 234, 35, 121, 1, 0, 88, 1, 0, 177, 0, 0, 158, 3, 239]
1542737473499;[171, 0, 17, 255, 161, 74, 234, 35, 121, 1, 0, 88, 1, 0, 177, 0, 0, 158, 3, 239]
1542737473654;[171, 0, 17, 255, 161, 74, 234, 35, 122, 1, 0, 86, 1, 0, 179, 0, 0, 160, 3, 232]
1542737473656;[171, 0, 17, 255, 161, 74, 234, 35, 122, 1, 0, 86, 1, 0, 179, 0, 0, 160, 3, 232]
1542737473658;[171, 0, 17, 255, 161, 74, 234, 35, 122, 1, 0, 86, 1, 0, 177, 0, 0, 160, 3, 200]
1542737473659;[171, 0, 17, 255, 161, 74, 234, 35, 122, 1, 0, 86, 1, 0, 177, 0, 0, 160, 3, 200]
1542737473668;[171, 0, 17, 255, 161, 74, 234, 35, 122, 1, 0, 89, 1, 0, 179, 0, 0, 161, 3, 167]
1542737473670;[171, 0, 17, 255, 161, 74, 234, 35, 122, 1, 0, 89, 1, 0, 179, 0, 0, 161, 3, 167]
1542737473671;[171, 0, 17, 255, 161, 74, 234, 35, 122, 1, 0, 84, 1, 0, 179, 0, 0, 161, 3, 138]
1542737473673;[171, 0, 17, 255, 161, 74, 234, 35, 122, 1, 0, 84, 1, 0, 179, 0, 0, 161, 3, 138]
1542737473825;[171, 0, 17, 255, 161, 74, 234, 35, 122, 1, 0, 86, 1, 0, 178, 0, 0, 160, 3, 101]
1542737473827;[171, 0, 17, 255, 161, 74, 234, 35, 122, 1, 0, 86, 1, 0, 178, 0, 0, 160, 3, 101]
1542737473830;[171, 0, 17, 255, 161, 74, 234, 35, 122, 1, 0, 88, 1, 0, 181, 0, 0, 159, 3, 125]
1542737473832;[171, 0, 17, 255, 161, 74, 234, 35, 122, 1, 0, 88, 1, 0, 181, 0, 0, 159, 3, 125]
1542737473833;[171, 0, 17, 255, 161, 74, 234, 35, 122, 1, 0, 85, 1, 0, 177, 0, 0, 161, 3, 212]
1542737473835;[171, 0, 17, 255, 161, 74, 234, 35, 122, 1, 0, 85, 1, 0, 177, 0, 0, 161, 3, 212]
1542737473997;[171, 0, 4, 255, 132, 128, 91]
1542737474000;[171, 0, 4, 255, 132, 128, 91]
1542737474686;[171, 0, 17, 255, 161, 74, 234, 35, 122, 1, 0, 89, 1, 0, 178, 0, 0, 160, 3, 246]
1542737474688;[171, 0, 17, 255, 161, 74, 234, 35, 122, 1, 0, 89, 1, 0, 178, 0, 0, 160, 3, 246]
1542737474861;[171, 0, 17, 255, 161, 74, 234, 35, 122, 1, 0, 85, 1, 0, 177, 0, 0, 158, 3, 242]
1542737474863;[171, 0, 17, 255, 161, 74, 234, 35, 122, 1, 0, 85, 1, 0, 177, 0, 0, 158, 3, 242]
1542737474866;[171, 0, 17, 255, 161, 74, 234, 35, 122, 1, 0, 90, 1, 0, 179, 0, 0, 159, 3, 245]
1542737474867;[171, 0, 17, 255, 161, 74, 234, 35, 122, 1, 0, 90, 1, 0, 179, 0, 0, 159, 3, 245]
1542737474870;[171, 0, 17, 255, 161, 74, 234, 35, 123, 1, 0, 88, 1, 0, 179, 0, 0, 160, 3, 231]
1542737474871;[171, 0, 17, 255, 161, 74, 234, 35, 123, 1, 0, 88, 1, 0, 179, 0, 0, 160, 3, 231]
1542737474874;[171, 0, 17, 255, 161, 74, 234, 35, 123, 1, 0, 86, 1, 0, 175, 0, 0, 159, 3, 208]
1542737474876;[171, 0, 17, 255, 161, 74, 234, 35, 123, 1, 0, 86, 1, 0, 175, 0, 0, 159, 3, 208]
1542737475033;[171, 0, 17, 255, 161, 74, 234, 35, 123, 1, 0, 89, 1, 0, 177, 0, 0, 159, 3, 171]
1542737475035;[171, 0, 17, 255, 161, 74, 234, 35, 123, 1, 0, 89, 1, 0, 177, 0, 0, 159, 3, 171]
1542737475039;[171, 0, 17, 255, 161, 74, 234, 35, 123, 1, 0, 90, 1, 0, 178, 0, 0, 160, 3, 137]
1542737475041;[171, 0, 17, 255, 161, 74, 234, 35, 123, 1, 0, 90, 1, 0, 178, 0, 0, 160, 3, 137]
1542737475044;[171, 0, 17, 255, 161, 74, 234, 35, 123, 1, 0, 85, 1, 0, 179, 0, 0, 160, 3, 96]
1542737475046;[171, 0, 17, 255, 161, 74, 234, 35, 123, 1, 0, 85, 1, 0, 179, 0, 0, 160, 3, 96]
1542737475048;[171, 0, 17, 255, 161, 74, 234, 35, 123, 1, 0, 88, 1, 0, 179, 0, 0, 159, 3, 151]
1542737475049;[171, 0, 17, 255, 161, 74, 234, 35, 123, 1, 0, 88, 1, 0, 179, 0, 0, 159, 3, 151]
1542737475896;[171, 0, 17, 255, 161, 74, 234, 35, 123, 1, 0, 86, 1, 0, 178, 0, 0, 161, 3, 209]
1542737475898;[171, 0, 17, 255, 161, 74, 234, 35, 123, 1, 0, 86, 1, 0, 178, 0, 0, 161, 3, 209]
1542737475901;[171, 0, 4, 255, 132, 128, 91]
1542737475903;[171, 0, 4, 255, 132, 128, 91]
1542737475906;[171, 0, 17, 255, 161, 74, 234, 35, 123, 1, 0, 88, 1, 0, 177, 0, 0, 160, 3, 220]
1542737475908;[171, 0, 17, 255, 161, 74, 234, 35, 123, 1, 0, 88, 1, 0, 177, 0, 0, 160, 3, 220]
1542737475910;[171, 0, 17, 255, 161, 74, 234, 35, 123, 1, 0, 88, 1, 0, 180, 0, 0, 160, 3, 200]
1542737475912;[171, 0, 17, 255, 161, 74, 234, 35, 123, 1, 0, 88, 1, 0, 180, 0, 0, 160, 3, 200]
1542737476069;[171, 0, 17, 255, 161, 74, 234, 35, 123, 1, 0, 87, 1, 0, 176, 0, 0, 160, 3, 201]
1542737476071;[171, 0, 17, 255, 161, 74, 234, 35, 123, 1, 0, 87, 1, 0, 176, 0, 0, 160, 3, 201]
1542737476074;[171, 0, 17, 255, 161, 74, 234, 35, 128, 1, 0, 89, 1, 0, 177, 0, 0, 160, 3, 172]
1542737476076;[171, 0, 17, 255, 161, 74, 234, 35, 128, 1, 0, 89, 1, 0, 177, 0, 0, 160, 3, 172]
1542737476078;[171, 0, 17, 255, 161, 74, 234, 35, 128, 1, 0, 86, 1, 0, 176, 0, 0, 160, 3, 140]
1542737476080;[171, 0, 17, 255, 161, 74, 234, 35, 128, 1, 0, 86, 1, 0, 176, 0, 0, 160, 3, 140]
1542737476082;[171, 0, 17, 255, 161, 74, 234, 35, 128, 1, 0, 88, 1, 0, 178, 0, 0, 160, 3, 104]
1542737476084;[171, 0, 17, 255, 161, 74, 234, 35, 128, 1, 0, 88, 1, 0, 178, 0, 0, 160, 3, 104]
1542737476414;[171, 0, 17, 255, 161, 74, 234, 35, 128, 1, 0, 86, 1, 0, 179, 0, 0, 159, 3, 106]
1542737476416;[171, 0, 17, 255, 161, 74, 234, 35, 128, 1, 0, 86, 1, 0, 179, 0, 0, 159, 3, 106]
1542737476418;[171, 0, 17, 255, 161, 74, 234, 35, 128, 1, 0, 87, 1, 0, 178, 0, 0, 159, 3, 188]
1542737476420;[171, 0, 17, 255, 161, 74, 234, 35, 128, 1, 0, 87, 1, 0, 178, 0, 0, 159, 3, 188]
1542737476423;[171, 0, 17, 255, 161, 74, 234, 35, 128, 1, 0, 85, 1, 0, 177, 0, 0, 160, 3, 218]
1542737476425;[171, 0, 17, 255, 161, 74, 234, 35, 128, 1, 0, 85, 1, 0, 177, 0, 0, 160, 3, 218]
1542737477276;[171, 0, 17, 255, 161, 74, 234, 35, 128, 1, 0, 87, 1, 0, 178, 0, 0, 161, 3, 213]
1542737477278;[171, 0, 17, 255, 161, 74, 234, 35, 128, 1, 0, 87, 1, 0, 178, 0, 0, 161, 3, 213]
1542737477281;[171, 0, 4, 255, 132, 128, 86]
1542737477283;[171, 0, 4, 255, 132, 128, 86]
1542737477285;[171, 0, 17, 255, 161, 74, 234, 35, 128, 1, 0, 88, 1, 0, 179, 0, 0, 158, 3, 204]
1542737477287;[171, 0, 17, 255, 161, 74, 234, 35, 128, 1, 0, 88, 1, 0, 179, 0, 0, 158, 3, 204]
1542737477289;[171, 0, 17, 255, 161, 74, 234, 35, 128, 1, 0, 88, 1, 0, 178, 0, 0, 160, 3, 189]
1542737477291;[171, 0, 17, 255, 161, 74, 234, 35, 128, 1, 0, 88, 1, 0, 178, 0, 0, 160, 3, 189]
1542737477450;[171, 0, 17, 255, 161, 74, 234, 35, 128, 1, 0, 87, 1, 0, 179, 0, 0, 160, 3, 155]
1542737477452;[171, 0, 17, 255, 161, 74, 234, 35, 128, 1, 0, 87, 1, 0, 179, 0, 0, 160, 3, 155]
1542737477454;[171, 0, 17, 255, 161, 74, 234, 35, 129, 1, 0, 85, 1, 0, 178, 0, 0, 158, 3, 119]
1542737477456;[171, 0, 17, 255, 161, 74, 234, 35, 129, 1, 0, 85, 1, 0, 178, 0, 0, 158, 3, 119]
1542737477462;[171, 0, 17, 255, 161, 74, 234, 35, 129, 1, 0, 87, 1, 0, 179, 0, 0, 159, 3, 76]
1542737477463;[171, 0, 17, 255, 161, 74, 234, 35, 129, 1, 0, 87, 1, 0, 179, 0, 0, 159, 3, 76]
1542737477465;[171, 0, 17, 255, 161, 74, 234, 35, 129, 1, 0, 85, 1, 0, 179, 0, 0, 160, 3, 34]
1542737477467;[171, 0, 17, 255, 161, 74, 234, 35, 129, 1, 0, 85, 1, 0, 179, 0, 0, 160, 3, 34]
1542737477622;[171, 0, 17, 255, 161, 74, 234, 35, 129, 1, 0, 90, 1, 0, 179, 0, 0, 160, 3, 0]
1542737477624;[171, 0, 17, 255, 161, 74, 234, 35, 129, 1, 0, 90, 1, 0, 179, 0, 0, 160, 3, 0]
1542737477626;[171, 0, 17, 255, 161, 74, 234, 35, 129, 1, 0, 88, 1, 0, 178, 0, 0, 161, 3, 69]
1542737477630;[171, 0, 17, 255, 161, 74, 234, 35, 129, 1, 0, 88, 1, 0, 178, 0, 0, 161, 3, 69]
1542737477632;[171, 0, 17, 255, 161, 74, 234, 35, 129, 1, 0, 87, 1, 0, 176, 0, 0, 160, 3, 120]
1542737477634;[171, 0, 17, 255, 161, 74, 234, 35, 129, 1, 0, 87, 1, 0, 176, 0, 0, 160, 3, 120]
1542737478483;[171, 0, 17, 255, 161, 74, 234, 35, 129, 1, 0, 86, 1, 0, 177, 0, 0, 158, 3, 127]
1542737478485;[171, 0, 17, 255, 161, 74, 234, 35, 129, 1, 0, 86, 1, 0, 177, 0, 0, 158, 3, 127]
1542737478487;[171, 0, 4, 255, 132, 128, 83]
1542737478490;[171, 0, 4, 255, 132, 128, 83]
1542737478492;[171, 0, 17, 255, 161, 74, 234, 35, 129, 1, 0, 87, 1, 0, 178, 0, 0, 161, 3, 120]
1542737478494;[171, 0, 17, 255, 161, 74, 234, 35, 129, 1, 0, 87, 1, 0, 178, 0, 0, 161, 3, 120]
1542737478657;[171, 0, 17, 255, 161, 74, 234, 35, 129, 1, 0, 91, 1, 0, 178, 0, 0, 161, 3, 101]
1542737478660;[171, 0, 17, 255, 161, 74, 234, 35, 129, 1, 0, 91, 1, 0, 178, 0, 0, 161, 3, 101]
1542737478662;[171, 0, 17, 255, 161, 74, 234, 35, 129, 1, 0, 85, 1, 0, 178, 0, 0, 160, 3, 85]
1542737478665;[171, 0, 17, 255, 161, 74, 234, 35, 129, 1, 0, 85, 1, 0, 178, 0, 0, 160, 3, 85]
1542737478667;[171, 0, 17, 255, 161, 74, 234, 35, 130, 1, 0, 86, 1, 0, 176, 0, 0, 160, 3, 41]
1542737478669;[171, 0, 17, 255, 161, 74, 234, 35, 130, 1, 0, 86, 1, 0, 176, 0, 0, 160, 3, 41]
1542737478677;[171, 0, 17, 255, 161, 74, 234, 35, 130, 1, 0, 86, 1, 0, 178, 0, 0, 161, 2, 254]
1542737478679;[171, 0, 17, 255, 161, 74, 234, 35, 130, 1, 0, 86, 1, 0, 178, 0, 0, 161, 2, 254]
1542737478830;[171, 0, 17, 255, 161, 74, 234, 35, 130, 1, 0, 88, 1, 0, 179, 0, 0, 160, 2, 221]
1542737478832;[171, 0, 17, 255, 161, 74, 234, 35, 130, 1, 0, 88, 1, 0, 179, 0, 0, 160, 2, 221]
1542737478839;[171, 0, 17, 255, 161, 74, 234, 35, 130, 1, 0, 87, 1, 0, 180, 0, 0, 160, 2, 200]
1542737478841;[171, 0, 17, 255, 161, 74, 234, 35, 130, 1, 0, 87, 1, 0, 180, 0, 0, 160, 2, 200]
1542737478843;[171, 0, 17, 255, 161, 74, 234, 35, 130, 1, 0, 86, 1, 0, 178, 0, 0, 159, 3, 20]
1542737478845;[171, 0, 17, 255, 161, 74, 234, 35, 130, 1, 0, 86, 1, 0, 178, 0, 0, 159, 3, 20]
1542737478846;[171, 0, 17, 255, 161, 74, 234, 35, 130, 1, 0, 88, 1, 0, 178, 0, 0, 161, 3, 59]
1542737478848;[171, 0, 17, 255, 161, 74, 234, 35, 130, 1, 0, 88, 1, 0, 178, 0, 0, 161, 3, 59]
1542737479000;[171, 0, 17, 255, 161, 74, 234, 35, 132, 1, 0, 89, 1, 0, 176, 0, 0, 159, 3, 22]
1542737479001;[171, 0, 17, 255, 161, 74, 234, 35, 132, 1, 0, 89, 1, 0, 176, 0, 0, 159, 3, 22]
1542737479694;[171, 0, 17, 255, 161, 74, 234, 35, 132, 1, 0, 87, 1, 0, 176, 0, 0, 160, 2, 248]
1542737479696;[171, 0, 17, 255, 161, 74, 234, 35, 132, 1, 0, 87, 1, 0, 176, 0, 0, 160, 2, 248]
1542737479698;[171, 0, 17, 255, 161, 74, 234, 35, 132, 1, 0, 91, 1, 0, 179, 0, 0, 159, 2, 209]
1542737479700;[171, 0, 17, 255, 161, 74, 234, 35, 132, 1, 0, 91, 1, 0, 179, 0, 0, 159, 2, 209]
1542737479702;[171, 0, 17, 255, 161, 74, 234, 35, 133, 1, 0, 87, 1, 0, 177, 0, 0, 158, 2, 194]
1542737479703;[171, 0, 17, 255, 161, 74, 234, 35, 133, 1, 0, 87, 1, 0, 177, 0, 0, 158, 2, 194]
1542737479861;[171, 0, 17, 255, 161, 74, 234, 35, 133, 1, 0, 87, 1, 0, 176, 0, 0, 160, 3, 32]
1542737479863;[171, 0, 17, 255, 161, 74, 234, 35, 133, 1, 0, 87, 1, 0, 176, 0, 0, 160, 3, 32]
1542737480034;[171, 0, 17, 255, 161, 74, 234, 35, 133, 1, 0, 88, 1, 0, 177, 0, 0, 160, 3, 86]
1542737480036;[171, 0, 17, 255, 161, 74, 234, 35, 133, 1, 0, 88, 1, 0, 177, 0, 0, 160, 3, 86]
1542737480039;[171, 0, 17, 255, 161, 74, 234, 35, 133, 1, 0, 85, 1, 0, 177, 0, 0, 161, 3, 100]
1542737480041;[171, 0, 17, 255, 161, 74, 234, 35, 133, 1, 0, 85, 1, 0, 177, 0, 0, 161, 3, 100]
1542737480208;[171, 0, 17, 255, 161, 74, 234, 35, 133, 1, 0, 88, 1, 0, 178, 0, 0, 162, 3, 98]
1542737480210;[171, 0, 17, 255, 161, 74, 234, 35, 133, 1, 0, 88, 1, 0, 178, 0, 0, 162, 3, 98]
1542737480213;[171, 0, 17, 255, 161, 74, 234, 35, 133, 1, 0, 90, 1, 0, 177, 0, 0, 161, 3, 89]
1542737480215;[171, 0, 17, 255, 161, 74, 234, 35, 133, 1, 0, 90, 1, 0, 177, 0, 0, 161, 3, 89]
1542737480217;[171, 0, 17, 255, 161, 74, 234, 35, 133, 1, 0, 90, 1, 0, 177, 0, 0, 158, 3, 72]
1542737480219;[171, 0, 17, 255, 161, 74, 234, 35, 133, 1, 0, 90, 1, 0, 177, 0, 0, 158, 3, 72]
1542737480221;[171, 0, 4, 255, 132, 128, 73]
1542737480223;[171, 0, 4, 255, 132, 128, 73]
1542737480379;[171, 0, 17, 255, 161, 74, 234, 35, 133, 1, 0, 89, 1, 0, 178, 0, 0, 160, 3, 37]
1542737480381;[171, 0, 17, 255, 161, 74, 234, 35, 133, 1, 0, 89, 1, 0, 178, 0, 0, 160, 3, 37]
1542737481071;[171, 0, 17, 255, 161, 74, 234, 35, 133, 1, 0, 89, 1, 0, 180, 0, 0, 160, 2, 252]
1542737481073;[171, 0, 17, 255, 161, 74, 234, 35, 133, 1, 0, 89, 1, 0, 180, 0, 0, 160, 2, 252]
1542737481075;[171, 0, 17, 255, 161, 74, 234, 35, 133, 1, 0, 87, 1, 0, 179, 0, 0, 159, 2, 241]
1542737481078;[171, 0, 17, 255, 161, 74, 234, 35, 133, 1, 0, 87, 1, 0, 179, 0, 0, 159, 2, 241]
1542737481080;[171, 0, 17, 255, 161, 74, 234, 35, 134, 1, 0, 87, 1, 0, 178, 0, 0, 160, 3, 54]
1542737481082;[171, 0, 17, 255, 161, 74, 234, 35, 134, 1, 0, 87, 1, 0, 178, 0, 0, 160, 3, 54]
1542737481084;[171, 0, 17, 255, 161, 74, 234, 35, 134, 1, 0, 87, 1, 0, 177, 0, 0, 160, 3, 106]
1542737481086;[171, 0, 17, 255, 161, 74, 234, 35, 134, 1, 0, 87, 1, 0, 177, 0, 0, 160, 3, 106]
1542737481245;[171, 0, 17, 255, 161, 74, 234, 35, 134, 1, 0, 87, 1, 0, 177, 0, 0, 156, 3, 117]
1542737481246;[171, 0, 17, 255, 161, 74, 234, 35, 134, 1, 0, 87, 1, 0, 177, 0, 0, 156, 3, 117]
1542737481249;[171, 0, 17, 255, 161, 74, 234, 35, 134, 1, 0, 89, 1, 0, 175, 0, 0, 160, 3, 111]
1542737481251;[171, 0, 17, 255, 161, 74, 234, 35, 134, 1, 0, 89, 1, 0, 175, 0, 0, 160, 3, 111]
1542737481253;[171, 0, 17, 255, 161, 74, 234, 35, 134, 1, 0, 88, 1, 0, 177, 0, 0, 160, 3, 98]
1542737481255;[171, 0, 17, 255, 161, 74, 234, 35, 134, 1, 0, 88, 1, 0, 177, 0, 0, 160, 3, 98]
1542737481258;[171, 0, 17, 255, 161, 74, 234, 35, 134, 1, 0, 87, 1, 0, 179, 0, 0, 158, 3, 76]
1542737481260;[171, 0, 17, 255, 161, 74, 234, 35, 134, 1, 0, 87, 1, 0, 179, 0, 0, 158, 3, 76]
1542737481415;[171, 0, 17, 255, 161, 74, 234, 35, 134, 1, 0, 86, 1, 0, 176, 0, 0, 162, 3, 46]
1542737481417;[171, 0, 17, 255, 161, 74, 234, 35, 134, 1, 0, 86, 1, 0, 176, 0, 0, 162, 3, 46]
1542737481419;[171, 0, 4, 255, 132, 128, 72]
1542737481422;[171, 0, 4, 255, 132, 128, 72]
1542737481587;[171, 0, 17, 255, 161, 74, 234, 35, 134, 1, 0, 88, 1, 0, 177, 0, 0, 161, 3, 26]
1542737481589;[171, 0, 17, 255, 161, 74, 234, 35, 134, 1, 0, 88, 1, 0, 177, 0, 0, 161, 3, 26]
1542737481591;[171, 0, 17, 255, 161, 74, 234, 35, 134, 1, 0, 90, 1, 0, 179, 0, 0, 160, 3, 104]
1542737481592;[171, 0, 17, 255, 161, 74, 234, 35, 134, 1, 0, 90, 1, 0, 179, 0, 0, 160, 3, 104]
1542737482278;[171, 0, 17, 255, 161, 74, 234, 35, 134, 1, 0, 85, 1, 0, 177, 0, 0, 161, 3, 177]
1542737482280;[171, 0, 17, 255, 161, 74, 234, 35, 134, 1, 0, 85, 1, 0, 177, 0, 0, 161, 3, 177]
1542737482283;[171, 0, 17, 255, 161, 74, 234, 35, 135, 1, 0, 88, 1, 0, 178, 0, 0, 159, 3, 174]
1542737482284;[171, 0, 17, 255, 161, 74, 234, 35, 135, 1, 0, 88, 1, 0, 178, 0, 0, 159, 3, 174]
1542737482451;[171, 0, 17, 255, 161, 74, 234, 35, 135, 1, 0, 88, 1, 0, 179, 0, 0, 162, 3, 160]
1542737482453;[171, 0, 17, 255, 161, 74, 234, 35, 135, 1, 0, 88, 1, 0, 179, 0, 0, 162, 3, 160]
1542737482457;[171, 0, 17, 255, 161, 74, 234, 35, 135, 1, 0, 86, 1, 0, 178, 0, 0, 160, 3, 144]
1542737482459;[171, 0, 17, 255, 161, 74, 234, 35, 135, 1, 0, 86, 1, 0, 178, 0, 0, 160, 3, 144]
1542737482461;[171, 0, 17, 255, 161, 74, 234, 35, 135, 1, 0, 88, 1, 0, 177, 0, 0, 159, 3, 114]
1542737482462;[171, 0, 17, 255, 161, 74, 234, 35, 135, 1, 0, 88, 1, 0, 177, 0, 0, 159, 3, 114]
1542737482625;[171, 0, 17, 255, 161, 74, 234, 35, 135, 1, 0, 89, 1, 0, 176, 0, 0, 161, 3, 82]
1542737482628;[171, 0, 17, 255, 161, 74, 234, 35, 135, 1, 0, 89, 1, 0, 176, 0, 0, 161, 3, 82]
1542737482630;[171, 0, 17, 255, 161, 74, 234, 35, 135, 1, 0, 89, 1, 0, 179, 0, 0, 162, 3, 36]
1542737482632;[171, 0, 17, 255, 161, 74, 234, 35, 135, 1, 0, 89, 1, 0, 179, 0, 0, 162, 3, 36]
1542737482634;[171, 0, 17, 255, 161, 74, 234, 35, 135, 1, 0, 87, 1, 0, 177, 0, 0, 161, 3, 20]
1542737482636;[171, 0, 17, 255, 161, 74, 234, 35, 135, 1, 0, 87, 1, 0, 177, 0, 0, 161, 3, 20]
1542737482637;[171, 0, 4, 255, 132, 128, 71]
1542737482640;[171, 0, 4, 255, 132, 128, 71]
1542737482796;[171, 0, 17, 255, 161, 74, 234, 35, 135, 1, 0, 87, 1, 0, 177, 0, 0, 159, 3, 105]
1542737482798;[171, 0, 17, 255, 161, 74, 234, 35, 135, 1, 0, 87, 1, 0, 177, 0, 0, 159, 3, 105]
1542737482801;[171, 0, 17, 255, 161, 74, 234, 35, 135, 1, 0, 86, 1, 0, 176, 0, 0, 161, 3, 152]
1542737482803;[171, 0, 17, 255, 161, 74, 234, 35, 135, 1, 0, 86, 1, 0, 176, 0, 0, 161, 3, 152]
1542737482805;[171, 0, 17, 255, 161, 74, 234, 35, 135, 1, 0, 88, 1, 0, 179, 0, 0, 160, 3, 147]
1542737482806;[171, 0, 17, 255, 161, 74, 234, 35, 135, 1, 0, 88, 1, 0, 179, 0, 0, 160, 3, 147]
1542737483657;[171, 0, 17, 255, 161, 74, 234, 35, 136, 1, 0, 87, 1, 0, 178, 0, 0, 160, 3, 139]
1542737483658;[171, 0, 17, 255, 161, 74, 234, 35, 136, 1, 0, 87, 1, 0, 178, 0, 0, 160, 3, 139]
