1542726750029;[171, 0, 17, 255, 161, 74, 233, 115, 205, 1, 0, 158, 1, 0, 46, 1, 0, 189, 5, 68]
1542726750189;[171, 0, 17, 255, 161, 74, 233, 115, 205, 1, 0, 158, 1, 0, 46, 1, 0, 189, 5, 20]
1542726750191;[171, 0, 17, 255, 161, 74, 233, 115, 205, 1, 0, 158, 1, 0, 46, 1, 0, 189, 5, 20]
1542726750194;[171, 0, 4, 255, 132, 128, 73]
1542726750196;[171, 0, 4, 255, 132, 128, 73]
1542726750708;[171, 0, 17, 255, 161, 74, 233, 115, 205, 1, 0, 157, 1, 0, 46, 1, 0, 187, 4, 239]
1542726750710;[171, 0, 17, 255, 161, 74, 233, 115, 205, 1, 0, 157, 1, 0, 46, 1, 0, 187, 4, 239]
1542726750712;[171, 0, 17, 255, 161, 74, 233, 115, 205, 1, 0, 158, 1, 0, 44, 1, 0, 188, 5, 34]
1542726750714;[171, 0, 17, 255, 161, 74, 233, 115, 205, 1, 0, 158, 1, 0, 44, 1, 0, 188, 5, 34]
1542726750715;[171, 0, 17, 255, 161, 74, 233, 115, 205, 1, 0, 159, 1, 0, 45, 1, 0, 187, 5, 121]
1542726750717;[171, 0, 17, 255, 161, 74, 233, 115, 205, 1, 0, 159, 1, 0, 45, 1, 0, 187, 5, 121]
1542726750881;[171, 0, 17, 255, 161, 74, 233, 115, 205, 1, 0, 158, 1, 0, 48, 1, 0, 188, 5, 133]
1542726750883;[171, 0, 17, 255, 161, 74, 233, 115, 205, 1, 0, 158, 1, 0, 48, 1, 0, 188, 5, 133]
1542726750886;[171, 0, 17, 255, 161, 74, 233, 115, 205, 1, 0, 157, 1, 0, 45, 1, 0, 186, 5, 105]
1542726750888;[171, 0, 17, 255, 161, 74, 233, 115, 205, 1, 0, 157, 1, 0, 45, 1, 0, 186, 5, 105]
1542726750890;[171, 0, 17, 255, 161, 74, 233, 115, 205, 1, 0, 157, 1, 0, 45, 1, 0, 186, 5, 62]
1542726750892;[171, 0, 17, 255, 161, 74, 233, 115, 205, 1, 0, 157, 1, 0, 45, 1, 0, 186, 5, 62]
1542726750894;[171, 0, 17, 255, 161, 74, 233, 115, 205, 1, 0, 160, 1, 0, 46, 1, 0, 188, 5, 19]
1542726750895;[171, 0, 17, 255, 161, 74, 233, 115, 205, 1, 0, 160, 1, 0, 46, 1, 0, 188, 5, 19]
1542726751225;[171, 0, 17, 255, 161, 74, 233, 115, 206, 1, 0, 160, 1, 0, 44, 1, 0, 189, 4, 232]
1542726751226;[171, 0, 17, 255, 161, 74, 233, 115, 206, 1, 0, 160, 1, 0, 44, 1, 0, 189, 4, 232]
1542726751229;[171, 0, 17, 255, 161, 74, 233, 115, 206, 1, 0, 157, 1, 0, 46, 1, 0, 188, 4, 168]
1542726751231;[171, 0, 17, 255, 161, 74, 233, 115, 206, 1, 0, 157, 1, 0, 46, 1, 0, 188, 4, 168]
1542726751234;[171, 0, 17, 255, 161, 74, 233, 115, 206, 1, 0, 159, 1, 0, 45, 1, 0, 187, 4, 129]
1542726751235;[171, 0, 17, 255, 161, 74, 233, 115, 206, 1, 0, 159, 1, 0, 45, 1, 0, 187, 4, 129]
1542726753297;[171, 0, 4, 255, 132, 128, 73]
1542726753299;[171, 0, 4, 255, 132, 128, 73]
1542726753301;[171, 0, 17, 255, 161, 74, 233, 115, 206, 1, 0, 158, 1, 0, 45, 1, 0, 188, 4, 170]
1542726753303;[171, 0, 17, 255, 161, 74, 233, 115, 206, 1, 0, 158, 1, 0, 45, 1, 0, 188, 4, 170]
1542726753311;[171, 0, 17, 255, 161, 74, 233, 115, 206, 1, 0, 157, 1, 0, 46, 1, 0, 188, 4, 249]
1542726753313;[171, 0, 17, 255, 161, 74, 233, 115, 206, 1, 0, 157, 1, 0, 46, 1, 0, 188, 4, 249]
1542726753314;[171, 0, 17, 255, 161, 74, 233, 115, 206, 1, 0, 157, 1, 0, 46, 1, 0, 186, 5, 3]
1542726753316;[171, 0, 17, 255, 161, 74, 233, 115, 206, 1, 0, 157, 1, 0, 46, 1, 0, 186, 5, 3]
1542726753318;[171, 0, 17, 255, 161, 74, 233, 115, 206, 1, 0, 159, 1, 0, 46, 1, 0, 188, 4, 230]
1542726753320;[171, 0, 17, 255, 161, 74, 233, 115, 206, 1, 0, 159, 1, 0, 46, 1, 0, 188, 4, 230]
1542726753371;[171, 0, 17, 255, 161, 74, 233, 115, 206, 1, 0, 160, 1, 0, 45, 1, 0, 187, 4, 194]
1542726753372;[171, 0, 17, 255, 161, 74, 233, 115, 206, 1, 0, 160, 1, 0, 45, 1, 0, 187, 4, 194]
1542726753383;[171, 0, 17, 255, 161, 74, 233, 115, 206, 1, 0, 159, 1, 0, 44, 1, 0, 187, 4, 170]
1542726753384;[171, 0, 17, 255, 161, 74, 233, 115, 206, 1, 0, 159, 1, 0, 44, 1, 0, 187, 4, 170]
1542726753388;[171, 0, 17, 255, 161, 74, 233, 115, 206, 1, 0, 160, 1, 0, 45, 1, 0, 186, 4, 123]
1542726753390;[171, 0, 17, 255, 161, 74, 233, 115, 206, 1, 0, 160, 1, 0, 45, 1, 0, 186, 4, 123]
1542726753391;[171, 0, 17, 255, 161, 74, 233, 115, 207, 1, 0, 157, 1, 0, 44, 1, 0, 187, 4, 89]
1542726753393;[171, 0, 17, 255, 161, 74, 233, 115, 207, 1, 0, 157, 1, 0, 44, 1, 0, 187, 4, 89]
1542726753394;[171, 0, 17, 255, 161, 74, 233, 115, 207, 1, 0, 156, 1, 0, 46, 1, 0, 188, 4, 90]
1542726753396;[171, 0, 17, 255, 161, 74, 233, 115, 207, 1, 0, 156, 1, 0, 46, 1, 0, 188, 4, 90]
1542726753397;[171, 0, 17, 255, 161, 74, 233, 115, 207, 1, 0, 156, 1, 0, 46, 1, 0, 187, 4, 183]
1542726753398;[171, 0, 17, 255, 161, 74, 233, 115, 207, 1, 0, 156, 1, 0, 46, 1, 0, 187, 4, 183]
1542726753418;[171, 0, 4, 255, 132, 128, 73]
1542726753419;[171, 0, 4, 255, 132, 128, 73]
1542726753421;[171, 0, 17, 255, 161, 74, 233, 115, 207, 1, 0, 156, 1, 0, 46, 1, 0, 188, 4, 212]
1542726753422;[171, 0, 17, 255, 161, 74, 233, 115, 207, 1, 0, 156, 1, 0, 46, 1, 0, 188, 4, 212]
1542726753423;[171, 0, 17, 255, 161, 74, 233, 115, 207, 1, 0, 156, 1, 0, 45, 1, 0, 187, 4, 204]
1542726753424;[171, 0, 17, 255, 161, 74, 233, 115, 207, 1, 0, 156, 1, 0, 45, 1, 0, 187, 4, 204]
1542726753427;[171, 0, 17, 255, 161, 74, 233, 115, 207, 1, 0, 157, 1, 0, 45, 1, 0, 187, 4, 161]
1542726753429;[171, 0, 17, 255, 161, 74, 233, 115, 207, 1, 0, 157, 1, 0, 45, 1, 0, 187, 4, 161]
1542726753430;[171, 0, 17, 255, 161, 74, 233, 115, 207, 1, 0, 159, 1, 0, 48, 1, 0, 188, 4, 122]
1542726753431;[171, 0, 17, 255, 161, 74, 233, 115, 207, 1, 0, 159, 1, 0, 48, 1, 0, 188, 4, 122]
1542726753466;[171, 0, 17, 255, 161, 74, 233, 115, 207, 1, 0, 156, 1, 0, 44, 1, 0, 187, 4, 81]
1542726753467;[171, 0, 17, 255, 161, 74, 233, 115, 207, 1, 0, 156, 1, 0, 44, 1, 0, 187, 4, 81]
1542726753470;[171, 0, 17, 255, 161, 74, 233, 115, 207, 1, 0, 159, 1, 0, 44, 1, 0, 186, 4, 31]
1542726753471;[171, 0, 17, 255, 161, 74, 233, 115, 207, 1, 0, 159, 1, 0, 44, 1, 0, 186, 4, 31]
1542726753472;[171, 0, 17, 255, 161, 74, 233, 115, 207, 1, 0, 157, 1, 0, 45, 1, 0, 186, 3, 250]
1542726753473;[171, 0, 17, 255, 161, 74, 233, 115, 207, 1, 0, 157, 1, 0, 45, 1, 0, 186, 3, 250]
1542726753475;[171, 0, 17, 255, 161, 74, 233, 115, 208, 1, 0, 157, 1, 0, 46, 1, 0, 188, 4, 64]
1542726753476;[171, 0, 17, 255, 161, 74, 233, 115, 208, 1, 0, 157, 1, 0, 46, 1, 0, 188, 4, 64]
1542726753642;[171, 0, 17, 255, 161, 74, 233, 115, 208, 1, 0, 158, 1, 0, 45, 1, 0, 188, 4, 143]
1542726753645;[171, 0, 17, 255, 161, 74, 233, 115, 208, 1, 0, 158, 1, 0, 45, 1, 0, 188, 4, 143]
1542726753647;[171, 0, 17, 255, 161, 74, 233, 115, 208, 1, 0, 160, 1, 0, 45, 1, 0, 189, 4, 150]
1542726753649;[171, 0, 17, 255, 161, 74, 233, 115, 208, 1, 0, 160, 1, 0, 45, 1, 0, 189, 4, 150]
1542726753650;[171, 0, 4, 255, 132, 128, 73]
1542726753653;[171, 0, 4, 255, 132, 128, 73]
1542726753655;[171, 0, 17, 255, 161, 74, 233, 115, 208, 1, 0, 158, 1, 0, 46, 1, 0, 187, 4, 126]
1542726753657;[171, 0, 17, 255, 161, 74, 233, 115, 208, 1, 0, 158, 1, 0, 46, 1, 0, 187, 4, 126]
1542726753813;[171, 0, 17, 255, 161, 74, 233, 115, 208, 1, 0, 156, 1, 0, 45, 1, 0, 189, 4, 108]
1542726753815;[171, 0, 17, 255, 161, 74, 233, 115, 208, 1, 0, 156, 1, 0, 45, 1, 0, 189, 4, 108]
1542726753817;[171, 0, 17, 255, 161, 74, 233, 115, 208, 1, 0, 158, 1, 0, 44, 1, 0, 189, 4, 55]
1542726753819;[171, 0, 17, 255, 161, 74, 233, 115, 208, 1, 0, 158, 1, 0, 44, 1, 0, 189, 4, 55]
1542726753983;[171, 0, 17, 255, 161, 74, 233, 115, 208, 1, 0, 157, 1, 0, 43, 1, 0, 188, 4, 20]
1542726753985;[171, 0, 17, 255, 161, 74, 233, 115, 208, 1, 0, 157, 1, 0, 43, 1, 0, 188, 4, 20]
1542726753987;[171, 0, 17, 255, 161, 74, 233, 115, 208, 1, 0, 159, 1, 0, 45, 1, 0, 187, 3, 217]
1542726753989;[171, 0, 17, 255, 161, 74, 233, 115, 208, 1, 0, 159, 1, 0, 45, 1, 0, 187, 3, 217]
1542726754676;[171, 0, 17, 255, 161, 74, 233, 115, 208, 1, 0, 157, 1, 0, 46, 1, 0, 187, 3, 196]
1542726754678;[171, 0, 17, 255, 161, 74, 233, 115, 208, 1, 0, 157, 1, 0, 46, 1, 0, 187, 3, 196]
1542726754682;[171, 0, 17, 255, 161, 74, 233, 115, 208, 1, 0, 161, 1, 0, 45, 1, 0, 187, 4, 16]
1542726754684;[171, 0, 17, 255, 161, 74, 233, 115, 208, 1, 0, 161, 1, 0, 45, 1, 0, 187, 4, 16]
1542726754686;[171, 0, 17, 255, 161, 74, 233, 115, 209, 1, 0, 159, 1, 0, 47, 1, 0, 187, 4, 84]
1542726754688;[171, 0, 17, 255, 161, 74, 233, 115, 209, 1, 0, 159, 1, 0, 47, 1, 0, 187, 4, 84]
1542726754690;[171, 0, 17, 255, 161, 74, 233, 115, 209, 1, 0, 158, 1, 0, 45, 1, 0, 190, 4, 93]
1542726754691;[171, 0, 17, 255, 161, 74, 233, 115, 209, 1, 0, 158, 1, 0, 45, 1, 0, 190, 4, 93]
1542726754850;[171, 0, 17, 255, 161, 74, 233, 115, 209, 1, 0, 158, 1, 0, 45, 1, 0, 187, 4, 69]
1542726754852;[171, 0, 17, 255, 161, 74, 233, 115, 209, 1, 0, 158, 1, 0, 45, 1, 0, 187, 4, 69]
1542726754854;[171, 0, 4, 255, 132, 128, 73]
1542726754857;[171, 0, 4, 255, 132, 128, 73]
1542726754860;[171, 0, 17, 255, 161, 74, 233, 115, 209, 1, 0, 158, 1, 0, 45, 1, 0, 187, 4, 34]
1542726754862;[171, 0, 17, 255, 161, 74, 233, 115, 209, 1, 0, 158, 1, 0, 45, 1, 0, 187, 4, 34]
1542726754864;[171, 0, 17, 255, 161, 74, 233, 115, 209, 1, 0, 159, 1, 0, 45, 1, 0, 188, 4, 7]
1542726754866;[171, 0, 17, 255, 161, 74, 233, 115, 209, 1, 0, 159, 1, 0, 45, 1, 0, 188, 4, 7]
1542726755020;[171, 0, 17, 255, 161, 74, 233, 115, 209, 1, 0, 157, 1, 0, 43, 1, 0, 187, 3, 227]
1542726755022;[171, 0, 17, 255, 161, 74, 233, 115, 209, 1, 0, 157, 1, 0, 43, 1, 0, 187, 3, 227]
1542726755024;[171, 0, 17, 255, 161, 74, 233, 115, 209, 1, 0, 156, 1, 0, 46, 1, 0, 188, 3, 206]
1542726755026;[171, 0, 17, 255, 161, 74, 233, 115, 209, 1, 0, 156, 1, 0, 46, 1, 0, 188, 3, 206]
1542726755193;[171, 0, 17, 255, 161, 74, 233, 115, 209, 1, 0, 157, 1, 0, 46, 1, 0, 188, 4, 7]
1542726755195;[171, 0, 17, 255, 161, 74, 233, 115, 209, 1, 0, 157, 1, 0, 46, 1, 0, 188, 4, 7]
1542726755197;[171, 0, 17, 255, 161, 74, 233, 115, 209, 1, 0, 157, 1, 0, 45, 1, 0, 188, 4, 93]
1542726755199;[171, 0, 17, 255, 161, 74, 233, 115, 209, 1, 0, 157, 1, 0, 45, 1, 0, 188, 4, 93]
1542726755365;[171, 0, 17, 255, 161, 74, 233, 115, 209, 1, 0, 158, 1, 0, 44, 1, 0, 186, 4, 119]
1542726755367;[171, 0, 17, 255, 161, 74, 233, 115, 209, 1, 0, 158, 1, 0, 44, 1, 0, 186, 4, 119]
1542726755370;[171, 0, 17, 255, 161, 74, 233, 115, 210, 1, 0, 156, 1, 0, 47, 1, 0, 188, 4, 113]
1542726755371;[171, 0, 17, 255, 161, 74, 233, 115, 210, 1, 0, 156, 1, 0, 47, 1, 0, 188, 4, 113]
1542726755883;[171, 0, 17, 255, 161, 74, 233, 115, 210, 1, 0, 160, 1, 0, 46, 1, 0, 187, 4, 79]
1542726755885;[171, 0, 17, 255, 161, 74, 233, 115, 210, 1, 0, 160, 1, 0, 46, 1, 0, 187, 4, 79]
1542726755887;[171, 0, 17, 255, 161, 74, 233, 115, 210, 1, 0, 159, 1, 0, 47, 1, 0, 187, 4, 50]
1542726755889;[171, 0, 17, 255, 161, 74, 233, 115, 210, 1, 0, 159, 1, 0, 47, 1, 0, 187, 4, 50]
1542726755891;[171, 0, 4, 255, 132, 128, 72]
1542726755893;[171, 0, 4, 255, 132, 128, 72]
1542726756055;[171, 0, 17, 255, 161, 74, 233, 115, 210, 1, 0, 159, 1, 0, 47, 1, 0, 188, 4, 12]
1542726756058;[171, 0, 17, 255, 161, 74, 233, 115, 210, 1, 0, 159, 1, 0, 47, 1, 0, 188, 4, 12]
1542726756060;[171, 0, 17, 255, 161, 74, 233, 115, 210, 1, 0, 157, 1, 0, 44, 1, 0, 188, 3, 231]
1542726756062;[171, 0, 17, 255, 161, 74, 233, 115, 210, 1, 0, 157, 1, 0, 44, 1, 0, 188, 3, 231]
1542726756064;[171, 0, 17, 255, 161, 74, 233, 115, 210, 1, 0, 159, 1, 0, 44, 1, 0, 189, 4, 49]
1542726756066;[171, 0, 17, 255, 161, 74, 233, 115, 210, 1, 0, 159, 1, 0, 44, 1, 0, 189, 4, 49]
1542726756068;[171, 0, 17, 255, 161, 74, 233, 115, 210, 1, 0, 157, 1, 0, 45, 1, 0, 187, 4, 144]
1542726756070;[171, 0, 17, 255, 161, 74, 233, 115, 210, 1, 0, 157, 1, 0, 45, 1, 0, 187, 4, 144]
1542726756226;[171, 0, 17, 255, 161, 74, 233, 115, 210, 1, 0, 160, 1, 0, 46, 1, 0, 188, 4, 174]
1542726756227;[171, 0, 17, 255, 161, 74, 233, 115, 210, 1, 0, 160, 1, 0, 46, 1, 0, 188, 4, 174]
1542726756400;[171, 0, 17, 255, 161, 74, 233, 115, 210, 1, 0, 156, 1, 0, 46, 1, 0, 187, 4, 152]
1542726756402;[171, 0, 17, 255, 161, 74, 233, 115, 210, 1, 0, 156, 1, 0, 46, 1, 0, 187, 4, 152]
1542726756404;[171, 0, 17, 255, 161, 74, 233, 115, 210, 1, 0, 157, 1, 0, 44, 1, 0, 187, 4, 136]
1542726756405;[171, 0, 17, 255, 161, 74, 233, 115, 210, 1, 0, 157, 1, 0, 44, 1, 0, 187, 4, 136]
1542726756572;[171, 0, 17, 255, 161, 74, 233, 115, 211, 1, 0, 156, 1, 0, 46, 1, 0, 187, 4, 106]
1542726756574;[171, 0, 17, 255, 161, 74, 233, 115, 211, 1, 0, 156, 1, 0, 46, 1, 0, 187, 4, 106]
1542726756918;[171, 0, 17, 255, 161, 74, 233, 115, 211, 1, 0, 159, 1, 0, 45, 1, 0, 187, 4, 67]
1542726756920;[171, 0, 17, 255, 161, 74, 233, 115, 211, 1, 0, 159, 1, 0, 45, 1, 0, 187, 4, 67]
1542726756922;[171, 0, 17, 255, 161, 74, 233, 115, 213, 1, 0, 158, 1, 0, 46, 1, 0, 187, 4, 202]
1542726756924;[171, 0, 17, 255, 161, 74, 233, 115, 213, 1, 0, 158, 1, 0, 46, 1, 0, 187, 4, 202]
1542726756926;[171, 0, 17, 255, 161, 74, 233, 115, 213, 1, 0, 159, 1, 0, 46, 1, 0, 188, 4, 161]
1542726756928;[171, 0, 17, 255, 161, 74, 233, 115, 213, 1, 0, 159, 1, 0, 46, 1, 0, 188, 4, 161]
1542726757263;[171, 0, 17, 255, 161, 74, 233, 115, 213, 1, 0, 155, 1, 0, 45, 1, 0, 187, 4, 123]
1542726757265;[171, 0, 17, 255, 161, 74, 233, 115, 213, 1, 0, 155, 1, 0, 45, 1, 0, 187, 4, 123]
1542726757277;[171, 0, 17, 255, 161, 74, 233, 115, 213, 1, 0, 157, 1, 0, 46, 1, 0, 188, 4, 80]
1542726757279;[171, 0, 17, 255, 161, 74, 233, 115, 213, 1, 0, 157, 1, 0, 46, 1, 0, 188, 4, 80]
1542726757283;[171, 0, 17, 255, 161, 74, 233, 115, 213, 1, 0, 157, 1, 0, 46, 1, 0, 188, 4, 68]
1542726757285;[171, 0, 17, 255, 161, 74, 233, 115, 213, 1, 0, 157, 1, 0, 46, 1, 0, 188, 4, 68]
1542726757434;[171, 0, 17, 255, 161, 74, 233, 115, 213, 1, 0, 159, 1, 0, 47, 1, 0, 188, 4, 179]
1542726757436;[171, 0, 17, 255, 161, 74, 233, 115, 213, 1, 0, 159, 1, 0, 47, 1, 0, 188, 4, 179]
1542726757607;[171, 0, 17, 255, 161, 74, 233, 115, 213, 1, 0, 159, 1, 0, 45, 1, 0, 187, 4, 233]
1542726757610;[171, 0, 17, 255, 161, 74, 233, 115, 213, 1, 0, 159, 1, 0, 45, 1, 0, 187, 4, 233]
1542726757612;[171, 0, 17, 255, 161, 74, 233, 115, 214, 1, 0, 158, 1, 0, 46, 1, 0, 188, 4, 231]
1542726757614;[171, 0, 17, 255, 161, 74, 233, 115, 214, 1, 0, 158, 1, 0, 46, 1, 0, 188, 4, 231]
1542726757781;[171, 0, 17, 255, 161, 74, 233, 115, 214, 1, 0, 157, 1, 0, 44, 1, 0, 187, 4, 196]
1542726757783;[171, 0, 17, 255, 161, 74, 233, 115, 214, 1, 0, 157, 1, 0, 44, 1, 0, 187, 4, 196]
1542726757785;[171, 0, 17, 255, 161, 74, 233, 115, 214, 1, 0, 154, 1, 0, 46, 1, 0, 187, 4, 153]
1542726757787;[171, 0, 17, 255, 161, 74, 233, 115, 214, 1, 0, 154, 1, 0, 46, 1, 0, 187, 4, 153]
1542726758297;[171, 0, 4, 255, 132, 128, 72]
1542726758299;[171, 0, 4, 255, 132, 128, 72]
1542726758301;[171, 0, 17, 255, 161, 74, 233, 115, 214, 1, 0, 160, 1, 0, 48, 1, 0, 187, 4, 113]
1542726758303;[171, 0, 17, 255, 161, 74, 233, 115, 214, 1, 0, 160, 1, 0, 48, 1, 0, 187, 4, 113]
1542726758471;[171, 0, 17, 255, 161, 74, 233, 115, 214, 1, 0, 157, 1, 0, 46, 1, 0, 188, 4, 59]
1542726758473;[171, 0, 17, 255, 161, 74, 233, 115, 214, 1, 0, 157, 1, 0, 46, 1, 0, 188, 4, 59]
1542726758475;[171, 0, 17, 255, 161, 74, 233, 115, 214, 1, 0, 156, 1, 0, 43, 1, 0, 189, 4, 9]
1542726758477;[171, 0, 17, 255, 161, 74, 233, 115, 214, 1, 0, 156, 1, 0, 43, 1, 0, 189, 4, 9]
1542726758479;[171, 0, 17, 255, 161, 74, 233, 115, 214, 1, 0, 158, 1, 0, 44, 1, 0, 185, 4, 40]
1542726758481;[171, 0, 17, 255, 161, 74, 233, 115, 214, 1, 0, 158, 1, 0, 44, 1, 0, 185, 4, 40]
1542726758483;[171, 0, 17, 255, 161, 74, 233, 115, 214, 1, 0, 157, 1, 0, 45, 1, 0, 188, 4, 142]
1542726758485;[171, 0, 17, 255, 161, 74, 233, 115, 214, 1, 0, 157, 1, 0, 45, 1, 0, 188, 4, 142]
1542726758642;[171, 0, 17, 255, 161, 74, 233, 115, 214, 1, 0, 157, 1, 0, 43, 1, 0, 189, 4, 173]
1542726758644;[171, 0, 17, 255, 161, 74, 233, 115, 214, 1, 0, 157, 1, 0, 43, 1, 0, 189, 4, 173]
1542726758646;[171, 0, 17, 255, 161, 74, 233, 115, 214, 1, 0, 157, 1, 0, 46, 1, 0, 187, 4, 161]
1542726758648;[171, 0, 17, 255, 161, 74, 233, 115, 214, 1, 0, 157, 1, 0, 46, 1, 0, 187, 4, 161]
1542726758816;[171, 0, 17, 255, 161, 74, 233, 115, 215, 1, 0, 156, 1, 0, 44, 1, 0, 188, 4, 135]
1542726758818;[171, 0, 17, 255, 161, 74, 233, 115, 215, 1, 0, 156, 1, 0, 44, 1, 0, 188, 4, 135]
1542726758819;[171, 0, 17, 255, 161, 74, 233, 115, 215, 1, 0, 157, 1, 0, 45, 1, 0, 186, 4, 90]
1542726758821;[171, 0, 17, 255, 161, 74, 233, 115, 215, 1, 0, 157, 1, 0, 45, 1, 0, 186, 4, 90]
1542726758985;[171, 0, 17, 255, 161, 74, 233, 115, 215, 1, 0, 155, 1, 0, 45, 1, 0, 189, 4, 53]
1542726758987;[171, 0, 17, 255, 161, 74, 233, 115, 215, 1, 0, 155, 1, 0, 45, 1, 0, 189, 4, 53]
1542726758990;[171, 0, 4, 255, 132, 128, 72]
1542726758992;[171, 0, 4, 255, 132, 128, 72]
1542726759160;[171, 0, 17, 255, 161, 74, 233, 115, 215, 1, 0, 157, 1, 0, 46, 1, 0, 187, 4, 15]
1542726759162;[171, 0, 17, 255, 161, 74, 233, 115, 215, 1, 0, 157, 1, 0, 46, 1, 0, 187, 4, 15]
1542726759164;[171, 0, 17, 255, 161, 74, 233, 115, 215, 1, 0, 157, 1, 0, 44, 1, 0, 187, 4, 86]
1542726759167;[171, 0, 17, 255, 161, 74, 233, 115, 215, 1, 0, 157, 1, 0, 44, 1, 0, 187, 4, 86]
1542726759679;[171, 0, 17, 255, 161, 74, 233, 115, 215, 1, 0, 155, 1, 0, 46, 1, 0, 187, 4, 171]
1542726759681;[171, 0, 17, 255, 161, 74, 233, 115, 215, 1, 0, 155, 1, 0, 46, 1, 0, 187, 4, 171]
1542726759683;[171, 0, 17, 255, 161, 74, 233, 115, 215, 1, 0, 156, 1, 0, 46, 1, 0, 185, 4, 184]
1542726759685;[171, 0, 17, 255, 161, 74, 233, 115, 215, 1, 0, 156, 1, 0, 46, 1, 0, 185, 4, 184]
1542726759687;[171, 0, 17, 255, 161, 74, 233, 115, 215, 1, 0, 159, 1, 0, 45, 1, 0, 188, 4, 156]
1542726759689;[171, 0, 17, 255, 161, 74, 233, 115, 215, 1, 0, 159, 1, 0, 45, 1, 0, 188, 4, 156]
1542726759691;[171, 0, 17, 255, 161, 74, 233, 115, 215, 1, 0, 158, 1, 0, 44, 1, 0, 189, 4, 117]
1542726759693;[171, 0, 17, 255, 161, 74, 233, 115, 215, 1, 0, 158, 1, 0, 44, 1, 0, 189, 4, 117]
1542726759852;[171, 0, 17, 255, 161, 74, 233, 115, 215, 1, 0, 157, 1, 0, 44, 1, 0, 187, 4, 74]
1542726759854;[171, 0, 17, 255, 161, 74, 233, 115, 215, 1, 0, 157, 1, 0, 44, 1, 0, 187, 4, 74]
1542726759856;[171, 0, 17, 255, 161, 74, 233, 115, 216, 1, 0, 158, 1, 0, 44, 1, 0, 189, 4, 25]
1542726759857;[171, 0, 17, 255, 161, 74, 233, 115, 216, 1, 0, 158, 1, 0, 44, 1, 0, 189, 4, 25]
1542726759859;[171, 0, 17, 255, 161, 74, 233, 115, 216, 1, 0, 157, 1, 0, 45, 1, 0, 187, 3, 241]
1542726759861;[171, 0, 17, 255, 161, 74, 233, 115, 216, 1, 0, 157, 1, 0, 45, 1, 0, 187, 3, 241]
1542726760022;[171, 0, 17, 255, 161, 74, 233, 115, 216, 1, 0, 159, 1, 0, 45, 1, 0, 188, 4, 7]
1542726760024;[171, 0, 17, 255, 161, 74, 233, 115, 216, 1, 0, 159, 1, 0, 45, 1, 0, 188, 4, 7]
1542726760194;[171, 0, 4, 255, 132, 128, 72]
1542726760197;[171, 0, 4, 255, 132, 128, 72]
1542726760199;[171, 0, 17, 255, 161, 74, 233, 115, 216, 1, 0, 156, 1, 0, 45, 1, 0, 186, 4, 107]
1542726760201;[171, 0, 17, 255, 161, 74, 233, 115, 216, 1, 0, 156, 1, 0, 45, 1, 0, 186, 4, 107]
1542726760366;[171, 0, 17, 255, 161, 74, 233, 115, 216, 1, 0, 158, 1, 0, 45, 1, 0, 187, 4, 143]
1542726760368;[171, 0, 17, 255, 161, 74, 233, 115, 216, 1, 0, 158, 1, 0, 45, 1, 0, 187, 4, 143]
1542726760371;[171, 0, 17, 255, 161, 74, 233, 115, 216, 1, 0, 156, 1, 0, 46, 1, 0, 189, 4, 120]
1542726760373;[171, 0, 17, 255, 161, 74, 233, 115, 216, 1, 0, 156, 1, 0, 46, 1, 0, 189, 4, 120]
1542726760713;[171, 0, 17, 255, 161, 74, 233, 115, 216, 1, 0, 159, 1, 0, 44, 1, 0, 188, 4, 88]
1542726760715;[171, 0, 17, 255, 161, 74, 233, 115, 216, 1, 0, 159, 1, 0, 44, 1, 0, 188, 4, 88]
1542726760718;[171, 0, 17, 255, 161, 74, 233, 115, 216, 1, 0, 160, 1, 0, 46, 1, 0, 188, 4, 47]
1542726760719;[171, 0, 17, 255, 161, 74, 233, 115, 216, 1, 0, 160, 1, 0, 46, 1, 0, 188, 4, 47]
1542726760722;[171, 0, 17, 255, 161, 74, 233, 115, 216, 1, 0, 158, 1, 0, 45, 1, 0, 186, 3, 255]
1542726760723;[171, 0, 17, 255, 161, 74, 233, 115, 216, 1, 0, 158, 1, 0, 45, 1, 0, 186, 3, 255]
1542726760885;[171, 0, 17, 255, 161, 74, 233, 115, 216, 1, 0, 158, 1, 0, 47, 1, 0, 187, 3, 201]
1542726760886;[171, 0, 17, 255, 161, 74, 233, 115, 216, 1, 0, 158, 1, 0, 47, 1, 0, 187, 3, 201]
1542726760888;[171, 0, 17, 255, 161, 74, 233, 115, 217, 1, 0, 157, 1, 0, 45, 1, 0, 188, 3, 166]
1542726760890;[171, 0, 17, 255, 161, 74, 233, 115, 217, 1, 0, 157, 1, 0, 45, 1, 0, 188, 3, 166]
1542726761057;[171, 0, 17, 255, 161, 74, 233, 115, 217, 1, 0, 158, 1, 0, 46, 1, 0, 188, 3, 217]
1542726761060;[171, 0, 17, 255, 161, 74, 233, 115, 217, 1, 0, 158, 1, 0, 46, 1, 0, 188, 3, 217]
1542726761062;[171, 0, 17, 255, 161, 74, 233, 115, 217, 1, 0, 157, 1, 0, 44, 1, 0, 188, 4, 49]
1542726761064;[171, 0, 17, 255, 161, 74, 233, 115, 217, 1, 0, 157, 1, 0, 44, 1, 0, 188, 4, 49]
1542726761229;[171, 0, 4, 255, 132, 128, 72]
1542726761232;[171, 0, 4, 255, 132, 128, 72]
1542726761403;[171, 0, 17, 255, 161, 74, 233, 115, 217, 1, 0, 158, 1, 0, 45, 1, 0, 188, 4, 66]
1542726761405;[171, 0, 17, 255, 161, 74, 233, 115, 217, 1, 0, 158, 1, 0, 45, 1, 0, 188, 4, 66]
1542726761407;[171, 0, 17, 255, 161, 74, 233, 115, 217, 1, 0, 157, 1, 0, 45, 1, 0, 187, 4, 40]
1542726761409;[171, 0, 17, 255, 161, 74, 233, 115, 217, 1, 0, 157, 1, 0, 45, 1, 0, 187, 4, 40]
1542726761575;[171, 0, 17, 255, 161, 74, 233, 115, 217, 1, 0, 157, 1, 0, 45, 1, 0, 187, 3, 250]
1542726761577;[171, 0, 17, 255, 161, 74, 233, 115, 217, 1, 0, 157, 1, 0, 45, 1, 0, 187, 3, 250]
1542726761579;[171, 0, 17, 255, 161, 74, 233, 115, 217, 1, 0, 160, 1, 0, 45, 1, 0, 189, 3, 210]
1542726761581;[171, 0, 17, 255, 161, 74, 233, 115, 217, 1, 0, 160, 1, 0, 45, 1, 0, 189, 3, 210]
1542726761746;[171, 0, 17, 255, 161, 74, 233, 115, 217, 1, 0, 157, 1, 0, 45, 1, 0, 188, 3, 167]
1542726761748;[171, 0, 17, 255, 161, 74, 233, 115, 217, 1, 0, 157, 1, 0, 45, 1, 0, 188, 3, 167]
1542726762438;[171, 0, 17, 255, 161, 74, 233, 115, 217, 1, 0, 158, 1, 0, 47, 1, 0, 187, 3, 126]
1542726762440;[171, 0, 17, 255, 161, 74, 233, 115, 217, 1, 0, 158, 1, 0, 47, 1, 0, 187, 3, 126]
1542726762442;[171, 0, 17, 255, 161, 74, 233, 115, 217, 1, 0, 160, 1, 0, 44, 1, 0, 188, 3, 158]
1542726762444;[171, 0, 17, 255, 161, 74, 233, 115, 217, 1, 0, 160, 1, 0, 44, 1, 0, 188, 3, 158]
1542726762447;[171, 0, 17, 255, 161, 74, 233, 115, 218, 1, 0, 160, 1, 0, 44, 1, 0, 187, 3, 252]
1542726762448;[171, 0, 17, 255, 161, 74, 233, 115, 218, 1, 0, 160, 1, 0, 44, 1, 0, 187, 3, 252]
1542726762451;[171, 0, 17, 255, 161, 74, 233, 115, 218, 1, 0, 158, 1, 0, 44, 1, 0, 187, 4, 13]
1542726762452;[171, 0, 17, 255, 161, 74, 233, 115, 218, 1, 0, 158, 1, 0, 44, 1, 0, 187, 4, 13]
1542726762611;[171, 0, 17, 255, 161, 74, 233, 115, 218, 1, 0, 159, 1, 0, 46, 1, 0, 189, 3, 250]
1542726762613;[171, 0, 17, 255, 161, 74, 233, 115, 218, 1, 0, 159, 1, 0, 46, 1, 0, 189, 3, 250]
1542726762615;[171, 0, 4, 255, 132, 128, 72]
1542726762618;[171, 0, 4, 255, 132, 128, 72]
1542726762643;[171, 0, 17, 255, 161, 74, 233, 115, 218, 1, 0, 159, 1, 0, 46, 1, 0, 187, 3, 216]
1542726762645;[171, 0, 17, 255, 161, 74, 233, 115, 218, 1, 0, 159, 1, 0, 46, 1, 0, 187, 3, 216]
1542726762646;[171, 0, 17, 255, 161, 74, 233, 115, 218, 1, 0, 159, 1, 0, 43, 1, 0, 187, 3, 175]
1542726762648;[171, 0, 17, 255, 161, 74, 233, 115, 218, 1, 0, 159, 1, 0, 43, 1, 0, 187, 3, 175]
1542726762782;[171, 0, 17, 255, 161, 74, 233, 115, 218, 1, 0, 158, 1, 0, 46, 1, 0, 187, 3, 123]
1542726762784;[171, 0, 17, 255, 161, 74, 233, 115, 218, 1, 0, 158, 1, 0, 46, 1, 0, 187, 3, 123]
1542726762787;[171, 0, 17, 255, 161, 74, 233, 115, 218, 1, 0, 157, 1, 0, 44, 1, 0, 188, 3, 112]
1542726762789;[171, 0, 17, 255, 161, 74, 233, 115, 218, 1, 0, 157, 1, 0, 44, 1, 0, 188, 3, 112]
1542726762791;[171, 0, 17, 255, 161, 74, 233, 115, 218, 1, 0, 158, 1, 0, 45, 1, 0, 189, 3, 184]
1542726762793;[171, 0, 17, 255, 161, 74, 233, 115, 218, 1, 0, 158, 1, 0, 45, 1, 0, 189, 3, 184]
1542726763474;[171, 0, 17, 255, 161, 74, 233, 115, 218, 1, 0, 158, 1, 0, 45, 1, 0, 188, 3, 248]
1542726763475;[171, 0, 17, 255, 161, 74, 233, 115, 218, 1, 0, 158, 1, 0, 45, 1, 0, 188, 3, 248]
1542726763478;[171, 0, 17, 255, 161, 74, 233, 115, 218, 1, 0, 156, 1, 0, 44, 1, 0, 189, 3, 251]
1542726763480;[171, 0, 17, 255, 161, 74, 233, 115, 218, 1, 0, 156, 1, 0, 44, 1, 0, 189, 3, 251]
1542726763483;[171, 0, 17, 255, 161, 74, 233, 115, 219, 1, 0, 156, 1, 0, 45, 1, 0, 188, 3, 228]
1542726763485;[171, 0, 17, 255, 161, 74, 233, 115, 219, 1, 0, 156, 1, 0, 45, 1, 0, 188, 3, 228]
1542726763486;[171, 0, 17, 255, 161, 74, 233, 115, 219, 1, 0, 159, 1, 0, 45, 1, 0, 188, 3, 189]
1542726763488;[171, 0, 17, 255, 161, 74, 233, 115, 219, 1, 0, 159, 1, 0, 45, 1, 0, 188, 3, 189]
1542726763647;[171, 0, 17, 255, 161, 74, 233, 115, 219, 1, 0, 158, 1, 0, 47, 1, 0, 188, 3, 149]
1542726763649;[171, 0, 17, 255, 161, 74, 233, 115, 219, 1, 0, 158, 1, 0, 47, 1, 0, 188, 3, 149]
1542726763651;[171, 0, 4, 255, 132, 128, 72]
1542726763655;[171, 0, 4, 255, 132, 128, 72]
1542726763658;[171, 0, 17, 255, 161, 74, 233, 115, 219, 1, 0, 159, 1, 0, 46, 1, 0, 188, 3, 90]
1542726763660;[171, 0, 17, 255, 161, 74, 233, 115, 219, 1, 0, 159, 1, 0, 46, 1, 0, 188, 3, 90]
1542726763662;[171, 0, 17, 255, 161, 74, 233, 115, 219, 1, 0, 156, 1, 0, 44, 1, 0, 187, 3, 59]
1542726763664;[171, 0, 17, 255, 161, 74, 233, 115, 219, 1, 0, 156, 1, 0, 44, 1, 0, 187, 3, 59]
1542726763817;[171, 0, 17, 255, 161, 74, 233, 115, 219, 1, 0, 158, 1, 0, 44, 1, 0, 186, 3, 118]
1542726763820;[171, 0, 17, 255, 161, 74, 233, 115, 219, 1, 0, 158, 1, 0, 44, 1, 0, 186, 3, 118]
1542726763822;[171, 0, 17, 255, 161, 74, 233, 115, 219, 1, 0, 159, 1, 0, 45, 1, 0, 188, 3, 210]
1542726763824;[171, 0, 17, 255, 161, 74, 233, 115, 219, 1, 0, 159, 1, 0, 45, 1, 0, 188, 3, 210]
1542726763993;[171, 0, 17, 255, 161, 74, 233, 115, 219, 1, 0, 158, 1, 0, 45, 1, 0, 187, 3, 220]
1542726763995;[171, 0, 17, 255, 161, 74, 233, 115, 219, 1, 0, 158, 1, 0, 45, 1, 0, 187, 3, 220]
1542726763996;[171, 0, 17, 255, 161, 74, 233, 115, 219, 1, 0, 155, 1, 0, 44, 1, 0, 189, 3, 193]
1542726763998;[171, 0, 17, 255, 161, 74, 233, 115, 219, 1, 0, 155, 1, 0, 44, 1, 0, 189, 3, 193]
1542726764162;[171, 0, 17, 255, 161, 74, 233, 115, 219, 1, 0, 159, 1, 0, 46, 1, 0, 188, 3, 153]
1542726764164;[171, 0, 17, 255, 161, 74, 233, 115, 219, 1, 0, 159, 1, 0, 46, 1, 0, 188, 3, 153]
1542726764167;[171, 0, 17, 255, 161, 74, 233, 115, 220, 1, 0, 155, 1, 0, 45, 1, 0, 187, 3, 118]
1542726764168;[171, 0, 17, 255, 161, 74, 233, 115, 220, 1, 0, 155, 1, 0, 45, 1, 0, 187, 3, 118]
1542726764334;[171, 0, 17, 255, 161, 74, 233, 115, 220, 1, 0, 159, 1, 0, 46, 1, 0, 187, 3, 62]
1542726764336;[171, 0, 17, 255, 161, 74, 233, 115, 220, 1, 0, 159, 1, 0, 46, 1, 0, 187, 3, 62]
1542726765026;[171, 0, 17, 255, 161, 74, 233, 115, 220, 1, 0, 159, 1, 0, 45, 1, 0, 189, 3, 3]
1542726765028;[171, 0, 17, 255, 161, 74, 233, 115, 220, 1, 0, 159, 1, 0, 45, 1, 0, 189, 3, 3]
1542726765031;[171, 0, 4, 255, 132, 128, 72]
1542726765033;[171, 0, 4, 255, 132, 128, 72]
1542726765035;[171, 0, 17, 255, 161, 74, 233, 115, 220, 1, 0, 158, 1, 0, 46, 1, 0, 188, 2, 235]
1542726765037;[171, 0, 17, 255, 161, 74, 233, 115, 220, 1, 0, 158, 1, 0, 46, 1, 0, 188, 2, 235]
1542726765040;[171, 0, 17, 255, 161, 74, 233, 115, 220, 1, 0, 157, 1, 0, 44, 1, 0, 187, 3, 51]
1542726765041;[171, 0, 17, 255, 161, 74, 233, 115, 220, 1, 0, 157, 1, 0, 44, 1, 0, 187, 3, 51]
1542726765199;[171, 0, 17, 255, 161, 74, 233, 115, 220, 1, 0, 157, 1, 0, 45, 1, 0, 190, 3, 114]
1542726765201;[171, 0, 17, 255, 161, 74, 233, 115, 220, 1, 0, 157, 1, 0, 45, 1, 0, 190, 3, 114]
1542726765203;[171, 0, 17, 255, 161, 74, 233, 115, 220, 1, 0, 159, 1, 0, 45, 1, 0, 188, 3, 114]
1542726765205;[171, 0, 17, 255, 161, 74, 233, 115, 220, 1, 0, 159, 1, 0, 45, 1, 0, 188, 3, 114]
1542726765207;[171, 0, 17, 255, 161, 74, 233, 115, 220, 1, 0, 157, 1, 0, 44, 1, 0, 190, 3, 85]
1542726765209;[171, 0, 17, 255, 161, 74, 233, 115, 220, 1, 0, 157, 1, 0, 44, 1, 0, 190, 3, 85]
1542726765212;[171, 0, 17, 255, 161, 74, 233, 115, 220, 1, 0, 157, 1, 0, 44, 1, 0, 190, 3, 48]
1542726765214;[171, 0, 17, 255, 161, 74, 233, 115, 220, 1, 0, 157, 1, 0, 44, 1, 0, 190, 3, 48]
1542726765368;[171, 0, 17, 255, 161, 74, 233, 115, 220, 1, 0, 159, 1, 0, 44, 1, 0, 187, 3, 4]
1542726765369;[171, 0, 17, 255, 161, 74, 233, 115, 220, 1, 0, 159, 1, 0, 44, 1, 0, 187, 3, 4]
1542726765374;[171, 0, 17, 255, 161, 74, 233, 115, 221, 1, 0, 159, 1, 0, 45, 1, 0, 188, 2, 217]
1542726765375;[171, 0, 17, 255, 161, 74, 233, 115, 221, 1, 0, 159, 1, 0, 45, 1, 0, 188, 2, 217]
1542726765377;[171, 0, 17, 255, 161, 74, 233, 115, 221, 1, 0, 156, 1, 0, 45, 1, 0, 189, 2, 194]
1542726765378;[171, 0, 17, 255, 161, 74, 233, 115, 221, 1, 0, 156, 1, 0, 45, 1, 0, 189, 2, 194]
1542726765543;[171, 0, 17, 255, 161, 74, 233, 115, 221, 1, 0, 159, 1, 0, 46, 1, 0, 187, 3, 11]
1542726765545;[171, 0, 17, 255, 161, 74, 233, 115, 221, 1, 0, 159, 1, 0, 46, 1, 0, 187, 3, 11]
1542726766061;[171, 0, 4, 255, 132, 128, 73]
1542726766064;[171, 0, 4, 255, 132, 128, 73]
1542726766066;[171, 0, 17, 255, 161, 74, 233, 115, 221, 1, 0, 156, 1, 0, 46, 1, 0, 188, 3, 73]
1542726766068;[171, 0, 17, 255, 161, 74, 233, 115, 221, 1, 0, 156, 1, 0, 46, 1, 0, 188, 3, 73]
1542726766071;[171, 0, 17, 255, 161, 74, 233, 115, 221, 1, 0, 159, 1, 0, 46, 1, 0, 188, 3, 71]
1542726766073;[171, 0, 17, 255, 161, 74, 233, 115, 221, 1, 0, 159, 1, 0, 46, 1, 0, 188, 3, 71]
1542726766075;[171, 0, 17, 255, 161, 74, 233, 115, 221, 1, 0, 156, 1, 0, 45, 1, 0, 187, 3, 41]
1542726766076;[171, 0, 17, 255, 161, 74, 233, 115, 221, 1, 0, 156, 1, 0, 45, 1, 0, 187, 3, 41]
1542726766232;[171, 0, 17, 255, 161, 74, 233, 115, 221, 1, 0, 158, 1, 0, 46, 1, 0, 189, 3, 2]
1542726766234;[171, 0, 17, 255, 161, 74, 233, 115, 221, 1, 0, 158, 1, 0, 46, 1, 0, 189, 3, 2]
1542726766237;[171, 0, 17, 255, 161, 74, 233, 115, 221, 1, 0, 157, 1, 0, 44, 1, 0, 187, 2, 209]
1542726766239;[171, 0, 17, 255, 161, 74, 233, 115, 221, 1, 0, 157, 1, 0, 44, 1, 0, 187, 2, 209]
1542726766241;[171, 0, 17, 255, 161, 74, 233, 115, 221, 1, 0, 158, 1, 0, 44, 1, 0, 187, 2, 166]
1542726766243;[171, 0, 17, 255, 161, 74, 233, 115, 221, 1, 0, 158, 1, 0, 44, 1, 0, 187, 2, 166]
1542726766405;[171, 0, 17, 255, 161, 74, 233, 115, 221, 1, 0, 159, 1, 0, 45, 1, 0, 188, 2, 179]
1542726766407;[171, 0, 17, 255, 161, 74, 233, 115, 221, 1, 0, 159, 1, 0, 45, 1, 0, 188, 2, 179]
1542726766409;[171, 0, 17, 255, 161, 74, 233, 115, 222, 1, 0, 159, 1, 0, 44, 1, 0, 188, 3, 14]
1542726766411;[171, 0, 17, 255, 161, 74, 233, 115, 222, 1, 0, 159, 1, 0, 44, 1, 0, 188, 3, 14]
1542726766577;[171, 0, 17, 255, 161, 74, 233, 115, 222, 1, 0, 157, 1, 0, 44, 1, 0, 188, 3, 50]
1542726766580;[171, 0, 17, 255, 161, 74, 233, 115, 222, 1, 0, 157, 1, 0, 44, 1, 0, 188, 3, 50]
1542726766582;[171, 0, 17, 255, 161, 74, 233, 115, 222, 1, 0, 159, 1, 0, 45, 1, 0, 188, 3, 43]
1542726766583;[171, 0, 17, 255, 161, 74, 233, 115, 222, 1, 0, 159, 1, 0, 45, 1, 0, 188, 3, 43]
1542726766749;[171, 0, 4, 255, 132, 128, 72]
1542726766752;[171, 0, 4, 255, 132, 128, 72]
1542726766755;[171, 0, 17, 255, 161, 74, 233, 115, 222, 1, 0, 157, 1, 0, 44, 1, 0, 189, 3, 1]
1542726766756;[171, 0, 17, 255, 161, 74, 233, 115, 222, 1, 0, 157, 1, 0, 44, 1, 0, 189, 3, 1]
1542726767096;[171, 0, 17, 255, 161, 74, 233, 115, 222, 1, 0, 158, 1, 0, 44, 1, 0, 187, 2, 217]
1542726767098;[171, 0, 17, 255, 161, 74, 233, 115, 222, 1, 0, 158, 1, 0, 44, 1, 0, 187, 2, 217]
1542726767100;[171, 0, 17, 255, 161, 74, 233, 115, 222, 1, 0, 157, 1, 0, 45, 1, 0, 189, 2, 172]
1542726767102;[171, 0, 17, 255, 161, 74, 233, 115, 222, 1, 0, 157, 1, 0, 45, 1, 0, 189, 2, 172]
1542726767104;[171, 0, 17, 255, 161, 74, 233, 115, 222, 1, 0, 158, 1, 0, 43, 1, 0, 188, 2, 132]
1542726767106;[171, 0, 17, 255, 161, 74, 233, 115, 222, 1, 0, 158, 1, 0, 43, 1, 0, 188, 2, 132]
1542726767267;[171, 0, 17, 255, 161, 74, 233, 115, 222, 1, 0, 156, 1, 0, 44, 1, 0, 190, 2, 139]
1542726767269;[171, 0, 17, 255, 161, 74, 233, 115, 222, 1, 0, 156, 1, 0, 44, 1, 0, 190, 2, 139]
1542726767441;[171, 0, 17, 255, 161, 74, 233, 115, 222, 1, 0, 159, 1, 0, 44, 1, 0, 187, 2, 231]
1542726767442;[171, 0, 17, 255, 161, 74, 233, 115, 222, 1, 0, 159, 1, 0, 44, 1, 0, 187, 2, 231]
1542726767444;[171, 0, 17, 255, 161, 74, 233, 115, 222, 1, 0, 157, 1, 0, 45, 1, 0, 188, 3, 14]
1542726767446;[171, 0, 17, 255, 161, 74, 233, 115, 222, 1, 0, 157, 1, 0, 45, 1, 0, 188, 3, 14]
1542726767613;[171, 0, 17, 255, 161, 74, 233, 115, 223, 1, 0, 158, 1, 0, 45, 1, 0, 188, 2, 252]
1542726767615;[171, 0, 17, 255, 161, 74, 233, 115, 223, 1, 0, 158, 1, 0, 45, 1, 0, 188, 2, 252]
1542726767618;[171, 0, 17, 255, 161, 74, 233, 115, 223, 1, 0, 157, 1, 0, 44, 1, 0, 188, 2, 224]
1542726767619;[171, 0, 17, 255, 161, 74, 233, 115, 223, 1, 0, 157, 1, 0, 44, 1, 0, 188, 2, 224]
1542726767784;[171, 0, 17, 255, 161, 74, 233, 115, 223, 1, 0, 159, 1, 0, 43, 1, 0, 189, 2, 174]
1542726767786;[171, 0, 17, 255, 161, 74, 233, 115, 223, 1, 0, 159, 1, 0, 43, 1, 0, 189, 2, 174]
1542726767789;[171, 0, 4, 255, 132, 128, 73]
1542726767791;[171, 0, 4, 255, 132, 128, 73]
1542726768130;[171, 0, 17, 255, 161, 74, 233, 115, 223, 1, 0, 158, 1, 0, 47, 1, 0, 188, 2, 133]
1542726768132;[171, 0, 17, 255, 161, 74, 233, 115, 223, 1, 0, 158, 1, 0, 47, 1, 0, 188, 2, 133]
1542726768135;[171, 0, 17, 255, 161, 74, 233, 115, 223, 1, 0, 157, 1, 0, 44, 1, 0, 189, 2, 82]
1542726768137;[171, 0, 17, 255, 161, 74, 233, 115, 223, 1, 0, 157, 1, 0, 44, 1, 0, 189, 2, 82]
1542726768138;[171, 0, 17, 255, 161, 74, 233, 115, 223, 1, 0, 158, 1, 0, 45, 1, 0, 188, 2, 36]
1542726768140;[171, 0, 17, 255, 161, 74, 233, 115, 223, 1, 0, 158, 1, 0, 45, 1, 0, 188, 2, 36]
1542726768823;[171, 0, 17, 255, 161, 74, 233, 115, 223, 1, 0, 158, 1, 0, 47, 1, 0, 187, 2, 80]
1542726768826;[171, 0, 17, 255, 161, 74, 233, 115, 223, 1, 0, 158, 1, 0, 47, 1, 0, 187, 2, 80]
1542726768827;[171, 0, 17, 255, 161, 74, 233, 115, 223, 1, 0, 157, 1, 0, 44, 1, 0, 186, 2, 159]
1542726768829;[171, 0, 17, 255, 161, 74, 233, 115, 223, 1, 0, 157, 1, 0, 44, 1, 0, 186, 2, 159]
1542726768832;[171, 0, 17, 255, 161, 74, 233, 115, 223, 1, 0, 157, 1, 0, 47, 1, 0, 189, 2, 163]
1542726768834;[171, 0, 17, 255, 161, 74, 233, 115, 223, 1, 0, 157, 1, 0, 47, 1, 0, 189, 2, 163]
1542726768836;[171, 0, 17, 255, 161, 74, 233, 115, 223, 1, 0, 157, 1, 0, 45, 1, 0, 188, 2, 151]
1542726768838;[171, 0, 17, 255, 161, 74, 233, 115, 223, 1, 0, 157, 1, 0, 45, 1, 0, 188, 2, 151]
1542726768993;[171, 0, 17, 255, 161, 74, 233, 115, 224, 1, 0, 156, 1, 0, 45, 1, 0, 188, 2, 123]
1542726768995;[171, 0, 17, 255, 161, 74, 233, 115, 224, 1, 0, 156, 1, 0, 45, 1, 0, 188, 2, 123]
1542726769001;[171, 0, 17, 255, 161, 74, 233, 115, 224, 1, 0, 158, 1, 0, 43, 1, 0, 188, 2, 78]
1542726769003;[171, 0, 17, 255, 161, 74, 233, 115, 224, 1, 0, 158, 1, 0, 43, 1, 0, 188, 2, 78]
1542726769005;[171, 0, 17, 255, 161, 74, 233, 115, 224, 1, 0, 158, 1, 0, 46, 1, 0, 188, 2, 39]
1542726769006;[171, 0, 17, 255, 161, 74, 233, 115, 224, 1, 0, 158, 1, 0, 46, 1, 0, 188, 2, 39]
1542726769008;[171, 0, 4, 255, 132, 128, 73]
1542726769010;[171, 0, 4, 255, 132, 128, 73]
1542726769165;[171, 0, 17, 255, 161, 74, 233, 115, 224, 1, 0, 158, 1, 0, 47, 1, 0, 187, 2, 22]
1542726769167;[171, 0, 17, 255, 161, 74, 233, 115, 224, 1, 0, 158, 1, 0, 47, 1, 0, 187, 2, 22]
1542726769169;[171, 0, 17, 255, 161, 74, 233, 115, 224, 1, 0, 157, 1, 0, 44, 1, 0, 187, 2, 93]
1542726769171;[171, 0, 17, 255, 161, 74, 233, 115, 224, 1, 0, 157, 1, 0, 44, 1, 0, 187, 2, 93]
1542726769174;[171, 0, 17, 255, 161, 74, 233, 115, 224, 1, 0, 157, 1, 0, 45, 1, 0, 187, 2, 148]
1542726769175;[171, 0, 17, 255, 161, 74, 233, 115, 224, 1, 0, 157, 1, 0, 45, 1, 0, 187, 2, 148]
1542726769337;[171, 0, 17, 255, 161, 74, 233, 115, 224, 1, 0, 157, 1, 0, 43, 1, 0, 189, 2, 146]
1542726769339;[171, 0, 17, 255, 161, 74, 233, 115, 224, 1, 0, 157, 1, 0, 43, 1, 0, 189, 2, 146]
1542726769685;[171, 0, 17, 255, 161, 74, 233, 115, 224, 1, 0, 158, 1, 0, 45, 1, 0, 187, 2, 117]
1542726769687;[171, 0, 17, 255, 161, 74, 233, 115, 224, 1, 0, 158, 1, 0, 45, 1, 0, 187, 2, 117]
1542726769689;[171, 0, 17, 255, 161, 74, 233, 115, 224, 1, 0, 155, 1, 0, 46, 1, 0, 190, 2, 74]
1542726769691;[171, 0, 17, 255, 161, 74, 233, 115, 224, 1, 0, 155, 1, 0, 46, 1, 0, 190, 2, 74]
1542726769694;[171, 0, 17, 255, 161, 74, 233, 115, 224, 1, 0, 156, 1, 0, 42, 1, 0, 189, 2, 37]
1542726769695;[171, 0, 17, 255, 161, 74, 233, 115, 224, 1, 0, 156, 1, 0, 42, 1, 0, 189, 2, 37]
1542726769854;[171, 0, 17, 255, 161, 74, 233, 115, 225, 1, 0, 157, 1, 0, 46, 1, 0, 188, 1, 252]
1542726769856;[171, 0, 17, 255, 161, 74, 233, 115, 225, 1, 0, 157, 1, 0, 46, 1, 0, 188, 1, 252]
1542726770029;[171, 0, 17, 255, 161, 74, 233, 115, 225, 1, 0, 156, 1, 0, 46, 1, 0, 189, 1, 223]
1542726770031;[171, 0, 17, 255, 161, 74, 233, 115, 225, 1, 0, 156, 1, 0, 46, 1, 0, 189, 1, 223]
1542726770033;[171, 0, 17, 255, 161, 74, 233, 115, 225, 1, 0, 157, 1, 0, 44, 1, 0, 188, 2, 26]
1542726770035;[171, 0, 17, 255, 161, 74, 233, 115, 225, 1, 0, 157, 1, 0, 44, 1, 0, 188, 2, 26]
1542726770038;[171, 0, 4, 255, 132, 128, 73]
1542726770040;[171, 0, 4, 255, 132, 128, 73]
1542726770375;[171, 0, 17, 255, 161, 74, 233, 115, 225, 1, 0, 158, 1, 0, 47, 1, 0, 187, 2, 93]
1542726770377;[171, 0, 17, 255, 161, 74, 233, 115, 225, 1, 0, 158, 1, 0, 47, 1, 0, 187, 2, 93]
1542726770380;[171, 0, 17, 255, 161, 74, 233, 115, 225, 1, 0, 158, 1, 0, 46, 1, 0, 188, 2, 93]
1542726770382;[171, 0, 17, 255, 161, 74, 233, 115, 225, 1, 0, 158, 1, 0, 46, 1, 0, 188, 2, 93]
1542726770384;[171, 0, 17, 255, 161, 74, 233, 115, 225, 1, 0, 157, 1, 0, 44, 1, 0, 187, 2, 72]
1542726770386;[171, 0, 17, 255, 161, 74, 233, 115, 225, 1, 0, 157, 1, 0, 44, 1, 0, 187, 2, 72]
1542726770388;[171, 0, 17, 255, 161, 74, 233, 115, 225, 1, 0, 157, 1, 0, 45, 1, 0, 186, 2, 40]
1542726770390;[171, 0, 17, 255, 161, 74, 233, 115, 225, 1, 0, 157, 1, 0, 45, 1, 0, 186, 2, 40]
1542726770545;[171, 0, 17, 255, 161, 74, 233, 115, 225, 1, 0, 158, 1, 0, 47, 1, 0, 188, 2, 2]
1542726770547;[171, 0, 17, 255, 161, 74, 233, 115, 225, 1, 0, 158, 1, 0, 47, 1, 0, 188, 2, 2]
1542726770717;[171, 0, 17, 255, 161, 74, 233, 115, 225, 1, 0, 159, 1, 0, 45, 1, 0, 188, 1, 215]
1542726770719;[171, 0, 17, 255, 161, 74, 233, 115, 225, 1, 0, 159, 1, 0, 45, 1, 0, 188, 1, 215]
1542726770721;[171, 0, 17, 255, 161, 74, 233, 115, 225, 1, 0, 158, 1, 0, 46, 1, 0, 187, 1, 172]
1542726770723;[171, 0, 17, 255, 161, 74, 233, 115, 225, 1, 0, 158, 1, 0, 46, 1, 0, 187, 1, 172]
1542726771237;[171, 0, 17, 255, 161, 74, 233, 115, 226, 1, 0, 158, 1, 0, 46, 1, 0, 189, 1, 205]
1542726771239;[171, 0, 17, 255, 161, 74, 233, 115, 226, 1, 0, 158, 1, 0, 46, 1, 0, 189, 1, 205]
1542726771241;[171, 0, 17, 255, 161, 74, 233, 115, 226, 1, 0, 159, 1, 0, 45, 1, 0, 187, 2, 33]
1542726771243;[171, 0, 17, 255, 161, 74, 233, 115, 226, 1, 0, 159, 1, 0, 45, 1, 0, 187, 2, 33]
1542726771245;[171, 0, 17, 255, 161, 74, 233, 115, 226, 1, 0, 158, 1, 0, 44, 1, 0, 188, 2, 64]
1542726771249;[171, 0, 17, 255, 161, 74, 233, 115, 226, 1, 0, 158, 1, 0, 44, 1, 0, 188, 2, 64]
1542726771250;[171, 0, 4, 255, 132, 128, 73]
1542726771253;[171, 0, 4, 255, 132, 128, 73]
1542726771409;[171, 0, 17, 255, 161, 74, 233, 115, 226, 1, 0, 156, 1, 0, 45, 1, 0, 187, 2, 43]
1542726771411;[171, 0, 17, 255, 161, 74, 233, 115, 226, 1, 0, 156, 1, 0, 45, 1, 0, 187, 2, 43]
1542726771413;[171, 0, 17, 255, 161, 74, 233, 115, 226, 1, 0, 157, 1, 0, 46, 1, 0, 186, 2, 13]
1542726771415;[171, 0, 17, 255, 161, 74, 233, 115, 226, 1, 0, 157, 1, 0, 46, 1, 0, 186, 2, 13]
1542726771417;[171, 0, 17, 255, 161, 74, 233, 115, 226, 1, 0, 158, 1, 0, 46, 1, 0, 187, 1, 227]
1542726771419;[171, 0, 17, 255, 161, 74, 233, 115, 226, 1, 0, 158, 1, 0, 46, 1, 0, 187, 1, 227]
1542726771581;[171, 0, 17, 255, 161, 74, 233, 115, 226, 1, 0, 157, 1, 0, 46, 1, 0, 188, 1, 180]
1542726771583;[171, 0, 17, 255, 161, 74, 233, 115, 226, 1, 0, 157, 1, 0, 46, 1, 0, 188, 1, 180]
1542726771585;[171, 0, 17, 255, 161, 74, 233, 115, 226, 1, 0, 158, 1, 0, 45, 1, 0, 186, 1, 142]
1542726771587;[171, 0, 17, 255, 161, 74, 233, 115, 226, 1, 0, 158, 1, 0, 45, 1, 0, 186, 1, 142]
1542726771752;[171, 0, 17, 255, 161, 74, 233, 115, 226, 1, 0, 157, 1, 0, 45, 1, 0, 188, 1, 115]
1542726771755;[171, 0, 17, 255, 161, 74, 233, 115, 226, 1, 0, 157, 1, 0, 45, 1, 0, 188, 1, 115]
1542726771757;[171, 0, 17, 255, 161, 74, 233, 115, 226, 1, 0, 157, 1, 0, 44, 1, 0, 188, 1, 196]
1542726771759;[171, 0, 17, 255, 161, 74, 233, 115, 226, 1, 0, 157, 1, 0, 44, 1, 0, 188, 1, 196]
1542726771923;[171, 0, 17, 255, 161, 74, 233, 115, 227, 1, 0, 157, 1, 0, 44, 1, 0, 187, 2, 0]
1542726771924;[171, 0, 17, 255, 161, 74, 233, 115, 227, 1, 0, 157, 1, 0, 44, 1, 0, 187, 2, 0]
1542726772443;[171, 0, 17, 255, 161, 74, 233, 115, 227, 1, 0, 155, 1, 0, 46, 1, 0, 188, 1, 250]
1542726772445;[171, 0, 17, 255, 161, 74, 233, 115, 227, 1, 0, 155, 1, 0, 46, 1, 0, 188, 1, 250]
1542726772447;[171, 0, 17, 255, 161, 74, 233, 115, 227, 1, 0, 157, 1, 0, 46, 1, 0, 187, 1, 235]
1542726772450;[171, 0, 17, 255, 161, 74, 233, 115, 227, 1, 0, 157, 1, 0, 46, 1, 0, 187, 1, 235]
1542726772451;[171, 0, 4, 255, 132, 128, 73]
1542726772454;[171, 0, 4, 255, 132, 128, 73]
1542726772616;[171, 0, 17, 255, 161, 74, 233, 115, 227, 1, 0, 159, 1, 0, 46, 1, 0, 185, 1, 202]
1542726772618;[171, 0, 17, 255, 161, 74, 233, 115, 227, 1, 0, 159, 1, 0, 46, 1, 0, 185, 1, 202]
1542726772621;[171, 0, 17, 255, 161, 74, 233, 115, 227, 1, 0, 158, 1, 0, 46, 1, 0, 186, 1, 172]
1542726772623;[171, 0, 17, 255, 161, 74, 233, 115, 227, 1, 0, 158, 1, 0, 46, 1, 0, 186, 1, 172]
1542726772625;[171, 0, 17, 255, 161, 74, 233, 115, 227, 1, 0, 158, 1, 0, 46, 1, 0, 188, 1, 143]
1542726772627;[171, 0, 17, 255, 161, 74, 233, 115, 227, 1, 0, 158, 1, 0, 46, 1, 0, 188, 1, 143]
1542726772629;[171, 0, 17, 255, 161, 74, 233, 115, 227, 1, 0, 156, 1, 0, 45, 1, 0, 188, 1, 174]
1542726772631;[171, 0, 17, 255, 161, 74, 233, 115, 227, 1, 0, 156, 1, 0, 45, 1, 0, 188, 1, 174]
1542726772787;[171, 0, 17, 255, 161, 74, 233, 115, 227, 1, 0, 157, 1, 0, 44, 1, 0, 188, 2, 6]
1542726772790;[171, 0, 17, 255, 161, 74, 233, 115, 227, 1, 0, 157, 1, 0, 44, 1, 0, 188, 2, 6]
1542726772793;[171, 0, 17, 255, 161, 74, 233, 115, 227, 1, 0, 159, 1, 0, 44, 1, 0, 187, 2, 38]
1542726772795;[171, 0, 17, 255, 161, 74, 233, 115, 227, 1, 0, 159, 1, 0, 44, 1, 0, 187, 2, 38]
1542726772959;[171, 0, 17, 255, 161, 74, 233, 115, 227, 1, 0, 157, 1, 0, 45, 1, 0, 188, 2, 16]
1542726772962;[171, 0, 17, 255, 161, 74, 233, 115, 227, 1, 0, 157, 1, 0, 45, 1, 0, 188, 2, 16]
1542726772963;[171, 0, 17, 255, 161, 74, 233, 115, 228, 1, 0, 160, 1, 0, 46, 1, 0, 188, 1, 246]
1542726772965;[171, 0, 17, 255, 161, 74, 233, 115, 228, 1, 0, 160, 1, 0, 46, 1, 0, 188, 1, 246]
1542726773131;[171, 0, 17, 255, 161, 74, 233, 115, 228, 1, 0, 156, 1, 0, 47, 1, 0, 187, 1, 205]
1542726773133;[171, 0, 17, 255, 161, 74, 233, 115, 228, 1, 0, 156, 1, 0, 47, 1, 0, 187, 1, 205]
1542726773649;[171, 0, 17, 255, 161, 74, 233, 115, 228, 1, 0, 156, 1, 0, 46, 1, 0, 189, 1, 155]
1542726773651;[171, 0, 17, 255, 161, 74, 233, 115, 228, 1, 0, 156, 1, 0, 46, 1, 0, 189, 1, 155]
1542726773824;[171, 0, 4, 255, 132, 128, 73]
1542726773826;[171, 0, 4, 255, 132, 128, 73]
1542726773829;[171, 0, 17, 255, 161, 74, 233, 115, 228, 1, 0, 160, 1, 0, 45, 1, 0, 188, 1, 115]
1542726773831;[171, 0, 17, 255, 161, 74, 233, 115, 228, 1, 0, 160, 1, 0, 45, 1, 0, 188, 1, 115]
1542726773833;[171, 0, 17, 255, 161, 74, 233, 115, 228, 1, 0, 157, 1, 0, 46, 1, 0, 187, 1, 136]
1542726773835;[171, 0, 17, 255, 161, 74, 233, 115, 228, 1, 0, 157, 1, 0, 46, 1, 0, 187, 1, 136]
1542726773837;[171, 0, 17, 255, 161, 74, 233, 115, 228, 1, 0, 158, 1, 0, 45, 1, 0, 187, 1, 229]
1542726773839;[171, 0, 17, 255, 161, 74, 233, 115, 228, 1, 0, 158, 1, 0, 45, 1, 0, 187, 1, 229]
1542726773997;[171, 0, 17, 255, 161, 74, 233, 115, 228, 1, 0, 158, 1, 0, 45, 1, 0, 188, 2, 13]
1542726773998;[171, 0, 17, 255, 161, 74, 233, 115, 228, 1, 0, 158, 1, 0, 45, 1, 0, 188, 2, 13]
1542726774004;[171, 0, 17, 255, 161, 74, 233, 115, 228, 1, 0, 157, 1, 0, 46, 1, 0, 187, 1, 251]
1542726774006;[171, 0, 17, 255, 161, 74, 233, 115, 228, 1, 0, 157, 1, 0, 46, 1, 0, 187, 1, 251]
1542726774009;[171, 0, 17, 255, 161, 74, 233, 115, 228, 1, 0, 157, 1, 0, 45, 1, 0, 188, 1, 233]
1542726774011;[171, 0, 17, 255, 161, 74, 233, 115, 228, 1, 0, 157, 1, 0, 45, 1, 0, 188, 1, 233]
1542726774013;[171, 0, 17, 255, 161, 74, 233, 115, 228, 1, 0, 157, 1, 0, 45, 1, 0, 189, 1, 192]
1542726774014;[171, 0, 17, 255, 161, 74, 233, 115, 228, 1, 0, 157, 1, 0, 45, 1, 0, 189, 1, 192]
1542726774167;[171, 0, 17, 255, 161, 74, 233, 115, 229, 1, 0, 157, 1, 0, 44, 1, 0, 189, 1, 160]
1542726774169;[171, 0, 17, 255, 161, 74, 233, 115, 229, 1, 0, 157, 1, 0, 44, 1, 0, 189, 1, 160]
1542726774171;[171, 0, 17, 255, 161, 74, 233, 115, 229, 1, 0, 157, 1, 0, 45, 1, 0, 188, 1, 105]
1542726774173;[171, 0, 17, 255, 161, 74, 233, 115, 229, 1, 0, 157, 1, 0, 45, 1, 0, 188, 1, 105]
1542726774339;[171, 0, 17, 255, 161, 74, 233, 115, 229, 1, 0, 160, 1, 0, 44, 1, 0, 188, 1, 79]
1542726774341;[171, 0, 17, 255, 161, 74, 233, 115, 229, 1, 0, 160, 1, 0, 44, 1, 0, 188, 1, 79]
1542726774512;[171, 0, 4, 255, 132, 128, 73]
1542726774514;[171, 0, 4, 255, 132, 128, 73]
1542726774517;[171, 0, 17, 255, 161, 74, 233, 115, 229, 1, 0, 160, 1, 0, 45, 1, 0, 187, 1, 156]
1542726774519;[171, 0, 17, 255, 161, 74, 233, 115, 229, 1, 0, 160, 1, 0, 45, 1, 0, 187, 1, 156]
1542726775029;[171, 0, 17, 255, 161, 74, 233, 115, 229, 1, 0, 159, 1, 0, 46, 1, 0, 187, 1, 221]
1542726775031;[171, 0, 17, 255, 161, 74, 233, 115, 229, 1, 0, 159, 1, 0, 46, 1, 0, 187, 1, 221]
1542726775034;[171, 0, 17, 255, 161, 74, 233, 115, 229, 1, 0, 159, 1, 0, 46, 1, 0, 187, 1, 236]
1542726775035;[171, 0, 17, 255, 161, 74, 233, 115, 229, 1, 0, 159, 1, 0, 46, 1, 0, 187, 1, 236]
1542726775039;[171, 0, 17, 255, 161, 74, 233, 115, 229, 1, 0, 159, 1, 0, 44, 1, 0, 186, 1, 214]
1542726775041;[171, 0, 17, 255, 161, 74, 233, 115, 229, 1, 0, 159, 1, 0, 44, 1, 0, 186, 1, 214]
1542726775044;[171, 0, 17, 255, 161, 74, 233, 115, 229, 1, 0, 159, 1, 0, 47, 1, 0, 187, 1, 182]
1542726775046;[171, 0, 17, 255, 161, 74, 233, 115, 229, 1, 0, 159, 1, 0, 47, 1, 0, 187, 1, 182]
1542726775203;[171, 0, 17, 255, 161, 74, 233, 115, 229, 1, 0, 157, 1, 0, 46, 1, 0, 189, 1, 134]
1542726775205;[171, 0, 17, 255, 161, 74, 233, 115, 229, 1, 0, 157, 1, 0, 46, 1, 0, 189, 1, 134]
1542726775208;[171, 0, 17, 255, 161, 74, 233, 115, 229, 1, 0, 156, 1, 0, 47, 1, 0, 187, 1, 98]
1542726775210;[171, 0, 17, 255, 161, 74, 233, 115, 229, 1, 0, 156, 1, 0, 47, 1, 0, 187, 1, 98]
1542726775212;[171, 0, 17, 255, 161, 74, 233, 115, 230, 1, 0, 158, 1, 0, 44, 1, 0, 188, 1, 56]
1542726775213;[171, 0, 17, 255, 161, 74, 233, 115, 230, 1, 0, 158, 1, 0, 44, 1, 0, 188, 1, 56]
1542726775374;[171, 0, 17, 255, 161, 74, 233, 115, 230, 1, 0, 159, 1, 0, 47, 1, 0, 188, 1, 58]
1542726775376;[171, 0, 17, 255, 161, 74, 233, 115, 230, 1, 0, 159, 1, 0, 47, 1, 0, 188, 1, 58]
1542726775379;[171, 0, 17, 255, 161, 74, 233, 115, 230, 1, 0, 159, 1, 0, 46, 1, 0, 189, 1, 148]
1542726775381;[171, 0, 17, 255, 161, 74, 233, 115, 230, 1, 0, 159, 1, 0, 46, 1, 0, 189, 1, 148]
1542726775547;[171, 0, 4, 255, 132, 128, 73]
1542726775549;[171, 0, 4, 255, 132, 128, 73]
1542726775552;[171, 0, 17, 255, 161, 74, 233, 115, 230, 1, 0, 157, 1, 0, 45, 1, 0, 187, 1, 184]
1542726775554;[171, 0, 17, 255, 161, 74, 233, 115, 230, 1, 0, 157, 1, 0, 45, 1, 0, 187, 1, 184]
1542726775718;[171, 0, 17, 255, 161, 74, 233, 115, 230, 1, 0, 159, 1, 0, 46, 1, 0, 187, 1, 182]
1542726775719;[171, 0, 17, 255, 161, 74, 233, 115, 230, 1, 0, 159, 1, 0, 46, 1, 0, 187, 1, 182]
1542726776064;[171, 0, 17, 255, 161, 74, 233, 115, 230, 1, 0, 159, 1, 0, 46, 1, 0, 188, 1, 158]
1542726776066;[171, 0, 17, 255, 161, 74, 233, 115, 230, 1, 0, 159, 1, 0, 46, 1, 0, 188, 1, 158]
1542726776412;[171, 0, 17, 255, 161, 74, 233, 115, 230, 1, 0, 156, 1, 0, 45, 1, 0, 188, 1, 139]
1542726776413;[171, 0, 17, 255, 161, 74, 233, 115, 230, 1, 0, 156, 1, 0, 45, 1, 0, 188, 1, 139]
1542726776416;[171, 0, 17, 255, 161, 74, 233, 115, 230, 1, 0, 159, 1, 0, 45, 1, 0, 188, 1, 106]
1542726776418;[171, 0, 17, 255, 161, 74, 233, 115, 230, 1, 0, 159, 1, 0, 45, 1, 0, 188, 1, 106]
1542726776420;[171, 0, 17, 255, 161, 74, 233, 115, 230, 1, 0, 157, 1, 0, 45, 1, 0, 187, 1, 69]
1542726776422;[171, 0, 17, 255, 161, 74, 233, 115, 230, 1, 0, 157, 1, 0, 45, 1, 0, 187, 1, 69]
1542726776424;[171, 0, 17, 255, 161, 74, 233, 115, 230, 1, 0, 156, 1, 0, 45, 1, 0, 188, 1, 126]
1542726776426;[171, 0, 17, 255, 161, 74, 233, 115, 230, 1, 0, 156, 1, 0, 45, 1, 0, 188, 1, 126]
1542726776583;[171, 0, 17, 255, 161, 74, 233, 115, 231, 1, 0, 157, 1, 0, 46, 1, 0, 188, 1, 217]
1542726776585;[171, 0, 17, 255, 161, 74, 233, 115, 231, 1, 0, 157, 1, 0, 46, 1, 0, 188, 1, 217]
1542726776587;[171, 0, 17, 255, 161, 74, 233, 115, 231, 1, 0, 158, 1, 0, 46, 1, 0, 187, 1, 236]
1542726776589;[171, 0, 17, 255, 161, 74, 233, 115, 231, 1, 0, 158, 1, 0, 46, 1, 0, 187, 1, 236]
1542726776591;[171, 0, 17, 255, 161, 74, 233, 115, 231, 1, 0, 159, 1, 0, 43, 1, 0, 188, 1, 209]
1542726776593;[171, 0, 17, 255, 161, 74, 233, 115, 231, 1, 0, 159, 1, 0, 43, 1, 0, 188, 1, 209]
1542726776595;[171, 0, 4, 255, 132, 128, 73]
1542726776598;[171, 0, 4, 255, 132, 128, 73]
1542726776927;[171, 0, 17, 255, 161, 74, 233, 115, 231, 1, 0, 155, 1, 0, 45, 1, 0, 187, 1, 177]
1542726776930;[171, 0, 17, 255, 161, 74, 233, 115, 231, 1, 0, 155, 1, 0, 45, 1, 0, 187, 1, 177]
1542726776933;[171, 0, 17, 255, 161, 74, 233, 115, 231, 1, 0, 158, 1, 0, 46, 1, 0, 188, 1, 140]
1542726776935;[171, 0, 17, 255, 161, 74, 233, 115, 231, 1, 0, 158, 1, 0, 46, 1, 0, 188, 1, 140]
1542726776937;[171, 0, 17, 255, 161, 74, 233, 115, 231, 1, 0, 158, 1, 0, 48, 1, 0, 187, 1, 101]
1542726776938;[171, 0, 17, 255, 161, 74, 233, 115, 231, 1, 0, 158, 1, 0, 48, 1, 0, 187, 1, 101]
1542726777099;[171, 0, 17, 255, 161, 74, 233, 115, 231, 1, 0, 160, 1, 0, 45, 1, 0, 187, 1, 66]
1542726777102;[171, 0, 17, 255, 161, 74, 233, 115, 231, 1, 0, 160, 1, 0, 45, 1, 0, 187, 1, 66]
1542726777105;[171, 0, 17, 255, 161, 74, 233, 115, 231, 1, 0, 159, 1, 0, 45, 1, 0, 187, 1, 126]
1542726777107;[171, 0, 17, 255, 161, 74, 233, 115, 231, 1, 0, 159, 1, 0, 45, 1, 0, 187, 1, 126]
1542726777621;[171, 0, 17, 255, 161, 74, 233, 115, 231, 1, 0, 160, 1, 0, 45, 1, 0, 188, 1, 212]
1542726777625;[171, 0, 17, 255, 161, 74, 233, 115, 231, 1, 0, 160, 1, 0, 45, 1, 0, 188, 1, 212]
1542726777626;[171, 0, 17, 255, 161, 74, 233, 115, 231, 1, 0, 157, 1, 0, 44, 1, 0, 188, 1, 231]
1542726777628;[171, 0, 17, 255, 161, 74, 233, 115, 231, 1, 0, 157, 1, 0, 44, 1, 0, 188, 1, 231]
1542726777631;[171, 0, 17, 255, 161, 74, 233, 115, 232, 1, 0, 158, 1, 0, 46, 1, 0, 186, 1, 220]
1542726777633;[171, 0, 17, 255, 161, 74, 233, 115, 232, 1, 0, 158, 1, 0, 46, 1, 0, 186, 1, 220]
1542726777635;[171, 0, 17, 255, 161, 74, 233, 115, 232, 1, 0, 157, 1, 0, 44, 1, 0, 188, 1, 190]
1542726777637;[171, 0, 17, 255, 161, 74, 233, 115, 232, 1, 0, 157, 1, 0, 44, 1, 0, 188, 1, 190]
1542726777791;[171, 0, 17, 255, 161, 74, 233, 115, 232, 1, 0, 157, 1, 0, 45, 1, 0, 187, 1, 141]
1542726777794;[171, 0, 17, 255, 161, 74, 233, 115, 232, 1, 0, 157, 1, 0, 45, 1, 0, 187, 1, 141]
1542726777796;[171, 0, 4, 255, 132, 128, 73]
1542726777798;[171, 0, 4, 255, 132, 128, 73]
1542726777801;[171, 0, 17, 255, 161, 74, 233, 115, 232, 1, 0, 159, 1, 0, 44, 1, 0, 188, 1, 101]
1542726777803;[171, 0, 17, 255, 161, 74, 233, 115, 232, 1, 0, 159, 1, 0, 44, 1, 0, 188, 1, 101]
1542726777961;[171, 0, 17, 255, 161, 74, 233, 115, 232, 1, 0, 159, 1, 0, 43, 1, 0, 188, 1, 63]
1542726777963;[171, 0, 17, 255, 161, 74, 233, 115, 232, 1, 0, 159, 1, 0, 43, 1, 0, 188, 1, 63]
1542726777966;[171, 0, 17, 255, 161, 74, 233, 115, 232, 1, 0, 157, 1, 0, 43, 1, 0, 188, 1, 68]
1542726777967;[171, 0, 17, 255, 161, 74, 233, 115, 232, 1, 0, 157, 1, 0, 43, 1, 0, 188, 1, 68]
1542726778132;[171, 0, 17, 255, 161, 74, 233, 115, 232, 1, 0, 157, 1, 0, 46, 1, 0, 188, 1, 172]
1542726778134;[171, 0, 17, 255, 161, 74, 233, 115, 232, 1, 0, 157, 1, 0, 46, 1, 0, 188, 1, 172]
1542726778312;[171, 0, 17, 255, 161, 74, 233, 115, 232, 1, 0, 158, 1, 0, 45, 1, 0, 188, 1, 209]
1542726778313;[171, 0, 17, 255, 161, 74, 233, 115, 232, 1, 0, 158, 1, 0, 45, 1, 0, 188, 1, 209]
1542726778318;[171, 0, 17, 255, 161, 74, 233, 115, 232, 1, 0, 159, 1, 0, 45, 1, 0, 187, 1, 202]
1542726778320;[171, 0, 17, 255, 161, 74, 233, 115, 232, 1, 0, 159, 1, 0, 45, 1, 0, 187, 1, 202]
1542726778827;[171, 0, 17, 255, 161, 74, 233, 115, 232, 1, 0, 159, 1, 0, 45, 1, 0, 188, 1, 166]
1542726778829;[171, 0, 17, 255, 161, 74, 233, 115, 232, 1, 0, 159, 1, 0, 45, 1, 0, 188, 1, 166]
1542726778831;[171, 0, 17, 255, 161, 74, 233, 115, 233, 1, 0, 158, 1, 0, 46, 1, 0, 189, 1, 137]
1542726778833;[171, 0, 17, 255, 161, 74, 233, 115, 233, 1, 0, 158, 1, 0, 46, 1, 0, 189, 1, 137]
1542726778835;[171, 0, 17, 255, 161, 74, 233, 115, 233, 1, 0, 156, 1, 0, 44, 1, 0, 188, 1, 93]
1542726778837;[171, 0, 17, 255, 161, 74, 233, 115, 233, 1, 0, 156, 1, 0, 44, 1, 0, 188, 1, 93]
1542726778840;[171, 0, 17, 255, 161, 74, 233, 115, 235, 1, 0, 156, 1, 0, 44, 1, 0, 188, 1, 128]
1542726778842;[171, 0, 17, 255, 161, 74, 233, 115, 235, 1, 0, 156, 1, 0, 44, 1, 0, 188, 1, 128]
1542726779000;[171, 0, 17, 255, 161, 74, 233, 115, 235, 1, 0, 154, 1, 0, 46, 1, 0, 188, 1, 82]
1542726779002;[171, 0, 17, 255, 161, 74, 233, 115, 235, 1, 0, 154, 1, 0, 46, 1, 0, 188, 1, 82]
1542726779170;[171, 0, 17, 255, 161, 74, 233, 115, 235, 1, 0, 157, 1, 0, 45, 1, 0, 189, 1, 50]
1542726779172;[171, 0, 17, 255, 161, 74, 233, 115, 235, 1, 0, 157, 1, 0, 45, 1, 0, 189, 1, 50]
1542726779174;[171, 0, 17, 255, 161, 74, 233, 115, 235, 1, 0, 157, 1, 0, 46, 1, 0, 187, 0, 251]
1542726779176;[171, 0, 17, 255, 161, 74, 233, 115, 235, 1, 0, 157, 1, 0, 46, 1, 0, 187, 0, 251]
1542726779340;[171, 0, 17, 255, 161, 74, 233, 115, 235, 1, 0, 156, 1, 0, 44, 1, 0, 187, 1, 5]
1542726779342;[171, 0, 17, 255, 161, 74, 233, 115, 235, 1, 0, 156, 1, 0, 44, 1, 0, 187, 1, 5]
1542726779690;[171, 0, 17, 255, 161, 74, 233, 115, 235, 1, 0, 157, 1, 0, 42, 1, 0, 189, 1, 84]
1542726779692;[171, 0, 17, 255, 161, 74, 233, 115, 235, 1, 0, 157, 1, 0, 42, 1, 0, 189, 1, 84]
1542726779694;[171, 0, 17, 255, 161, 74, 233, 115, 235, 1, 0, 159, 1, 0, 46, 1, 0, 187, 1, 129]
1542726779696;[171, 0, 17, 255, 161, 74, 233, 115, 235, 1, 0, 159, 1, 0, 46, 1, 0, 187, 1, 129]
1542726779698;[171, 0, 17, 255, 161, 74, 233, 115, 236, 1, 0, 157, 1, 0, 44, 1, 0, 187, 1, 125]
1542726779700;[171, 0, 17, 255, 161, 74, 233, 115, 236, 1, 0, 157, 1, 0, 44, 1, 0, 187, 1, 125]
1542726779702;[171, 0, 17, 255, 161, 74, 233, 115, 236, 1, 0, 157, 1, 0, 46, 1, 0, 187, 1, 100]
1542726779704;[171, 0, 17, 255, 161, 74, 233, 115, 236, 1, 0, 157, 1, 0, 46, 1, 0, 187, 1, 100]
1542726780207;[171, 0, 17, 255, 161, 74, 233, 115, 236, 1, 0, 159, 1, 0, 45, 1, 0, 188, 1, 68]
1542726780211;[171, 0, 17, 255, 161, 74, 233, 115, 236, 1, 0, 159, 1, 0, 45, 1, 0, 188, 1, 68]
1542726780213;[171, 0, 4, 255, 132, 128, 73]
1542726780216;[171, 0, 4, 255, 132, 128, 73]
1542726780219;[171, 0, 17, 255, 161, 74, 233, 115, 236, 1, 0, 156, 1, 0, 44, 1, 0, 188, 1, 26]
1542726780221;[171, 0, 17, 255, 161, 74, 233, 115, 236, 1, 0, 156, 1, 0, 44, 1, 0, 188, 1, 26]
1542726780222;[171, 0, 17, 255, 161, 74, 233, 115, 236, 1, 0, 157, 1, 0, 48, 1, 0, 187, 0, 251]
1542726780224;[171, 0, 17, 255, 161, 74, 233, 115, 236, 1, 0, 157, 1, 0, 48, 1, 0, 187, 0, 251]
1542726780377;[171, 0, 17, 255, 161, 74, 233, 115, 236, 1, 0, 156, 1, 0, 46, 1, 0, 187, 1, 30]
1542726780379;[171, 0, 17, 255, 161, 74, 233, 115, 236, 1, 0, 156, 1, 0, 46, 1, 0, 187, 1, 30]
1542726780382;[171, 0, 17, 255, 161, 74, 233, 115, 236, 1, 0, 158, 1, 0, 44, 1, 0, 187, 1, 117]
1542726780384;[171, 0, 17, 255, 161, 74, 233, 115, 236, 1, 0, 158, 1, 0, 44, 1, 0, 187, 1, 117]
1542726780386;[171, 0, 17, 255, 161, 74, 233, 115, 236, 1, 0, 156, 1, 0, 45, 1, 0, 187, 1, 143]
1542726780388;[171, 0, 17, 255, 161, 74, 233, 115, 236, 1, 0, 156, 1, 0, 45, 1, 0, 187, 1, 143]
1542726780549;[171, 0, 17, 255, 161, 74, 233, 115, 236, 1, 0, 158, 1, 0, 45, 1, 0, 187, 1, 126]
1542726780552;[171, 0, 17, 255, 161, 74, 233, 115, 236, 1, 0, 158, 1, 0, 45, 1, 0, 187, 1, 126]
1542726780554;[171, 0, 17, 255, 161, 74, 233, 115, 236, 1, 0, 160, 1, 0, 45, 1, 0, 187, 1, 87]
1542726780556;[171, 0, 17, 255, 161, 74, 233, 115, 236, 1, 0, 160, 1, 0, 45, 1, 0, 187, 1, 87]
1542726780722;[171, 0, 17, 255, 161, 74, 233, 115, 237, 1, 0, 159, 1, 0, 45, 1, 0, 187, 1, 51]
1542726780724;[171, 0, 17, 255, 161, 74, 233, 115, 237, 1, 0, 159, 1, 0, 45, 1, 0, 187, 1, 51]
1542726780892;[171, 0, 17, 255, 161, 74, 233, 115, 237, 1, 0, 157, 1, 0, 46, 1, 0, 187, 1, 1]
1542726780893;[171, 0, 17, 255, 161, 74, 233, 115, 237, 1, 0, 157, 1, 0, 46, 1, 0, 187, 1, 1]
1542726780898;[171, 0, 17, 255, 161, 74, 233, 115, 237, 1, 0, 156, 1, 0, 43, 1, 0, 188, 0, 211]
1542726780900;[171, 0, 17, 255, 161, 74, 233, 115, 237, 1, 0, 156, 1, 0, 43, 1, 0, 188, 0, 211]
1542726781414;[171, 0, 4, 255, 132, 128, 74]
1542726781416;[171, 0, 4, 255, 132, 128, 74]
1542726781418;[171, 0, 17, 255, 161, 74, 233, 115, 237, 1, 0, 155, 1, 0, 43, 1, 0, 189, 0, 201]
1542726781420;[171, 0, 17, 255, 161, 74, 233, 115, 237, 1, 0, 155, 1, 0, 43, 1, 0, 189, 0, 201]
1542726781423;[171, 0, 17, 255, 161, 74, 233, 115, 237, 1, 0, 156, 1, 0, 45, 1, 0, 186, 1, 34]
1542726781425;[171, 0, 17, 255, 161, 74, 233, 115, 237, 1, 0, 156, 1, 0, 45, 1, 0, 186, 1, 34]
1542726781427;[171, 0, 17, 255, 161, 74, 233, 115, 237, 1, 0, 158, 1, 0, 45, 1, 0, 186, 1, 85]
1542726781428;[171, 0, 17, 255, 161, 74, 233, 115, 237, 1, 0, 158, 1, 0, 45, 1, 0, 186, 1, 85]
1542726781585;[171, 0, 17, 255, 161, 74, 233, 115, 237, 1, 0, 158, 1, 0, 45, 1, 0, 187, 1, 77]
1542726781587;[171, 0, 17, 255, 161, 74, 233, 115, 237, 1, 0, 158, 1, 0, 45, 1, 0, 187, 1, 77]
1542726781589;[171, 0, 17, 255, 161, 74, 233, 115, 237, 1, 0, 158, 1, 0, 45, 1, 0, 189, 1, 40]
1542726781591;[171, 0, 17, 255, 161, 74, 233, 115, 237, 1, 0, 158, 1, 0, 45, 1, 0, 189, 1, 40]
1542726781594;[171, 0, 17, 255, 161, 74, 233, 115, 237, 1, 0, 158, 1, 0, 46, 1, 0, 188, 1, 5]
1542726781595;[171, 0, 17, 255, 161, 74, 233, 115, 237, 1, 0, 158, 1, 0, 46, 1, 0, 188, 1, 5]
1542726781758;[171, 0, 17, 255, 161, 74, 233, 115, 237, 1, 0, 160, 1, 0, 44, 1, 0, 187, 0, 217]
1542726781760;[171, 0, 17, 255, 161, 74, 233, 115, 237, 1, 0, 160, 1, 0, 44, 1, 0, 187, 0, 217]
1542726781762;[171, 0, 17, 255, 161, 74, 233, 115, 238, 1, 0, 158, 1, 0, 45, 1, 0, 186, 16, 171]
1542726781764;[171, 0, 17, 255, 161, 74, 233, 115, 238, 1, 0, 158, 1, 0, 45, 1, 0, 186, 16, 171]
1542726781929;[171, 0, 17, 255, 161, 74, 233, 115, 238, 1, 0, 158, 1, 0, 45, 1, 0, 188, 7, 162]
1542726781931;[171, 0, 17, 255, 161, 74, 233, 115, 238, 1, 0, 158, 1, 0, 45, 1, 0, 188, 7, 162]
1542726782644;[171, 0, 17, 255, 161, 74, 233, 115, 238, 1, 0, 155, 1, 0, 44, 1, 0, 188, 7, 162]
1542726782646;[171, 0, 17, 255, 161, 74, 233, 115, 238, 1, 0, 155, 1, 0, 44, 1, 0, 188, 7, 162]
1542726782648;[171, 0, 4, 255, 132, 128, 74]
1542726782650;[171, 0, 4, 255, 132, 128, 74]
1542726782652;[171, 0, 17, 255, 161, 74, 233, 115, 238, 1, 0, 159, 1, 0, 46, 1, 0, 186, 7, 231]
1542726782654;[171, 0, 17, 255, 161, 74, 233, 115, 238, 1, 0, 159, 1, 0, 46, 1, 0, 186, 7, 231]
1542726782655;[171, 0, 17, 255, 161, 74, 233, 115, 238, 1, 0, 155, 1, 0, 47, 1, 0, 189, 7, 247]
1542726782657;[171, 0, 17, 255, 161, 74, 233, 115, 238, 1, 0, 155, 1, 0, 47, 1, 0, 189, 7, 247]
1542726782794;[171, 0, 17, 255, 161, 74, 233, 115, 238, 1, 0, 158, 1, 0, 43, 1, 0, 189, 7, 230]
1542726782802;[171, 0, 17, 255, 161, 74, 233, 115, 238, 1, 0, 158, 1, 0, 43, 1, 0, 189, 7, 230]
1542726782804;[171, 0, 17, 255, 161, 74, 233, 115, 238, 1, 0, 156, 1, 0, 45, 1, 0, 188, 7, 204]
1542726782806;[171, 0, 17, 255, 161, 74, 233, 115, 238, 1, 0, 156, 1, 0, 45, 1, 0, 188, 7, 204]
1542726782807;[171, 0, 17, 255, 161, 74, 233, 115, 238, 1, 0, 159, 1, 0, 44, 1, 0, 189, 7, 182]
1542726782809;[171, 0, 17, 255, 161, 74, 233, 115, 238, 1, 0, 159, 1, 0, 44, 1, 0, 189, 7, 182]
1542726782811;[171, 0, 17, 255, 161, 74, 233, 115, 238, 1, 0, 157, 1, 0, 44, 1, 0, 188, 7, 148]
1542726782812;[171, 0, 17, 255, 161, 74, 233, 115, 238, 1, 0, 157, 1, 0, 44, 1, 0, 188, 7, 148]
1542726782965;[171, 0, 17, 255, 161, 74, 233, 115, 238, 1, 0, 160, 1, 0, 44, 1, 0, 186, 7, 143]
1542726782967;[171, 0, 17, 255, 161, 74, 233, 115, 238, 1, 0, 160, 1, 0, 44, 1, 0, 186, 7, 143]
1542726782970;[171, 0, 17, 255, 161, 74, 233, 115, 239, 1, 0, 156, 1, 0, 45, 1, 0, 187, 7, 233]
1542726782972;[171, 0, 17, 255, 161, 74, 233, 115, 239, 1, 0, 156, 1, 0, 45, 1, 0, 187, 7, 233]
1542726782974;[171, 0, 17, 255, 161, 74, 233, 115, 239, 1, 0, 159, 1, 0, 44, 1, 0, 187, 8, 34]
1542726782976;[171, 0, 17, 255, 161, 74, 233, 115, 239, 1, 0, 159, 1, 0, 44, 1, 0, 187, 8, 34]
1542726783137;[171, 0, 17, 255, 161, 74, 233, 115, 239, 1, 0, 157, 1, 0, 44, 1, 0, 188, 8, 26]
1542726783139;[171, 0, 17, 255, 161, 74, 233, 115, 239, 1, 0, 157, 1, 0, 44, 1, 0, 188, 8, 26]
1542726783309;[171, 0, 4, 255, 132, 128, 74]
1542726783312;[171, 0, 4, 255, 132, 128, 74]
1542726783318;[171, 0, 17, 255, 161, 74, 233, 115, 239, 1, 0, 159, 1, 0, 44, 1, 0, 188, 7, 254]
1542726783320;[171, 0, 17, 255, 161, 74, 233, 115, 239, 1, 0, 159, 1, 0, 44, 1, 0, 188, 7, 254]
1542726783481;[171, 0, 17, 255, 161, 74, 233, 115, 239, 1, 0, 160, 1, 0, 44, 1, 0, 188, 7, 223]
1542726783483;[171, 0, 17, 255, 161, 74, 233, 115, 239, 1, 0, 160, 1, 0, 44, 1, 0, 188, 7, 223]
1542726783486;[171, 0, 17, 255, 161, 74, 233, 115, 239, 1, 0, 157, 1, 0, 45, 1, 0, 188, 7, 187]
1542726783487;[171, 0, 17, 255, 161, 74, 233, 115, 239, 1, 0, 157, 1, 0, 45, 1, 0, 188, 7, 187]
1542726783829;[171, 0, 17, 255, 161, 74, 233, 115, 239, 1, 0, 157, 1, 0, 45, 1, 0, 188, 7, 147]
1542726783831;[171, 0, 17, 255, 161, 74, 233, 115, 239, 1, 0, 157, 1, 0, 45, 1, 0, 188, 7, 147]
1542726783834;[171, 0, 17, 255, 161, 74, 233, 115, 239, 1, 0, 158, 1, 0, 46, 1, 0, 187, 7, 122]
1542726783836;[171, 0, 17, 255, 161, 74, 233, 115, 239, 1, 0, 158, 1, 0, 46, 1, 0, 187, 7, 122]
1542726783838;[171, 0, 17, 255, 161, 74, 233, 115, 239, 1, 0, 157, 1, 0, 44, 1, 0, 187, 7, 201]
1542726783840;[171, 0, 17, 255, 161, 74, 233, 115, 239, 1, 0, 157, 1, 0, 44, 1, 0, 187, 7, 201]
1542726783998;[171, 0, 17, 255, 161, 74, 233, 115, 239, 1, 0, 159, 1, 0, 44, 1, 0, 188, 8, 19]
1542726784000;[171, 0, 17, 255, 161, 74, 233, 115, 239, 1, 0, 159, 1, 0, 44, 1, 0, 188, 8, 19]
1542726784002;[171, 0, 17, 255, 161, 74, 233, 115, 240, 1, 0, 160, 1, 0, 46, 1, 0, 188, 8, 37]
1542726784007;[171, 0, 17, 255, 161, 74, 233, 115, 240, 1, 0, 160, 1, 0, 46, 1, 0, 188, 8, 37]
1542726784172;[171, 0, 17, 255, 161, 74, 233, 115, 240, 1, 0, 158, 1, 0, 44, 1, 0, 188, 8, 13]
1542726784174;[171, 0, 17, 255, 161, 74, 233, 115, 240, 1, 0, 158, 1, 0, 44, 1, 0, 188, 8, 13]
1542726784176;[171, 0, 17, 255, 161, 74, 233, 115, 240, 1, 0, 157, 1, 0, 44, 1, 0, 188, 7, 238]
1542726784178;[171, 0, 17, 255, 161, 74, 233, 115, 240, 1, 0, 157, 1, 0, 44, 1, 0, 188, 7, 238]
1542726784343;[171, 0, 4, 255, 132, 128, 73]
1542726784346;[171, 0, 4, 255, 132, 128, 73]
1542726784518;[171, 0, 17, 255, 161, 74, 233, 115, 240, 1, 0, 157, 1, 0, 45, 1, 0, 187, 7, 206]
1542726784520;[171, 0, 17, 255, 161, 74, 233, 115, 240, 1, 0, 157, 1, 0, 45, 1, 0, 187, 7, 206]
1542726784522;[171, 0, 17, 255, 161, 74, 233, 115, 240, 1, 0, 154, 1, 0, 45, 1, 0, 189, 7, 171]
1542726784524;[171, 0, 17, 255, 161, 74, 233, 115, 240, 1, 0, 154, 1, 0, 45, 1, 0, 189, 7, 171]
1542726784689;[171, 0, 17, 255, 161, 74, 233, 115, 240, 1, 0, 157, 1, 0, 43, 1, 0, 187, 7, 123]
1542726784691;[171, 0, 17, 255, 161, 74, 233, 115, 240, 1, 0, 157, 1, 0, 43, 1, 0, 187, 7, 123]
1542726784694;[171, 0, 17, 255, 161, 74, 233, 115, 240, 1, 0, 158, 1, 0, 45, 1, 0, 188, 7, 139]
1542726784695;[171, 0, 17, 255, 161, 74, 233, 115, 240, 1, 0, 158, 1, 0, 45, 1, 0, 188, 7, 139]
1542726785209;[171, 0, 17, 255, 161, 74, 233, 115, 240, 1, 0, 156, 1, 0, 46, 1, 0, 189, 7, 240]
1542726785211;[171, 0, 17, 255, 161, 74, 233, 115, 240, 1, 0, 156, 1, 0, 46, 1, 0, 189, 7, 240]
1542726785213;[171, 0, 17, 255, 161, 74, 233, 115, 240, 1, 0, 158, 1, 0, 43, 1, 0, 187, 8, 38]
1542726785215;[171, 0, 17, 255, 161, 74, 233, 115, 240, 1, 0, 158, 1, 0, 43, 1, 0, 187, 8, 38]
1542726785217;[171, 0, 17, 255, 161, 74, 233, 115, 240, 1, 0, 159, 1, 0, 46, 1, 0, 188, 8, 20]
1542726785220;[171, 0, 17, 255, 161, 74, 233, 115, 240, 1, 0, 159, 1, 0, 46, 1, 0, 188, 8, 20]
1542726785222;[171, 0, 17, 255, 161, 74, 233, 115, 241, 1, 0, 160, 1, 0, 46, 1, 0, 188, 8, 4]
1542726785224;[171, 0, 17, 255, 161, 74, 233, 115, 241, 1, 0, 160, 1, 0, 46, 1, 0, 188, 8, 4]
1542726785380;[171, 0, 17, 255, 161, 74, 233, 115, 241, 1, 0, 159, 1, 0, 45, 1, 0, 188, 7, 221]
1542726785382;[171, 0, 17, 255, 161, 74, 233, 115, 241, 1, 0, 159, 1, 0, 45, 1, 0, 188, 7, 221]
1542726785384;[171, 0, 17, 255, 161, 74, 233, 115, 241, 1, 0, 159, 1, 0, 46, 1, 0, 187, 7, 191]
1542726785386;[171, 0, 17, 255, 161, 74, 233, 115, 241, 1, 0, 159, 1, 0, 46, 1, 0, 187, 7, 191]
1542726785388;[171, 0, 4, 255, 132, 128, 73]
1542726785390;[171, 0, 4, 255, 132, 128, 73]
1542726785552;[171, 0, 17, 255, 161, 74, 233, 115, 241, 1, 0, 155, 1, 0, 44, 1, 0, 187, 7, 154]
1542726785554;[171, 0, 17, 255, 161, 74, 233, 115, 241, 1, 0, 155, 1, 0, 44, 1, 0, 187, 7, 154]
1542726785556;[171, 0, 17, 255, 161, 74, 233, 115, 241, 1, 0, 158, 1, 0, 44, 1, 0, 187, 7, 133]
1542726785558;[171, 0, 17, 255, 161, 74, 233, 115, 241, 1, 0, 158, 1, 0, 44, 1, 0, 187, 7, 133]
1542726785724;[171, 0, 17, 255, 161, 74, 233, 115, 241, 1, 0, 159, 1, 0, 44, 1, 0, 188, 7, 222]
1542726785726;[171, 0, 17, 255, 161, 74, 233, 115, 241, 1, 0, 159, 1, 0, 44, 1, 0, 188, 7, 222]
1542726785901;[171, 0, 17, 255, 161, 74, 233, 115, 241, 1, 0, 157, 1, 0, 45, 1, 0, 188, 8, 26]
1542726785903;[171, 0, 17, 255, 161, 74, 233, 115, 241, 1, 0, 157, 1, 0, 45, 1, 0, 188, 8, 26]
1542726785905;[171, 0, 17, 255, 161, 74, 233, 115, 241, 1, 0, 160, 1, 0, 45, 1, 0, 189, 8, 43]
1542726785907;[171, 0, 17, 255, 161, 74, 233, 115, 241, 1, 0, 160, 1, 0, 45, 1, 0, 189, 8, 43]
1542726786070;[171, 0, 17, 255, 161, 74, 233, 115, 241, 1, 0, 158, 1, 0, 44, 1, 0, 189, 8, 15]
1542726786072;[171, 0, 17, 255, 161, 74, 233, 115, 241, 1, 0, 158, 1, 0, 44, 1, 0, 189, 8, 15]
1542726786077;[171, 0, 17, 255, 161, 74, 233, 115, 241, 1, 0, 160, 1, 0, 45, 1, 0, 187, 7, 246]
1542726786079;[171, 0, 17, 255, 161, 74, 233, 115, 241, 1, 0, 160, 1, 0, 45, 1, 0, 187, 7, 246]
1542726786415;[171, 0, 17, 255, 161, 74, 233, 115, 242, 1, 0, 157, 1, 0, 47, 1, 0, 187, 7, 214]
1542726786417;[171, 0, 17, 255, 161, 74, 233, 115, 242, 1, 0, 157, 1, 0, 47, 1, 0, 187, 7, 214]
1542726786419;[171, 0, 17, 255, 161, 74, 233, 115, 242, 1, 0, 159, 1, 0, 45, 1, 0, 188, 7, 177]
1542726786421;[171, 0, 17, 255, 161, 74, 233, 115, 242, 1, 0, 159, 1, 0, 45, 1, 0, 188, 7, 177]
1542726786424;[171, 0, 17, 255, 161, 74, 233, 115, 242, 1, 0, 157, 1, 0, 44, 1, 0, 187, 7, 215]
1542726786426;[171, 0, 17, 255, 161, 74, 233, 115, 242, 1, 0, 157, 1, 0, 44, 1, 0, 187, 7, 215]
1542726786587;[171, 0, 4, 255, 132, 128, 73]
1542726786589;[171, 0, 4, 255, 132, 128, 73]
1542726786592;[171, 0, 17, 255, 161, 74, 233, 115, 242, 1, 0, 158, 1, 0, 43, 1, 0, 188, 8, 50]
1542726786594;[171, 0, 17, 255, 161, 74, 233, 115, 242, 1, 0, 158, 1, 0, 43, 1, 0, 188, 8, 50]
1542726786760;[171, 0, 17, 255, 161, 74, 233, 115, 242, 1, 0, 157, 1, 0, 43, 1, 0, 188, 8, 73]
1542726786762;[171, 0, 17, 255, 161, 74, 233, 115, 242, 1, 0, 157, 1, 0, 43, 1, 0, 188, 8, 73]
1542726786764;[171, 0, 17, 255, 161, 74, 233, 115, 242, 1, 0, 161, 1, 0, 44, 1, 0, 187, 8, 49]
1542726786766;[171, 0, 17, 255, 161, 74, 233, 115, 242, 1, 0, 161, 1, 0, 44, 1, 0, 187, 8, 49]
1542726786933;[171, 0, 17, 255, 161, 74, 233, 115, 242, 1, 0, 159, 1, 0, 44, 1, 0, 188, 8, 13]
1542726786934;[171, 0, 17, 255, 161, 74, 233, 115, 242, 1, 0, 159, 1, 0, 44, 1, 0, 188, 8, 13]
1542726787279;[171, 0, 17, 255, 161, 74, 233, 115, 242, 1, 0, 157, 1, 0, 46, 1, 0, 188, 7, 242]
1542726787281;[171, 0, 17, 255, 161, 74, 233, 115, 242, 1, 0, 157, 1, 0, 46, 1, 0, 188, 7, 242]
1542726787283;[171, 0, 17, 255, 161, 74, 233, 115, 242, 1, 0, 157, 1, 0, 45, 1, 0, 188, 7, 204]
1542726787285;[171, 0, 17, 255, 161, 74, 233, 115, 242, 1, 0, 157, 1, 0, 45, 1, 0, 188, 7, 204]
1542726787287;[171, 0, 17, 255, 161, 74, 233, 115, 242, 1, 0, 157, 1, 0, 45, 1, 0, 188, 7, 155]
1542726787289;[171, 0, 17, 255, 161, 74, 233, 115, 242, 1, 0, 157, 1, 0, 45, 1, 0, 188, 7, 155]
1542726787291;[171, 0, 17, 255, 161, 74, 233, 115, 243, 1, 0, 157, 1, 0, 46, 1, 0, 187, 7, 145]
1542726787293;[171, 0, 17, 255, 161, 74, 233, 115, 243, 1, 0, 157, 1, 0, 46, 1, 0, 187, 7, 145]
1542726787969;[171, 0, 17, 255, 161, 74, 233, 115, 243, 1, 0, 157, 1, 0, 46, 1, 0, 187, 7, 239]
1542726787971;[171, 0, 17, 255, 161, 74, 233, 115, 243, 1, 0, 157, 1, 0, 46, 1, 0, 187, 7, 239]
1542726787973;[171, 0, 17, 255, 161, 74, 233, 115, 243, 1, 0, 158, 1, 0, 46, 1, 0, 188, 8, 30]
1542726787975;[171, 0, 17, 255, 161, 74, 233, 115, 243, 1, 0, 158, 1, 0, 46, 1, 0, 188, 8, 30]
1542726787976;[171, 0, 4, 255, 132, 128, 73]
1542726787979;[171, 0, 4, 255, 132, 128, 73]
1542726787981;[171, 0, 17, 255, 161, 74, 233, 115, 243, 1, 0, 159, 1, 0, 45, 1, 0, 189, 8, 25]
1542726787983;[171, 0, 17, 255, 161, 74, 233, 115, 243, 1, 0, 159, 1, 0, 45, 1, 0, 189, 8, 25]
1542726788142;[171, 0, 17, 255, 161, 74, 233, 115, 243, 1, 0, 157, 1, 0, 44, 1, 0, 188, 7, 254]
1542726788144;[171, 0, 17, 255, 161, 74, 233, 115, 243, 1, 0, 157, 1, 0, 44, 1, 0, 188, 7, 254]
1542726788146;[171, 0, 17, 255, 161, 74, 233, 115, 243, 1, 0, 158, 1, 0, 45, 1, 0, 188, 7, 216]
1542726788148;[171, 0, 17, 255, 161, 74, 233, 115, 243, 1, 0, 158, 1, 0, 45, 1, 0, 188, 7, 216]
1542726788151;[171, 0, 17, 255, 161, 74, 233, 115, 243, 1, 0, 157, 1, 0, 46, 1, 0, 189, 7, 181]
1542726788153;[171, 0, 17, 255, 161, 74, 233, 115, 243, 1, 0, 157, 1, 0, 46, 1, 0, 189, 7, 181]
1542726788155;[171, 0, 17, 255, 161, 74, 233, 115, 243, 1, 0, 157, 1, 0, 45, 1, 0, 188, 7, 125]
1542726788157;[171, 0, 17, 255, 161, 74, 233, 115, 243, 1, 0, 157, 1, 0, 45, 1, 0, 188, 7, 125]
1542726788312;[171, 0, 17, 255, 161, 74, 233, 115, 243, 1, 0, 156, 1, 0, 44, 1, 0, 188, 7, 80]
1542726788314;[171, 0, 17, 255, 161, 74, 233, 115, 243, 1, 0, 156, 1, 0, 44, 1, 0, 188, 7, 80]
1542726788317;[171, 0, 17, 255, 161, 74, 233, 115, 243, 1, 0, 158, 1, 0, 47, 1, 0, 188, 7, 56]
1542726788319;[171, 0, 17, 255, 161, 74, 233, 115, 243, 1, 0, 158, 1, 0, 47, 1, 0, 188, 7, 56]
1542726788484;[171, 0, 17, 255, 161, 74, 233, 115, 244, 1, 0, 160, 1, 0, 44, 1, 0, 187, 7, 138]
1542726788485;[171, 0, 17, 255, 161, 74, 233, 115, 244, 1, 0, 160, 1, 0, 44, 1, 0, 187, 7, 138]
1542726788488;[171, 0, 17, 255, 161, 74, 233, 115, 244, 1, 0, 158, 1, 0, 47, 1, 0, 189, 7, 178]
1542726788490;[171, 0, 17, 255, 161, 74, 233, 115, 244, 1, 0, 158, 1, 0, 47, 1, 0, 189, 7, 178]
1542726789177;[171, 0, 17, 255, 161, 74, 233, 115, 244, 1, 0, 158, 1, 0, 44, 1, 0, 187, 7, 176]
1542726789179;[171, 0, 17, 255, 161, 74, 233, 115, 244, 1, 0, 158, 1, 0, 44, 1, 0, 187, 7, 176]
1542726789181;[171, 0, 4, 255, 132, 128, 73]
1542726789183;[171, 0, 4, 255, 132, 128, 73]
1542726789186;[171, 0, 17, 255, 161, 74, 233, 115, 244, 1, 0, 159, 1, 0, 45, 1, 0, 188, 7, 148]
1542726789189;[171, 0, 17, 255, 161, 74, 233, 115, 244, 1, 0, 159, 1, 0, 45, 1, 0, 188, 7, 148]
1542726789190;[171, 0, 17, 255, 161, 74, 233, 115, 244, 1, 0, 157, 1, 0, 45, 1, 0, 188, 7, 123]
1542726789192;[171, 0, 17, 255, 161, 74, 233, 115, 244, 1, 0, 157, 1, 0, 45, 1, 0, 188, 7, 123]
1542726789346;[171, 0, 17, 255, 161, 74, 233, 115, 244, 1, 0, 158, 1, 0, 47, 1, 0, 187, 7, 87]
1542726789348;[171, 0, 17, 255, 161, 74, 233, 115, 244, 1, 0, 158, 1, 0, 47, 1, 0, 187, 7, 87]
1542726789521;[171, 0, 17, 255, 161, 74, 233, 115, 244, 1, 0, 157, 1, 0, 46, 1, 0, 188, 7, 50]
1542726789522;[171, 0, 17, 255, 161, 74, 233, 115, 244, 1, 0, 157, 1, 0, 46, 1, 0, 188, 7, 50]
1542726789525;[171, 0, 17, 255, 161, 74, 233, 115, 244, 1, 0, 157, 1, 0, 45, 1, 0, 188, 7, 51]
1542726789527;[171, 0, 17, 255, 161, 74, 233, 115, 244, 1, 0, 157, 1, 0, 45, 1, 0, 188, 7, 51]
1542726789529;[171, 0, 17, 255, 161, 74, 233, 115, 244, 1, 0, 160, 1, 0, 46, 1, 0, 188, 7, 127]
1542726789531;[171, 0, 17, 255, 161, 74, 233, 115, 244, 1, 0, 160, 1, 0, 46, 1, 0, 188, 7, 127]
1542726789534;[171, 0, 17, 255, 161, 74, 233, 115, 244, 1, 0, 157, 1, 0, 45, 1, 0, 188, 7, 163]
1542726789536;[171, 0, 17, 255, 161, 74, 233, 115, 244, 1, 0, 157, 1, 0, 45, 1, 0, 188, 7, 163]
1542726789693;[171, 0, 17, 255, 161, 74, 233, 115, 245, 1, 0, 158, 1, 0, 46, 1, 0, 188, 7, 159]
1542726789697;[171, 0, 17, 255, 161, 74, 233, 115, 245, 1, 0, 158, 1, 0, 46, 1, 0, 188, 7, 159]
1542726789699;[171, 0, 17, 255, 161, 74, 233, 115, 245, 1, 0, 158, 1, 0, 46, 1, 0, 188, 7, 130]
1542726789701;[171, 0, 17, 255, 161, 74, 233, 115, 245, 1, 0, 158, 1, 0, 46, 1, 0, 188, 7, 130]
1542726789703;[171, 0, 17, 255, 161, 74, 233, 115, 245, 1, 0, 159, 1, 0, 46, 1, 0, 190, 7, 92]
1542726789704;[171, 0, 17, 255, 161, 74, 233, 115, 245, 1, 0, 159, 1, 0, 46, 1, 0, 190, 7, 92]
1542726789864;[171, 0, 4, 255, 132, 128, 73]
1542726789866;[171, 0, 4, 255, 132, 128, 73]
1542726789869;[171, 0, 17, 255, 161, 74, 233, 115, 245, 1, 0, 158, 1, 0, 47, 1, 0, 186, 7, 46]
1542726789871;[171, 0, 17, 255, 161, 74, 233, 115, 245, 1, 0, 158, 1, 0, 47, 1, 0, 186, 7, 46]
1542726790209;[171, 0, 17, 255, 161, 74, 233, 115, 245, 1, 0, 158, 1, 0, 45, 1, 0, 187, 7, 4]
1542726790211;[171, 0, 17, 255, 161, 74, 233, 115, 245, 1, 0, 158, 1, 0, 45, 1, 0, 187, 7, 4]
1542726790383;[171, 0, 17, 255, 161, 74, 233, 115, 245, 1, 0, 160, 1, 0, 44, 1, 0, 188, 6, 219]
1542726790385;[171, 0, 17, 255, 161, 74, 233, 115, 245, 1, 0, 160, 1, 0, 44, 1, 0, 188, 6, 219]
1542726790387;[171, 0, 17, 255, 161, 74, 233, 115, 245, 1, 0, 159, 1, 0, 46, 1, 0, 188, 7, 1]
1542726790390;[171, 0, 17, 255, 161, 74, 233, 115, 245, 1, 0, 159, 1, 0, 46, 1, 0, 188, 7, 1]
1542726790392;[171, 0, 17, 255, 161, 74, 233, 115, 245, 1, 0, 158, 1, 0, 44, 1, 0, 189, 7, 78]
1542726790394;[171, 0, 17, 255, 161, 74, 233, 115, 245, 1, 0, 158, 1, 0, 44, 1, 0, 189, 7, 78]
1542726790396;[171, 0, 17, 255, 161, 74, 233, 115, 245, 1, 0, 160, 1, 0, 46, 1, 0, 188, 7, 103]
1542726790398;[171, 0, 17, 255, 161, 74, 233, 115, 245, 1, 0, 160, 1, 0, 46, 1, 0, 188, 7, 103]
1542726790555;[171, 0, 17, 255, 161, 74, 233, 115, 245, 1, 0, 156, 1, 0, 46, 1, 0, 188, 7, 85]
1542726790557;[171, 0, 17, 255, 161, 74, 233, 115, 245, 1, 0, 156, 1, 0, 46, 1, 0, 188, 7, 85]
1542726790559;[171, 0, 17, 255, 161, 74, 233, 115, 246, 1, 0, 159, 1, 0, 44, 1, 0, 188, 7, 54]
1542726790560;[171, 0, 17, 255, 161, 74, 233, 115, 246, 1, 0, 159, 1, 0, 44, 1, 0, 188, 7, 54]
1542726790726;[171, 0, 17, 255, 161, 74, 233, 115, 246, 1, 0, 156, 1, 0, 44, 1, 0, 188, 7, 14]
1542726790728;[171, 0, 17, 255, 161, 74, 233, 115, 246, 1, 0, 156, 1, 0, 44, 1, 0, 188, 7, 14]
1542726790902;[171, 0, 17, 255, 161, 74, 233, 115, 246, 1, 0, 156, 1, 0, 44, 1, 0, 189, 6, 228]
1542726790903;[171, 0, 17, 255, 161, 74, 233, 115, 246, 1, 0, 156, 1, 0, 44, 1, 0, 189, 6, 228]
