1542799061405;[171, 0, 17, 255, 161, 74, 235, 53, 34, 1, 0, 59, 1, 0, 210, 1, 0, 44, 8, 150]
1542799063754;[171, 0, 17, 255, 161, 74, 235, 53, 34, 1, 0, 47, 1, 1, 96, 1, 0, 30, 9, 18]
1542799063755;[171, 0, 17, 255, 161, 74, 235, 53, 34, 0, 0, 179, 1, 2, 12, 1, 0, 54, 9, 148]
1542799063824;[171, 0, 17, 255, 161, 74, 235, 53, 34, 1, 0, 119, 1, 0, 74, 0, 0, 24, 9, 11]
1542799063826;[171, 0, 17, 255, 161, 74, 235, 53, 34, 0, 0, 25, 1, 0, 185, 1, 0, 5, 9, 129]
1542799063831;[171, 0, 17, 255, 161, 74, 235, 53, 34, 0, 1, 99, 1, 2, 6, 1, 0, 65, 9, 72]
1542799063834;[171, 0, 17, 255, 161, 74, 235, 53, 35, 0, 0, 210, 1, 2, 95, 0, 0, 10, 9, 131]
1542799063856;[171, 0, 17, 255, 161, 74, 235, 53, 35, 0, 0, 70, 1, 1, 40, 1, 0, 20, 9, 27]
1542799063857;[171, 0, 17, 255, 161, 74, 235, 53, 35, 0, 1, 112, 1, 0, 74, 1, 0, 40, 9, 69]
1542799063860;[171, 0, 4, 255, 132, 128, 117]
1542799063862;[171, 0, 17, 255, 161, 74, 235, 53, 35, 0, 0, 20, 1, 1, 13, 1, 0, 6, 9, 99]
1542799063867;[171, 0, 17, 255, 161, 74, 235, 53, 35, 1, 0, 137, 1, 1, 169, 1, 0, 82, 10, 79]
1542799063868;[171, 0, 17, 255, 161, 74, 235, 53, 35, 0, 1, 8, 1, 0, 110, 1, 0, 94, 10, 146]
1542799063878;[171, 0, 17, 255, 161, 74, 235, 53, 35, 0, 0, 31, 1, 0, 139, 1, 0, 37, 10, 147]
1542799063887;[171, 0, 17, 255, 161, 74, 235, 53, 35, 0, 0, 135, 1, 1, 191, 0, 0, 2, 10, 143]
1542799063888;[171, 0, 17, 255, 161, 74, 235, 53, 35, 1, 0, 187, 1, 1, 207, 0, 0, 153, 10, 236]
1542799063936;[171, 0, 17, 255, 161, 74, 235, 53, 35, 0, 0, 109, 1, 1, 9, 1, 0, 131, 11, 59]
1542799063937;[171, 0, 17, 255, 161, 74, 235, 53, 36, 1, 0, 7, 1, 0, 253, 1, 0, 62, 11, 131]
1542799063938;[171, 0, 17, 255, 161, 74, 235, 53, 36, 0, 0, 21, 1, 0, 254, 1, 0, 15, 12, 16]
1542799063940;[171, 0, 17, 255, 161, 74, 235, 53, 36, 1, 0, 112, 1, 1, 107, 1, 0, 16, 12, 159]
1542799063966;[171, 0, 4, 255, 132, 128, 117]
1542799063988;[171, 0, 17, 255, 161, 74, 235, 53, 36, 0, 0, 13, 1, 1, 5, 1, 0, 71, 12, 244]
1542799063989;[171, 0, 17, 255, 161, 74, 235, 53, 36, 1, 0, 4, 1, 0, 65, 1, 0, 40, 12, 141]
1542799063990;[171, 0, 17, 255, 161, 74, 235, 53, 36, 0, 0, 82, 1, 1, 98, 0, 0, 25, 12, 130]
1542799064833;[171, 0, 17, 255, 161, 74, 235, 53, 36, 0, 1, 94, 1, 0, 133, 0, 0, 8, 12, 41]
1542799064836;[171, 0, 17, 255, 161, 74, 235, 53, 36, 1, 0, 22, 1, 1, 16, 1, 0, 65, 12, 110]
1542799065177;[171, 0, 17, 255, 161, 74, 235, 53, 36, 0, 0, 12, 1, 0, 216, 1, 0, 41, 12, 59]
1542799065180;[171, 0, 17, 255, 161, 74, 235, 53, 36, 1, 0, 21, 1, 0, 197, 1, 0, 16, 12, 117]
1542799065184;[171, 0, 17, 255, 161, 74, 235, 53, 37, 0, 0, 16, 1, 1, 22, 1, 0, 31, 12, 111]
1542799065187;[171, 0, 17, 255, 161, 74, 235, 53, 37, 1, 0, 100, 1, 1, 121, 1, 0, 33, 13, 0]
1542799065350;[171, 0, 17, 255, 161, 74, 235, 53, 37, 0, 0, 241, 1, 0, 115, 1, 0, 77, 12, 178]
1542799065354;[171, 0, 4, 255, 132, 128, 117]
1542799065380;[171, 0, 17, 255, 161, 74, 235, 53, 37, 0, 0, 28, 1, 0, 122, 1, 0, 65, 12, 57]
1542799065525;[171, 0, 17, 255, 161, 74, 235, 53, 37, 0, 0, 75, 1, 1, 183, 1, 0, 40, 12, 62]
1542799065534;[171, 0, 17, 255, 161, 74, 235, 53, 37, 0, 1, 74, 1, 0, 86, 1, 0, 41, 11, 196]
1542799065536;[171, 0, 17, 255, 161, 74, 235, 53, 37, 0, 0, 83, 1, 0, 130, 0, 1, 100, 12, 10]
1542799065538;[171, 0, 17, 255, 161, 74, 235, 53, 37, 1, 0, 16, 1, 1, 21, 1, 0, 38, 12, 56]
1542799066043;[171, 0, 17, 255, 161, 74, 235, 53, 37, 0, 0, 18, 1, 0, 233, 1, 0, 42, 12, 145]
1542799066047;[171, 0, 17, 255, 161, 74, 235, 53, 37, 0, 0, 39, 1, 0, 250, 1, 0, 10, 13, 91]
1542799066051;[171, 0, 17, 255, 161, 74, 235, 53, 38, 1, 0, 87, 1, 1, 64, 1, 0, 47, 14, 108]
1542799066055;[171, 0, 17, 255, 161, 74, 235, 53, 38, 0, 0, 10, 1, 1, 78, 1, 0, 76, 14, 118]
1542799066214;[171, 0, 17, 255, 161, 74, 235, 53, 38, 1, 0, 50, 1, 0, 71, 1, 0, 30, 13, 88]
1542799066220;[171, 0, 4, 255, 132, 128, 117]
1542799066223;[171, 0, 17, 255, 161, 74, 235, 53, 38, 0, 0, 53, 1, 1, 64, 1, 0, 9, 13, 15]
1542799066246;[171, 0, 17, 255, 161, 74, 235, 53, 38, 0, 1, 136, 1, 0, 65, 0, 0, 62, 12, 192]
1542799066734;[171, 0, 17, 255, 161, 74, 235, 53, 38, 0, 0, 70, 1, 0, 153, 0, 0, 193, 12, 252]
1542799066736;[171, 0, 17, 255, 161, 74, 235, 53, 38, 1, 0, 5, 1, 1, 15, 1, 0, 66, 13, 56]
1542799066740;[171, 0, 17, 255, 161, 74, 235, 53, 38, 1, 0, 98, 1, 1, 55, 1, 0, 165, 12, 88]
1542799066744;[171, 0, 17, 255, 161, 74, 235, 53, 38, 1, 0, 93, 1, 1, 65, 1, 0, 20, 13, 0]
1542799066904;[171, 0, 17, 255, 161, 74, 235, 53, 38, 1, 0, 59, 1, 2, 6, 1, 0, 171, 13, 55]
1542799066907;[171, 0, 17, 255, 161, 74, 235, 53, 39, 1, 0, 49, 1, 0, 91, 1, 0, 54, 12, 200]
1542799066910;[171, 0, 17, 255, 161, 74, 235, 53, 39, 0, 0, 119, 1, 1, 133, 0, 0, 1, 12, 240]
1542799067247;[171, 0, 17, 255, 161, 74, 235, 53, 39, 0, 1, 109, 1, 0, 195, 0, 0, 89, 12, 114]
1542799067250;[171, 0, 4, 255, 132, 128, 117]
1542799067273;[171, 0, 17, 255, 161, 74, 235, 53, 39, 1, 0, 1, 1, 0, 227, 0, 0, 5, 12, 7]
1542799067593;[171, 0, 17, 255, 161, 74, 235, 53, 39, 0, 0, 5, 1, 0, 252, 1, 0, 59, 12, 135]
1542799067597;[171, 0, 17, 255, 161, 74, 235, 53, 39, 1, 0, 25, 1, 1, 7, 1, 0, 84, 13, 73]
1542799067938;[171, 0, 17, 255, 161, 74, 235, 53, 39, 1, 0, 89, 1, 1, 103, 0, 0, 4, 14, 12]
1542799067942;[171, 0, 17, 255, 161, 74, 235, 53, 39, 0, 0, 111, 1, 1, 151, 1, 0, 142, 13, 164]
1542799067945;[171, 0, 17, 255, 161, 74, 235, 53, 39, 1, 0, 70, 1, 0, 24, 1, 0, 27, 12, 34]
1542799067949;[171, 0, 17, 255, 161, 74, 235, 53, 39, 0, 0, 68, 1, 1, 22, 1, 0, 8, 11, 201]
1542799068629;[171, 0, 17, 255, 161, 74, 235, 53, 40, 0, 1, 153, 1, 0, 170, 0, 0, 29, 11, 10]
1542799068632;[171, 0, 17, 255, 161, 74, 235, 53, 40, 1, 0, 101, 1, 0, 236, 0, 0, 219, 11, 17]
1542799068636;[171, 0, 17, 255, 161, 74, 235, 53, 40, 0, 0, 18, 1, 0, 241, 1, 0, 54, 10, 92]
1542799068640;[171, 0, 4, 255, 132, 128, 116]
1542799068802;[171, 0, 17, 255, 161, 74, 235, 53, 40, 1, 0, 134, 1, 1, 41, 1, 0, 118, 7, 21]
1542799068806;[171, 0, 17, 255, 161, 74, 235, 53, 40, 1, 0, 23, 1, 1, 60, 1, 0, 51, 7, 99]
1542799068810;[171, 0, 17, 255, 161, 74, 235, 53, 40, 1, 0, 122, 1, 1, 163, 1, 0, 81, 8, 26]
1542799068814;[171, 0, 17, 255, 161, 74, 235, 53, 40, 0, 0, 62, 1, 0, 185, 1, 0, 105, 8, 164]
1542799069145;[171, 0, 17, 255, 161, 74, 235, 53, 40, 0, 0, 8, 1, 0, 135, 0, 0, 26, 8, 179]
1542799069149;[171, 0, 17, 255, 161, 74, 235, 53, 40, 0, 1, 46, 1, 2, 85, 1, 0, 155, 8, 7]
1542799069152;[171, 0, 17, 255, 161, 74, 235, 53, 40, 1, 2, 3, 1, 1, 3, 0, 0, 203, 8, 81]
1542799069155;[171, 0, 17, 255, 161, 74, 235, 53, 41, 0, 0, 143, 1, 1, 48, 0, 0, 7, 7, 198]
1542799069491;[171, 0, 17, 255, 161, 74, 235, 53, 41, 1, 0, 31, 1, 0, 230, 1, 0, 69, 8, 5]
1542799069495;[171, 0, 17, 255, 161, 74, 235, 53, 41, 0, 0, 26, 1, 1, 19, 1, 0, 34, 8, 52]
1542799069499;[171, 0, 4, 255, 132, 128, 116]
1542799070009;[171, 0, 17, 255, 161, 74, 235, 53, 41, 1, 0, 195, 1, 1, 190, 1, 0, 56, 8, 180]
1542799070012;[171, 0, 17, 255, 161, 74, 235, 53, 41, 0, 0, 144, 1, 0, 119, 1, 0, 157, 8, 41]
1542799070016;[171, 0, 17, 255, 161, 74, 235, 53, 41, 1, 0, 11, 1, 0, 105, 1, 0, 87, 7, 167]
1542799070022;[171, 0, 17, 255, 161, 74, 235, 53, 41, 0, 0, 93, 1, 2, 33, 0, 0, 5, 8, 9]
1542799070525;[171, 0, 17, 255, 161, 74, 235, 53, 41, 1, 0, 69, 1, 1, 101, 0, 0, 97, 7, 233]
1542799070698;[171, 0, 17, 255, 161, 74, 235, 53, 41, 0, 0, 130, 1, 1, 57, 1, 0, 194, 7, 135]
1542799070702;[171, 0, 17, 255, 161, 74, 235, 53, 41, 0, 0, 19, 1, 0, 237, 1, 0, 63, 6, 160]
1542799070707;[171, 0, 17, 255, 161, 74, 235, 53, 42, 0, 0, 30, 1, 1, 7, 1, 0, 73, 5, 196]
1542799071742;[171, 0, 17, 255, 161, 74, 235, 53, 42, 1, 0, 62, 1, 1, 86, 1, 0, 48, 6, 82]
1542799071906;[171, 0, 17, 255, 161, 74, 235, 53, 42, 0, 0, 76, 1, 1, 238, 1, 0, 117, 6, 181]
1542799071909;[171, 0, 4, 255, 132, 128, 114]
1542799071934;[171, 0, 17, 255, 161, 74, 235, 53, 42, 1, 0, 146, 1, 0, 112, 0, 0, 48, 5, 227]
1542799071935;[171, 0, 17, 255, 161, 74, 235, 53, 42, 0, 0, 19, 1, 0, 191, 1, 0, 8, 5, 245]
1542799072424;[171, 0, 17, 255, 161, 74, 235, 53, 42, 0, 0, 217, 1, 2, 124, 1, 0, 4, 5, 197]
1542799072428;[171, 0, 17, 255, 161, 74, 235, 53, 42, 0, 2, 32, 1, 2, 70, 0, 0, 67, 6, 81]
1542799072432;[171, 0, 17, 255, 161, 74, 235, 53, 42, 0, 0, 42, 1, 1, 17, 0, 0, 12, 5, 222]
1542799072436;[171, 0, 17, 255, 161, 74, 235, 53, 45, 0, 1, 31, 1, 2, 61, 1, 0, 13, 5, 214]
1542799073121;[171, 0, 17, 255, 161, 74, 235, 53, 45, 0, 0, 11, 1, 1, 156, 0, 0, 29, 5, 134]
1542799073122;[171, 0, 17, 255, 161, 74, 235, 53, 45, 1, 0, 11, 1, 0, 141, 1, 0, 10, 5, 133]
1542799073281;[171, 0, 4, 255, 132, 128, 111]
1542799073304;[171, 0, 17, 255, 161, 74, 235, 53, 45, 1, 0, 11, 1, 0, 214, 1, 0, 44, 5, 52]
1542799073305;[171, 0, 17, 255, 161, 74, 235, 53, 45, 0, 0, 7, 1, 0, 248, 1, 0, 59, 5, 110]
1542799073306;[171, 0, 17, 255, 161, 74, 235, 53, 45, 1, 0, 69, 1, 1, 133, 1, 0, 27, 5, 208]
1542799073804;[171, 0, 17, 255, 161, 74, 235, 53, 45, 1, 0, 12, 1, 1, 111, 1, 0, 193, 5, 246]
1542799073807;[171, 0, 17, 255, 161, 74, 235, 53, 45, 1, 0, 30, 1, 0, 68, 1, 0, 25, 5, 177]
1542799073812;[171, 0, 17, 255, 161, 74, 235, 53, 45, 0, 0, 56, 1, 1, 90, 1, 0, 38, 5, 233]
1542799073815;[171, 0, 17, 255, 161, 74, 235, 53, 45, 0, 2, 3, 1, 0, 130, 1, 0, 1, 5, 149]
1542799074668;[171, 0, 17, 255, 161, 74, 235, 53, 46, 0, 0, 56, 1, 0, 189, 0, 0, 152, 6, 7]
1542799074670;[171, 0, 17, 255, 161, 74, 235, 53, 46, 1, 0, 17, 1, 0, 230, 1, 0, 15, 5, 250]
1542799074674;[171, 0, 17, 255, 161, 74, 235, 53, 46, 1, 0, 163, 1, 1, 1, 0, 0, 5, 5, 187]
1542799075528;[171, 0, 4, 255, 132, 128, 110]
1542799075552;[171, 0, 17, 255, 161, 74, 235, 53, 46, 1, 0, 8, 1, 1, 58, 1, 0, 36, 5, 135]
1542799075554;[171, 0, 17, 255, 161, 74, 235, 53, 46, 1, 0, 129, 1, 1, 157, 1, 0, 39, 5, 244]
1542799075555;[171, 0, 17, 255, 161, 74, 235, 53, 46, 0, 1, 51, 1, 0, 118, 1, 0, 136, 6, 46]
1542799075702;[171, 0, 17, 255, 161, 74, 235, 53, 46, 0, 0, 51, 1, 0, 147, 1, 0, 34, 6, 101]
1542799075705;[171, 0, 17, 255, 161, 74, 235, 53, 46, 0, 1, 105, 1, 2, 6, 1, 0, 80, 6, 171]
1542799075709;[171, 0, 17, 255, 161, 74, 235, 53, 46, 1, 2, 137, 1, 1, 186, 0, 0, 76, 7, 43]
1542799075713;[171, 0, 17, 255, 161, 74, 235, 53, 46, 0, 0, 98, 1, 1, 18, 1, 0, 39, 6, 177]
1542799075872;[171, 0, 17, 255, 161, 74, 235, 53, 47, 1, 0, 165, 1, 1, 62, 1, 0, 68, 7, 9]
1542799075878;[171, 0, 17, 255, 161, 74, 235, 53, 47, 0, 0, 13, 1, 0, 233, 1, 0, 30, 7, 138]
1542799076218;[171, 0, 17, 255, 161, 74, 235, 53, 47, 1, 1, 58, 1, 1, 161, 1, 0, 54, 8, 206]
1542799076221;[171, 0, 4, 255, 132, 128, 110]
1542799076391;[171, 0, 17, 255, 161, 74, 235, 53, 47, 0, 1, 25, 1, 0, 145, 1, 0, 145, 8, 116]
1542799076395;[171, 0, 17, 255, 161, 74, 235, 53, 47, 0, 0, 8, 1, 0, 148, 1, 0, 24, 8, 173]
1542799076399;[171, 0, 17, 255, 161, 74, 235, 53, 47, 0, 1, 62, 1, 2, 67, 1, 0, 33, 9, 6]
1542799076403;[171, 0, 17, 255, 161, 74, 235, 53, 47, 1, 0, 77, 1, 1, 68, 0, 0, 245, 9, 134]
1542799076907;[171, 0, 17, 255, 161, 74, 235, 53, 47, 0, 0, 96, 1, 1, 5, 0, 0, 2, 9, 138]
1542799077088;[171, 0, 17, 255, 161, 74, 235, 53, 47, 1, 1, 64, 1, 1, 63, 1, 0, 45, 10, 83]
1542799077090;[171, 0, 17, 255, 161, 74, 235, 53, 47, 0, 0, 30, 1, 1, 5, 0, 0, 6, 10, 251]
1542799077095;[171, 0, 17, 255, 161, 74, 235, 53, 48, 1, 0, 135, 1, 1, 124, 1, 0, 105, 11, 166]
1542799077097;[171, 0, 17, 255, 161, 74, 235, 53, 48, 1, 0, 30, 1, 0, 238, 1, 0, 146, 11, 234]
1542799077770;[171, 0, 17, 255, 161, 74, 235, 53, 50, 1, 0, 42, 1, 1, 18, 1, 0, 51, 10, 169]
1542799077775;[171, 0, 17, 255, 161, 74, 235, 53, 50, 0, 0, 23, 1, 1, 2, 1, 0, 21, 11, 22]
1542799077779;[171, 0, 17, 255, 161, 74, 235, 53, 50, 1, 0, 130, 1, 1, 134, 1, 0, 25, 11, 138]
1542799077783;[171, 0, 17, 255, 161, 74, 235, 53, 50, 1, 0, 24, 1, 0, 173, 1, 0, 106, 11, 102]
1542799077944;[171, 0, 17, 255, 161, 74, 235, 53, 50, 0, 0, 11, 1, 0, 126, 1, 0, 64, 10, 198]
1542799077948;[171, 0, 17, 255, 161, 74, 235, 53, 50, 1, 0, 27, 1, 0, 248, 0, 1, 30, 10, 99]
1542799077952;[171, 0, 17, 255, 161, 74, 235, 53, 50, 0, 1, 180, 1, 0, 98, 0, 0, 77, 9, 75]
1542799077956;[171, 0, 17, 255, 161, 74, 235, 53, 51, 1, 0, 17, 1, 0, 214, 1, 1, 58, 9, 38]
1542799078290;[171, 0, 17, 255, 161, 74, 235, 53, 51, 1, 0, 8, 1, 0, 253, 1, 0, 12, 8, 143]
1542799078294;[171, 0, 17, 255, 161, 74, 235, 53, 51, 1, 1, 44, 1, 0, 101, 0, 0, 50, 6, 202]
1542799078296;[171, 0, 4, 255, 132, 128, 110]
1542799078320;[171, 0, 17, 255, 161, 74, 235, 53, 51, 0, 0, 1, 1, 1, 10, 1, 0, 17, 7, 75]
1542799078980;[171, 0, 17, 255, 161, 74, 235, 53, 51, 1, 0, 104, 1, 1, 135, 1, 0, 107, 7, 100]
1542799078984;[171, 0, 17, 255, 161, 74, 235, 53, 51, 0, 0, 143, 1, 0, 179, 1, 0, 127, 7, 106]
1542799078987;[171, 0, 17, 255, 161, 74, 235, 53, 51, 0, 0, 36, 1, 0, 134, 1, 0, 18, 6, 238]
1542799078992;[171, 0, 17, 255, 161, 74, 235, 53, 51, 0, 0, 130, 1, 1, 240, 1, 0, 72, 6, 255]
1542799080013;[171, 0, 17, 255, 161, 74, 235, 53, 51, 1, 0, 2, 1, 2, 149, 0, 0, 186, 7, 107]
1542799080017;[171, 0, 17, 255, 161, 74, 235, 53, 51, 0, 0, 71, 1, 1, 6, 1, 0, 42, 6, 232]
1542799080186;[171, 0, 17, 255, 161, 74, 235, 53, 52, 1, 0, 76, 1, 1, 31, 0, 0, 0, 7, 35]
1542799080189;[171, 0, 17, 255, 161, 74, 235, 53, 52, 0, 0, 32, 1, 0, 247, 1, 0, 21, 7, 192]
1542799080192;[171, 0, 17, 255, 161, 74, 235, 53, 52, 1, 0, 120, 1, 1, 74, 1, 0, 109, 8, 125]
1542799080195;[171, 0, 4, 255, 132, 128, 110]
1542799080532;[171, 0, 17, 255, 161, 74, 235, 53, 52, 1, 0, 63, 1, 0, 251, 1, 0, 136, 8, 179]
1542799080536;[171, 0, 17, 255, 161, 74, 235, 53, 52, 1, 0, 7, 1, 0, 126, 1, 0, 52, 7, 106]
1542799080540;[171, 0, 17, 255, 161, 74, 235, 53, 52, 1, 0, 73, 1, 1, 10, 0, 0, 218, 7, 127]
1542799080543;[171, 0, 17, 255, 161, 74, 235, 53, 52, 0, 1, 158, 1, 0, 130, 0, 0, 7, 6, 111]
1542799080703;[171, 0, 17, 255, 161, 74, 235, 53, 52, 0, 0, 123, 1, 0, 44, 0, 0, 194, 6, 99]
1542799080707;[171, 0, 17, 255, 161, 74, 235, 53, 52, 0, 0, 28, 1, 1, 11, 1, 0, 69, 5, 228]
1542799080711;[171, 0, 17, 255, 161, 74, 235, 53, 52, 1, 1, 101, 1, 0, 191, 1, 0, 5, 5, 228]
1542799080716;[171, 0, 17, 255, 161, 74, 235, 53, 53, 0, 0, 12, 1, 1, 7, 1, 0, 26, 5, 228]
1542799081051;[171, 0, 17, 255, 161, 74, 235, 53, 53, 1, 0, 139, 1, 1, 45, 1, 0, 36, 6, 93]
1542799081053;[171, 0, 17, 255, 161, 74, 235, 53, 53, 0, 0, 209, 1, 0, 228, 1, 0, 120, 6, 225]
1542799081056;[171, 0, 4, 255, 132, 128, 110]
1542799081082;[171, 0, 17, 255, 161, 74, 235, 53, 53, 0, 0, 56, 1, 0, 169, 1, 0, 11, 7, 66]
1542799081566;[171, 0, 17, 255, 161, 74, 235, 53, 53, 0, 0, 22, 1, 1, 51, 0, 0, 48, 7, 77]
1542799081570;[171, 0, 17, 255, 161, 74, 235, 53, 53, 0, 1, 163, 1, 0, 206, 0, 0, 57, 7, 15]
1542799081578;[171, 0, 17, 255, 161, 74, 235, 53, 53, 0, 1, 155, 1, 0, 225, 0, 0, 36, 7, 116]
1542799081580;[171, 0, 17, 255, 161, 74, 235, 53, 53, 0, 0, 28, 1, 0, 228, 1, 0, 7, 7, 92]
1542799082600;[171, 0, 17, 255, 161, 74, 235, 53, 53, 1, 0, 41, 1, 0, 235, 1, 0, 37, 6, 236]
1542799082773;[171, 0, 17, 255, 161, 74, 235, 53, 53, 1, 0, 7, 1, 0, 252, 1, 0, 44, 6, 244]
1542799082777;[171, 0, 17, 255, 161, 74, 235, 53, 54, 1, 0, 59, 1, 1, 132, 1, 0, 37, 7, 125]
1542799082781;[171, 0, 17, 255, 161, 74, 235, 53, 54, 1, 0, 5, 1, 1, 28, 1, 0, 134, 8, 85]
1542799082786;[171, 0, 17, 255, 161, 74, 235, 53, 54, 1, 0, 12, 1, 0, 80, 1, 0, 59, 7, 201]
1542799082946;[171, 0, 4, 255, 132, 128, 110]
1542799082970;[171, 0, 17, 255, 161, 74, 235, 53, 54, 0, 0, 9, 1, 1, 38, 1, 0, 7, 7, 163]
1542799082972;[171, 0, 17, 255, 161, 74, 235, 53, 54, 0, 1, 127, 1, 0, 45, 0, 0, 100, 7, 89]
1542799082973;[171, 0, 17, 255, 161, 74, 235, 53, 54, 0, 2, 62, 1, 1, 43, 0, 0, 148, 7, 220]
1542799083120;[171, 0, 17, 255, 161, 74, 235, 53, 54, 0, 0, 10, 1, 1, 10, 1, 0, 46, 7, 175]
1542799083290;[171, 0, 17, 255, 161, 74, 235, 53, 54, 1, 0, 16, 1, 0, 255, 1, 0, 53, 8, 0]
1542799083294;[171, 0, 17, 255, 161, 74, 235, 53, 54, 0, 0, 11, 1, 0, 253, 1, 0, 27, 8, 117]
1542799083297;[171, 0, 17, 255, 161, 74, 235, 53, 54, 1, 0, 105, 1, 1, 78, 1, 0, 25, 8, 247]
1542799083303;[171, 0, 17, 255, 161, 74, 235, 53, 55, 0, 0, 13, 1, 1, 31, 1, 0, 39, 9, 79]
1542799083462;[171, 0, 17, 255, 161, 74, 235, 53, 55, 1, 0, 12, 1, 0, 65, 1, 0, 24, 8, 164]
1542799083980;[171, 0, 17, 255, 161, 74, 235, 53, 55, 0, 0, 14, 1, 1, 45, 0, 0, 27, 8, 171]
1542799083983;[171, 0, 4, 255, 132, 128, 110]
1542799084325;[171, 0, 17, 255, 161, 74, 235, 53, 55, 0, 1, 168, 1, 0, 127, 1, 0, 21, 8, 70]
1542799084328;[171, 0, 17, 255, 161, 74, 235, 53, 55, 1, 0, 175, 1, 0, 221, 1, 0, 175, 8, 40]
1542799084331;[171, 0, 17, 255, 161, 74, 235, 53, 55, 1, 0, 24, 1, 0, 247, 1, 0, 11, 8, 147]
1542799084496;[171, 0, 17, 255, 161, 74, 235, 53, 55, 1, 0, 102, 1, 1, 20, 1, 0, 19, 8, 241]
1542799084671;[171, 0, 17, 255, 161, 74, 235, 53, 55, 1, 0, 15, 1, 1, 47, 1, 0, 15, 9, 103]
1542799084674;[171, 0, 17, 255, 161, 74, 235, 53, 55, 0, 0, 44, 1, 1, 138, 1, 0, 50, 9, 103]
1542799084677;[171, 0, 17, 255, 161, 74, 235, 53, 55, 0, 0, 252, 1, 0, 132, 1, 0, 105, 8, 255]
1542799084681;[171, 0, 17, 255, 161, 74, 235, 53, 56, 0, 0, 58, 1, 0, 115, 1, 0, 11, 8, 209]
1542799085361;[171, 0, 17, 255, 161, 74, 235, 53, 56, 0, 0, 25, 1, 2, 117, 1, 0, 62, 8, 238]
1542799085366;[171, 0, 17, 255, 161, 74, 235, 53, 56, 0, 1, 8, 1, 1, 49, 0, 0, 69, 8, 173]
1542799085369;[171, 0, 4, 255, 132, 128, 110]
1542799085877;[171, 0, 17, 255, 161, 74, 235, 53, 56, 0, 0, 153, 1, 1, 56, 1, 0, 101, 9, 6]
1542799086050;[171, 0, 17, 255, 161, 74, 235, 53, 56, 1, 0, 14, 1, 1, 10, 1, 0, 18, 9, 22]
1542799086054;[171, 0, 17, 255, 161, 74, 235, 53, 56, 0, 0, 9, 1, 1, 3, 1, 0, 41, 8, 220]
1542799086937;[171, 0, 17, 255, 161, 74, 235, 53, 56, 1, 0, 36, 1, 1, 41, 0, 0, 5, 9, 165]
1542799086939;[171, 0, 17, 255, 161, 74, 235, 53, 56, 0, 0, 163, 1, 2, 35, 1, 0, 180, 10, 44]
1542799088636;[171, 0, 17, 255, 161, 74, 235, 53, 56, 1, 0, 120, 1, 0, 65, 1, 0, 10, 9, 87]
1542799089327;[171, 0, 17, 255, 161, 74, 235, 53, 56, 0, 0, 52, 1, 0, 208, 0, 0, 21, 9, 133]
1542799089330;[171, 0, 17, 255, 161, 74, 235, 53, 59, 0, 0, 72, 1, 0, 180, 1, 0, 31, 10, 118]
1542799089334;[171, 0, 4, 255, 132, 128, 110]
1542799089360;[171, 0, 17, 255, 161, 74, 235, 53, 59, 0, 0, 127, 1, 2, 42, 1, 0, 13, 10, 113]
1542799089672;[171, 0, 17, 255, 161, 74, 235, 53, 59, 1, 0, 117, 1, 0, 250, 1, 0, 38, 10, 156]
1542799091744;[171, 0, 17, 255, 161, 74, 235, 53, 59, 1, 0, 92, 1, 0, 174, 0, 0, 7, 10, 117]
1542799092261;[171, 0, 17, 255, 161, 74, 235, 53, 59, 1, 0, 11, 1, 0, 227, 1, 0, 42, 10, 45]
1542799092265;[171, 0, 17, 255, 161, 74, 235, 53, 65, 0, 0, 241, 1, 0, 189, 0, 0, 58, 12, 148]
1542799092270;[171, 0, 17, 255, 161, 74, 235, 53, 66, 1, 0, 54, 1, 0, 121, 0, 0, 168, 12, 193]
1542799092275;[171, 0, 17, 255, 161, 74, 235, 53, 66, 0, 0, 11, 1, 1, 20, 1, 0, 51, 13, 21]
1542799093467;[171, 0, 17, 255, 161, 74, 235, 53, 66, 0, 0, 32, 1, 0, 244, 1, 0, 151, 13, 118]
1542799093471;[171, 0, 4, 255, 132, 128, 110]
1542799095538;[171, 0, 17, 255, 161, 74, 235, 53, 66, 1, 0, 95, 1, 1, 63, 1, 0, 27, 14, 75]
1542799095542;[171, 0, 17, 255, 161, 74, 235, 53, 68, 0, 0, 125, 1, 0, 1, 0, 0, 216, 9, 25]
1542799095546;[171, 0, 17, 255, 161, 74, 235, 53, 68, 0, 0, 3, 1, 0, 219, 1, 0, 23, 8, 255]
1542799099337;[171, 0, 17, 255, 161, 74, 235, 53, 68, 1, 0, 23, 1, 1, 3, 0, 0, 53, 6, 166]
1542799099338;[171, 0, 17, 255, 161, 74, 235, 53, 68, 1, 0, 48, 1, 1, 55, 1, 0, 22, 7, 59]
1542799099341;[171, 0, 17, 255, 161, 74, 235, 53, 69, 1, 0, 84, 1, 1, 102, 1, 0, 44, 7, 169]
1542799099345;[171, 0, 17, 255, 161, 74, 235, 53, 69, 0, 0, 187, 1, 0, 103, 1, 0, 92, 7, 201]
1542799099504;[171, 0, 17, 255, 161, 74, 235, 53, 71, 0, 0, 25, 1, 1, 22, 1, 0, 103, 5, 148]
1542799099508;[171, 0, 17, 255, 161, 74, 235, 53, 71, 0, 0, 35, 1, 0, 254, 1, 0, 56, 4, 212]
1542799099511;[171, 0, 17, 255, 161, 74, 235, 53, 71, 0, 0, 17, 1, 1, 7, 1, 0, 19, 4, 200]
1542799099514;[171, 0, 17, 255, 161, 74, 235, 53, 76, 0, 1, 24, 1, 1, 137, 1, 0, 45, 10, 170]
1542799100540;[171, 0, 17, 255, 161, 74, 235, 53, 76, 1, 0, 146, 1, 1, 238, 0, 0, 117, 9, 252]
1542799101408;[171, 0, 17, 255, 161, 74, 235, 53, 76, 0, 0, 72, 1, 1, 1, 1, 0, 11, 10, 42]
1542799101410;[171, 0, 4, 255, 132, 128, 96]
1542799101922;[171, 0, 17, 255, 161, 74, 235, 53, 76, 1, 1, 108, 1, 1, 102, 1, 0, 80, 10, 185]
1542799102095;[171, 0, 17, 255, 161, 74, 235, 53, 76, 0, 0, 2, 1, 0, 249, 1, 0, 13, 10, 223]
1542799102098;[171, 0, 17, 255, 161, 74, 235, 53, 76, 1, 0, 206, 1, 1, 158, 1, 0, 74, 11, 64]
1542799102101;[171, 0, 17, 255, 161, 74, 235, 53, 76, 0, 2, 27, 1, 0, 104, 1, 0, 110, 11, 4]
1542799102105;[171, 0, 17, 255, 161, 74, 235, 53, 76, 1, 0, 3, 1, 0, 135, 1, 0, 15, 10, 97]
1542799102784;[171, 0, 17, 255, 161, 74, 235, 53, 76, 0, 0, 251, 1, 2, 42, 0, 0, 12, 10, 226]
1542799102788;[171, 0, 17, 255, 161, 74, 235, 53, 76, 1, 2, 98, 1, 1, 90, 0, 0, 162, 10, 92]
1542799102792;[171, 0, 17, 255, 161, 74, 235, 53, 79, 0, 0, 53, 1, 0, 171, 0, 0, 12, 6, 109]
1542799102795;[171, 0, 4, 255, 132, 128, 94]
1542799103646;[171, 0, 17, 255, 161, 74, 235, 53, 79, 0, 1, 49, 1, 2, 114, 1, 0, 80, 6, 93]
1542799103650;[171, 0, 17, 255, 161, 74, 235, 53, 79, 1, 0, 248, 1, 1, 25, 0, 0, 230, 6, 66]
1542799103654;[171, 0, 17, 255, 161, 74, 235, 53, 79, 0, 0, 25, 1, 1, 11, 1, 0, 29, 5, 184]
1542799103659;[171, 0, 17, 255, 161, 74, 235, 53, 79, 1, 1, 16, 1, 0, 124, 1, 0, 92, 5, 157]
1542799104678;[171, 0, 17, 255, 161, 74, 235, 53, 79, 1, 0, 28, 1, 1, 11, 1, 0, 43, 5, 245]
1542799105370;[171, 0, 17, 255, 161, 74, 235, 53, 79, 1, 0, 195, 1, 1, 61, 1, 0, 35, 6, 52]
1542799105373;[171, 0, 17, 255, 161, 74, 235, 53, 79, 0, 3, 6, 1, 0, 192, 1, 0, 196, 5, 23]
1542799105376;[171, 0, 17, 255, 161, 74, 235, 53, 80, 1, 0, 6, 1, 0, 182, 1, 0, 20, 4, 197]
1542799105380;[171, 0, 17, 255, 161, 74, 235, 53, 80, 0, 0, 169, 1, 1, 143, 1, 0, 200, 4, 144]
1542799105887;[171, 0, 17, 255, 161, 74, 235, 53, 80, 0, 1, 209, 1, 1, 2, 1, 0, 59, 4, 226]
1542799106576;[171, 0, 4, 255, 132, 128, 94]
1542799107266;[171, 0, 17, 255, 161, 74, 235, 53, 80, 0, 0, 151, 1, 1, 41, 1, 0, 161, 4, 182]
1542799108302;[171, 0, 17, 255, 161, 74, 235, 53, 80, 1, 0, 75, 1, 0, 232, 1, 0, 108, 4, 239]
1542799108476;[171, 0, 17, 255, 161, 74, 235, 53, 82, 0, 0, 22, 1, 1, 69, 0, 0, 82, 9, 196]
1542799108480;[171, 0, 17, 255, 161, 74, 235, 53, 82, 0, 1, 37, 1, 0, 90, 1, 0, 10, 9, 21]
1542799108484;[171, 0, 17, 255, 161, 74, 235, 53, 82, 1, 0, 200, 1, 2, 227, 1, 0, 72, 9, 82]
1542799108488;[171, 0, 17, 255, 161, 74, 235, 53, 83, 1, 0, 13, 1, 1, 13, 1, 0, 61, 9, 163]
1542799109854;[171, 0, 17, 255, 161, 74, 235, 53, 83, 1, 0, 22, 1, 1, 5, 1, 0, 23, 10, 8]
1542799110027;[171, 0, 17, 255, 161, 74, 235, 53, 83, 1, 0, 21, 1, 1, 32, 1, 0, 7, 10, 105]
1542799110890;[171, 0, 17, 255, 161, 74, 235, 53, 85, 0, 2, 246, 1, 0, 202, 0, 0, 38, 8, 152]
1542799110894;[171, 0, 17, 255, 161, 74, 235, 53, 85, 1, 0, 35, 1, 0, 254, 1, 0, 50, 8, 121]
1542799112272;[171, 0, 17, 255, 161, 74, 235, 53, 85, 1, 0, 44, 1, 0, 233, 1, 0, 30, 8, 101]
1542799112276;[171, 0, 17, 255, 161, 74, 235, 53, 85, 1, 0, 1, 1, 0, 250, 1, 0, 20, 8, 80]
1542799112279;[171, 0, 17, 255, 161, 74, 235, 53, 85, 1, 0, 2, 1, 1, 56, 0, 0, 2, 8, 153]
1542799112282;[171, 0, 17, 255, 161, 74, 235, 53, 85, 0, 0, 7, 1, 1, 120, 1, 0, 102, 8, 238]
1542799114858;[171, 0, 17, 255, 161, 74, 235, 53, 86, 0, 0, 20, 1, 0, 176, 0, 0, 58, 8, 114]
1542799114864;[171, 0, 4, 255, 132, 128, 124]
1542799114892;[171, 0, 17, 255, 161, 74, 235, 53, 88, 0, 0, 65, 1, 1, 23, 1, 0, 27, 5, 132]
1542799114894;[171, 0, 17, 255, 161, 74, 235, 53, 88, 1, 0, 197, 1, 1, 176, 1, 0, 67, 5, 204]
1542799115894;[171, 0, 17, 255, 161, 74, 235, 53, 88, 0, 1, 152, 1, 0, 199, 1, 0, 211, 5, 177]
1542799115898;[171, 0, 17, 255, 161, 74, 235, 53, 88, 1, 0, 30, 1, 0, 128, 1, 0, 55, 5, 127]
1542799115902;[171, 0, 17, 255, 161, 74, 235, 53, 88, 0, 1, 0, 1, 2, 60, 1, 0, 29, 5, 228]
1542799115906;[171, 0, 17, 255, 161, 74, 235, 53, 88, 1, 2, 212, 1, 2, 107, 0, 0, 150, 5, 126]
1542799117964;[171, 0, 17, 255, 161, 74, 235, 53, 91, 1, 0, 14, 1, 0, 84, 1, 0, 89, 8, 238]
1542799117968;[171, 0, 17, 255, 161, 74, 235, 53, 91, 0, 0, 7, 1, 0, 252, 0, 0, 32, 8, 234]
1542799117971;[171, 0, 4, 255, 132, 128, 124]
1542799117998;[171, 0, 17, 255, 161, 74, 235, 53, 91, 0, 1, 114, 1, 0, 236, 1, 0, 47, 8, 134]
1542799119861;[171, 0, 17, 255, 161, 74, 235, 53, 91, 1, 0, 59, 1, 2, 29, 0, 0, 162, 8, 176]
1542799119865;[171, 0, 17, 255, 161, 74, 235, 53, 91, 0, 0, 67, 1, 1, 11, 1, 0, 28, 8, 116]
1542799119869;[171, 0, 17, 255, 161, 74, 235, 53, 91, 1, 0, 20, 1, 0, 232, 1, 0, 52, 9, 50]
1542799119873;[171, 0, 17, 255, 161, 74, 235, 53, 91, 0, 0, 70, 1, 0, 228, 1, 0, 8, 9, 180]
1542799122621;[171, 0, 17, 255, 161, 74, 235, 53, 94, 1, 0, 174, 1, 5, 118, 1, 4, 52, 4, 182]
1542799122625;[171, 0, 17, 255, 161, 74, 235, 53, 94, 0, 4, 254, 0, 1, 145, 1, 0, 242, 3, 69]
1542799122629;[171, 0, 17, 255, 161, 74, 235, 53, 94, 1, 0, 141, 0, 0, 18, 1, 0, 63, 4, 147]
1542799123827;[171, 0, 17, 255, 161, 74, 235, 53, 96, 1, 0, 3, 1, 2, 60, 0, 0, 226, 6, 228]
1542799125209;[171, 0, 17, 255, 161, 74, 235, 53, 96, 1, 0, 85, 1, 0, 43, 1, 0, 23, 6, 141]
1542799125217;[171, 0, 17, 255, 161, 74, 235, 53, 96, 1, 0, 33, 1, 0, 48, 1, 0, 33, 6, 214]
1542799125223;[171, 0, 17, 255, 161, 74, 235, 53, 96, 0, 5, 132, 1, 7, 210, 0, 0, 11, 6, 59]
1542799126761;[171, 0, 17, 255, 161, 74, 235, 53, 99, 0, 1, 91, 1, 1, 213, 0, 0, 46, 7, 30]
1542799126765;[171, 0, 17, 255, 161, 74, 235, 53, 99, 0, 0, 42, 1, 1, 185, 0, 0, 31, 7, 63]
1542799126769;[171, 0, 17, 255, 161, 74, 235, 53, 99, 0, 0, 34, 1, 0, 174, 1, 0, 35, 7, 107]
1542799126772;[171, 0, 4, 255, 132, 128, 123]
1542799127624;[171, 0, 17, 255, 161, 74, 235, 53, 99, 0, 0, 24, 1, 0, 242, 1, 0, 50, 7, 132]
1542799127627;[171, 0, 17, 255, 161, 74, 235, 53, 101, 0, 1, 25, 1, 2, 13, 1, 0, 8, 12, 182]
1542799127631;[171, 0, 17, 255, 161, 74, 235, 53, 101, 0, 0, 98, 1, 1, 35, 0, 1, 26, 12, 242]
1542799127635;[171, 0, 17, 255, 161, 74, 235, 53, 101, 1, 0, 33, 1, 0, 251, 1, 0, 95, 12, 254]
1542799127797;[171, 0, 17, 255, 161, 74, 235, 53, 104, 1, 5, 2, 1, 2, 44, 0, 0, 166, 8, 76]
1542799127800;[171, 0, 17, 255, 161, 74, 235, 53, 104, 0, 0, 114, 1, 0, 230, 1, 0, 140, 8, 72]
1542799127804;[171, 0, 4, 255, 132, 128, 125]
1542799129191;[171, 0, 17, 255, 161, 74, 235, 53, 104, 1, 0, 20, 1, 0, 240, 1, 0, 66, 8, 169]
1542799129192;[171, 0, 17, 255, 161, 74, 235, 53, 104, 1, 0, 22, 1, 1, 29, 1, 0, 15, 8, 199]
1542799129194;[171, 0, 17, 255, 161, 74, 235, 53, 104, 1, 0, 141, 1, 1, 104, 1, 0, 18, 9, 23]
1542799129195;[171, 0, 17, 255, 161, 74, 235, 53, 104, 0, 0, 30, 1, 1, 25, 1, 0, 58, 9, 24]
1542799129349;[171, 0, 17, 255, 161, 74, 235, 53, 104, 1, 0, 37, 1, 0, 26, 1, 0, 37, 8, 94]
1542799129353;[171, 0, 17, 255, 161, 74, 235, 53, 104, 0, 0, 17, 1, 1, 46, 0, 0, 8, 8, 138]
1542799129357;[171, 0, 17, 255, 161, 74, 235, 53, 104, 0, 1, 127, 1, 0, 62, 0, 0, 49, 8, 7]
1542799129360;[171, 0, 17, 255, 161, 74, 235, 53, 105, 0, 2, 208, 1, 1, 73, 0, 0, 25, 8, 65]
1542799130043;[171, 0, 17, 255, 161, 74, 235, 53, 105, 0, 0, 11, 1, 0, 244, 0, 0, 35, 8, 115]
1542799130045;[171, 0, 17, 255, 161, 74, 235, 53, 105, 0, 0, 27, 1, 0, 248, 1, 0, 37, 8, 147]
1542799130049;[171, 0, 4, 255, 132, 128, 126]
1542799130072;[171, 0, 17, 255, 161, 74, 235, 53, 105, 0, 0, 10, 1, 1, 0, 1, 0, 111, 8, 185]
1542799130900;[171, 0, 17, 255, 161, 74, 235, 53, 105, 1, 0, 78, 1, 1, 84, 1, 0, 15, 8, 234]
1542799130903;[171, 0, 17, 255, 161, 74, 235, 53, 105, 0, 0, 27, 1, 1, 127, 1, 0, 135, 8, 235]
1542799130907;[171, 0, 17, 255, 161, 74, 235, 53, 105, 0, 0, 18, 1, 0, 5, 1, 0, 40, 8, 85]
1542799131763;[171, 0, 17, 255, 161, 74, 235, 53, 105, 0, 0, 19, 1, 0, 252, 0, 0, 101, 8, 8]
1542799131766;[171, 0, 17, 255, 161, 74, 235, 53, 105, 0, 1, 169, 1, 0, 35, 0, 0, 119, 6, 224]
1542799131769;[171, 0, 17, 255, 161, 74, 235, 53, 105, 1, 0, 72, 1, 1, 24, 0, 0, 50, 6, 235]
1542799131772;[171, 0, 17, 255, 161, 74, 235, 53, 106, 0, 0, 54, 1, 0, 242, 1, 0, 34, 6, 228]
1542799132286;[171, 0, 4, 255, 132, 128, 126]
1542799132310;[171, 0, 17, 255, 161, 74, 235, 53, 108, 0, 1, 174, 1, 0, 207, 1, 0, 40, 6, 200]
1542799132312;[171, 0, 17, 255, 161, 74, 235, 53, 108, 0, 0, 113, 1, 0, 240, 1, 1, 157, 7, 20]
1542799132313;[171, 0, 17, 255, 161, 74, 235, 53, 108, 0, 0, 27, 1, 1, 44, 1, 0, 40, 7, 28]
1542799133142;[171, 0, 17, 255, 161, 74, 235, 53, 108, 0, 0, 94, 1, 0, 164, 1, 0, 44, 7, 45]
1542799133145;[171, 0, 17, 255, 161, 74, 235, 53, 108, 0, 0, 3, 1, 1, 7, 0, 0, 19, 7, 103]
1542799133147;[171, 0, 17, 255, 161, 74, 235, 53, 108, 1, 0, 170, 1, 1, 196, 1, 0, 123, 7, 150]
1542799133150;[171, 0, 17, 255, 161, 74, 235, 53, 108, 0, 1, 61, 1, 0, 118, 1, 0, 110, 7, 168]
1542799133313;[171, 0, 17, 255, 161, 74, 235, 53, 109, 0, 0, 12, 1, 0, 193, 1, 0, 6, 7, 23]
1542799133315;[171, 0, 17, 255, 161, 74, 235, 53, 109, 0, 0, 220, 1, 1, 154, 1, 0, 4, 7, 3]
1542799133833;[171, 0, 17, 255, 161, 74, 235, 53, 109, 0, 1, 232, 1, 0, 203, 0, 2, 23, 6, 243]
1542799133838;[171, 0, 4, 255, 132, 128, 126]
1542799133864;[171, 0, 17, 255, 161, 74, 235, 53, 109, 0, 0, 83, 1, 1, 18, 1, 0, 2, 7, 64]
1542799133866;[171, 0, 17, 255, 161, 74, 235, 53, 109, 1, 0, 43, 1, 0, 150, 1, 0, 102, 6, 242]
1542799134695;[171, 0, 17, 255, 161, 74, 235, 53, 109, 0, 0, 52, 1, 0, 219, 0, 0, 33, 6, 241]
1542799134699;[171, 0, 17, 255, 161, 74, 235, 53, 109, 1, 0, 127, 1, 1, 47, 1, 0, 45, 7, 84]
1542799135559;[171, 0, 17, 255, 161, 74, 235, 53, 109, 1, 0, 94, 1, 1, 74, 1, 0, 109, 7, 123]
1542799135563;[171, 0, 17, 255, 161, 74, 235, 53, 109, 1, 0, 124, 1, 0, 149, 1, 0, 15, 6, 116]
1542799135567;[171, 0, 17, 255, 161, 74, 235, 53, 109, 0, 0, 122, 1, 1, 77, 1, 0, 56, 6, 140]
1542799135570;[171, 0, 17, 255, 161, 74, 235, 53, 110, 0, 1, 163, 1, 1, 32, 1, 0, 3, 5, 225]
1542799135731;[171, 0, 17, 255, 161, 74, 235, 53, 110, 0, 0, 166, 1, 0, 129, 0, 0, 104, 5, 231]
1542799135736;[171, 0, 17, 255, 161, 74, 235, 53, 110, 0, 0, 56, 1, 1, 88, 0, 0, 13, 6, 22]
1542799136074;[171, 0, 4, 255, 132, 128, 126]
1542799136939;[171, 0, 17, 255, 161, 74, 235, 53, 110, 0, 0, 33, 1, 1, 67, 1, 0, 75, 6, 88]
1542799136943;[171, 0, 17, 255, 161, 74, 235, 53, 112, 0, 1, 149, 1, 0, 175, 1, 0, 78, 6, 200]
1542799136947;[171, 0, 17, 255, 161, 74, 235, 53, 112, 0, 0, 53, 1, 0, 179, 1, 0, 39, 7, 8]
1542799136950;[171, 0, 17, 255, 161, 74, 235, 53, 112, 0, 0, 34, 1, 1, 42, 1, 0, 45, 7, 195]
1542799137628;[171, 0, 17, 255, 161, 74, 235, 53, 112, 0, 0, 10, 1, 1, 46, 1, 0, 52, 8, 26]
1542799137632;[171, 0, 17, 255, 161, 74, 235, 53, 113, 0, 0, 41, 1, 1, 10, 0, 0, 5, 8, 65]
1542799137635;[171, 0, 17, 255, 161, 74, 235, 53, 113, 1, 0, 112, 1, 1, 164, 1, 0, 72, 8, 169]
1542799137639;[171, 0, 17, 255, 161, 74, 235, 53, 113, 0, 0, 250, 1, 0, 124, 1, 0, 68, 8, 125]
1542799138662;[171, 0, 4, 255, 132, 128, 128]
1542799139527;[171, 0, 17, 255, 161, 74, 235, 53, 113, 0, 0, 22, 1, 0, 136, 1, 0, 31, 7, 248]
1542799139528;[171, 0, 17, 255, 161, 74, 235, 53, 113, 0, 1, 57, 1, 1, 221, 1, 0, 36, 8, 26]
1542799139531;[171, 0, 17, 255, 161, 74, 235, 53, 113, 0, 2, 208, 1, 1, 2, 0, 1, 58, 7, 249]
1542799139534;[171, 0, 17, 255, 161, 74, 235, 53, 113, 0, 0, 36, 1, 0, 233, 1, 0, 16, 8, 50]
1542799140388;[171, 0, 17, 255, 161, 74, 235, 53, 113, 1, 0, 8, 1, 0, 214, 1, 0, 35, 8, 173]
1542799140392;[171, 0, 17, 255, 161, 74, 235, 53, 113, 0, 0, 36, 1, 0, 233, 0, 0, 4, 9, 21]
1542799140394;[171, 0, 17, 255, 161, 74, 235, 53, 113, 1, 0, 152, 1, 1, 99, 1, 0, 62, 9, 80]
1542799140397;[171, 0, 17, 255, 161, 74, 235, 53, 116, 0, 0, 5, 1, 1, 19, 0, 0, 17, 10, 156]
1542799141078;[171, 0, 4, 255, 132, 128, 130]
1542799141104;[171, 0, 17, 255, 161, 74, 235, 53, 116, 0, 0, 7, 1, 0, 224, 1, 0, 48, 10, 192]
1542799142113;[171, 0, 17, 255, 161, 74, 235, 53, 116, 1, 0, 8, 1, 1, 20, 1, 0, 15, 11, 54]
1542799142117;[171, 0, 17, 255, 161, 74, 235, 53, 116, 1, 0, 132, 1, 1, 160, 1, 0, 143, 11, 162]
1542799142121;[171, 0, 17, 255, 161, 74, 235, 53, 116, 0, 1, 242, 1, 0, 30, 1, 0, 67, 11, 51]
1542799142125;[171, 0, 17, 255, 161, 74, 235, 53, 116, 0, 0, 42, 1, 0, 162, 0, 0, 18, 10, 135]
1542799142456;[171, 0, 17, 255, 161, 74, 235, 53, 116, 0, 0, 158, 1, 2, 50, 1, 0, 10, 10, 120]
1542799142804;[171, 0, 17, 255, 161, 74, 235, 53, 116, 1, 1, 222, 1, 1, 239, 0, 0, 128, 10, 42]
1542799142809;[171, 0, 17, 255, 161, 74, 235, 53, 117, 0, 0, 190, 1, 0, 176, 1, 0, 77, 10, 92]
1542799142812;[171, 0, 4, 255, 132, 128, 130]
1542799142836;[171, 0, 17, 255, 161, 74, 235, 53, 119, 0, 0, 62, 1, 0, 116, 0, 0, 9, 5, 84]
1542799144011;[171, 0, 17, 255, 161, 74, 235, 53, 119, 0, 0, 116, 1, 0, 248, 1, 0, 73, 5, 96]
1542799144018;[171, 0, 17, 255, 161, 74, 235, 53, 119, 1, 1, 4, 1, 1, 83, 1, 0, 11, 4, 213]
1542799144020;[171, 0, 17, 255, 161, 74, 235, 53, 119, 1, 0, 240, 1, 2, 241, 1, 0, 197, 4, 221]
1542799144023;[171, 0, 17, 255, 161, 74, 235, 53, 119, 0, 0, 13, 1, 1, 16, 0, 0, 22, 4, 204]
1542799144354;[171, 0, 17, 255, 161, 74, 235, 53, 119, 1, 0, 9, 1, 0, 242, 1, 0, 30, 5, 7]
1542799144872;[171, 0, 17, 255, 161, 74, 235, 53, 119, 1, 0, 23, 1, 1, 45, 1, 0, 11, 5, 45]
1542799145045;[171, 0, 17, 255, 161, 74, 235, 53, 120, 1, 0, 85, 1, 1, 161, 1, 0, 23, 5, 80]
1542799145049;[171, 0, 17, 255, 161, 74, 235, 53, 120, 0, 2, 53, 1, 0, 66, 1, 0, 128, 5, 37]
1542799145737;[171, 0, 17, 255, 161, 74, 235, 53, 120, 1, 0, 28, 1, 0, 140, 1, 0, 37, 5, 3]
1542799145740;[171, 0, 4, 255, 132, 128, 129]
1542799145765;[171, 0, 17, 255, 161, 74, 235, 53, 120, 0, 0, 110, 1, 2, 55, 0, 0, 39, 5, 96]
1542799145766;[171, 0, 17, 255, 161, 74, 235, 53, 120, 0, 0, 120, 1, 0, 252, 0, 0, 45, 4, 231]
1542799145913;[171, 0, 17, 255, 161, 74, 235, 53, 120, 1, 0, 250, 1, 1, 225, 1, 1, 147, 4, 222]
1542799145915;[171, 0, 17, 255, 161, 74, 235, 53, 120, 1, 0, 15, 1, 1, 0, 1, 0, 63, 4, 187]
1542799145921;[171, 0, 17, 255, 161, 74, 235, 53, 120, 0, 0, 8, 1, 0, 242, 1, 0, 48, 4, 128]
1542799145923;[171, 0, 17, 255, 161, 74, 235, 53, 120, 0, 0, 8, 1, 1, 13, 1, 0, 28, 4, 91]
1542799146079;[171, 0, 17, 255, 161, 74, 235, 53, 123, 1, 0, 128, 1, 0, 159, 0, 0, 94, 4, 190]
1542799146085;[171, 0, 17, 255, 161, 74, 235, 53, 123, 0, 0, 13, 1, 0, 227, 1, 0, 88, 4, 152]
1542799147634;[171, 0, 4, 255, 132, 128, 128]
1542799147659;[171, 0, 17, 255, 161, 74, 235, 53, 123, 1, 0, 28, 1, 1, 57, 1, 0, 15, 5, 2]
1542799147661;[171, 0, 17, 255, 161, 74, 235, 53, 123, 1, 0, 188, 1, 1, 222, 0, 0, 6, 5, 125]
1542799147663;[171, 0, 17, 255, 161, 74, 235, 53, 123, 0, 1, 117, 1, 0, 122, 1, 0, 63, 5, 194]
1542799148499;[171, 0, 17, 255, 161, 74, 235, 53, 123, 1, 0, 49, 1, 0, 191, 1, 0, 29, 5, 228]
1542799148501;[171, 0, 17, 255, 161, 74, 235, 53, 123, 0, 0, 27, 1, 1, 102, 1, 0, 32, 5, 162]
1542799148504;[171, 0, 17, 255, 161, 74, 235, 53, 123, 0, 1, 144, 1, 1, 100, 0, 0, 146, 5, 239]
1542799148508;[171, 0, 17, 255, 161, 74, 235, 53, 123, 0, 0, 101, 1, 1, 3, 1, 0, 62, 5, 224]
1542799148841;[171, 0, 17, 255, 161, 74, 235, 53, 128, 0, 0, 17, 1, 1, 83, 1, 0, 8, 6, 150]
1542799148848;[171, 0, 17, 255, 161, 74, 235, 53, 128, 1, 0, 69, 1, 0, 184, 0, 0, 15, 7, 76]
1542799148851;[171, 0, 17, 255, 161, 74, 235, 53, 128, 1, 0, 133, 1, 1, 160, 1, 0, 225, 8, 20]
1542799148854;[171, 0, 4, 255, 132, 128, 127]
1542799149190;[171, 0, 17, 255, 161, 74, 235, 53, 128, 0, 0, 83, 1, 0, 169, 0, 0, 152, 7, 56]
1542799149192;[171, 0, 17, 255, 161, 74, 235, 53, 128, 0, 0, 48, 1, 1, 20, 0, 0, 3, 7, 18]
1542799149193;[171, 0, 17, 255, 161, 74, 235, 53, 128, 0, 1, 159, 1, 1, 101, 0, 0, 192, 7, 107]
1542799149198;[171, 0, 17, 255, 161, 74, 235, 53, 128, 0, 1, 17, 0, 0, 6, 1, 0, 94, 7, 177]
1542799149360;[171, 0, 17, 255, 161, 74, 235, 53, 128, 0, 0, 2, 1, 0, 218, 1, 0, 43, 7, 200]
1542799149362;[171, 0, 17, 255, 161, 74, 235, 53, 128, 1, 0, 53, 1, 1, 25, 0, 0, 18, 7, 249]
1542799149366;[171, 0, 17, 255, 161, 74, 235, 53, 128, 1, 0, 149, 1, 1, 211, 0, 0, 50, 8, 207]
1542799149704;[171, 0, 17, 255, 161, 74, 235, 53, 129, 0, 1, 190, 1, 0, 128, 1, 0, 41, 8, 206]
1542799149708;[171, 0, 17, 255, 161, 74, 235, 53, 129, 0, 0, 69, 1, 1, 8, 0, 0, 19, 8, 227]
1542799149712;[171, 0, 17, 255, 161, 74, 235, 53, 129, 0, 0, 50, 1, 0, 197, 1, 0, 33, 7, 219]
1542799149717;[171, 0, 4, 255, 132, 128, 127]
1542799150048;[171, 0, 17, 255, 161, 74, 235, 53, 129, 1, 0, 28, 1, 1, 98, 0, 1, 214, 8, 68]
1542799150052;[171, 0, 17, 255, 161, 74, 235, 53, 129, 0, 0, 18, 1, 0, 231, 0, 0, 52, 7, 212]
1542799150056;[171, 0, 17, 255, 161, 74, 235, 53, 129, 0, 0, 21, 1, 1, 9, 1, 0, 6, 6, 117]
1542799150565;[171, 0, 17, 255, 161, 74, 235, 53, 129, 1, 0, 45, 1, 0, 254, 0, 0, 41, 7, 11]
1542799150569;[171, 0, 17, 255, 161, 74, 235, 53, 129, 0, 0, 100, 1, 1, 247, 1, 0, 213, 7, 193]
1542799150573;[171, 0, 17, 255, 161, 74, 235, 53, 129, 1, 0, 62, 1, 0, 184, 1, 0, 111, 7, 48]
1542799150739;[171, 0, 17, 255, 161, 74, 235, 53, 129, 0, 0, 25, 1, 1, 85, 0, 2, 24, 7, 162]
1542799150747;[171, 0, 17, 255, 161, 74, 235, 53, 130, 0, 1, 208, 1, 0, 54, 1, 0, 16, 6, 192]
1542799150749;[171, 0, 17, 255, 161, 74, 235, 53, 130, 0, 0, 81, 1, 0, 87, 0, 1, 206, 6, 122]
1542799150911;[171, 0, 17, 255, 161, 74, 235, 53, 130, 0, 0, 18, 1, 0, 224, 1, 0, 17, 6, 12]
1542799150915;[171, 0, 4, 255, 132, 128, 128]
1542799150939;[171, 0, 17, 255, 161, 74, 235, 53, 130, 1, 0, 86, 1, 1, 51, 1, 0, 9, 5, 73]
1542799151254;[171, 0, 17, 255, 161, 74, 235, 53, 130, 1, 0, 179, 1, 1, 138, 0, 0, 70, 5, 240]
1542799151429;[171, 0, 17, 255, 161, 74, 235, 53, 130, 0, 0, 246, 1, 0, 201, 0, 0, 55, 6, 46]
1542799151433;[171, 0, 17, 255, 161, 74, 235, 53, 130, 0, 0, 43, 1, 1, 22, 1, 0, 84, 5, 217]
1542799151436;[171, 0, 17, 255, 161, 74, 235, 53, 130, 0, 0, 225, 1, 1, 22, 0, 0, 51, 5, 147]
1542799151439;[171, 0, 17, 255, 161, 74, 235, 53, 130, 1, 0, 200, 1, 2, 12, 0, 1, 185, 5, 220]
1542799152120;[171, 0, 17, 255, 161, 74, 235, 53, 130, 0, 0, 23, 1, 1, 11, 0, 0, 99, 5, 31]
1542799152123;[171, 0, 17, 255, 161, 74, 235, 53, 131, 1, 0, 63, 1, 1, 105, 1, 0, 22, 4, 193]
1542799152127;[171, 0, 17, 255, 161, 74, 235, 53, 131, 1, 0, 133, 1, 1, 18, 1, 0, 13, 5, 136]
1542799152129;[171, 0, 17, 255, 161, 74, 235, 53, 131, 0, 1, 0, 1, 1, 69, 0, 0, 52, 6, 44]
1542799152462;[171, 0, 4, 255, 132, 128, 128]
1542799152488;[171, 0, 17, 255, 161, 74, 235, 53, 131, 0, 0, 27, 1, 0, 242, 1, 0, 91, 5, 226]
1542799152510;[171, 0, 17, 255, 161, 74, 235, 53, 131, 0, 0, 203, 1, 0, 209, 1, 0, 70, 5, 106]
1542799152511;[171, 0, 17, 255, 161, 74, 235, 53, 131, 0, 1, 52, 1, 4, 128, 0, 1, 156, 5, 120]
1542799152638;[171, 0, 17, 255, 161, 74, 235, 53, 131, 0, 0, 14, 1, 0, 235, 0, 0, 42, 3, 253]
1542799152642;[171, 0, 17, 255, 161, 74, 235, 53, 131, 0, 0, 49, 1, 1, 85, 1, 0, 68, 2, 197]
1542799152645;[171, 0, 17, 255, 161, 74, 235, 53, 131, 1, 0, 46, 1, 0, 199, 0, 0, 96, 2, 222]
1542799152649;[171, 0, 17, 255, 161, 74, 235, 53, 131, 1, 0, 149, 1, 2, 71, 0, 0, 31, 3, 158]
1542799152980;[171, 0, 17, 255, 161, 74, 235, 53, 132, 0, 0, 41, 1, 0, 206, 0, 0, 22, 3, 165]
1542799152984;[171, 0, 17, 255, 161, 74, 235, 53, 132, 0, 0, 30, 1, 1, 175, 1, 0, 52, 3, 175]
1542799152988;[171, 0, 17, 255, 161, 74, 235, 53, 134, 1, 0, 132, 1, 0, 172, 1, 0, 20, 6, 143]
1542799153152;[171, 0, 17, 255, 161, 74, 235, 53, 134, 0, 0, 18, 1, 1, 46, 0, 0, 106, 6, 219]
1542799153845;[171, 0, 17, 255, 161, 74, 235, 53, 134, 0, 1, 31, 1, 0, 249, 0, 0, 88, 6, 139]
1542799153848;[171, 0, 17, 255, 161, 74, 235, 53, 134, 0, 0, 80, 1, 1, 90, 1, 0, 180, 6, 159]
1542799153873;[171, 0, 17, 255, 161, 74, 235, 53, 134, 0, 0, 32, 1, 0, 246, 1, 0, 87, 6, 44]
1542799153878;[171, 0, 17, 255, 161, 74, 235, 53, 134, 1, 0, 24, 1, 0, 234, 1, 0, 66, 5, 171]
1542799154017;[171, 0, 17, 255, 161, 74, 235, 53, 134, 1, 0, 103, 1, 1, 121, 0, 0, 77, 5, 231]
1542799154021;[171, 0, 17, 255, 161, 74, 235, 53, 135, 1, 0, 6, 1, 0, 202, 1, 0, 106, 6, 56]
1542799154025;[171, 0, 17, 255, 161, 74, 235, 53, 135, 1, 0, 27, 1, 0, 175, 1, 0, 85, 6, 88]
1542799154031;[171, 0, 17, 255, 161, 74, 235, 53, 135, 0, 0, 140, 1, 1, 132, 1, 0, 41, 6, 165]
1542799154705;[171, 0, 4, 255, 132, 128, 127]
1542799154732;[171, 0, 17, 255, 161, 74, 235, 53, 135, 0, 1, 99, 1, 0, 165, 1, 0, 62, 6, 116]
1542799154734;[171, 0, 17, 255, 161, 74, 235, 53, 135, 1, 0, 41, 1, 0, 248, 0, 0, 36, 6, 53]
1542799154736;[171, 0, 17, 255, 161, 74, 235, 53, 135, 0, 0, 5, 1, 0, 242, 1, 0, 37, 5, 4]
1542799154880;[171, 0, 17, 255, 161, 74, 235, 53, 135, 1, 0, 53, 1, 1, 11, 1, 0, 155, 5, 4]
1542799154884;[171, 0, 17, 255, 161, 74, 235, 53, 135, 1, 0, 128, 1, 1, 163, 1, 0, 12, 5, 53]
1542799154888;[171, 0, 17, 255, 161, 74, 235, 53, 135, 1, 0, 176, 1, 0, 207, 1, 0, 71, 5, 200]
1542799154892;[171, 0, 17, 255, 161, 74, 235, 53, 135, 1, 0, 47, 1, 1, 37, 1, 0, 111, 5, 252]
1542799155740;[171, 0, 17, 255, 161, 74, 235, 53, 136, 0, 0, 114, 1, 1, 16, 0, 0, 28, 6, 44]
1542799156257;[171, 0, 17, 255, 161, 74, 235, 53, 136, 0, 1, 9, 1, 1, 86, 0, 1, 5, 6, 14]
1542799156945;[171, 0, 17, 255, 161, 74, 235, 53, 136, 1, 0, 10, 1, 0, 251, 0, 0, 29, 6, 12]
1542799156947;[171, 0, 4, 255, 132, 128, 121]
1542799156968;[171, 0, 17, 255, 161, 74, 235, 53, 136, 1, 0, 25, 1, 0, 238, 1, 0, 46, 5, 147]
1542799156969;[171, 0, 17, 255, 161, 74, 235, 53, 136, 1, 0, 55, 1, 0, 238, 1, 0, 121, 5, 172]
1542799157118;[171, 0, 17, 255, 161, 74, 235, 53, 136, 1, 0, 71, 1, 1, 156, 0, 0, 69, 6, 49]
1542799157119;[171, 0, 17, 255, 161, 74, 235, 53, 136, 0, 1, 11, 1, 0, 169, 1, 0, 126, 6, 101]
1542799157122;[171, 0, 17, 255, 161, 74, 235, 53, 136, 0, 0, 4, 1, 0, 127, 1, 0, 61, 6, 151]
1542799157812;[171, 0, 17, 255, 161, 74, 235, 53, 136, 0, 0, 21, 1, 1, 13, 0, 0, 131, 6, 242]
1542799157816;[171, 0, 17, 255, 161, 74, 235, 53, 136, 0, 1, 225, 1, 0, 163, 0, 0, 3, 6, 234]
1542799157820;[171, 0, 17, 255, 161, 74, 235, 53, 137, 0, 0, 222, 1, 1, 113, 0, 0, 69, 6, 155]
1542799157824;[171, 0, 17, 255, 161, 74, 235, 53, 137, 0, 0, 42, 1, 1, 42, 1, 0, 56, 6, 56]
1542799158502;[171, 0, 17, 255, 161, 74, 235, 53, 137, 1, 0, 58, 1, 1, 12, 0, 0, 57, 6, 169]
1542799158507;[171, 0, 4, 255, 132, 128, 116]
1542799158530;[171, 0, 17, 255, 161, 74, 235, 53, 137, 0, 0, 22, 1, 1, 224, 1, 1, 33, 7, 56]
1542799158531;[171, 0, 17, 255, 161, 74, 235, 53, 137, 1, 0, 124, 1, 0, 98, 1, 0, 9, 7, 13]
1542799158675;[171, 0, 17, 255, 161, 74, 235, 53, 137, 0, 0, 145, 1, 1, 85, 0, 0, 32, 7, 160]
1542799158679;[171, 0, 17, 255, 161, 74, 235, 53, 137, 0, 2, 8, 1, 0, 237, 0, 0, 22, 7, 211]
1542799158683;[171, 0, 17, 255, 161, 74, 235, 53, 137, 0, 0, 91, 1, 1, 35, 0, 0, 20, 7, 223]
1542799158688;[171, 0, 17, 255, 161, 74, 235, 53, 137, 1, 0, 78, 1, 1, 15, 1, 0, 79, 7, 177]
1542799159534;[171, 0, 17, 255, 161, 74, 235, 53, 137, 0, 0, 15, 1, 1, 27, 0, 0, 55, 7, 163]
1542799159535;[171, 0, 17, 255, 161, 74, 235, 53, 138, 1, 0, 141, 1, 1, 143, 1, 0, 82, 8, 69]
1542799159538;[171, 0, 17, 255, 161, 74, 235, 53, 138, 0, 0, 54, 1, 0, 203, 1, 0, 68, 8, 245]
1542799159541;[171, 0, 17, 255, 161, 74, 235, 53, 140, 0, 0, 220, 1, 0, 128, 1, 0, 57, 11, 191]
1542799160054;[171, 0, 17, 255, 161, 74, 235, 53, 140, 0, 0, 25, 1, 0, 196, 0, 0, 2, 11, 209]
1542799160058;[171, 0, 17, 255, 161, 74, 235, 53, 140, 0, 0, 121, 1, 0, 238, 1, 0, 95, 11, 173]
1542799160062;[171, 0, 17, 255, 161, 74, 235, 53, 140, 1, 3, 12, 1, 4, 216, 0, 1, 120, 11, 205]
1542799160065;[171, 0, 17, 255, 161, 74, 235, 53, 140, 0, 0, 41, 1, 0, 249, 1, 0, 62, 11, 202]
1542799161957;[171, 0, 17, 255, 161, 74, 235, 53, 140, 0, 2, 78, 1, 1, 170, 1, 0, 42, 11, 130]
1542799161962;[171, 0, 17, 255, 161, 74, 235, 53, 140, 0, 0, 44, 1, 1, 9, 1, 0, 4, 11, 186]
1542799161964;[171, 0, 17, 255, 161, 74, 235, 53, 141, 1, 0, 161, 1, 1, 122, 1, 0, 41, 11, 253]
1542799161966;[171, 0, 17, 255, 161, 74, 235, 53, 141, 0, 2, 12, 1, 0, 153, 1, 1, 0, 12, 49]
1542799164193;[171, 0, 17, 255, 161, 74, 235, 53, 141, 0, 0, 173, 1, 0, 84, 1, 0, 39, 12, 95]
1542799164197;[171, 0, 4, 255, 132, 128, 99]
1542799164224;[171, 0, 17, 255, 161, 74, 235, 53, 141, 0, 0, 123, 1, 2, 12, 1, 0, 98, 12, 149]
1542799166606;[171, 0, 17, 255, 161, 74, 235, 53, 141, 0, 0, 209, 1, 1, 40, 1, 0, 68, 11, 134]
1542799166782;[171, 0, 17, 255, 161, 74, 235, 53, 141, 0, 0, 16, 1, 0, 58, 0, 0, 191, 11, 158]
1542799166788;[171, 0, 17, 255, 161, 74, 235, 53, 141, 0, 0, 25, 1, 0, 218, 1, 0, 35, 11, 162]
1542799166791;[171, 0, 17, 255, 161, 74, 235, 53, 141, 1, 0, 87, 1, 0, 206, 1, 0, 27, 11, 19]
1542799166794;[171, 0, 17, 255, 161, 74, 235, 53, 141, 1, 0, 4, 1, 1, 62, 1, 0, 57, 11, 29]
1542799168346;[171, 0, 17, 255, 161, 74, 235, 53, 144, 1, 0, 62, 1, 0, 199, 1, 0, 35, 10, 222]
1542799168351;[171, 0, 17, 255, 161, 74, 235, 53, 144, 1, 0, 35, 1, 0, 225, 1, 0, 35, 10, 232]
1542799168355;[171, 0, 17, 255, 161, 74, 235, 53, 146, 0, 1, 36, 1, 2, 34, 1, 0, 113, 10, 36]
1542799168359;[171, 0, 17, 255, 161, 74, 235, 53, 146, 0, 0, 191, 1, 2, 126, 0, 0, 207, 10, 97]
