1542803182592;[171, 0, 17, 255, 161, 74, 235, 71, 79, 0, 0, 253, 0, 0, 25, 1, 0, 7, 4, 129]
1542803182755;[171, 0, 17, 255, 161, 74, 235, 71, 79, 0, 0, 251, 0, 0, 24, 1, 0, 7, 4, 134]
1542803182758;[171, 0, 17, 255, 161, 74, 235, 71, 79, 0, 0, 252, 0, 0, 26, 1, 0, 8, 4, 140]
1542803183096;[171, 0, 4, 255, 132, 128, 77]
1542803183100;[171, 0, 17, 255, 161, 74, 235, 71, 79, 0, 0, 252, 0, 0, 26, 1, 0, 5, 4, 154]
1542803183106;[171, 0, 17, 255, 161, 74, 235, 71, 79, 0, 0, 253, 0, 0, 27, 1, 0, 5, 4, 169]
1542803183107;[171, 0, 17, 255, 161, 74, 235, 71, 79, 0, 0, 252, 0, 0, 27, 1, 0, 4, 4, 195]
1542803185493;[171, 0, 17, 255, 161, 74, 235, 71, 79, 0, 0, 252, 0, 0, 25, 1, 0, 4, 4, 224]
1542803185533;[171, 0, 17, 255, 161, 74, 235, 71, 79, 0, 0, 253, 0, 0, 27, 1, 0, 6, 4, 244]
1542803185562;[171, 0, 17, 255, 161, 74, 235, 71, 80, 0, 0, 253, 0, 0, 25, 1, 0, 4, 5, 16]
1542803185563;[171, 0, 17, 255, 161, 74, 235, 71, 80, 0, 0, 251, 0, 0, 24, 1, 0, 4, 5, 23]
1542803185565;[171, 0, 17, 255, 161, 74, 235, 71, 80, 0, 0, 250, 0, 0, 24, 1, 0, 3, 5, 34]
1542803185566;[171, 0, 17, 255, 161, 74, 235, 71, 80, 0, 0, 250, 0, 0, 26, 1, 0, 6, 5, 55]
1542803185575;[171, 0, 17, 255, 161, 74, 235, 71, 80, 0, 0, 251, 0, 0, 24, 1, 0, 4, 5, 86]
1542803185576;[171, 0, 4, 255, 132, 128, 76]
1542803185577;[171, 0, 17, 255, 161, 74, 235, 71, 80, 0, 0, 253, 0, 0, 25, 1, 0, 3, 5, 115]
1542803185578;[171, 0, 17, 255, 161, 74, 235, 71, 80, 0, 0, 254, 0, 0, 27, 1, 0, 2, 5, 127]
1542803185581;[171, 0, 17, 255, 161, 74, 235, 71, 80, 0, 0, 253, 0, 0, 26, 1, 0, 4, 5, 134]
1542803185599;[171, 0, 17, 255, 161, 74, 235, 71, 80, 0, 0, 253, 0, 0, 26, 1, 0, 4, 5, 136]
1542803185601;[171, 0, 17, 255, 161, 74, 235, 71, 80, 0, 0, 253, 0, 0, 25, 1, 0, 4, 5, 192]
1542803185602;[171, 0, 17, 255, 161, 74, 235, 71, 81, 0, 0, 251, 0, 0, 26, 1, 0, 4, 5, 234]
1542803185635;[171, 0, 17, 255, 161, 74, 235, 71, 81, 0, 0, 255, 0, 0, 25, 1, 0, 5, 5, 239]
1542803185637;[171, 0, 17, 255, 161, 74, 235, 71, 81, 0, 0, 252, 0, 0, 26, 1, 0, 5, 5, 244]
1542803185642;[171, 0, 17, 255, 161, 74, 235, 71, 81, 0, 0, 252, 0, 0, 26, 1, 0, 4, 5, 240]
1542803185642;[171, 0, 17, 255, 161, 74, 235, 71, 81, 0, 0, 252, 0, 0, 25, 1, 0, 3, 5, 237]
1542803185643;[171, 0, 4, 255, 132, 128, 75]
1542803185644;[171, 0, 17, 255, 161, 74, 235, 71, 81, 0, 0, 252, 0, 0, 27, 1, 0, 4, 6, 30]
1542803185659;[171, 0, 17, 255, 161, 74, 235, 71, 81, 0, 0, 251, 0, 0, 28, 1, 0, 5, 6, 15]
1542803185660;[171, 0, 17, 255, 161, 74, 235, 71, 81, 0, 0, 249, 0, 0, 25, 1, 0, 4, 5, 255]
1542803185680;[171, 0, 17, 255, 161, 74, 235, 71, 81, 0, 0, 254, 0, 0, 24, 1, 0, 3, 5, 241]
1542803185681;[171, 0, 17, 255, 161, 74, 235, 71, 81, 0, 0, 251, 0, 0, 25, 1, 0, 6, 5, 225]
1542803186376;[171, 0, 17, 255, 161, 74, 235, 71, 82, 0, 0, 254, 0, 0, 27, 1, 0, 4, 5, 213]
1542803186379;[171, 0, 17, 255, 161, 74, 235, 71, 82, 0, 0, 249, 0, 0, 23, 1, 0, 5, 5, 202]
1542803186383;[171, 0, 17, 255, 161, 74, 235, 71, 82, 0, 0, 252, 0, 0, 24, 1, 0, 5, 5, 184]
1542803186386;[171, 0, 17, 255, 161, 74, 235, 71, 82, 0, 0, 253, 0, 0, 27, 1, 0, 5, 5, 160]
1542803186548;[171, 0, 17, 255, 161, 74, 235, 71, 82, 0, 0, 250, 0, 0, 23, 1, 0, 6, 5, 133]
1542803186551;[171, 0, 4, 255, 132, 128, 75]
1542803186554;[171, 0, 17, 255, 161, 74, 235, 71, 82, 0, 0, 254, 0, 0, 23, 1, 0, 5, 5, 108]
1542803186557;[171, 0, 17, 255, 161, 74, 235, 71, 82, 0, 0, 253, 0, 0, 22, 1, 0, 8, 5, 96]
1542803186718;[171, 0, 17, 255, 161, 74, 235, 71, 82, 0, 0, 253, 0, 0, 23, 1, 0, 5, 5, 66]
1542803186721;[171, 0, 17, 255, 161, 74, 235, 71, 82, 0, 0, 253, 0, 0, 18, 1, 0, 9, 5, 23]
1542803186893;[171, 0, 17, 255, 161, 74, 235, 71, 82, 0, 0, 251, 0, 0, 21, 1, 0, 7, 4, 245]
1542803186895;[171, 0, 17, 255, 161, 74, 235, 71, 83, 0, 0, 250, 0, 0, 22, 1, 0, 6, 4, 222]
1542803187063;[171, 0, 17, 255, 161, 74, 235, 71, 83, 0, 0, 253, 0, 0, 18, 1, 0, 7, 4, 139]
1542803187065;[171, 0, 17, 255, 161, 74, 235, 71, 83, 0, 0, 254, 0, 0, 22, 1, 0, 7, 4, 84]
1542803187235;[171, 0, 17, 255, 161, 74, 235, 71, 83, 0, 0, 250, 0, 0, 22, 1, 0, 7, 4, 97]
1542803187824;[171, 0, 17, 255, 161, 74, 235, 71, 83, 0, 0, 250, 0, 0, 19, 1, 0, 7, 4, 128]
1542803187825;[171, 0, 4, 255, 132, 128, 80]
1542803187828;[171, 0, 17, 255, 161, 74, 235, 71, 83, 0, 0, 254, 0, 0, 20, 1, 0, 7, 4, 154]
1542803187830;[171, 0, 17, 255, 161, 74, 235, 71, 83, 0, 0, 252, 0, 0, 20, 1, 0, 8, 4, 178]
1542803187926;[171, 0, 17, 255, 161, 74, 235, 71, 83, 0, 0, 253, 0, 0, 20, 1, 0, 8, 4, 176]
1542803187928;[171, 0, 17, 255, 161, 74, 235, 71, 83, 0, 0, 253, 0, 0, 20, 1, 0, 6, 4, 183]
1542803187930;[171, 0, 17, 255, 161, 74, 235, 71, 83, 0, 0, 252, 0, 0, 19, 1, 0, 8, 4, 173]
1542803188273;[171, 0, 17, 255, 161, 74, 235, 71, 84, 0, 0, 253, 0, 0, 20, 1, 0, 7, 4, 146]
1542803188276;[171, 0, 17, 255, 161, 74, 235, 71, 84, 0, 0, 249, 0, 0, 20, 1, 0, 7, 4, 117]
1542803188279;[171, 0, 17, 255, 161, 74, 235, 71, 84, 0, 0, 250, 0, 0, 19, 1, 0, 6, 4, 126]
1542803188617;[171, 0, 17, 255, 161, 74, 235, 71, 84, 0, 0, 252, 0, 0, 17, 1, 0, 7, 4, 116]
1542803188968;[171, 0, 17, 255, 161, 74, 235, 71, 84, 0, 0, 253, 0, 0, 19, 1, 0, 7, 4, 106]
1542803188970;[171, 0, 4, 255, 132, 128, 80]
1542803188972;[171, 0, 17, 255, 161, 74, 235, 71, 84, 0, 0, 251, 0, 0, 21, 1, 0, 8, 4, 90]
1542803188973;[171, 0, 17, 255, 161, 74, 235, 71, 84, 0, 0, 254, 0, 0, 20, 1, 0, 8, 4, 97]
1542803189136;[171, 0, 17, 255, 161, 74, 235, 71, 84, 0, 0, 254, 0, 0, 20, 1, 0, 7, 4, 103]
1542803189138;[171, 0, 17, 255, 161, 74, 235, 71, 84, 0, 0, 252, 0, 0, 22, 1, 0, 7, 4, 113]
1542803189156;[171, 0, 17, 255, 161, 74, 235, 71, 84, 0, 0, 253, 0, 0, 21, 1, 0, 6, 4, 115]
1542803189157;[171, 0, 17, 255, 161, 74, 235, 71, 85, 0, 0, 251, 0, 0, 21, 1, 0, 6, 4, 139]
1542803189479;[171, 0, 17, 255, 161, 74, 235, 71, 85, 0, 0, 252, 0, 0, 17, 1, 0, 7, 4, 79]
1542803189483;[171, 0, 17, 255, 161, 74, 235, 71, 85, 0, 0, 250, 0, 0, 20, 1, 0, 11, 4, 109]
1542803189485;[171, 0, 17, 255, 161, 74, 235, 71, 85, 0, 0, 251, 0, 0, 19, 1, 0, 10, 4, 118]
1542803189488;[171, 0, 17, 255, 161, 74, 235, 71, 85, 0, 0, 251, 0, 0, 22, 1, 0, 9, 4, 132]
1542803189822;[171, 0, 4, 255, 132, 128, 80]
1542803190515;[171, 0, 17, 255, 161, 74, 235, 71, 85, 0, 0, 252, 0, 0, 20, 1, 0, 8, 4, 142]
1542803190519;[171, 0, 17, 255, 161, 74, 235, 71, 85, 0, 0, 252, 0, 0, 20, 1, 0, 9, 4, 189]
1542803190523;[171, 0, 17, 255, 161, 74, 235, 71, 85, 0, 0, 255, 0, 0, 18, 1, 0, 8, 4, 205]
1542803190689;[171, 0, 17, 255, 161, 74, 235, 71, 85, 0, 0, 251, 0, 0, 19, 1, 0, 9, 4, 223]
1542803190707;[171, 0, 17, 255, 161, 74, 235, 71, 85, 0, 0, 253, 0, 0, 21, 1, 0, 10, 4, 241]
1542803190711;[171, 0, 17, 255, 161, 74, 235, 71, 86, 0, 0, 254, 0, 0, 20, 1, 0, 10, 4, 246]
1542803190714;[171, 0, 17, 255, 161, 74, 235, 71, 86, 0, 0, 252, 0, 0, 20, 1, 0, 11, 5, 22]
1542803191724;[171, 0, 17, 255, 161, 74, 235, 71, 88, 0, 0, 252, 0, 0, 22, 1, 0, 10, 8, 88]
1542803191727;[171, 0, 4, 255, 132, 128, 80]
1542803191730;[171, 0, 17, 255, 161, 74, 235, 71, 88, 0, 0, 250, 0, 0, 20, 1, 0, 11, 8, 183]
1542803191735;[171, 0, 17, 255, 161, 74, 235, 71, 88, 0, 0, 252, 0, 0, 21, 1, 0, 11, 9, 6]
1542803191896;[171, 0, 17, 255, 161, 74, 235, 71, 88, 0, 0, 252, 0, 0, 21, 1, 0, 12, 9, 36]
1542803191897;[171, 0, 17, 255, 161, 74, 235, 71, 88, 0, 0, 253, 0, 0, 21, 1, 0, 11, 9, 37]
1542803192065;[171, 0, 17, 255, 161, 74, 235, 71, 88, 0, 0, 252, 0, 0, 20, 1, 0, 11, 9, 22]
1542803192760;[171, 0, 17, 255, 161, 74, 235, 71, 89, 0, 0, 255, 0, 0, 23, 1, 0, 12, 8, 248]
1542803192764;[171, 0, 17, 255, 161, 74, 235, 71, 89, 0, 0, 252, 0, 0, 22, 1, 0, 13, 8, 223]
1542803192768;[171, 0, 17, 255, 161, 74, 235, 71, 89, 0, 0, 252, 0, 0, 21, 1, 0, 11, 8, 246]
1542803192773;[171, 0, 17, 255, 161, 74, 235, 71, 89, 0, 0, 252, 0, 0, 21, 1, 0, 11, 8, 206]
1542803192929;[171, 0, 17, 255, 161, 74, 235, 71, 89, 0, 0, 253, 0, 0, 19, 1, 0, 12, 8, 133]
1542803192934;[171, 0, 4, 255, 132, 128, 82]
1542803193103;[171, 0, 17, 255, 161, 74, 235, 71, 89, 0, 0, 249, 0, 0, 20, 1, 0, 13, 8, 69]
1542803193106;[171, 0, 17, 255, 161, 74, 235, 71, 89, 0, 0, 255, 0, 0, 20, 1, 0, 13, 7, 245]
1542803193111;[171, 0, 17, 255, 161, 74, 235, 71, 89, 0, 0, 255, 0, 0, 20, 1, 0, 12, 7, 158]
1542803193112;[171, 0, 17, 255, 161, 74, 235, 71, 89, 0, 0, 252, 0, 0, 19, 1, 0, 11, 7, 108]
1542803193274;[171, 0, 17, 255, 161, 74, 235, 71, 89, 0, 0, 250, 0, 0, 19, 1, 0, 10, 7, 36]
1542803193277;[171, 0, 17, 255, 161, 74, 235, 71, 90, 0, 0, 250, 0, 0, 20, 1, 0, 12, 6, 243]
1542803193280;[171, 0, 17, 255, 161, 74, 235, 71, 90, 0, 0, 254, 0, 0, 19, 1, 0, 12, 6, 203]
1542803194137;[171, 0, 17, 255, 161, 74, 235, 71, 90, 0, 0, 250, 0, 0, 17, 1, 0, 11, 6, 116]
1542803194144;[171, 0, 17, 255, 161, 74, 235, 71, 90, 0, 0, 252, 0, 0, 20, 1, 0, 12, 6, 59]
1542803194147;[171, 0, 17, 255, 161, 74, 235, 71, 90, 0, 0, 252, 0, 0, 21, 1, 0, 11, 6, 20]
1542803194151;[171, 0, 4, 255, 132, 128, 84]
1542803194311;[171, 0, 17, 255, 161, 74, 235, 71, 90, 0, 0, 250, 0, 0, 21, 1, 0, 11, 5, 240]
1542803194315;[171, 0, 17, 255, 161, 74, 235, 71, 90, 0, 0, 252, 0, 0, 19, 1, 0, 11, 5, 204]
1542803194318;[171, 0, 17, 255, 161, 74, 235, 71, 90, 0, 0, 250, 0, 0, 21, 1, 0, 12, 5, 185]
1542803194322;[171, 0, 17, 255, 161, 74, 235, 71, 90, 0, 0, 255, 0, 0, 22, 1, 0, 11, 5, 164]
1542803194482;[171, 0, 17, 255, 161, 74, 235, 71, 90, 0, 0, 250, 0, 0, 22, 1, 0, 11, 5, 159]
1542803194655;[171, 0, 17, 255, 161, 74, 235, 71, 91, 0, 0, 253, 0, 0, 21, 1, 0, 11, 5, 158]
1542803194658;[171, 0, 17, 255, 161, 74, 235, 71, 91, 0, 0, 251, 0, 0, 23, 1, 0, 12, 5, 152]
1542803194827;[171, 0, 17, 255, 161, 74, 235, 71, 91, 0, 0, 254, 0, 0, 20, 1, 0, 11, 5, 136]
1542803194831;[171, 0, 17, 255, 161, 74, 235, 71, 91, 0, 0, 251, 0, 0, 20, 1, 0, 11, 5, 123]
1542803194834;[171, 0, 17, 255, 161, 74, 235, 71, 91, 0, 0, 250, 0, 0, 20, 1, 0, 12, 5, 108]
1542803194837;[171, 0, 4, 255, 132, 128, 86]
1542803195345;[171, 0, 17, 255, 161, 74, 235, 71, 91, 0, 0, 254, 0, 0, 19, 1, 0, 11, 5, 98]
1542803195348;[171, 0, 17, 255, 161, 74, 235, 71, 91, 0, 0, 252, 0, 0, 18, 1, 0, 10, 5, 96]
1542803195351;[171, 0, 17, 255, 161, 74, 235, 71, 91, 0, 0, 253, 0, 0, 19, 1, 0, 11, 5, 98]
1542803195516;[171, 0, 17, 255, 161, 74, 235, 71, 91, 0, 0, 251, 0, 0, 21, 1, 0, 12, 5, 84]
1542803195520;[171, 0, 17, 255, 161, 74, 235, 71, 91, 0, 0, 252, 0, 0, 21, 1, 0, 14, 5, 79]
1542803195523;[171, 0, 17, 255, 161, 74, 235, 71, 92, 0, 0, 253, 0, 0, 21, 1, 0, 11, 5, 57]
1542803195526;[171, 0, 17, 255, 161, 74, 235, 71, 92, 0, 0, 253, 0, 0, 19, 1, 0, 11, 5, 46]
1542803195688;[171, 0, 17, 255, 161, 74, 235, 71, 92, 0, 0, 253, 0, 0, 19, 1, 0, 11, 5, 54]
1542803195864;[171, 0, 17, 255, 161, 74, 235, 71, 92, 0, 0, 253, 0, 0, 18, 1, 0, 10, 5, 35]
1542803195869;[171, 0, 17, 255, 161, 74, 235, 71, 92, 0, 0, 253, 0, 0, 18, 1, 0, 13, 5, 5]
1542803195871;[171, 0, 4, 255, 132, 128, 87]
1542803196035;[171, 0, 17, 255, 161, 74, 235, 71, 92, 0, 0, 252, 0, 0, 20, 1, 0, 11, 4, 234]
1542803196206;[171, 0, 17, 255, 161, 74, 235, 71, 92, 0, 0, 254, 0, 0, 21, 1, 0, 12, 4, 230]
1542803196209;[171, 0, 17, 255, 161, 74, 235, 71, 92, 0, 0, 253, 0, 0, 20, 1, 0, 10, 4, 229]
1542803196552;[171, 0, 17, 255, 161, 74, 235, 71, 92, 0, 0, 252, 0, 0, 19, 1, 0, 12, 4, 255]
1542803196556;[171, 0, 17, 255, 161, 74, 235, 71, 92, 0, 0, 251, 0, 0, 23, 1, 0, 13, 5, 11]
1542803196725;[171, 0, 17, 255, 161, 74, 235, 71, 93, 0, 0, 253, 0, 0, 22, 1, 0, 12, 5, 16]
1542803196728;[171, 0, 17, 255, 161, 74, 235, 71, 93, 0, 0, 252, 0, 0, 21, 1, 0, 11, 5, 8]
1542803196900;[171, 0, 17, 255, 161, 74, 235, 71, 93, 0, 0, 252, 0, 0, 21, 1, 0, 12, 4, 255]
1542803196901;[171, 0, 17, 255, 161, 74, 235, 71, 93, 0, 0, 251, 0, 0, 22, 1, 0, 12, 5, 3]
1542803196904;[171, 0, 17, 255, 161, 74, 235, 71, 93, 0, 0, 253, 0, 0, 20, 1, 0, 12, 5, 8]
1542803197068;[171, 0, 4, 255, 132, 128, 87]
1542803197071;[171, 0, 17, 255, 161, 74, 235, 71, 93, 0, 0, 254, 0, 0, 20, 1, 0, 13, 5, 10]
1542803197934;[171, 0, 17, 255, 161, 74, 235, 71, 93, 0, 0, 252, 0, 0, 20, 1, 0, 12, 5, 10]
1542803197935;[171, 0, 17, 255, 161, 74, 235, 71, 93, 0, 0, 254, 0, 0, 21, 1, 0, 13, 5, 4]
1542803198105;[171, 0, 17, 255, 161, 74, 235, 71, 93, 0, 0, 250, 0, 0, 21, 1, 0, 13, 5, 1]
1542803198111;[171, 0, 17, 255, 161, 74, 235, 71, 93, 0, 0, 255, 0, 0, 20, 1, 0, 13, 5, 2]
1542803198112;[171, 0, 17, 255, 161, 74, 235, 71, 94, 0, 0, 253, 0, 0, 20, 1, 0, 11, 5, 32]
1542803198113;[171, 0, 17, 255, 161, 74, 235, 71, 94, 0, 0, 253, 0, 0, 20, 1, 0, 14, 5, 35]
1542803198278;[171, 0, 17, 255, 161, 74, 235, 71, 94, 0, 0, 255, 0, 0, 18, 1, 0, 13, 5, 35]
1542803198279;[171, 0, 17, 255, 161, 74, 235, 71, 94, 0, 0, 253, 0, 0, 20, 1, 0, 13, 5, 37]
1542803198282;[171, 0, 17, 255, 161, 74, 235, 71, 94, 0, 0, 251, 0, 0, 19, 1, 0, 12, 5, 27]
1542803198284;[171, 0, 4, 255, 132, 128, 89]
1542803198448;[171, 0, 17, 255, 161, 74, 235, 71, 94, 0, 0, 251, 0, 0, 20, 1, 0, 13, 5, 45]
1542803198619;[171, 0, 17, 255, 161, 74, 235, 71, 94, 0, 0, 254, 0, 0, 22, 1, 0, 11, 5, 90]
1542803198788;[171, 0, 17, 255, 161, 74, 235, 71, 94, 0, 0, 250, 0, 0, 18, 1, 0, 13, 5, 101]
1542803199486;[171, 0, 17, 255, 161, 74, 235, 71, 94, 0, 0, 253, 0, 0, 21, 1, 0, 13, 5, 92]
1542803199492;[171, 0, 17, 255, 161, 74, 235, 71, 94, 0, 0, 252, 0, 0, 20, 1, 0, 12, 5, 92]
1542803199497;[171, 0, 17, 255, 161, 74, 235, 71, 95, 0, 0, 252, 0, 0, 20, 1, 0, 12, 5, 75]
1542803199499;[171, 0, 17, 255, 161, 74, 235, 71, 95, 0, 0, 254, 0, 0, 19, 1, 0, 11, 5, 82]
1542803200174;[171, 0, 17, 255, 161, 74, 235, 71, 95, 0, 0, 251, 0, 0, 20, 1, 0, 14, 5, 114]
1542803200518;[171, 0, 17, 255, 161, 74, 235, 71, 95, 0, 0, 252, 0, 0, 20, 1, 0, 12, 5, 109]
1542803200521;[171, 0, 17, 255, 161, 74, 235, 71, 95, 0, 0, 253, 0, 0, 21, 1, 0, 13, 5, 105]
1542803200694;[171, 0, 4, 255, 132, 128, 91]
1542803200697;[171, 0, 17, 255, 161, 74, 235, 71, 95, 0, 0, 251, 0, 0, 20, 1, 0, 13, 5, 93]
1542803200701;[171, 0, 17, 255, 161, 74, 235, 71, 95, 0, 0, 252, 0, 0, 22, 1, 0, 12, 5, 86]
1542803200705;[171, 0, 17, 255, 161, 74, 235, 71, 95, 0, 0, 253, 0, 0, 20, 1, 0, 12, 5, 120]
1542803200867;[171, 0, 17, 255, 161, 74, 235, 71, 95, 0, 0, 250, 0, 0, 19, 1, 0, 11, 5, 147]
1542803200873;[171, 0, 17, 255, 161, 74, 235, 71, 98, 0, 0, 253, 0, 0, 20, 1, 0, 13, 5, 62]
1542803200875;[171, 0, 17, 255, 161, 74, 235, 71, 98, 0, 0, 250, 0, 0, 21, 1, 0, 15, 5, 63]
1542803200878;[171, 0, 17, 255, 161, 74, 235, 71, 98, 0, 0, 250, 0, 0, 21, 1, 0, 15, 5, 53]
1542803201035;[171, 0, 17, 255, 161, 74, 235, 71, 98, 0, 0, 254, 0, 0, 19, 1, 0, 12, 5, 15]
1542803201038;[171, 0, 4, 255, 132, 128, 95]
1542803201041;[171, 0, 17, 255, 161, 74, 235, 71, 98, 0, 0, 254, 0, 0, 18, 1, 0, 13, 4, 225]
1542803201211;[171, 0, 17, 255, 161, 74, 235, 71, 98, 0, 0, 252, 0, 0, 21, 1, 0, 13, 4, 218]
1542803201213;[171, 0, 17, 255, 161, 74, 235, 71, 98, 0, 0, 254, 0, 0, 21, 1, 0, 13, 4, 210]
1542803201728;[171, 0, 17, 255, 161, 74, 235, 71, 98, 0, 0, 252, 0, 0, 20, 1, 0, 13, 4, 189]
1542803201731;[171, 0, 17, 255, 161, 74, 235, 71, 98, 0, 0, 252, 0, 0, 19, 1, 0, 12, 4, 161]
1542803201735;[171, 0, 17, 255, 161, 74, 235, 71, 99, 0, 0, 254, 0, 0, 19, 1, 0, 15, 4, 146]
1542803201739;[171, 0, 17, 255, 161, 74, 235, 71, 99, 0, 0, 252, 0, 0, 19, 1, 0, 14, 4, 121]
1542803201899;[171, 0, 17, 255, 161, 74, 235, 71, 99, 0, 0, 249, 0, 0, 17, 1, 0, 18, 4, 21]
1542803201903;[171, 0, 17, 255, 161, 74, 235, 71, 99, 0, 0, 254, 0, 0, 22, 1, 0, 6, 4, 251]
1542803201904;[171, 0, 17, 255, 161, 74, 235, 71, 99, 0, 0, 255, 0, 0, 41, 1, 0, 10, 6, 201]
1542803202080;[171, 0, 4, 255, 132, 128, 96]
1542803202082;[171, 0, 17, 255, 161, 74, 235, 71, 99, 0, 1, 1, 0, 0, 39, 1, 0, 12, 7, 41]
1542803202244;[171, 0, 17, 255, 161, 74, 235, 71, 99, 0, 0, 247, 0, 0, 33, 1, 0, 15, 8, 37]
1542803202416;[171, 0, 17, 255, 161, 74, 235, 71, 99, 0, 0, 246, 0, 0, 33, 1, 0, 21, 9, 36]
1542803203624;[171, 0, 17, 255, 161, 74, 235, 71, 99, 0, 0, 243, 0, 0, 34, 1, 0, 24, 10, 117]
1542803204315;[171, 0, 17, 255, 161, 74, 235, 71, 99, 0, 0, 249, 0, 0, 35, 1, 0, 25, 10, 181]
1542803204662;[171, 0, 17, 255, 161, 74, 235, 71, 100, 0, 0, 251, 0, 0, 35, 1, 0, 50, 10, 251]
1542803204666;[171, 0, 17, 255, 161, 74, 235, 71, 100, 0, 0, 252, 0, 0, 30, 1, 0, 33, 12, 105]
1542803204669;[171, 0, 17, 255, 161, 74, 235, 71, 100, 0, 0, 249, 0, 0, 24, 1, 0, 35, 13, 168]
1542803204673;[171, 0, 17, 255, 161, 74, 235, 71, 100, 0, 0, 250, 0, 0, 23, 1, 0, 36, 31, 132]
1542803205697;[171, 0, 17, 255, 161, 74, 235, 71, 100, 0, 0, 249, 0, 0, 17, 1, 0, 39, 7, 208]
1542803205701;[171, 0, 4, 255, 132, 128, 97]
1542803205705;[171, 0, 17, 255, 161, 74, 235, 71, 100, 0, 0, 251, 0, 0, 14, 1, 0, 40, 8, 215]
1542803205709;[171, 0, 17, 255, 161, 74, 235, 71, 100, 0, 0, 247, 0, 0, 16, 1, 0, 40, 9, 66]
1542803206039;[171, 0, 17, 255, 161, 74, 235, 71, 100, 0, 0, 246, 0, 0, 15, 1, 0, 43, 9, 115]
1542803206041;[171, 0, 17, 255, 161, 74, 235, 71, 100, 0, 0, 248, 0, 0, 16, 1, 0, 42, 9, 129]
1542803206044;[171, 0, 17, 255, 161, 74, 235, 71, 100, 0, 0, 250, 0, 0, 17, 1, 0, 42, 10, 123]
1542803206047;[171, 0, 17, 255, 161, 74, 235, 71, 101, 0, 0, 248, 0, 0, 13, 1, 0, 43, 11, 69]
1542803207075;[171, 0, 17, 255, 161, 74, 235, 71, 103, 0, 0, 248, 0, 0, 13, 1, 0, 45, 7, 233]
1542803207078;[171, 0, 17, 255, 161, 74, 235, 71, 103, 0, 0, 250, 0, 0, 15, 1, 0, 44, 7, 247]
1542803207081;[171, 0, 4, 255, 132, 128, 97]
1542803207084;[171, 0, 17, 255, 161, 74, 235, 71, 103, 0, 0, 251, 0, 0, 15, 1, 0, 45, 8, 138]
1542803209663;[171, 0, 17, 255, 161, 74, 235, 71, 103, 0, 0, 247, 0, 0, 15, 1, 0, 42, 8, 222]
1542803209666;[171, 0, 17, 255, 161, 74, 235, 71, 103, 0, 0, 246, 0, 0, 13, 1, 0, 47, 8, 134]
1542803210009;[171, 0, 17, 255, 161, 74, 235, 71, 103, 0, 0, 248, 0, 0, 15, 1, 0, 42, 9, 78]
1542803210872;[171, 0, 17, 255, 161, 74, 235, 71, 103, 0, 0, 251, 0, 0, 12, 1, 0, 43, 9, 202]
1542803210875;[171, 0, 17, 255, 161, 74, 235, 71, 104, 0, 0, 249, 0, 0, 16, 1, 0, 42, 9, 194]
1542803212078;[171, 0, 17, 255, 161, 74, 235, 71, 104, 0, 0, 250, 0, 0, 14, 1, 0, 42, 9, 69]
1542803212081;[171, 0, 17, 255, 161, 74, 235, 71, 104, 0, 0, 249, 0, 0, 14, 1, 0, 41, 8, 207]
1542803212084;[171, 0, 4, 255, 132, 128, 97]
1542803212087;[171, 0, 17, 255, 161, 74, 235, 71, 106, 0, 0, 249, 0, 0, 10, 1, 0, 43, 4, 224]
1542803212248;[171, 0, 17, 255, 161, 74, 235, 71, 106, 0, 0, 248, 0, 0, 12, 1, 0, 43, 4, 116]
1542803212251;[171, 0, 17, 255, 161, 74, 235, 71, 106, 0, 0, 248, 0, 0, 12, 1, 0, 43, 3, 236]
1542803212253;[171, 0, 17, 255, 161, 74, 235, 71, 106, 0, 0, 247, 0, 0, 12, 1, 0, 44, 3, 73]
1542803212256;[171, 0, 17, 255, 161, 74, 235, 71, 106, 0, 0, 248, 0, 0, 11, 1, 0, 43, 2, 224]
1542803212945;[171, 0, 17, 255, 161, 74, 235, 71, 109, 0, 0, 249, 0, 0, 13, 1, 0, 45, 1, 237]
1542803212947;[171, 0, 17, 255, 161, 74, 235, 71, 109, 0, 0, 248, 0, 0, 12, 1, 0, 45, 1, 124]
1542803212952;[171, 0, 17, 255, 161, 74, 235, 71, 109, 0, 0, 247, 0, 0, 13, 1, 0, 46, 1, 153]
1542803212959;[171, 0, 4, 255, 132, 128, 97]
1542803213284;[171, 0, 17, 255, 161, 74, 235, 71, 109, 0, 0, 250, 0, 0, 14, 1, 0, 43, 1, 228]
1542803213288;[171, 0, 17, 255, 161, 74, 235, 71, 109, 0, 0, 247, 0, 0, 14, 1, 0, 43, 1, 184]
1542803213290;[171, 0, 17, 255, 161, 74, 235, 71, 109, 0, 0, 249, 0, 0, 12, 1, 0, 45, 1, 103]
1542803213294;[171, 0, 17, 255, 161, 74, 235, 71, 109, 0, 0, 248, 0, 0, 12, 1, 0, 46, 1, 56]
1542803213459;[171, 0, 17, 255, 161, 74, 235, 71, 109, 0, 0, 247, 0, 0, 10, 1, 0, 44, 0, 253]
1542803213462;[171, 0, 17, 255, 161, 74, 235, 71, 110, 0, 0, 247, 0, 0, 11, 1, 0, 44, 0, 230]
1542803213466;[171, 0, 17, 255, 161, 74, 235, 71, 110, 0, 0, 247, 0, 0, 11, 1, 0, 44, 1, 167]
1542803213469;[171, 0, 17, 255, 161, 74, 235, 71, 110, 0, 0, 249, 0, 0, 13, 1, 0, 45, 3, 46]
1542803213805;[171, 0, 17, 255, 161, 74, 235, 71, 110, 0, 0, 247, 0, 0, 7, 1, 0, 43, 5, 142]
1542803213809;[171, 0, 17, 255, 161, 74, 235, 71, 110, 0, 0, 247, 0, 0, 13, 1, 0, 44, 7, 242]
1542803213812;[171, 0, 4, 255, 132, 128, 97]
1542803213816;[171, 0, 17, 255, 161, 74, 235, 71, 110, 0, 0, 250, 0, 0, 17, 1, 0, 31, 9, 164]
1542803213990;[171, 0, 17, 255, 161, 74, 235, 71, 110, 0, 0, 251, 0, 0, 20, 1, 0, 24, 10, 201]
1542803214488;[171, 0, 17, 255, 161, 74, 235, 71, 110, 0, 1, 1, 0, 0, 20, 1, 0, 11, 12, 147]
1542803214490;[171, 0, 17, 255, 161, 74, 235, 71, 110, 0, 1, 7, 0, 0, 28, 1, 0, 10, 12, 147]
1542803214492;[171, 0, 17, 255, 161, 74, 235, 71, 110, 0, 0, 255, 0, 0, 35, 1, 0, 5, 13, 172]
1542803214494;[171, 0, 17, 255, 161, 74, 235, 71, 111, 0, 1, 25, 0, 0, 13, 1, 0, 2, 14, 114]
1542803214665;[171, 0, 17, 255, 161, 74, 235, 71, 111, 0, 0, 252, 0, 0, 26, 0, 0, 29, 31, 134]
1542803214668;[171, 0, 17, 255, 161, 74, 235, 71, 111, 0, 0, 248, 0, 0, 48, 0, 0, 41, 7, 208]
1542803214670;[171, 0, 17, 255, 161, 74, 235, 71, 111, 0, 0, 204, 0, 0, 61, 0, 0, 103, 7, 208]
1542803214673;[171, 0, 17, 255, 161, 74, 235, 71, 111, 0, 0, 215, 0, 0, 64, 0, 0, 115, 9, 149]
1542803215009;[171, 0, 4, 255, 132, 128, 97]
1542803215354;[171, 0, 17, 255, 161, 74, 235, 71, 111, 0, 0, 169, 0, 0, 32, 0, 0, 114, 10, 203]
1542803215357;[171, 0, 17, 255, 161, 74, 235, 71, 111, 0, 0, 244, 0, 0, 58, 0, 0, 172, 10, 203]
1542803215360;[171, 0, 17, 255, 161, 74, 235, 71, 111, 0, 0, 224, 0, 0, 62, 0, 0, 107, 12, 14]
1542803215528;[171, 0, 17, 255, 161, 74, 235, 71, 111, 0, 0, 254, 0, 0, 72, 0, 0, 96, 14, 214]
1542803215538;[171, 0, 17, 255, 161, 74, 235, 71, 111, 0, 0, 236, 0, 0, 59, 0, 0, 122, 31, 190]
1542803216044;[171, 0, 17, 255, 161, 74, 235, 71, 112, 0, 0, 235, 0, 0, 51, 0, 0, 90, 7, 208]
1542803216047;[171, 0, 17, 255, 161, 74, 235, 71, 112, 0, 0, 244, 0, 0, 45, 0, 0, 73, 2, 87]
1542803216050;[171, 0, 17, 255, 161, 74, 235, 71, 112, 0, 0, 254, 0, 0, 49, 0, 0, 35, 2, 87]
1542803216052;[171, 0, 17, 255, 161, 74, 235, 71, 112, 0, 0, 255, 0, 0, 45, 0, 0, 25, 2, 87]
1542803216218;[171, 0, 17, 255, 161, 74, 235, 71, 112, 0, 0, 253, 0, 0, 35, 0, 0, 14, 1, 123]
1542803216222;[171, 0, 4, 255, 132, 128, 97]
1542803216226;[171, 0, 17, 255, 161, 74, 235, 71, 112, 0, 0, 249, 0, 0, 37, 0, 0, 23, 16, 195]
1542803216228;[171, 0, 17, 255, 161, 74, 235, 71, 112, 0, 0, 248, 0, 0, 33, 0, 0, 18, 6, 115]
1542803217248;[171, 0, 17, 255, 161, 74, 235, 71, 112, 0, 0, 252, 0, 0, 33, 0, 0, 17, 6, 115]
1542803217423;[171, 0, 17, 255, 161, 74, 235, 71, 112, 0, 0, 251, 0, 0, 32, 0, 0, 18, 6, 115]
1542803217426;[171, 0, 17, 255, 161, 74, 235, 71, 112, 0, 0, 250, 0, 0, 31, 0, 0, 17, 5, 10]
1542803217429;[171, 0, 17, 255, 161, 74, 235, 71, 113, 0, 0, 250, 0, 0, 26, 0, 0, 19, 3, 152]
1542803217431;[171, 0, 17, 255, 161, 74, 235, 71, 113, 0, 0, 251, 0, 0, 31, 0, 0, 17, 2, 65]
1542803217770;[171, 0, 17, 255, 161, 74, 235, 71, 113, 0, 0, 255, 0, 0, 27, 0, 0, 17, 1, 11]
1542803217773;[171, 0, 17, 255, 161, 74, 235, 71, 113, 0, 0, 254, 0, 0, 29, 0, 0, 17, 1, 11]
1542803217777;[171, 0, 17, 255, 161, 74, 235, 71, 113, 0, 0, 253, 0, 0, 28, 0, 0, 16, 16, 19]
1542803217780;[171, 0, 4, 255, 132, 128, 97]
1542803218461;[171, 0, 17, 255, 161, 74, 235, 71, 113, 0, 0, 251, 0, 0, 27, 0, 0, 17, 6, 213]
1542803218465;[171, 0, 17, 255, 161, 74, 235, 71, 113, 0, 0, 249, 0, 0, 25, 0, 0, 16, 5, 242]
1542803218468;[171, 0, 17, 255, 161, 74, 235, 71, 113, 0, 0, 251, 0, 0, 23, 0, 0, 16, 5, 23]
1542803218472;[171, 0, 17, 255, 161, 74, 235, 71, 113, 0, 0, 251, 0, 0, 26, 0, 0, 15, 4, 79]
1542803218633;[171, 0, 17, 255, 161, 74, 235, 71, 113, 0, 0, 252, 0, 0, 23, 0, 0, 14, 3, 160]
1542803218636;[171, 0, 17, 255, 161, 74, 235, 71, 114, 0, 0, 248, 0, 0, 22, 0, 0, 15, 3, 0]
1542803218639;[171, 0, 17, 255, 161, 74, 235, 71, 114, 0, 0, 253, 0, 0, 27, 0, 0, 13, 3, 0]
1542803218643;[171, 0, 17, 255, 161, 74, 235, 71, 116, 0, 0, 251, 0, 0, 23, 0, 0, 12, 3, 139]
1542803218801;[171, 0, 4, 255, 132, 128, 96]
1542803218980;[171, 0, 17, 255, 161, 74, 235, 71, 116, 0, 0, 250, 0, 0, 22, 0, 0, 13, 3, 93]
1542803218984;[171, 0, 17, 255, 161, 74, 235, 71, 116, 0, 0, 253, 0, 0, 22, 0, 0, 13, 3, 24]
1542803218987;[171, 0, 17, 255, 161, 74, 235, 71, 116, 0, 0, 252, 0, 0, 22, 0, 0, 13, 2, 223]
1542803219321;[171, 0, 17, 255, 161, 74, 235, 71, 116, 0, 0, 252, 0, 0, 21, 0, 0, 14, 2, 172]
1542803219324;[171, 0, 17, 255, 161, 74, 235, 71, 116, 0, 0, 251, 0, 0, 19, 0, 0, 14, 2, 115]
1542803219328;[171, 0, 17, 255, 161, 74, 235, 71, 117, 0, 0, 251, 0, 0, 20, 0, 0, 13, 2, 63]
1542803219841;[171, 0, 17, 255, 161, 74, 235, 71, 117, 0, 0, 249, 0, 0, 22, 0, 0, 13, 2, 20]
1542803219847;[171, 0, 17, 255, 161, 74, 235, 71, 117, 0, 0, 251, 0, 0, 20, 0, 0, 13, 1, 214]
1542803219849;[171, 0, 17, 255, 161, 74, 235, 71, 117, 0, 0, 253, 0, 0, 22, 0, 0, 13, 1, 165]
1542803219853;[171, 0, 17, 255, 161, 74, 235, 71, 117, 0, 0, 253, 0, 0, 20, 0, 0, 14, 1, 113]
1542803220009;[171, 0, 4, 255, 132, 128, 95]
1542803220013;[171, 0, 17, 255, 161, 74, 235, 71, 117, 0, 0, 253, 0, 0, 18, 0, 0, 12, 1, 65]
1542803220016;[171, 0, 17, 255, 161, 74, 235, 71, 117, 0, 0, 252, 0, 0, 19, 0, 0, 12, 1, 14]
1542803220183;[171, 0, 17, 255, 161, 74, 235, 71, 117, 0, 0, 255, 0, 0, 20, 0, 0, 13, 0, 224]
1542803220186;[171, 0, 17, 255, 161, 74, 235, 71, 117, 0, 0, 253, 0, 0, 18, 0, 0, 14, 16, 183]
1542803220876;[171, 0, 17, 255, 161, 74, 235, 71, 117, 0, 0, 252, 0, 0, 19, 0, 0, 12, 7, 165]
1542803220881;[171, 0, 17, 255, 161, 74, 235, 71, 118, 0, 0, 253, 0, 0, 19, 0, 0, 11, 7, 115]
1542803220884;[171, 0, 17, 255, 161, 74, 235, 71, 118, 0, 0, 255, 0, 0, 20, 0, 0, 13, 7, 69]
1542803220888;[171, 0, 17, 255, 161, 74, 235, 71, 118, 0, 0, 251, 0, 0, 20, 0, 0, 11, 7, 47]
1542803221045;[171, 0, 17, 255, 161, 74, 235, 71, 118, 0, 0, 250, 0, 0, 19, 0, 0, 12, 6, 255]
1542803221048;[171, 0, 17, 255, 161, 74, 235, 71, 118, 0, 0, 250, 0, 0, 18, 0, 0, 12, 6, 207]
1542803221050;[171, 0, 4, 255, 132, 128, 94]
1542803221053;[171, 0, 17, 255, 161, 74, 235, 71, 118, 0, 0, 250, 0, 0, 22, 0, 0, 14, 6, 159]
1542803221218;[171, 0, 17, 255, 161, 74, 235, 71, 118, 0, 0, 254, 0, 0, 20, 0, 0, 13, 6, 120]
1542803222598;[171, 0, 17, 255, 161, 74, 235, 71, 118, 0, 0, 252, 0, 0, 21, 0, 0, 15, 6, 79]
1542803222602;[171, 0, 17, 255, 161, 74, 235, 71, 118, 0, 0, 250, 0, 0, 21, 0, 0, 15, 6, 44]
1542803222773;[171, 0, 17, 255, 161, 74, 235, 71, 118, 0, 0, 250, 0, 0, 19, 0, 0, 13, 6, 31]
1542803222775;[171, 0, 17, 255, 161, 74, 235, 71, 119, 0, 0, 253, 0, 0, 19, 0, 0, 13, 6, 18]
1542803223639;[171, 0, 17, 255, 161, 74, 235, 71, 119, 0, 0, 252, 0, 0, 17, 0, 0, 12, 5, 248]
1542803223640;[171, 0, 17, 255, 161, 74, 235, 71, 119, 0, 0, 251, 0, 0, 18, 0, 0, 15, 5, 230]
1542803223644;[171, 0, 17, 255, 161, 74, 235, 71, 119, 0, 0, 251, 0, 0, 17, 0, 0, 14, 5, 202]
1542803223647;[171, 0, 17, 255, 161, 74, 235, 71, 119, 0, 0, 253, 0, 0, 20, 0, 0, 15, 5, 175]
1542803223807;[171, 0, 4, 255, 132, 128, 93]
1542803223811;[171, 0, 17, 255, 161, 74, 235, 71, 119, 0, 0, 251, 0, 0, 18, 0, 0, 12, 5, 151]
1542803223813;[171, 0, 17, 255, 161, 74, 235, 71, 119, 0, 0, 254, 0, 0, 18, 0, 0, 13, 5, 116]
1542803223816;[171, 0, 17, 255, 161, 74, 235, 71, 119, 0, 0, 252, 0, 0, 17, 0, 0, 14, 5, 101]
1542803223980;[171, 0, 17, 255, 161, 74, 235, 71, 119, 0, 0, 251, 0, 0, 18, 0, 0, 16, 5, 78]
1542803224151;[171, 0, 17, 255, 161, 74, 235, 71, 119, 0, 0, 251, 0, 0, 19, 0, 0, 15, 5, 46]
1542803224498;[171, 0, 17, 255, 161, 74, 235, 71, 120, 0, 0, 250, 0, 0, 21, 0, 0, 15, 5, 21]
1542803225015;[171, 0, 17, 255, 161, 74, 235, 71, 120, 0, 0, 253, 0, 0, 17, 0, 0, 15, 4, 238]
1542803225019;[171, 0, 17, 255, 161, 74, 235, 71, 120, 0, 0, 252, 0, 0, 17, 0, 0, 16, 4, 223]
1542803225021;[171, 0, 17, 255, 161, 74, 235, 71, 120, 0, 0, 250, 0, 0, 18, 0, 0, 15, 4, 221]
1542803225024;[171, 0, 17, 255, 161, 74, 235, 71, 120, 0, 0, 253, 0, 0, 17, 0, 0, 13, 4, 199]
1542803225359;[171, 0, 4, 255, 132, 128, 92]
1542803225363;[171, 0, 17, 255, 161, 74, 235, 71, 120, 0, 0, 249, 0, 0, 17, 0, 0, 16, 4, 167]
1542803225704;[171, 0, 17, 255, 161, 74, 235, 71, 120, 0, 0, 251, 0, 0, 18, 0, 0, 14, 4, 146]
1542803225708;[171, 0, 17, 255, 161, 74, 235, 71, 120, 0, 0, 251, 0, 0, 16, 0, 0, 15, 4, 121]
1542803226049;[171, 0, 17, 255, 161, 74, 235, 71, 120, 0, 0, 252, 0, 0, 16, 0, 0, 16, 4, 121]
1542803226222;[171, 0, 17, 255, 161, 74, 235, 71, 120, 0, 0, 253, 0, 0, 16, 0, 0, 17, 4, 178]
1542803226226;[171, 0, 17, 255, 161, 74, 235, 71, 121, 0, 0, 252, 0, 0, 13, 0, 0, 15, 4, 161]
1542803226229;[171, 0, 17, 255, 161, 74, 235, 71, 123, 0, 0, 251, 0, 0, 16, 0, 0, 13, 1, 31]
1542803226234;[171, 0, 17, 255, 161, 74, 235, 71, 123, 0, 0, 252, 0, 0, 19, 0, 0, 12, 0, 242]
1542803226738;[171, 0, 4, 255, 132, 128, 91]
1542803227430;[171, 0, 17, 255, 161, 74, 235, 71, 123, 0, 0, 253, 0, 0, 20, 0, 0, 13, 16, 195]
1542803227434;[171, 0, 17, 255, 161, 74, 235, 71, 123, 0, 0, 249, 0, 0, 16, 0, 0, 13, 7, 176]
1542803227437;[171, 0, 17, 255, 161, 74, 235, 71, 123, 0, 0, 255, 0, 0, 17, 0, 0, 15, 7, 152]
1542803227441;[171, 0, 17, 255, 161, 74, 235, 71, 123, 0, 0, 252, 0, 0, 15, 0, 0, 14, 7, 202]
1542803227775;[171, 0, 17, 255, 161, 74, 235, 71, 123, 0, 0, 251, 0, 0, 13, 0, 0, 19, 8, 73]
1542803227782;[171, 0, 17, 255, 161, 74, 235, 71, 128, 0, 0, 252, 0, 0, 15, 0, 0, 19, 9, 20]
1542803227784;[171, 0, 17, 255, 161, 74, 235, 71, 128, 0, 0, 252, 0, 0, 13, 0, 0, 20, 9, 219]
1542803228982;[171, 0, 17, 255, 161, 74, 235, 71, 128, 0, 0, 250, 0, 0, 14, 0, 0, 21, 10, 99]
1542803228988;[171, 0, 17, 255, 161, 74, 235, 71, 128, 0, 0, 252, 0, 0, 13, 0, 0, 18, 10, 212]
1542803230187;[171, 0, 17, 255, 161, 74, 235, 71, 128, 0, 0, 249, 0, 0, 12, 0, 0, 20, 11, 77]
1542803230877;[171, 0, 4, 255, 132, 128, 91]
1542803231397;[171, 0, 17, 255, 161, 74, 235, 71, 128, 0, 0, 250, 0, 0, 13, 0, 0, 18, 11, 157]
1542803231400;[171, 0, 17, 255, 161, 74, 235, 71, 128, 0, 0, 250, 0, 0, 12, 0, 0, 21, 12, 12]
1542803231403;[171, 0, 17, 255, 161, 74, 235, 71, 128, 0, 0, 251, 0, 0, 14, 0, 0, 22, 12, 250]
1542803231407;[171, 0, 17, 255, 161, 74, 235, 71, 128, 0, 0, 252, 0, 0, 13, 0, 0, 21, 13, 235]
1542803231742;[171, 0, 17, 255, 161, 74, 235, 71, 128, 0, 0, 250, 0, 0, 13, 0, 0, 20, 14, 158]
1542803232433;[171, 0, 17, 255, 161, 74, 235, 71, 129, 0, 0, 253, 0, 0, 12, 0, 0, 21, 15, 37]
1542803232438;[171, 0, 17, 255, 161, 74, 235, 71, 131, 0, 0, 252, 0, 0, 12, 0, 0, 14, 1, 114]
1542803232441;[171, 0, 17, 255, 161, 74, 235, 71, 131, 0, 0, 253, 0, 0, 12, 0, 0, 14, 1, 142]
1542803232951;[171, 0, 4, 255, 132, 128, 89]
1542803232957;[171, 0, 17, 255, 161, 74, 235, 71, 131, 0, 0, 253, 0, 0, 13, 0, 0, 13, 1, 139]
1542803232959;[171, 0, 17, 255, 161, 74, 235, 71, 131, 0, 0, 251, 0, 0, 13, 0, 0, 15, 1, 109]
1542803232962;[171, 0, 17, 255, 161, 74, 235, 71, 131, 0, 0, 251, 0, 0, 10, 0, 0, 15, 1, 107]
1542803236574;[171, 0, 17, 255, 161, 74, 235, 71, 131, 0, 0, 253, 0, 0, 10, 0, 0, 17, 1, 158]
1542803236579;[171, 0, 17, 255, 161, 74, 235, 71, 134, 0, 0, 251, 0, 0, 7, 0, 0, 19, 31, 75]
1542803236587;[171, 0, 17, 255, 161, 74, 235, 71, 134, 0, 0, 252, 0, 0, 7, 0, 0, 21, 7, 208]
1542803236592;[171, 0, 17, 255, 161, 74, 235, 71, 134, 0, 0, 253, 0, 0, 7, 0, 0, 21, 7, 155]
