1542736301523;[171, 0, 17, 255, 161, 74, 234, 29, 154, 1, 0, 3, 1, 0, 116, 0, 0, 226, 4, 149]
1542736301531;[171, 0, 17, 255, 161, 74, 234, 29, 154, 1, 0, 3, 1, 0, 116, 0, 0, 229, 4, 127]
1542736301532;[171, 0, 17, 255, 161, 74, 234, 29, 154, 1, 0, 3, 1, 0, 116, 0, 0, 229, 4, 127]
1542736301534;[171, 0, 17, 255, 161, 74, 234, 29, 154, 1, 0, 2, 1, 0, 117, 0, 0, 227, 4, 71]
1542736301536;[171, 0, 17, 255, 161, 74, 234, 29, 154, 1, 0, 2, 1, 0, 117, 0, 0, 227, 4, 71]
1542736301687;[171, 0, 17, 255, 161, 74, 234, 29, 155, 1, 0, 4, 1, 0, 118, 0, 0, 227, 4, 29]
1542736301690;[171, 0, 17, 255, 161, 74, 234, 29, 155, 1, 0, 4, 1, 0, 118, 0, 0, 227, 4, 29]
1542736301692;[171, 0, 17, 255, 161, 74, 234, 29, 155, 1, 0, 4, 1, 0, 115, 0, 0, 228, 4, 77]
1542736301694;[171, 0, 17, 255, 161, 74, 234, 29, 155, 1, 0, 4, 1, 0, 115, 0, 0, 228, 4, 77]
1542736302032;[171, 0, 17, 255, 161, 74, 234, 29, 155, 1, 0, 4, 1, 0, 116, 0, 0, 227, 4, 123]
1542736302035;[171, 0, 17, 255, 161, 74, 234, 29, 155, 1, 0, 4, 1, 0, 116, 0, 0, 227, 4, 123]
1542736302037;[171, 0, 4, 255, 132, 128, 67]
1542736302040;[171, 0, 4, 255, 132, 128, 67]
1542736302043;[171, 0, 17, 255, 161, 74, 234, 29, 155, 1, 0, 5, 1, 0, 118, 0, 0, 229, 4, 116]
1542736302045;[171, 0, 17, 255, 161, 74, 234, 29, 155, 1, 0, 5, 1, 0, 118, 0, 0, 229, 4, 116]
1542736302204;[171, 0, 17, 255, 161, 74, 234, 29, 155, 1, 0, 7, 1, 0, 117, 0, 0, 227, 4, 71]
1542736302206;[171, 0, 17, 255, 161, 74, 234, 29, 155, 1, 0, 7, 1, 0, 117, 0, 0, 227, 4, 71]
1542736302209;[171, 0, 17, 255, 161, 74, 234, 29, 155, 1, 0, 2, 1, 0, 116, 0, 0, 229, 4, 49]
1542736302211;[171, 0, 17, 255, 161, 74, 234, 29, 155, 1, 0, 2, 1, 0, 116, 0, 0, 229, 4, 49]
1542736302378;[171, 0, 17, 255, 161, 74, 234, 29, 155, 1, 0, 6, 1, 0, 117, 0, 0, 229, 4, 6]
1542736302380;[171, 0, 17, 255, 161, 74, 234, 29, 155, 1, 0, 6, 1, 0, 117, 0, 0, 229, 4, 6]
1542736302383;[171, 0, 17, 255, 161, 74, 234, 29, 155, 1, 0, 3, 1, 0, 116, 0, 0, 228, 3, 213]
1542736302385;[171, 0, 17, 255, 161, 74, 234, 29, 155, 1, 0, 3, 1, 0, 116, 0, 0, 228, 3, 213]
1542736304522;[171, 0, 17, 255, 161, 74, 234, 29, 155, 1, 0, 3, 1, 0, 116, 0, 0, 228, 3, 169]
1542736304523;[171, 0, 17, 255, 161, 74, 234, 29, 155, 1, 0, 3, 1, 0, 116, 0, 0, 228, 3, 169]
1542736304534;[171, 0, 17, 255, 161, 74, 234, 29, 155, 1, 0, 4, 1, 0, 117, 0, 0, 228, 3, 210]
1542736304536;[171, 0, 17, 255, 161, 74, 234, 29, 155, 1, 0, 4, 1, 0, 117, 0, 0, 228, 3, 210]
1542736304538;[171, 0, 17, 255, 161, 74, 234, 29, 156, 1, 0, 6, 1, 0, 117, 0, 0, 227, 4, 14]
1542736304540;[171, 0, 17, 255, 161, 74, 234, 29, 156, 1, 0, 6, 1, 0, 117, 0, 0, 227, 4, 14]
1542736304551;[171, 0, 17, 255, 161, 74, 234, 29, 156, 1, 0, 5, 1, 0, 117, 0, 0, 229, 4, 5]
1542736304553;[171, 0, 17, 255, 161, 74, 234, 29, 156, 1, 0, 5, 1, 0, 117, 0, 0, 229, 4, 5]
1542736304555;[171, 0, 17, 255, 161, 74, 234, 29, 156, 1, 0, 4, 1, 0, 118, 0, 0, 229, 3, 224]
1542736304556;[171, 0, 17, 255, 161, 74, 234, 29, 156, 1, 0, 4, 1, 0, 118, 0, 0, 229, 3, 224]
1542736304584;[171, 0, 4, 255, 132, 128, 68]
1542736304586;[171, 0, 4, 255, 132, 128, 68]
1542736304588;[171, 0, 17, 255, 161, 74, 234, 29, 156, 1, 0, 4, 1, 0, 116, 0, 0, 227, 3, 196]
1542736304590;[171, 0, 17, 255, 161, 74, 234, 29, 156, 1, 0, 4, 1, 0, 116, 0, 0, 227, 3, 196]
1542736304591;[171, 0, 17, 255, 161, 74, 234, 29, 156, 1, 0, 5, 1, 0, 117, 0, 0, 227, 3, 158]
1542736304593;[171, 0, 17, 255, 161, 74, 234, 29, 156, 1, 0, 5, 1, 0, 117, 0, 0, 227, 3, 158]
1542736304606;[171, 0, 17, 255, 161, 74, 234, 29, 156, 1, 0, 5, 1, 0, 116, 0, 0, 229, 3, 103]
1542736304608;[171, 0, 17, 255, 161, 74, 234, 29, 156, 1, 0, 5, 1, 0, 116, 0, 0, 229, 3, 103]
1542736304613;[171, 0, 17, 255, 161, 74, 234, 29, 156, 1, 0, 4, 1, 0, 116, 0, 0, 228, 3, 59]
1542736304616;[171, 0, 17, 255, 161, 74, 234, 29, 156, 1, 0, 4, 1, 0, 116, 0, 0, 228, 3, 59]
1542736304618;[171, 0, 17, 255, 161, 74, 234, 29, 156, 1, 0, 5, 1, 0, 116, 0, 0, 228, 3, 33]
1542736304620;[171, 0, 17, 255, 161, 74, 234, 29, 156, 1, 0, 5, 1, 0, 116, 0, 0, 228, 3, 33]
1542736304622;[171, 0, 17, 255, 161, 74, 234, 29, 156, 1, 0, 4, 1, 0, 116, 0, 0, 227, 3, 114]
1542736304624;[171, 0, 17, 255, 161, 74, 234, 29, 156, 1, 0, 4, 1, 0, 116, 0, 0, 227, 3, 114]
1542736304634;[171, 0, 17, 255, 161, 74, 234, 29, 156, 1, 0, 5, 1, 0, 118, 0, 0, 227, 3, 142]
1542736304635;[171, 0, 17, 255, 161, 74, 234, 29, 156, 1, 0, 5, 1, 0, 118, 0, 0, 227, 3, 142]
1542736304656;[171, 0, 17, 255, 161, 74, 234, 29, 157, 1, 0, 3, 1, 0, 117, 0, 0, 227, 3, 130]
1542736304657;[171, 0, 17, 255, 161, 74, 234, 29, 157, 1, 0, 3, 1, 0, 117, 0, 0, 227, 3, 130]
1542736304658;[171, 0, 17, 255, 161, 74, 234, 29, 157, 1, 0, 6, 1, 0, 116, 0, 0, 227, 3, 94]
1542736304659;[171, 0, 17, 255, 161, 74, 234, 29, 157, 1, 0, 6, 1, 0, 116, 0, 0, 227, 3, 94]
1542736304660;[171, 0, 17, 255, 161, 74, 234, 29, 157, 1, 0, 5, 1, 0, 115, 0, 0, 227, 3, 66]
1542736304661;[171, 0, 17, 255, 161, 74, 234, 29, 157, 1, 0, 5, 1, 0, 115, 0, 0, 227, 3, 66]
1542736304662;[171, 0, 4, 255, 132, 128, 68]
1542736304663;[171, 0, 4, 255, 132, 128, 68]
1542736304967;[171, 0, 17, 255, 161, 74, 234, 29, 157, 1, 0, 3, 1, 0, 115, 0, 0, 228, 3, 21]
1542736304969;[171, 0, 17, 255, 161, 74, 234, 29, 157, 1, 0, 3, 1, 0, 115, 0, 0, 228, 3, 21]
1542736304971;[171, 0, 17, 255, 161, 74, 234, 29, 157, 1, 0, 6, 1, 0, 118, 0, 0, 229, 2, 238]
1542736304974;[171, 0, 17, 255, 161, 74, 234, 29, 157, 1, 0, 6, 1, 0, 118, 0, 0, 229, 2, 238]
1542736304976;[171, 0, 17, 255, 161, 74, 234, 29, 157, 1, 0, 3, 1, 0, 117, 0, 0, 229, 2, 188]
1542736304978;[171, 0, 17, 255, 161, 74, 234, 29, 157, 1, 0, 3, 1, 0, 117, 0, 0, 229, 2, 188]
1542736304980;[171, 0, 17, 255, 161, 74, 234, 29, 157, 1, 0, 3, 1, 0, 117, 0, 0, 228, 2, 189]
1542736304981;[171, 0, 17, 255, 161, 74, 234, 29, 157, 1, 0, 3, 1, 0, 117, 0, 0, 228, 2, 189]
1542736305139;[171, 0, 17, 255, 161, 74, 234, 29, 157, 1, 0, 5, 1, 0, 117, 0, 0, 228, 3, 4]
1542736305141;[171, 0, 17, 255, 161, 74, 234, 29, 157, 1, 0, 5, 1, 0, 117, 0, 0, 228, 3, 4]
1542736305144;[171, 0, 17, 255, 161, 74, 234, 29, 157, 1, 0, 4, 1, 0, 118, 0, 0, 228, 3, 24]
1542736305146;[171, 0, 17, 255, 161, 74, 234, 29, 157, 1, 0, 4, 1, 0, 118, 0, 0, 228, 3, 24]
1542736305148;[171, 0, 17, 255, 161, 74, 234, 29, 157, 1, 0, 1, 1, 0, 116, 0, 0, 228, 3, 6]
1542736305150;[171, 0, 17, 255, 161, 74, 234, 29, 157, 1, 0, 1, 1, 0, 116, 0, 0, 228, 3, 6]
1542736305152;[171, 0, 17, 255, 161, 74, 234, 29, 158, 1, 0, 4, 1, 0, 117, 0, 0, 229, 2, 239]
1542736305154;[171, 0, 17, 255, 161, 74, 234, 29, 158, 1, 0, 4, 1, 0, 117, 0, 0, 229, 2, 239]
1542736305310;[171, 0, 17, 255, 161, 74, 234, 29, 158, 1, 0, 5, 1, 0, 116, 0, 0, 227, 2, 214]
1542736305313;[171, 0, 17, 255, 161, 74, 234, 29, 158, 1, 0, 5, 1, 0, 116, 0, 0, 227, 2, 214]
1542736305315;[171, 0, 17, 255, 161, 74, 234, 29, 158, 1, 0, 4, 1, 0, 117, 0, 0, 228, 2, 180]
1542736305317;[171, 0, 17, 255, 161, 74, 234, 29, 158, 1, 0, 4, 1, 0, 117, 0, 0, 228, 2, 180]
1542736305319;[171, 0, 4, 255, 132, 128, 69]
1542736305321;[171, 0, 4, 255, 132, 128, 69]
1542736305482;[171, 0, 17, 255, 161, 74, 234, 29, 158, 1, 0, 5, 1, 0, 117, 0, 0, 228, 2, 145]
1542736305485;[171, 0, 17, 255, 161, 74, 234, 29, 158, 1, 0, 5, 1, 0, 117, 0, 0, 228, 2, 145]
1542736305490;[171, 0, 17, 255, 161, 74, 234, 29, 158, 1, 0, 4, 1, 0, 118, 0, 0, 228, 2, 157]
1542736305492;[171, 0, 17, 255, 161, 74, 234, 29, 158, 1, 0, 4, 1, 0, 118, 0, 0, 228, 2, 157]
1542736305828;[171, 0, 17, 255, 161, 74, 234, 29, 158, 1, 0, 3, 1, 0, 117, 0, 0, 227, 2, 223]
1542736305830;[171, 0, 17, 255, 161, 74, 234, 29, 158, 1, 0, 3, 1, 0, 117, 0, 0, 227, 2, 223]
1542736305832;[171, 0, 17, 255, 161, 74, 234, 29, 158, 1, 0, 5, 1, 0, 117, 0, 0, 227, 2, 244]
1542736305834;[171, 0, 17, 255, 161, 74, 234, 29, 158, 1, 0, 5, 1, 0, 117, 0, 0, 227, 2, 244]
1542736305836;[171, 0, 17, 255, 161, 74, 234, 29, 158, 1, 0, 6, 1, 0, 117, 0, 0, 229, 2, 231]
1542736305837;[171, 0, 17, 255, 161, 74, 234, 29, 158, 1, 0, 6, 1, 0, 117, 0, 0, 229, 2, 231]
1542736306172;[171, 0, 17, 255, 161, 74, 234, 29, 158, 1, 0, 4, 1, 0, 116, 0, 0, 229, 2, 214]
1542736306174;[171, 0, 17, 255, 161, 74, 234, 29, 158, 1, 0, 4, 1, 0, 116, 0, 0, 229, 2, 214]
1542736306346;[171, 0, 17, 255, 161, 74, 234, 29, 158, 1, 0, 5, 1, 0, 118, 0, 0, 229, 2, 191]
1542736306349;[171, 0, 17, 255, 161, 74, 234, 29, 158, 1, 0, 5, 1, 0, 118, 0, 0, 229, 2, 191]
1542736306351;[171, 0, 17, 255, 161, 74, 234, 29, 159, 1, 0, 4, 1, 0, 118, 0, 0, 229, 2, 152]
1542736306353;[171, 0, 17, 255, 161, 74, 234, 29, 159, 1, 0, 4, 1, 0, 118, 0, 0, 229, 2, 152]
1542736306355;[171, 0, 17, 255, 161, 74, 234, 29, 159, 1, 0, 4, 1, 0, 117, 0, 0, 229, 2, 119]
1542736306357;[171, 0, 17, 255, 161, 74, 234, 29, 159, 1, 0, 4, 1, 0, 117, 0, 0, 229, 2, 119]
1542736306359;[171, 0, 17, 255, 161, 74, 234, 29, 159, 1, 0, 5, 1, 0, 117, 0, 0, 227, 2, 154]
1542736306361;[171, 0, 17, 255, 161, 74, 234, 29, 159, 1, 0, 5, 1, 0, 117, 0, 0, 227, 2, 154]
1542736306691;[171, 0, 4, 255, 132, 128, 69]
1542736306694;[171, 0, 4, 255, 132, 128, 69]
1542736306696;[171, 0, 17, 255, 161, 74, 234, 29, 159, 1, 0, 5, 1, 0, 117, 0, 0, 229, 2, 243]
1542736306698;[171, 0, 17, 255, 161, 74, 234, 29, 159, 1, 0, 5, 1, 0, 117, 0, 0, 229, 2, 243]
1542736306700;[171, 0, 17, 255, 161, 74, 234, 29, 159, 1, 0, 5, 1, 0, 118, 0, 0, 228, 3, 10]
1542736306702;[171, 0, 17, 255, 161, 74, 234, 29, 159, 1, 0, 5, 1, 0, 118, 0, 0, 228, 3, 10]
1542736306704;[171, 0, 17, 255, 161, 74, 234, 29, 159, 1, 0, 5, 1, 0, 115, 0, 0, 229, 3, 12]
1542736306706;[171, 0, 17, 255, 161, 74, 234, 29, 159, 1, 0, 5, 1, 0, 115, 0, 0, 229, 3, 12]
1542736307035;[171, 0, 17, 255, 161, 74, 234, 29, 159, 1, 0, 3, 1, 0, 117, 0, 0, 228, 2, 251]
1542736307037;[171, 0, 17, 255, 161, 74, 234, 29, 159, 1, 0, 3, 1, 0, 117, 0, 0, 228, 2, 251]
1542736307040;[171, 0, 17, 255, 161, 74, 234, 29, 159, 1, 0, 3, 1, 0, 119, 0, 0, 229, 2, 223]
1542736307042;[171, 0, 17, 255, 161, 74, 234, 29, 159, 1, 0, 3, 1, 0, 119, 0, 0, 229, 2, 223]
1542736307044;[171, 0, 17, 255, 161, 74, 234, 29, 159, 1, 0, 3, 1, 0, 116, 0, 0, 227, 2, 199]
1542736307046;[171, 0, 17, 255, 161, 74, 234, 29, 159, 1, 0, 3, 1, 0, 116, 0, 0, 227, 2, 199]
1542736307207;[171, 0, 17, 255, 161, 74, 234, 29, 159, 1, 0, 5, 1, 0, 119, 0, 0, 228, 2, 161]
1542736307209;[171, 0, 17, 255, 161, 74, 234, 29, 159, 1, 0, 5, 1, 0, 119, 0, 0, 228, 2, 161]
1542736307211;[171, 0, 17, 255, 161, 74, 234, 29, 160, 1, 0, 3, 1, 0, 116, 0, 0, 230, 2, 128]
1542736307213;[171, 0, 17, 255, 161, 74, 234, 29, 160, 1, 0, 3, 1, 0, 116, 0, 0, 230, 2, 128]
1542736307381;[171, 0, 17, 255, 161, 74, 234, 29, 160, 1, 0, 2, 1, 0, 115, 0, 0, 230, 2, 101]
1542736307383;[171, 0, 17, 255, 161, 74, 234, 29, 160, 1, 0, 2, 1, 0, 115, 0, 0, 230, 2, 101]
1542736307385;[171, 0, 17, 255, 161, 74, 234, 29, 160, 1, 0, 7, 1, 0, 117, 0, 0, 225, 2, 203]
1542736307387;[171, 0, 17, 255, 161, 74, 234, 29, 160, 1, 0, 7, 1, 0, 117, 0, 0, 225, 2, 203]
1542736307725;[171, 0, 4, 255, 132, 128, 69]
1542736307727;[171, 0, 4, 255, 132, 128, 69]
1542736307737;[171, 0, 17, 255, 161, 74, 234, 29, 160, 1, 0, 4, 1, 0, 115, 0, 0, 226, 3, 32]
1542736307738;[171, 0, 17, 255, 161, 74, 234, 29, 160, 1, 0, 4, 1, 0, 115, 0, 0, 226, 3, 32]
1542736307740;[171, 0, 17, 255, 161, 74, 234, 29, 160, 1, 0, 2, 1, 0, 117, 0, 0, 229, 3, 83]
1542736307742;[171, 0, 17, 255, 161, 74, 234, 29, 160, 1, 0, 2, 1, 0, 117, 0, 0, 229, 3, 83]
1542736307901;[171, 0, 17, 255, 161, 74, 234, 29, 160, 1, 0, 1, 1, 0, 119, 0, 0, 228, 3, 60]
1542736307902;[171, 0, 17, 255, 161, 74, 234, 29, 160, 1, 0, 1, 1, 0, 119, 0, 0, 228, 3, 60]
1542736307904;[171, 0, 17, 255, 161, 74, 234, 29, 160, 1, 0, 3, 1, 0, 121, 0, 0, 229, 2, 240]
1542736307906;[171, 0, 17, 255, 161, 74, 234, 29, 160, 1, 0, 3, 1, 0, 121, 0, 0, 229, 2, 240]
1542736308417;[171, 0, 17, 255, 161, 74, 234, 29, 160, 1, 0, 4, 1, 0, 115, 0, 0, 231, 2, 175]
1542736308419;[171, 0, 17, 255, 161, 74, 234, 29, 160, 1, 0, 4, 1, 0, 115, 0, 0, 231, 2, 175]
1542736308422;[171, 0, 17, 255, 161, 74, 234, 29, 160, 1, 0, 9, 1, 0, 115, 0, 0, 229, 2, 169]
1542736308424;[171, 0, 17, 255, 161, 74, 234, 29, 160, 1, 0, 9, 1, 0, 115, 0, 0, 229, 2, 169]
1542736308426;[171, 0, 17, 255, 161, 74, 234, 29, 160, 1, 0, 1, 1, 0, 114, 0, 0, 227, 2, 148]
1542736308428;[171, 0, 17, 255, 161, 74, 234, 29, 160, 1, 0, 1, 1, 0, 114, 0, 0, 227, 2, 148]
1542736308430;[171, 0, 17, 255, 161, 74, 234, 29, 161, 1, 0, 6, 1, 0, 113, 0, 0, 232, 2, 114]
1542736308432;[171, 0, 17, 255, 161, 74, 234, 29, 161, 1, 0, 6, 1, 0, 113, 0, 0, 232, 2, 114]
1542736308588;[171, 0, 17, 255, 161, 74, 234, 29, 161, 1, 0, 12, 1, 0, 113, 0, 0, 230, 2, 194]
1542736308590;[171, 0, 17, 255, 161, 74, 234, 29, 161, 1, 0, 12, 1, 0, 113, 0, 0, 230, 2, 194]
1542736308593;[171, 0, 17, 255, 161, 74, 234, 29, 161, 1, 0, 5, 1, 0, 116, 0, 0, 229, 3, 57]
1542736308595;[171, 0, 17, 255, 161, 74, 234, 29, 161, 1, 0, 5, 1, 0, 116, 0, 0, 229, 3, 57]
1542736308600;[171, 0, 4, 255, 132, 128, 70]
1542736308602;[171, 0, 4, 255, 132, 128, 70]
1542736308761;[171, 0, 17, 255, 161, 74, 234, 29, 161, 1, 0, 11, 1, 0, 113, 0, 0, 233, 3, 117]
1542736308763;[171, 0, 17, 255, 161, 74, 234, 29, 161, 1, 0, 11, 1, 0, 113, 0, 0, 233, 3, 117]
1542736308934;[171, 0, 17, 255, 161, 74, 234, 29, 161, 1, 0, 13, 1, 0, 110, 0, 0, 231, 3, 132]
1542736308935;[171, 0, 17, 255, 161, 74, 234, 29, 161, 1, 0, 13, 1, 0, 110, 0, 0, 231, 3, 132]
1542736308938;[171, 0, 17, 255, 161, 74, 234, 29, 161, 1, 0, 13, 1, 0, 112, 0, 0, 230, 3, 146]
1542736308939;[171, 0, 17, 255, 161, 74, 234, 29, 161, 1, 0, 13, 1, 0, 112, 0, 0, 230, 3, 146]
1542736309105;[171, 0, 17, 255, 161, 74, 234, 29, 161, 1, 0, 11, 1, 0, 112, 0, 0, 232, 3, 140]
1542736309107;[171, 0, 17, 255, 161, 74, 234, 29, 161, 1, 0, 11, 1, 0, 112, 0, 0, 232, 3, 140]
1542736309109;[171, 0, 17, 255, 161, 74, 234, 29, 161, 1, 0, 12, 1, 0, 114, 0, 0, 231, 3, 137]
1542736309111;[171, 0, 17, 255, 161, 74, 234, 29, 161, 1, 0, 12, 1, 0, 114, 0, 0, 231, 3, 137]
1542736309278;[171, 0, 17, 255, 161, 74, 234, 29, 161, 1, 0, 13, 1, 0, 111, 0, 0, 231, 3, 132]
1542736309280;[171, 0, 17, 255, 161, 74, 234, 29, 161, 1, 0, 13, 1, 0, 111, 0, 0, 231, 3, 132]
1542736309282;[171, 0, 17, 255, 161, 74, 234, 29, 161, 1, 0, 9, 1, 0, 113, 0, 0, 231, 3, 175]
1542736309283;[171, 0, 17, 255, 161, 74, 234, 29, 161, 1, 0, 9, 1, 0, 113, 0, 0, 231, 3, 175]
1542736309623;[171, 0, 17, 255, 161, 74, 234, 29, 162, 1, 0, 12, 1, 0, 111, 0, 0, 230, 4, 39]
1542736309625;[171, 0, 17, 255, 161, 74, 234, 29, 162, 1, 0, 12, 1, 0, 111, 0, 0, 230, 4, 39]
1542736309628;[171, 0, 17, 255, 161, 74, 234, 29, 162, 1, 0, 13, 1, 0, 115, 0, 0, 230, 4, 90]
1542736309630;[171, 0, 17, 255, 161, 74, 234, 29, 162, 1, 0, 13, 1, 0, 115, 0, 0, 230, 4, 90]
1542736309632;[171, 0, 17, 255, 161, 74, 234, 29, 162, 1, 0, 12, 1, 0, 113, 0, 0, 230, 4, 97]
1542736309634;[171, 0, 17, 255, 161, 74, 234, 29, 162, 1, 0, 12, 1, 0, 113, 0, 0, 230, 4, 97]
1542736309794;[171, 0, 4, 255, 132, 128, 70]
1542736309796;[171, 0, 4, 255, 132, 128, 70]
1542736309799;[171, 0, 17, 255, 161, 74, 234, 29, 162, 1, 0, 12, 1, 0, 112, 0, 0, 234, 4, 106]
1542736309800;[171, 0, 17, 255, 161, 74, 234, 29, 162, 1, 0, 12, 1, 0, 112, 0, 0, 234, 4, 106]
1542736309967;[171, 0, 17, 255, 161, 74, 234, 29, 162, 1, 0, 9, 1, 0, 109, 0, 0, 235, 4, 99]
1542736309969;[171, 0, 17, 255, 161, 74, 234, 29, 162, 1, 0, 9, 1, 0, 109, 0, 0, 235, 4, 99]
1542736310314;[171, 0, 17, 255, 161, 74, 234, 29, 162, 1, 0, 10, 1, 0, 109, 0, 0, 227, 4, 76]
1542736310316;[171, 0, 17, 255, 161, 74, 234, 29, 162, 1, 0, 10, 1, 0, 109, 0, 0, 227, 4, 76]
1542736310318;[171, 0, 17, 255, 161, 74, 234, 29, 162, 1, 0, 14, 1, 0, 111, 0, 0, 232, 4, 47]
1542736310320;[171, 0, 17, 255, 161, 74, 234, 29, 162, 1, 0, 14, 1, 0, 111, 0, 0, 232, 4, 47]
1542736310323;[171, 0, 17, 255, 161, 74, 234, 29, 162, 1, 0, 13, 1, 0, 114, 0, 0, 233, 4, 51]
1542736310326;[171, 0, 17, 255, 161, 74, 234, 29, 162, 1, 0, 13, 1, 0, 114, 0, 0, 233, 4, 51]
1542736310328;[171, 0, 17, 255, 161, 74, 234, 29, 162, 1, 0, 9, 1, 0, 112, 0, 0, 231, 4, 181]
1542736310329;[171, 0, 17, 255, 161, 74, 234, 29, 162, 1, 0, 9, 1, 0, 112, 0, 0, 231, 4, 181]
1542736310485;[171, 0, 17, 255, 161, 74, 234, 29, 162, 1, 0, 12, 1, 0, 110, 0, 0, 230, 5, 11]
1542736310487;[171, 0, 17, 255, 161, 74, 234, 29, 162, 1, 0, 12, 1, 0, 110, 0, 0, 230, 5, 11]
1542736310490;[171, 0, 17, 255, 161, 74, 234, 29, 163, 1, 0, 12, 1, 0, 109, 0, 0, 232, 5, 52]
1542736310492;[171, 0, 17, 255, 161, 74, 234, 29, 163, 1, 0, 12, 1, 0, 109, 0, 0, 232, 5, 52]
1542736310657;[171, 0, 17, 255, 161, 74, 234, 29, 163, 1, 0, 15, 1, 0, 115, 0, 0, 231, 5, 69]
1542736310659;[171, 0, 17, 255, 161, 74, 234, 29, 163, 1, 0, 15, 1, 0, 115, 0, 0, 231, 5, 69]
1542736311005;[171, 0, 17, 255, 161, 74, 234, 29, 163, 1, 0, 13, 1, 0, 115, 0, 0, 229, 5, 83]
1542736311008;[171, 0, 17, 255, 161, 74, 234, 29, 163, 1, 0, 13, 1, 0, 115, 0, 0, 229, 5, 83]
1542736311010;[171, 0, 4, 255, 132, 128, 70]
1542736311012;[171, 0, 4, 255, 132, 128, 70]
1542736311015;[171, 0, 17, 255, 161, 74, 234, 29, 163, 1, 0, 12, 1, 0, 111, 0, 0, 232, 5, 50]
1542736311017;[171, 0, 17, 255, 161, 74, 234, 29, 163, 1, 0, 12, 1, 0, 111, 0, 0, 232, 5, 50]
1542736311022;[171, 0, 17, 255, 161, 74, 234, 29, 163, 1, 0, 10, 1, 0, 112, 0, 0, 236, 5, 44]
1542736311024;[171, 0, 17, 255, 161, 74, 234, 29, 163, 1, 0, 10, 1, 0, 112, 0, 0, 236, 5, 44]
1542736311348;[171, 0, 17, 255, 161, 74, 234, 29, 163, 1, 0, 3, 1, 0, 113, 0, 0, 224, 5, 27]
1542736311350;[171, 0, 17, 255, 161, 74, 234, 29, 163, 1, 0, 3, 1, 0, 113, 0, 0, 224, 5, 27]
1542736311353;[171, 0, 17, 255, 161, 74, 234, 29, 163, 1, 0, 12, 1, 0, 115, 0, 0, 229, 5, 82]
1542736311354;[171, 0, 17, 255, 161, 74, 234, 29, 163, 1, 0, 12, 1, 0, 115, 0, 0, 229, 5, 82]
1542736311357;[171, 0, 17, 255, 161, 74, 234, 29, 163, 1, 0, 11, 1, 0, 113, 0, 0, 231, 5, 204]
1542736311359;[171, 0, 17, 255, 161, 74, 234, 29, 163, 1, 0, 11, 1, 0, 113, 0, 0, 231, 5, 204]
1542736311519;[171, 0, 17, 255, 161, 74, 234, 29, 163, 1, 0, 13, 1, 0, 110, 0, 0, 229, 5, 249]
1542736311521;[171, 0, 17, 255, 161, 74, 234, 29, 163, 1, 0, 13, 1, 0, 110, 0, 0, 229, 5, 249]
1542736311523;[171, 0, 17, 255, 161, 74, 234, 29, 163, 1, 0, 11, 1, 0, 111, 0, 0, 234, 5, 255]
1542736311525;[171, 0, 17, 255, 161, 74, 234, 29, 163, 1, 0, 11, 1, 0, 111, 0, 0, 234, 5, 255]
1542736311692;[171, 0, 17, 255, 161, 74, 234, 29, 164, 1, 0, 14, 1, 0, 112, 0, 0, 227, 5, 247]
1542736311694;[171, 0, 17, 255, 161, 74, 234, 29, 164, 1, 0, 14, 1, 0, 112, 0, 0, 227, 5, 247]
1542736311696;[171, 0, 17, 255, 161, 74, 234, 29, 164, 1, 0, 11, 1, 0, 115, 0, 0, 233, 5, 236]
1542736311698;[171, 0, 17, 255, 161, 74, 234, 29, 164, 1, 0, 11, 1, 0, 115, 0, 0, 233, 5, 236]
1542736311865;[171, 0, 17, 255, 161, 74, 234, 29, 164, 1, 0, 13, 1, 0, 112, 0, 0, 232, 5, 220]
1542736311867;[171, 0, 17, 255, 161, 74, 234, 29, 164, 1, 0, 13, 1, 0, 112, 0, 0, 232, 5, 220]
1542736312256;[171, 0, 4, 255, 132, 128, 70]
1542736312258;[171, 0, 4, 255, 132, 128, 70]
1542736312260;[171, 0, 17, 255, 161, 74, 234, 29, 164, 1, 0, 12, 1, 0, 110, 0, 0, 231, 5, 181]
1542736312262;[171, 0, 17, 255, 161, 74, 234, 29, 164, 1, 0, 12, 1, 0, 110, 0, 0, 231, 5, 181]
1542736312264;[171, 0, 17, 255, 161, 74, 234, 29, 164, 1, 0, 10, 1, 0, 112, 0, 0, 233, 5, 251]
1542736312265;[171, 0, 17, 255, 161, 74, 234, 29, 164, 1, 0, 10, 1, 0, 112, 0, 0, 233, 5, 251]
1542736312267;[171, 0, 17, 255, 161, 74, 234, 29, 164, 1, 0, 11, 1, 0, 110, 0, 0, 229, 6, 74]
1542736312269;[171, 0, 17, 255, 161, 74, 234, 29, 164, 1, 0, 11, 1, 0, 110, 0, 0, 229, 6, 74]
1542736312383;[171, 0, 17, 255, 161, 74, 234, 29, 164, 1, 0, 12, 1, 0, 112, 0, 0, 234, 6, 93]
1542736312385;[171, 0, 17, 255, 161, 74, 234, 29, 164, 1, 0, 12, 1, 0, 112, 0, 0, 234, 6, 93]
1542736312387;[171, 0, 17, 255, 161, 74, 234, 29, 164, 1, 0, 10, 1, 0, 113, 0, 0, 232, 6, 84]
1542736312389;[171, 0, 17, 255, 161, 74, 234, 29, 164, 1, 0, 10, 1, 0, 113, 0, 0, 232, 6, 84]
1542736312554;[171, 0, 17, 255, 161, 74, 234, 29, 164, 1, 0, 13, 1, 0, 111, 0, 0, 230, 6, 79]
1542736312556;[171, 0, 17, 255, 161, 74, 234, 29, 164, 1, 0, 13, 1, 0, 111, 0, 0, 230, 6, 79]
1542736312728;[171, 0, 17, 255, 161, 74, 234, 29, 164, 1, 0, 11, 1, 0, 114, 0, 0, 231, 6, 59]
1542736312730;[171, 0, 17, 255, 161, 74, 234, 29, 164, 1, 0, 11, 1, 0, 114, 0, 0, 231, 6, 59]
1542736312900;[171, 0, 17, 255, 161, 74, 234, 29, 165, 1, 0, 9, 1, 0, 112, 0, 0, 231, 6, 15]
1542736312902;[171, 0, 17, 255, 161, 74, 234, 29, 165, 1, 0, 9, 1, 0, 112, 0, 0, 231, 6, 15]
1542736312911;[171, 0, 17, 255, 161, 74, 234, 29, 165, 1, 0, 9, 1, 0, 113, 0, 0, 233, 6, 46]
1542736312912;[171, 0, 17, 255, 161, 74, 234, 29, 165, 1, 0, 9, 1, 0, 113, 0, 0, 233, 6, 46]
1542736312914;[171, 0, 17, 255, 161, 74, 234, 29, 165, 1, 0, 14, 1, 0, 112, 0, 0, 232, 6, 132]
1542736312916;[171, 0, 17, 255, 161, 74, 234, 29, 165, 1, 0, 14, 1, 0, 112, 0, 0, 232, 6, 132]
1542736313072;[171, 0, 4, 255, 132, 128, 70]
1542736313075;[171, 0, 4, 255, 132, 128, 70]
1542736313593;[171, 0, 17, 255, 161, 74, 234, 29, 165, 1, 0, 12, 1, 0, 112, 0, 0, 233, 6, 175]
1542736313596;[171, 0, 17, 255, 161, 74, 234, 29, 165, 1, 0, 12, 1, 0, 112, 0, 0, 233, 6, 175]
1542736313598;[171, 0, 17, 255, 161, 74, 234, 29, 165, 1, 0, 12, 1, 0, 111, 0, 0, 232, 6, 164]
1542736313600;[171, 0, 17, 255, 161, 74, 234, 29, 165, 1, 0, 12, 1, 0, 111, 0, 0, 232, 6, 164]
1542736313602;[171, 0, 17, 255, 161, 74, 234, 29, 165, 1, 0, 12, 1, 0, 110, 0, 0, 230, 6, 154]
1542736313604;[171, 0, 17, 255, 161, 74, 234, 29, 165, 1, 0, 12, 1, 0, 110, 0, 0, 230, 6, 154]
1542736313609;[171, 0, 17, 255, 161, 74, 234, 29, 165, 1, 0, 13, 1, 0, 112, 0, 0, 232, 6, 126]
1542736313611;[171, 0, 17, 255, 161, 74, 234, 29, 165, 1, 0, 13, 1, 0, 112, 0, 0, 232, 6, 126]
1542736313762;[171, 0, 17, 255, 161, 74, 234, 29, 165, 1, 0, 12, 1, 0, 112, 0, 0, 232, 6, 94]
1542736313765;[171, 0, 17, 255, 161, 74, 234, 29, 165, 1, 0, 12, 1, 0, 112, 0, 0, 232, 6, 94]
1542736313766;[171, 0, 17, 255, 161, 74, 234, 29, 165, 1, 0, 13, 1, 0, 111, 0, 0, 231, 6, 60]
1542736313768;[171, 0, 17, 255, 161, 74, 234, 29, 165, 1, 0, 13, 1, 0, 111, 0, 0, 231, 6, 60]
1542736313771;[171, 0, 17, 255, 161, 74, 234, 29, 165, 1, 0, 11, 1, 0, 112, 0, 0, 231, 6, 12]
1542736313773;[171, 0, 17, 255, 161, 74, 234, 29, 165, 1, 0, 11, 1, 0, 112, 0, 0, 231, 6, 12]
1542736314110;[171, 0, 17, 255, 161, 74, 234, 29, 166, 1, 0, 13, 1, 0, 113, 0, 0, 230, 6, 58]
1542736314113;[171, 0, 17, 255, 161, 74, 234, 29, 166, 1, 0, 13, 1, 0, 113, 0, 0, 230, 6, 58]
1542736314117;[171, 0, 17, 255, 161, 74, 234, 29, 166, 1, 0, 13, 1, 0, 111, 0, 0, 231, 6, 131]
1542736314119;[171, 0, 17, 255, 161, 74, 234, 29, 166, 1, 0, 13, 1, 0, 111, 0, 0, 231, 6, 131]
1542736314122;[171, 0, 17, 255, 161, 74, 234, 29, 166, 1, 0, 11, 1, 0, 111, 0, 0, 231, 6, 144]
1542736314124;[171, 0, 17, 255, 161, 74, 234, 29, 166, 1, 0, 11, 1, 0, 111, 0, 0, 231, 6, 144]
1542736314126;[171, 0, 4, 255, 132, 128, 70]
1542736314128;[171, 0, 4, 255, 132, 128, 70]
1542736314279;[171, 0, 17, 255, 161, 74, 234, 29, 166, 1, 0, 10, 1, 0, 113, 0, 0, 231, 6, 125]
1542736314282;[171, 0, 17, 255, 161, 74, 234, 29, 166, 1, 0, 10, 1, 0, 113, 0, 0, 231, 6, 125]
1542736314284;[171, 0, 17, 255, 161, 74, 234, 29, 166, 1, 0, 13, 1, 0, 111, 0, 0, 231, 6, 109]
1542736314286;[171, 0, 17, 255, 161, 74, 234, 29, 166, 1, 0, 13, 1, 0, 111, 0, 0, 231, 6, 109]
1542736314453;[171, 0, 17, 255, 161, 74, 234, 29, 166, 1, 0, 11, 1, 0, 112, 0, 0, 232, 6, 78]
1542736314455;[171, 0, 17, 255, 161, 74, 234, 29, 166, 1, 0, 11, 1, 0, 112, 0, 0, 232, 6, 78]
1542736314799;[171, 0, 17, 255, 161, 74, 234, 29, 166, 1, 0, 11, 1, 0, 112, 0, 0, 231, 6, 42]
1542736314801;[171, 0, 17, 255, 161, 74, 234, 29, 166, 1, 0, 11, 1, 0, 112, 0, 0, 231, 6, 42]
1542736314806;[171, 0, 17, 255, 161, 74, 234, 29, 166, 1, 0, 11, 1, 0, 113, 0, 0, 230, 5, 253]
1542736314808;[171, 0, 17, 255, 161, 74, 234, 29, 166, 1, 0, 11, 1, 0, 113, 0, 0, 230, 5, 253]
1542736314810;[171, 0, 17, 255, 161, 74, 234, 29, 166, 1, 0, 10, 1, 0, 110, 0, 0, 231, 5, 203]
1542736314812;[171, 0, 17, 255, 161, 74, 234, 29, 166, 1, 0, 10, 1, 0, 110, 0, 0, 231, 5, 203]
1542736314814;[171, 0, 17, 255, 161, 74, 234, 29, 166, 1, 0, 11, 1, 0, 112, 0, 0, 231, 5, 198]
1542736314816;[171, 0, 17, 255, 161, 74, 234, 29, 166, 1, 0, 11, 1, 0, 112, 0, 0, 231, 5, 198]
1542736314969;[171, 0, 17, 255, 161, 74, 234, 29, 167, 1, 0, 10, 1, 0, 113, 0, 0, 231, 6, 1]
1542736314971;[171, 0, 17, 255, 161, 74, 234, 29, 167, 1, 0, 10, 1, 0, 113, 0, 0, 231, 6, 1]
1542736315142;[171, 0, 17, 255, 161, 74, 234, 29, 167, 1, 0, 12, 1, 0, 112, 0, 0, 232, 6, 19]
1542736315144;[171, 0, 17, 255, 161, 74, 234, 29, 167, 1, 0, 12, 1, 0, 112, 0, 0, 232, 6, 19]
1542736315146;[171, 0, 17, 255, 161, 74, 234, 29, 167, 1, 0, 10, 1, 0, 112, 0, 0, 230, 6, 3]
1542736315148;[171, 0, 17, 255, 161, 74, 234, 29, 167, 1, 0, 10, 1, 0, 112, 0, 0, 230, 6, 3]
1542736315315;[171, 0, 4, 255, 132, 128, 70]
1542736315318;[171, 0, 4, 255, 132, 128, 70]
1542736315320;[171, 0, 17, 255, 161, 74, 234, 29, 167, 1, 0, 10, 1, 0, 112, 0, 0, 230, 5, 231]
1542736315322;[171, 0, 17, 255, 161, 74, 234, 29, 167, 1, 0, 10, 1, 0, 112, 0, 0, 230, 5, 231]
1542736315487;[171, 0, 17, 255, 161, 74, 234, 29, 167, 1, 0, 11, 1, 0, 112, 0, 0, 230, 5, 203]
1542736315489;[171, 0, 17, 255, 161, 74, 234, 29, 167, 1, 0, 11, 1, 0, 112, 0, 0, 230, 5, 203]
1542736315491;[171, 0, 17, 255, 161, 74, 234, 29, 167, 1, 0, 12, 1, 0, 113, 0, 0, 233, 5, 166]
1542736315493;[171, 0, 17, 255, 161, 74, 234, 29, 167, 1, 0, 12, 1, 0, 113, 0, 0, 233, 5, 166]
1542736315659;[171, 0, 17, 255, 161, 74, 234, 29, 167, 1, 0, 10, 1, 0, 113, 0, 0, 231, 5, 124]
1542736315661;[171, 0, 17, 255, 161, 74, 234, 29, 167, 1, 0, 10, 1, 0, 113, 0, 0, 231, 5, 124]
1542736316056;[171, 0, 17, 255, 161, 74, 234, 29, 167, 1, 0, 12, 1, 0, 113, 0, 0, 232, 5, 86]
1542736316057;[171, 0, 17, 255, 161, 74, 234, 29, 167, 1, 0, 12, 1, 0, 113, 0, 0, 232, 5, 86]
1542736316058;[171, 0, 17, 255, 161, 74, 234, 29, 167, 1, 0, 10, 1, 0, 109, 0, 0, 232, 5, 134]
1542736316059;[171, 0, 17, 255, 161, 74, 234, 29, 167, 1, 0, 10, 1, 0, 109, 0, 0, 232, 5, 134]
1542736316060;[171, 0, 17, 255, 161, 74, 234, 29, 167, 1, 0, 12, 1, 0, 112, 0, 0, 232, 5, 157]
1542736316061;[171, 0, 17, 255, 161, 74, 234, 29, 167, 1, 0, 12, 1, 0, 112, 0, 0, 232, 5, 157]
1542736316062;[171, 0, 17, 255, 161, 74, 234, 29, 168, 1, 0, 11, 1, 0, 112, 0, 0, 231, 5, 157]
1542736316063;[171, 0, 17, 255, 161, 74, 234, 29, 168, 1, 0, 11, 1, 0, 112, 0, 0, 231, 5, 157]
1542736316351;[171, 0, 17, 255, 161, 74, 234, 29, 168, 1, 0, 10, 1, 0, 113, 0, 0, 231, 5, 126]
1542736316353;[171, 0, 17, 255, 161, 74, 234, 29, 168, 1, 0, 10, 1, 0, 113, 0, 0, 231, 5, 126]
1542736316355;[171, 0, 17, 255, 161, 74, 234, 29, 168, 1, 0, 13, 1, 0, 112, 0, 0, 231, 5, 96]
1542736316357;[171, 0, 17, 255, 161, 74, 234, 29, 168, 1, 0, 13, 1, 0, 112, 0, 0, 231, 5, 96]
1542736316359;[171, 0, 4, 255, 132, 128, 70]
1542736316361;[171, 0, 4, 255, 132, 128, 70]
1542736316869;[171, 0, 17, 255, 161, 74, 234, 29, 168, 1, 0, 12, 1, 0, 112, 0, 0, 232, 5, 59]
1542736316871;[171, 0, 17, 255, 161, 74, 234, 29, 168, 1, 0, 12, 1, 0, 112, 0, 0, 232, 5, 59]
1542736316873;[171, 0, 17, 255, 161, 74, 234, 29, 168, 1, 0, 12, 1, 0, 114, 0, 0, 230, 5, 12]
1542736316875;[171, 0, 17, 255, 161, 74, 234, 29, 168, 1, 0, 12, 1, 0, 114, 0, 0, 230, 5, 12]
1542736316877;[171, 0, 17, 255, 161, 74, 234, 29, 168, 1, 0, 11, 1, 0, 111, 0, 0, 233, 4, 225]
1542736316879;[171, 0, 17, 255, 161, 74, 234, 29, 168, 1, 0, 11, 1, 0, 111, 0, 0, 233, 4, 225]
1542736316882;[171, 0, 17, 255, 161, 74, 234, 29, 168, 1, 0, 12, 1, 0, 112, 0, 0, 231, 4, 184]
1542736316884;[171, 0, 17, 255, 161, 74, 234, 29, 168, 1, 0, 12, 1, 0, 112, 0, 0, 231, 4, 184]
1542736317041;[171, 0, 17, 255, 161, 74, 234, 29, 168, 1, 0, 12, 1, 0, 113, 0, 0, 233, 4, 232]
1542736317043;[171, 0, 17, 255, 161, 74, 234, 29, 168, 1, 0, 12, 1, 0, 113, 0, 0, 233, 4, 232]
1542736317045;[171, 0, 17, 255, 161, 74, 234, 29, 168, 1, 0, 14, 1, 0, 112, 0, 0, 230, 5, 17]
1542736317047;[171, 0, 17, 255, 161, 74, 234, 29, 168, 1, 0, 14, 1, 0, 112, 0, 0, 230, 5, 17]
1542736317050;[171, 0, 17, 255, 161, 74, 234, 29, 168, 1, 0, 11, 1, 0, 110, 0, 0, 230, 4, 251]
1542736317051;[171, 0, 17, 255, 161, 74, 234, 29, 168, 1, 0, 11, 1, 0, 110, 0, 0, 230, 4, 251]
1542736317387;[171, 0, 17, 255, 161, 74, 234, 29, 169, 1, 0, 10, 1, 0, 110, 0, 0, 231, 4, 231]
1542736317389;[171, 0, 17, 255, 161, 74, 234, 29, 169, 1, 0, 10, 1, 0, 110, 0, 0, 231, 4, 231]
1542736317392;[171, 0, 17, 255, 161, 74, 234, 29, 169, 1, 0, 11, 1, 0, 111, 0, 0, 230, 4, 206]
1542736317394;[171, 0, 17, 255, 161, 74, 234, 29, 169, 1, 0, 11, 1, 0, 111, 0, 0, 230, 4, 206]
1542736317396;[171, 0, 17, 255, 161, 74, 234, 29, 169, 1, 0, 11, 1, 0, 112, 0, 0, 232, 4, 169]
1542736317398;[171, 0, 17, 255, 161, 74, 234, 29, 169, 1, 0, 11, 1, 0, 112, 0, 0, 232, 4, 169]
1542736317400;[171, 0, 4, 255, 132, 128, 70]
1542736317402;[171, 0, 4, 255, 132, 128, 70]
1542736317557;[171, 0, 17, 255, 161, 74, 234, 29, 169, 1, 0, 12, 1, 0, 115, 0, 0, 229, 4, 125]
1542736317558;[171, 0, 17, 255, 161, 74, 234, 29, 169, 1, 0, 12, 1, 0, 115, 0, 0, 229, 4, 125]
1542736317729;[171, 0, 17, 255, 161, 74, 234, 29, 169, 1, 0, 9, 1, 0, 111, 0, 0, 232, 4, 80]
1542736317731;[171, 0, 17, 255, 161, 74, 234, 29, 169, 1, 0, 9, 1, 0, 111, 0, 0, 232, 4, 80]
1542736317733;[171, 0, 17, 255, 161, 74, 234, 29, 169, 1, 0, 13, 1, 0, 111, 0, 0, 231, 4, 33]
1542736317735;[171, 0, 17, 255, 161, 74, 234, 29, 169, 1, 0, 13, 1, 0, 111, 0, 0, 231, 4, 33]
1542736317902;[171, 0, 17, 255, 161, 74, 234, 29, 169, 1, 0, 14, 1, 0, 110, 0, 0, 231, 4, 3]
1542736317903;[171, 0, 17, 255, 161, 74, 234, 29, 169, 1, 0, 14, 1, 0, 110, 0, 0, 231, 4, 3]
1542736317909;[171, 0, 17, 255, 161, 74, 234, 29, 169, 1, 0, 12, 1, 0, 111, 0, 0, 231, 4, 37]
1542736317911;[171, 0, 17, 255, 161, 74, 234, 29, 169, 1, 0, 12, 1, 0, 111, 0, 0, 231, 4, 37]
1542736318074;[171, 0, 17, 255, 161, 74, 234, 29, 169, 1, 0, 12, 1, 0, 112, 0, 0, 231, 4, 85]
1542736318076;[171, 0, 17, 255, 161, 74, 234, 29, 169, 1, 0, 12, 1, 0, 112, 0, 0, 231, 4, 85]
1542736318078;[171, 0, 17, 255, 161, 74, 234, 29, 169, 1, 0, 12, 1, 0, 113, 0, 0, 232, 4, 87]
1542736318080;[171, 0, 17, 255, 161, 74, 234, 29, 169, 1, 0, 12, 1, 0, 113, 0, 0, 232, 4, 87]
1542736318247;[171, 0, 17, 255, 161, 74, 234, 29, 170, 1, 0, 12, 1, 0, 113, 0, 0, 232, 4, 66]
1542736318249;[171, 0, 17, 255, 161, 74, 234, 29, 170, 1, 0, 12, 1, 0, 113, 0, 0, 232, 4, 66]
1542736318593;[171, 0, 17, 255, 161, 74, 234, 29, 170, 1, 0, 10, 1, 0, 112, 0, 0, 232, 4, 50]
1542736318595;[171, 0, 17, 255, 161, 74, 234, 29, 170, 1, 0, 10, 1, 0, 112, 0, 0, 232, 4, 50]
1542736318598;[171, 0, 17, 255, 161, 74, 234, 29, 170, 1, 0, 12, 1, 0, 113, 0, 0, 233, 4, 20]
1542736318600;[171, 0, 17, 255, 161, 74, 234, 29, 170, 1, 0, 12, 1, 0, 113, 0, 0, 233, 4, 20]
1542736318601;[171, 0, 4, 255, 132, 128, 70]
1542736318604;[171, 0, 4, 255, 132, 128, 70]
1542736318607;[171, 0, 17, 255, 161, 74, 234, 29, 170, 1, 0, 13, 1, 0, 112, 0, 0, 231, 3, 240]
1542736318609;[171, 0, 17, 255, 161, 74, 234, 29, 170, 1, 0, 13, 1, 0, 112, 0, 0, 231, 3, 240]
1542736318761;[171, 0, 17, 255, 161, 74, 234, 29, 170, 1, 0, 8, 1, 0, 112, 0, 0, 232, 3, 203]
1542736318762;[171, 0, 17, 255, 161, 74, 234, 29, 170, 1, 0, 8, 1, 0, 112, 0, 0, 232, 3, 203]
1542736318936;[171, 0, 17, 255, 161, 74, 234, 29, 170, 1, 0, 12, 1, 0, 112, 0, 0, 231, 3, 159]
1542736318938;[171, 0, 17, 255, 161, 74, 234, 29, 170, 1, 0, 12, 1, 0, 112, 0, 0, 231, 3, 159]
1542736319284;[171, 0, 17, 255, 161, 74, 234, 29, 170, 1, 0, 13, 1, 0, 115, 0, 0, 231, 3, 187]
1542736319286;[171, 0, 17, 255, 161, 74, 234, 29, 170, 1, 0, 13, 1, 0, 115, 0, 0, 231, 3, 187]
1542736319289;[171, 0, 17, 255, 161, 74, 234, 29, 170, 1, 0, 13, 1, 0, 109, 0, 0, 231, 3, 238]
1542736319291;[171, 0, 17, 255, 161, 74, 234, 29, 170, 1, 0, 13, 1, 0, 109, 0, 0, 231, 3, 238]
1542736319293;[171, 0, 17, 255, 161, 74, 234, 29, 170, 1, 0, 11, 1, 0, 112, 0, 0, 230, 4, 1]
1542736319295;[171, 0, 17, 255, 161, 74, 234, 29, 170, 1, 0, 11, 1, 0, 112, 0, 0, 230, 4, 1]
1542736319298;[171, 0, 17, 255, 161, 74, 234, 29, 170, 1, 0, 12, 1, 0, 114, 0, 0, 231, 3, 239]
1542736319300;[171, 0, 17, 255, 161, 74, 234, 29, 170, 1, 0, 12, 1, 0, 114, 0, 0, 231, 3, 239]
1542736319455;[171, 0, 17, 255, 161, 74, 234, 29, 171, 1, 0, 13, 1, 0, 112, 0, 0, 231, 3, 227]
1542736319457;[171, 0, 17, 255, 161, 74, 234, 29, 171, 1, 0, 13, 1, 0, 112, 0, 0, 231, 3, 227]
1542736319459;[171, 0, 17, 255, 161, 74, 234, 29, 171, 1, 0, 12, 1, 0, 111, 0, 0, 232, 3, 208]
1542736319461;[171, 0, 17, 255, 161, 74, 234, 29, 171, 1, 0, 12, 1, 0, 111, 0, 0, 232, 3, 208]
1542736319626;[171, 0, 17, 255, 161, 74, 234, 29, 171, 1, 0, 10, 1, 0, 110, 0, 0, 233, 3, 177]
1542736319628;[171, 0, 17, 255, 161, 74, 234, 29, 171, 1, 0, 10, 1, 0, 110, 0, 0, 233, 3, 177]
1542736319630;[171, 0, 4, 255, 132, 128, 70]
1542736319632;[171, 0, 4, 255, 132, 128, 70]
1542736319974;[171, 0, 17, 255, 161, 74, 234, 29, 171, 1, 0, 12, 1, 0, 111, 0, 0, 232, 3, 137]
1542736319978;[171, 0, 17, 255, 161, 74, 234, 29, 171, 1, 0, 12, 1, 0, 111, 0, 0, 232, 3, 137]
1542736319980;[171, 0, 17, 255, 161, 74, 234, 29, 171, 1, 0, 12, 1, 0, 110, 0, 0, 232, 3, 147]
1542736319982;[171, 0, 17, 255, 161, 74, 234, 29, 171, 1, 0, 12, 1, 0, 110, 0, 0, 232, 3, 147]
1542736319984;[171, 0, 17, 255, 161, 74, 234, 29, 171, 1, 0, 13, 1, 0, 111, 0, 0, 231, 3, 223]
1542736319986;[171, 0, 17, 255, 161, 74, 234, 29, 171, 1, 0, 13, 1, 0, 111, 0, 0, 231, 3, 223]
1542736319988;[171, 0, 17, 255, 161, 74, 234, 29, 171, 1, 0, 11, 1, 0, 110, 0, 0, 231, 4, 21]
1542736319990;[171, 0, 17, 255, 161, 74, 234, 29, 171, 1, 0, 11, 1, 0, 110, 0, 0, 231, 4, 21]
1542736320145;[171, 0, 17, 255, 161, 74, 234, 29, 171, 1, 0, 10, 1, 0, 112, 0, 0, 232, 4, 31]
1542736320146;[171, 0, 17, 255, 161, 74, 234, 29, 171, 1, 0, 10, 1, 0, 112, 0, 0, 232, 4, 31]
1542736320491;[171, 0, 17, 255, 161, 74, 234, 29, 171, 1, 0, 10, 1, 0, 111, 0, 0, 230, 4, 31]
1542736320495;[171, 0, 17, 255, 161, 74, 234, 29, 171, 1, 0, 10, 1, 0, 111, 0, 0, 230, 4, 31]
1542736320497;[171, 0, 17, 255, 161, 74, 234, 29, 171, 1, 0, 12, 1, 0, 112, 0, 0, 232, 4, 19]
1542736320499;[171, 0, 17, 255, 161, 74, 234, 29, 171, 1, 0, 12, 1, 0, 112, 0, 0, 232, 4, 19]
1542736320501;[171, 0, 17, 255, 161, 74, 234, 29, 172, 1, 0, 11, 1, 0, 112, 0, 0, 229, 3, 250]
1542736320503;[171, 0, 17, 255, 161, 74, 234, 29, 172, 1, 0, 11, 1, 0, 112, 0, 0, 229, 3, 250]
1542736320505;[171, 0, 17, 255, 161, 74, 234, 29, 172, 1, 0, 12, 1, 0, 111, 0, 0, 230, 3, 225]
1542736320507;[171, 0, 17, 255, 161, 74, 234, 29, 172, 1, 0, 12, 1, 0, 111, 0, 0, 230, 3, 225]
1542736320834;[171, 0, 17, 255, 161, 74, 234, 29, 174, 1, 0, 12, 1, 0, 113, 0, 0, 231, 5, 157]
1542736320836;[171, 0, 17, 255, 161, 74, 234, 29, 174, 1, 0, 12, 1, 0, 113, 0, 0, 231, 5, 157]
1542736320838;[171, 0, 17, 255, 161, 74, 234, 29, 174, 1, 0, 12, 1, 0, 113, 0, 0, 231, 5, 166]
1542736320840;[171, 0, 17, 255, 161, 74, 234, 29, 174, 1, 0, 12, 1, 0, 113, 0, 0, 231, 5, 166]
1542736321181;[171, 0, 17, 255, 161, 74, 234, 29, 174, 1, 0, 10, 1, 0, 108, 0, 0, 231, 5, 155]
1542736321183;[171, 0, 17, 255, 161, 74, 234, 29, 174, 1, 0, 10, 1, 0, 108, 0, 0, 231, 5, 155]
1542736321185;[171, 0, 17, 255, 161, 74, 234, 29, 174, 1, 0, 13, 1, 0, 110, 0, 0, 231, 5, 137]
1542736321187;[171, 0, 17, 255, 161, 74, 234, 29, 174, 1, 0, 13, 1, 0, 110, 0, 0, 231, 5, 137]
1542736321189;[171, 0, 17, 255, 161, 74, 234, 29, 174, 1, 0, 13, 1, 0, 113, 0, 0, 230, 5, 115]
1542736321191;[171, 0, 17, 255, 161, 74, 234, 29, 174, 1, 0, 13, 1, 0, 113, 0, 0, 230, 5, 115]
1542736321352;[171, 0, 17, 255, 161, 74, 234, 29, 174, 1, 0, 12, 1, 0, 111, 0, 0, 231, 5, 76]
1542736321354;[171, 0, 17, 255, 161, 74, 234, 29, 174, 1, 0, 12, 1, 0, 111, 0, 0, 231, 5, 76]
1542736321525;[171, 0, 17, 255, 161, 74, 234, 29, 174, 1, 0, 12, 1, 0, 112, 0, 0, 232, 5, 32]
1542736321527;[171, 0, 17, 255, 161, 74, 234, 29, 174, 1, 0, 12, 1, 0, 112, 0, 0, 232, 5, 32]
1542736321529;[171, 0, 17, 255, 161, 74, 234, 29, 175, 1, 0, 11, 1, 0, 113, 0, 0, 233, 4, 237]
1542736321530;[171, 0, 17, 255, 161, 74, 234, 29, 175, 1, 0, 11, 1, 0, 113, 0, 0, 233, 4, 237]
1542736321697;[171, 0, 17, 255, 161, 74, 234, 29, 175, 1, 0, 9, 1, 0, 110, 0, 0, 233, 4, 241]
1542736321699;[171, 0, 17, 255, 161, 74, 234, 29, 175, 1, 0, 9, 1, 0, 110, 0, 0, 233, 4, 241]
1542736321701;[171, 0, 17, 255, 161, 74, 234, 29, 175, 1, 0, 13, 1, 0, 111, 0, 0, 231, 5, 101]
1542736321703;[171, 0, 17, 255, 161, 74, 234, 29, 175, 1, 0, 13, 1, 0, 111, 0, 0, 231, 5, 101]
1542736321869;[171, 0, 4, 255, 132, 128, 69]
1542736321871;[171, 0, 4, 255, 132, 128, 69]
1542736322043;[171, 0, 17, 255, 161, 74, 234, 29, 175, 1, 0, 10, 1, 0, 110, 0, 0, 231, 5, 144]
1542736322044;[171, 0, 17, 255, 161, 74, 234, 29, 175, 1, 0, 10, 1, 0, 110, 0, 0, 231, 5, 144]
1542736322047;[171, 0, 17, 255, 161, 74, 234, 29, 175, 1, 0, 11, 1, 0, 110, 0, 0, 231, 5, 136]
1542736322049;[171, 0, 17, 255, 161, 74, 234, 29, 175, 1, 0, 11, 1, 0, 110, 0, 0, 231, 5, 136]
1542736322562;[171, 0, 17, 255, 161, 74, 234, 29, 175, 1, 0, 12, 1, 0, 111, 0, 0, 231, 5, 120]
1542736322564;[171, 0, 17, 255, 161, 74, 234, 29, 175, 1, 0, 12, 1, 0, 111, 0, 0, 231, 5, 120]
1542736322566;[171, 0, 17, 255, 161, 74, 234, 29, 175, 1, 0, 11, 1, 0, 111, 0, 0, 231, 5, 89]
1542736322569;[171, 0, 17, 255, 161, 74, 234, 29, 175, 1, 0, 11, 1, 0, 111, 0, 0, 231, 5, 89]
1542736322571;[171, 0, 17, 255, 161, 74, 234, 29, 175, 1, 0, 11, 1, 0, 112, 0, 0, 230, 5, 61]
1542736322573;[171, 0, 17, 255, 161, 74, 234, 29, 175, 1, 0, 11, 1, 0, 112, 0, 0, 230, 5, 61]
1542736322576;[171, 0, 17, 255, 161, 74, 234, 29, 175, 1, 0, 12, 1, 0, 113, 0, 0, 231, 5, 20]
1542736322578;[171, 0, 17, 255, 161, 74, 234, 29, 175, 1, 0, 12, 1, 0, 113, 0, 0, 231, 5, 20]
1542736323079;[171, 0, 17, 255, 161, 74, 234, 29, 175, 1, 0, 12, 1, 0, 112, 0, 0, 232, 4, 226]
1542736323081;[171, 0, 17, 255, 161, 74, 234, 29, 175, 1, 0, 12, 1, 0, 112, 0, 0, 232, 4, 226]
1542736323083;[171, 0, 17, 255, 161, 74, 234, 29, 176, 1, 0, 10, 1, 0, 109, 0, 0, 231, 4, 182]
1542736323085;[171, 0, 17, 255, 161, 74, 234, 29, 176, 1, 0, 10, 1, 0, 109, 0, 0, 231, 4, 182]
1542736323087;[171, 0, 17, 255, 161, 74, 234, 29, 176, 1, 0, 11, 1, 0, 111, 0, 0, 229, 4, 224]
1542736323089;[171, 0, 17, 255, 161, 74, 234, 29, 176, 1, 0, 11, 1, 0, 111, 0, 0, 229, 4, 224]
1542736323091;[171, 0, 17, 255, 161, 74, 234, 29, 176, 1, 0, 13, 1, 0, 110, 0, 0, 229, 5, 53]
1542736323093;[171, 0, 17, 255, 161, 74, 234, 29, 176, 1, 0, 13, 1, 0, 110, 0, 0, 229, 5, 53]
1542736323251;[171, 0, 4, 255, 132, 128, 69]
1542736323253;[171, 0, 4, 255, 132, 128, 69]
1542736323256;[171, 0, 17, 255, 161, 74, 234, 29, 176, 1, 0, 12, 1, 0, 114, 0, 0, 232, 5, 77]
1542736323258;[171, 0, 17, 255, 161, 74, 234, 29, 176, 1, 0, 12, 1, 0, 114, 0, 0, 232, 5, 77]
1542736323260;[171, 0, 17, 255, 161, 74, 234, 29, 176, 1, 0, 12, 1, 0, 113, 0, 0, 232, 5, 54]
1542736323262;[171, 0, 17, 255, 161, 74, 234, 29, 176, 1, 0, 12, 1, 0, 113, 0, 0, 232, 5, 54]
1542736323264;[171, 0, 17, 255, 161, 74, 234, 29, 176, 1, 0, 13, 1, 0, 111, 0, 0, 231, 5, 34]
1542736323266;[171, 0, 17, 255, 161, 74, 234, 29, 176, 1, 0, 13, 1, 0, 111, 0, 0, 231, 5, 34]
1542736323422;[171, 0, 17, 255, 161, 74, 234, 29, 176, 1, 0, 9, 1, 0, 113, 0, 0, 231, 5, 6]
1542736323423;[171, 0, 17, 255, 161, 74, 234, 29, 176, 1, 0, 9, 1, 0, 113, 0, 0, 231, 5, 6]
1542736323426;[171, 0, 17, 255, 161, 74, 234, 29, 176, 1, 0, 11, 1, 0, 113, 0, 0, 232, 4, 226]
1542736323427;[171, 0, 17, 255, 161, 74, 234, 29, 176, 1, 0, 11, 1, 0, 113, 0, 0, 232, 4, 226]
1542736323769;[171, 0, 17, 255, 161, 74, 234, 29, 176, 1, 0, 12, 1, 0, 110, 0, 0, 232, 4, 185]
1542736323771;[171, 0, 17, 255, 161, 74, 234, 29, 176, 1, 0, 12, 1, 0, 110, 0, 0, 232, 4, 185]
1542736323773;[171, 0, 17, 255, 161, 74, 234, 29, 176, 1, 0, 11, 1, 0, 111, 0, 0, 231, 4, 156]
1542736323775;[171, 0, 17, 255, 161, 74, 234, 29, 176, 1, 0, 11, 1, 0, 111, 0, 0, 231, 4, 156]
1542736323777;[171, 0, 17, 255, 161, 74, 234, 29, 177, 1, 0, 11, 1, 0, 110, 0, 0, 232, 4, 236]
1542736323779;[171, 0, 17, 255, 161, 74, 234, 29, 177, 1, 0, 11, 1, 0, 110, 0, 0, 232, 4, 236]
1542736323939;[171, 0, 17, 255, 161, 74, 234, 29, 177, 1, 0, 11, 1, 0, 113, 0, 0, 232, 5, 14]
1542736323941;[171, 0, 17, 255, 161, 74, 234, 29, 177, 1, 0, 11, 1, 0, 113, 0, 0, 232, 5, 14]
1542736323944;[171, 0, 17, 255, 161, 74, 234, 29, 177, 1, 0, 10, 1, 0, 112, 0, 0, 232, 5, 10]
1542736323946;[171, 0, 17, 255, 161, 74, 234, 29, 177, 1, 0, 10, 1, 0, 112, 0, 0, 232, 5, 10]
1542736324111;[171, 0, 4, 255, 132, 128, 68]
1542736324114;[171, 0, 4, 255, 132, 128, 68]
1542736324286;[171, 0, 17, 255, 161, 74, 234, 29, 177, 1, 0, 11, 1, 0, 111, 0, 0, 229, 4, 243]
1542736324288;[171, 0, 17, 255, 161, 74, 234, 29, 177, 1, 0, 11, 1, 0, 111, 0, 0, 229, 4, 243]
1542736324291;[171, 0, 17, 255, 161, 74, 234, 29, 177, 1, 0, 12, 1, 0, 110, 0, 0, 230, 4, 207]
1542736324293;[171, 0, 17, 255, 161, 74, 234, 29, 177, 1, 0, 12, 1, 0, 110, 0, 0, 230, 4, 207]
1542736324295;[171, 0, 17, 255, 161, 74, 234, 29, 177, 1, 0, 10, 1, 0, 112, 0, 0, 231, 4, 177]
1542736324297;[171, 0, 17, 255, 161, 74, 234, 29, 177, 1, 0, 10, 1, 0, 112, 0, 0, 231, 4, 177]
1542736324457;[171, 0, 17, 255, 161, 74, 234, 29, 177, 1, 0, 10, 1, 0, 112, 0, 0, 232, 4, 137]
1542736324460;[171, 0, 17, 255, 161, 74, 234, 29, 177, 1, 0, 10, 1, 0, 112, 0, 0, 232, 4, 137]
1542736324627;[171, 0, 17, 255, 161, 74, 234, 29, 177, 1, 0, 11, 1, 0, 111, 0, 0, 230, 4, 120]
1542736324629;[171, 0, 17, 255, 161, 74, 234, 29, 177, 1, 0, 11, 1, 0, 111, 0, 0, 230, 4, 120]
1542736324630;[171, 0, 17, 255, 161, 74, 234, 29, 177, 1, 0, 12, 1, 0, 111, 0, 0, 232, 4, 212]
1542736324632;[171, 0, 17, 255, 161, 74, 234, 29, 177, 1, 0, 12, 1, 0, 111, 0, 0, 232, 4, 212]
1542736324975;[171, 0, 17, 255, 161, 74, 234, 29, 177, 1, 0, 11, 1, 0, 112, 0, 0, 230, 4, 252]
1542736324978;[171, 0, 17, 255, 161, 74, 234, 29, 177, 1, 0, 11, 1, 0, 112, 0, 0, 230, 4, 252]
1542736324982;[171, 0, 17, 255, 161, 74, 234, 29, 178, 1, 0, 10, 1, 0, 111, 0, 0, 232, 4, 234]
1542736324983;[171, 0, 17, 255, 161, 74, 234, 29, 178, 1, 0, 10, 1, 0, 111, 0, 0, 232, 4, 234]
1542736324986;[171, 0, 17, 255, 161, 74, 234, 29, 178, 1, 0, 10, 1, 0, 111, 0, 0, 231, 4, 209]
1542736324988;[171, 0, 17, 255, 161, 74, 234, 29, 178, 1, 0, 10, 1, 0, 111, 0, 0, 231, 4, 209]
1542736324990;[171, 0, 17, 255, 161, 74, 234, 29, 178, 1, 0, 13, 1, 0, 111, 0, 0, 231, 4, 180]
1542736324992;[171, 0, 17, 255, 161, 74, 234, 29, 178, 1, 0, 13, 1, 0, 111, 0, 0, 231, 4, 180]
1542736325146;[171, 0, 4, 255, 132, 128, 68]
1542736325149;[171, 0, 4, 255, 132, 128, 68]
1542736325320;[171, 0, 17, 255, 161, 74, 234, 29, 178, 1, 0, 12, 1, 0, 111, 0, 0, 232, 4, 147]
1542736325322;[171, 0, 17, 255, 161, 74, 234, 29, 178, 1, 0, 12, 1, 0, 111, 0, 0, 232, 4, 147]
1542736325325;[171, 0, 17, 255, 161, 74, 234, 29, 178, 1, 0, 11, 1, 0, 113, 0, 0, 230, 4, 106]
1542736325326;[171, 0, 17, 255, 161, 74, 234, 29, 178, 1, 0, 11, 1, 0, 113, 0, 0, 230, 4, 106]
1542736325491;[171, 0, 17, 255, 161, 74, 234, 29, 178, 1, 0, 12, 1, 0, 111, 0, 0, 233, 4, 71]
1542736325493;[171, 0, 17, 255, 161, 74, 234, 29, 178, 1, 0, 12, 1, 0, 111, 0, 0, 233, 4, 71]
1542736325838;[171, 0, 17, 255, 161, 74, 234, 29, 178, 1, 0, 12, 1, 0, 111, 0, 0, 232, 4, 148]
1542736325840;[171, 0, 17, 255, 161, 74, 234, 29, 178, 1, 0, 12, 1, 0, 111, 0, 0, 232, 4, 148]
1542736325842;[171, 0, 17, 255, 161, 74, 234, 29, 178, 1, 0, 9, 1, 0, 113, 0, 0, 231, 4, 204]
1542736325844;[171, 0, 17, 255, 161, 74, 234, 29, 178, 1, 0, 9, 1, 0, 113, 0, 0, 231, 4, 204]
1542736325847;[171, 0, 17, 255, 161, 74, 234, 29, 178, 1, 0, 13, 1, 0, 110, 0, 0, 231, 4, 221]
1542736325849;[171, 0, 17, 255, 161, 74, 234, 29, 178, 1, 0, 13, 1, 0, 110, 0, 0, 231, 4, 221]
1542736325851;[171, 0, 17, 255, 161, 74, 234, 29, 178, 1, 0, 11, 1, 0, 112, 0, 0, 230, 4, 196]
1542736325853;[171, 0, 17, 255, 161, 74, 234, 29, 178, 1, 0, 11, 1, 0, 112, 0, 0, 230, 4, 196]
1542736326010;[171, 0, 17, 255, 161, 74, 234, 29, 179, 1, 0, 9, 1, 0, 110, 0, 0, 230, 4, 170]
1542736326011;[171, 0, 17, 255, 161, 74, 234, 29, 179, 1, 0, 9, 1, 0, 110, 0, 0, 230, 4, 170]
1542736326014;[171, 0, 17, 255, 161, 74, 234, 29, 179, 1, 0, 11, 1, 0, 112, 0, 0, 230, 4, 137]
1542736326016;[171, 0, 17, 255, 161, 74, 234, 29, 179, 1, 0, 11, 1, 0, 112, 0, 0, 230, 4, 137]
1542736326356;[171, 0, 17, 255, 161, 74, 234, 29, 179, 1, 0, 11, 1, 0, 113, 0, 0, 231, 4, 94]
1542736326358;[171, 0, 17, 255, 161, 74, 234, 29, 179, 1, 0, 11, 1, 0, 113, 0, 0, 231, 4, 94]
1542736326360;[171, 0, 4, 255, 132, 128, 68]
1542736326363;[171, 0, 4, 255, 132, 128, 68]
1542736326365;[171, 0, 17, 255, 161, 74, 234, 29, 179, 1, 0, 12, 1, 0, 111, 0, 0, 231, 4, 52]
1542736326367;[171, 0, 17, 255, 161, 74, 234, 29, 179, 1, 0, 12, 1, 0, 111, 0, 0, 231, 4, 52]
1542736326527;[171, 0, 17, 255, 161, 74, 234, 29, 179, 1, 0, 11, 1, 0, 113, 0, 0, 231, 4, 18]
1542736326529;[171, 0, 17, 255, 161, 74, 234, 29, 179, 1, 0, 11, 1, 0, 113, 0, 0, 231, 4, 18]
1542736326531;[171, 0, 17, 255, 161, 74, 234, 29, 179, 1, 0, 9, 1, 0, 109, 0, 0, 232, 4, 90]
1542736326533;[171, 0, 17, 255, 161, 74, 234, 29, 179, 1, 0, 9, 1, 0, 109, 0, 0, 232, 4, 90]
1542736326875;[171, 0, 17, 255, 161, 74, 234, 29, 179, 1, 0, 12, 1, 0, 112, 0, 0, 232, 4, 143]
1542736326877;[171, 0, 17, 255, 161, 74, 234, 29, 179, 1, 0, 12, 1, 0, 112, 0, 0, 232, 4, 143]
1542736326879;[171, 0, 17, 255, 161, 74, 234, 29, 179, 1, 0, 11, 1, 0, 113, 0, 0, 231, 4, 145]
1542736326881;[171, 0, 17, 255, 161, 74, 234, 29, 179, 1, 0, 11, 1, 0, 113, 0, 0, 231, 4, 145]
1542736326883;[171, 0, 17, 255, 161, 74, 234, 29, 179, 1, 0, 11, 1, 0, 112, 0, 0, 232, 4, 130]
1542736326885;[171, 0, 17, 255, 161, 74, 234, 29, 179, 1, 0, 11, 1, 0, 112, 0, 0, 232, 4, 130]
1542736326887;[171, 0, 17, 255, 161, 74, 234, 29, 179, 1, 0, 12, 1, 0, 111, 0, 0, 230, 4, 113]
1542736326889;[171, 0, 17, 255, 161, 74, 234, 29, 179, 1, 0, 12, 1, 0, 111, 0, 0, 230, 4, 113]
1542736327046;[171, 0, 17, 255, 161, 74, 234, 29, 180, 1, 0, 13, 1, 0, 113, 0, 0, 231, 4, 77]
1542736327048;[171, 0, 17, 255, 161, 74, 234, 29, 180, 1, 0, 13, 1, 0, 113, 0, 0, 231, 4, 77]
1542736327215;[171, 0, 17, 255, 161, 74, 234, 29, 180, 1, 0, 12, 1, 0, 112, 0, 0, 231, 4, 44]
1542736327217;[171, 0, 17, 255, 161, 74, 234, 29, 180, 1, 0, 12, 1, 0, 112, 0, 0, 231, 4, 44]
1542736327218;[171, 0, 17, 255, 161, 74, 234, 29, 180, 1, 0, 10, 1, 0, 110, 0, 0, 231, 3, 250]
1542736327220;[171, 0, 17, 255, 161, 74, 234, 29, 180, 1, 0, 10, 1, 0, 110, 0, 0, 231, 3, 250]
1542736327569;[171, 0, 4, 255, 132, 128, 68]
1542736327571;[171, 0, 4, 255, 132, 128, 68]
1542736327573;[171, 0, 17, 255, 161, 74, 234, 29, 180, 1, 0, 12, 1, 0, 109, 0, 0, 230, 4, 27]
1542736327574;[171, 0, 17, 255, 161, 74, 234, 29, 180, 1, 0, 12, 1, 0, 109, 0, 0, 230, 4, 27]
1542736327576;[171, 0, 17, 255, 161, 74, 234, 29, 180, 1, 0, 12, 1, 0, 111, 0, 0, 231, 4, 102]
1542736327577;[171, 0, 17, 255, 161, 74, 234, 29, 180, 1, 0, 12, 1, 0, 111, 0, 0, 231, 4, 102]
1542736327734;[171, 0, 17, 255, 161, 74, 234, 29, 180, 1, 0, 11, 1, 0, 110, 0, 0, 231, 4, 116]
1542736327736;[171, 0, 17, 255, 161, 74, 234, 29, 180, 1, 0, 11, 1, 0, 110, 0, 0, 231, 4, 116]
1542736327738;[171, 0, 17, 255, 161, 74, 234, 29, 180, 1, 0, 10, 1, 0, 110, 0, 0, 231, 4, 107]
1542736327740;[171, 0, 17, 255, 161, 74, 234, 29, 180, 1, 0, 10, 1, 0, 110, 0, 0, 231, 4, 107]
1542736327906;[171, 0, 17, 255, 161, 74, 234, 29, 180, 1, 0, 11, 1, 0, 113, 0, 0, 231, 4, 84]
1542736327908;[171, 0, 17, 255, 161, 74, 234, 29, 180, 1, 0, 11, 1, 0, 113, 0, 0, 231, 4, 84]
1542736327911;[171, 0, 17, 255, 161, 74, 234, 29, 180, 1, 0, 12, 1, 0, 110, 0, 0, 232, 4, 54]
1542736327913;[171, 0, 17, 255, 161, 74, 234, 29, 180, 1, 0, 12, 1, 0, 110, 0, 0, 232, 4, 54]
1542736328081;[171, 0, 17, 255, 161, 74, 234, 29, 180, 1, 0, 10, 1, 0, 112, 0, 0, 231, 4, 19]
1542736328082;[171, 0, 17, 255, 161, 74, 234, 29, 180, 1, 0, 10, 1, 0, 112, 0, 0, 231, 4, 19]
1542736328085;[171, 0, 17, 255, 161, 74, 234, 29, 181, 1, 0, 11, 1, 0, 110, 0, 0, 230, 3, 228]
1542736328086;[171, 0, 17, 255, 161, 74, 234, 29, 181, 1, 0, 11, 1, 0, 110, 0, 0, 230, 3, 228]
1542736328251;[171, 0, 17, 255, 161, 74, 234, 29, 181, 1, 0, 10, 1, 0, 109, 0, 0, 232, 3, 196]
1542736328253;[171, 0, 17, 255, 161, 74, 234, 29, 181, 1, 0, 10, 1, 0, 109, 0, 0, 232, 3, 196]
1542736328425;[171, 0, 17, 255, 161, 74, 234, 29, 181, 1, 0, 9, 1, 0, 113, 0, 0, 231, 3, 244]
1542736328427;[171, 0, 17, 255, 161, 74, 234, 29, 181, 1, 0, 9, 1, 0, 113, 0, 0, 231, 3, 244]
1542736328430;[171, 0, 4, 255, 132, 128, 68]
1542736328432;[171, 0, 4, 255, 132, 128, 68]
1542736328943;[171, 0, 17, 255, 161, 74, 234, 29, 181, 1, 0, 11, 1, 0, 113, 0, 0, 230, 4, 59]
1542736328945;[171, 0, 17, 255, 161, 74, 234, 29, 181, 1, 0, 11, 1, 0, 113, 0, 0, 230, 4, 59]
1542736328948;[171, 0, 17, 255, 161, 74, 234, 29, 181, 1, 0, 13, 1, 0, 112, 0, 0, 232, 4, 78]
1542736328950;[171, 0, 17, 255, 161, 74, 234, 29, 181, 1, 0, 13, 1, 0, 112, 0, 0, 232, 4, 78]
1542736328952;[171, 0, 17, 255, 161, 74, 234, 29, 181, 1, 0, 12, 1, 0, 110, 0, 0, 231, 4, 64]
1542736328954;[171, 0, 17, 255, 161, 74, 234, 29, 181, 1, 0, 12, 1, 0, 110, 0, 0, 231, 4, 64]
1542736328956;[171, 0, 17, 255, 161, 74, 234, 29, 181, 1, 0, 12, 1, 0, 111, 0, 0, 231, 4, 48]
1542736328958;[171, 0, 17, 255, 161, 74, 234, 29, 181, 1, 0, 12, 1, 0, 111, 0, 0, 231, 4, 48]
1542736329116;[171, 0, 17, 255, 161, 74, 234, 29, 181, 1, 0, 11, 1, 0, 110, 0, 0, 232, 4, 16]
1542736329118;[171, 0, 17, 255, 161, 74, 234, 29, 181, 1, 0, 11, 1, 0, 110, 0, 0, 232, 4, 16]
1542736329122;[171, 0, 17, 255, 161, 74, 234, 29, 181, 1, 0, 11, 1, 0, 112, 0, 0, 231, 3, 236]
1542736329124;[171, 0, 17, 255, 161, 74, 234, 29, 181, 1, 0, 11, 1, 0, 112, 0, 0, 231, 3, 236]
1542736329126;[171, 0, 17, 255, 161, 74, 234, 29, 181, 1, 0, 11, 1, 0, 111, 0, 0, 231, 3, 190]
1542736329127;[171, 0, 17, 255, 161, 74, 234, 29, 181, 1, 0, 11, 1, 0, 111, 0, 0, 231, 3, 190]
1542736329461;[171, 0, 17, 255, 161, 74, 234, 29, 182, 1, 0, 11, 1, 0, 112, 0, 0, 231, 3, 149]
1542736329463;[171, 0, 17, 255, 161, 74, 234, 29, 182, 1, 0, 11, 1, 0, 112, 0, 0, 231, 3, 149]
1542736329465;[171, 0, 17, 255, 161, 74, 234, 29, 182, 1, 0, 11, 1, 0, 111, 0, 0, 230, 3, 101]
1542736329467;[171, 0, 17, 255, 161, 74, 234, 29, 182, 1, 0, 11, 1, 0, 111, 0, 0, 230, 3, 101]
1542736329471;[171, 0, 17, 255, 161, 74, 234, 29, 182, 1, 0, 10, 1, 0, 111, 0, 0, 230, 3, 105]
1542736329473;[171, 0, 17, 255, 161, 74, 234, 29, 182, 1, 0, 10, 1, 0, 111, 0, 0, 230, 3, 105]
1542736329633;[171, 0, 4, 255, 132, 128, 68]
1542736329635;[171, 0, 4, 255, 132, 128, 68]
1542736329638;[171, 0, 17, 255, 161, 74, 234, 29, 182, 1, 0, 11, 1, 0, 111, 0, 0, 231, 3, 193]
1542736329639;[171, 0, 17, 255, 161, 74, 234, 29, 182, 1, 0, 11, 1, 0, 111, 0, 0, 231, 3, 193]
1542736329804;[171, 0, 17, 255, 161, 74, 234, 29, 182, 1, 0, 12, 1, 0, 113, 0, 0, 232, 3, 228]
1542736329806;[171, 0, 17, 255, 161, 74, 234, 29, 182, 1, 0, 12, 1, 0, 113, 0, 0, 232, 3, 228]
1542736329812;[171, 0, 17, 255, 161, 74, 234, 29, 182, 1, 0, 11, 1, 0, 111, 0, 0, 231, 3, 219]
1542736329814;[171, 0, 17, 255, 161, 74, 234, 29, 182, 1, 0, 11, 1, 0, 111, 0, 0, 231, 3, 219]
1542736330152;[171, 0, 17, 255, 161, 74, 234, 29, 182, 1, 0, 11, 1, 0, 112, 0, 0, 232, 3, 193]
1542736330154;[171, 0, 17, 255, 161, 74, 234, 29, 182, 1, 0, 11, 1, 0, 112, 0, 0, 232, 3, 193]
1542736330156;[171, 0, 17, 255, 161, 74, 234, 29, 182, 1, 0, 13, 1, 0, 112, 0, 0, 231, 3, 176]
1542736330158;[171, 0, 17, 255, 161, 74, 234, 29, 182, 1, 0, 13, 1, 0, 112, 0, 0, 231, 3, 176]
1542736330160;[171, 0, 17, 255, 161, 74, 234, 29, 182, 1, 0, 12, 1, 0, 114, 0, 0, 232, 3, 147]
1542736330162;[171, 0, 17, 255, 161, 74, 234, 29, 182, 1, 0, 12, 1, 0, 114, 0, 0, 232, 3, 147]
1542736330495;[171, 0, 17, 255, 161, 74, 234, 29, 182, 1, 0, 12, 1, 0, 113, 0, 0, 231, 3, 108]
1542736330498;[171, 0, 17, 255, 161, 74, 234, 29, 182, 1, 0, 12, 1, 0, 113, 0, 0, 231, 3, 108]
1542736330500;[171, 0, 17, 255, 161, 74, 234, 29, 183, 1, 0, 9, 1, 0, 111, 0, 0, 231, 3, 63]
1542736330502;[171, 0, 17, 255, 161, 74, 234, 29, 183, 1, 0, 9, 1, 0, 111, 0, 0, 231, 3, 63]
1542736330504;[171, 0, 17, 255, 161, 74, 234, 29, 183, 1, 0, 11, 1, 0, 112, 0, 0, 229, 3, 22]
1542736330506;[171, 0, 17, 255, 161, 74, 234, 29, 183, 1, 0, 11, 1, 0, 112, 0, 0, 229, 3, 22]
1542736330509;[171, 0, 17, 255, 161, 74, 234, 29, 183, 1, 0, 10, 1, 0, 112, 0, 0, 232, 3, 11]
1542736330510;[171, 0, 17, 255, 161, 74, 234, 29, 183, 1, 0, 10, 1, 0, 112, 0, 0, 232, 3, 11]
1542736330666;[171, 0, 4, 255, 132, 128, 68]
1542736330669;[171, 0, 4, 255, 132, 128, 68]
1542736330839;[171, 0, 17, 255, 161, 74, 234, 29, 183, 1, 0, 11, 1, 0, 112, 0, 0, 231, 3, 84]
1542736330842;[171, 0, 17, 255, 161, 74, 234, 29, 183, 1, 0, 11, 1, 0, 112, 0, 0, 231, 3, 84]
1542736330843;[171, 0, 17, 255, 161, 74, 234, 29, 183, 1, 0, 12, 1, 0, 113, 0, 0, 233, 3, 121]
1542736330845;[171, 0, 17, 255, 161, 74, 234, 29, 183, 1, 0, 12, 1, 0, 113, 0, 0, 233, 3, 121]
1542736331011;[171, 0, 17, 255, 161, 74, 234, 29, 183, 1, 0, 10, 1, 0, 108, 0, 0, 232, 3, 94]
1542736331014;[171, 0, 17, 255, 161, 74, 234, 29, 183, 1, 0, 10, 1, 0, 108, 0, 0, 232, 3, 94]
1542736331015;[171, 0, 17, 255, 161, 74, 234, 29, 183, 1, 0, 12, 1, 0, 112, 0, 0, 231, 3, 83]
1542736331017;[171, 0, 17, 255, 161, 74, 234, 29, 183, 1, 0, 12, 1, 0, 112, 0, 0, 231, 3, 83]
1542736332049;[171, 0, 17, 255, 161, 74, 234, 29, 183, 1, 0, 11, 1, 0, 111, 0, 0, 231, 3, 56]
1542736332052;[171, 0, 17, 255, 161, 74, 234, 29, 183, 1, 0, 11, 1, 0, 111, 0, 0, 231, 3, 56]
1542736332058;[171, 0, 17, 255, 161, 74, 234, 29, 183, 1, 0, 9, 1, 0, 111, 0, 0, 232, 3, 27]
1542736332059;[171, 0, 17, 255, 161, 74, 234, 29, 183, 1, 0, 9, 1, 0, 111, 0, 0, 232, 3, 27]
1542736332062;[171, 0, 17, 255, 161, 74, 234, 29, 183, 1, 0, 11, 1, 0, 111, 0, 0, 233, 2, 249]
1542736332063;[171, 0, 17, 255, 161, 74, 234, 29, 183, 1, 0, 11, 1, 0, 111, 0, 0, 233, 2, 249]
1542736332065;[171, 0, 17, 255, 161, 74, 234, 29, 184, 1, 0, 9, 1, 0, 112, 0, 0, 231, 2, 207]
1542736332067;[171, 0, 17, 255, 161, 74, 234, 29, 184, 1, 0, 9, 1, 0, 112, 0, 0, 231, 2, 207]
1542736332260;[171, 0, 17, 255, 161, 74, 234, 29, 184, 1, 0, 10, 1, 0, 110, 0, 0, 231, 2, 177]
1542736332262;[171, 0, 17, 255, 161, 74, 234, 29, 184, 1, 0, 10, 1, 0, 110, 0, 0, 231, 2, 177]
1542736332263;[171, 0, 17, 255, 161, 74, 234, 29, 184, 1, 0, 14, 1, 0, 111, 0, 0, 230, 2, 254]
1542736332265;[171, 0, 17, 255, 161, 74, 234, 29, 184, 1, 0, 14, 1, 0, 111, 0, 0, 230, 2, 254]
1542736332266;[171, 0, 4, 255, 132, 128, 68]
1542736332269;[171, 0, 4, 255, 132, 128, 68]
1542736332271;[171, 0, 17, 255, 161, 74, 234, 29, 184, 1, 0, 11, 1, 0, 111, 0, 0, 230, 3, 55]
1542736332272;[171, 0, 17, 255, 161, 74, 234, 29, 184, 1, 0, 11, 1, 0, 111, 0, 0, 230, 3, 55]
1542736332397;[171, 0, 17, 255, 161, 74, 234, 29, 184, 1, 0, 12, 1, 0, 113, 0, 0, 230, 3, 58]
1542736332398;[171, 0, 17, 255, 161, 74, 234, 29, 184, 1, 0, 12, 1, 0, 113, 0, 0, 230, 3, 58]
1542736332400;[171, 0, 17, 255, 161, 74, 234, 29, 184, 1, 0, 12, 1, 0, 111, 0, 0, 232, 3, 43]
1542736332402;[171, 0, 17, 255, 161, 74, 234, 29, 184, 1, 0, 12, 1, 0, 111, 0, 0, 232, 3, 43]
1542736332406;[171, 0, 17, 255, 161, 74, 234, 29, 184, 1, 0, 10, 1, 0, 109, 0, 0, 232, 3, 26]
1542736332408;[171, 0, 17, 255, 161, 74, 234, 29, 184, 1, 0, 10, 1, 0, 109, 0, 0, 232, 3, 26]
1542736332412;[171, 0, 17, 255, 161, 74, 234, 29, 184, 1, 0, 10, 1, 0, 112, 0, 0, 230, 3, 1]
1542736332414;[171, 0, 17, 255, 161, 74, 234, 29, 184, 1, 0, 10, 1, 0, 112, 0, 0, 230, 3, 1]
1542736332737;[171, 0, 17, 255, 161, 74, 234, 29, 184, 1, 0, 13, 1, 0, 112, 0, 0, 232, 2, 224]
1542736332739;[171, 0, 17, 255, 161, 74, 234, 29, 184, 1, 0, 13, 1, 0, 112, 0, 0, 232, 2, 224]
1542736332742;[171, 0, 17, 255, 161, 74, 234, 29, 184, 1, 0, 10, 1, 0, 110, 0, 0, 233, 2, 174]
1542736332744;[171, 0, 17, 255, 161, 74, 234, 29, 184, 1, 0, 10, 1, 0, 110, 0, 0, 233, 2, 174]
1542736332746;[171, 0, 17, 255, 161, 74, 234, 29, 185, 1, 0, 10, 1, 0, 111, 0, 0, 230, 2, 136]
1542736332748;[171, 0, 17, 255, 161, 74, 234, 29, 185, 1, 0, 10, 1, 0, 111, 0, 0, 230, 2, 136]
1542736332909;[171, 0, 17, 255, 161, 74, 234, 29, 185, 1, 0, 11, 1, 0, 112, 0, 0, 232, 2, 168]
1542736332911;[171, 0, 17, 255, 161, 74, 234, 29, 185, 1, 0, 11, 1, 0, 112, 0, 0, 232, 2, 168]
1542736332913;[171, 0, 17, 255, 161, 74, 234, 29, 185, 1, 0, 12, 1, 0, 112, 0, 0, 230, 2, 255]
1542736332915;[171, 0, 17, 255, 161, 74, 234, 29, 185, 1, 0, 12, 1, 0, 112, 0, 0, 230, 2, 255]
1542736333081;[171, 0, 4, 255, 132, 128, 68]
1542736333083;[171, 0, 4, 255, 132, 128, 68]
1542736333254;[171, 0, 17, 255, 161, 74, 234, 29, 185, 1, 0, 11, 1, 0, 112, 0, 0, 230, 3, 26]
1542736333257;[171, 0, 17, 255, 161, 74, 234, 29, 185, 1, 0, 11, 1, 0, 112, 0, 0, 230, 3, 26]
1542736333259;[171, 0, 17, 255, 161, 74, 234, 29, 185, 1, 0, 9, 1, 0, 109, 0, 0, 231, 3, 23]
1542736333261;[171, 0, 17, 255, 161, 74, 234, 29, 185, 1, 0, 9, 1, 0, 109, 0, 0, 231, 3, 23]
1542736333425;[171, 0, 17, 255, 161, 74, 234, 29, 185, 1, 0, 13, 1, 0, 110, 0, 0, 231, 2, 255]
1542736333427;[171, 0, 17, 255, 161, 74, 234, 29, 185, 1, 0, 13, 1, 0, 110, 0, 0, 231, 2, 255]
1542736333428;[171, 0, 17, 255, 161, 74, 234, 29, 185, 1, 0, 13, 1, 0, 109, 0, 0, 230, 2, 245]
1542736333429;[171, 0, 17, 255, 161, 74, 234, 29, 185, 1, 0, 13, 1, 0, 109, 0, 0, 230, 2, 245]
1542736333601;[171, 0, 17, 255, 161, 74, 234, 29, 185, 1, 0, 11, 1, 0, 111, 0, 0, 231, 2, 209]
1542736333602;[171, 0, 17, 255, 161, 74, 234, 29, 185, 1, 0, 11, 1, 0, 111, 0, 0, 231, 2, 209]
1542736333605;[171, 0, 17, 255, 161, 74, 234, 29, 185, 1, 0, 11, 1, 0, 111, 0, 0, 231, 2, 189]
1542736333607;[171, 0, 17, 255, 161, 74, 234, 29, 185, 1, 0, 11, 1, 0, 111, 0, 0, 231, 2, 189]
1542736333947;[171, 0, 17, 255, 161, 74, 234, 29, 185, 1, 0, 11, 1, 0, 113, 0, 0, 231, 2, 146]
1542736333950;[171, 0, 17, 255, 161, 74, 234, 29, 185, 1, 0, 11, 1, 0, 113, 0, 0, 231, 2, 146]
1542736333952;[171, 0, 17, 255, 161, 74, 234, 29, 186, 1, 0, 11, 1, 0, 110, 0, 0, 229, 2, 219]
1542736333954;[171, 0, 17, 255, 161, 74, 234, 29, 186, 1, 0, 11, 1, 0, 110, 0, 0, 229, 2, 219]
1542736333956;[171, 0, 17, 255, 161, 74, 234, 29, 186, 1, 0, 12, 1, 0, 111, 0, 0, 231, 3, 21]
1542736333958;[171, 0, 17, 255, 161, 74, 234, 29, 186, 1, 0, 12, 1, 0, 111, 0, 0, 231, 3, 21]
1542736334119;[171, 0, 17, 255, 161, 74, 234, 29, 186, 1, 0, 14, 1, 0, 111, 0, 0, 230, 3, 26]
1542736334121;[171, 0, 17, 255, 161, 74, 234, 29, 186, 1, 0, 14, 1, 0, 111, 0, 0, 230, 3, 26]
1542736334123;[171, 0, 4, 255, 132, 128, 67]
1542736334125;[171, 0, 4, 255, 132, 128, 67]
1542736334289;[171, 0, 17, 255, 161, 74, 234, 29, 186, 1, 0, 13, 1, 0, 111, 0, 0, 231, 3, 9]
1542736334291;[171, 0, 17, 255, 161, 74, 234, 29, 186, 1, 0, 13, 1, 0, 111, 0, 0, 231, 3, 9]
1542736334293;[171, 0, 17, 255, 161, 74, 234, 29, 186, 1, 0, 14, 1, 0, 110, 0, 0, 231, 2, 241]
1542736334295;[171, 0, 17, 255, 161, 74, 234, 29, 186, 1, 0, 14, 1, 0, 110, 0, 0, 231, 2, 241]
1542736334462;[171, 0, 17, 255, 161, 74, 234, 29, 186, 1, 0, 12, 1, 0, 113, 0, 0, 233, 2, 226]
1542736334464;[171, 0, 17, 255, 161, 74, 234, 29, 186, 1, 0, 12, 1, 0, 113, 0, 0, 233, 2, 226]
1542736334810;[171, 0, 17, 255, 161, 74, 234, 29, 186, 1, 0, 9, 1, 0, 113, 0, 0, 232, 2, 179]
1542736334811;[171, 0, 17, 255, 161, 74, 234, 29, 186, 1, 0, 9, 1, 0, 113, 0, 0, 232, 2, 179]
1542736334815;[171, 0, 17, 255, 161, 74, 234, 29, 186, 1, 0, 8, 1, 0, 113, 0, 0, 230, 2, 146]
1542736334817;[171, 0, 17, 255, 161, 74, 234, 29, 186, 1, 0, 8, 1, 0, 113, 0, 0, 230, 2, 146]
1542736334822;[171, 0, 17, 255, 161, 74, 234, 29, 186, 1, 0, 10, 1, 0, 112, 0, 0, 230, 2, 159]
1542736334824;[171, 0, 17, 255, 161, 74, 234, 29, 186, 1, 0, 10, 1, 0, 112, 0, 0, 230, 2, 159]
1542736334825;[171, 0, 17, 255, 161, 74, 234, 29, 186, 1, 0, 13, 1, 0, 109, 0, 0, 231, 2, 253]
1542736334827;[171, 0, 17, 255, 161, 74, 234, 29, 186, 1, 0, 13, 1, 0, 109, 0, 0, 231, 2, 253]
1542736334980;[171, 0, 17, 255, 161, 74, 234, 29, 187, 1, 0, 8, 1, 0, 111, 0, 0, 231, 3, 41]
1542736334982;[171, 0, 17, 255, 161, 74, 234, 29, 187, 1, 0, 8, 1, 0, 111, 0, 0, 231, 3, 41]
1542736334984;[171, 0, 17, 255, 161, 74, 234, 29, 187, 1, 0, 10, 1, 0, 113, 0, 0, 231, 3, 34]
1542736334986;[171, 0, 17, 255, 161, 74, 234, 29, 187, 1, 0, 10, 1, 0, 113, 0, 0, 231, 3, 34]
1542736335325;[171, 0, 17, 255, 161, 74, 234, 29, 187, 1, 0, 11, 1, 0, 113, 0, 0, 231, 3, 25]
1542736335327;[171, 0, 17, 255, 161, 74, 234, 29, 187, 1, 0, 11, 1, 0, 113, 0, 0, 231, 3, 25]
1542736335329;[171, 0, 4, 255, 132, 128, 67]
1542736335331;[171, 0, 4, 255, 132, 128, 67]
1542736335497;[171, 0, 17, 255, 161, 74, 234, 29, 187, 1, 0, 12, 1, 0, 112, 0, 0, 230, 2, 254]
1542736335498;[171, 0, 17, 255, 161, 74, 234, 29, 187, 1, 0, 12, 1, 0, 112, 0, 0, 230, 2, 254]
1542736335501;[171, 0, 17, 255, 161, 74, 234, 29, 187, 1, 0, 11, 1, 0, 111, 0, 0, 231, 2, 222]
1542736335503;[171, 0, 17, 255, 161, 74, 234, 29, 187, 1, 0, 11, 1, 0, 111, 0, 0, 231, 2, 222]
1542736335506;[171, 0, 17, 255, 161, 74, 234, 29, 187, 1, 0, 11, 1, 0, 111, 0, 0, 230, 2, 189]
1542736335507;[171, 0, 17, 255, 161, 74, 234, 29, 187, 1, 0, 11, 1, 0, 111, 0, 0, 230, 2, 189]
1542736336018;[171, 0, 17, 255, 161, 74, 234, 29, 187, 1, 0, 9, 1, 0, 110, 0, 0, 232, 2, 145]
1542736336019;[171, 0, 17, 255, 161, 74, 234, 29, 187, 1, 0, 9, 1, 0, 110, 0, 0, 232, 2, 145]
1542736336023;[171, 0, 17, 255, 161, 74, 234, 29, 187, 1, 0, 12, 1, 0, 112, 0, 0, 231, 2, 168]
1542736336025;[171, 0, 17, 255, 161, 74, 234, 29, 187, 1, 0, 12, 1, 0, 112, 0, 0, 231, 2, 168]
1542736336027;[171, 0, 17, 255, 161, 74, 234, 29, 187, 1, 0, 13, 1, 0, 112, 0, 0, 232, 3, 14]
1542736336029;[171, 0, 17, 255, 161, 74, 234, 29, 187, 1, 0, 13, 1, 0, 112, 0, 0, 232, 3, 14]
1542736336031;[171, 0, 17, 255, 161, 74, 234, 29, 187, 1, 0, 12, 1, 0, 111, 0, 0, 230, 3, 52]
1542736336033;[171, 0, 17, 255, 161, 74, 234, 29, 187, 1, 0, 12, 1, 0, 111, 0, 0, 230, 3, 52]
1542736336188;[171, 0, 17, 255, 161, 74, 234, 29, 192, 1, 0, 10, 1, 0, 114, 0, 0, 232, 3, 49]
1542736336190;[171, 0, 17, 255, 161, 74, 234, 29, 192, 1, 0, 10, 1, 0, 114, 0, 0, 232, 3, 49]
1542736336192;[171, 0, 17, 255, 161, 74, 234, 29, 192, 1, 0, 12, 1, 0, 112, 0, 0, 231, 3, 28]
1542736336194;[171, 0, 17, 255, 161, 74, 234, 29, 192, 1, 0, 12, 1, 0, 112, 0, 0, 231, 3, 28]
1542736336196;[171, 0, 17, 255, 161, 74, 234, 29, 192, 1, 0, 12, 1, 0, 111, 0, 0, 231, 3, 10]
1542736336198;[171, 0, 17, 255, 161, 74, 234, 29, 192, 1, 0, 12, 1, 0, 111, 0, 0, 231, 3, 10]
1542736336533;[171, 0, 4, 255, 132, 128, 67]
1542736336535;[171, 0, 4, 255, 132, 128, 67]
1542736336538;[171, 0, 17, 255, 161, 74, 234, 29, 192, 1, 0, 11, 1, 0, 113, 0, 0, 231, 2, 231]
1542736336540;[171, 0, 17, 255, 161, 74, 234, 29, 192, 1, 0, 11, 1, 0, 113, 0, 0, 231, 2, 231]
1542736336545;[171, 0, 17, 255, 161, 74, 234, 29, 192, 1, 0, 11, 1, 0, 112, 0, 0, 230, 2, 201]
1542736336547;[171, 0, 17, 255, 161, 74, 234, 29, 192, 1, 0, 11, 1, 0, 112, 0, 0, 230, 2, 201]
1542736336705;[171, 0, 17, 255, 161, 74, 234, 29, 192, 1, 0, 11, 1, 0, 114, 0, 0, 231, 2, 158]
1542736336707;[171, 0, 17, 255, 161, 74, 234, 29, 192, 1, 0, 11, 1, 0, 114, 0, 0, 231, 2, 158]
1542736336709;[171, 0, 17, 255, 161, 74, 234, 29, 192, 1, 0, 12, 1, 0, 110, 0, 0, 231, 2, 183]
1542736336711;[171, 0, 17, 255, 161, 74, 234, 29, 192, 1, 0, 12, 1, 0, 110, 0, 0, 231, 2, 183]
1542736336878;[171, 0, 17, 255, 161, 74, 234, 29, 192, 1, 0, 11, 1, 0, 112, 0, 0, 230, 3, 21]
1542736336880;[171, 0, 17, 255, 161, 74, 234, 29, 192, 1, 0, 11, 1, 0, 112, 0, 0, 230, 3, 21]
1542736336882;[171, 0, 17, 255, 161, 74, 234, 29, 192, 1, 0, 9, 1, 0, 110, 0, 0, 231, 3, 47]
1542736336884;[171, 0, 17, 255, 161, 74, 234, 29, 192, 1, 0, 9, 1, 0, 110, 0, 0, 231, 3, 47]
1542736337050;[171, 0, 17, 255, 161, 74, 234, 29, 192, 1, 0, 10, 1, 0, 110, 0, 0, 231, 3, 37]
1542736337052;[171, 0, 17, 255, 161, 74, 234, 29, 192, 1, 0, 10, 1, 0, 110, 0, 0, 231, 3, 37]
1542736337225;[171, 0, 17, 255, 161, 74, 234, 29, 193, 1, 0, 10, 1, 0, 110, 0, 0, 231, 3, 11]
1542736337226;[171, 0, 17, 255, 161, 74, 234, 29, 193, 1, 0, 10, 1, 0, 110, 0, 0, 231, 3, 11]
1542736337228;[171, 0, 17, 255, 161, 74, 234, 29, 193, 1, 0, 12, 1, 0, 111, 0, 0, 232, 2, 244]
1542736337230;[171, 0, 17, 255, 161, 74, 234, 29, 193, 1, 0, 12, 1, 0, 111, 0, 0, 232, 2, 244]
1542736337394;[171, 0, 17, 255, 161, 74, 234, 29, 193, 1, 0, 10, 1, 0, 110, 0, 0, 232, 2, 218]
1542736337396;[171, 0, 17, 255, 161, 74, 234, 29, 193, 1, 0, 10, 1, 0, 110, 0, 0, 232, 2, 218]
1542736337398;[171, 0, 4, 255, 132, 128, 67]
1542736337400;[171, 0, 4, 255, 132, 128, 67]
1542736337913;[171, 0, 17, 255, 161, 74, 234, 29, 193, 1, 0, 11, 1, 0, 113, 0, 0, 231, 2, 178]
1542736337915;[171, 0, 17, 255, 161, 74, 234, 29, 193, 1, 0, 11, 1, 0, 113, 0, 0, 231, 2, 178]
1542736337918;[171, 0, 17, 255, 161, 74, 234, 29, 193, 1, 0, 9, 1, 0, 111, 0, 0, 229, 2, 184]
1542736337919;[171, 0, 17, 255, 161, 74, 234, 29, 193, 1, 0, 9, 1, 0, 111, 0, 0, 229, 2, 184]
1542736337922;[171, 0, 17, 255, 161, 74, 234, 29, 193, 1, 0, 12, 1, 0, 112, 0, 0, 230, 3, 17]
1542736337924;[171, 0, 17, 255, 161, 74, 234, 29, 193, 1, 0, 12, 1, 0, 112, 0, 0, 230, 3, 17]
1542736337926;[171, 0, 17, 255, 161, 74, 234, 29, 193, 1, 0, 10, 1, 0, 113, 0, 0, 230, 3, 62]
1542736337927;[171, 0, 17, 255, 161, 74, 234, 29, 193, 1, 0, 10, 1, 0, 113, 0, 0, 230, 3, 62]
1542736338085;[171, 0, 17, 255, 161, 74, 234, 29, 193, 1, 0, 12, 1, 0, 110, 0, 0, 233, 3, 43]
1542736338087;[171, 0, 17, 255, 161, 74, 234, 29, 193, 1, 0, 12, 1, 0, 110, 0, 0, 233, 3, 43]
1542736338089;[171, 0, 17, 255, 161, 74, 234, 29, 193, 1, 0, 11, 1, 0, 112, 0, 0, 231, 3, 39]
1542736338091;[171, 0, 17, 255, 161, 74, 234, 29, 193, 1, 0, 11, 1, 0, 112, 0, 0, 231, 3, 39]
1542736338093;[171, 0, 17, 255, 161, 74, 234, 29, 193, 1, 0, 12, 1, 0, 109, 0, 0, 229, 3, 4]
1542736338095;[171, 0, 17, 255, 161, 74, 234, 29, 193, 1, 0, 12, 1, 0, 109, 0, 0, 229, 3, 4]
1542736338430;[171, 0, 17, 255, 161, 74, 234, 29, 194, 1, 0, 11, 1, 0, 112, 0, 0, 231, 2, 225]
1542736338432;[171, 0, 17, 255, 161, 74, 234, 29, 194, 1, 0, 11, 1, 0, 112, 0, 0, 231, 2, 225]
1542736338435;[171, 0, 17, 255, 161, 74, 234, 29, 194, 1, 0, 12, 1, 0, 113, 0, 0, 232, 2, 184]
1542736338437;[171, 0, 17, 255, 161, 74, 234, 29, 194, 1, 0, 12, 1, 0, 113, 0, 0, 232, 2, 184]
1542736338439;[171, 0, 17, 255, 161, 74, 234, 29, 194, 1, 0, 12, 1, 0, 113, 0, 0, 231, 2, 148]
1542736338444;[171, 0, 17, 255, 161, 74, 234, 29, 194, 1, 0, 12, 1, 0, 113, 0, 0, 231, 2, 148]
1542736338602;[171, 0, 4, 255, 132, 128, 67]
1542736338604;[171, 0, 4, 255, 132, 128, 67]
1542736338607;[171, 0, 17, 255, 161, 74, 234, 29, 194, 1, 0, 12, 1, 0, 111, 0, 0, 232, 2, 228]
1542736338608;[171, 0, 17, 255, 161, 74, 234, 29, 194, 1, 0, 12, 1, 0, 111, 0, 0, 232, 2, 228]
1542736338774;[171, 0, 17, 255, 161, 74, 234, 29, 194, 1, 0, 11, 1, 0, 107, 0, 0, 230, 3, 42]
1542736338776;[171, 0, 17, 255, 161, 74, 234, 29, 194, 1, 0, 11, 1, 0, 107, 0, 0, 230, 3, 42]
1542736338779;[171, 0, 17, 255, 161, 74, 234, 29, 194, 1, 0, 10, 1, 0, 112, 0, 0, 230, 3, 47]
1542736338784;[171, 0, 17, 255, 161, 74, 234, 29, 194, 1, 0, 10, 1, 0, 112, 0, 0, 230, 3, 47]
1542736339120;[171, 0, 17, 255, 161, 74, 234, 29, 194, 1, 0, 12, 1, 0, 112, 0, 0, 230, 3, 25]
1542736339122;[171, 0, 17, 255, 161, 74, 234, 29, 194, 1, 0, 12, 1, 0, 112, 0, 0, 230, 3, 25]
1542736339125;[171, 0, 17, 255, 161, 74, 234, 29, 194, 1, 0, 12, 1, 0, 111, 0, 0, 231, 3, 2]
1542736339127;[171, 0, 17, 255, 161, 74, 234, 29, 194, 1, 0, 12, 1, 0, 111, 0, 0, 231, 3, 2]
1542736339129;[171, 0, 17, 255, 161, 74, 234, 29, 194, 1, 0, 12, 1, 0, 110, 0, 0, 232, 2, 235]
1542736339131;[171, 0, 17, 255, 161, 74, 234, 29, 194, 1, 0, 12, 1, 0, 110, 0, 0, 232, 2, 235]
1542736339811;[171, 0, 17, 255, 161, 74, 234, 29, 194, 1, 0, 12, 1, 0, 112, 0, 0, 231, 2, 190]
1542736339813;[171, 0, 17, 255, 161, 74, 234, 29, 194, 1, 0, 12, 1, 0, 112, 0, 0, 231, 2, 190]
1542736339816;[171, 0, 17, 255, 161, 74, 234, 29, 195, 1, 0, 11, 1, 0, 113, 0, 0, 230, 2, 145]
1542736339818;[171, 0, 17, 255, 161, 74, 234, 29, 195, 1, 0, 11, 1, 0, 113, 0, 0, 230, 2, 145]
1542736339820;[171, 0, 17, 255, 161, 74, 234, 29, 195, 1, 0, 9, 1, 0, 111, 0, 0, 232, 2, 111]
1542736339822;[171, 0, 17, 255, 161, 74, 234, 29, 195, 1, 0, 9, 1, 0, 111, 0, 0, 232, 2, 111]
1542736339827;[171, 0, 17, 255, 161, 74, 234, 29, 195, 1, 0, 11, 1, 0, 108, 0, 0, 231, 2, 194]
1542736339829;[171, 0, 17, 255, 161, 74, 234, 29, 195, 1, 0, 11, 1, 0, 108, 0, 0, 231, 2, 194]
1542736339983;[171, 0, 4, 255, 132, 128, 67]
1542736339986;[171, 0, 4, 255, 132, 128, 67]
1542736339989;[171, 0, 17, 255, 161, 74, 234, 29, 195, 1, 0, 10, 1, 0, 113, 0, 0, 232, 2, 249]
1542736339991;[171, 0, 17, 255, 161, 74, 234, 29, 195, 1, 0, 10, 1, 0, 113, 0, 0, 232, 2, 249]
1542736339995;[171, 0, 17, 255, 161, 74, 234, 29, 195, 1, 0, 12, 1, 0, 111, 0, 0, 231, 2, 244]
1542736339997;[171, 0, 17, 255, 161, 74, 234, 29, 195, 1, 0, 12, 1, 0, 111, 0, 0, 231, 2, 244]
1542736339999;[171, 0, 17, 255, 161, 74, 234, 29, 195, 1, 0, 12, 1, 0, 114, 0, 0, 230, 2, 225]
1542736340001;[171, 0, 17, 255, 161, 74, 234, 29, 195, 1, 0, 12, 1, 0, 114, 0, 0, 230, 2, 225]
1542736340329;[171, 0, 17, 255, 161, 74, 234, 29, 195, 1, 0, 10, 1, 0, 111, 0, 0, 230, 2, 202]
1542736340332;[171, 0, 17, 255, 161, 74, 234, 29, 195, 1, 0, 10, 1, 0, 111, 0, 0, 230, 2, 202]
1542736340334;[171, 0, 17, 255, 161, 74, 234, 29, 195, 1, 0, 10, 1, 0, 112, 0, 0, 232, 2, 167]
1542736340336;[171, 0, 17, 255, 161, 74, 234, 29, 195, 1, 0, 10, 1, 0, 112, 0, 0, 232, 2, 167]
1542736340338;[171, 0, 17, 255, 161, 74, 234, 29, 195, 1, 0, 11, 1, 0, 113, 0, 0, 231, 2, 140]
1542736340340;[171, 0, 17, 255, 161, 74, 234, 29, 195, 1, 0, 11, 1, 0, 113, 0, 0, 231, 2, 140]
1542736340342;[171, 0, 17, 255, 161, 74, 234, 29, 195, 1, 0, 11, 1, 0, 111, 0, 0, 232, 2, 96]
1542736340344;[171, 0, 17, 255, 161, 74, 234, 29, 195, 1, 0, 11, 1, 0, 111, 0, 0, 232, 2, 96]
1542736340501;[171, 0, 17, 255, 161, 74, 234, 29, 196, 1, 0, 10, 1, 0, 113, 0, 0, 231, 2, 108]
1542736340503;[171, 0, 17, 255, 161, 74, 234, 29, 196, 1, 0, 10, 1, 0, 113, 0, 0, 231, 2, 108]
1542736340505;[171, 0, 17, 255, 161, 74, 234, 29, 196, 1, 0, 12, 1, 0, 114, 0, 0, 229, 2, 169]
1542736340506;[171, 0, 17, 255, 161, 74, 234, 29, 196, 1, 0, 12, 1, 0, 114, 0, 0, 229, 2, 169]
1542736340671;[171, 0, 17, 255, 161, 74, 234, 29, 198, 1, 0, 10, 1, 0, 113, 0, 0, 231, 1, 190]
1542736340673;[171, 0, 17, 255, 161, 74, 234, 29, 198, 1, 0, 10, 1, 0, 113, 0, 0, 231, 1, 190]
1542736340844;[171, 0, 17, 255, 161, 74, 234, 29, 198, 1, 0, 10, 1, 0, 110, 0, 0, 232, 1, 139]
1542736340846;[171, 0, 17, 255, 161, 74, 234, 29, 198, 1, 0, 10, 1, 0, 110, 0, 0, 232, 1, 139]
1542736341017;[171, 0, 17, 255, 161, 74, 234, 29, 198, 1, 0, 10, 1, 0, 113, 0, 0, 230, 1, 94]
1542736341019;[171, 0, 17, 255, 161, 74, 234, 29, 198, 1, 0, 10, 1, 0, 113, 0, 0, 230, 1, 94]
1542736341189;[171, 0, 17, 255, 161, 74, 234, 29, 198, 1, 0, 12, 1, 0, 110, 0, 0, 231, 1, 71]
1542736341192;[171, 0, 17, 255, 161, 74, 234, 29, 198, 1, 0, 12, 1, 0, 110, 0, 0, 231, 1, 71]
1542736341194;[171, 0, 17, 255, 161, 74, 234, 29, 198, 1, 0, 12, 1, 0, 111, 0, 0, 230, 1, 140]
1542736341196;[171, 0, 17, 255, 161, 74, 234, 29, 198, 1, 0, 12, 1, 0, 111, 0, 0, 230, 1, 140]
1542736341362;[171, 0, 17, 255, 161, 74, 234, 29, 198, 1, 0, 12, 1, 0, 112, 0, 0, 230, 1, 167]
1542736341364;[171, 0, 17, 255, 161, 74, 234, 29, 198, 1, 0, 12, 1, 0, 112, 0, 0, 230, 1, 167]
1542736341710;[171, 0, 17, 255, 161, 74, 234, 29, 198, 1, 0, 12, 1, 0, 111, 0, 0, 230, 1, 168]
1542736341713;[171, 0, 17, 255, 161, 74, 234, 29, 198, 1, 0, 12, 1, 0, 111, 0, 0, 230, 1, 168]
1542736341714;[171, 0, 17, 255, 161, 74, 234, 29, 199, 1, 0, 9, 1, 0, 111, 0, 0, 229, 1, 149]
1542736341716;[171, 0, 17, 255, 161, 74, 234, 29, 199, 1, 0, 9, 1, 0, 111, 0, 0, 229, 1, 149]
1542736341718;[171, 0, 17, 255, 161, 74, 234, 29, 199, 1, 0, 12, 1, 0, 113, 0, 0, 232, 1, 127]
1542736341720;[171, 0, 17, 255, 161, 74, 234, 29, 199, 1, 0, 12, 1, 0, 113, 0, 0, 232, 1, 127]
1542736341722;[171, 0, 17, 255, 161, 74, 234, 29, 199, 1, 0, 9, 1, 0, 110, 0, 0, 232, 1, 102]
1542736341724;[171, 0, 17, 255, 161, 74, 234, 29, 199, 1, 0, 9, 1, 0, 110, 0, 0, 232, 1, 102]
1542736342226;[171, 0, 4, 255, 132, 128, 68]
1542736342229;[171, 0, 4, 255, 132, 128, 68]
1542736342232;[171, 0, 17, 255, 161, 74, 234, 29, 199, 1, 0, 10, 1, 0, 112, 0, 0, 230, 1, 60]
1542736342234;[171, 0, 17, 255, 161, 74, 234, 29, 199, 1, 0, 10, 1, 0, 112, 0, 0, 230, 1, 60]
1542736342236;[171, 0, 17, 255, 161, 74, 234, 29, 199, 1, 0, 12, 1, 0, 112, 0, 0, 232, 1, 17]
1542736342238;[171, 0, 17, 255, 161, 74, 234, 29, 199, 1, 0, 12, 1, 0, 112, 0, 0, 232, 1, 17]
1542736342240;[171, 0, 17, 255, 161, 74, 234, 29, 199, 1, 0, 10, 1, 0, 114, 0, 0, 231, 1, 46]
1542736342242;[171, 0, 17, 255, 161, 74, 234, 29, 199, 1, 0, 10, 1, 0, 114, 0, 0, 231, 1, 46]
1542736342398;[171, 0, 17, 255, 161, 74, 234, 29, 199, 1, 0, 9, 1, 0, 110, 0, 0, 231, 1, 113]
1542736342401;[171, 0, 17, 255, 161, 74, 234, 29, 199, 1, 0, 9, 1, 0, 110, 0, 0, 231, 1, 113]
1542736342403;[171, 0, 17, 255, 161, 74, 234, 29, 199, 1, 0, 10, 1, 0, 113, 0, 0, 232, 1, 130]
1542736342405;[171, 0, 17, 255, 161, 74, 234, 29, 199, 1, 0, 10, 1, 0, 113, 0, 0, 232, 1, 130]
1542736342406;[171, 0, 17, 255, 161, 74, 234, 29, 199, 1, 0, 10, 1, 0, 112, 0, 0, 230, 1, 124]
1542736342408;[171, 0, 17, 255, 161, 74, 234, 29, 199, 1, 0, 10, 1, 0, 112, 0, 0, 230, 1, 124]
1542736342569;[171, 0, 17, 255, 161, 74, 234, 29, 199, 1, 0, 11, 1, 0, 112, 0, 0, 230, 1, 108]
1542736342571;[171, 0, 17, 255, 161, 74, 234, 29, 199, 1, 0, 11, 1, 0, 112, 0, 0, 230, 1, 108]
1542736342917;[171, 0, 17, 255, 161, 74, 234, 29, 200, 1, 0, 11, 1, 0, 111, 0, 0, 229, 1, 74]
1542736342919;[171, 0, 17, 255, 161, 74, 234, 29, 200, 1, 0, 11, 1, 0, 111, 0, 0, 229, 1, 74]
1542736342921;[171, 0, 17, 255, 161, 74, 234, 29, 200, 1, 0, 12, 1, 0, 110, 0, 0, 231, 1, 37]
1542736342923;[171, 0, 17, 255, 161, 74, 234, 29, 200, 1, 0, 12, 1, 0, 110, 0, 0, 231, 1, 37]
1542736342926;[171, 0, 17, 255, 161, 74, 234, 29, 200, 1, 0, 11, 1, 0, 111, 0, 0, 230, 1, 9]
1542736342927;[171, 0, 17, 255, 161, 74, 234, 29, 200, 1, 0, 11, 1, 0, 111, 0, 0, 230, 1, 9]
1542736342929;[171, 0, 4, 255, 132, 128, 68]
1542736342932;[171, 0, 4, 255, 132, 128, 68]
1542736343086;[171, 0, 17, 255, 161, 74, 234, 29, 200, 1, 0, 14, 1, 0, 113, 0, 0, 231, 0, 208]
