1542785539623;[171, 0, 17, 255, 161, 74, 234, 248, 202, 0, 1, 1, 1, 0, 7, 1, 0, 36, 3, 85]
1542785539637;[171, 0, 17, 255, 161, 74, 234, 248, 202, 0, 1, 6, 0, 0, 45, 1, 0, 53, 3, 163]
1542785539795;[171, 0, 17, 255, 161, 74, 234, 248, 202, 0, 0, 200, 0, 0, 65, 1, 0, 110, 4, 29]
1542785540142;[171, 0, 4, 255, 132, 128, 95]
1542785540169;[171, 0, 17, 255, 161, 74, 234, 248, 202, 0, 0, 131, 0, 0, 112, 1, 0, 117, 4, 59]
1542785540171;[171, 0, 17, 255, 161, 74, 234, 248, 202, 0, 2, 26, 0, 0, 18, 1, 0, 118, 4, 30]
1542785540172;[171, 0, 17, 255, 161, 74, 234, 248, 202, 0, 0, 187, 0, 0, 119, 1, 0, 150, 3, 221]
1542785540314;[171, 0, 17, 255, 161, 74, 234, 248, 202, 0, 0, 208, 0, 0, 151, 1, 0, 28, 3, 109]
1542785540318;[171, 0, 17, 255, 161, 74, 234, 248, 202, 0, 0, 201, 0, 0, 116, 1, 0, 58, 3, 49]
1542785540484;[171, 0, 17, 255, 161, 74, 234, 248, 202, 0, 0, 199, 0, 0, 128, 1, 0, 67, 3, 53]
1542785540658;[171, 0, 17, 255, 161, 74, 234, 248, 203, 0, 0, 190, 0, 0, 129, 1, 0, 115, 3, 116]
1542785540662;[171, 0, 17, 255, 161, 74, 234, 248, 203, 0, 0, 251, 0, 0, 104, 1, 0, 82, 3, 117]
1542785540853;[171, 0, 17, 255, 161, 74, 234, 248, 203, 0, 0, 225, 0, 0, 83, 1, 0, 80, 3, 105]
1542785540855;[171, 0, 17, 255, 161, 74, 234, 248, 203, 0, 0, 223, 0, 0, 93, 1, 0, 88, 3, 119]
1542785541002;[171, 0, 4, 255, 132, 128, 94]
1542785541029;[171, 0, 17, 255, 161, 74, 234, 248, 203, 0, 0, 228, 0, 0, 84, 1, 0, 59, 3, 124]
1542785541348;[171, 0, 17, 255, 161, 74, 234, 248, 203, 0, 0, 230, 0, 0, 83, 1, 0, 87, 3, 206]
1542785541352;[171, 0, 17, 255, 161, 74, 234, 248, 203, 0, 0, 232, 0, 0, 78, 1, 0, 89, 4, 10]
1542785541356;[171, 0, 17, 255, 161, 74, 234, 248, 203, 0, 0, 234, 0, 0, 78, 1, 0, 71, 4, 33]
1542785541521;[171, 0, 17, 255, 161, 74, 234, 248, 203, 0, 0, 232, 0, 0, 78, 1, 0, 74, 4, 62]
1542785541525;[171, 0, 17, 255, 161, 74, 234, 248, 203, 0, 0, 236, 0, 0, 73, 1, 0, 68, 4, 66]
1542785541693;[171, 0, 17, 255, 161, 74, 234, 248, 204, 0, 0, 236, 0, 0, 67, 1, 0, 77, 4, 135]
1542785541865;[171, 0, 17, 255, 161, 74, 234, 248, 204, 0, 0, 234, 0, 0, 70, 1, 0, 79, 4, 215]
1542785541869;[171, 0, 17, 255, 161, 74, 234, 248, 204, 0, 0, 234, 0, 0, 71, 1, 0, 75, 5, 5]
1542785542039;[171, 0, 17, 255, 161, 74, 234, 248, 204, 0, 0, 233, 0, 0, 70, 1, 0, 75, 5, 20]
1542785542042;[171, 0, 4, 255, 132, 128, 93]
1542785542211;[171, 0, 17, 255, 161, 74, 234, 248, 204, 0, 0, 234, 0, 0, 71, 1, 0, 81, 5, 31]
1542785542214;[171, 0, 17, 255, 161, 74, 234, 248, 204, 0, 0, 236, 0, 0, 74, 1, 0, 75, 5, 53]
1542785542383;[171, 0, 17, 255, 161, 74, 234, 248, 204, 0, 0, 239, 0, 0, 68, 1, 0, 75, 5, 154]
1542785542732;[171, 0, 17, 255, 161, 74, 234, 248, 204, 0, 0, 239, 0, 0, 79, 1, 0, 86, 5, 198]
1542785542738;[171, 0, 17, 255, 161, 74, 234, 248, 204, 0, 0, 221, 0, 0, 110, 1, 0, 87, 5, 199]
1542785542743;[171, 0, 17, 255, 161, 74, 234, 248, 204, 0, 0, 220, 0, 0, 102, 1, 0, 103, 5, 189]
1542785542748;[171, 0, 17, 255, 161, 74, 234, 248, 205, 0, 0, 215, 0, 0, 114, 1, 0, 77, 3, 240]
1542785542900;[171, 0, 17, 255, 161, 74, 234, 248, 205, 0, 0, 197, 0, 0, 175, 1, 0, 71, 3, 104]
1542785542904;[171, 0, 17, 255, 161, 74, 234, 248, 205, 0, 0, 196, 0, 0, 81, 1, 0, 133, 3, 201]
1542785543073;[171, 0, 17, 255, 161, 74, 234, 248, 205, 0, 0, 208, 0, 0, 96, 1, 0, 114, 3, 250]
1542785543420;[171, 0, 4, 255, 132, 128, 93]
1542785543447;[171, 0, 17, 255, 161, 74, 234, 248, 205, 0, 0, 200, 0, 0, 96, 1, 0, 7, 4, 142]
1542785543449;[171, 0, 17, 255, 161, 74, 234, 248, 205, 0, 1, 46, 0, 0, 43, 1, 0, 34, 4, 227]
1542785543450;[171, 0, 17, 255, 161, 74, 234, 248, 205, 0, 0, 183, 0, 0, 70, 1, 0, 55, 5, 12]
1542785543590;[171, 0, 17, 255, 161, 74, 234, 248, 205, 0, 0, 225, 0, 0, 42, 1, 0, 80, 5, 111]
1542785543937;[171, 0, 17, 255, 161, 74, 234, 248, 205, 0, 1, 129, 1, 0, 76, 0, 0, 84, 5, 164]
1542785543941;[171, 0, 17, 255, 161, 74, 234, 248, 205, 0, 0, 181, 0, 0, 112, 0, 0, 39, 5, 49]
1542785543945;[171, 0, 17, 255, 161, 74, 234, 248, 206, 0, 0, 241, 0, 0, 2, 0, 0, 69, 4, 214]
1542785543949;[171, 0, 17, 255, 161, 74, 234, 248, 206, 0, 0, 251, 0, 0, 1, 0, 0, 18, 4, 169]
1542785544108;[171, 0, 17, 255, 161, 74, 234, 248, 206, 0, 0, 253, 1, 0, 3, 0, 0, 36, 4, 189]
1542785544111;[171, 0, 17, 255, 161, 74, 234, 248, 206, 0, 0, 218, 1, 0, 13, 0, 0, 14, 5, 23]
1542785544280;[171, 0, 4, 255, 132, 128, 92]
1542785544453;[171, 0, 17, 255, 161, 74, 234, 248, 206, 0, 0, 238, 1, 0, 9, 0, 0, 68, 5, 45]
1542785544457;[171, 0, 17, 255, 161, 74, 234, 248, 206, 0, 0, 252, 1, 0, 1, 0, 0, 85, 5, 5]
1542785544626;[171, 0, 17, 255, 161, 74, 234, 248, 206, 0, 0, 248, 1, 0, 6, 0, 0, 64, 4, 202]
1542785544629;[171, 0, 17, 255, 161, 74, 234, 248, 206, 0, 0, 249, 1, 0, 6, 0, 0, 32, 4, 139]
1542785544799;[171, 0, 17, 255, 161, 74, 234, 248, 206, 0, 0, 248, 1, 0, 9, 0, 0, 46, 4, 124]
1542785545320;[171, 0, 17, 255, 161, 74, 234, 248, 206, 0, 0, 234, 1, 0, 10, 0, 0, 31, 4, 116]
1542785545323;[171, 0, 17, 255, 161, 74, 234, 248, 207, 0, 0, 167, 0, 0, 18, 0, 0, 60, 4, 93]
1542785545327;[171, 0, 17, 255, 161, 74, 234, 248, 207, 0, 1, 6, 1, 0, 3, 0, 0, 27, 4, 64]
1542785545333;[171, 0, 17, 255, 161, 74, 234, 248, 207, 0, 0, 233, 0, 0, 29, 0, 0, 54, 4, 24]
1542785545485;[171, 0, 17, 255, 161, 74, 234, 248, 207, 0, 0, 196, 0, 0, 35, 0, 0, 50, 4, 12]
1542785545488;[171, 0, 4, 255, 132, 128, 92]
1542785545510;[171, 0, 17, 255, 161, 74, 234, 248, 207, 0, 0, 246, 1, 0, 2, 0, 0, 130, 4, 52]
1542785545659;[171, 0, 17, 255, 161, 74, 234, 248, 207, 0, 0, 244, 1, 0, 6, 0, 0, 60, 4, 23]
1542785545663;[171, 0, 17, 255, 161, 74, 234, 248, 207, 0, 0, 244, 1, 0, 11, 0, 0, 86, 3, 247]
1542785547966;[171, 0, 17, 255, 161, 74, 234, 248, 207, 0, 0, 247, 1, 0, 4, 0, 0, 69, 3, 206]
1542785547968;[171, 0, 17, 255, 161, 74, 234, 248, 207, 0, 0, 239, 1, 0, 33, 0, 0, 63, 3, 255]
1542785547969;[171, 0, 17, 255, 161, 74, 234, 248, 207, 0, 0, 247, 1, 0, 25, 0, 0, 64, 4, 18]
1542785547971;[171, 0, 17, 255, 161, 74, 234, 248, 208, 0, 0, 246, 1, 0, 23, 0, 0, 66, 4, 33]
1542785547972;[171, 0, 17, 255, 161, 74, 234, 248, 208, 0, 0, 234, 1, 0, 34, 0, 0, 65, 4, 19]
1542785547974;[171, 0, 17, 255, 161, 74, 234, 248, 208, 0, 0, 244, 1, 0, 25, 0, 0, 73, 3, 253]
1542785547975;[171, 0, 17, 255, 161, 74, 234, 248, 208, 0, 0, 248, 1, 0, 28, 0, 0, 50, 3, 195]
1542785547977;[171, 0, 4, 255, 132, 128, 92]
1542785547980;[171, 0, 17, 255, 161, 74, 234, 248, 208, 0, 0, 239, 1, 0, 44, 0, 0, 53, 3, 79]
1542785547982;[171, 0, 17, 255, 161, 74, 234, 248, 208, 0, 0, 235, 1, 0, 52, 0, 0, 53, 3, 27]
1542785547987;[171, 0, 17, 255, 161, 74, 234, 248, 208, 0, 0, 240, 1, 0, 38, 0, 0, 46, 2, 230]
1542785547988;[171, 0, 17, 255, 161, 74, 234, 248, 208, 0, 0, 237, 1, 0, 76, 0, 0, 51, 2, 152]
1542785547990;[171, 0, 17, 255, 161, 74, 234, 248, 208, 0, 0, 255, 1, 0, 53, 0, 0, 46, 2, 70]
1542785547992;[171, 0, 17, 255, 161, 74, 234, 248, 209, 0, 0, 242, 1, 0, 51, 0, 0, 58, 2, 41]
1542785547994;[171, 0, 17, 255, 161, 74, 234, 248, 209, 0, 0, 242, 1, 0, 43, 0, 0, 48, 2, 35]
1542785547995;[171, 0, 17, 255, 161, 74, 234, 248, 209, 0, 0, 243, 1, 0, 49, 0, 0, 42, 1, 242]
1542785547997;[171, 0, 17, 255, 161, 74, 234, 248, 209, 0, 0, 241, 1, 0, 44, 0, 0, 48, 1, 216]
1542785547999;[171, 0, 17, 255, 161, 74, 234, 248, 209, 0, 0, 244, 1, 0, 46, 0, 0, 46, 1, 180]
1542785548001;[171, 0, 4, 255, 132, 128, 94]
1542785548004;[171, 0, 17, 255, 161, 74, 234, 248, 209, 0, 0, 244, 1, 0, 42, 0, 0, 47, 1, 154]
1542785548005;[171, 0, 17, 255, 161, 74, 234, 248, 209, 0, 0, 242, 1, 0, 43, 0, 0, 45, 1, 152]
1542785548010;[171, 0, 17, 255, 161, 74, 234, 248, 209, 0, 0, 243, 1, 0, 42, 0, 0, 44, 1, 138]
1542785548012;[171, 0, 17, 255, 161, 74, 234, 248, 209, 0, 0, 246, 1, 0, 44, 0, 0, 42, 1, 111]
1542785548074;[171, 0, 17, 255, 161, 74, 234, 248, 209, 0, 0, 243, 1, 0, 44, 0, 0, 43, 1, 81]
1542785548248;[171, 0, 17, 255, 161, 74, 234, 248, 210, 0, 0, 241, 1, 0, 43, 0, 0, 42, 1, 46]
1542785548252;[171, 0, 17, 255, 161, 74, 234, 248, 210, 0, 0, 244, 1, 0, 42, 0, 0, 43, 1, 48]
1542785548421;[171, 0, 17, 255, 161, 74, 234, 248, 210, 0, 0, 246, 1, 0, 40, 0, 0, 41, 1, 35]
1542785548424;[171, 0, 17, 255, 161, 74, 234, 248, 210, 0, 0, 245, 1, 0, 43, 0, 0, 43, 1, 23]
1542785548592;[171, 0, 17, 255, 161, 74, 234, 248, 210, 0, 0, 245, 1, 0, 42, 0, 0, 43, 1, 0]
1542785548766;[171, 0, 4, 255, 132, 128, 95]
1542785548793;[171, 0, 17, 255, 161, 74, 234, 248, 210, 0, 0, 242, 1, 0, 42, 0, 0, 42, 0, 230]
1542785549113;[171, 0, 17, 255, 161, 74, 234, 248, 210, 0, 0, 243, 1, 0, 42, 0, 0, 44, 0, 205]
1542785549116;[171, 0, 17, 255, 161, 74, 234, 248, 210, 0, 0, 243, 1, 0, 41, 0, 0, 42, 0, 221]
1542785549120;[171, 0, 17, 255, 161, 74, 234, 248, 210, 0, 0, 242, 1, 0, 42, 0, 0, 42, 0, 220]
1542785549124;[171, 0, 17, 255, 161, 74, 234, 248, 210, 0, 0, 240, 1, 0, 40, 0, 0, 42, 0, 220]
1542785549456;[171, 0, 17, 255, 161, 74, 234, 248, 211, 0, 0, 242, 1, 0, 41, 0, 0, 39, 0, 205]
1542785549460;[171, 0, 17, 255, 161, 74, 234, 248, 211, 0, 0, 247, 1, 0, 41, 0, 0, 41, 16, 185]
1542785549463;[171, 0, 17, 255, 161, 74, 234, 248, 211, 0, 0, 247, 1, 0, 40, 0, 0, 41, 7, 207]
1542785549628;[171, 0, 17, 255, 161, 74, 234, 248, 211, 0, 0, 242, 1, 0, 41, 0, 0, 40, 7, 236]
1542785549632;[171, 0, 17, 255, 161, 74, 234, 248, 211, 0, 0, 243, 1, 0, 42, 0, 0, 40, 7, 244]
1542785549800;[171, 0, 4, 255, 132, 128, 97]
1542785549827;[171, 0, 17, 255, 161, 74, 234, 248, 211, 0, 0, 243, 1, 0, 42, 0, 0, 41, 7, 235]
1542785550319;[171, 0, 17, 255, 161, 74, 234, 248, 211, 0, 0, 241, 1, 0, 40, 0, 0, 41, 7, 229]
1542785550322;[171, 0, 17, 255, 161, 74, 234, 248, 211, 0, 0, 245, 1, 0, 42, 0, 0, 39, 7, 217]
1542785550326;[171, 0, 17, 255, 161, 74, 234, 248, 211, 0, 0, 242, 1, 0, 42, 0, 0, 38, 7, 213]
1542785550330;[171, 0, 17, 255, 161, 74, 234, 248, 211, 0, 0, 243, 1, 0, 43, 0, 0, 43, 7, 244]
1542785550490;[171, 0, 17, 255, 161, 74, 234, 248, 212, 0, 0, 243, 1, 0, 43, 0, 0, 44, 7, 248]
1542785550494;[171, 0, 17, 255, 161, 74, 234, 248, 212, 0, 0, 240, 1, 0, 37, 0, 0, 44, 7, 246]
1542785550663;[171, 0, 17, 255, 161, 74, 234, 248, 212, 0, 0, 238, 1, 0, 35, 0, 0, 38, 7, 230]
1542785550667;[171, 0, 17, 255, 161, 74, 234, 248, 212, 0, 0, 244, 1, 0, 51, 0, 0, 39, 7, 204]
1542785550836;[171, 0, 17, 255, 161, 74, 234, 248, 212, 0, 0, 243, 1, 0, 51, 0, 0, 47, 7, 213]
1542785550841;[171, 0, 4, 255, 132, 128, 98]
1542785551009;[171, 0, 17, 255, 161, 74, 234, 248, 212, 0, 0, 241, 1, 0, 42, 0, 0, 46, 7, 248]
1542785551012;[171, 0, 17, 255, 161, 74, 234, 248, 212, 0, 0, 241, 1, 0, 40, 0, 0, 44, 8, 0]
1542785551181;[171, 0, 17, 255, 161, 74, 234, 248, 212, 0, 0, 250, 1, 0, 58, 0, 0, 50, 8, 49]
1542785551353;[171, 0, 17, 255, 161, 74, 234, 248, 212, 0, 1, 143, 1, 0, 81, 0, 0, 13, 8, 188]
1542785551356;[171, 0, 17, 255, 161, 74, 234, 248, 212, 0, 1, 13, 1, 0, 45, 1, 0, 74, 9, 28]
1542785551699;[171, 0, 17, 255, 161, 74, 234, 248, 213, 0, 0, 223, 0, 0, 98, 1, 0, 43, 9, 163]
1542785551703;[171, 0, 17, 255, 161, 74, 234, 248, 213, 0, 1, 9, 0, 0, 225, 0, 0, 121, 10, 12]
1542785551707;[171, 0, 17, 255, 161, 74, 234, 248, 213, 0, 0, 166, 0, 0, 197, 0, 0, 31, 10, 79]
1542785551870;[171, 0, 17, 255, 161, 74, 234, 248, 213, 0, 0, 102, 0, 0, 226, 0, 0, 16, 10, 117]
1542785552042;[171, 0, 17, 255, 161, 74, 234, 248, 215, 0, 0, 187, 1, 0, 138, 0, 0, 72, 14, 131]
1542785552217;[171, 0, 17, 255, 161, 74, 234, 248, 215, 0, 0, 186, 1, 0, 149, 0, 0, 77, 14, 156]
1542785552221;[171, 0, 17, 255, 161, 74, 234, 248, 215, 0, 0, 158, 1, 0, 132, 0, 0, 70, 14, 151]
1542785552388;[171, 0, 17, 255, 161, 74, 234, 248, 215, 0, 0, 199, 1, 0, 142, 0, 0, 77, 14, 161]
1542785552561;[171, 0, 17, 255, 161, 74, 234, 248, 215, 0, 0, 184, 1, 0, 165, 0, 0, 103, 14, 168]
1542785552564;[171, 0, 17, 255, 161, 74, 234, 248, 216, 0, 0, 171, 1, 0, 149, 0, 0, 80, 14, 169]
1542785552908;[171, 0, 17, 255, 161, 74, 234, 248, 216, 0, 0, 209, 1, 0, 159, 0, 0, 106, 31, 62]
1542785552912;[171, 0, 17, 255, 161, 74, 234, 248, 216, 0, 0, 178, 1, 0, 114, 0, 0, 65, 7, 249]
1542785552915;[171, 0, 17, 255, 161, 74, 234, 248, 216, 0, 0, 203, 1, 0, 65, 0, 0, 49, 7, 240]
1542785552920;[171, 0, 17, 255, 161, 74, 234, 248, 216, 0, 1, 16, 1, 0, 75, 0, 0, 9, 7, 231]
1542785553144;[171, 0, 4, 255, 132, 128, 102]
1542785553251;[171, 0, 17, 255, 161, 74, 234, 248, 216, 0, 1, 34, 1, 0, 87, 0, 0, 0, 7, 221]
1542785553254;[171, 0, 17, 255, 161, 74, 234, 248, 216, 0, 0, 225, 1, 0, 43, 0, 0, 51, 7, 216]
1542785553423;[171, 0, 17, 255, 161, 74, 234, 248, 216, 0, 0, 211, 0, 0, 22, 0, 0, 61, 8, 14]
1542785553427;[171, 0, 17, 255, 161, 74, 234, 248, 216, 0, 0, 216, 0, 0, 43, 0, 0, 64, 8, 86]
1542785553595;[171, 0, 17, 255, 161, 74, 234, 248, 216, 0, 0, 205, 0, 0, 62, 0, 0, 53, 8, 70]
1542785553767;[171, 0, 17, 255, 161, 74, 234, 248, 217, 0, 0, 210, 0, 0, 39, 0, 0, 49, 8, 55]
1542785553771;[171, 0, 17, 255, 161, 74, 234, 248, 217, 0, 0, 190, 1, 0, 18, 0, 0, 52, 8, 52]
1542785554285;[171, 0, 17, 255, 161, 74, 234, 248, 217, 0, 1, 95, 1, 0, 80, 0, 0, 55, 8, 36]
1542785554460;[171, 0, 17, 255, 161, 74, 234, 248, 217, 0, 0, 219, 1, 0, 98, 0, 0, 32, 8, 34]
1542785554464;[171, 0, 17, 255, 161, 74, 234, 248, 217, 0, 0, 186, 1, 0, 91, 1, 0, 26, 8, 28]
1542785554468;[171, 0, 4, 255, 132, 128, 103]
1542785554494;[171, 0, 17, 255, 161, 74, 234, 248, 217, 0, 1, 4, 1, 0, 107, 0, 0, 12, 8, 46]
1542785554632;[171, 0, 17, 255, 161, 74, 234, 248, 217, 0, 0, 206, 1, 0, 71, 0, 0, 64, 8, 24]
1542785554636;[171, 0, 17, 255, 161, 74, 234, 248, 217, 0, 0, 159, 1, 0, 91, 0, 0, 68, 7, 214]
1542785554640;[171, 0, 17, 255, 161, 74, 234, 248, 217, 0, 1, 78, 1, 0, 83, 0, 0, 80, 7, 157]
1542785554644;[171, 0, 17, 255, 161, 74, 234, 248, 217, 0, 0, 230, 1, 0, 41, 0, 0, 63, 7, 97]
1542785554804;[171, 0, 17, 255, 161, 74, 234, 248, 218, 0, 0, 134, 0, 0, 74, 0, 0, 50, 7, 148]
1542785554807;[171, 0, 17, 255, 161, 74, 234, 248, 218, 0, 0, 112, 0, 0, 70, 0, 0, 56, 7, 180]
1542785554975;[171, 0, 17, 255, 161, 74, 234, 248, 218, 0, 1, 142, 1, 0, 22, 0, 0, 105, 7, 153]
1542785555148;[171, 0, 17, 255, 161, 74, 234, 248, 218, 0, 1, 21, 1, 0, 10, 0, 0, 138, 7, 156]
1542785555153;[171, 0, 17, 255, 161, 74, 234, 248, 218, 0, 0, 132, 0, 0, 55, 0, 0, 120, 7, 136]
1542785555493;[171, 0, 4, 255, 132, 128, 102]
1542785555520;[171, 0, 17, 255, 161, 74, 234, 248, 218, 0, 0, 147, 0, 0, 127, 0, 0, 118, 7, 117]
1542785555522;[171, 0, 17, 255, 161, 74, 234, 248, 218, 0, 0, 220, 0, 0, 95, 0, 0, 110, 7, 176]
1542785555665;[171, 0, 17, 255, 161, 74, 234, 248, 218, 0, 1, 21, 0, 0, 73, 0, 0, 107, 7, 199]
1542785555668;[171, 0, 17, 255, 161, 74, 234, 248, 218, 0, 0, 231, 0, 0, 77, 0, 0, 97, 7, 187]
1542785555837;[171, 0, 17, 255, 161, 74, 234, 248, 218, 0, 0, 183, 0, 0, 98, 0, 0, 163, 7, 186]
1542785555842;[171, 0, 17, 255, 161, 74, 234, 248, 219, 0, 1, 19, 0, 0, 76, 0, 0, 112, 7, 115]
1542785556012;[171, 0, 17, 255, 161, 74, 234, 248, 219, 0, 0, 234, 0, 0, 62, 0, 0, 57, 7, 67]
1542785556016;[171, 0, 17, 255, 161, 74, 234, 248, 219, 0, 0, 247, 0, 0, 101, 0, 0, 37, 7, 176]
1542785556183;[171, 0, 17, 255, 161, 74, 234, 248, 219, 0, 0, 237, 0, 0, 118, 0, 0, 14, 7, 171]
1542785556355;[171, 0, 17, 255, 161, 74, 234, 248, 219, 0, 0, 179, 0, 0, 137, 0, 0, 23, 7, 131]
1542785556702;[171, 0, 4, 255, 132, 128, 101]
1542785556728;[171, 0, 17, 255, 161, 74, 234, 248, 219, 0, 0, 101, 0, 0, 94, 0, 0, 4, 7, 82]
1542785556730;[171, 0, 17, 255, 161, 74, 234, 248, 219, 0, 1, 19, 0, 0, 206, 1, 0, 13, 7, 107]
1542785556731;[171, 0, 17, 255, 161, 74, 234, 248, 219, 0, 1, 160, 0, 1, 112, 0, 0, 34, 8, 61]
1542785556873;[171, 0, 17, 255, 161, 74, 234, 248, 219, 1, 0, 14, 1, 0, 101, 1, 0, 37, 5, 138]
1542785556876;[171, 0, 17, 255, 161, 74, 234, 248, 219, 0, 1, 74, 0, 0, 253, 0, 0, 126, 4, 149]
1542785557392;[171, 0, 17, 255, 161, 74, 234, 248, 220, 1, 1, 99, 1, 0, 97, 1, 0, 126, 5, 8]
1542785557396;[171, 0, 17, 255, 161, 74, 234, 248, 220, 0, 0, 96, 0, 0, 239, 0, 0, 30, 4, 175]
1542785557400;[171, 0, 17, 255, 161, 74, 234, 248, 220, 0, 0, 34, 0, 0, 252, 1, 0, 84, 4, 167]
1542785557404;[171, 0, 17, 255, 161, 74, 234, 248, 220, 0, 0, 71, 0, 1, 4, 1, 0, 7, 4, 166]
1542785557737;[171, 0, 17, 255, 161, 74, 234, 248, 220, 0, 0, 69, 0, 1, 5, 1, 0, 4, 4, 146]
1542785557740;[171, 0, 4, 255, 132, 128, 101]
1542785557768;[171, 0, 17, 255, 161, 74, 234, 248, 220, 0, 0, 73, 0, 0, 255, 1, 0, 14, 4, 160]
1542785557770;[171, 0, 17, 255, 161, 74, 234, 248, 220, 0, 0, 94, 0, 0, 242, 1, 0, 36, 4, 211]
1542785558082;[171, 0, 17, 255, 161, 74, 234, 248, 220, 0, 0, 88, 0, 0, 254, 1, 0, 41, 4, 194]
1542785558086;[171, 0, 17, 255, 161, 74, 234, 248, 220, 0, 0, 70, 0, 1, 15, 1, 0, 43, 4, 59]
1542785558090;[171, 0, 17, 255, 161, 74, 234, 248, 220, 0, 0, 91, 0, 0, 238, 1, 0, 67, 3, 149]
1542785558093;[171, 0, 17, 255, 161, 74, 234, 248, 221, 0, 0, 95, 0, 0, 247, 1, 0, 46, 3, 43]
1542785558252;[171, 0, 17, 255, 161, 74, 234, 248, 221, 0, 0, 99, 0, 0, 245, 1, 0, 47, 3, 43]
1542785558256;[171, 0, 17, 255, 161, 74, 234, 248, 221, 0, 0, 96, 0, 0, 244, 1, 0, 42, 3, 13]
1542785558425;[171, 0, 17, 255, 161, 74, 234, 248, 221, 0, 0, 91, 0, 0, 247, 1, 0, 43, 3, 3]
1542785558429;[171, 0, 17, 255, 161, 74, 234, 248, 221, 0, 0, 98, 0, 0, 244, 1, 0, 48, 3, 7]
1542785558596;[171, 0, 4, 255, 132, 128, 100]
1542785558947;[171, 0, 17, 255, 161, 74, 234, 248, 221, 0, 0, 100, 0, 0, 244, 1, 0, 52, 2, 239]
1542785558949;[171, 0, 17, 255, 161, 74, 234, 248, 221, 0, 0, 92, 0, 0, 247, 1, 0, 55, 2, 186]
1542785558953;[171, 0, 17, 255, 161, 74, 234, 248, 221, 0, 0, 93, 0, 0, 247, 1, 0, 58, 2, 132]
1542785558957;[171, 0, 17, 255, 161, 74, 234, 248, 221, 0, 0, 90, 0, 0, 245, 1, 0, 69, 2, 63]
1542785559288;[171, 0, 17, 255, 161, 74, 234, 248, 221, 0, 0, 86, 0, 0, 244, 1, 0, 65, 1, 248]
1542785559292;[171, 0, 17, 255, 161, 74, 234, 248, 222, 0, 0, 91, 0, 0, 247, 1, 0, 65, 1, 169]
1542785559296;[171, 0, 17, 255, 161, 74, 234, 248, 222, 0, 0, 94, 0, 0, 244, 1, 0, 68, 1, 169]
1542785559460;[171, 0, 17, 255, 161, 74, 234, 248, 222, 0, 0, 92, 0, 1, 4, 1, 0, 55, 1, 142]
1542785559634;[171, 0, 17, 255, 161, 74, 234, 248, 222, 0, 0, 86, 0, 0, 252, 1, 0, 68, 1, 141]
1542785559638;[171, 0, 17, 255, 161, 74, 234, 248, 222, 0, 0, 55, 0, 1, 4, 1, 0, 53, 1, 149]
1542785559642;[171, 0, 4, 255, 132, 128, 100]
1542785559806;[171, 0, 17, 255, 161, 74, 234, 248, 222, 0, 0, 29, 0, 0, 205, 1, 0, 17, 1, 97]
1542785559810;[171, 0, 17, 255, 161, 74, 234, 248, 222, 0, 0, 112, 0, 1, 42, 1, 0, 67, 1, 56]
1542785559978;[171, 0, 17, 255, 161, 74, 234, 248, 222, 0, 0, 98, 0, 0, 249, 1, 0, 57, 0, 249]
1542785560151;[171, 0, 17, 255, 161, 74, 234, 248, 222, 0, 0, 75, 0, 0, 247, 1, 0, 58, 16, 170]
1542785560155;[171, 0, 17, 255, 161, 74, 234, 248, 222, 0, 0, 80, 0, 0, 254, 1, 0, 51, 7, 142]
1542785560669;[171, 0, 17, 255, 161, 74, 234, 248, 223, 0, 0, 88, 0, 0, 250, 1, 0, 51, 7, 54]
1542785560673;[171, 0, 17, 255, 161, 74, 234, 248, 223, 0, 0, 79, 0, 0, 252, 1, 0, 56, 6, 253]
1542785560843;[171, 0, 17, 255, 161, 74, 234, 248, 223, 0, 0, 78, 0, 0, 249, 1, 0, 57, 6, 227]
1542785560847;[171, 0, 17, 255, 161, 74, 234, 248, 223, 0, 0, 80, 0, 0, 249, 1, 0, 56, 6, 201]
1542785560854;[171, 0, 17, 255, 161, 74, 234, 248, 223, 0, 0, 80, 0, 0, 249, 1, 0, 56, 6, 164]
1542785560876;[171, 0, 4, 255, 132, 128, 100]
1542785561013;[171, 0, 17, 255, 161, 74, 234, 248, 223, 0, 0, 79, 0, 0, 251, 1, 0, 56, 6, 115]
1542785561017;[171, 0, 17, 255, 161, 74, 234, 248, 223, 0, 0, 80, 0, 0, 252, 1, 0, 57, 6, 74]
1542785561021;[171, 0, 17, 255, 161, 74, 234, 248, 223, 0, 0, 81, 0, 0, 253, 1, 0, 56, 6, 93]
1542785561184;[171, 0, 17, 255, 161, 74, 234, 248, 223, 0, 0, 75, 0, 0, 246, 1, 0, 53, 6, 124]
1542785561532;[171, 0, 17, 255, 161, 74, 234, 248, 223, 0, 0, 73, 0, 0, 248, 1, 0, 57, 6, 141]
1542785561536;[171, 0, 17, 255, 161, 74, 234, 248, 224, 0, 0, 78, 0, 0, 253, 1, 0, 55, 6, 137]
1542785561540;[171, 0, 17, 255, 161, 74, 234, 248, 224, 0, 0, 77, 0, 0, 249, 1, 0, 57, 6, 123]
1542785561544;[171, 0, 17, 255, 161, 74, 234, 248, 224, 0, 0, 79, 0, 0, 251, 1, 0, 56, 6, 109]
1542785561879;[171, 0, 17, 255, 161, 74, 234, 248, 224, 0, 0, 78, 0, 0, 251, 1, 0, 55, 6, 167]
1542785561880;[171, 0, 17, 255, 161, 74, 234, 248, 224, 0, 0, 80, 0, 0, 250, 1, 0, 56, 6, 174]
1542785561883;[171, 0, 4, 255, 132, 128, 101]
1542785562222;[171, 0, 17, 255, 161, 74, 234, 248, 224, 0, 0, 77, 0, 0, 250, 1, 0, 54, 6, 162]
1542785562226;[171, 0, 17, 255, 161, 74, 234, 248, 224, 0, 0, 85, 0, 0, 251, 1, 0, 57, 6, 135]
1542785562230;[171, 0, 17, 255, 161, 74, 234, 248, 224, 0, 0, 85, 0, 0, 247, 1, 0, 57, 6, 94]
1542785562234;[171, 0, 17, 255, 161, 74, 234, 248, 224, 0, 0, 86, 0, 0, 229, 1, 0, 67, 6, 167]
1542785562393;[171, 0, 17, 255, 161, 74, 234, 248, 224, 0, 0, 127, 0, 0, 241, 1, 0, 49, 7, 59]
1542785562565;[171, 0, 17, 255, 161, 74, 234, 248, 225, 0, 0, 99, 0, 0, 255, 1, 0, 50, 7, 194]
1542785562569;[171, 0, 17, 255, 161, 74, 234, 248, 225, 0, 0, 115, 0, 0, 247, 1, 0, 40, 8, 42]
1542785562738;[171, 0, 17, 255, 161, 74, 234, 248, 225, 0, 0, 112, 0, 0, 233, 1, 0, 61, 8, 112]
1542785562741;[171, 0, 17, 255, 161, 74, 234, 248, 225, 0, 0, 111, 0, 0, 237, 1, 0, 62, 8, 153]
1542785563084;[171, 0, 17, 255, 161, 74, 234, 248, 225, 0, 0, 121, 0, 0, 229, 1, 0, 60, 9, 19]
1542785563088;[171, 0, 4, 255, 132, 128, 102]
1542785563116;[171, 0, 17, 255, 161, 74, 234, 248, 225, 0, 0, 112, 0, 0, 235, 1, 0, 63, 9, 94]
1542785563253;[171, 0, 17, 255, 161, 74, 234, 248, 225, 0, 0, 119, 0, 0, 227, 1, 0, 60, 9, 131]
1542785563255;[171, 0, 17, 255, 161, 74, 234, 248, 225, 0, 0, 111, 0, 0, 234, 1, 0, 60, 9, 157]
1542785563428;[171, 0, 17, 255, 161, 74, 234, 248, 225, 0, 0, 110, 0, 0, 237, 1, 0, 60, 9, 162]
1542785563432;[171, 0, 17, 255, 161, 74, 234, 248, 225, 0, 0, 116, 0, 0, 227, 1, 0, 72, 9, 136]
1542785563947;[171, 0, 17, 255, 161, 74, 234, 248, 226, 0, 0, 111, 0, 0, 230, 1, 0, 80, 9, 119]
1542785563951;[171, 0, 17, 255, 161, 74, 234, 248, 226, 0, 0, 105, 0, 0, 237, 1, 0, 69, 9, 118]
1542785563955;[171, 0, 17, 255, 161, 74, 234, 248, 226, 0, 0, 99, 0, 0, 209, 1, 0, 88, 9, 36]
1542785563959;[171, 0, 17, 255, 161, 74, 234, 248, 226, 0, 0, 101, 0, 0, 228, 1, 0, 109, 7, 245]
1542785564119;[171, 0, 17, 255, 161, 74, 234, 248, 226, 0, 0, 133, 0, 0, 231, 1, 0, 83, 7, 160]
1542785564123;[171, 0, 4, 255, 132, 128, 103]
1542785564464;[171, 0, 17, 255, 161, 74, 234, 248, 226, 0, 0, 110, 0, 0, 224, 1, 0, 88, 7, 68]
1542785564468;[171, 0, 17, 255, 161, 74, 234, 248, 226, 0, 0, 112, 0, 0, 225, 1, 0, 95, 7, 135]
1542785564473;[171, 0, 17, 255, 161, 74, 234, 248, 226, 0, 0, 107, 0, 0, 221, 1, 0, 92, 7, 227]
1542785564476;[171, 0, 17, 255, 161, 74, 234, 248, 226, 0, 0, 99, 0, 0, 213, 1, 0, 109, 8, 160]
1542785564635;[171, 0, 17, 255, 161, 74, 234, 248, 226, 0, 0, 109, 0, 0, 220, 1, 0, 101, 9, 119]
1542785564639;[171, 0, 17, 255, 161, 74, 234, 248, 227, 0, 0, 125, 0, 0, 222, 1, 0, 88, 9, 100]
1542785564808;[171, 0, 17, 255, 161, 74, 234, 248, 227, 0, 0, 145, 0, 0, 235, 1, 0, 51, 10, 51]
1542785564812;[171, 0, 17, 255, 161, 74, 234, 248, 227, 0, 0, 129, 0, 0, 230, 1, 0, 70, 11, 21]
1542785565152;[171, 0, 17, 255, 161, 74, 234, 248, 227, 0, 0, 99, 0, 0, 232, 1, 0, 73, 11, 98]
1542785565326;[171, 0, 17, 255, 161, 74, 234, 248, 227, 0, 0, 66, 0, 0, 229, 1, 0, 109, 10, 76]
1542785565330;[171, 0, 4, 255, 132, 128, 104]
1542785565356;[171, 0, 17, 255, 161, 74, 234, 248, 227, 0, 0, 59, 0, 0, 215, 1, 0, 130, 8, 124]
1542785565358;[171, 0, 17, 255, 161, 74, 234, 248, 227, 0, 0, 79, 0, 0, 217, 1, 0, 137, 8, 0]
1542785565843;[171, 0, 17, 255, 161, 74, 234, 248, 227, 0, 0, 100, 0, 0, 224, 1, 0, 113, 7, 52]
1542785565847;[171, 0, 17, 255, 161, 74, 234, 248, 227, 0, 0, 110, 0, 0, 212, 1, 0, 120, 6, 97]
1542785565851;[171, 0, 17, 255, 161, 74, 234, 248, 227, 0, 0, 122, 0, 0, 218, 1, 0, 72, 6, 75]
1542785566016;[171, 0, 17, 255, 161, 74, 234, 248, 228, 0, 0, 108, 0, 0, 227, 1, 0, 95, 6, 89]
1542785566020;[171, 0, 17, 255, 161, 74, 234, 248, 228, 0, 0, 117, 0, 0, 219, 1, 0, 89, 6, 45]
1542785566024;[171, 0, 17, 255, 161, 74, 234, 248, 228, 0, 0, 107, 0, 0, 219, 1, 0, 107, 5, 166]
1542785566028;[171, 0, 17, 255, 161, 74, 234, 248, 228, 0, 0, 95, 0, 0, 219, 1, 0, 99, 4, 180]
1542785566534;[171, 0, 17, 255, 161, 74, 234, 248, 228, 0, 0, 103, 0, 0, 225, 1, 0, 111, 3, 236]
1542785566538;[171, 0, 4, 255, 132, 128, 105]
1542785566564;[171, 0, 17, 255, 161, 74, 234, 248, 228, 0, 0, 112, 0, 0, 227, 1, 0, 89, 3, 142]
1542785566566;[171, 0, 17, 255, 161, 74, 234, 248, 228, 0, 0, 94, 0, 0, 221, 1, 0, 99, 3, 140]
1542785566705;[171, 0, 17, 255, 161, 74, 234, 248, 228, 0, 0, 100, 0, 0, 221, 1, 0, 96, 3, 146]
1542785566709;[171, 0, 17, 255, 161, 74, 234, 248, 228, 0, 0, 103, 0, 0, 223, 1, 0, 111, 3, 129]
1542785566714;[171, 0, 17, 255, 161, 74, 234, 248, 228, 0, 0, 100, 0, 0, 219, 1, 0, 109, 3, 85]
1542785567225;[171, 0, 17, 255, 161, 74, 234, 248, 229, 0, 0, 110, 0, 0, 225, 1, 0, 89, 3, 71]
1542785567229;[171, 0, 17, 255, 161, 74, 234, 248, 229, 0, 0, 135, 0, 0, 180, 1, 0, 92, 2, 242]
1542785567233;[171, 0, 17, 255, 161, 74, 234, 248, 229, 0, 0, 134, 0, 0, 244, 1, 0, 132, 2, 23]
1542785567238;[171, 0, 17, 255, 161, 74, 234, 248, 229, 0, 0, 149, 0, 0, 203, 1, 0, 43, 2, 0]
1542785567396;[171, 0, 17, 255, 161, 74, 234, 248, 229, 0, 0, 113, 0, 0, 242, 1, 0, 94, 1, 237]
1542785567400;[171, 0, 4, 255, 132, 128, 105]
1542785567568;[171, 0, 17, 255, 161, 74, 234, 248, 229, 0, 0, 120, 0, 0, 228, 1, 0, 210, 1, 218]
1542785567572;[171, 0, 17, 255, 161, 74, 234, 248, 229, 0, 0, 129, 0, 0, 214, 1, 0, 108, 1, 202]
1542785567741;[171, 0, 17, 255, 161, 74, 234, 248, 229, 0, 0, 85, 0, 0, 243, 1, 0, 103, 1, 247]
1542785567745;[171, 0, 17, 255, 161, 74, 234, 248, 229, 0, 0, 125, 0, 0, 211, 1, 0, 111, 2, 209]
1542785567912;[171, 0, 17, 255, 161, 74, 234, 248, 229, 0, 0, 137, 0, 0, 234, 1, 0, 72, 3, 125]
1542785567916;[171, 0, 17, 255, 161, 74, 234, 248, 230, 0, 0, 150, 0, 0, 228, 1, 0, 23, 2, 251]
1542785568258;[171, 0, 17, 255, 161, 74, 234, 248, 230, 0, 0, 157, 0, 0, 170, 0, 0, 65, 2, 217]
1542785568263;[171, 0, 17, 255, 161, 74, 234, 248, 230, 1, 0, 18, 0, 0, 119, 0, 0, 49, 3, 217]
1542785568266;[171, 0, 17, 255, 161, 74, 234, 248, 230, 0, 0, 58, 0, 0, 109, 0, 1, 47, 3, 123]
1542785568430;[171, 0, 17, 255, 161, 74, 234, 248, 230, 0, 1, 95, 0, 0, 88, 0, 0, 78, 4, 42]
1542785568434;[171, 0, 4, 255, 132, 128, 105]
1542785568604;[171, 0, 17, 255, 161, 74, 234, 248, 230, 0, 0, 188, 1, 0, 68, 1, 0, 64, 4, 190]
1542785568608;[171, 0, 17, 255, 161, 74, 234, 248, 230, 0, 0, 235, 1, 0, 99, 0, 0, 6, 4, 242]
1542785568776;[171, 0, 17, 255, 161, 74, 234, 248, 230, 0, 0, 188, 1, 0, 96, 0, 0, 27, 5, 141]
1542785568949;[171, 0, 17, 255, 161, 74, 234, 248, 230, 0, 0, 123, 1, 0, 142, 0, 0, 38, 5, 160]
1542785568953;[171, 0, 17, 255, 161, 74, 234, 248, 230, 0, 0, 105, 1, 0, 195, 1, 0, 20, 5, 211]
1542785569122;[171, 0, 17, 255, 161, 74, 234, 248, 231, 0, 0, 101, 1, 0, 230, 0, 0, 129, 6, 190]
1542785569126;[171, 0, 17, 255, 161, 74, 234, 248, 231, 1, 0, 14, 1, 0, 240, 1, 0, 65, 7, 94]
1542785569639;[171, 0, 17, 255, 161, 74, 234, 248, 231, 1, 0, 20, 1, 0, 213, 1, 0, 1, 7, 204]
1542785569643;[171, 0, 17, 255, 161, 74, 234, 248, 231, 0, 1, 154, 1, 2, 21, 1, 0, 94, 8, 82]
1542785569647;[171, 0, 17, 255, 161, 74, 234, 248, 231, 1, 0, 28, 1, 0, 233, 1, 0, 23, 8, 249]
1542785569651;[171, 0, 4, 255, 132, 128, 104]
1542785569984;[171, 0, 17, 255, 161, 74, 234, 248, 231, 1, 0, 66, 1, 0, 210, 0, 0, 10, 9, 125]
1542785569988;[171, 0, 17, 255, 161, 74, 234, 248, 231, 1, 0, 30, 1, 0, 251, 0, 0, 39, 10, 185]
1542785569992;[171, 0, 17, 255, 161, 74, 234, 248, 231, 1, 0, 84, 1, 0, 228, 0, 0, 8, 11, 111]
1542785569996;[171, 0, 17, 255, 161, 74, 234, 248, 231, 1, 0, 2, 1, 1, 81, 0, 0, 65, 12, 28]
1542785570155;[171, 0, 17, 255, 161, 74, 234, 248, 231, 0, 0, 109, 1, 0, 125, 1, 0, 216, 12, 122]
1542785570159;[171, 0, 17, 255, 161, 74, 234, 248, 232, 1, 0, 170, 1, 1, 135, 0, 0, 128, 13, 73]
1542785570327;[171, 0, 17, 255, 161, 74, 234, 248, 232, 0, 0, 160, 1, 0, 196, 0, 1, 1, 13, 206]
1542785570331;[171, 0, 17, 255, 161, 74, 234, 248, 232, 0, 0, 139, 1, 0, 178, 1, 0, 5, 14, 43]
1542785570499;[171, 0, 17, 255, 161, 74, 234, 248, 232, 0, 0, 54, 1, 0, 240, 0, 0, 21, 14, 43]
1542785570503;[171, 0, 17, 255, 161, 74, 234, 248, 232, 0, 0, 58, 1, 0, 246, 0, 0, 15, 14, 43]
1542785570846;[171, 0, 4, 255, 132, 128, 104]
1542785570872;[171, 0, 17, 255, 161, 74, 234, 248, 232, 0, 0, 72, 1, 0, 254, 0, 0, 32, 14, 34]
1542785570873;[171, 0, 17, 255, 161, 74, 234, 248, 232, 0, 0, 95, 1, 0, 226, 0, 0, 16, 13, 188]
1542785571018;[171, 0, 17, 255, 161, 74, 234, 248, 232, 0, 0, 60, 1, 0, 217, 1, 0, 12, 13, 119]
1542785571022;[171, 0, 17, 255, 161, 74, 234, 248, 232, 0, 0, 46, 1, 0, 245, 1, 0, 6, 14, 161]
1542785571364;[171, 0, 17, 255, 161, 74, 234, 248, 232, 0, 0, 43, 1, 0, 234, 1, 0, 11, 31, 64]
1542785571367;[171, 0, 17, 255, 161, 74, 234, 248, 233, 0, 0, 27, 1, 0, 236, 1, 0, 5, 7, 254]
1542785571371;[171, 0, 17, 255, 161, 74, 234, 248, 233, 0, 0, 32, 1, 0, 240, 1, 0, 11, 8, 40]
1542785571535;[171, 0, 17, 255, 161, 74, 234, 248, 233, 0, 0, 2, 1, 1, 2, 1, 0, 3, 8, 60]
1542785571539;[171, 0, 17, 255, 161, 74, 234, 248, 233, 0, 0, 3, 1, 1, 5, 0, 0, 6, 8, 255]
1542785571708;[171, 0, 17, 255, 161, 74, 234, 248, 233, 0, 0, 24, 1, 0, 238, 0, 0, 8, 9, 188]
1542785571711;[171, 0, 4, 255, 132, 128, 104]
1542785572053;[171, 0, 17, 255, 161, 74, 234, 248, 233, 0, 1, 200, 0, 0, 43, 1, 0, 248, 10, 12]
1542785572058;[171, 0, 17, 255, 161, 74, 234, 248, 233, 0, 0, 40, 1, 0, 102, 1, 0, 34, 9, 184]
1542785572061;[171, 0, 17, 255, 161, 74, 234, 248, 233, 0, 0, 119, 1, 0, 221, 0, 0, 36, 9, 149]
1542785572225;[171, 0, 17, 255, 161, 74, 234, 248, 233, 0, 0, 129, 1, 0, 191, 1, 0, 67, 9, 63]
1542785572228;[171, 0, 17, 255, 161, 74, 234, 248, 233, 0, 0, 155, 1, 0, 180, 0, 0, 43, 9, 158]
1542785572397;[171, 0, 17, 255, 161, 74, 234, 248, 234, 0, 0, 129, 1, 0, 202, 0, 0, 12, 10, 22]
1542785572570;[171, 0, 17, 255, 161, 74, 234, 248, 234, 0, 0, 121, 1, 0, 208, 0, 0, 6, 10, 28]
1542785572574;[171, 0, 17, 255, 161, 74, 234, 248, 234, 0, 0, 120, 1, 0, 222, 0, 0, 20, 9, 205]
1542785572744;[171, 0, 17, 255, 161, 74, 234, 248, 234, 0, 0, 196, 1, 0, 200, 1, 0, 75, 9, 128]
1542785572747;[171, 0, 17, 255, 161, 74, 234, 248, 234, 1, 0, 39, 1, 3, 122, 0, 0, 40, 10, 5]
1542785572914;[171, 0, 4, 255, 132, 128, 104]
1542785572941;[171, 0, 17, 255, 161, 74, 234, 248, 234, 0, 0, 96, 1, 0, 95, 0, 0, 95, 10, 113]
1542785573606;[171, 0, 17, 255, 161, 74, 234, 248, 234, 0, 1, 57, 1, 0, 107, 1, 0, 1, 10, 132]
1542785573611;[171, 0, 17, 255, 161, 74, 234, 248, 234, 0, 0, 162, 1, 0, 113, 1, 0, 37, 9, 93]
1542785573615;[171, 0, 17, 255, 161, 74, 234, 248, 234, 0, 0, 11, 1, 0, 38, 0, 0, 75, 8, 126]
1542785573619;[171, 0, 17, 255, 161, 74, 234, 248, 234, 0, 0, 208, 1, 1, 10, 0, 0, 10, 8, 56]
1542785573780;[171, 0, 17, 255, 161, 74, 234, 248, 235, 0, 0, 194, 1, 0, 146, 1, 0, 67, 7, 133]
1542785573783;[171, 0, 17, 255, 161, 74, 234, 248, 235, 0, 1, 8, 1, 0, 110, 1, 0, 58, 7, 141]
1542785573787;[171, 0, 17, 255, 161, 74, 234, 248, 235, 0, 0, 62, 1, 0, 193, 1, 0, 33, 7, 248]
1542785573791;[171, 0, 17, 255, 161, 74, 234, 248, 235, 0, 0, 44, 1, 0, 220, 0, 0, 17, 7, 253]
1542785574123;[171, 0, 17, 255, 161, 74, 234, 248, 237, 0, 0, 238, 1, 0, 71, 0, 0, 20, 2, 83]
1542785574127;[171, 0, 17, 255, 161, 74, 234, 248, 237, 0, 0, 239, 1, 0, 69, 0, 0, 32, 2, 21]
1542785574642;[171, 0, 17, 255, 161, 74, 234, 248, 237, 0, 0, 239, 1, 0, 69, 0, 0, 12, 1, 225]
1542785574646;[171, 0, 17, 255, 161, 74, 234, 248, 237, 0, 0, 238, 1, 0, 67, 0, 0, 20, 1, 148]
1542785574650;[171, 0, 17, 255, 161, 74, 234, 248, 237, 0, 0, 240, 1, 0, 67, 0, 0, 24, 1, 92]
1542785574654;[171, 0, 17, 255, 161, 74, 234, 248, 238, 0, 0, 239, 1, 0, 69, 0, 0, 4, 1, 74]
1542785574813;[171, 0, 17, 255, 161, 74, 234, 248, 238, 0, 0, 240, 1, 0, 66, 0, 0, 13, 1, 40]
1542785574817;[171, 0, 17, 255, 161, 74, 234, 248, 238, 0, 0, 238, 1, 0, 67, 0, 0, 10, 0, 245]
1542785574821;[171, 0, 17, 255, 161, 74, 234, 248, 238, 0, 0, 238, 1, 0, 66, 0, 0, 12, 16, 183]
1542785575159;[171, 0, 17, 255, 161, 74, 234, 248, 238, 0, 0, 236, 1, 0, 71, 0, 0, 13, 7, 138]
1542785575163;[171, 0, 4, 255, 132, 128, 103]
1542785575190;[171, 0, 17, 255, 161, 74, 234, 248, 238, 0, 0, 238, 1, 0, 66, 0, 0, 5, 7, 83]
1542785575330;[171, 0, 17, 255, 161, 74, 234, 248, 238, 0, 0, 241, 1, 0, 72, 0, 0, 4, 7, 90]
1542785575334;[171, 0, 17, 255, 161, 74, 234, 248, 238, 0, 0, 241, 1, 0, 72, 0, 0, 11, 7, 63]
1542785575503;[171, 0, 17, 255, 161, 74, 234, 248, 238, 0, 0, 238, 1, 0, 68, 0, 0, 5, 7, 17]
1542785575507;[171, 0, 17, 255, 161, 74, 234, 248, 238, 0, 0, 240, 1, 0, 72, 0, 0, 5, 6, 230]
1542785576022;[171, 0, 17, 255, 161, 74, 234, 248, 239, 0, 0, 236, 1, 0, 74, 0, 0, 5, 6, 180]
1542785576025;[171, 0, 17, 255, 161, 74, 234, 248, 239, 0, 0, 236, 1, 0, 70, 0, 0, 4, 6, 173]
1542785576029;[171, 0, 17, 255, 161, 74, 234, 248, 239, 0, 0, 234, 1, 0, 69, 0, 0, 5, 6, 164]
1542785576033;[171, 0, 17, 255, 161, 74, 234, 248, 239, 0, 0, 239, 1, 0, 73, 0, 0, 1, 6, 142]
1542785576194;[171, 0, 17, 255, 161, 74, 234, 248, 239, 0, 0, 240, 1, 0, 71, 0, 0, 2, 6, 102]
1542785576198;[171, 0, 4, 255, 132, 128, 103]
1542785576539;[171, 0, 17, 255, 161, 74, 234, 248, 239, 0, 0, 236, 1, 0, 72, 0, 0, 2, 6, 64]
1542785576543;[171, 0, 17, 255, 161, 74, 234, 248, 239, 0, 0, 235, 1, 0, 73, 0, 0, 1, 6, 34]
1542785576547;[171, 0, 17, 255, 161, 74, 234, 248, 239, 0, 0, 238, 1, 0, 73, 0, 0, 2, 6, 73]
1542785576551;[171, 0, 17, 255, 161, 74, 234, 248, 239, 0, 0, 239, 1, 0, 72, 0, 0, 3, 6, 78]
1542785576710;[171, 0, 17, 255, 161, 74, 234, 248, 239, 0, 0, 236, 1, 0, 72, 0, 0, 1, 6, 71]
1542785576714;[171, 0, 17, 255, 161, 74, 234, 248, 240, 0, 0, 235, 1, 0, 70, 0, 0, 4, 6, 51]
1542785576899;[171, 0, 17, 255, 161, 74, 234, 248, 240, 0, 0, 236, 1, 0, 74, 0, 0, 2, 6, 26]
1542785577228;[171, 0, 17, 255, 161, 74, 234, 248, 240, 0, 0, 236, 1, 0, 74, 0, 0, 2, 6, 5]
1542785577232;[171, 0, 17, 255, 161, 74, 234, 248, 240, 0, 0, 236, 1, 0, 72, 0, 0, 0, 6, 73]
1542785577237;[171, 0, 17, 255, 161, 74, 234, 248, 240, 0, 0, 236, 1, 0, 72, 0, 0, 4, 6, 119]
1542785577240;[171, 0, 4, 255, 132, 128, 103]
1542785577401;[171, 0, 17, 255, 161, 74, 234, 248, 240, 0, 0, 239, 1, 0, 72, 0, 0, 2, 6, 129]
1542785577405;[171, 0, 17, 255, 161, 74, 234, 248, 240, 0, 0, 236, 1, 0, 70, 0, 0, 2, 6, 136]
1542785577573;[171, 0, 17, 255, 161, 74, 234, 248, 240, 0, 0, 238, 1, 0, 73, 0, 0, 3, 6, 131]
1542785577746;[171, 0, 17, 255, 161, 74, 234, 248, 240, 0, 0, 235, 1, 0, 72, 0, 0, 2, 6, 122]
1542785577750;[171, 0, 17, 255, 161, 74, 234, 248, 240, 0, 0, 236, 1, 0, 72, 0, 0, 4, 6, 215]
1542785577918;[171, 0, 17, 255, 161, 74, 234, 248, 241, 0, 0, 240, 1, 0, 71, 0, 0, 4, 7, 21]
1542785577922;[171, 0, 17, 255, 161, 74, 234, 248, 241, 0, 0, 236, 1, 0, 73, 0, 0, 2, 7, 42]
1542785578090;[171, 0, 17, 255, 161, 74, 234, 248, 241, 0, 0, 239, 1, 0, 71, 0, 0, 4, 7, 68]
1542785578609;[171, 0, 17, 255, 161, 74, 234, 248, 241, 0, 0, 236, 1, 0, 72, 0, 0, 3, 7, 80]
1542785578614;[171, 0, 17, 255, 161, 74, 234, 248, 241, 0, 0, 236, 1, 0, 71, 0, 0, 1, 7, 101]
1542785578617;[171, 0, 4, 255, 132, 128, 103]
1542785578644;[171, 0, 17, 255, 161, 74, 234, 248, 241, 0, 0, 240, 1, 0, 70, 0, 0, 2, 7, 231]
1542785578782;[171, 0, 17, 255, 161, 74, 234, 248, 241, 0, 0, 238, 1, 0, 72, 0, 0, 4, 8, 30]
1542785578786;[171, 0, 17, 255, 161, 74, 234, 248, 241, 0, 0, 238, 1, 0, 70, 0, 0, 3, 8, 53]
1542785578790;[171, 0, 17, 255, 161, 74, 234, 248, 241, 0, 0, 239, 1, 0, 74, 0, 0, 1, 8, 67]
1542785578954;[171, 0, 17, 255, 161, 74, 234, 248, 241, 0, 0, 236, 1, 0, 70, 0, 0, 1, 8, 74]
1542785578958;[171, 0, 17, 255, 161, 74, 234, 248, 242, 0, 0, 239, 1, 0, 72, 0, 0, 2, 8, 133]
1542785579299;[171, 0, 17, 255, 161, 74, 234, 248, 242, 0, 0, 238, 1, 0, 72, 0, 0, 3, 9, 9]
1542785579303;[171, 0, 17, 255, 161, 74, 234, 248, 242, 0, 0, 234, 1, 0, 71, 0, 0, 1, 9, 56]
1542785579307;[171, 0, 17, 255, 161, 74, 234, 248, 242, 0, 0, 239, 1, 0, 72, 0, 0, 2, 9, 70]
1542785579311;[171, 0, 17, 255, 161, 74, 234, 248, 242, 0, 0, 238, 1, 0, 72, 0, 0, 1, 9, 82]
1542785579469;[171, 0, 4, 255, 132, 128, 103]
1542785579816;[171, 0, 17, 255, 161, 74, 234, 248, 242, 0, 0, 236, 1, 0, 73, 0, 0, 3, 9, 75]
1542785579820;[171, 0, 17, 255, 161, 74, 234, 248, 242, 0, 0, 237, 1, 0, 71, 0, 0, 1, 9, 158]
1542785579824;[171, 0, 17, 255, 161, 74, 234, 248, 242, 0, 0, 238, 1, 0, 73, 0, 0, 3, 10, 26]
1542785579987;[171, 0, 17, 255, 161, 74, 234, 248, 242, 0, 0, 236, 1, 0, 70, 0, 0, 3, 10, 60]
1542785579991;[171, 0, 17, 255, 161, 74, 234, 248, 242, 0, 0, 237, 1, 0, 73, 0, 0, 2, 10, 67]
1542785580160;[171, 0, 17, 255, 161, 74, 234, 248, 243, 0, 0, 238, 1, 0, 73, 0, 0, 2, 10, 60]
1542785580164;[171, 0, 17, 255, 161, 74, 234, 248, 243, 0, 0, 239, 1, 0, 70, 0, 0, 4, 10, 35]
1542785580332;[171, 0, 17, 255, 161, 74, 234, 248, 243, 0, 0, 238, 1, 0, 71, 0, 0, 4, 10, 56]
1542785580336;[171, 0, 17, 255, 161, 74, 234, 248, 243, 0, 0, 238, 1, 0, 72, 0, 0, 4, 10, 175]
1542785580506;[171, 0, 17, 255, 161, 74, 234, 248, 243, 0, 0, 237, 1, 0, 73, 0, 0, 4, 10, 188]
1542785580677;[171, 0, 4, 255, 132, 128, 103]
1542785580704;[171, 0, 17, 255, 161, 74, 234, 248, 243, 0, 0, 241, 1, 0, 72, 0, 0, 3, 10, 199]
1542785581021;[171, 0, 17, 255, 161, 74, 234, 248, 243, 0, 0, 234, 1, 0, 71, 0, 0, 3, 10, 202]
1542785581024;[171, 0, 17, 255, 161, 74, 234, 248, 243, 0, 0, 237, 1, 0, 71, 0, 0, 3, 10, 168]
1542785581027;[171, 0, 17, 255, 161, 74, 234, 248, 243, 0, 0, 236, 1, 0, 75, 0, 0, 4, 10, 226]
1542785581029;[171, 0, 17, 255, 161, 74, 234, 248, 243, 0, 0, 236, 1, 0, 73, 0, 0, 6, 11, 82]
1542785581196;[171, 0, 17, 255, 161, 74, 234, 248, 244, 0, 0, 232, 1, 0, 77, 0, 0, 6, 11, 117]
1542785581367;[171, 0, 17, 255, 161, 74, 234, 248, 244, 0, 0, 238, 1, 0, 72, 0, 0, 4, 11, 129]
1542785581371;[171, 0, 17, 255, 161, 74, 234, 248, 244, 0, 0, 237, 1, 0, 80, 0, 0, 4, 11, 158]
1542785581541;[171, 0, 17, 255, 161, 74, 234, 248, 244, 0, 0, 231, 1, 0, 76, 0, 0, 1, 11, 164]
1542785581544;[171, 0, 17, 255, 161, 74, 234, 248, 244, 0, 0, 230, 1, 0, 79, 0, 0, 6, 12, 16]
1542785581712;[171, 0, 4, 255, 132, 128, 103]
1542785581739;[171, 0, 17, 255, 161, 74, 234, 248, 244, 0, 0, 244, 1, 0, 72, 0, 0, 3, 12, 111]
1542785581907;[171, 0, 17, 255, 161, 74, 234, 248, 244, 0, 0, 234, 1, 0, 65, 0, 0, 5, 12, 133]
1542785582057;[171, 0, 17, 255, 161, 74, 234, 248, 244, 0, 0, 236, 1, 0, 104, 0, 0, 5, 12, 132]
1542785582061;[171, 0, 17, 255, 161, 74, 234, 248, 244, 0, 0, 238, 1, 0, 68, 0, 0, 11, 12, 142]
1542785582405;[171, 0, 17, 255, 161, 74, 234, 248, 244, 0, 0, 248, 1, 0, 46, 0, 0, 7, 12, 174]
1542785582409;[171, 0, 17, 255, 161, 74, 234, 248, 245, 0, 0, 213, 1, 0, 101, 0, 0, 12, 13, 34]
1542785582413;[171, 0, 17, 255, 161, 74, 234, 248, 245, 0, 0, 248, 1, 0, 66, 1, 0, 1, 13, 64]
1542785582417;[171, 0, 17, 255, 161, 74, 234, 248, 245, 0, 0, 230, 1, 0, 80, 0, 0, 8, 13, 64]
1542785582575;[171, 0, 17, 255, 161, 74, 234, 248, 245, 0, 0, 243, 1, 0, 60, 0, 0, 17, 13, 19]
1542785582748;[171, 0, 17, 255, 161, 74, 234, 248, 245, 0, 0, 240, 1, 0, 69, 0, 0, 11, 12, 239]
1542785582751;[171, 0, 4, 255, 132, 128, 102]
1542785582921;[171, 0, 17, 255, 161, 74, 234, 248, 245, 0, 0, 242, 1, 0, 61, 0, 0, 9, 13, 58]
1542785582925;[171, 0, 17, 255, 161, 74, 234, 248, 245, 0, 1, 12, 1, 0, 104, 0, 0, 2, 13, 71]
1542785583146;[171, 0, 17, 255, 161, 74, 234, 248, 245, 0, 0, 37, 1, 0, 155, 1, 0, 132, 13, 107]
1542785583266;[171, 0, 17, 255, 161, 74, 234, 248, 245, 0, 0, 148, 1, 0, 95, 0, 0, 15, 13, 248]
1542785583270;[171, 0, 17, 255, 161, 74, 234, 248, 245, 0, 0, 21, 1, 0, 189, 1, 0, 31, 14, 47]
1542785583611;[171, 0, 17, 255, 161, 74, 234, 248, 246, 0, 0, 154, 1, 0, 175, 1, 0, 38, 13, 222]
1542785583615;[171, 0, 17, 255, 161, 74, 234, 248, 246, 0, 0, 134, 1, 0, 162, 1, 0, 112, 13, 245]
1542785583619;[171, 0, 17, 255, 161, 74, 234, 248, 246, 0, 0, 155, 1, 0, 183, 1, 0, 105, 13, 245]
1542785583623;[171, 0, 17, 255, 161, 74, 234, 248, 246, 0, 0, 154, 1, 0, 172, 1, 0, 60, 13, 175]
1542785583782;[171, 0, 17, 255, 161, 74, 234, 248, 246, 0, 0, 148, 1, 0, 176, 1, 0, 71, 13, 163]
1542785583955;[171, 0, 4, 255, 132, 128, 102]
1542785583981;[171, 0, 17, 255, 161, 74, 234, 248, 246, 0, 0, 158, 1, 0, 169, 1, 0, 73, 13, 90]
1542785584127;[171, 0, 17, 255, 161, 74, 234, 248, 246, 0, 0, 151, 1, 0, 180, 1, 0, 73, 13, 92]
1542785584131;[171, 0, 17, 255, 161, 74, 234, 248, 246, 0, 0, 146, 1, 0, 174, 1, 0, 74, 13, 110]
1542785584301;[171, 0, 17, 255, 161, 74, 234, 248, 246, 0, 0, 152, 1, 0, 175, 1, 0, 72, 13, 103]
1542785584306;[171, 0, 17, 255, 161, 74, 234, 248, 246, 0, 0, 153, 1, 0, 176, 1, 0, 72, 13, 76]
1542785584472;[171, 0, 17, 255, 161, 74, 234, 248, 247, 0, 0, 145, 1, 0, 181, 1, 0, 73, 13, 36]
1542785584992;[171, 0, 17, 255, 161, 74, 234, 248, 247, 0, 0, 152, 1, 0, 169, 1, 0, 74, 13, 7]
1542785584996;[171, 0, 17, 255, 161, 74, 234, 248, 247, 0, 0, 150, 1, 0, 179, 1, 0, 72, 13, 108]
1542785585000;[171, 0, 17, 255, 161, 74, 234, 248, 247, 0, 0, 153, 1, 0, 177, 1, 0, 68, 13, 106]
1542785585004;[171, 0, 17, 255, 161, 74, 234, 248, 247, 0, 0, 151, 1, 0, 174, 1, 0, 71, 13, 84]
1542785585165;[171, 0, 4, 255, 132, 128, 102]
1542785585191;[171, 0, 17, 255, 161, 74, 234, 248, 247, 0, 0, 150, 1, 0, 175, 1, 0, 87, 13, 192]
1542785585193;[171, 0, 17, 255, 161, 74, 234, 248, 247, 0, 0, 159, 1, 0, 173, 1, 0, 36, 14, 51]
1542785585336;[171, 0, 17, 255, 161, 74, 234, 248, 247, 0, 0, 159, 1, 0, 180, 1, 0, 66, 14, 180]
1542785585339;[171, 0, 17, 255, 161, 74, 234, 248, 247, 0, 0, 154, 1, 0, 172, 1, 0, 76, 15, 34]
1542785585510;[171, 0, 17, 255, 161, 74, 234, 248, 247, 0, 0, 159, 1, 0, 172, 1, 0, 67, 31, 69]
1542785585514;[171, 0, 17, 255, 161, 74, 234, 248, 248, 0, 0, 164, 1, 0, 172, 1, 0, 59, 7, 215]
1542785585679;[171, 0, 17, 255, 161, 74, 234, 248, 248, 0, 0, 168, 1, 0, 165, 1, 0, 61, 7, 151]
1542785585852;[171, 0, 17, 255, 161, 74, 234, 248, 248, 0, 0, 166, 1, 0, 167, 1, 0, 60, 7, 35]
1542785585856;[171, 0, 17, 255, 161, 74, 234, 248, 248, 0, 0, 167, 1, 0, 175, 1, 0, 47, 6, 228]
1542785586201;[171, 0, 17, 255, 161, 74, 234, 248, 248, 0, 0, 165, 1, 0, 164, 1, 0, 58, 6, 131]
1542785586205;[171, 0, 4, 255, 132, 128, 103]
1542785586231;[171, 0, 17, 255, 161, 74, 234, 248, 248, 0, 0, 160, 1, 0, 171, 1, 0, 65, 6, 5]
1542785586233;[171, 0, 17, 255, 161, 74, 234, 248, 248, 0, 0, 157, 1, 0, 170, 1, 0, 67, 5, 239]
1542785586370;[171, 0, 17, 255, 161, 74, 234, 248, 248, 0, 0, 168, 1, 0, 169, 1, 0, 67, 5, 200]
1542785586542;[171, 0, 17, 255, 161, 74, 234, 248, 248, 0, 0, 164, 1, 0, 167, 1, 0, 60, 5, 154]
1542785586546;[171, 0, 17, 255, 161, 74, 234, 248, 248, 0, 0, 162, 1, 0, 168, 1, 0, 68, 5, 90]
1542785586716;[171, 0, 17, 255, 161, 74, 234, 248, 249, 0, 0, 169, 1, 0, 169, 1, 0, 39, 4, 220]
1542785586720;[171, 0, 17, 255, 161, 74, 234, 248, 249, 0, 0, 166, 1, 0, 163, 1, 0, 60, 4, 138]
1542785586892;[171, 0, 17, 255, 161, 74, 234, 248, 249, 0, 0, 157, 1, 0, 178, 1, 0, 53, 4, 92]
1542785587060;[171, 0, 17, 255, 161, 74, 234, 248, 249, 0, 0, 172, 1, 0, 160, 1, 0, 67, 4, 95]
1542785587064;[171, 0, 17, 255, 161, 74, 234, 248, 249, 0, 0, 155, 1, 0, 174, 1, 0, 64, 4, 164]
1542785587407;[171, 0, 4, 255, 132, 128, 103]
1542785587433;[171, 0, 17, 255, 161, 74, 234, 248, 249, 0, 0, 162, 1, 0, 163, 1, 0, 76, 4, 150]
1542785587435;[171, 0, 17, 255, 161, 74, 234, 248, 249, 0, 0, 170, 1, 0, 172, 1, 0, 65, 4, 73]
1542785587436;[171, 0, 17, 255, 161, 74, 234, 248, 249, 0, 0, 160, 1, 0, 168, 1, 0, 64, 3, 204]
1542785587577;[171, 0, 17, 255, 161, 74, 234, 248, 249, 0, 0, 161, 1, 0, 172, 1, 0, 50, 3, 87]
1542785587750;[171, 0, 17, 255, 161, 74, 234, 248, 249, 0, 0, 169, 1, 0, 167, 1, 0, 63, 3, 63]
1542785587754;[171, 0, 17, 255, 161, 74, 234, 248, 250, 0, 0, 165, 1, 0, 173, 1, 0, 51, 3, 8]
1542785587922;[171, 0, 17, 255, 161, 74, 234, 248, 250, 0, 0, 163, 1, 0, 174, 1, 0, 53, 2, 190]
1542785587926;[171, 0, 17, 255, 161, 74, 234, 248, 250, 0, 0, 163, 1, 0, 172, 1, 0, 47, 2, 190]
1542785588095;[171, 0, 17, 255, 161, 74, 234, 248, 250, 0, 0, 163, 1, 0, 162, 1, 0, 66, 2, 205]
1542785588441;[171, 0, 17, 255, 161, 74, 234, 248, 250, 0, 0, 161, 1, 0, 169, 1, 0, 66, 3, 20]
1542785588444;[171, 0, 4, 255, 132, 128, 104]
1542785588787;[171, 0, 17, 255, 161, 74, 234, 248, 250, 0, 0, 166, 1, 0, 170, 1, 0, 59, 3, 135]
1542785588790;[171, 0, 17, 255, 161, 74, 234, 248, 250, 0, 0, 166, 1, 0, 169, 1, 0, 58, 3, 215]
1542785588794;[171, 0, 17, 255, 161, 74, 234, 248, 250, 0, 0, 165, 1, 0, 170, 1, 0, 57, 3, 202]
1542785588798;[171, 0, 17, 255, 161, 74, 234, 248, 250, 0, 0, 169, 1, 0, 174, 1, 0, 52, 3, 158]
1542785588960;[171, 0, 17, 255, 161, 74, 234, 248, 250, 0, 0, 164, 1, 0, 171, 1, 0, 51, 3, 65]
1542785588964;[171, 0, 17, 255, 161, 74, 234, 248, 251, 0, 0, 162, 1, 0, 169, 1, 0, 61, 3, 9]
1542785588967;[171, 0, 17, 255, 161, 74, 234, 248, 251, 0, 0, 164, 1, 0, 171, 1, 0, 62, 3, 23]
1542785589132;[171, 0, 17, 255, 161, 74, 234, 248, 251, 0, 0, 164, 1, 0, 170, 1, 0, 60, 3, 8]
1542785589135;[171, 0, 17, 255, 161, 74, 234, 248, 251, 0, 0, 161, 1, 0, 170, 1, 0, 64, 2, 245]
1542785589303;[171, 0, 17, 255, 161, 74, 234, 248, 251, 0, 0, 168, 1, 0, 168, 1, 0, 63, 2, 221]
1542785589307;[171, 0, 4, 255, 132, 128, 104]
1542785589475;[171, 0, 17, 255, 161, 74, 234, 248, 251, 0, 0, 157, 1, 0, 171, 1, 0, 64, 2, 184]
1542785589650;[171, 0, 17, 255, 161, 74, 234, 248, 251, 0, 0, 164, 1, 0, 170, 1, 0, 69, 2, 186]
1542785589654;[171, 0, 17, 255, 161, 74, 234, 248, 251, 0, 0, 163, 1, 0, 168, 1, 0, 58, 2, 225]
1542785589993;[171, 0, 17, 255, 161, 74, 234, 248, 251, 0, 0, 162, 1, 0, 170, 1, 0, 67, 2, 222]
1542785589997;[171, 0, 17, 255, 161, 74, 234, 248, 251, 0, 0, 167, 1, 0, 169, 1, 0, 62, 2, 196]
1542785590001;[171, 0, 17, 255, 161, 74, 234, 249, 0, 0, 0, 162, 1, 0, 169, 1, 0, 62, 2, 175]
1542785590166;[171, 0, 17, 255, 161, 74, 234, 249, 0, 0, 0, 162, 1, 0, 171, 1, 0, 64, 2, 137]
1542785590169;[171, 0, 17, 255, 161, 74, 234, 249, 0, 0, 0, 163, 1, 0, 170, 1, 0, 65, 2, 134]
1542785590337;[171, 0, 17, 255, 161, 74, 234, 249, 0, 0, 0, 166, 1, 0, 169, 1, 0, 62, 2, 180]
1542785590341;[171, 0, 17, 255, 161, 74, 234, 249, 0, 0, 0, 163, 1, 0, 168, 1, 0, 63, 2, 182]
1542785590510;[171, 0, 4, 255, 132, 128, 104]
1542785590536;[171, 0, 17, 255, 161, 74, 234, 249, 0, 0, 0, 163, 1, 0, 170, 1, 0, 64, 2, 176]
1542785590683;[171, 0, 17, 255, 161, 74, 234, 249, 0, 0, 0, 160, 1, 0, 170, 1, 0, 64, 2, 168]
1542785590855;[171, 0, 17, 255, 161, 74, 234, 249, 0, 0, 0, 162, 1, 0, 171, 1, 0, 66, 2, 147]
1542785590859;[171, 0, 17, 255, 161, 74, 234, 249, 0, 0, 0, 162, 1, 0, 169, 1, 0, 62, 2, 188]
1542785591027;[171, 0, 17, 255, 161, 74, 234, 249, 0, 0, 0, 162, 1, 0, 169, 1, 0, 65, 2, 247]
1542785591031;[171, 0, 17, 255, 161, 74, 234, 249, 1, 0, 0, 161, 1, 0, 169, 1, 0, 64, 2, 244]
1542785591374;[171, 0, 17, 255, 161, 74, 234, 249, 1, 0, 0, 163, 1, 0, 169, 1, 0, 65, 2, 251]
1542785591378;[171, 0, 17, 255, 161, 74, 234, 249, 1, 0, 0, 161, 1, 0, 169, 1, 0, 64, 3, 5]
1542785591381;[171, 0, 17, 255, 161, 74, 234, 249, 1, 0, 0, 161, 1, 0, 170, 1, 0, 64, 2, 235]
1542785591545;[171, 0, 17, 255, 161, 74, 234, 249, 1, 0, 0, 164, 1, 0, 167, 1, 0, 62, 3, 40]
1542785591548;[171, 0, 4, 255, 132, 128, 104]
1542785591717;[171, 0, 17, 255, 161, 74, 234, 249, 1, 0, 0, 162, 1, 0, 169, 1, 0, 64, 3, 100]
1542785591720;[171, 0, 17, 255, 161, 74, 234, 249, 1, 0, 0, 166, 1, 0, 166, 1, 0, 61, 3, 130]
1542785591890;[171, 0, 17, 255, 161, 74, 234, 249, 1, 0, 0, 149, 1, 0, 179, 1, 0, 65, 3, 189]
1542785592063;[171, 0, 17, 255, 161, 74, 234, 249, 1, 0, 0, 163, 1, 0, 163, 1, 0, 75, 3, 222]
1542785592067;[171, 0, 17, 255, 161, 74, 234, 249, 1, 0, 0, 163, 1, 0, 171, 1, 0, 68, 3, 212]
1542785592235;[171, 0, 17, 255, 161, 74, 234, 249, 2, 0, 0, 160, 1, 0, 173, 1, 0, 65, 4, 18]
1542785592239;[171, 0, 17, 255, 161, 74, 234, 249, 2, 0, 0, 181, 1, 0, 170, 1, 0, 51, 4, 106]
1542785592580;[171, 0, 17, 255, 161, 74, 234, 249, 2, 0, 0, 159, 1, 0, 180, 1, 0, 23, 4, 211]
1542785592584;[171, 0, 17, 255, 161, 74, 234, 249, 2, 0, 0, 113, 1, 0, 241, 1, 0, 155, 4, 183]
1542785592588;[171, 0, 17, 255, 161, 74, 234, 249, 2, 0, 0, 147, 1, 0, 151, 1, 0, 11, 3, 125]
1542785592753;[171, 0, 4, 255, 132, 128, 104]
1542785592779;[171, 0, 17, 255, 161, 74, 234, 249, 2, 0, 0, 136, 1, 0, 136, 1, 0, 172, 2, 233]
1542785592927;[171, 0, 17, 255, 161, 74, 234, 249, 2, 0, 0, 123, 1, 0, 219, 1, 0, 118, 3, 127]
1542785592930;[171, 0, 17, 255, 161, 74, 234, 249, 2, 0, 0, 150, 1, 0, 174, 1, 0, 53, 4, 39]
1542785593099;[171, 0, 17, 255, 161, 74, 234, 249, 2, 0, 0, 127, 1, 0, 175, 0, 0, 73, 4, 217]
1542785593270;[171, 0, 17, 255, 161, 74, 234, 249, 2, 0, 0, 174, 1, 0, 169, 1, 0, 11, 5, 11]
1542785593274;[171, 0, 17, 255, 161, 74, 234, 249, 3, 0, 0, 177, 1, 0, 191, 0, 0, 22, 5, 20]
1542785593442;[171, 0, 17, 255, 161, 74, 234, 249, 3, 0, 0, 194, 1, 0, 181, 0, 0, 12, 5, 27]
1542785593447;[171, 0, 17, 255, 161, 74, 234, 249, 3, 0, 0, 162, 1, 0, 148, 0, 0, 6, 5, 79]
1542785593962;[171, 0, 17, 255, 161, 74, 234, 249, 3, 0, 0, 132, 1, 0, 4, 1, 0, 90, 5, 121]
1542785593966;[171, 0, 17, 255, 161, 74, 234, 249, 3, 0, 0, 97, 1, 0, 207, 1, 0, 42, 4, 107]
1542785593970;[171, 0, 4, 255, 132, 128, 104]
1542785593996;[171, 0, 17, 255, 161, 74, 234, 249, 3, 0, 0, 112, 1, 0, 191, 1, 0, 31, 3, 179]
1542785594133;[171, 0, 17, 255, 161, 74, 234, 249, 3, 0, 0, 125, 1, 0, 203, 1, 0, 118, 2, 209]
1542785594138;[171, 0, 17, 255, 161, 74, 234, 249, 3, 0, 0, 144, 1, 0, 210, 1, 0, 28, 2, 148]
1542785594141;[171, 0, 17, 255, 161, 74, 234, 249, 3, 0, 0, 137, 1, 0, 210, 1, 0, 13, 2, 219]
1542785594306;[171, 0, 17, 255, 161, 74, 234, 249, 3, 0, 0, 133, 1, 0, 195, 1, 0, 48, 2, 200]
1542785594310;[171, 0, 17, 255, 161, 74, 234, 249, 4, 0, 0, 120, 1, 0, 185, 1, 0, 98, 2, 95]
1542785594477;[171, 0, 17, 255, 161, 74, 234, 249, 4, 0, 0, 126, 1, 0, 202, 1, 0, 50, 2, 16]
1542785594650;[171, 0, 17, 255, 161, 74, 234, 249, 4, 0, 0, 130, 1, 0, 193, 1, 0, 85, 2, 1]
1542785594654;[171, 0, 17, 255, 161, 74, 234, 249, 4, 0, 0, 134, 1, 0, 195, 1, 0, 52, 2, 87]
1542785594823;[171, 0, 17, 255, 161, 74, 234, 249, 4, 0, 0, 126, 1, 0, 194, 1, 0, 64, 2, 114]
1542785594827;[171, 0, 4, 255, 132, 128, 104]
1542785595168;[171, 0, 17, 255, 161, 74, 234, 249, 4, 0, 0, 129, 1, 0, 199, 1, 0, 67, 2, 100]
1542785595172;[171, 0, 17, 255, 161, 74, 234, 249, 4, 0, 0, 136, 1, 0, 198, 1, 0, 70, 2, 98]
1542785595176;[171, 0, 17, 255, 161, 74, 234, 249, 4, 0, 0, 114, 1, 0, 201, 1, 0, 66, 2, 83]
1542785595340;[171, 0, 17, 255, 161, 74, 234, 249, 4, 0, 0, 115, 1, 0, 200, 1, 0, 53, 2, 142]
1542785595344;[171, 0, 17, 255, 161, 74, 234, 249, 4, 0, 0, 117, 1, 0, 199, 1, 0, 63, 2, 214]
1542785595512;[171, 0, 17, 255, 161, 74, 234, 249, 5, 0, 0, 120, 1, 0, 197, 1, 0, 79, 2, 229]
1542785595516;[171, 0, 17, 255, 161, 74, 234, 249, 5, 0, 0, 121, 1, 0, 200, 1, 0, 76, 2, 228]
1542785595685;[171, 0, 17, 255, 161, 74, 234, 249, 5, 0, 0, 123, 1, 0, 197, 1, 0, 75, 2, 229]
1542785595858;[171, 0, 17, 255, 161, 74, 234, 249, 5, 0, 0, 122, 1, 0, 196, 1, 0, 74, 2, 248]
1542785596031;[171, 0, 17, 255, 161, 74, 234, 249, 7, 0, 0, 123, 1, 0, 197, 1, 0, 63, 3, 137]
1542785596378;[171, 0, 17, 255, 161, 74, 234, 249, 7, 0, 0, 121, 1, 0, 200, 1, 0, 63, 3, 198]
1542785596381;[171, 0, 17, 255, 161, 74, 234, 249, 7, 0, 0, 126, 1, 0, 200, 1, 0, 66, 3, 201]
1542785596385;[171, 0, 17, 255, 161, 74, 234, 249, 7, 0, 0, 124, 1, 0, 197, 1, 0, 63, 3, 193]
1542785596547;[171, 0, 17, 255, 161, 74, 234, 249, 7, 0, 0, 121, 1, 0, 202, 1, 0, 63, 3, 177]
1542785596551;[171, 0, 17, 255, 161, 74, 234, 249, 8, 0, 0, 124, 1, 0, 196, 1, 0, 65, 3, 239]
1542785596721;[171, 0, 17, 255, 161, 74, 234, 249, 8, 0, 0, 124, 1, 0, 199, 1, 0, 64, 4, 70]
1542785596725;[171, 0, 17, 255, 161, 74, 234, 249, 8, 0, 0, 121, 1, 0, 201, 1, 0, 64, 4, 77]
1542785596893;[171, 0, 17, 255, 161, 74, 234, 249, 8, 0, 0, 127, 1, 0, 197, 1, 0, 66, 4, 63]
1542785597066;[171, 0, 17, 255, 161, 74, 234, 249, 8, 0, 0, 122, 1, 0, 199, 1, 0, 63, 4, 32]
1542785597069;[171, 0, 4, 255, 132, 128, 105]
1542785597239;[171, 0, 17, 255, 161, 74, 234, 249, 8, 0, 0, 121, 1, 0, 201, 1, 0, 63, 4, 2]
1542785597243;[171, 0, 17, 255, 161, 74, 234, 249, 8, 0, 0, 124, 1, 0, 198, 1, 0, 64, 4, 103]
1542785597411;[171, 0, 17, 255, 161, 74, 234, 249, 8, 0, 0, 124, 1, 0, 198, 1, 0, 65, 4, 137]
1542785597414;[171, 0, 17, 255, 161, 74, 234, 249, 8, 0, 0, 124, 1, 0, 198, 1, 0, 65, 4, 116]
1542785597756;[171, 0, 17, 255, 161, 74, 234, 249, 8, 0, 0, 123, 1, 0, 200, 1, 0, 63, 4, 104]
1542785597760;[171, 0, 17, 255, 161, 74, 234, 249, 9, 0, 0, 122, 1, 0, 200, 1, 0, 64, 4, 68]
1542785597764;[171, 0, 17, 255, 161, 74, 234, 249, 9, 0, 0, 123, 1, 0, 197, 1, 0, 64, 4, 90]
1542785597931;[171, 0, 17, 255, 161, 74, 234, 249, 9, 0, 0, 125, 1, 0, 197, 1, 0, 64, 4, 177]
1542785597933;[171, 0, 17, 255, 161, 74, 234, 249, 9, 0, 0, 123, 1, 0, 198, 1, 0, 64, 4, 157]
1542785598101;[171, 0, 17, 255, 161, 74, 234, 249, 9, 0, 0, 123, 1, 0, 200, 1, 0, 66, 4, 132]
1542785598104;[171, 0, 4, 255, 132, 128, 106]
1542785598273;[171, 0, 17, 255, 161, 74, 234, 249, 9, 0, 0, 125, 1, 0, 199, 1, 0, 64, 4, 110]
1542785598445;[171, 0, 17, 255, 161, 74, 234, 249, 9, 0, 0, 124, 1, 0, 198, 1, 0, 64, 4, 65]
1542785598448;[171, 0, 17, 255, 161, 74, 234, 249, 9, 0, 0, 125, 1, 0, 197, 1, 0, 64, 4, 143]
1542785598618;[171, 0, 17, 255, 161, 74, 234, 249, 9, 0, 0, 123, 1, 0, 200, 1, 0, 64, 4, 170]
1542785598622;[171, 0, 17, 255, 161, 74, 234, 249, 9, 0, 0, 125, 1, 0, 198, 1, 0, 64, 4, 122]
1542785598963;[171, 0, 17, 255, 161, 74, 234, 249, 10, 0, 0, 127, 1, 0, 199, 1, 0, 65, 4, 64]
1542785598967;[171, 0, 17, 255, 161, 74, 234, 249, 10, 0, 0, 125, 1, 0, 202, 1, 0, 64, 3, 254]
1542785598971;[171, 0, 17, 255, 161, 74, 234, 249, 10, 0, 0, 124, 1, 0, 199, 1, 0, 64, 3, 209]
1542785599135;[171, 0, 17, 255, 161, 74, 234, 249, 10, 0, 0, 122, 1, 0, 200, 1, 0, 65, 4, 2]
1542785599138;[171, 0, 17, 255, 161, 74, 234, 249, 10, 0, 0, 124, 1, 0, 199, 1, 0, 66, 3, 214]
1542785599307;[171, 0, 4, 255, 132, 128, 106]
1542785599334;[171, 0, 17, 255, 161, 74, 234, 249, 10, 0, 0, 122, 1, 0, 199, 1, 0, 64, 3, 168]
1542785599480;[171, 0, 17, 255, 161, 74, 234, 249, 10, 0, 0, 125, 1, 0, 200, 1, 0, 65, 3, 110]
1542785599653;[171, 0, 17, 255, 161, 74, 234, 249, 10, 0, 0, 125, 1, 0, 197, 1, 0, 66, 3, 60]
1542785599657;[171, 0, 17, 255, 161, 74, 234, 249, 10, 0, 0, 122, 1, 0, 201, 1, 0, 64, 3, 102]
1542785599824;[171, 0, 17, 255, 161, 74, 234, 249, 10, 0, 0, 125, 1, 0, 199, 1, 0, 66, 3, 136]
1542785599828;[171, 0, 17, 255, 161, 74, 234, 249, 11, 0, 0, 122, 1, 0, 200, 1, 0, 67, 3, 98]
1542785599997;[171, 0, 17, 255, 161, 74, 234, 249, 11, 0, 0, 125, 1, 0, 199, 1, 0, 65, 3, 73]
1542785600344;[171, 0, 17, 255, 161, 74, 234, 249, 11, 0, 0, 125, 1, 0, 202, 1, 0, 65, 3, 38]
1542785600348;[171, 0, 17, 255, 161, 74, 234, 249, 11, 0, 0, 125, 1, 0, 200, 1, 0, 65, 3, 25]
1542785600352;[171, 0, 17, 255, 161, 74, 234, 249, 11, 0, 0, 124, 1, 0, 199, 1, 0, 64, 3, 114]
1542785600356;[171, 0, 4, 255, 132, 128, 107]
1542785600515;[171, 0, 17, 255, 161, 74, 234, 249, 11, 0, 0, 123, 1, 0, 197, 1, 0, 64, 3, 117]
1542785600689;[171, 0, 17, 255, 161, 74, 234, 249, 11, 0, 0, 123, 1, 0, 197, 1, 0, 65, 3, 82]
1542785600692;[171, 0, 17, 255, 161, 74, 234, 249, 11, 0, 0, 124, 1, 0, 199, 1, 0, 65, 3, 45]
1542785600860;[171, 0, 17, 255, 161, 74, 234, 249, 11, 0, 0, 126, 1, 0, 198, 1, 0, 63, 2, 254]
1542785600863;[171, 0, 17, 255, 161, 74, 234, 249, 11, 0, 0, 125, 1, 0, 199, 1, 0, 64, 3, 21]
1542785601030;[171, 0, 17, 255, 161, 74, 234, 249, 12, 0, 0, 126, 1, 0, 199, 1, 0, 64, 3, 64]
1542785601032;[171, 0, 17, 255, 161, 74, 234, 249, 12, 0, 0, 125, 1, 0, 197, 1, 0, 64, 3, 39]
1542785601205;[171, 0, 17, 255, 161, 74, 234, 249, 12, 0, 0, 125, 1, 0, 198, 1, 0, 64, 3, 17]
1542785601209;[171, 0, 17, 255, 161, 74, 234, 249, 12, 0, 0, 126, 1, 0, 199, 1, 0, 65, 2, 244]
1542785601551;[171, 0, 17, 255, 161, 74, 234, 249, 12, 0, 0, 126, 1, 0, 197, 1, 0, 65, 2, 220]
1542785601555;[171, 0, 4, 255, 132, 128, 107]
1542785601582;[171, 0, 17, 255, 161, 74, 234, 249, 12, 0, 0, 123, 1, 0, 194, 1, 0, 67, 3, 25]
1542785601896;[171, 0, 17, 255, 161, 74, 234, 249, 12, 0, 0, 139, 1, 0, 208, 1, 0, 47, 3, 5]
1542785601900;[171, 0, 17, 255, 161, 74, 234, 249, 12, 0, 0, 119, 1, 0, 195, 1, 0, 73, 2, 141]
1542785601904;[171, 0, 17, 255, 161, 74, 234, 249, 12, 0, 0, 132, 1, 0, 202, 1, 0, 85, 2, 25]
1542785602069;[171, 0, 17, 255, 161, 74, 234, 249, 12, 0, 0, 138, 1, 0, 194, 1, 0, 65, 1, 230]
1542785602073;[171, 0, 17, 255, 161, 74, 234, 249, 13, 0, 0, 123, 1, 0, 191, 1, 0, 89, 1, 141]
1542785602240;[171, 0, 17, 255, 161, 74, 234, 249, 13, 0, 1, 34, 1, 0, 58, 1, 0, 96, 1, 108]
1542785602244;[171, 0, 17, 255, 161, 74, 234, 249, 13, 0, 0, 143, 1, 0, 214, 1, 0, 26, 1, 160]
1542785602413;[171, 0, 17, 255, 161, 74, 234, 249, 13, 0, 0, 169, 1, 0, 252, 1, 0, 59, 1, 85]
1542785602417;[171, 0, 17, 255, 161, 74, 234, 249, 13, 0, 0, 127, 1, 0, 199, 1, 0, 151, 1, 6]
1542785602759;[171, 0, 4, 255, 132, 128, 107]
1542785602785;[171, 0, 17, 255, 161, 74, 234, 249, 13, 1, 0, 130, 1, 0, 142, 1, 0, 200, 16, 195]
1542785602787;[171, 0, 17, 255, 161, 74, 234, 249, 13, 0, 0, 64, 1, 0, 89, 1, 0, 33, 8, 9]
1542785602937;[171, 0, 17, 255, 161, 74, 234, 249, 13, 1, 0, 254, 1, 1, 46, 0, 0, 11, 8, 210]
1542785602939;[171, 0, 17, 255, 161, 74, 234, 249, 13, 0, 0, 83, 1, 0, 160, 1, 0, 76, 8, 192]
1542785603103;[171, 0, 17, 255, 161, 74, 234, 249, 13, 0, 0, 50, 1, 0, 214, 1, 0, 121, 8, 197]
1542785603107;[171, 0, 17, 255, 161, 74, 234, 249, 14, 0, 0, 60, 1, 0, 209, 1, 0, 97, 8, 200]
1542785603275;[171, 0, 17, 255, 161, 74, 234, 249, 14, 0, 0, 61, 1, 0, 213, 1, 0, 109, 8, 161]
1542785603448;[171, 0, 17, 255, 161, 74, 234, 249, 14, 0, 0, 40, 1, 0, 214, 1, 0, 91, 8, 171]
1542785603452;[171, 0, 17, 255, 161, 74, 234, 249, 14, 0, 0, 64, 1, 0, 242, 1, 0, 54, 8, 152]
1542785603619;[171, 0, 17, 255, 161, 74, 234, 249, 14, 0, 0, 64, 1, 0, 231, 1, 0, 42, 8, 75]
1542785603623;[171, 0, 4, 255, 132, 128, 107]
1542785603793;[171, 0, 17, 255, 161, 74, 234, 249, 14, 0, 0, 53, 1, 0, 230, 1, 0, 67, 8, 27]
1542785604140;[171, 0, 17, 255, 161, 74, 234, 249, 14, 0, 0, 55, 1, 0, 220, 1, 0, 65, 7, 255]
1542785604144;[171, 0, 17, 255, 161, 74, 234, 249, 14, 0, 0, 48, 1, 0, 238, 1, 0, 53, 8, 110]
1542785604148;[171, 0, 17, 255, 161, 74, 234, 249, 14, 0, 0, 50, 1, 0, 217, 1, 0, 76, 8, 199]
1542785604152;[171, 0, 17, 255, 161, 74, 234, 249, 14, 0, 0, 44, 1, 0, 226, 1, 0, 85, 8, 248]
1542785604312;[171, 0, 17, 255, 161, 74, 234, 249, 15, 0, 0, 53, 1, 0, 217, 1, 0, 91, 9, 39]
1542785604315;[171, 0, 17, 255, 161, 74, 234, 249, 15, 0, 0, 51, 1, 0, 220, 1, 0, 93, 9, 53]
1542785604482;[171, 0, 17, 255, 161, 74, 234, 249, 15, 0, 0, 49, 1, 0, 222, 1, 0, 86, 9, 154]
1542785604656;[171, 0, 17, 255, 161, 74, 234, 249, 15, 0, 0, 48, 1, 0, 222, 1, 0, 90, 9, 243]
1542785604660;[171, 0, 17, 255, 161, 74, 234, 249, 15, 0, 0, 49, 1, 0, 219, 1, 0, 90, 10, 20]
1542785604828;[171, 0, 4, 255, 132, 128, 107]
1542785604832;[171, 0, 17, 255, 161, 74, 234, 249, 15, 0, 0, 51, 1, 0, 220, 1, 0, 88, 10, 45]
1542785605000;[171, 0, 17, 255, 161, 74, 234, 249, 15, 0, 0, 46, 1, 0, 220, 1, 0, 90, 10, 48]
1542785605004;[171, 0, 17, 255, 161, 74, 234, 249, 15, 0, 0, 47, 1, 0, 219, 1, 0, 92, 10, 106]
1542785605345;[171, 0, 17, 255, 161, 74, 234, 249, 15, 0, 0, 45, 1, 0, 223, 1, 0, 90, 10, 213]
1542785605349;[171, 0, 17, 255, 161, 74, 234, 249, 15, 0, 0, 49, 1, 0, 221, 1, 0, 89, 10, 230]
1542785605353;[171, 0, 17, 255, 161, 74, 234, 249, 16, 0, 0, 52, 1, 0, 220, 1, 0, 89, 10, 244]
1542785605518;[171, 0, 17, 255, 161, 74, 234, 249, 16, 0, 0, 48, 1, 0, 219, 1, 0, 89, 11, 7]
1542785605522;[171, 0, 17, 255, 161, 74, 234, 249, 16, 0, 0, 47, 1, 0, 220, 1, 0, 93, 11, 18]
1542785605689;[171, 0, 17, 255, 161, 74, 234, 249, 16, 0, 0, 47, 1, 0, 221, 1, 0, 89, 11, 128]
1542785605864;[171, 0, 17, 255, 161, 74, 234, 249, 16, 0, 0, 46, 1, 0, 220, 1, 0, 92, 11, 166]
1542785605868;[171, 0, 4, 255, 132, 128, 108]
1542785606036;[171, 0, 17, 255, 161, 74, 234, 249, 16, 0, 0, 49, 1, 0, 221, 1, 0, 91, 11, 179]
1542785606040;[171, 0, 17, 255, 161, 74, 234, 249, 16, 0, 0, 48, 1, 0, 220, 1, 0, 91, 11, 184]
1542785606382;[171, 0, 17, 255, 161, 74, 234, 249, 16, 0, 0, 47, 1, 0, 220, 1, 0, 90, 11, 179]
1542785606386;[171, 0, 17, 255, 161, 74, 234, 249, 16, 0, 0, 49, 1, 0, 219, 1, 0, 90, 12, 5]
1542785606390;[171, 0, 17, 255, 161, 74, 234, 249, 16, 0, 0, 45, 1, 0, 220, 1, 0, 90, 12, 62]
1542785606727;[171, 0, 17, 255, 161, 74, 234, 249, 17, 0, 0, 46, 1, 0, 220, 1, 0, 92, 12, 67]
1542785606731;[171, 0, 17, 255, 161, 74, 234, 249, 17, 0, 0, 46, 1, 0, 222, 1, 0, 89, 12, 59]
1542785606735;[171, 0, 17, 255, 161, 74, 234, 249, 17, 0, 0, 48, 1, 0, 219, 1, 0, 91, 12, 32]
1542785606739;[171, 0, 17, 255, 161, 74, 234, 249, 17, 0, 0, 48, 1, 0, 221, 1, 0, 90, 12, 39]
1542785606897;[171, 0, 17, 255, 161, 74, 234, 249, 17, 0, 0, 50, 1, 0, 218, 1, 0, 90, 12, 118]
1542785607070;[171, 0, 4, 255, 132, 128, 108]
1542785607096;[171, 0, 17, 255, 161, 74, 234, 249, 17, 0, 0, 48, 1, 0, 218, 1, 0, 91, 12, 133]
1542785607243;[171, 0, 17, 255, 161, 74, 234, 249, 17, 0, 0, 52, 1, 0, 219, 1, 0, 91, 12, 121]
1542785607247;[171, 0, 17, 255, 161, 74, 234, 249, 17, 0, 0, 49, 1, 0, 221, 1, 0, 90, 12, 113]
1542785607415;[171, 0, 17, 255, 161, 74, 234, 249, 17, 0, 0, 52, 1, 0, 215, 1, 0, 98, 12, 32]
1542785607418;[171, 0, 17, 255, 161, 74, 234, 249, 17, 0, 0, 59, 1, 0, 211, 1, 0, 88, 11, 191]
1542785607587;[171, 0, 17, 255, 161, 74, 234, 249, 18, 0, 0, 68, 1, 0, 249, 1, 0, 76, 11, 31]
1542785607943;[171, 0, 17, 255, 161, 74, 234, 249, 18, 0, 0, 58, 1, 0, 255, 0, 0, 35, 10, 121]
1542785607944;[171, 0, 17, 255, 161, 74, 234, 249, 18, 0, 0, 51, 1, 0, 241, 1, 0, 23, 10, 149]
1542785607946;[171, 0, 17, 255, 161, 74, 234, 249, 18, 1, 0, 1, 1, 0, 215, 1, 0, 121, 10, 214]
1542785607948;[171, 0, 17, 255, 161, 74, 234, 249, 18, 0, 0, 70, 1, 0, 205, 1, 0, 97, 10, 246]
1542785608104;[171, 0, 4, 255, 132, 128, 108]
1542785608132;[171, 0, 17, 255, 161, 74, 234, 249, 18, 0, 0, 62, 1, 0, 211, 1, 0, 113, 10, 186]
1542785608277;[171, 0, 17, 255, 161, 74, 234, 249, 18, 0, 0, 63, 1, 0, 233, 1, 0, 42, 10, 40]
1542785608449;[171, 0, 17, 255, 161, 74, 234, 249, 18, 0, 0, 50, 1, 0, 243, 1, 0, 15, 9, 147]
1542785608453;[171, 0, 17, 255, 161, 74, 234, 249, 18, 0, 0, 66, 1, 0, 226, 1, 0, 51, 9, 191]
1542785608623;[171, 0, 17, 255, 161, 74, 234, 249, 18, 0, 0, 42, 1, 0, 201, 1, 0, 104, 9, 238]
1542785608627;[171, 0, 17, 255, 161, 74, 234, 249, 19, 0, 0, 45, 1, 0, 195, 1, 0, 117, 9, 254]
1542785608795;[171, 0, 17, 255, 161, 74, 234, 249, 19, 0, 0, 20, 1, 0, 240, 1, 0, 116, 9, 171]
1542785609315;[171, 0, 17, 255, 161, 74, 234, 249, 19, 0, 0, 50, 1, 1, 6, 0, 0, 20, 8, 215]
1542785609319;[171, 0, 17, 255, 161, 74, 234, 249, 19, 0, 0, 21, 1, 1, 22, 0, 0, 25, 8, 144]
1542785609323;[171, 0, 17, 255, 161, 74, 234, 249, 19, 1, 0, 23, 1, 0, 233, 1, 0, 42, 8, 24]
1542785609327;[171, 0, 4, 255, 132, 128, 108]
1542785609487;[171, 0, 17, 255, 161, 74, 234, 249, 19, 0, 0, 61, 1, 0, 196, 1, 0, 76, 7, 69]
1542785609491;[171, 0, 17, 255, 161, 74, 234, 249, 19, 0, 0, 62, 1, 0, 167, 1, 0, 153, 6, 189]
1542785609496;[171, 0, 17, 255, 161, 74, 234, 249, 19, 0, 0, 65, 1, 0, 145, 1, 0, 172, 6, 78]
1542785609657;[171, 0, 17, 255, 161, 74, 234, 249, 19, 1, 0, 44, 1, 0, 190, 1, 0, 194, 6, 132]
1542785609661;[171, 0, 17, 255, 161, 74, 234, 249, 19, 0, 0, 60, 1, 0, 229, 1, 0, 115, 6, 179]
1542785609831;[171, 0, 17, 255, 161, 74, 234, 249, 20, 0, 0, 39, 1, 0, 224, 1, 0, 56, 6, 171]
1542785609835;[171, 0, 17, 255, 161, 74, 234, 249, 20, 0, 0, 41, 1, 0, 229, 1, 0, 77, 6, 144]
1542785610003;[171, 0, 17, 255, 161, 74, 234, 249, 20, 0, 0, 47, 1, 0, 196, 1, 0, 118, 6, 189]
1542785610007;[171, 0, 17, 255, 161, 74, 234, 249, 20, 0, 0, 43, 1, 0, 186, 1, 0, 141, 7, 1]
1542785610176;[171, 0, 17, 255, 161, 74, 234, 249, 20, 0, 0, 45, 1, 0, 199, 1, 0, 133, 7, 29]
1542785610522;[171, 0, 4, 255, 132, 128, 109]
1542785610548;[171, 0, 17, 255, 161, 74, 234, 249, 20, 0, 0, 45, 1, 0, 207, 1, 0, 120, 7, 46]
1542785610550;[171, 0, 17, 255, 161, 74, 234, 249, 20, 0, 0, 44, 1, 0, 206, 1, 0, 120, 7, 39]
1542785610692;[171, 0, 17, 255, 161, 74, 234, 249, 20, 0, 0, 45, 1, 0, 200, 1, 0, 125, 7, 43]
1542785610696;[171, 0, 17, 255, 161, 74, 234, 249, 20, 0, 0, 49, 1, 0, 202, 1, 0, 130, 7, 105]
1542785610866;[171, 0, 17, 255, 161, 74, 234, 249, 20, 0, 0, 48, 1, 0, 202, 1, 0, 126, 7, 140]
1542785610870;[171, 0, 17, 255, 161, 74, 234, 249, 21, 0, 0, 47, 1, 0, 203, 1, 0, 126, 7, 151]
1542785611037;[171, 0, 17, 255, 161, 74, 234, 249, 21, 0, 0, 46, 1, 0, 202, 1, 0, 126, 7, 155]
1542785611042;[171, 0, 17, 255, 161, 74, 234, 249, 21, 0, 0, 48, 1, 0, 204, 1, 0, 127, 7, 152]
1542785611210;[171, 0, 17, 255, 161, 74, 234, 249, 21, 0, 0, 42, 1, 0, 202, 1, 0, 121, 7, 173]
1542785611214;[171, 0, 17, 255, 161, 74, 234, 249, 21, 0, 0, 47, 1, 0, 202, 1, 0, 125, 7, 247]
1542785611381;[171, 0, 4, 255, 132, 128, 109]
1542785611902;[171, 0, 17, 255, 161, 74, 234, 249, 21, 0, 0, 45, 1, 0, 200, 1, 0, 123, 8, 10]
1542785611906;[171, 0, 17, 255, 161, 74, 234, 249, 21, 0, 0, 44, 1, 0, 202, 1, 0, 128, 8, 20]
1542785611909;[171, 0, 17, 255, 161, 74, 234, 249, 21, 0, 0, 47, 1, 0, 204, 1, 0, 123, 8, 34]
1542785611913;[171, 0, 17, 255, 161, 74, 234, 249, 21, 0, 0, 43, 1, 0, 204, 1, 0, 126, 8, 36]
1542785612074;[171, 0, 17, 255, 161, 74, 234, 249, 21, 0, 0, 47, 1, 0, 203, 1, 0, 126, 8, 112]
1542785612078;[171, 0, 17, 255, 161, 74, 234, 249, 22, 0, 0, 44, 1, 0, 202, 1, 0, 126, 8, 160]
1542785612082;[171, 0, 17, 255, 161, 74, 234, 249, 22, 0, 0, 45, 1, 0, 203, 1, 0, 126, 8, 185]
1542785612246;[171, 0, 17, 255, 161, 74, 234, 249, 22, 0, 0, 49, 1, 0, 204, 1, 0, 123, 8, 201]
1542785612249;[171, 0, 17, 255, 161, 74, 234, 249, 22, 0, 0, 43, 1, 0, 207, 1, 0, 123, 8, 196]
1542785612418;[171, 0, 17, 255, 161, 74, 234, 249, 22, 0, 0, 45, 1, 0, 199, 1, 0, 127, 8, 211]
1542785612421;[171, 0, 4, 255, 132, 128, 109]
1542785612590;[171, 0, 17, 255, 161, 74, 234, 249, 22, 0, 0, 44, 1, 0, 209, 1, 0, 119, 9, 34]
1542785613152;[171, 0, 17, 255, 161, 74, 234, 249, 22, 0, 0, 44, 1, 0, 207, 1, 0, 117, 9, 59]
1542785613155;[171, 0, 17, 255, 161, 74, 234, 249, 22, 0, 0, 38, 1, 0, 210, 1, 0, 126, 9, 57]
1542785613157;[171, 0, 17, 255, 161, 74, 234, 249, 22, 0, 0, 45, 1, 0, 207, 1, 0, 120, 9, 42]
1542785613158;[171, 0, 17, 255, 161, 74, 234, 249, 22, 0, 0, 24, 1, 0, 229, 1, 0, 107, 9, 36]
1542785613281;[171, 0, 17, 255, 161, 74, 234, 249, 23, 1, 0, 12, 1, 0, 235, 1, 0, 107, 9, 119]
1542785613285;[171, 0, 17, 255, 161, 74, 234, 249, 23, 0, 0, 32, 1, 0, 170, 1, 0, 69, 9, 238]
1542785613289;[171, 0, 17, 255, 161, 74, 234, 249, 23, 0, 0, 32, 1, 0, 138, 1, 0, 96, 10, 109]
1542785613453;[171, 0, 17, 255, 161, 74, 234, 249, 23, 1, 0, 15, 1, 0, 199, 1, 0, 160, 10, 133]
1542785613457;[171, 0, 17, 255, 161, 74, 234, 249, 23, 1, 0, 20, 1, 0, 222, 1, 0, 101, 10, 134]
1542785613624;[171, 0, 4, 255, 132, 128, 109]
1542785613651;[171, 0, 17, 255, 161, 74, 234, 249, 23, 1, 0, 14, 1, 0, 228, 1, 0, 81, 10, 91]
1542785613797;[171, 0, 17, 255, 161, 74, 234, 249, 23, 1, 0, 12, 1, 0, 203, 1, 0, 154, 10, 184]
1542785613801;[171, 0, 17, 255, 161, 74, 234, 249, 23, 1, 0, 12, 1, 0, 219, 1, 0, 117, 11, 31]
1542785614318;[171, 0, 17, 255, 161, 74, 234, 249, 23, 1, 0, 20, 1, 0, 223, 1, 0, 116, 11, 113]
1542785614322;[171, 0, 17, 255, 161, 74, 234, 249, 23, 1, 0, 111, 1, 0, 206, 1, 0, 216, 10, 197]
1542785614326;[171, 0, 17, 255, 161, 74, 234, 249, 24, 0, 0, 61, 1, 0, 78, 1, 1, 199, 7, 253]
1542785614330;[171, 0, 17, 255, 161, 74, 234, 249, 24, 0, 0, 21, 1, 0, 119, 1, 0, 147, 7, 239]
1542785614487;[171, 0, 17, 255, 161, 74, 234, 249, 24, 1, 0, 48, 1, 0, 155, 1, 0, 112, 8, 15]
1542785614491;[171, 0, 17, 255, 161, 74, 234, 249, 24, 1, 0, 67, 1, 0, 177, 1, 0, 146, 8, 42]
1542785614660;[171, 0, 17, 255, 161, 74, 234, 249, 24, 1, 0, 181, 1, 0, 135, 1, 0, 207, 8, 78]
1542785614663;[171, 0, 4, 255, 132, 128, 109]
1542785614834;[171, 0, 17, 255, 161, 74, 234, 249, 24, 1, 0, 59, 1, 0, 161, 1, 0, 159, 8, 104]
1542785614838;[171, 0, 17, 255, 161, 74, 234, 249, 24, 1, 0, 54, 1, 0, 159, 1, 0, 151, 8, 197]
1542785615007;[171, 0, 17, 255, 161, 74, 234, 249, 24, 1, 0, 103, 1, 0, 135, 1, 0, 162, 9, 178]
1542785615011;[171, 0, 17, 255, 161, 74, 234, 249, 24, 1, 0, 37, 1, 1, 76, 1, 0, 112, 10, 60]
1542785615177;[171, 0, 17, 255, 161, 74, 234, 249, 24, 0, 0, 20, 1, 0, 228, 1, 0, 60, 10, 109]
1542785615350;[171, 0, 17, 255, 161, 74, 234, 249, 25, 1, 0, 78, 1, 0, 220, 1, 0, 116, 10, 217]
1542785615354;[171, 0, 17, 255, 161, 74, 234, 249, 25, 1, 0, 235, 1, 0, 129, 1, 0, 166, 11, 19]
1542785615695;[171, 0, 17, 255, 161, 74, 234, 249, 25, 1, 0, 26, 1, 0, 175, 1, 0, 169, 11, 184]
1542785615699;[171, 0, 17, 255, 161, 74, 234, 249, 25, 1, 0, 58, 1, 0, 213, 1, 0, 142, 12, 54]
1542785615703;[171, 0, 17, 255, 161, 74, 234, 249, 25, 1, 0, 22, 1, 0, 213, 1, 0, 116, 12, 111]
1542785615867;[171, 0, 4, 255, 132, 128, 109]
1542785615893;[171, 0, 17, 255, 161, 74, 234, 249, 25, 1, 0, 33, 1, 0, 213, 1, 0, 113, 12, 178]
1542785616041;[171, 0, 17, 255, 161, 74, 234, 249, 25, 1, 0, 34, 1, 0, 202, 1, 0, 131, 12, 228]
1542785616213;[171, 0, 17, 255, 161, 74, 234, 249, 25, 1, 0, 28, 1, 0, 194, 1, 0, 139, 13, 68]
1542785616217;[171, 0, 17, 255, 161, 74, 234, 249, 25, 1, 0, 34, 1, 0, 196, 1, 0, 139, 13, 218]
1542785616221;[171, 0, 17, 255, 161, 74, 234, 249, 25, 1, 0, 28, 1, 0, 196, 1, 0, 146, 14, 21]
1542785616385;[171, 0, 17, 255, 161, 74, 234, 249, 26, 1, 0, 21, 1, 0, 191, 1, 0, 142, 14, 21]
1542785616558;[171, 0, 17, 255, 161, 74, 234, 249, 26, 1, 0, 13, 1, 0, 185, 1, 0, 141, 14, 55]
1542785616562;[171, 0, 17, 255, 161, 74, 234, 249, 26, 1, 0, 35, 1, 0, 197, 1, 0, 151, 14, 27]
1542785616904;[171, 0, 17, 255, 161, 74, 234, 249, 26, 1, 0, 24, 1, 0, 193, 1, 0, 153, 14, 153]
1542785616908;[171, 0, 17, 255, 161, 74, 234, 249, 26, 1, 0, 47, 1, 0, 213, 1, 0, 125, 14, 204]
1542785616912;[171, 0, 4, 255, 132, 128, 109]
1542785616938;[171, 0, 17, 255, 161, 74, 234, 249, 26, 1, 0, 33, 1, 0, 194, 1, 0, 136, 14, 208]
1542785617075;[171, 0, 17, 255, 161, 74, 234, 249, 26, 1, 0, 52, 1, 0, 205, 1, 0, 143, 14, 209]
1542785617248;[171, 0, 17, 255, 161, 74, 234, 249, 26, 1, 0, 36, 1, 0, 211, 1, 0, 128, 14, 249]
1542785617252;[171, 0, 17, 255, 161, 74, 234, 249, 26, 1, 0, 11, 1, 0, 189, 1, 0, 124, 31, 120]
1542785617422;[171, 0, 17, 255, 161, 74, 234, 249, 26, 1, 0, 22, 1, 0, 215, 1, 0, 133, 7, 160]
1542785617426;[171, 0, 17, 255, 161, 74, 234, 249, 27, 1, 0, 17, 1, 0, 237, 1, 0, 140, 6, 192]
1542785617592;[171, 0, 17, 255, 161, 74, 234, 249, 27, 0, 0, 36, 1, 0, 154, 1, 0, 220, 5, 100]
1542785617765;[171, 0, 17, 255, 161, 74, 234, 249, 27, 1, 0, 25, 1, 0, 198, 1, 0, 170, 3, 212]
1542785617769;[171, 0, 17, 255, 161, 74, 234, 249, 27, 1, 0, 15, 1, 0, 187, 1, 0, 158, 3, 136]
1542785618284;[171, 0, 17, 255, 161, 74, 234, 249, 29, 1, 0, 24, 1, 0, 171, 1, 0, 166, 6, 36]
1542785618288;[171, 0, 17, 255, 161, 74, 234, 249, 29, 1, 0, 27, 1, 0, 194, 1, 0, 151, 6, 31]
1542785618292;[171, 0, 17, 255, 161, 74, 234, 249, 29, 1, 0, 26, 1, 0, 199, 1, 0, 140, 6, 22]
1542785618629;[171, 0, 17, 255, 161, 74, 234, 249, 29, 1, 0, 26, 1, 0, 188, 1, 0, 146, 6, 9]
1542785618633;[171, 0, 17, 255, 161, 74, 234, 249, 29, 1, 0, 27, 1, 0, 191, 1, 0, 150, 6, 26]
1542785618637;[171, 0, 17, 255, 161, 74, 234, 249, 30, 1, 0, 27, 1, 0, 193, 1, 0, 147, 6, 55]
1542785618641;[171, 0, 17, 255, 161, 74, 234, 249, 30, 1, 0, 27, 1, 0, 193, 1, 0, 147, 6, 47]
1542785618800;[171, 0, 17, 255, 161, 74, 234, 249, 30, 1, 0, 27, 1, 0, 190, 1, 0, 148, 6, 51]
1542785618804;[171, 0, 17, 255, 161, 74, 234, 249, 30, 1, 0, 23, 1, 0, 191, 1, 0, 147, 6, 42]
1542785619146;[171, 0, 17, 255, 161, 74, 234, 249, 30, 1, 0, 26, 1, 0, 190, 1, 0, 149, 6, 46]
1542785619150;[171, 0, 4, 255, 132, 128, 110]
1542785619177;[171, 0, 17, 255, 161, 74, 234, 249, 30, 1, 0, 27, 1, 0, 191, 1, 0, 146, 6, 73]
1542785619490;[171, 0, 17, 255, 161, 74, 234, 249, 30, 1, 0, 26, 1, 0, 192, 1, 0, 150, 6, 81]
1542785619494;[171, 0, 17, 255, 161, 74, 234, 249, 30, 1, 0, 25, 1, 0, 194, 1, 0, 147, 6, 68]
1542785619661;[171, 0, 17, 255, 161, 74, 234, 249, 30, 1, 0, 26, 1, 0, 192, 1, 0, 147, 6, 64]
1542785619663;[171, 0, 17, 255, 161, 74, 234, 249, 31, 1, 0, 30, 1, 0, 188, 1, 0, 151, 6, 62]
1542785619666;[171, 0, 17, 255, 161, 74, 234, 249, 31, 1, 0, 25, 1, 0, 193, 1, 0, 147, 6, 100]
1542785619832;[171, 0, 17, 255, 161, 74, 234, 249, 31, 1, 0, 26, 1, 0, 191, 1, 0, 149, 6, 104]
1542785619835;[171, 0, 17, 255, 161, 74, 234, 249, 31, 1, 0, 28, 1, 0, 192, 1, 0, 148, 6, 108]
1542785620009;[171, 0, 17, 255, 161, 74, 234, 249, 31, 1, 0, 28, 1, 0, 190, 1, 0, 150, 6, 103]
1542785620013;[171, 0, 17, 255, 161, 74, 234, 249, 31, 1, 0, 28, 1, 0, 191, 1, 0, 149, 6, 107]
1542785620179;[171, 0, 4, 255, 132, 128, 111]
1542785620352;[171, 0, 17, 255, 161, 74, 234, 249, 31, 1, 0, 28, 1, 0, 190, 1, 0, 148, 6, 146]
1542785620356;[171, 0, 17, 255, 161, 74, 234, 249, 31, 1, 0, 25, 1, 0, 192, 1, 0, 148, 6, 184]
1542785620700;[171, 0, 17, 255, 161, 74, 234, 249, 31, 1, 0, 27, 1, 0, 191, 1, 0, 148, 6, 181]
1542785620704;[171, 0, 17, 255, 161, 74, 234, 249, 31, 1, 0, 24, 1, 0, 188, 1, 0, 148, 6, 199]
1542785620708;[171, 0, 17, 255, 161, 74, 234, 249, 32, 1, 0, 29, 1, 0, 192, 1, 0, 148, 6, 204]
1542785620712;[171, 0, 17, 255, 161, 74, 234, 249, 32, 1, 0, 26, 1, 0, 192, 1, 0, 149, 6, 231]
1542785620870;[171, 0, 17, 255, 161, 74, 234, 249, 32, 1, 0, 26, 1, 0, 191, 1, 0, 148, 7, 42]
1542785621217;[171, 0, 17, 255, 161, 74, 234, 249, 32, 1, 0, 28, 1, 0, 192, 1, 0, 147, 7, 74]
1542785621220;[171, 0, 17, 255, 161, 74, 234, 249, 32, 1, 0, 26, 1, 0, 190, 1, 0, 147, 7, 78]
1542785621224;[171, 0, 17, 255, 161, 74, 234, 249, 32, 1, 0, 26, 1, 0, 192, 1, 0, 147, 7, 119]
1542785621228;[171, 0, 4, 255, 132, 128, 112]
1542785621387;[171, 0, 17, 255, 161, 74, 234, 249, 32, 1, 0, 27, 1, 0, 193, 1, 0, 147, 7, 122]
1542785621560;[171, 0, 17, 255, 161, 74, 234, 249, 32, 1, 0, 27, 1, 0, 188, 1, 0, 148, 7, 215]
1542785621564;[171, 0, 17, 255, 161, 74, 234, 249, 32, 1, 0, 28, 1, 0, 193, 1, 0, 148, 8, 10]
1542785621732;[171, 0, 17, 255, 161, 74, 234, 249, 32, 1, 0, 28, 1, 0, 189, 1, 0, 147, 8, 36]
1542785621735;[171, 0, 17, 255, 161, 74, 234, 249, 33, 1, 0, 27, 1, 0, 192, 1, 0, 148, 8, 56]
1542785622078;[171, 0, 17, 255, 161, 74, 234, 249, 33, 1, 0, 28, 1, 0, 190, 1, 0, 148, 8, 71]
