1542736884055;[171, 0, 17, 255, 161, 74, 234, 33, 9, 1, 0, 228, 0, 0, 19, 1, 0, 110, 2, 247]
1542736884062;[171, 0, 17, 255, 161, 74, 234, 33, 9, 1, 0, 228, 0, 0, 21, 1, 0, 108, 2, 253]
1542736884064;[171, 0, 17, 255, 161, 74, 234, 33, 9, 1, 0, 228, 0, 0, 21, 1, 0, 108, 2, 253]
1542736884395;[171, 0, 17, 255, 161, 74, 234, 33, 9, 1, 0, 227, 0, 0, 19, 1, 0, 110, 2, 253]
1542736884398;[171, 0, 17, 255, 161, 74, 234, 33, 9, 1, 0, 227, 0, 0, 19, 1, 0, 110, 2, 253]
1542736884400;[171, 0, 17, 255, 161, 74, 234, 33, 9, 1, 0, 229, 0, 0, 19, 1, 0, 110, 3, 4]
1542736884402;[171, 0, 17, 255, 161, 74, 234, 33, 9, 1, 0, 229, 0, 0, 19, 1, 0, 110, 3, 4]
1542736884404;[171, 0, 4, 255, 132, 128, 106]
1542736884407;[171, 0, 4, 255, 132, 128, 106]
1542736884409;[171, 0, 17, 255, 161, 74, 234, 33, 9, 1, 0, 227, 0, 0, 20, 1, 0, 111, 2, 244]
1542736884411;[171, 0, 17, 255, 161, 74, 234, 33, 9, 1, 0, 227, 0, 0, 20, 1, 0, 111, 2, 244]
1542736884565;[171, 0, 17, 255, 161, 74, 234, 33, 9, 1, 0, 228, 0, 0, 21, 1, 0, 109, 2, 230]
1542736884567;[171, 0, 17, 255, 161, 74, 234, 33, 9, 1, 0, 228, 0, 0, 21, 1, 0, 109, 2, 230]
1542736884572;[171, 0, 17, 255, 161, 74, 234, 33, 9, 1, 0, 230, 0, 0, 19, 1, 0, 110, 2, 215]
1542736884574;[171, 0, 17, 255, 161, 74, 234, 33, 9, 1, 0, 230, 0, 0, 19, 1, 0, 110, 2, 215]
1542736886666;[171, 0, 17, 255, 161, 74, 234, 33, 9, 1, 0, 230, 0, 0, 20, 1, 0, 108, 2, 187]
1542736886668;[171, 0, 17, 255, 161, 74, 234, 33, 9, 1, 0, 230, 0, 0, 20, 1, 0, 108, 2, 187]
1542736886670;[171, 0, 17, 255, 161, 74, 234, 33, 9, 1, 0, 226, 0, 0, 18, 1, 0, 109, 2, 230]
1542736886672;[171, 0, 17, 255, 161, 74, 234, 33, 9, 1, 0, 226, 0, 0, 18, 1, 0, 109, 2, 230]
1542736886674;[171, 0, 17, 255, 161, 74, 234, 33, 10, 1, 0, 229, 0, 0, 19, 1, 0, 110, 3, 30]
1542736886675;[171, 0, 17, 255, 161, 74, 234, 33, 10, 1, 0, 229, 0, 0, 19, 1, 0, 110, 3, 30]
1542736886680;[171, 0, 17, 255, 161, 74, 234, 33, 10, 1, 0, 230, 0, 0, 19, 1, 0, 109, 3, 58]
1542736886682;[171, 0, 17, 255, 161, 74, 234, 33, 10, 1, 0, 230, 0, 0, 19, 1, 0, 109, 3, 58]
1542736886684;[171, 0, 17, 255, 161, 74, 234, 33, 10, 1, 0, 226, 0, 0, 20, 1, 0, 109, 3, 67]
1542736886686;[171, 0, 17, 255, 161, 74, 234, 33, 10, 1, 0, 226, 0, 0, 20, 1, 0, 109, 3, 67]
1542736886713;[171, 0, 17, 255, 161, 74, 234, 33, 10, 1, 0, 229, 0, 0, 20, 1, 0, 109, 3, 63]
1542736886714;[171, 0, 17, 255, 161, 74, 234, 33, 10, 1, 0, 229, 0, 0, 20, 1, 0, 109, 3, 63]
1542736886715;[171, 0, 17, 255, 161, 74, 234, 33, 10, 1, 0, 229, 0, 0, 23, 1, 0, 111, 3, 57]
1542736886717;[171, 0, 17, 255, 161, 74, 234, 33, 10, 1, 0, 229, 0, 0, 23, 1, 0, 111, 3, 57]
1542736886718;[171, 0, 4, 255, 132, 128, 107]
1542736886720;[171, 0, 4, 255, 132, 128, 107]
1542736886722;[171, 0, 17, 255, 161, 74, 234, 33, 10, 1, 0, 230, 0, 0, 20, 1, 0, 110, 3, 38]
1542736886724;[171, 0, 17, 255, 161, 74, 234, 33, 10, 1, 0, 230, 0, 0, 20, 1, 0, 110, 3, 38]
1542736886734;[171, 0, 17, 255, 161, 74, 234, 33, 10, 1, 0, 229, 0, 0, 23, 1, 0, 109, 3, 22]
1542736886736;[171, 0, 17, 255, 161, 74, 234, 33, 10, 1, 0, 229, 0, 0, 23, 1, 0, 109, 3, 22]
1542736886737;[171, 0, 17, 255, 161, 74, 234, 33, 10, 1, 0, 228, 0, 0, 19, 1, 0, 110, 2, 250]
1542736886739;[171, 0, 17, 255, 161, 74, 234, 33, 10, 1, 0, 228, 0, 0, 19, 1, 0, 110, 2, 250]
1542736886740;[171, 0, 17, 255, 161, 74, 234, 33, 10, 1, 0, 226, 0, 0, 18, 1, 0, 109, 2, 232]
1542736886742;[171, 0, 17, 255, 161, 74, 234, 33, 10, 1, 0, 226, 0, 0, 18, 1, 0, 109, 2, 232]
1542736886748;[171, 0, 17, 255, 161, 74, 234, 33, 10, 1, 0, 231, 0, 0, 20, 1, 0, 110, 3, 40]
1542736886750;[171, 0, 17, 255, 161, 74, 234, 33, 10, 1, 0, 231, 0, 0, 20, 1, 0, 110, 3, 40]
1542736886753;[171, 0, 17, 255, 161, 74, 234, 33, 11, 1, 0, 228, 0, 0, 19, 1, 0, 110, 3, 92]
1542736886755;[171, 0, 17, 255, 161, 74, 234, 33, 11, 1, 0, 228, 0, 0, 19, 1, 0, 110, 3, 92]
1542736886756;[171, 0, 17, 255, 161, 74, 234, 33, 11, 1, 0, 230, 0, 0, 18, 1, 0, 109, 3, 88]
1542736886758;[171, 0, 17, 255, 161, 74, 234, 33, 11, 1, 0, 230, 0, 0, 18, 1, 0, 109, 3, 88]
1542736886759;[171, 0, 17, 255, 161, 74, 234, 33, 11, 1, 0, 229, 0, 0, 19, 1, 0, 108, 3, 83]
1542736886760;[171, 0, 17, 255, 161, 74, 234, 33, 11, 1, 0, 229, 0, 0, 19, 1, 0, 108, 3, 83]
1542736886762;[171, 0, 17, 255, 161, 74, 234, 33, 11, 1, 0, 228, 0, 0, 20, 1, 0, 111, 3, 83]
1542736886763;[171, 0, 17, 255, 161, 74, 234, 33, 11, 1, 0, 228, 0, 0, 20, 1, 0, 111, 3, 83]
1542736886769;[171, 0, 17, 255, 161, 74, 234, 33, 11, 1, 0, 229, 0, 0, 19, 1, 0, 110, 3, 80]
1542736886771;[171, 0, 17, 255, 161, 74, 234, 33, 11, 1, 0, 229, 0, 0, 19, 1, 0, 110, 3, 80]
1542736886772;[171, 0, 4, 255, 132, 128, 108]
1542736886774;[171, 0, 4, 255, 132, 128, 108]
1542736886775;[171, 0, 17, 255, 161, 74, 234, 33, 11, 1, 0, 228, 0, 0, 19, 1, 0, 111, 3, 57]
1542736886776;[171, 0, 17, 255, 161, 74, 234, 33, 11, 1, 0, 228, 0, 0, 19, 1, 0, 111, 3, 57]
1542736886981;[171, 0, 17, 255, 161, 74, 234, 33, 11, 1, 0, 229, 0, 0, 21, 1, 0, 109, 3, 41]
1542736886983;[171, 0, 17, 255, 161, 74, 234, 33, 11, 1, 0, 229, 0, 0, 21, 1, 0, 109, 3, 41]
1542736886987;[171, 0, 17, 255, 161, 74, 234, 33, 11, 1, 0, 230, 0, 0, 19, 1, 0, 111, 3, 40]
1542736886988;[171, 0, 17, 255, 161, 74, 234, 33, 11, 1, 0, 230, 0, 0, 19, 1, 0, 111, 3, 40]
1542736886992;[171, 0, 17, 255, 161, 74, 234, 33, 11, 1, 0, 227, 0, 0, 22, 1, 0, 110, 3, 90]
1542736886994;[171, 0, 17, 255, 161, 74, 234, 33, 11, 1, 0, 227, 0, 0, 22, 1, 0, 110, 3, 90]
1542736886996;[171, 0, 17, 255, 161, 74, 234, 33, 11, 1, 0, 230, 0, 0, 20, 1, 0, 109, 3, 126]
1542736886997;[171, 0, 17, 255, 161, 74, 234, 33, 11, 1, 0, 230, 0, 0, 20, 1, 0, 109, 3, 126]
1542736887152;[171, 0, 17, 255, 161, 74, 234, 33, 12, 1, 0, 228, 0, 0, 18, 1, 0, 109, 3, 125]
1542736887154;[171, 0, 17, 255, 161, 74, 234, 33, 12, 1, 0, 228, 0, 0, 18, 1, 0, 109, 3, 125]
1542736887325;[171, 0, 17, 255, 161, 74, 234, 33, 12, 1, 0, 229, 0, 0, 21, 1, 0, 110, 3, 111]
1542736887327;[171, 0, 17, 255, 161, 74, 234, 33, 12, 1, 0, 229, 0, 0, 21, 1, 0, 110, 3, 111]
1542736887330;[171, 0, 17, 255, 161, 74, 234, 33, 12, 1, 0, 232, 0, 0, 19, 1, 0, 111, 3, 108]
1542736887331;[171, 0, 17, 255, 161, 74, 234, 33, 12, 1, 0, 232, 0, 0, 19, 1, 0, 111, 3, 108]
1542736887496;[171, 0, 17, 255, 161, 74, 234, 33, 12, 1, 0, 230, 0, 0, 19, 1, 0, 109, 3, 82]
1542736887497;[171, 0, 17, 255, 161, 74, 234, 33, 12, 1, 0, 230, 0, 0, 19, 1, 0, 109, 3, 82]
1542736887672;[171, 0, 17, 255, 161, 74, 234, 33, 12, 1, 0, 228, 0, 0, 19, 1, 0, 110, 3, 60]
1542736887677;[171, 0, 17, 255, 161, 74, 234, 33, 12, 1, 0, 228, 0, 0, 19, 1, 0, 110, 3, 60]
1542736887679;[171, 0, 4, 255, 132, 128, 108]
1542736887681;[171, 0, 4, 255, 132, 128, 108]
1542736887687;[171, 0, 17, 255, 161, 74, 234, 33, 12, 1, 0, 228, 0, 0, 17, 1, 0, 110, 3, 85]
1542736887688;[171, 0, 17, 255, 161, 74, 234, 33, 12, 1, 0, 228, 0, 0, 17, 1, 0, 110, 3, 85]
1542736887841;[171, 0, 17, 255, 161, 74, 234, 33, 12, 1, 0, 230, 0, 0, 20, 1, 0, 110, 3, 133]
1542736887843;[171, 0, 17, 255, 161, 74, 234, 33, 12, 1, 0, 230, 0, 0, 20, 1, 0, 110, 3, 133]
1542736888190;[171, 0, 17, 255, 161, 74, 234, 33, 12, 1, 0, 229, 0, 0, 23, 1, 0, 111, 3, 144]
1542736888192;[171, 0, 17, 255, 161, 74, 234, 33, 12, 1, 0, 229, 0, 0, 23, 1, 0, 111, 3, 144]
1542736888194;[171, 0, 17, 255, 161, 74, 234, 33, 12, 1, 0, 228, 0, 0, 19, 1, 0, 111, 3, 134]
1542736888196;[171, 0, 17, 255, 161, 74, 234, 33, 12, 1, 0, 228, 0, 0, 19, 1, 0, 111, 3, 134]
1542736888198;[171, 0, 17, 255, 161, 74, 234, 33, 12, 1, 0, 227, 0, 0, 22, 1, 0, 110, 3, 119]
1542736888200;[171, 0, 17, 255, 161, 74, 234, 33, 12, 1, 0, 227, 0, 0, 22, 1, 0, 110, 3, 119]
1542736888203;[171, 0, 17, 255, 161, 74, 234, 33, 13, 1, 0, 228, 0, 0, 22, 1, 0, 110, 3, 106]
1542736888205;[171, 0, 17, 255, 161, 74, 234, 33, 13, 1, 0, 228, 0, 0, 22, 1, 0, 110, 3, 106]
1542736888360;[171, 0, 17, 255, 161, 74, 234, 33, 13, 1, 0, 228, 0, 0, 20, 1, 0, 111, 3, 84]
1542736888362;[171, 0, 17, 255, 161, 74, 234, 33, 13, 1, 0, 228, 0, 0, 20, 1, 0, 111, 3, 84]
1542736888364;[171, 0, 17, 255, 161, 74, 234, 33, 13, 1, 0, 230, 0, 0, 20, 1, 0, 111, 3, 112]
1542736888366;[171, 0, 17, 255, 161, 74, 234, 33, 13, 1, 0, 230, 0, 0, 20, 1, 0, 111, 3, 112]
1542736888533;[171, 0, 17, 255, 161, 74, 234, 33, 13, 1, 0, 229, 0, 0, 18, 1, 0, 112, 3, 163]
1542736888535;[171, 0, 17, 255, 161, 74, 234, 33, 13, 1, 0, 229, 0, 0, 18, 1, 0, 112, 3, 163]
1542736888704;[171, 0, 17, 255, 161, 74, 234, 33, 13, 1, 0, 228, 0, 0, 22, 1, 0, 110, 3, 175]
1542736888706;[171, 0, 17, 255, 161, 74, 234, 33, 13, 1, 0, 228, 0, 0, 22, 1, 0, 110, 3, 175]
1542736888709;[171, 0, 4, 255, 132, 128, 100]
1542736888711;[171, 0, 4, 255, 132, 128, 100]
1542736888877;[171, 0, 17, 255, 161, 74, 234, 33, 13, 1, 0, 232, 0, 0, 19, 1, 0, 109, 3, 183]
1542736888879;[171, 0, 17, 255, 161, 74, 234, 33, 13, 1, 0, 232, 0, 0, 19, 1, 0, 109, 3, 183]
1542736888882;[171, 0, 17, 255, 161, 74, 234, 33, 13, 1, 0, 229, 0, 0, 19, 1, 0, 110, 3, 176]
1542736888883;[171, 0, 17, 255, 161, 74, 234, 33, 13, 1, 0, 229, 0, 0, 19, 1, 0, 110, 3, 176]
1542736889051;[171, 0, 17, 255, 161, 74, 234, 33, 13, 1, 0, 227, 0, 0, 20, 1, 0, 111, 3, 176]
1542736889053;[171, 0, 17, 255, 161, 74, 234, 33, 13, 1, 0, 227, 0, 0, 20, 1, 0, 111, 3, 176]
1542736889222;[171, 0, 17, 255, 161, 74, 234, 33, 13, 1, 0, 228, 0, 0, 21, 1, 0, 109, 3, 182]
1542736889223;[171, 0, 17, 255, 161, 74, 234, 33, 13, 1, 0, 228, 0, 0, 21, 1, 0, 109, 3, 182]
1542736889226;[171, 0, 17, 255, 161, 74, 234, 33, 13, 1, 0, 230, 0, 0, 21, 1, 0, 110, 3, 235]
1542736889227;[171, 0, 17, 255, 161, 74, 234, 33, 13, 1, 0, 230, 0, 0, 21, 1, 0, 110, 3, 235]
1542736889569;[171, 0, 17, 255, 161, 74, 234, 33, 14, 1, 0, 230, 0, 0, 18, 1, 0, 112, 4, 4]
1542736889571;[171, 0, 17, 255, 161, 74, 234, 33, 14, 1, 0, 230, 0, 0, 18, 1, 0, 112, 4, 4]
1542736889573;[171, 0, 17, 255, 161, 74, 234, 33, 14, 1, 0, 228, 0, 0, 19, 1, 0, 111, 4, 10]
1542736889576;[171, 0, 17, 255, 161, 74, 234, 33, 14, 1, 0, 228, 0, 0, 19, 1, 0, 111, 4, 10]
1542736889581;[171, 0, 17, 255, 161, 74, 234, 33, 14, 1, 0, 231, 0, 0, 20, 1, 0, 112, 4, 6]
1542736889583;[171, 0, 17, 255, 161, 74, 234, 33, 14, 1, 0, 231, 0, 0, 20, 1, 0, 112, 4, 6]
1542736889584;[171, 0, 17, 255, 161, 74, 234, 33, 14, 1, 0, 226, 0, 0, 19, 1, 0, 110, 3, 249]
1542736889586;[171, 0, 17, 255, 161, 74, 234, 33, 14, 1, 0, 226, 0, 0, 19, 1, 0, 110, 3, 249]
1542736889738;[171, 0, 17, 255, 161, 74, 234, 33, 14, 1, 0, 231, 0, 0, 19, 1, 0, 110, 4, 2]
1542736889740;[171, 0, 17, 255, 161, 74, 234, 33, 14, 1, 0, 231, 0, 0, 19, 1, 0, 110, 4, 2]
1542736889912;[171, 0, 4, 255, 132, 128, 100]
1542736889915;[171, 0, 4, 255, 132, 128, 100]
1542736889917;[171, 0, 17, 255, 161, 74, 234, 33, 14, 1, 0, 230, 0, 0, 21, 1, 0, 112, 4, 35]
1542736889919;[171, 0, 17, 255, 161, 74, 234, 33, 14, 1, 0, 230, 0, 0, 21, 1, 0, 112, 4, 35]
1542736890086;[171, 0, 17, 255, 161, 74, 234, 33, 14, 1, 0, 228, 0, 0, 22, 1, 0, 111, 4, 42]
1542736890087;[171, 0, 17, 255, 161, 74, 234, 33, 14, 1, 0, 228, 0, 0, 22, 1, 0, 111, 4, 42]
1542736890090;[171, 0, 17, 255, 161, 74, 234, 33, 14, 1, 0, 229, 0, 0, 20, 1, 0, 112, 4, 37]
1542736890092;[171, 0, 17, 255, 161, 74, 234, 33, 14, 1, 0, 229, 0, 0, 20, 1, 0, 112, 4, 37]
1542736890431;[171, 0, 17, 255, 161, 74, 234, 33, 14, 1, 0, 227, 0, 0, 21, 1, 0, 111, 4, 22]
1542736890433;[171, 0, 17, 255, 161, 74, 234, 33, 14, 1, 0, 227, 0, 0, 21, 1, 0, 111, 4, 22]
1542736890435;[171, 0, 17, 255, 161, 74, 234, 33, 14, 1, 0, 226, 0, 0, 23, 1, 0, 111, 4, 6]
1542736890437;[171, 0, 17, 255, 161, 74, 234, 33, 14, 1, 0, 226, 0, 0, 23, 1, 0, 111, 4, 6]
1542736890438;[171, 0, 17, 255, 161, 74, 234, 33, 15, 1, 0, 229, 0, 0, 20, 1, 0, 111, 4, 10]
1542736890440;[171, 0, 17, 255, 161, 74, 234, 33, 15, 1, 0, 229, 0, 0, 20, 1, 0, 111, 4, 10]
1542736890776;[171, 0, 17, 255, 161, 74, 234, 33, 15, 1, 0, 225, 0, 0, 19, 1, 0, 110, 4, 36]
1542736890778;[171, 0, 17, 255, 161, 74, 234, 33, 15, 1, 0, 225, 0, 0, 19, 1, 0, 110, 4, 36]
1542736890781;[171, 0, 17, 255, 161, 74, 234, 33, 15, 1, 0, 228, 0, 0, 19, 1, 0, 112, 4, 34]
1542736890783;[171, 0, 17, 255, 161, 74, 234, 33, 15, 1, 0, 228, 0, 0, 19, 1, 0, 112, 4, 34]
1542736890786;[171, 0, 17, 255, 161, 74, 234, 33, 15, 1, 0, 226, 0, 0, 20, 1, 0, 111, 4, 14]
1542736890788;[171, 0, 17, 255, 161, 74, 234, 33, 15, 1, 0, 226, 0, 0, 20, 1, 0, 111, 4, 14]
1542736890790;[171, 0, 17, 255, 161, 74, 234, 33, 15, 1, 0, 229, 0, 0, 22, 1, 0, 111, 3, 242]
1542736890792;[171, 0, 17, 255, 161, 74, 234, 33, 15, 1, 0, 229, 0, 0, 22, 1, 0, 111, 3, 242]
1542736890946;[171, 0, 4, 255, 132, 128, 100]
1542736890948;[171, 0, 4, 255, 132, 128, 100]
1542736891119;[171, 0, 17, 255, 161, 74, 234, 33, 15, 1, 0, 230, 0, 0, 23, 1, 0, 112, 3, 198]
1542736891121;[171, 0, 17, 255, 161, 74, 234, 33, 15, 1, 0, 230, 0, 0, 23, 1, 0, 112, 3, 198]
1542736891292;[171, 0, 17, 255, 161, 74, 234, 33, 15, 1, 0, 226, 0, 0, 21, 1, 0, 111, 3, 193]
1542736891294;[171, 0, 17, 255, 161, 74, 234, 33, 15, 1, 0, 226, 0, 0, 21, 1, 0, 111, 3, 193]
1542736891297;[171, 0, 17, 255, 161, 74, 234, 33, 15, 1, 0, 229, 0, 0, 20, 1, 0, 111, 3, 208]
1542736891298;[171, 0, 17, 255, 161, 74, 234, 33, 15, 1, 0, 229, 0, 0, 20, 1, 0, 111, 3, 208]
1542736891301;[171, 0, 17, 255, 161, 74, 234, 33, 15, 1, 0, 227, 0, 0, 23, 1, 0, 116, 3, 215]
1542736891303;[171, 0, 17, 255, 161, 74, 234, 33, 15, 1, 0, 227, 0, 0, 23, 1, 0, 116, 3, 215]
1542736891464;[171, 0, 17, 255, 161, 74, 234, 33, 15, 1, 0, 224, 0, 0, 23, 1, 0, 114, 3, 200]
1542736891466;[171, 0, 17, 255, 161, 74, 234, 33, 15, 1, 0, 224, 0, 0, 23, 1, 0, 114, 3, 200]
1542736891468;[171, 0, 17, 255, 161, 74, 234, 33, 16, 1, 0, 227, 0, 0, 20, 1, 0, 114, 3, 154]
1542736891470;[171, 0, 17, 255, 161, 74, 234, 33, 16, 1, 0, 227, 0, 0, 20, 1, 0, 114, 3, 154]
1542736892157;[171, 0, 17, 255, 161, 74, 234, 33, 16, 1, 0, 224, 0, 0, 20, 1, 0, 113, 3, 111]
1542736892159;[171, 0, 17, 255, 161, 74, 234, 33, 16, 1, 0, 224, 0, 0, 20, 1, 0, 113, 3, 111]
1542736892162;[171, 0, 17, 255, 161, 74, 234, 33, 16, 1, 0, 226, 0, 0, 21, 1, 0, 114, 3, 103]
1542736892164;[171, 0, 17, 255, 161, 74, 234, 33, 16, 1, 0, 226, 0, 0, 21, 1, 0, 114, 3, 103]
1542736892166;[171, 0, 17, 255, 161, 74, 234, 33, 16, 1, 0, 227, 0, 0, 23, 1, 0, 114, 3, 76]
1542736892168;[171, 0, 17, 255, 161, 74, 234, 33, 16, 1, 0, 227, 0, 0, 23, 1, 0, 114, 3, 76]
1542736892170;[171, 0, 17, 255, 161, 74, 234, 33, 16, 1, 0, 223, 0, 0, 21, 1, 0, 115, 3, 38]
1542736892172;[171, 0, 17, 255, 161, 74, 234, 33, 16, 1, 0, 223, 0, 0, 21, 1, 0, 115, 3, 38]
1542736892329;[171, 0, 4, 255, 132, 128, 100]
1542736892331;[171, 0, 4, 255, 132, 128, 100]
1542736892335;[171, 0, 17, 255, 161, 74, 234, 33, 16, 1, 0, 225, 0, 0, 23, 1, 0, 114, 2, 253]
1542736892337;[171, 0, 17, 255, 161, 74, 234, 33, 16, 1, 0, 225, 0, 0, 23, 1, 0, 114, 2, 253]
1542736892339;[171, 0, 17, 255, 161, 74, 234, 33, 16, 1, 0, 226, 0, 0, 23, 1, 0, 115, 2, 219]
1542736892340;[171, 0, 17, 255, 161, 74, 234, 33, 16, 1, 0, 226, 0, 0, 23, 1, 0, 115, 2, 219]
1542736892342;[171, 0, 17, 255, 161, 74, 234, 33, 16, 1, 0, 226, 0, 0, 22, 1, 0, 115, 2, 192]
1542736892344;[171, 0, 17, 255, 161, 74, 234, 33, 16, 1, 0, 226, 0, 0, 22, 1, 0, 115, 2, 192]
1542736892501;[171, 0, 17, 255, 161, 74, 234, 33, 16, 1, 0, 224, 0, 0, 20, 1, 0, 115, 2, 180]
1542736892502;[171, 0, 17, 255, 161, 74, 234, 33, 16, 1, 0, 224, 0, 0, 20, 1, 0, 115, 2, 180]
1542736892505;[171, 0, 17, 255, 161, 74, 234, 33, 16, 1, 0, 226, 0, 0, 24, 1, 0, 118, 2, 163]
1542736892506;[171, 0, 17, 255, 161, 74, 234, 33, 16, 1, 0, 226, 0, 0, 24, 1, 0, 118, 2, 163]
1542736892673;[171, 0, 17, 255, 161, 74, 234, 33, 17, 1, 0, 226, 0, 0, 24, 1, 0, 117, 2, 117]
1542736892675;[171, 0, 17, 255, 161, 74, 234, 33, 17, 1, 0, 226, 0, 0, 24, 1, 0, 117, 2, 117]
1542736892677;[171, 0, 17, 255, 161, 74, 234, 33, 17, 1, 0, 225, 0, 0, 25, 1, 0, 117, 2, 85]
1542736892679;[171, 0, 17, 255, 161, 74, 234, 33, 17, 1, 0, 225, 0, 0, 25, 1, 0, 117, 2, 85]
1542736893017;[171, 0, 17, 255, 161, 74, 234, 33, 17, 1, 0, 227, 0, 0, 22, 1, 0, 117, 2, 52]
1542736893020;[171, 0, 17, 255, 161, 74, 234, 33, 17, 1, 0, 227, 0, 0, 22, 1, 0, 117, 2, 52]
1542736893022;[171, 0, 17, 255, 161, 74, 234, 33, 17, 1, 0, 226, 0, 0, 20, 1, 0, 117, 2, 37]
1542736893024;[171, 0, 17, 255, 161, 74, 234, 33, 17, 1, 0, 226, 0, 0, 20, 1, 0, 117, 2, 37]
1542736893026;[171, 0, 17, 255, 161, 74, 234, 33, 17, 1, 0, 220, 0, 0, 19, 1, 0, 118, 2, 37]
1542736893028;[171, 0, 17, 255, 161, 74, 234, 33, 17, 1, 0, 220, 0, 0, 19, 1, 0, 118, 2, 37]
1542736893362;[171, 0, 4, 255, 132, 128, 100]
1542736893365;[171, 0, 4, 255, 132, 128, 100]
1542736893368;[171, 0, 17, 255, 161, 74, 234, 33, 17, 1, 0, 223, 0, 0, 19, 1, 0, 116, 2, 14]
1542736893370;[171, 0, 17, 255, 161, 74, 234, 33, 17, 1, 0, 223, 0, 0, 19, 1, 0, 116, 2, 14]
1542736893371;[171, 0, 17, 255, 161, 74, 234, 33, 17, 1, 0, 225, 0, 0, 23, 1, 0, 116, 2, 0]
1542736893373;[171, 0, 17, 255, 161, 74, 234, 33, 17, 1, 0, 225, 0, 0, 23, 1, 0, 116, 2, 0]
1542736893375;[171, 0, 17, 255, 161, 74, 234, 33, 17, 1, 0, 226, 0, 0, 21, 1, 0, 116, 1, 229]
1542736893377;[171, 0, 17, 255, 161, 74, 234, 33, 17, 1, 0, 226, 0, 0, 21, 1, 0, 116, 1, 229]
1542736893535;[171, 0, 17, 255, 161, 74, 234, 33, 17, 1, 0, 226, 0, 0, 21, 1, 0, 118, 1, 196]
1542736893537;[171, 0, 17, 255, 161, 74, 234, 33, 17, 1, 0, 226, 0, 0, 21, 1, 0, 118, 1, 196]
1542736893706;[171, 0, 17, 255, 161, 74, 234, 33, 17, 1, 0, 228, 0, 0, 21, 1, 0, 117, 1, 183]
1542736893708;[171, 0, 17, 255, 161, 74, 234, 33, 17, 1, 0, 228, 0, 0, 21, 1, 0, 117, 1, 183]
1542736893711;[171, 0, 17, 255, 161, 74, 234, 33, 18, 1, 0, 225, 0, 0, 23, 1, 0, 117, 1, 171]
1542736893713;[171, 0, 17, 255, 161, 74, 234, 33, 18, 1, 0, 225, 0, 0, 23, 1, 0, 117, 1, 171]
1542736893879;[171, 0, 17, 255, 161, 74, 234, 33, 18, 1, 0, 226, 0, 0, 22, 1, 0, 116, 1, 154]
1542736893881;[171, 0, 17, 255, 161, 74, 234, 33, 18, 1, 0, 226, 0, 0, 22, 1, 0, 116, 1, 154]
1542736893883;[171, 0, 17, 255, 161, 74, 234, 33, 18, 1, 0, 225, 0, 0, 22, 1, 0, 116, 1, 139]
1542736893885;[171, 0, 17, 255, 161, 74, 234, 33, 18, 1, 0, 225, 0, 0, 22, 1, 0, 116, 1, 139]
1542736894051;[171, 0, 17, 255, 161, 74, 234, 33, 18, 1, 0, 225, 0, 0, 24, 1, 0, 115, 1, 110]
1542736894053;[171, 0, 17, 255, 161, 74, 234, 33, 18, 1, 0, 225, 0, 0, 24, 1, 0, 115, 1, 110]
1542736894225;[171, 0, 17, 255, 161, 74, 234, 33, 18, 1, 0, 222, 0, 0, 18, 1, 0, 118, 1, 71]
1542736894227;[171, 0, 17, 255, 161, 74, 234, 33, 18, 1, 0, 222, 0, 0, 18, 1, 0, 118, 1, 71]
1542736894230;[171, 0, 4, 255, 132, 128, 100]
1542736894232;[171, 0, 4, 255, 132, 128, 100]
1542736894570;[171, 0, 17, 255, 161, 74, 234, 33, 18, 1, 0, 225, 0, 0, 27, 1, 0, 118, 1, 53]
1542736894573;[171, 0, 17, 255, 161, 74, 234, 33, 18, 1, 0, 225, 0, 0, 27, 1, 0, 118, 1, 53]
1542736894574;[171, 0, 17, 255, 161, 74, 234, 33, 18, 1, 0, 225, 0, 0, 23, 1, 0, 116, 1, 84]
1542736894576;[171, 0, 17, 255, 161, 74, 234, 33, 18, 1, 0, 225, 0, 0, 23, 1, 0, 116, 1, 84]
1542736894578;[171, 0, 17, 255, 161, 74, 234, 33, 18, 1, 0, 225, 0, 0, 20, 1, 0, 117, 1, 116]
1542736894580;[171, 0, 17, 255, 161, 74, 234, 33, 18, 1, 0, 225, 0, 0, 20, 1, 0, 117, 1, 116]
1542736894741;[171, 0, 17, 255, 161, 74, 234, 33, 18, 1, 0, 225, 0, 0, 21, 1, 0, 116, 1, 116]
1542736894743;[171, 0, 17, 255, 161, 74, 234, 33, 18, 1, 0, 225, 0, 0, 21, 1, 0, 116, 1, 116]
1542736894745;[171, 0, 17, 255, 161, 74, 234, 33, 18, 1, 0, 228, 0, 0, 22, 1, 0, 116, 1, 114]
1542736894746;[171, 0, 17, 255, 161, 74, 234, 33, 18, 1, 0, 228, 0, 0, 22, 1, 0, 116, 1, 114]
1542736894915;[171, 0, 17, 255, 161, 74, 234, 33, 19, 1, 0, 227, 0, 0, 23, 1, 0, 116, 1, 61]
1542736894917;[171, 0, 17, 255, 161, 74, 234, 33, 19, 1, 0, 227, 0, 0, 23, 1, 0, 116, 1, 61]
1542736894920;[171, 0, 17, 255, 161, 74, 234, 33, 19, 1, 0, 227, 0, 0, 20, 1, 0, 114, 0, 221]
1542736894922;[171, 0, 17, 255, 161, 74, 234, 33, 19, 1, 0, 227, 0, 0, 20, 1, 0, 114, 0, 221]
1542736895088;[171, 0, 17, 255, 161, 74, 234, 33, 19, 1, 0, 233, 0, 0, 21, 1, 0, 102, 16, 163]
1542736895090;[171, 0, 17, 255, 161, 74, 234, 33, 19, 1, 0, 233, 0, 0, 21, 1, 0, 102, 16, 163]
1542736895092;[171, 0, 17, 255, 161, 74, 234, 33, 19, 1, 0, 234, 0, 0, 19, 1, 0, 105, 7, 166]
1542736895094;[171, 0, 17, 255, 161, 74, 234, 33, 19, 1, 0, 234, 0, 0, 19, 1, 0, 105, 7, 166]
1542736895260;[171, 0, 17, 255, 161, 74, 234, 33, 19, 1, 0, 231, 0, 0, 20, 1, 0, 99, 7, 114]
1542736895262;[171, 0, 17, 255, 161, 74, 234, 33, 19, 1, 0, 231, 0, 0, 20, 1, 0, 99, 7, 114]
1542736895264;[171, 0, 4, 255, 132, 128, 100]
1542736895266;[171, 0, 4, 255, 132, 128, 100]
1542736895432;[171, 0, 17, 255, 161, 74, 234, 33, 19, 1, 0, 235, 0, 0, 19, 1, 0, 100, 7, 48]
1542736895433;[171, 0, 17, 255, 161, 74, 234, 33, 19, 1, 0, 235, 0, 0, 19, 1, 0, 100, 7, 48]
1542736895605;[171, 0, 17, 255, 161, 74, 234, 33, 19, 1, 0, 231, 0, 0, 19, 1, 0, 98, 7, 27]
1542736895606;[171, 0, 17, 255, 161, 74, 234, 33, 19, 1, 0, 231, 0, 0, 19, 1, 0, 98, 7, 27]
1542736895609;[171, 0, 17, 255, 161, 74, 234, 33, 19, 1, 0, 232, 0, 0, 19, 1, 0, 97, 6, 237]
1542736895610;[171, 0, 17, 255, 161, 74, 234, 33, 19, 1, 0, 232, 0, 0, 19, 1, 0, 97, 6, 237]
1542736896469;[171, 0, 17, 255, 161, 74, 234, 33, 19, 1, 0, 243, 0, 0, 9, 1, 0, 89, 6, 215]
1542736896470;[171, 0, 17, 255, 161, 74, 234, 33, 19, 1, 0, 243, 0, 0, 9, 1, 0, 89, 6, 215]
1542736896473;[171, 0, 17, 255, 161, 74, 234, 33, 19, 1, 0, 241, 1, 0, 5, 1, 0, 89, 7, 15]
1542736896475;[171, 0, 17, 255, 161, 74, 234, 33, 19, 1, 0, 241, 1, 0, 5, 1, 0, 89, 7, 15]
1542736896477;[171, 0, 17, 255, 161, 74, 234, 33, 20, 1, 0, 234, 0, 0, 10, 1, 0, 91, 7, 31]
1542736896479;[171, 0, 17, 255, 161, 74, 234, 33, 20, 1, 0, 234, 0, 0, 10, 1, 0, 91, 7, 31]
1542736896482;[171, 0, 17, 255, 161, 74, 234, 33, 20, 1, 0, 251, 0, 0, 6, 1, 0, 68, 6, 202]
1542736896483;[171, 0, 17, 255, 161, 74, 234, 33, 20, 1, 0, 251, 0, 0, 6, 1, 0, 68, 6, 202]
1542736896641;[171, 0, 17, 255, 161, 74, 234, 33, 20, 1, 0, 247, 0, 0, 2, 1, 0, 63, 6, 143]
1542736896643;[171, 0, 17, 255, 161, 74, 234, 33, 20, 1, 0, 247, 0, 0, 2, 1, 0, 63, 6, 143]
1542736896646;[171, 0, 17, 255, 161, 74, 234, 33, 20, 1, 1, 0, 0, 0, 2, 1, 0, 46, 6, 80]
1542736896648;[171, 0, 17, 255, 161, 74, 234, 33, 20, 1, 1, 0, 0, 0, 2, 1, 0, 46, 6, 80]
1542736896650;[171, 0, 17, 255, 161, 74, 234, 33, 20, 1, 0, 245, 1, 0, 3, 1, 0, 62, 6, 16]
1542736896652;[171, 0, 17, 255, 161, 74, 234, 33, 20, 1, 0, 245, 1, 0, 3, 1, 0, 62, 6, 16]
1542736896654;[171, 0, 4, 255, 132, 128, 100]
1542736896657;[171, 0, 4, 255, 132, 128, 100]
1542736896813;[171, 0, 17, 255, 161, 74, 234, 33, 20, 1, 0, 243, 0, 0, 8, 1, 0, 74, 6, 20]
1542736896815;[171, 0, 17, 255, 161, 74, 234, 33, 20, 1, 0, 243, 0, 0, 8, 1, 0, 74, 6, 20]
1542736896817;[171, 0, 17, 255, 161, 74, 234, 33, 20, 1, 0, 239, 0, 0, 6, 1, 0, 86, 6, 100]
1542736896819;[171, 0, 17, 255, 161, 74, 234, 33, 20, 1, 0, 239, 0, 0, 6, 1, 0, 86, 6, 100]
1542736897160;[171, 0, 17, 255, 161, 74, 234, 33, 20, 1, 0, 248, 0, 0, 9, 1, 0, 72, 6, 140]
1542736897163;[171, 0, 17, 255, 161, 74, 234, 33, 20, 1, 0, 248, 0, 0, 9, 1, 0, 72, 6, 140]
1542736897165;[171, 0, 17, 255, 161, 74, 234, 33, 20, 1, 0, 241, 0, 0, 15, 1, 0, 71, 6, 178]
1542736897167;[171, 0, 17, 255, 161, 74, 234, 33, 20, 1, 0, 241, 0, 0, 15, 1, 0, 71, 6, 178]
1542736897169;[171, 0, 17, 255, 161, 74, 234, 33, 20, 1, 0, 246, 0, 0, 6, 1, 0, 72, 6, 218]
1542736897171;[171, 0, 17, 255, 161, 74, 234, 33, 20, 1, 0, 246, 0, 0, 6, 1, 0, 72, 6, 218]
1542736897173;[171, 0, 17, 255, 161, 74, 234, 33, 21, 1, 0, 243, 0, 0, 6, 1, 0, 71, 6, 241]
1542736897174;[171, 0, 17, 255, 161, 74, 234, 33, 21, 1, 0, 243, 0, 0, 6, 1, 0, 71, 6, 241]
1542736897329;[171, 0, 17, 255, 161, 74, 234, 33, 21, 1, 0, 246, 0, 0, 2, 1, 0, 72, 6, 228]
1542736897331;[171, 0, 17, 255, 161, 74, 234, 33, 21, 1, 0, 246, 0, 0, 2, 1, 0, 72, 6, 228]
1542736897850;[171, 0, 17, 255, 161, 74, 234, 33, 21, 1, 0, 244, 1, 0, 10, 1, 0, 63, 7, 59]
1542736897851;[171, 0, 17, 255, 161, 74, 234, 33, 21, 1, 0, 244, 1, 0, 10, 1, 0, 63, 7, 59]
1542736897857;[171, 0, 17, 255, 161, 74, 234, 33, 21, 1, 0, 247, 1, 0, 6, 1, 0, 67, 7, 174]
1542736897859;[171, 0, 17, 255, 161, 74, 234, 33, 21, 1, 0, 247, 1, 0, 6, 1, 0, 67, 7, 174]
1542736897863;[171, 0, 17, 255, 161, 74, 234, 33, 21, 1, 0, 247, 1, 0, 45, 1, 0, 61, 7, 89]
1542736897865;[171, 0, 17, 255, 161, 74, 234, 33, 21, 1, 0, 247, 1, 0, 45, 1, 0, 61, 7, 89]
1542736897872;[171, 0, 4, 255, 132, 128, 100]
1542736897874;[171, 0, 4, 255, 132, 128, 100]
1542736898016;[171, 0, 17, 255, 161, 74, 234, 33, 21, 1, 1, 0, 1, 0, 16, 1, 0, 34, 6, 91]
1542736898017;[171, 0, 17, 255, 161, 74, 234, 33, 21, 1, 1, 0, 1, 0, 16, 1, 0, 34, 6, 91]
1542736898020;[171, 0, 17, 255, 161, 74, 234, 33, 21, 1, 0, 236, 1, 0, 47, 0, 0, 86, 5, 171]
1542736898022;[171, 0, 17, 255, 161, 74, 234, 33, 21, 1, 0, 236, 1, 0, 47, 0, 0, 86, 5, 171]
1542736898025;[171, 0, 17, 255, 161, 74, 234, 33, 21, 1, 0, 232, 1, 0, 73, 0, 0, 66, 5, 77]
1542736898033;[171, 0, 17, 255, 161, 74, 234, 33, 21, 1, 0, 232, 1, 0, 73, 0, 0, 66, 5, 77]
1542736898539;[171, 0, 17, 255, 161, 74, 234, 33, 21, 1, 0, 193, 1, 0, 42, 0, 0, 157, 5, 96]
1542736898541;[171, 0, 17, 255, 161, 74, 234, 33, 21, 1, 0, 193, 1, 0, 42, 0, 0, 157, 5, 96]
1542736898544;[171, 0, 17, 255, 161, 74, 234, 33, 21, 1, 0, 201, 1, 0, 70, 0, 0, 165, 5, 125]
1542736898545;[171, 0, 17, 255, 161, 74, 234, 33, 21, 1, 0, 201, 1, 0, 70, 0, 0, 165, 5, 125]
1542736898548;[171, 0, 17, 255, 161, 74, 234, 33, 22, 1, 0, 173, 1, 0, 73, 0, 0, 154, 5, 23]
1542736898549;[171, 0, 17, 255, 161, 74, 234, 33, 22, 1, 0, 173, 1, 0, 73, 0, 0, 154, 5, 23]
1542736898552;[171, 0, 17, 255, 161, 74, 234, 33, 22, 1, 0, 197, 1, 0, 96, 0, 0, 140, 4, 186]
1542736898554;[171, 0, 17, 255, 161, 74, 234, 33, 22, 1, 0, 197, 1, 0, 96, 0, 0, 140, 4, 186]
1542736898709;[171, 0, 17, 255, 161, 74, 234, 33, 22, 1, 0, 189, 1, 0, 75, 0, 0, 170, 4, 170]
1542736898711;[171, 0, 17, 255, 161, 74, 234, 33, 22, 1, 0, 189, 1, 0, 75, 0, 0, 170, 4, 170]
1542736898713;[171, 0, 17, 255, 161, 74, 234, 33, 22, 1, 0, 169, 1, 0, 69, 0, 0, 166, 4, 149]
1542736898714;[171, 0, 17, 255, 161, 74, 234, 33, 22, 1, 0, 169, 1, 0, 69, 0, 0, 166, 4, 149]
1542736899054;[171, 0, 17, 255, 161, 74, 234, 33, 24, 1, 0, 213, 1, 0, 67, 0, 0, 137, 2, 58]
1542736899056;[171, 0, 17, 255, 161, 74, 234, 33, 24, 1, 0, 213, 1, 0, 67, 0, 0, 137, 2, 58]
1542736899059;[171, 0, 17, 255, 161, 74, 234, 33, 24, 1, 0, 216, 1, 0, 63, 0, 0, 138, 2, 23]
1542736899061;[171, 0, 17, 255, 161, 74, 234, 33, 24, 1, 0, 216, 1, 0, 63, 0, 0, 138, 2, 23]
1542736899399;[171, 0, 17, 255, 161, 74, 234, 33, 24, 1, 0, 218, 1, 0, 63, 0, 0, 133, 2, 2]
1542736899401;[171, 0, 17, 255, 161, 74, 234, 33, 24, 1, 0, 218, 1, 0, 63, 0, 0, 133, 2, 2]
1542736899747;[171, 0, 17, 255, 161, 74, 234, 33, 24, 1, 0, 215, 1, 0, 64, 0, 0, 131, 1, 232]
1542736899749;[171, 0, 17, 255, 161, 74, 234, 33, 24, 1, 0, 215, 1, 0, 64, 0, 0, 131, 1, 232]
1542736899751;[171, 0, 17, 255, 161, 74, 234, 33, 24, 1, 0, 216, 1, 0, 67, 0, 0, 132, 1, 222]
1542736899753;[171, 0, 17, 255, 161, 74, 234, 33, 24, 1, 0, 216, 1, 0, 67, 0, 0, 132, 1, 222]
1542736899756;[171, 0, 17, 255, 161, 74, 234, 33, 25, 1, 0, 217, 1, 0, 66, 0, 0, 134, 1, 238]
1542736899758;[171, 0, 17, 255, 161, 74, 234, 33, 25, 1, 0, 217, 1, 0, 66, 0, 0, 134, 1, 238]
1542736899760;[171, 0, 17, 255, 161, 74, 234, 33, 25, 1, 0, 218, 1, 0, 68, 0, 0, 130, 2, 10]
1542736899762;[171, 0, 17, 255, 161, 74, 234, 33, 25, 1, 0, 218, 1, 0, 68, 0, 0, 130, 2, 10]
1542736899919;[171, 0, 17, 255, 161, 74, 234, 33, 25, 1, 0, 212, 1, 0, 70, 0, 0, 133, 2, 11]
1542736899921;[171, 0, 17, 255, 161, 74, 234, 33, 25, 1, 0, 212, 1, 0, 70, 0, 0, 133, 2, 11]
1542736899924;[171, 0, 17, 255, 161, 74, 234, 33, 25, 1, 0, 212, 1, 0, 70, 0, 0, 134, 2, 11]
1542736899926;[171, 0, 17, 255, 161, 74, 234, 33, 25, 1, 0, 212, 1, 0, 70, 0, 0, 134, 2, 11]
1542736899928;[171, 0, 17, 255, 161, 74, 234, 33, 25, 1, 0, 209, 1, 0, 71, 0, 0, 132, 1, 253]
1542736899930;[171, 0, 17, 255, 161, 74, 234, 33, 25, 1, 0, 209, 1, 0, 71, 0, 0, 132, 1, 253]
1542736899932;[171, 0, 4, 255, 132, 128, 100]
1542736899934;[171, 0, 4, 255, 132, 128, 100]
1542736900263;[171, 0, 17, 255, 161, 74, 234, 33, 25, 1, 0, 213, 1, 0, 70, 0, 0, 137, 1, 245]
1542736900265;[171, 0, 17, 255, 161, 74, 234, 33, 25, 1, 0, 213, 1, 0, 70, 0, 0, 137, 1, 245]
1542736900268;[171, 0, 17, 255, 161, 74, 234, 33, 25, 1, 0, 213, 1, 0, 68, 0, 0, 140, 2, 10]
1542736900270;[171, 0, 17, 255, 161, 74, 234, 33, 25, 1, 0, 213, 1, 0, 68, 0, 0, 140, 2, 10]
1542736900272;[171, 0, 17, 255, 161, 74, 234, 33, 25, 1, 0, 209, 1, 0, 68, 0, 0, 145, 1, 225]
1542736900274;[171, 0, 17, 255, 161, 74, 234, 33, 25, 1, 0, 209, 1, 0, 68, 0, 0, 145, 1, 225]
1542736901126;[171, 0, 17, 255, 161, 74, 234, 33, 25, 1, 0, 211, 1, 0, 65, 0, 0, 144, 1, 158]
1542736901128;[171, 0, 17, 255, 161, 74, 234, 33, 25, 1, 0, 211, 1, 0, 65, 0, 0, 144, 1, 158]
1542736901132;[171, 0, 17, 255, 161, 74, 234, 33, 25, 1, 0, 213, 1, 0, 65, 0, 0, 139, 1, 119]
1542736901134;[171, 0, 17, 255, 161, 74, 234, 33, 25, 1, 0, 213, 1, 0, 65, 0, 0, 139, 1, 119]
1542736901136;[171, 0, 17, 255, 161, 74, 234, 33, 26, 1, 0, 209, 1, 0, 67, 0, 0, 137, 1, 88]
1542736901138;[171, 0, 17, 255, 161, 74, 234, 33, 26, 1, 0, 209, 1, 0, 67, 0, 0, 137, 1, 88]
1542736901140;[171, 0, 17, 255, 161, 74, 234, 33, 26, 1, 0, 212, 1, 0, 65, 0, 0, 142, 1, 20]
1542736901142;[171, 0, 17, 255, 161, 74, 234, 33, 26, 1, 0, 212, 1, 0, 65, 0, 0, 142, 1, 20]
1542736901297;[171, 0, 17, 255, 161, 74, 234, 33, 26, 1, 0, 210, 1, 0, 64, 0, 0, 142, 0, 246]
1542736901298;[171, 0, 17, 255, 161, 74, 234, 33, 26, 1, 0, 210, 1, 0, 64, 0, 0, 142, 0, 246]
1542736901471;[171, 0, 17, 255, 161, 74, 234, 33, 26, 1, 0, 211, 1, 0, 61, 0, 0, 141, 0, 208]
1542736901473;[171, 0, 17, 255, 161, 74, 234, 33, 26, 1, 0, 211, 1, 0, 61, 0, 0, 141, 0, 208]
1542736901475;[171, 0, 17, 255, 161, 74, 234, 33, 26, 1, 0, 213, 1, 0, 61, 0, 0, 143, 16, 144]
1542736901477;[171, 0, 17, 255, 161, 74, 234, 33, 26, 1, 0, 213, 1, 0, 61, 0, 0, 143, 16, 144]
1542736901479;[171, 0, 4, 255, 132, 128, 99]
1542736901481;[171, 0, 4, 255, 132, 128, 99]
1542736901485;[171, 0, 17, 255, 161, 74, 234, 33, 26, 1, 0, 208, 1, 0, 64, 0, 0, 142, 7, 156]
1542736901486;[171, 0, 17, 255, 161, 74, 234, 33, 26, 1, 0, 208, 1, 0, 64, 0, 0, 142, 7, 156]
1542736901988;[171, 0, 17, 255, 161, 74, 234, 33, 26, 1, 0, 198, 1, 0, 53, 0, 0, 167, 7, 106]
1542736901990;[171, 0, 17, 255, 161, 74, 234, 33, 26, 1, 0, 198, 1, 0, 53, 0, 0, 167, 7, 106]
1542736901997;[171, 0, 17, 255, 161, 74, 234, 33, 26, 1, 0, 154, 1, 0, 64, 0, 0, 187, 7, 171]
1542736901999;[171, 0, 17, 255, 161, 74, 234, 33, 26, 1, 0, 154, 1, 0, 64, 0, 0, 187, 7, 171]
1542736902001;[171, 0, 17, 255, 161, 74, 234, 33, 26, 1, 0, 101, 1, 0, 86, 0, 0, 241, 9, 32]
1542736902002;[171, 0, 17, 255, 161, 74, 234, 33, 26, 1, 0, 101, 1, 0, 86, 0, 0, 241, 9, 32]
1542736902335;[171, 0, 17, 255, 161, 74, 234, 33, 26, 1, 0, 45, 1, 0, 28, 0, 0, 217, 10, 59]
1542736902337;[171, 0, 17, 255, 161, 74, 234, 33, 26, 1, 0, 45, 1, 0, 28, 0, 0, 217, 10, 59]
1542736902340;[171, 0, 17, 255, 161, 74, 234, 33, 27, 1, 0, 73, 1, 0, 30, 0, 1, 19, 10, 252]
1542736902342;[171, 0, 17, 255, 161, 74, 234, 33, 27, 1, 0, 73, 1, 0, 30, 0, 1, 19, 10, 252]
1542736902345;[171, 0, 17, 255, 161, 74, 234, 33, 27, 1, 1, 3, 0, 0, 113, 0, 1, 5, 12, 67]
1542736902346;[171, 0, 17, 255, 161, 74, 234, 33, 27, 1, 1, 3, 0, 0, 113, 0, 1, 5, 12, 67]
1542736902349;[171, 0, 17, 255, 161, 74, 234, 33, 27, 1, 0, 60, 1, 0, 98, 0, 0, 253, 12, 148]
1542736902351;[171, 0, 17, 255, 161, 74, 234, 33, 27, 1, 0, 60, 1, 0, 98, 0, 0, 253, 12, 148]
1542736902505;[171, 0, 17, 255, 161, 74, 234, 33, 27, 1, 0, 98, 1, 0, 140, 0, 1, 7, 13, 38]
1542736902507;[171, 0, 17, 255, 161, 74, 234, 33, 27, 1, 0, 98, 1, 0, 140, 0, 1, 7, 13, 38]
1542736902510;[171, 0, 17, 255, 161, 74, 234, 33, 27, 1, 0, 54, 1, 0, 165, 0, 0, 219, 13, 222]
1542736902512;[171, 0, 17, 255, 161, 74, 234, 33, 27, 1, 0, 54, 1, 0, 165, 0, 0, 219, 13, 222]
1542736902537;[171, 0, 4, 255, 132, 128, 99]
1542736902538;[171, 0, 4, 255, 132, 128, 99]
1542736902540;[171, 0, 17, 255, 161, 74, 234, 33, 27, 1, 0, 107, 1, 0, 134, 0, 0, 217, 14, 182]
1542736902542;[171, 0, 17, 255, 161, 74, 234, 33, 27, 1, 0, 107, 1, 0, 134, 0, 0, 217, 14, 182]
1542736902678;[171, 0, 17, 255, 161, 74, 234, 33, 27, 1, 0, 68, 1, 0, 105, 0, 0, 156, 14, 249]
1542736902679;[171, 0, 17, 255, 161, 74, 234, 33, 27, 1, 0, 68, 1, 0, 105, 0, 0, 156, 14, 249]
1542736902682;[171, 0, 17, 255, 161, 74, 234, 33, 27, 1, 0, 155, 1, 0, 47, 0, 0, 195, 14, 237]
1542736902684;[171, 0, 17, 255, 161, 74, 234, 33, 27, 1, 0, 155, 1, 0, 47, 0, 0, 195, 14, 237]
1542736902686;[171, 0, 17, 255, 161, 74, 234, 33, 27, 1, 1, 92, 1, 0, 141, 0, 0, 94, 15, 19]
1542736902688;[171, 0, 17, 255, 161, 74, 234, 33, 27, 1, 1, 92, 1, 0, 141, 0, 0, 94, 15, 19]
1542736902849;[171, 0, 17, 255, 161, 74, 234, 33, 27, 1, 0, 56, 1, 0, 199, 0, 0, 26, 31, 96]
1542736902851;[171, 0, 17, 255, 161, 74, 234, 33, 27, 1, 0, 56, 1, 0, 199, 0, 0, 26, 31, 96]
1542736903022;[171, 0, 17, 255, 161, 74, 234, 33, 28, 1, 0, 182, 1, 0, 165, 0, 0, 59, 7, 234]
1542736903025;[171, 0, 17, 255, 161, 74, 234, 33, 28, 1, 0, 182, 1, 0, 165, 0, 0, 59, 7, 234]
1542736903027;[171, 0, 17, 255, 161, 74, 234, 33, 28, 1, 0, 87, 1, 0, 177, 0, 0, 153, 8, 112]
1542736903029;[171, 0, 17, 255, 161, 74, 234, 33, 28, 1, 0, 87, 1, 0, 177, 0, 0, 153, 8, 112]
1542736903195;[171, 0, 17, 255, 161, 74, 234, 33, 28, 1, 0, 66, 1, 1, 64, 0, 0, 108, 8, 170]
1542736903197;[171, 0, 17, 255, 161, 74, 234, 33, 28, 1, 0, 66, 1, 1, 64, 0, 0, 108, 8, 170]
1542736903199;[171, 0, 17, 255, 161, 74, 234, 33, 28, 1, 0, 137, 1, 0, 166, 0, 0, 98, 8, 165]
1542736903201;[171, 0, 17, 255, 161, 74, 234, 33, 28, 1, 0, 137, 1, 0, 166, 0, 0, 98, 8, 165]
1542736903540;[171, 0, 17, 255, 161, 74, 234, 33, 28, 1, 0, 48, 1, 0, 210, 0, 0, 54, 8, 238]
1542736903542;[171, 0, 17, 255, 161, 74, 234, 33, 28, 1, 0, 48, 1, 0, 210, 0, 0, 54, 8, 238]
1542736903545;[171, 0, 4, 255, 132, 128, 99]
1542736903547;[171, 0, 4, 255, 132, 128, 99]
1542736903549;[171, 0, 17, 255, 161, 74, 234, 33, 28, 1, 0, 138, 1, 1, 41, 0, 0, 58, 8, 169]
1542736903551;[171, 0, 17, 255, 161, 74, 234, 33, 28, 1, 0, 138, 1, 1, 41, 0, 0, 58, 8, 169]
1542736903714;[171, 0, 17, 255, 161, 74, 234, 33, 28, 1, 0, 98, 1, 0, 207, 0, 0, 70, 8, 192]
1542736903716;[171, 0, 17, 255, 161, 74, 234, 33, 28, 1, 0, 98, 1, 0, 207, 0, 0, 70, 8, 192]
1542736903720;[171, 0, 17, 255, 161, 74, 234, 33, 28, 1, 0, 90, 1, 0, 230, 0, 0, 66, 9, 35]
1542736903722;[171, 0, 17, 255, 161, 74, 234, 33, 28, 1, 0, 90, 1, 0, 230, 0, 0, 66, 9, 35]
1542736903885;[171, 0, 17, 255, 161, 74, 234, 33, 28, 1, 0, 86, 1, 0, 219, 0, 0, 50, 9, 65]
1542736903887;[171, 0, 17, 255, 161, 74, 234, 33, 28, 1, 0, 86, 1, 0, 219, 0, 0, 50, 9, 65]
1542736903890;[171, 0, 17, 255, 161, 74, 234, 33, 28, 1, 0, 99, 1, 0, 224, 0, 0, 59, 9, 50]
1542736903891;[171, 0, 17, 255, 161, 74, 234, 33, 28, 1, 0, 99, 1, 0, 224, 0, 0, 59, 9, 50]
1542736904057;[171, 0, 17, 255, 161, 74, 234, 33, 29, 1, 0, 104, 1, 0, 218, 0, 0, 58, 9, 3]
1542736904059;[171, 0, 17, 255, 161, 74, 234, 33, 29, 1, 0, 104, 1, 0, 218, 0, 0, 58, 9, 3]
1542736904062;[171, 0, 17, 255, 161, 74, 234, 33, 29, 1, 0, 111, 1, 0, 216, 0, 0, 66, 8, 198]
1542736904063;[171, 0, 17, 255, 161, 74, 234, 33, 29, 1, 0, 111, 1, 0, 216, 0, 0, 66, 8, 198]
1542736904229;[171, 0, 17, 255, 161, 74, 234, 33, 29, 1, 0, 110, 1, 0, 221, 0, 0, 70, 8, 206]
1542736904230;[171, 0, 17, 255, 161, 74, 234, 33, 29, 1, 0, 110, 1, 0, 221, 0, 0, 70, 8, 206]
1542736904402;[171, 0, 17, 255, 161, 74, 234, 33, 29, 1, 0, 106, 1, 0, 213, 0, 0, 65, 8, 253]
1542736904404;[171, 0, 17, 255, 161, 74, 234, 33, 29, 1, 0, 106, 1, 0, 213, 0, 0, 65, 8, 253]
1542736904406;[171, 0, 17, 255, 161, 74, 234, 33, 29, 1, 0, 107, 1, 0, 216, 0, 0, 66, 9, 1]
1542736904407;[171, 0, 17, 255, 161, 74, 234, 33, 29, 1, 0, 107, 1, 0, 216, 0, 0, 66, 9, 1]
1542736904575;[171, 0, 4, 255, 132, 128, 99]
1542736904578;[171, 0, 4, 255, 132, 128, 99]
1542736904580;[171, 0, 17, 255, 161, 74, 234, 33, 29, 1, 0, 111, 1, 0, 213, 0, 0, 70, 8, 235]
1542736904581;[171, 0, 17, 255, 161, 74, 234, 33, 29, 1, 0, 111, 1, 0, 213, 0, 0, 70, 8, 235]
1542736904920;[171, 0, 17, 255, 161, 74, 234, 33, 29, 1, 0, 114, 1, 0, 214, 0, 0, 73, 8, 215]
1542736904922;[171, 0, 17, 255, 161, 74, 234, 33, 29, 1, 0, 114, 1, 0, 214, 0, 0, 73, 8, 215]
1542736904926;[171, 0, 17, 255, 161, 74, 234, 33, 29, 1, 0, 118, 1, 0, 212, 0, 0, 79, 8, 176]
1542736904927;[171, 0, 17, 255, 161, 74, 234, 33, 29, 1, 0, 118, 1, 0, 212, 0, 0, 79, 8, 176]
1542736904929;[171, 0, 17, 255, 161, 74, 234, 33, 29, 1, 0, 118, 1, 0, 210, 0, 0, 81, 8, 202]
1542736904931;[171, 0, 17, 255, 161, 74, 234, 33, 29, 1, 0, 118, 1, 0, 210, 0, 0, 81, 8, 202]
1542736905267;[171, 0, 17, 255, 161, 74, 234, 33, 29, 1, 0, 115, 1, 0, 210, 0, 0, 76, 9, 23]
1542736905269;[171, 0, 17, 255, 161, 74, 234, 33, 29, 1, 0, 115, 1, 0, 210, 0, 0, 76, 9, 23]
1542736905272;[171, 0, 17, 255, 161, 74, 234, 33, 30, 1, 0, 116, 1, 0, 210, 0, 0, 79, 9, 16]
1542736905274;[171, 0, 17, 255, 161, 74, 234, 33, 30, 1, 0, 116, 1, 0, 210, 0, 0, 79, 9, 16]
1542736905276;[171, 0, 17, 255, 161, 74, 234, 33, 30, 1, 0, 116, 1, 0, 211, 0, 0, 80, 8, 231]
1542736905278;[171, 0, 17, 255, 161, 74, 234, 33, 30, 1, 0, 116, 1, 0, 211, 0, 0, 80, 8, 231]
1542736905281;[171, 0, 17, 255, 161, 74, 234, 33, 30, 1, 0, 116, 1, 0, 209, 0, 0, 81, 8, 184]
1542736905282;[171, 0, 17, 255, 161, 74, 234, 33, 30, 1, 0, 116, 1, 0, 209, 0, 0, 81, 8, 184]
1542736905437;[171, 0, 17, 255, 161, 74, 234, 33, 30, 1, 0, 114, 1, 0, 208, 0, 0, 81, 8, 124]
1542736905438;[171, 0, 17, 255, 161, 74, 234, 33, 30, 1, 0, 114, 1, 0, 208, 0, 0, 81, 8, 124]
1542736905610;[171, 0, 17, 255, 161, 74, 234, 33, 30, 1, 0, 116, 1, 0, 208, 0, 0, 83, 8, 91]
1542736905611;[171, 0, 17, 255, 161, 74, 234, 33, 30, 1, 0, 116, 1, 0, 208, 0, 0, 83, 8, 91]
1542736905614;[171, 0, 4, 255, 132, 128, 98]
1542736905616;[171, 0, 4, 255, 132, 128, 98]
1542736905782;[171, 0, 17, 255, 161, 74, 234, 33, 30, 1, 0, 114, 1, 0, 209, 0, 0, 81, 8, 136]
1542736905784;[171, 0, 17, 255, 161, 74, 234, 33, 30, 1, 0, 114, 1, 0, 209, 0, 0, 81, 8, 136]
1542736905786;[171, 0, 17, 255, 161, 74, 234, 33, 30, 1, 0, 117, 1, 0, 206, 0, 0, 81, 8, 130]
1542736905788;[171, 0, 17, 255, 161, 74, 234, 33, 30, 1, 0, 117, 1, 0, 206, 0, 0, 81, 8, 130]
1542736906127;[171, 0, 17, 255, 161, 74, 234, 33, 30, 1, 0, 115, 1, 0, 208, 0, 0, 82, 8, 95]
1542736906130;[171, 0, 17, 255, 161, 74, 234, 33, 30, 1, 0, 115, 1, 0, 208, 0, 0, 82, 8, 95]
1542736906132;[171, 0, 17, 255, 161, 74, 234, 33, 30, 1, 0, 117, 1, 0, 210, 0, 0, 83, 8, 41]
1542736906134;[171, 0, 17, 255, 161, 74, 234, 33, 30, 1, 0, 117, 1, 0, 210, 0, 0, 83, 8, 41]
1542736906136;[171, 0, 17, 255, 161, 74, 234, 33, 30, 1, 0, 116, 1, 0, 208, 0, 0, 82, 7, 247]
1542736906138;[171, 0, 17, 255, 161, 74, 234, 33, 30, 1, 0, 116, 1, 0, 208, 0, 0, 82, 7, 247]
1542736906299;[171, 0, 17, 255, 161, 74, 234, 33, 31, 1, 0, 118, 1, 0, 208, 0, 0, 83, 7, 194]
1542736906303;[171, 0, 17, 255, 161, 74, 234, 33, 31, 1, 0, 118, 1, 0, 208, 0, 0, 83, 7, 194]
1542736906305;[171, 0, 17, 255, 161, 74, 234, 33, 31, 1, 0, 117, 1, 0, 210, 0, 0, 85, 7, 215]
1542736906307;[171, 0, 17, 255, 161, 74, 234, 33, 31, 1, 0, 117, 1, 0, 210, 0, 0, 85, 7, 215]
1542736906472;[171, 0, 17, 255, 161, 74, 234, 33, 31, 1, 0, 116, 1, 0, 207, 0, 0, 84, 7, 209]
1542736906474;[171, 0, 17, 255, 161, 74, 234, 33, 31, 1, 0, 116, 1, 0, 207, 0, 0, 84, 7, 209]
1542736906477;[171, 0, 17, 255, 161, 74, 234, 33, 31, 1, 0, 116, 1, 0, 209, 0, 0, 84, 7, 154]
1542736906478;[171, 0, 17, 255, 161, 74, 234, 33, 31, 1, 0, 116, 1, 0, 209, 0, 0, 84, 7, 154]
1542736906645;[171, 0, 17, 255, 161, 74, 234, 33, 31, 1, 0, 118, 1, 0, 207, 0, 0, 83, 7, 115]
1542736906646;[171, 0, 17, 255, 161, 74, 234, 33, 31, 1, 0, 118, 1, 0, 207, 0, 0, 83, 7, 115]
1542736906816;[171, 0, 4, 255, 132, 128, 98]
1542736906819;[171, 0, 4, 255, 132, 128, 98]
1542736906821;[171, 0, 17, 255, 161, 74, 234, 33, 31, 1, 0, 115, 1, 0, 206, 0, 0, 83, 7, 55]
1542736906823;[171, 0, 17, 255, 161, 74, 234, 33, 31, 1, 0, 115, 1, 0, 206, 0, 0, 83, 7, 55]
1542736906990;[171, 0, 17, 255, 161, 74, 234, 33, 31, 1, 0, 115, 1, 0, 207, 0, 0, 84, 7, 12]
1542736906992;[171, 0, 17, 255, 161, 74, 234, 33, 31, 1, 0, 115, 1, 0, 207, 0, 0, 84, 7, 12]
1542736906994;[171, 0, 17, 255, 161, 74, 234, 33, 31, 1, 0, 115, 1, 0, 206, 0, 0, 85, 7, 42]
1542736906996;[171, 0, 17, 255, 161, 74, 234, 33, 31, 1, 0, 115, 1, 0, 206, 0, 0, 85, 7, 42]
1542736907509;[171, 0, 17, 255, 161, 74, 234, 33, 31, 1, 0, 113, 1, 0, 208, 0, 0, 84, 7, 48]
1542736907511;[171, 0, 17, 255, 161, 74, 234, 33, 31, 1, 0, 113, 1, 0, 208, 0, 0, 84, 7, 48]
1542736907513;[171, 0, 17, 255, 161, 74, 234, 33, 31, 1, 0, 113, 1, 0, 208, 0, 0, 84, 7, 23]
1542736907515;[171, 0, 17, 255, 161, 74, 234, 33, 31, 1, 0, 113, 1, 0, 208, 0, 0, 84, 7, 23]
1542736907517;[171, 0, 17, 255, 161, 74, 234, 33, 32, 1, 0, 113, 1, 0, 209, 0, 0, 83, 6, 227]
1542736907519;[171, 0, 17, 255, 161, 74, 234, 33, 32, 1, 0, 113, 1, 0, 209, 0, 0, 83, 6, 227]
1542736907523;[171, 0, 17, 255, 161, 74, 234, 33, 32, 1, 0, 115, 1, 0, 209, 0, 0, 83, 6, 203]
1542736907524;[171, 0, 17, 255, 161, 74, 234, 33, 32, 1, 0, 115, 1, 0, 209, 0, 0, 83, 6, 203]
1542736907682;[171, 0, 17, 255, 161, 74, 234, 33, 32, 1, 0, 118, 1, 0, 208, 0, 0, 84, 6, 147]
1542736907685;[171, 0, 17, 255, 161, 74, 234, 33, 32, 1, 0, 118, 1, 0, 208, 0, 0, 84, 6, 147]
1542736907686;[171, 0, 17, 255, 161, 74, 234, 33, 32, 1, 0, 117, 1, 0, 209, 0, 0, 86, 6, 162]
1542736907688;[171, 0, 17, 255, 161, 74, 234, 33, 32, 1, 0, 117, 1, 0, 209, 0, 0, 86, 6, 162]
1542736907691;[171, 0, 17, 255, 161, 74, 234, 33, 32, 1, 0, 115, 1, 0, 206, 0, 0, 85, 6, 173]
1542736907693;[171, 0, 17, 255, 161, 74, 234, 33, 32, 1, 0, 115, 1, 0, 206, 0, 0, 85, 6, 173]
1542736907851;[171, 0, 4, 255, 132, 128, 97]
1542736907854;[171, 0, 4, 255, 132, 128, 97]
1542736908025;[171, 0, 17, 255, 161, 74, 234, 33, 32, 1, 0, 116, 1, 0, 206, 0, 0, 83, 6, 140]
1542736908027;[171, 0, 17, 255, 161, 74, 234, 33, 32, 1, 0, 116, 1, 0, 206, 0, 0, 83, 6, 140]
1542736908029;[171, 0, 17, 255, 161, 74, 234, 33, 32, 1, 0, 114, 1, 0, 209, 0, 0, 84, 6, 95]
1542736908031;[171, 0, 17, 255, 161, 74, 234, 33, 32, 1, 0, 114, 1, 0, 209, 0, 0, 84, 6, 95]
1542736908198;[171, 0, 17, 255, 161, 74, 234, 33, 32, 1, 0, 115, 1, 0, 205, 0, 0, 84, 6, 48]
1542736908200;[171, 0, 17, 255, 161, 74, 234, 33, 32, 1, 0, 115, 1, 0, 205, 0, 0, 84, 6, 48]
1542736908203;[171, 0, 17, 255, 161, 74, 234, 33, 32, 1, 0, 116, 1, 0, 205, 0, 0, 86, 5, 246]
1542736908205;[171, 0, 17, 255, 161, 74, 234, 33, 32, 1, 0, 116, 1, 0, 205, 0, 0, 86, 5, 246]
1542736908369;[171, 0, 17, 255, 161, 74, 234, 33, 32, 1, 0, 118, 1, 0, 208, 0, 0, 86, 5, 248]
1542736908370;[171, 0, 17, 255, 161, 74, 234, 33, 32, 1, 0, 118, 1, 0, 208, 0, 0, 86, 5, 248]
1542736908718;[171, 0, 17, 255, 161, 74, 234, 33, 33, 1, 0, 114, 1, 0, 207, 0, 0, 84, 5, 255]
1542736908719;[171, 0, 17, 255, 161, 74, 234, 33, 33, 1, 0, 114, 1, 0, 207, 0, 0, 84, 5, 255]
1542736908721;[171, 0, 17, 255, 161, 74, 234, 33, 33, 1, 0, 118, 1, 0, 206, 0, 0, 85, 5, 235]
1542736908723;[171, 0, 17, 255, 161, 74, 234, 33, 33, 1, 0, 118, 1, 0, 206, 0, 0, 85, 5, 235]
1542736908726;[171, 0, 17, 255, 161, 74, 234, 33, 33, 1, 0, 118, 1, 0, 208, 0, 0, 85, 5, 199]
1542736908728;[171, 0, 17, 255, 161, 74, 234, 33, 33, 1, 0, 118, 1, 0, 208, 0, 0, 85, 5, 199]
1542736908730;[171, 0, 17, 255, 161, 74, 234, 33, 33, 1, 0, 117, 1, 0, 208, 0, 0, 85, 5, 164]
1542736908731;[171, 0, 17, 255, 161, 74, 234, 33, 33, 1, 0, 117, 1, 0, 208, 0, 0, 85, 5, 164]
1542736908887;[171, 0, 17, 255, 161, 74, 234, 33, 33, 1, 0, 118, 1, 0, 207, 0, 0, 86, 5, 112]
1542736908889;[171, 0, 17, 255, 161, 74, 234, 33, 33, 1, 0, 118, 1, 0, 207, 0, 0, 86, 5, 112]
1542736908891;[171, 0, 4, 255, 132, 128, 97]
1542736908893;[171, 0, 4, 255, 132, 128, 97]
1542736909060;[171, 0, 17, 255, 161, 74, 234, 33, 33, 1, 0, 118, 1, 0, 207, 0, 0, 85, 5, 60]
1542736909063;[171, 0, 17, 255, 161, 74, 234, 33, 33, 1, 0, 118, 1, 0, 207, 0, 0, 85, 5, 60]
1542736909065;[171, 0, 17, 255, 161, 74, 234, 33, 33, 1, 0, 116, 1, 0, 206, 0, 0, 86, 5, 73]
1542736909067;[171, 0, 17, 255, 161, 74, 234, 33, 33, 1, 0, 116, 1, 0, 206, 0, 0, 86, 5, 73]
1542736909232;[171, 0, 17, 255, 161, 74, 234, 33, 33, 1, 0, 117, 1, 0, 206, 0, 0, 86, 5, 93]
1542736909234;[171, 0, 17, 255, 161, 74, 234, 33, 33, 1, 0, 117, 1, 0, 206, 0, 0, 86, 5, 93]
1542736909404;[171, 0, 17, 255, 161, 74, 234, 33, 33, 1, 0, 116, 1, 0, 207, 0, 0, 85, 5, 90]
1542736909406;[171, 0, 17, 255, 161, 74, 234, 33, 33, 1, 0, 116, 1, 0, 207, 0, 0, 85, 5, 90]
1542736909408;[171, 0, 17, 255, 161, 74, 234, 33, 33, 1, 0, 115, 1, 0, 208, 0, 0, 84, 5, 67]
1542736909410;[171, 0, 17, 255, 161, 74, 234, 33, 33, 1, 0, 115, 1, 0, 208, 0, 0, 84, 5, 67]
1542736909577;[171, 0, 17, 255, 161, 74, 234, 33, 34, 1, 0, 116, 1, 0, 205, 0, 0, 85, 5, 37]
1542736909579;[171, 0, 17, 255, 161, 74, 234, 33, 34, 1, 0, 116, 1, 0, 205, 0, 0, 85, 5, 37]
1542736909582;[171, 0, 17, 255, 161, 74, 234, 33, 34, 1, 0, 116, 1, 0, 208, 0, 0, 84, 5, 7]
1542736909583;[171, 0, 17, 255, 161, 74, 234, 33, 34, 1, 0, 116, 1, 0, 208, 0, 0, 84, 5, 7]
1542736909922;[171, 0, 17, 255, 161, 74, 234, 33, 34, 1, 0, 117, 1, 0, 206, 0, 0, 86, 4, 210]
1542736909924;[171, 0, 17, 255, 161, 74, 234, 33, 34, 1, 0, 117, 1, 0, 206, 0, 0, 86, 4, 210]
1542736910096;[171, 0, 17, 255, 161, 74, 234, 33, 34, 1, 0, 116, 1, 0, 207, 0, 0, 85, 4, 200]
1542736910098;[171, 0, 17, 255, 161, 74, 234, 33, 34, 1, 0, 116, 1, 0, 207, 0, 0, 85, 4, 200]
1542736910101;[171, 0, 17, 255, 161, 74, 234, 33, 34, 1, 0, 113, 1, 0, 206, 0, 0, 84, 5, 8]
1542736910103;[171, 0, 17, 255, 161, 74, 234, 33, 34, 1, 0, 113, 1, 0, 206, 0, 0, 84, 5, 8]
1542736910105;[171, 0, 4, 255, 132, 128, 97]
1542736910107;[171, 0, 4, 255, 132, 128, 97]
1542736910109;[171, 0, 17, 255, 161, 74, 234, 33, 34, 1, 0, 115, 1, 0, 208, 0, 0, 86, 5, 25]
1542736910111;[171, 0, 17, 255, 161, 74, 234, 33, 34, 1, 0, 115, 1, 0, 208, 0, 0, 86, 5, 25]
1542736910267;[171, 0, 17, 255, 161, 74, 234, 33, 34, 1, 0, 119, 1, 0, 208, 0, 0, 84, 5, 28]
1542736910269;[171, 0, 17, 255, 161, 74, 234, 33, 34, 1, 0, 119, 1, 0, 208, 0, 0, 84, 5, 28]
1542736910272;[171, 0, 17, 255, 161, 74, 234, 33, 34, 1, 0, 116, 1, 0, 206, 0, 0, 85, 5, 30]
1542736910274;[171, 0, 17, 255, 161, 74, 234, 33, 34, 1, 0, 116, 1, 0, 206, 0, 0, 85, 5, 30]
1542736910440;[171, 0, 17, 255, 161, 74, 234, 33, 34, 1, 0, 116, 1, 0, 207, 0, 0, 86, 5, 17]
1542736910442;[171, 0, 17, 255, 161, 74, 234, 33, 34, 1, 0, 116, 1, 0, 207, 0, 0, 86, 5, 17]
1542736910612;[171, 0, 17, 255, 161, 74, 234, 33, 34, 1, 0, 116, 1, 0, 207, 0, 0, 84, 4, 253]
1542736910614;[171, 0, 17, 255, 161, 74, 234, 33, 34, 1, 0, 116, 1, 0, 207, 0, 0, 84, 4, 253]
1542736910620;[171, 0, 17, 255, 161, 74, 234, 33, 35, 1, 0, 115, 1, 0, 207, 0, 0, 87, 5, 4]
1542736910621;[171, 0, 17, 255, 161, 74, 234, 33, 35, 1, 0, 115, 1, 0, 207, 0, 0, 87, 5, 4]
1542736910784;[171, 0, 17, 255, 161, 74, 234, 33, 35, 1, 0, 117, 1, 0, 207, 0, 0, 86, 5, 74]
1542736910786;[171, 0, 17, 255, 161, 74, 234, 33, 35, 1, 0, 117, 1, 0, 207, 0, 0, 86, 5, 74]
1542736910789;[171, 0, 17, 255, 161, 74, 234, 33, 35, 1, 0, 116, 1, 0, 209, 0, 0, 85, 5, 119]
1542736910790;[171, 0, 17, 255, 161, 74, 234, 33, 35, 1, 0, 116, 1, 0, 209, 0, 0, 85, 5, 119]
1542736910957;[171, 0, 17, 255, 161, 74, 234, 33, 35, 1, 0, 116, 1, 0, 206, 0, 0, 86, 5, 123]
1542736910959;[171, 0, 17, 255, 161, 74, 234, 33, 35, 1, 0, 116, 1, 0, 206, 0, 0, 86, 5, 123]
1542736910961;[171, 0, 17, 255, 161, 74, 234, 33, 35, 1, 0, 117, 1, 0, 207, 0, 0, 87, 5, 133]
1542736910963;[171, 0, 17, 255, 161, 74, 234, 33, 35, 1, 0, 117, 1, 0, 207, 0, 0, 87, 5, 133]
1542736911304;[171, 0, 4, 255, 132, 128, 96]
1542736911308;[171, 0, 4, 255, 132, 128, 96]
1542736911310;[171, 0, 17, 255, 161, 74, 234, 33, 35, 1, 0, 115, 1, 0, 206, 0, 0, 85, 5, 127]
1542736911312;[171, 0, 17, 255, 161, 74, 234, 33, 35, 1, 0, 115, 1, 0, 206, 0, 0, 85, 5, 127]
1542736911314;[171, 0, 17, 255, 161, 74, 234, 33, 35, 1, 0, 117, 1, 0, 206, 0, 0, 86, 5, 101]
1542736911316;[171, 0, 17, 255, 161, 74, 234, 33, 35, 1, 0, 117, 1, 0, 206, 0, 0, 86, 5, 101]
1542736911475;[171, 0, 17, 255, 161, 74, 234, 33, 35, 1, 0, 117, 1, 0, 206, 0, 0, 86, 5, 103]
1542736911477;[171, 0, 17, 255, 161, 74, 234, 33, 35, 1, 0, 117, 1, 0, 206, 0, 0, 86, 5, 103]
1542736911479;[171, 0, 17, 255, 161, 74, 234, 33, 35, 1, 0, 116, 1, 0, 206, 0, 0, 85, 5, 197]
1542736911481;[171, 0, 17, 255, 161, 74, 234, 33, 35, 1, 0, 116, 1, 0, 206, 0, 0, 85, 5, 197]
1542736911647;[171, 0, 17, 255, 161, 74, 234, 33, 35, 1, 0, 115, 1, 0, 206, 0, 0, 86, 6, 36]
1542736911649;[171, 0, 17, 255, 161, 74, 234, 33, 35, 1, 0, 115, 1, 0, 206, 0, 0, 86, 6, 36]
1542736911820;[171, 0, 17, 255, 161, 74, 234, 33, 36, 1, 0, 117, 1, 0, 204, 0, 0, 85, 6, 70]
1542736911823;[171, 0, 17, 255, 161, 74, 234, 33, 36, 1, 0, 117, 1, 0, 204, 0, 0, 85, 6, 70]
1542736911825;[171, 0, 17, 255, 161, 74, 234, 33, 36, 1, 0, 118, 1, 0, 205, 0, 0, 85, 6, 93]
1542736911827;[171, 0, 17, 255, 161, 74, 234, 33, 36, 1, 0, 118, 1, 0, 205, 0, 0, 85, 6, 93]
1542736911994;[171, 0, 17, 255, 161, 74, 234, 33, 36, 1, 0, 116, 1, 0, 205, 0, 0, 85, 6, 111]
1542736911996;[171, 0, 17, 255, 161, 74, 234, 33, 36, 1, 0, 116, 1, 0, 205, 0, 0, 85, 6, 111]
1542736911998;[171, 0, 17, 255, 161, 74, 234, 33, 36, 1, 0, 116, 1, 0, 207, 0, 0, 85, 6, 93]
1542736912000;[171, 0, 17, 255, 161, 74, 234, 33, 36, 1, 0, 116, 1, 0, 207, 0, 0, 85, 6, 93]
1542736912165;[171, 0, 17, 255, 161, 74, 234, 33, 36, 1, 0, 118, 1, 0, 206, 0, 0, 85, 6, 78]
1542736912168;[171, 0, 17, 255, 161, 74, 234, 33, 36, 1, 0, 118, 1, 0, 206, 0, 0, 85, 6, 78]
1542736912170;[171, 0, 4, 255, 132, 128, 96]
1542736912172;[171, 0, 4, 255, 132, 128, 96]
1542736912516;[171, 0, 17, 255, 161, 74, 234, 33, 36, 1, 0, 117, 1, 0, 207, 0, 0, 87, 6, 41]
1542736912518;[171, 0, 17, 255, 161, 74, 234, 33, 36, 1, 0, 117, 1, 0, 207, 0, 0, 87, 6, 41]
1542736912520;[171, 0, 17, 255, 161, 74, 234, 33, 36, 1, 0, 116, 1, 0, 208, 0, 0, 86, 6, 70]
1542736912521;[171, 0, 17, 255, 161, 74, 234, 33, 36, 1, 0, 116, 1, 0, 208, 0, 0, 86, 6, 70]
1542736912523;[171, 0, 17, 255, 161, 74, 234, 33, 36, 1, 0, 117, 1, 0, 205, 0, 0, 86, 6, 199]
1542736912525;[171, 0, 17, 255, 161, 74, 234, 33, 36, 1, 0, 117, 1, 0, 205, 0, 0, 86, 6, 199]
1542736912682;[171, 0, 17, 255, 161, 74, 234, 33, 36, 1, 0, 118, 1, 0, 207, 0, 0, 84, 7, 23]
1542736912684;[171, 0, 17, 255, 161, 74, 234, 33, 36, 1, 0, 118, 1, 0, 207, 0, 0, 84, 7, 23]
1542736912687;[171, 0, 17, 255, 161, 74, 234, 33, 36, 1, 0, 117, 1, 0, 207, 0, 0, 86, 7, 55]
1542736912689;[171, 0, 17, 255, 161, 74, 234, 33, 36, 1, 0, 117, 1, 0, 207, 0, 0, 86, 7, 55]
1542736912854;[171, 0, 17, 255, 161, 74, 234, 33, 37, 1, 0, 117, 1, 0, 207, 0, 0, 86, 7, 69]
1542736912856;[171, 0, 17, 255, 161, 74, 234, 33, 37, 1, 0, 117, 1, 0, 207, 0, 0, 86, 7, 69]
1542736913027;[171, 0, 17, 255, 161, 74, 234, 33, 37, 1, 0, 117, 1, 0, 204, 0, 0, 86, 7, 61]
1542736913029;[171, 0, 17, 255, 161, 74, 234, 33, 37, 1, 0, 117, 1, 0, 204, 0, 0, 86, 7, 61]
1542736913032;[171, 0, 17, 255, 161, 74, 234, 33, 37, 1, 0, 116, 1, 0, 208, 0, 0, 86, 7, 56]
1542736913034;[171, 0, 17, 255, 161, 74, 234, 33, 37, 1, 0, 116, 1, 0, 208, 0, 0, 86, 7, 56]
1542736913201;[171, 0, 17, 255, 161, 74, 234, 33, 37, 1, 0, 116, 1, 0, 207, 0, 0, 86, 7, 19]
1542736913203;[171, 0, 17, 255, 161, 74, 234, 33, 37, 1, 0, 116, 1, 0, 207, 0, 0, 86, 7, 19]
1542736913205;[171, 0, 17, 255, 161, 74, 234, 33, 37, 1, 0, 115, 1, 0, 205, 0, 0, 86, 6, 251]
1542736913206;[171, 0, 17, 255, 161, 74, 234, 33, 37, 1, 0, 115, 1, 0, 205, 0, 0, 86, 6, 251]
1542736913371;[171, 0, 4, 255, 132, 128, 95]
1542736913374;[171, 0, 4, 255, 132, 128, 95]
1542736913377;[171, 0, 17, 255, 161, 74, 234, 33, 37, 1, 0, 115, 1, 0, 207, 0, 0, 85, 6, 203]
1542736913378;[171, 0, 17, 255, 161, 74, 234, 33, 37, 1, 0, 115, 1, 0, 207, 0, 0, 85, 6, 203]
1542736913543;[171, 0, 17, 255, 161, 74, 234, 33, 37, 1, 0, 119, 1, 0, 204, 0, 0, 86, 6, 171]
1542736913545;[171, 0, 17, 255, 161, 74, 234, 33, 37, 1, 0, 119, 1, 0, 204, 0, 0, 86, 6, 171]
1542736913891;[171, 0, 17, 255, 161, 74, 234, 33, 37, 1, 0, 118, 1, 0, 207, 0, 0, 85, 6, 246]
1542736913893;[171, 0, 17, 255, 161, 74, 234, 33, 37, 1, 0, 118, 1, 0, 207, 0, 0, 85, 6, 246]
1542736913896;[171, 0, 17, 255, 161, 74, 234, 33, 37, 1, 0, 116, 1, 0, 203, 0, 0, 85, 7, 88]
1542736913897;[171, 0, 17, 255, 161, 74, 234, 33, 37, 1, 0, 116, 1, 0, 203, 0, 0, 85, 7, 88]
1542736913900;[171, 0, 17, 255, 161, 74, 234, 33, 37, 1, 0, 118, 1, 0, 205, 0, 0, 85, 7, 129]
1542736913903;[171, 0, 17, 255, 161, 74, 234, 33, 37, 1, 0, 118, 1, 0, 205, 0, 0, 85, 7, 129]
1542736913907;[171, 0, 17, 255, 161, 74, 234, 33, 38, 1, 0, 119, 1, 0, 203, 0, 0, 87, 7, 135]
1542736913912;[171, 0, 17, 255, 161, 74, 234, 33, 38, 1, 0, 119, 1, 0, 203, 0, 0, 87, 7, 135]
1542736914061;[171, 0, 17, 255, 161, 74, 234, 33, 38, 1, 0, 118, 1, 0, 207, 0, 0, 87, 7, 136]
1542736914062;[171, 0, 17, 255, 161, 74, 234, 33, 38, 1, 0, 118, 1, 0, 207, 0, 0, 87, 7, 136]
1542736914063;[171, 0, 17, 255, 161, 74, 234, 33, 38, 1, 0, 117, 1, 0, 206, 0, 0, 84, 7, 117]
1542736914065;[171, 0, 17, 255, 161, 74, 234, 33, 38, 1, 0, 117, 1, 0, 206, 0, 0, 84, 7, 117]
1542736914234;[171, 0, 17, 255, 161, 74, 234, 33, 38, 1, 0, 119, 1, 0, 206, 0, 0, 86, 7, 85]
1542736914236;[171, 0, 17, 255, 161, 74, 234, 33, 38, 1, 0, 119, 1, 0, 206, 0, 0, 86, 7, 85]
1542736914407;[171, 0, 17, 255, 161, 74, 234, 33, 38, 1, 0, 118, 1, 0, 207, 0, 0, 87, 7, 46]
1542736914410;[171, 0, 17, 255, 161, 74, 234, 33, 38, 1, 0, 118, 1, 0, 207, 0, 0, 87, 7, 46]
1542736914411;[171, 0, 4, 255, 132, 128, 95]
1542736914414;[171, 0, 4, 255, 132, 128, 95]
1542736914580;[171, 0, 17, 255, 161, 74, 234, 33, 38, 1, 0, 118, 1, 0, 206, 0, 0, 86, 6, 250]
1542736914582;[171, 0, 17, 255, 161, 74, 234, 33, 38, 1, 0, 118, 1, 0, 206, 0, 0, 86, 6, 250]
1542736914584;[171, 0, 17, 255, 161, 74, 234, 33, 38, 1, 0, 117, 1, 0, 206, 0, 0, 90, 6, 211]
1542736914586;[171, 0, 17, 255, 161, 74, 234, 33, 38, 1, 0, 117, 1, 0, 206, 0, 0, 90, 6, 211]
1542736914753;[171, 0, 17, 255, 161, 74, 234, 33, 38, 1, 0, 118, 1, 0, 204, 0, 0, 87, 6, 254]
1542736914754;[171, 0, 17, 255, 161, 74, 234, 33, 38, 1, 0, 118, 1, 0, 204, 0, 0, 87, 6, 254]
1542736915101;[171, 0, 17, 255, 161, 74, 234, 33, 38, 1, 0, 118, 1, 0, 204, 0, 0, 87, 7, 85]
1542736915103;[171, 0, 17, 255, 161, 74, 234, 33, 38, 1, 0, 118, 1, 0, 204, 0, 0, 87, 7, 85]
1542736915105;[171, 0, 17, 255, 161, 74, 234, 33, 38, 1, 0, 118, 1, 0, 207, 0, 0, 88, 7, 136]
1542736915107;[171, 0, 17, 255, 161, 74, 234, 33, 38, 1, 0, 118, 1, 0, 207, 0, 0, 88, 7, 136]
1542736915109;[171, 0, 17, 255, 161, 74, 234, 33, 39, 1, 0, 115, 1, 0, 205, 0, 0, 86, 7, 132]
1542736915111;[171, 0, 17, 255, 161, 74, 234, 33, 39, 1, 0, 115, 1, 0, 205, 0, 0, 86, 7, 132]
1542736915113;[171, 0, 17, 255, 161, 74, 234, 33, 39, 1, 0, 117, 1, 0, 205, 0, 0, 85, 7, 121]
1542736915115;[171, 0, 17, 255, 161, 74, 234, 33, 39, 1, 0, 117, 1, 0, 205, 0, 0, 85, 7, 121]
1542736915270;[171, 0, 17, 255, 161, 74, 234, 33, 39, 1, 0, 118, 1, 0, 205, 0, 0, 86, 7, 108]
1542736915272;[171, 0, 17, 255, 161, 74, 234, 33, 39, 1, 0, 118, 1, 0, 205, 0, 0, 86, 7, 108]
1542736915274;[171, 0, 17, 255, 161, 74, 234, 33, 39, 1, 0, 117, 1, 0, 206, 0, 0, 87, 7, 72]
1542736915276;[171, 0, 17, 255, 161, 74, 234, 33, 39, 1, 0, 117, 1, 0, 206, 0, 0, 87, 7, 72]
1542736915442;[171, 0, 17, 255, 161, 74, 234, 33, 39, 1, 0, 118, 1, 0, 204, 0, 0, 86, 7, 29]
1542736915443;[171, 0, 17, 255, 161, 74, 234, 33, 39, 1, 0, 118, 1, 0, 204, 0, 0, 86, 7, 29]
1542736915614;[171, 0, 4, 255, 132, 128, 94]
1542736915616;[171, 0, 4, 255, 132, 128, 94]
1542736915619;[171, 0, 17, 255, 161, 74, 234, 33, 39, 1, 0, 117, 1, 0, 206, 0, 0, 87, 6, 246]
1542736915621;[171, 0, 17, 255, 161, 74, 234, 33, 39, 1, 0, 117, 1, 0, 206, 0, 0, 87, 6, 246]
1542736915786;[171, 0, 17, 255, 161, 74, 234, 33, 39, 1, 0, 117, 1, 0, 206, 0, 0, 88, 7, 12]
1542736915789;[171, 0, 17, 255, 161, 74, 234, 33, 39, 1, 0, 117, 1, 0, 206, 0, 0, 88, 7, 12]
1542736915790;[171, 0, 17, 255, 161, 74, 234, 33, 39, 1, 0, 115, 1, 0, 204, 0, 0, 86, 7, 108]
1542736915792;[171, 0, 17, 255, 161, 74, 234, 33, 39, 1, 0, 115, 1, 0, 204, 0, 0, 86, 7, 108]
1542736915959;[171, 0, 17, 255, 161, 74, 234, 33, 39, 1, 0, 117, 1, 0, 206, 0, 0, 87, 7, 150]
1542736915961;[171, 0, 17, 255, 161, 74, 234, 33, 39, 1, 0, 117, 1, 0, 206, 0, 0, 87, 7, 150]
1542736915963;[171, 0, 17, 255, 161, 74, 234, 33, 39, 1, 0, 116, 1, 0, 206, 0, 0, 86, 7, 169]
1542736915964;[171, 0, 17, 255, 161, 74, 234, 33, 39, 1, 0, 116, 1, 0, 206, 0, 0, 86, 7, 169]
1542736916478;[171, 0, 17, 255, 161, 74, 234, 33, 40, 1, 0, 118, 1, 0, 206, 0, 0, 87, 7, 161]
1542736916480;[171, 0, 17, 255, 161, 74, 234, 33, 40, 1, 0, 118, 1, 0, 206, 0, 0, 87, 7, 161]
1542736916483;[171, 0, 17, 255, 161, 74, 234, 33, 40, 1, 0, 118, 1, 0, 209, 0, 0, 87, 7, 151]
1542736916485;[171, 0, 17, 255, 161, 74, 234, 33, 40, 1, 0, 118, 1, 0, 209, 0, 0, 87, 7, 151]
1542736916487;[171, 0, 17, 255, 161, 74, 234, 33, 40, 1, 0, 116, 1, 0, 206, 0, 0, 87, 7, 125]
1542736916489;[171, 0, 17, 255, 161, 74, 234, 33, 40, 1, 0, 116, 1, 0, 206, 0, 0, 87, 7, 125]
1542736916491;[171, 0, 17, 255, 161, 74, 234, 33, 40, 1, 0, 118, 1, 0, 206, 0, 0, 85, 7, 91]
1542736916493;[171, 0, 17, 255, 161, 74, 234, 33, 40, 1, 0, 118, 1, 0, 206, 0, 0, 85, 7, 91]
1542736916649;[171, 0, 17, 255, 161, 74, 234, 33, 40, 1, 0, 117, 1, 0, 205, 0, 0, 86, 7, 159]
1542736916651;[171, 0, 17, 255, 161, 74, 234, 33, 40, 1, 0, 117, 1, 0, 205, 0, 0, 86, 7, 159]
1542736916653;[171, 0, 4, 255, 132, 128, 93]
1542736916655;[171, 0, 4, 255, 132, 128, 93]
1542736916822;[171, 0, 17, 255, 161, 74, 234, 33, 40, 1, 0, 119, 1, 0, 204, 0, 0, 87, 7, 247]
1542736916824;[171, 0, 17, 255, 161, 74, 234, 33, 40, 1, 0, 119, 1, 0, 204, 0, 0, 87, 7, 247]
1542736916827;[171, 0, 17, 255, 161, 74, 234, 33, 40, 1, 0, 116, 1, 0, 205, 0, 0, 85, 8, 20]
1542736916829;[171, 0, 17, 255, 161, 74, 234, 33, 40, 1, 0, 116, 1, 0, 205, 0, 0, 85, 8, 20]
1542736916996;[171, 0, 17, 255, 161, 74, 234, 33, 40, 1, 0, 116, 1, 0, 204, 0, 0, 87, 8, 15]
1542736916998;[171, 0, 17, 255, 161, 74, 234, 33, 40, 1, 0, 116, 1, 0, 204, 0, 0, 87, 8, 15]
1542736917000;[171, 0, 17, 255, 161, 74, 234, 33, 40, 1, 0, 118, 1, 0, 205, 0, 0, 88, 8, 7]
1542736917002;[171, 0, 17, 255, 161, 74, 234, 33, 40, 1, 0, 118, 1, 0, 205, 0, 0, 88, 8, 7]
1542736917168;[171, 0, 17, 255, 161, 74, 234, 33, 40, 1, 0, 117, 1, 0, 205, 0, 0, 88, 7, 252]
1542736917171;[171, 0, 17, 255, 161, 74, 234, 33, 40, 1, 0, 117, 1, 0, 205, 0, 0, 88, 7, 252]
1542736917174;[171, 0, 17, 255, 161, 74, 234, 33, 41, 1, 0, 117, 1, 0, 205, 0, 0, 87, 7, 217]
1542736917176;[171, 0, 17, 255, 161, 74, 234, 33, 41, 1, 0, 117, 1, 0, 205, 0, 0, 87, 7, 217]
1542736917339;[171, 0, 17, 255, 161, 74, 234, 33, 41, 1, 0, 116, 1, 0, 206, 0, 0, 87, 8, 52]
1542736917341;[171, 0, 17, 255, 161, 74, 234, 33, 41, 1, 0, 116, 1, 0, 206, 0, 0, 87, 8, 52]
1542736917685;[171, 0, 17, 255, 161, 74, 234, 33, 41, 1, 0, 116, 1, 0, 206, 0, 0, 87, 8, 151]
1542736917687;[171, 0, 17, 255, 161, 74, 234, 33, 41, 1, 0, 116, 1, 0, 206, 0, 0, 87, 8, 151]
1542736917690;[171, 0, 17, 255, 161, 74, 234, 33, 41, 1, 0, 116, 1, 0, 205, 0, 0, 87, 8, 198]
1542736917692;[171, 0, 17, 255, 161, 74, 234, 33, 41, 1, 0, 116, 1, 0, 205, 0, 0, 87, 8, 198]
1542736917694;[171, 0, 17, 255, 161, 74, 234, 33, 41, 1, 0, 116, 1, 0, 206, 0, 0, 87, 8, 210]
1542736917696;[171, 0, 17, 255, 161, 74, 234, 33, 41, 1, 0, 116, 1, 0, 206, 0, 0, 87, 8, 210]
1542736917698;[171, 0, 4, 255, 132, 128, 92]
1542736917701;[171, 0, 4, 255, 132, 128, 92]
1542736917858;[171, 0, 17, 255, 161, 74, 234, 33, 41, 1, 0, 115, 1, 0, 205, 0, 0, 87, 8, 208]
1542736917860;[171, 0, 17, 255, 161, 74, 234, 33, 41, 1, 0, 115, 1, 0, 205, 0, 0, 87, 8, 208]
1542736917862;[171, 0, 17, 255, 161, 74, 234, 33, 41, 1, 0, 116, 1, 0, 207, 0, 0, 88, 8, 184]
1542736917864;[171, 0, 17, 255, 161, 74, 234, 33, 41, 1, 0, 116, 1, 0, 207, 0, 0, 88, 8, 184]
1542736918030;[171, 0, 17, 255, 161, 74, 234, 33, 41, 1, 0, 115, 1, 0, 204, 0, 0, 87, 8, 169]
1542736918031;[171, 0, 17, 255, 161, 74, 234, 33, 41, 1, 0, 115, 1, 0, 204, 0, 0, 87, 8, 169]
1542736918203;[171, 0, 17, 255, 161, 74, 234, 33, 41, 1, 0, 116, 1, 0, 206, 0, 0, 86, 9, 28]
1542736918205;[171, 0, 17, 255, 161, 74, 234, 33, 41, 1, 0, 116, 1, 0, 206, 0, 0, 86, 9, 28]
1542736918208;[171, 0, 17, 255, 161, 74, 234, 33, 41, 1, 0, 117, 1, 0, 205, 0, 0, 87, 9, 124]
1542736918210;[171, 0, 17, 255, 161, 74, 234, 33, 41, 1, 0, 117, 1, 0, 205, 0, 0, 87, 9, 124]
1542736918374;[171, 0, 17, 255, 161, 74, 234, 33, 42, 1, 0, 116, 1, 0, 205, 0, 0, 88, 9, 154]
1542736918376;[171, 0, 17, 255, 161, 74, 234, 33, 42, 1, 0, 116, 1, 0, 205, 0, 0, 88, 9, 154]
1542736918378;[171, 0, 17, 255, 161, 74, 234, 33, 42, 1, 0, 118, 1, 0, 205, 0, 0, 88, 9, 163]
1542736918380;[171, 0, 17, 255, 161, 74, 234, 33, 42, 1, 0, 118, 1, 0, 205, 0, 0, 88, 9, 163]
1542736918546;[171, 0, 17, 255, 161, 74, 234, 33, 42, 1, 0, 116, 1, 0, 204, 0, 0, 89, 9, 145]
1542736918548;[171, 0, 17, 255, 161, 74, 234, 33, 42, 1, 0, 116, 1, 0, 204, 0, 0, 89, 9, 145]
1542736918892;[171, 0, 17, 255, 161, 74, 234, 33, 42, 1, 0, 116, 1, 0, 208, 0, 0, 87, 9, 126]
1542736918894;[171, 0, 17, 255, 161, 74, 234, 33, 42, 1, 0, 116, 1, 0, 208, 0, 0, 87, 9, 126]
1542736918896;[171, 0, 17, 255, 161, 74, 234, 33, 44, 1, 0, 116, 1, 0, 207, 0, 0, 87, 10, 52]
1542736918898;[171, 0, 17, 255, 161, 74, 234, 33, 44, 1, 0, 116, 1, 0, 207, 0, 0, 87, 10, 52]
1542736919064;[171, 0, 17, 255, 161, 74, 234, 33, 44, 1, 0, 116, 1, 0, 206, 0, 0, 89, 10, 24]
1542736919066;[171, 0, 17, 255, 161, 74, 234, 33, 44, 1, 0, 116, 1, 0, 206, 0, 0, 89, 10, 24]
1542736919068;[171, 0, 17, 255, 161, 74, 234, 33, 44, 1, 0, 119, 1, 0, 206, 0, 0, 87, 9, 233]
1542736919070;[171, 0, 17, 255, 161, 74, 234, 33, 44, 1, 0, 119, 1, 0, 206, 0, 0, 87, 9, 233]
1542736919237;[171, 0, 17, 255, 161, 74, 234, 33, 44, 1, 0, 120, 1, 0, 206, 0, 0, 87, 9, 179]
1542736919238;[171, 0, 17, 255, 161, 74, 234, 33, 44, 1, 0, 120, 1, 0, 206, 0, 0, 87, 9, 179]
1542736919410;[171, 0, 17, 255, 161, 74, 234, 33, 44, 1, 0, 117, 1, 0, 204, 0, 0, 86, 9, 160]
1542736919411;[171, 0, 17, 255, 161, 74, 234, 33, 44, 1, 0, 117, 1, 0, 204, 0, 0, 86, 9, 160]
1542736919414;[171, 0, 17, 255, 161, 74, 234, 33, 45, 1, 0, 118, 1, 0, 204, 0, 0, 88, 10, 9]
1542736919416;[171, 0, 17, 255, 161, 74, 234, 33, 45, 1, 0, 118, 1, 0, 204, 0, 0, 88, 10, 9]
1542736919583;[171, 0, 17, 255, 161, 74, 234, 33, 45, 1, 0, 118, 1, 0, 207, 0, 0, 87, 10, 56]
1542736919584;[171, 0, 17, 255, 161, 74, 234, 33, 45, 1, 0, 118, 1, 0, 207, 0, 0, 87, 10, 56]
1542736919586;[171, 0, 17, 255, 161, 74, 234, 33, 45, 1, 0, 117, 1, 0, 205, 0, 0, 87, 10, 52]
1542736919588;[171, 0, 17, 255, 161, 74, 234, 33, 45, 1, 0, 117, 1, 0, 205, 0, 0, 87, 10, 52]
1542736919754;[171, 0, 17, 255, 161, 74, 234, 33, 45, 1, 0, 116, 1, 0, 205, 0, 0, 88, 10, 36]
1542736919755;[171, 0, 17, 255, 161, 74, 234, 33, 45, 1, 0, 116, 1, 0, 205, 0, 0, 88, 10, 36]
1542736919927;[171, 0, 17, 255, 161, 74, 234, 33, 45, 1, 0, 118, 1, 0, 206, 0, 0, 88, 10, 2]
1542736919929;[171, 0, 17, 255, 161, 74, 234, 33, 45, 1, 0, 118, 1, 0, 206, 0, 0, 88, 10, 2]
1542736919931;[171, 0, 4, 255, 132, 128, 87]
1542736919934;[171, 0, 4, 255, 132, 128, 87]
1542736920273;[171, 0, 17, 255, 161, 74, 234, 33, 45, 1, 0, 117, 1, 0, 207, 0, 0, 88, 9, 215]
1542736920275;[171, 0, 17, 255, 161, 74, 234, 33, 45, 1, 0, 117, 1, 0, 207, 0, 0, 88, 9, 215]
1542736920277;[171, 0, 17, 255, 161, 74, 234, 33, 45, 1, 0, 118, 1, 0, 205, 0, 0, 87, 9, 151]
1542736920279;[171, 0, 17, 255, 161, 74, 234, 33, 45, 1, 0, 118, 1, 0, 205, 0, 0, 87, 9, 151]
1542736920281;[171, 0, 17, 255, 161, 74, 234, 33, 45, 1, 0, 117, 1, 0, 205, 0, 0, 87, 9, 93]
1542736920283;[171, 0, 17, 255, 161, 74, 234, 33, 45, 1, 0, 117, 1, 0, 205, 0, 0, 87, 9, 93]
1542736920285;[171, 0, 17, 255, 161, 74, 234, 33, 45, 1, 0, 117, 1, 0, 205, 0, 0, 86, 9, 21]
1542736920286;[171, 0, 17, 255, 161, 74, 234, 33, 45, 1, 0, 117, 1, 0, 205, 0, 0, 86, 9, 21]
1542736920445;[171, 0, 17, 255, 161, 74, 234, 33, 45, 1, 0, 114, 1, 0, 205, 0, 0, 88, 8, 212]
1542736920446;[171, 0, 17, 255, 161, 74, 234, 33, 45, 1, 0, 114, 1, 0, 205, 0, 0, 88, 8, 212]
1542736920617;[171, 0, 17, 255, 161, 74, 234, 33, 46, 1, 0, 118, 1, 0, 207, 0, 0, 89, 8, 210]
1542736920619;[171, 0, 17, 255, 161, 74, 234, 33, 46, 1, 0, 118, 1, 0, 207, 0, 0, 89, 8, 210]
1542736920622;[171, 0, 17, 255, 161, 74, 234, 33, 46, 1, 0, 118, 1, 0, 205, 0, 0, 88, 9, 51]
1542736920624;[171, 0, 17, 255, 161, 74, 234, 33, 46, 1, 0, 118, 1, 0, 205, 0, 0, 88, 9, 51]
1542736920791;[171, 0, 17, 255, 161, 74, 234, 33, 46, 1, 0, 117, 1, 0, 205, 0, 0, 87, 9, 76]
1542736920793;[171, 0, 17, 255, 161, 74, 234, 33, 46, 1, 0, 117, 1, 0, 205, 0, 0, 87, 9, 76]
1542736920794;[171, 0, 17, 255, 161, 74, 234, 33, 46, 1, 0, 119, 1, 0, 205, 0, 0, 86, 9, 66]
1542736920796;[171, 0, 17, 255, 161, 74, 234, 33, 46, 1, 0, 119, 1, 0, 205, 0, 0, 86, 9, 66]
1542736920962;[171, 0, 17, 255, 161, 74, 234, 33, 46, 1, 0, 117, 1, 0, 205, 0, 0, 89, 9, 49]
1542736920964;[171, 0, 17, 255, 161, 74, 234, 33, 46, 1, 0, 117, 1, 0, 205, 0, 0, 89, 9, 49]
1542736920966;[171, 0, 4, 255, 132, 128, 85]
1542736920968;[171, 0, 4, 255, 132, 128, 85]
1542736921134;[171, 0, 17, 255, 161, 74, 234, 33, 46, 1, 0, 116, 1, 0, 206, 0, 0, 87, 9, 14]
1542736921136;[171, 0, 17, 255, 161, 74, 234, 33, 46, 1, 0, 116, 1, 0, 206, 0, 0, 87, 9, 14]
1542736921484;[171, 0, 17, 255, 161, 74, 234, 33, 46, 1, 0, 116, 1, 0, 206, 0, 0, 88, 8, 224]
1542736921487;[171, 0, 17, 255, 161, 74, 234, 33, 46, 1, 0, 116, 1, 0, 206, 0, 0, 88, 8, 224]
1542736921489;[171, 0, 17, 255, 161, 74, 234, 33, 46, 1, 0, 117, 1, 0, 206, 0, 0, 89, 8, 172]
1542736921491;[171, 0, 17, 255, 161, 74, 234, 33, 46, 1, 0, 117, 1, 0, 206, 0, 0, 89, 8, 172]
1542736921493;[171, 0, 17, 255, 161, 74, 234, 33, 46, 1, 0, 118, 1, 0, 206, 0, 0, 89, 8, 118]
1542736921495;[171, 0, 17, 255, 161, 74, 234, 33, 46, 1, 0, 118, 1, 0, 206, 0, 0, 89, 8, 118]
1542736921497;[171, 0, 17, 255, 161, 74, 234, 33, 46, 1, 0, 117, 1, 0, 205, 0, 0, 85, 8, 65]
1542736921499;[171, 0, 17, 255, 161, 74, 234, 33, 46, 1, 0, 117, 1, 0, 205, 0, 0, 85, 8, 65]
1542736921652;[171, 0, 17, 255, 161, 74, 234, 33, 47, 1, 0, 116, 1, 0, 204, 0, 0, 87, 8, 0]
1542736921654;[171, 0, 17, 255, 161, 74, 234, 33, 47, 1, 0, 116, 1, 0, 204, 0, 0, 87, 8, 0]
1542736921824;[171, 0, 17, 255, 161, 74, 234, 33, 47, 1, 0, 118, 1, 0, 207, 0, 0, 87, 8, 57]
1542736921827;[171, 0, 17, 255, 161, 74, 234, 33, 47, 1, 0, 118, 1, 0, 207, 0, 0, 87, 8, 57]
1542736921829;[171, 0, 17, 255, 161, 74, 234, 33, 47, 1, 0, 116, 1, 0, 206, 0, 0, 87, 8, 123]
1542736921831;[171, 0, 17, 255, 161, 74, 234, 33, 47, 1, 0, 116, 1, 0, 206, 0, 0, 87, 8, 123]
1542736921997;[171, 0, 17, 255, 161, 74, 234, 33, 47, 1, 0, 117, 1, 0, 206, 0, 0, 87, 8, 120]
1542736921999;[171, 0, 17, 255, 161, 74, 234, 33, 47, 1, 0, 117, 1, 0, 206, 0, 0, 87, 8, 120]
1542736922001;[171, 0, 17, 255, 161, 74, 234, 33, 47, 1, 0, 116, 1, 0, 204, 0, 0, 87, 8, 110]
1542736922003;[171, 0, 17, 255, 161, 74, 234, 33, 47, 1, 0, 116, 1, 0, 204, 0, 0, 87, 8, 110]
1542736922169;[171, 0, 4, 255, 132, 128, 84]
1542736922173;[171, 0, 4, 255, 132, 128, 84]
1542736922175;[171, 0, 17, 255, 161, 74, 234, 33, 47, 1, 0, 116, 1, 0, 205, 0, 0, 88, 8, 89]
1542736922177;[171, 0, 17, 255, 161, 74, 234, 33, 47, 1, 0, 116, 1, 0, 205, 0, 0, 88, 8, 89]
1542736922342;[171, 0, 17, 255, 161, 74, 234, 33, 47, 1, 0, 116, 1, 0, 205, 0, 0, 88, 8, 61]
1542736922343;[171, 0, 17, 255, 161, 74, 234, 33, 47, 1, 0, 116, 1, 0, 205, 0, 0, 88, 8, 61]
1542736922861;[171, 0, 17, 255, 161, 74, 234, 33, 47, 1, 0, 116, 1, 0, 205, 0, 0, 85, 8, 15]
1542736922864;[171, 0, 17, 255, 161, 74, 234, 33, 47, 1, 0, 116, 1, 0, 205, 0, 0, 85, 8, 15]
1542736922866;[171, 0, 17, 255, 161, 74, 234, 33, 47, 1, 0, 120, 1, 0, 206, 0, 0, 87, 7, 226]
1542736922868;[171, 0, 17, 255, 161, 74, 234, 33, 47, 1, 0, 120, 1, 0, 206, 0, 0, 87, 7, 226]
1542736922870;[171, 0, 17, 255, 161, 74, 234, 33, 47, 1, 0, 118, 1, 0, 205, 0, 0, 85, 7, 170]
1542736922873;[171, 0, 17, 255, 161, 74, 234, 33, 47, 1, 0, 118, 1, 0, 205, 0, 0, 85, 7, 170]
1542736922874;[171, 0, 17, 255, 161, 74, 234, 33, 48, 1, 0, 118, 1, 0, 204, 0, 0, 87, 7, 116]
1542736922876;[171, 0, 17, 255, 161, 74, 234, 33, 48, 1, 0, 118, 1, 0, 204, 0, 0, 87, 7, 116]
1542736923033;[171, 0, 17, 255, 161, 74, 234, 33, 48, 1, 0, 117, 1, 0, 206, 0, 0, 86, 7, 170]
1542736923060;[171, 0, 17, 255, 161, 74, 234, 33, 48, 1, 0, 117, 1, 0, 206, 0, 0, 86, 7, 170]
1542736923062;[171, 0, 17, 255, 161, 74, 234, 33, 48, 1, 0, 118, 1, 0, 208, 0, 0, 87, 7, 228]
1542736923064;[171, 0, 17, 255, 161, 74, 234, 33, 48, 1, 0, 118, 1, 0, 208, 0, 0, 87, 7, 228]
1542736923066;[171, 0, 17, 255, 161, 74, 234, 33, 48, 1, 0, 119, 1, 0, 207, 0, 0, 86, 7, 227]
1542736923067;[171, 0, 17, 255, 161, 74, 234, 33, 48, 1, 0, 119, 1, 0, 207, 0, 0, 86, 7, 227]
1542736923205;[171, 0, 17, 255, 161, 74, 234, 33, 48, 1, 0, 116, 1, 0, 203, 0, 0, 86, 7, 205]
1542736923207;[171, 0, 17, 255, 161, 74, 234, 33, 48, 1, 0, 116, 1, 0, 203, 0, 0, 86, 7, 205]
1542736923209;[171, 0, 4, 255, 132, 128, 83]
1542736923211;[171, 0, 4, 255, 132, 128, 83]
1542736923378;[171, 0, 17, 255, 161, 74, 234, 33, 48, 1, 0, 115, 1, 0, 205, 0, 0, 87, 7, 181]
1542736923381;[171, 0, 17, 255, 161, 74, 234, 33, 48, 1, 0, 115, 1, 0, 205, 0, 0, 87, 7, 181]
1542736923382;[171, 0, 17, 255, 161, 74, 234, 33, 48, 1, 0, 118, 1, 0, 204, 0, 0, 87, 7, 146]
1542736923384;[171, 0, 17, 255, 161, 74, 234, 33, 48, 1, 0, 118, 1, 0, 204, 0, 0, 87, 7, 146]
1542736923549;[171, 0, 17, 255, 161, 74, 234, 33, 48, 1, 0, 119, 1, 0, 206, 0, 0, 88, 7, 102]
1542736923551;[171, 0, 17, 255, 161, 74, 234, 33, 48, 1, 0, 119, 1, 0, 206, 0, 0, 88, 7, 102]
1542736923722;[171, 0, 17, 255, 161, 74, 234, 33, 48, 1, 0, 117, 1, 0, 205, 0, 0, 87, 7, 42]
1542736923724;[171, 0, 17, 255, 161, 74, 234, 33, 48, 1, 0, 117, 1, 0, 205, 0, 0, 87, 7, 42]
1542736923726;[171, 0, 17, 255, 161, 74, 234, 33, 48, 1, 0, 118, 1, 0, 207, 0, 0, 88, 6, 254]
1542736923728;[171, 0, 17, 255, 161, 74, 234, 33, 48, 1, 0, 118, 1, 0, 207, 0, 0, 88, 6, 254]
1542736924069;[171, 0, 17, 255, 161, 74, 234, 33, 49, 1, 0, 118, 1, 0, 205, 0, 0, 86, 7, 77]
1542736924070;[171, 0, 17, 255, 161, 74, 234, 33, 49, 1, 0, 118, 1, 0, 205, 0, 0, 86, 7, 77]
1542736924073;[171, 0, 17, 255, 161, 74, 234, 33, 49, 1, 0, 118, 1, 0, 202, 0, 0, 87, 7, 138]
1542736924074;[171, 0, 17, 255, 161, 74, 234, 33, 49, 1, 0, 118, 1, 0, 202, 0, 0, 87, 7, 138]
1542736924078;[171, 0, 17, 255, 161, 74, 234, 33, 49, 1, 0, 116, 1, 0, 205, 0, 0, 88, 7, 158]
1542736924079;[171, 0, 17, 255, 161, 74, 234, 33, 49, 1, 0, 116, 1, 0, 205, 0, 0, 88, 7, 158]
1542736924081;[171, 0, 17, 255, 161, 74, 234, 33, 49, 1, 0, 119, 1, 0, 206, 0, 0, 87, 7, 156]
1542736924083;[171, 0, 17, 255, 161, 74, 234, 33, 49, 1, 0, 119, 1, 0, 206, 0, 0, 87, 7, 156]
1542736924240;[171, 0, 17, 255, 161, 74, 234, 33, 49, 1, 0, 116, 1, 0, 206, 0, 0, 88, 7, 138]
1542736924242;[171, 0, 17, 255, 161, 74, 234, 33, 49, 1, 0, 116, 1, 0, 206, 0, 0, 88, 7, 138]
1542736924412;[171, 0, 4, 255, 132, 128, 81]
1542736924414;[171, 0, 4, 255, 132, 128, 81]
1542736924417;[171, 0, 17, 255, 161, 74, 234, 33, 49, 1, 0, 116, 1, 0, 204, 0, 0, 86, 7, 119]
1542736924419;[171, 0, 17, 255, 161, 74, 234, 33, 49, 1, 0, 116, 1, 0, 204, 0, 0, 86, 7, 119]
1542736924585;[171, 0, 17, 255, 161, 74, 234, 33, 49, 1, 0, 117, 1, 0, 203, 0, 0, 87, 7, 81]
1542736924587;[171, 0, 17, 255, 161, 74, 234, 33, 49, 1, 0, 117, 1, 0, 203, 0, 0, 87, 7, 81]
1542736924589;[171, 0, 17, 255, 161, 74, 234, 33, 49, 1, 0, 117, 1, 0, 208, 0, 0, 88, 7, 36]
1542736924591;[171, 0, 17, 255, 161, 74, 234, 33, 49, 1, 0, 117, 1, 0, 208, 0, 0, 88, 7, 36]
1542736924756;[171, 0, 17, 255, 161, 74, 234, 33, 49, 1, 0, 119, 1, 0, 206, 0, 0, 86, 6, 242]
1542736924758;[171, 0, 17, 255, 161, 74, 234, 33, 49, 1, 0, 119, 1, 0, 206, 0, 0, 86, 6, 242]
1542736924760;[171, 0, 17, 255, 161, 74, 234, 33, 49, 1, 0, 114, 1, 0, 204, 0, 0, 89, 6, 205]
1542736924762;[171, 0, 17, 255, 161, 74, 234, 33, 49, 1, 0, 114, 1, 0, 204, 0, 0, 89, 6, 205]
1542736924930;[171, 0, 17, 255, 161, 74, 234, 33, 50, 1, 0, 118, 1, 0, 206, 0, 0, 88, 7, 1]
1542736924931;[171, 0, 17, 255, 161, 74, 234, 33, 50, 1, 0, 118, 1, 0, 206, 0, 0, 88, 7, 1]
1542736925449;[171, 0, 17, 255, 161, 74, 234, 33, 50, 1, 0, 119, 1, 0, 204, 0, 0, 88, 7, 96]
1542736925450;[171, 0, 17, 255, 161, 74, 234, 33, 50, 1, 0, 119, 1, 0, 204, 0, 0, 88, 7, 96]
1542736925453;[171, 0, 17, 255, 161, 74, 234, 33, 50, 1, 0, 118, 1, 0, 205, 0, 0, 88, 7, 128]
1542736925455;[171, 0, 17, 255, 161, 74, 234, 33, 50, 1, 0, 118, 1, 0, 205, 0, 0, 88, 7, 128]
1542736925459;[171, 0, 17, 255, 161, 74, 234, 33, 50, 1, 0, 117, 1, 0, 205, 0, 0, 88, 7, 122]
1542736925461;[171, 0, 17, 255, 161, 74, 234, 33, 50, 1, 0, 117, 1, 0, 205, 0, 0, 88, 7, 122]
1542736925462;[171, 0, 17, 255, 161, 74, 234, 33, 50, 1, 0, 118, 1, 0, 205, 0, 0, 86, 7, 131]
1542736925464;[171, 0, 17, 255, 161, 74, 234, 33, 50, 1, 0, 118, 1, 0, 205, 0, 0, 86, 7, 131]
1542736925620;[171, 0, 4, 255, 132, 128, 79]
1542736925623;[171, 0, 4, 255, 132, 128, 79]
1542736925625;[171, 0, 17, 255, 161, 74, 234, 33, 50, 1, 0, 116, 1, 0, 205, 0, 0, 88, 7, 109]
1542736925627;[171, 0, 17, 255, 161, 74, 234, 33, 50, 1, 0, 116, 1, 0, 205, 0, 0, 88, 7, 109]
1542736925629;[171, 0, 17, 255, 161, 74, 234, 33, 50, 1, 0, 116, 1, 0, 204, 0, 0, 89, 7, 83]
1542736925631;[171, 0, 17, 255, 161, 74, 234, 33, 50, 1, 0, 116, 1, 0, 204, 0, 0, 89, 7, 83]
1542736925792;[171, 0, 17, 255, 161, 74, 234, 33, 50, 1, 0, 120, 1, 0, 205, 0, 0, 88, 7, 47]
1542736925794;[171, 0, 17, 255, 161, 74, 234, 33, 50, 1, 0, 120, 1, 0, 205, 0, 0, 88, 7, 47]
1542736925796;[171, 0, 17, 255, 161, 74, 234, 33, 50, 1, 0, 118, 1, 0, 205, 0, 0, 88, 6, 247]
1542736925798;[171, 0, 17, 255, 161, 74, 234, 33, 50, 1, 0, 118, 1, 0, 205, 0, 0, 88, 6, 247]
1542736925963;[171, 0, 17, 255, 161, 74, 234, 33, 50, 1, 0, 114, 1, 0, 205, 0, 0, 87, 6, 230]
1542736925965;[171, 0, 17, 255, 161, 74, 234, 33, 50, 1, 0, 114, 1, 0, 205, 0, 0, 87, 6, 230]
1542736925968;[171, 0, 17, 255, 161, 74, 234, 33, 51, 1, 0, 119, 1, 0, 207, 0, 0, 88, 7, 55]
1542736925970;[171, 0, 17, 255, 161, 74, 234, 33, 51, 1, 0, 119, 1, 0, 207, 0, 0, 88, 7, 55]
