1542736217523;[171, 0, 17, 255, 161, 74, 234, 29, 66, 1, 0, 7, 1, 0, 118, 0, 0, 229, 5, 229]
1542736217530;[171, 0, 17, 255, 161, 74, 234, 29, 66, 1, 0, 7, 1, 0, 118, 0, 0, 229, 5, 229]
1542736217679;[171, 0, 17, 255, 161, 74, 234, 29, 66, 1, 0, 7, 1, 0, 116, 0, 0, 228, 5, 197]
1542736217681;[171, 0, 17, 255, 161, 74, 234, 29, 66, 1, 0, 7, 1, 0, 116, 0, 0, 228, 5, 197]
1542736217683;[171, 0, 17, 255, 161, 74, 234, 29, 66, 1, 0, 6, 1, 0, 118, 0, 0, 228, 5, 144]
1542736217685;[171, 0, 17, 255, 161, 74, 234, 29, 66, 1, 0, 6, 1, 0, 118, 0, 0, 228, 5, 144]
1542736217851;[171, 0, 17, 255, 161, 74, 234, 29, 67, 1, 0, 5, 1, 0, 119, 0, 0, 227, 5, 107]
1542736217853;[171, 0, 17, 255, 161, 74, 234, 29, 67, 1, 0, 5, 1, 0, 119, 0, 0, 227, 5, 107]
1542736218024;[171, 0, 17, 255, 161, 74, 234, 29, 67, 1, 0, 8, 1, 0, 117, 0, 0, 228, 5, 197]
1542736218026;[171, 0, 17, 255, 161, 74, 234, 29, 67, 1, 0, 8, 1, 0, 117, 0, 0, 228, 5, 197]
1542736218029;[171, 0, 17, 255, 161, 74, 234, 29, 67, 1, 0, 7, 1, 0, 117, 0, 0, 228, 6, 15]
1542736218030;[171, 0, 17, 255, 161, 74, 234, 29, 67, 1, 0, 7, 1, 0, 117, 0, 0, 228, 6, 15]
1542736218198;[171, 0, 4, 255, 132, 128, 67]
1542736218201;[171, 0, 4, 255, 132, 128, 67]
1542736218203;[171, 0, 17, 255, 161, 74, 234, 29, 67, 1, 0, 3, 1, 0, 117, 0, 0, 229, 6, 16]
1542736218204;[171, 0, 17, 255, 161, 74, 234, 29, 67, 1, 0, 3, 1, 0, 117, 0, 0, 229, 6, 16]
1542736218369;[171, 0, 17, 255, 161, 74, 234, 29, 67, 1, 0, 5, 1, 0, 117, 0, 0, 227, 6, 4]
1542736218370;[171, 0, 17, 255, 161, 74, 234, 29, 67, 1, 0, 5, 1, 0, 117, 0, 0, 227, 6, 4]
1542736218717;[171, 0, 17, 255, 161, 74, 234, 29, 67, 1, 0, 6, 1, 0, 119, 0, 0, 228, 5, 246]
1542736218718;[171, 0, 17, 255, 161, 74, 234, 29, 67, 1, 0, 6, 1, 0, 119, 0, 0, 228, 5, 246]
1542736218725;[171, 0, 17, 255, 161, 74, 234, 29, 67, 1, 0, 6, 1, 0, 119, 0, 0, 229, 5, 214]
1542736218727;[171, 0, 17, 255, 161, 74, 234, 29, 67, 1, 0, 6, 1, 0, 119, 0, 0, 229, 5, 214]
1542736218729;[171, 0, 17, 255, 161, 74, 234, 29, 67, 1, 0, 7, 1, 0, 120, 0, 0, 228, 5, 175]
1542736218731;[171, 0, 17, 255, 161, 74, 234, 29, 67, 1, 0, 7, 1, 0, 120, 0, 0, 228, 5, 175]
1542736218734;[171, 0, 17, 255, 161, 74, 234, 29, 67, 1, 0, 4, 1, 0, 117, 0, 0, 228, 5, 141]
1542736218735;[171, 0, 17, 255, 161, 74, 234, 29, 67, 1, 0, 4, 1, 0, 117, 0, 0, 228, 5, 141]
1542736218887;[171, 0, 17, 255, 161, 74, 234, 29, 67, 1, 0, 8, 1, 0, 117, 0, 0, 228, 5, 148]
1542736218889;[171, 0, 17, 255, 161, 74, 234, 29, 67, 1, 0, 8, 1, 0, 117, 0, 0, 228, 5, 148]
1542736218891;[171, 0, 17, 255, 161, 74, 234, 29, 68, 1, 0, 3, 1, 0, 117, 0, 0, 228, 5, 242]
1542736218893;[171, 0, 17, 255, 161, 74, 234, 29, 68, 1, 0, 3, 1, 0, 117, 0, 0, 228, 5, 242]
1542736219060;[171, 0, 17, 255, 161, 74, 234, 29, 68, 1, 0, 5, 1, 0, 117, 0, 0, 228, 6, 27]
1542736219061;[171, 0, 17, 255, 161, 74, 234, 29, 68, 1, 0, 5, 1, 0, 117, 0, 0, 228, 6, 27]
1542736219406;[171, 0, 17, 255, 161, 74, 234, 29, 68, 1, 0, 6, 1, 0, 116, 0, 0, 226, 6, 18]
1542736219408;[171, 0, 17, 255, 161, 74, 234, 29, 68, 1, 0, 6, 1, 0, 116, 0, 0, 226, 6, 18]
1542736219410;[171, 0, 4, 255, 132, 128, 67]
1542736219412;[171, 0, 4, 255, 132, 128, 67]
1542736219415;[171, 0, 17, 255, 161, 74, 234, 29, 68, 1, 0, 4, 1, 0, 117, 0, 0, 228, 6, 12]
1542736219416;[171, 0, 17, 255, 161, 74, 234, 29, 68, 1, 0, 4, 1, 0, 117, 0, 0, 228, 6, 12]
1542736219419;[171, 0, 17, 255, 161, 74, 234, 29, 68, 1, 0, 4, 1, 0, 117, 0, 0, 227, 5, 248]
1542736219421;[171, 0, 17, 255, 161, 74, 234, 29, 68, 1, 0, 4, 1, 0, 117, 0, 0, 227, 5, 248]
1542736219581;[171, 0, 17, 255, 161, 74, 234, 29, 68, 1, 0, 7, 1, 0, 119, 0, 0, 229, 5, 215]
1542736219586;[171, 0, 17, 255, 161, 74, 234, 29, 68, 1, 0, 7, 1, 0, 119, 0, 0, 229, 5, 215]
1542736219588;[171, 0, 17, 255, 161, 74, 234, 29, 68, 1, 0, 9, 1, 0, 119, 0, 0, 228, 5, 174]
1542736219590;[171, 0, 17, 255, 161, 74, 234, 29, 68, 1, 0, 9, 1, 0, 119, 0, 0, 228, 5, 174]
1542736220096;[171, 0, 17, 255, 161, 74, 234, 29, 68, 1, 0, 6, 1, 0, 118, 0, 0, 227, 5, 128]
1542736220098;[171, 0, 17, 255, 161, 74, 234, 29, 68, 1, 0, 6, 1, 0, 118, 0, 0, 227, 5, 128]
1542736220100;[171, 0, 17, 255, 161, 74, 234, 29, 68, 1, 0, 7, 1, 0, 117, 0, 0, 227, 5, 198]
1542736220104;[171, 0, 17, 255, 161, 74, 234, 29, 68, 1, 0, 7, 1, 0, 117, 0, 0, 227, 5, 198]
1542736220106;[171, 0, 17, 255, 161, 74, 234, 29, 68, 1, 0, 7, 1, 0, 116, 0, 0, 229, 5, 255]
1542736220108;[171, 0, 17, 255, 161, 74, 234, 29, 68, 1, 0, 7, 1, 0, 116, 0, 0, 229, 5, 255]
1542736220111;[171, 0, 17, 255, 161, 74, 234, 29, 69, 1, 0, 5, 1, 0, 115, 0, 0, 228, 6, 9]
1542736220112;[171, 0, 17, 255, 161, 74, 234, 29, 69, 1, 0, 5, 1, 0, 115, 0, 0, 228, 6, 9]
1542736222231;[171, 0, 17, 255, 161, 74, 234, 29, 69, 1, 0, 7, 1, 0, 115, 0, 0, 227, 5, 245]
1542736222233;[171, 0, 17, 255, 161, 74, 234, 29, 69, 1, 0, 7, 1, 0, 115, 0, 0, 227, 5, 245]
1542736222238;[171, 0, 17, 255, 161, 74, 234, 29, 69, 1, 0, 7, 1, 0, 117, 0, 0, 228, 5, 230]
1542736222243;[171, 0, 17, 255, 161, 74, 234, 29, 69, 1, 0, 7, 1, 0, 117, 0, 0, 228, 5, 230]
1542736222244;[171, 0, 4, 255, 132, 128, 67]
1542736222247;[171, 0, 4, 255, 132, 128, 67]
1542736222249;[171, 0, 17, 255, 161, 74, 234, 29, 69, 1, 0, 6, 1, 0, 117, 0, 0, 228, 5, 204]
1542736222251;[171, 0, 17, 255, 161, 74, 234, 29, 69, 1, 0, 6, 1, 0, 117, 0, 0, 228, 5, 204]
1542736222259;[171, 0, 17, 255, 161, 74, 234, 29, 69, 1, 0, 6, 1, 0, 118, 0, 0, 227, 5, 165]
1542736222261;[171, 0, 17, 255, 161, 74, 234, 29, 69, 1, 0, 6, 1, 0, 118, 0, 0, 227, 5, 165]
1542736222263;[171, 0, 17, 255, 161, 74, 234, 29, 69, 1, 0, 7, 1, 0, 116, 0, 0, 229, 5, 121]
1542736222264;[171, 0, 17, 255, 161, 74, 234, 29, 69, 1, 0, 7, 1, 0, 116, 0, 0, 229, 5, 121]
1542736222275;[171, 0, 17, 255, 161, 74, 234, 29, 69, 1, 0, 6, 1, 0, 116, 0, 0, 226, 5, 177]
1542736222277;[171, 0, 17, 255, 161, 74, 234, 29, 69, 1, 0, 6, 1, 0, 116, 0, 0, 226, 5, 177]
1542736222279;[171, 0, 17, 255, 161, 74, 234, 29, 69, 1, 0, 4, 1, 0, 116, 0, 0, 228, 5, 252]
1542736222281;[171, 0, 17, 255, 161, 74, 234, 29, 69, 1, 0, 4, 1, 0, 116, 0, 0, 228, 5, 252]
1542736222286;[171, 0, 17, 255, 161, 74, 234, 29, 69, 1, 0, 6, 1, 0, 117, 0, 0, 228, 6, 11]
1542736222288;[171, 0, 17, 255, 161, 74, 234, 29, 69, 1, 0, 6, 1, 0, 117, 0, 0, 228, 6, 11]
1542736222290;[171, 0, 17, 255, 161, 74, 234, 29, 69, 1, 0, 6, 1, 0, 118, 0, 0, 229, 5, 253]
1542736222291;[171, 0, 17, 255, 161, 74, 234, 29, 69, 1, 0, 6, 1, 0, 118, 0, 0, 229, 5, 253]
1542736222293;[171, 0, 17, 255, 161, 74, 234, 29, 70, 1, 0, 8, 1, 0, 117, 0, 0, 229, 5, 226]
1542736222295;[171, 0, 17, 255, 161, 74, 234, 29, 70, 1, 0, 8, 1, 0, 117, 0, 0, 229, 5, 226]
1542736222297;[171, 0, 17, 255, 161, 74, 234, 29, 70, 1, 0, 6, 1, 0, 118, 0, 0, 228, 5, 203]
1542736222298;[171, 0, 17, 255, 161, 74, 234, 29, 70, 1, 0, 6, 1, 0, 118, 0, 0, 228, 5, 203]
1542736222300;[171, 0, 17, 255, 161, 74, 234, 29, 70, 1, 0, 4, 1, 0, 119, 0, 0, 229, 5, 160]
1542736222302;[171, 0, 17, 255, 161, 74, 234, 29, 70, 1, 0, 4, 1, 0, 119, 0, 0, 229, 5, 160]
1542736222310;[171, 0, 4, 255, 132, 128, 67]
1542736222312;[171, 0, 4, 255, 132, 128, 67]
1542736222314;[171, 0, 17, 255, 161, 74, 234, 29, 70, 1, 0, 5, 1, 0, 116, 0, 0, 230, 5, 118]
1542736222316;[171, 0, 17, 255, 161, 74, 234, 29, 70, 1, 0, 5, 1, 0, 116, 0, 0, 230, 5, 118]
1542736222326;[171, 0, 17, 255, 161, 74, 234, 29, 70, 1, 0, 7, 1, 0, 117, 0, 0, 228, 5, 66]
1542736222328;[171, 0, 17, 255, 161, 74, 234, 29, 70, 1, 0, 7, 1, 0, 117, 0, 0, 228, 5, 66]
1542736222336;[171, 0, 17, 255, 161, 74, 234, 29, 70, 1, 0, 7, 1, 0, 119, 0, 0, 228, 5, 122]
1542736222338;[171, 0, 17, 255, 161, 74, 234, 29, 70, 1, 0, 7, 1, 0, 119, 0, 0, 228, 5, 122]
1542736222339;[171, 0, 17, 255, 161, 74, 234, 29, 70, 1, 0, 4, 1, 0, 117, 0, 0, 229, 5, 189]
1542736222341;[171, 0, 17, 255, 161, 74, 234, 29, 70, 1, 0, 4, 1, 0, 117, 0, 0, 229, 5, 189]
1542736222344;[171, 0, 17, 255, 161, 74, 234, 29, 70, 1, 0, 8, 1, 0, 117, 0, 0, 228, 5, 205]
1542736222346;[171, 0, 17, 255, 161, 74, 234, 29, 70, 1, 0, 8, 1, 0, 117, 0, 0, 228, 5, 205]
1542736222347;[171, 0, 17, 255, 161, 74, 234, 29, 70, 1, 0, 8, 1, 0, 116, 0, 0, 229, 5, 196]
1542736222349;[171, 0, 17, 255, 161, 74, 234, 29, 70, 1, 0, 8, 1, 0, 116, 0, 0, 229, 5, 196]
1542736222350;[171, 0, 17, 255, 161, 74, 234, 29, 70, 1, 0, 7, 1, 0, 116, 0, 0, 229, 5, 175]
1542736222352;[171, 0, 17, 255, 161, 74, 234, 29, 70, 1, 0, 7, 1, 0, 116, 0, 0, 229, 5, 175]
1542736222353;[171, 0, 17, 255, 161, 74, 234, 29, 71, 1, 0, 5, 1, 0, 118, 0, 0, 227, 5, 152]
1542736222355;[171, 0, 17, 255, 161, 74, 234, 29, 71, 1, 0, 5, 1, 0, 118, 0, 0, 227, 5, 152]
1542736222356;[171, 0, 17, 255, 161, 74, 234, 29, 71, 1, 0, 5, 1, 0, 116, 0, 0, 228, 5, 103]
1542736222358;[171, 0, 17, 255, 161, 74, 234, 29, 71, 1, 0, 5, 1, 0, 116, 0, 0, 228, 5, 103]
1542736222684;[171, 0, 17, 255, 161, 74, 234, 29, 71, 1, 0, 5, 1, 0, 116, 0, 0, 229, 5, 61]
1542736222686;[171, 0, 17, 255, 161, 74, 234, 29, 71, 1, 0, 5, 1, 0, 116, 0, 0, 229, 5, 61]
1542736222688;[171, 0, 4, 255, 132, 128, 68]
1542736222691;[171, 0, 4, 255, 132, 128, 68]
1542736222693;[171, 0, 17, 255, 161, 74, 234, 29, 71, 1, 0, 5, 1, 0, 117, 0, 0, 228, 5, 8]
1542736222695;[171, 0, 17, 255, 161, 74, 234, 29, 71, 1, 0, 5, 1, 0, 117, 0, 0, 228, 5, 8]
1542736222697;[171, 0, 17, 255, 161, 74, 234, 29, 71, 1, 0, 6, 1, 0, 117, 0, 0, 227, 4, 250]
1542736222699;[171, 0, 17, 255, 161, 74, 234, 29, 71, 1, 0, 6, 1, 0, 117, 0, 0, 227, 4, 250]
1542736222854;[171, 0, 17, 255, 161, 74, 234, 29, 71, 1, 0, 7, 1, 0, 119, 0, 0, 229, 5, 73]
1542736222856;[171, 0, 17, 255, 161, 74, 234, 29, 71, 1, 0, 7, 1, 0, 119, 0, 0, 229, 5, 73]
1542736223033;[171, 0, 17, 255, 161, 74, 234, 29, 71, 1, 0, 6, 1, 0, 117, 0, 0, 229, 5, 122]
1542736223035;[171, 0, 17, 255, 161, 74, 234, 29, 71, 1, 0, 6, 1, 0, 117, 0, 0, 229, 5, 122]
1542736223036;[171, 0, 17, 255, 161, 74, 234, 29, 71, 1, 0, 4, 1, 0, 118, 0, 0, 230, 5, 108]
1542736223038;[171, 0, 17, 255, 161, 74, 234, 29, 71, 1, 0, 4, 1, 0, 118, 0, 0, 230, 5, 108]
1542736223200;[171, 0, 17, 255, 161, 74, 234, 29, 71, 1, 0, 6, 1, 0, 116, 0, 0, 227, 5, 106]
1542736223202;[171, 0, 17, 255, 161, 74, 234, 29, 71, 1, 0, 6, 1, 0, 116, 0, 0, 227, 5, 106]
1542736223204;[171, 0, 17, 255, 161, 74, 234, 29, 71, 1, 0, 2, 1, 0, 116, 0, 0, 227, 5, 83]
1542736223206;[171, 0, 17, 255, 161, 74, 234, 29, 71, 1, 0, 2, 1, 0, 116, 0, 0, 227, 5, 83]
1542736223371;[171, 0, 17, 255, 161, 74, 234, 29, 72, 1, 0, 8, 1, 0, 118, 0, 0, 228, 5, 53]
1542736223373;[171, 0, 17, 255, 161, 74, 234, 29, 72, 1, 0, 8, 1, 0, 118, 0, 0, 228, 5, 53]
1542736223544;[171, 0, 17, 255, 161, 74, 234, 29, 72, 1, 0, 8, 1, 0, 117, 0, 0, 226, 5, 3]
1542736223546;[171, 0, 17, 255, 161, 74, 234, 29, 72, 1, 0, 8, 1, 0, 117, 0, 0, 226, 5, 3]
1542736223891;[171, 0, 17, 255, 161, 74, 234, 29, 72, 1, 0, 6, 1, 0, 119, 0, 0, 229, 4, 226]
1542736223893;[171, 0, 17, 255, 161, 74, 234, 29, 72, 1, 0, 6, 1, 0, 119, 0, 0, 229, 4, 226]
1542736223895;[171, 0, 4, 255, 132, 128, 68]
1542736223898;[171, 0, 4, 255, 132, 128, 68]
1542736223901;[171, 0, 17, 255, 161, 74, 234, 29, 72, 1, 0, 6, 1, 0, 117, 0, 0, 228, 4, 241]
1542736223902;[171, 0, 17, 255, 161, 74, 234, 29, 72, 1, 0, 6, 1, 0, 117, 0, 0, 228, 4, 241]
1542736223904;[171, 0, 17, 255, 161, 74, 234, 29, 72, 1, 0, 7, 1, 0, 118, 0, 0, 229, 5, 54]
1542736223906;[171, 0, 17, 255, 161, 74, 234, 29, 72, 1, 0, 7, 1, 0, 118, 0, 0, 229, 5, 54]
1542736224063;[171, 0, 17, 255, 161, 74, 234, 29, 72, 1, 0, 6, 1, 0, 116, 0, 0, 228, 5, 81]
1542736224066;[171, 0, 17, 255, 161, 74, 234, 29, 72, 1, 0, 6, 1, 0, 116, 0, 0, 228, 5, 81]
1542736224068;[171, 0, 17, 255, 161, 74, 234, 29, 72, 1, 0, 6, 1, 0, 117, 0, 0, 228, 5, 77]
1542736224070;[171, 0, 17, 255, 161, 74, 234, 29, 72, 1, 0, 6, 1, 0, 117, 0, 0, 228, 5, 77]
1542736224234;[171, 0, 17, 255, 161, 74, 234, 29, 72, 1, 0, 7, 1, 0, 117, 0, 0, 228, 5, 66]
1542736224236;[171, 0, 17, 255, 161, 74, 234, 29, 72, 1, 0, 7, 1, 0, 117, 0, 0, 228, 5, 66]
1542736224238;[171, 0, 17, 255, 161, 74, 234, 29, 72, 1, 0, 5, 1, 0, 117, 0, 0, 227, 5, 49]
1542736224240;[171, 0, 17, 255, 161, 74, 234, 29, 72, 1, 0, 5, 1, 0, 117, 0, 0, 227, 5, 49]
1542736224408;[171, 0, 17, 255, 161, 74, 234, 29, 72, 1, 0, 4, 1, 0, 116, 0, 0, 229, 5, 15]
1542736224410;[171, 0, 17, 255, 161, 74, 234, 29, 72, 1, 0, 4, 1, 0, 116, 0, 0, 229, 5, 15]
1542736224412;[171, 0, 17, 255, 161, 74, 234, 29, 73, 1, 0, 5, 1, 0, 115, 0, 0, 227, 4, 228]
1542736224414;[171, 0, 17, 255, 161, 74, 234, 29, 73, 1, 0, 5, 1, 0, 115, 0, 0, 227, 4, 228]
1542736224579;[171, 0, 17, 255, 161, 74, 234, 29, 73, 1, 0, 5, 1, 0, 118, 0, 0, 227, 4, 217]
1542736224581;[171, 0, 17, 255, 161, 74, 234, 29, 73, 1, 0, 5, 1, 0, 118, 0, 0, 227, 4, 217]
1542736224583;[171, 0, 17, 255, 161, 74, 234, 29, 73, 1, 0, 6, 1, 0, 119, 0, 0, 228, 5, 47]
1542736224585;[171, 0, 17, 255, 161, 74, 234, 29, 73, 1, 0, 6, 1, 0, 119, 0, 0, 228, 5, 47]
1542736224751;[171, 0, 4, 255, 132, 128, 68]
1542736224754;[171, 0, 4, 255, 132, 128, 68]
1542736225271;[171, 0, 17, 255, 161, 74, 234, 29, 73, 1, 0, 8, 1, 0, 117, 0, 0, 228, 5, 103]
1542736225273;[171, 0, 17, 255, 161, 74, 234, 29, 73, 1, 0, 8, 1, 0, 117, 0, 0, 228, 5, 103]
1542736225276;[171, 0, 17, 255, 161, 74, 234, 29, 73, 1, 0, 3, 1, 0, 117, 0, 0, 228, 5, 118]
1542736225278;[171, 0, 17, 255, 161, 74, 234, 29, 73, 1, 0, 3, 1, 0, 117, 0, 0, 228, 5, 118]
1542736225280;[171, 0, 17, 255, 161, 74, 234, 29, 73, 1, 0, 6, 1, 0, 118, 0, 0, 227, 5, 96]
1542736225282;[171, 0, 17, 255, 161, 74, 234, 29, 73, 1, 0, 6, 1, 0, 118, 0, 0, 227, 5, 96]
1542736225284;[171, 0, 17, 255, 161, 74, 234, 29, 73, 1, 0, 5, 1, 0, 117, 0, 0, 230, 5, 82]
1542736225286;[171, 0, 17, 255, 161, 74, 234, 29, 73, 1, 0, 5, 1, 0, 117, 0, 0, 230, 5, 82]
1542736225442;[171, 0, 17, 255, 161, 74, 234, 29, 73, 1, 0, 4, 1, 0, 118, 0, 0, 227, 5, 56]
1542736225444;[171, 0, 17, 255, 161, 74, 234, 29, 73, 1, 0, 4, 1, 0, 118, 0, 0, 227, 5, 56]
1542736225616;[171, 0, 17, 255, 161, 74, 234, 29, 73, 1, 0, 5, 1, 0, 116, 0, 0, 228, 5, 16]
1542736225618;[171, 0, 17, 255, 161, 74, 234, 29, 73, 1, 0, 5, 1, 0, 116, 0, 0, 228, 5, 16]
1542736225620;[171, 0, 17, 255, 161, 74, 234, 29, 73, 1, 0, 5, 1, 0, 117, 0, 0, 229, 4, 228]
1542736225622;[171, 0, 17, 255, 161, 74, 234, 29, 73, 1, 0, 5, 1, 0, 117, 0, 0, 229, 4, 228]
1542736225624;[171, 0, 17, 255, 161, 74, 234, 29, 74, 1, 0, 7, 1, 0, 118, 0, 0, 228, 4, 171]
1542736225626;[171, 0, 17, 255, 161, 74, 234, 29, 74, 1, 0, 7, 1, 0, 118, 0, 0, 228, 4, 171]
1542736225629;[171, 0, 17, 255, 161, 74, 234, 29, 74, 1, 0, 7, 1, 0, 115, 0, 0, 228, 4, 194]
1542736225630;[171, 0, 17, 255, 161, 74, 234, 29, 74, 1, 0, 7, 1, 0, 115, 0, 0, 228, 4, 194]
1542736225786;[171, 0, 17, 255, 161, 74, 234, 29, 74, 1, 0, 5, 1, 0, 116, 0, 0, 229, 5, 46]
1542736225788;[171, 0, 17, 255, 161, 74, 234, 29, 74, 1, 0, 5, 1, 0, 116, 0, 0, 229, 5, 46]
1542736225790;[171, 0, 4, 255, 132, 128, 68]
1542736225793;[171, 0, 4, 255, 132, 128, 68]
1542736225959;[171, 0, 17, 255, 161, 74, 234, 29, 74, 1, 0, 6, 1, 0, 118, 0, 0, 230, 5, 94]
1542736225961;[171, 0, 17, 255, 161, 74, 234, 29, 74, 1, 0, 6, 1, 0, 118, 0, 0, 230, 5, 94]
1542736226133;[171, 0, 17, 255, 161, 74, 234, 29, 74, 1, 0, 5, 1, 0, 118, 0, 0, 226, 5, 92]
1542736226134;[171, 0, 17, 255, 161, 74, 234, 29, 74, 1, 0, 5, 1, 0, 118, 0, 0, 226, 5, 92]
1542736226136;[171, 0, 17, 255, 161, 74, 234, 29, 74, 1, 0, 5, 1, 0, 117, 0, 0, 228, 5, 83]
1542736226138;[171, 0, 17, 255, 161, 74, 234, 29, 74, 1, 0, 5, 1, 0, 117, 0, 0, 228, 5, 83]
1542736226479;[171, 0, 17, 255, 161, 74, 234, 29, 74, 1, 0, 5, 1, 0, 116, 0, 0, 229, 5, 65]
1542736226481;[171, 0, 17, 255, 161, 74, 234, 29, 74, 1, 0, 5, 1, 0, 116, 0, 0, 229, 5, 65]
1542736226485;[171, 0, 17, 255, 161, 74, 234, 29, 74, 1, 0, 5, 1, 0, 115, 0, 0, 227, 5, 35]
1542736226487;[171, 0, 17, 255, 161, 74, 234, 29, 74, 1, 0, 5, 1, 0, 115, 0, 0, 227, 5, 35]
1542736226489;[171, 0, 17, 255, 161, 74, 234, 29, 74, 1, 0, 6, 1, 0, 117, 0, 0, 230, 4, 251]
1542736226491;[171, 0, 17, 255, 161, 74, 234, 29, 74, 1, 0, 6, 1, 0, 117, 0, 0, 230, 4, 251]
1542736226493;[171, 0, 17, 255, 161, 74, 234, 29, 74, 1, 0, 8, 1, 0, 115, 0, 0, 228, 4, 212]
1542736226495;[171, 0, 17, 255, 161, 74, 234, 29, 74, 1, 0, 8, 1, 0, 115, 0, 0, 228, 4, 212]
1542736226649;[171, 0, 17, 255, 161, 74, 234, 29, 75, 1, 0, 6, 1, 0, 119, 0, 0, 227, 4, 178]
1542736226650;[171, 0, 17, 255, 161, 74, 234, 29, 75, 1, 0, 6, 1, 0, 119, 0, 0, 227, 4, 178]
1542736226825;[171, 0, 17, 255, 161, 74, 234, 29, 75, 1, 0, 8, 1, 0, 117, 0, 0, 228, 5, 9]
1542736226827;[171, 0, 17, 255, 161, 74, 234, 29, 75, 1, 0, 8, 1, 0, 117, 0, 0, 228, 5, 9]
1542736226830;[171, 0, 17, 255, 161, 74, 234, 29, 75, 1, 0, 4, 1, 0, 117, 0, 0, 228, 5, 80]
1542736226831;[171, 0, 17, 255, 161, 74, 234, 29, 75, 1, 0, 4, 1, 0, 117, 0, 0, 228, 5, 80]
1542736226997;[171, 0, 4, 255, 132, 128, 68]
1542736226999;[171, 0, 4, 255, 132, 128, 68]
1542736227002;[171, 0, 17, 255, 161, 74, 234, 29, 75, 1, 0, 6, 1, 0, 116, 0, 0, 228, 5, 93]
1542736227003;[171, 0, 17, 255, 161, 74, 234, 29, 75, 1, 0, 6, 1, 0, 116, 0, 0, 228, 5, 93]
1542736227167;[171, 0, 17, 255, 161, 74, 234, 29, 75, 1, 0, 6, 1, 0, 117, 0, 0, 229, 5, 75]
1542736227169;[171, 0, 17, 255, 161, 74, 234, 29, 75, 1, 0, 6, 1, 0, 117, 0, 0, 229, 5, 75]
1542736227340;[171, 0, 17, 255, 161, 74, 234, 29, 75, 1, 0, 5, 1, 0, 117, 0, 0, 228, 5, 67]
1542736227342;[171, 0, 17, 255, 161, 74, 234, 29, 75, 1, 0, 5, 1, 0, 117, 0, 0, 228, 5, 67]
1542736227344;[171, 0, 17, 255, 161, 74, 234, 29, 75, 1, 0, 6, 1, 0, 117, 0, 0, 228, 5, 36]
1542736227346;[171, 0, 17, 255, 161, 74, 234, 29, 75, 1, 0, 6, 1, 0, 117, 0, 0, 228, 5, 36]
1542736227685;[171, 0, 17, 255, 161, 74, 234, 29, 75, 1, 0, 6, 1, 0, 116, 0, 0, 228, 5, 3]
1542736227687;[171, 0, 17, 255, 161, 74, 234, 29, 75, 1, 0, 6, 1, 0, 116, 0, 0, 228, 5, 3]
1542736227689;[171, 0, 17, 255, 161, 74, 234, 29, 75, 1, 0, 5, 1, 0, 115, 0, 0, 227, 4, 222]
1542736227691;[171, 0, 17, 255, 161, 74, 234, 29, 75, 1, 0, 5, 1, 0, 115, 0, 0, 227, 4, 222]
1542736227693;[171, 0, 17, 255, 161, 74, 234, 29, 75, 1, 0, 8, 1, 0, 119, 0, 0, 229, 5, 27]
1542736227695;[171, 0, 17, 255, 161, 74, 234, 29, 75, 1, 0, 8, 1, 0, 119, 0, 0, 229, 5, 27]
1542736227698;[171, 0, 17, 255, 161, 74, 234, 29, 76, 1, 0, 4, 1, 0, 115, 0, 0, 228, 5, 107]
1542736227699;[171, 0, 17, 255, 161, 74, 234, 29, 76, 1, 0, 4, 1, 0, 115, 0, 0, 228, 5, 107]
1542736227857;[171, 0, 17, 255, 161, 74, 234, 29, 76, 1, 0, 4, 1, 0, 117, 0, 0, 228, 5, 126]
1542736227859;[171, 0, 17, 255, 161, 74, 234, 29, 76, 1, 0, 4, 1, 0, 117, 0, 0, 228, 5, 126]
1542736228029;[171, 0, 17, 255, 161, 74, 234, 29, 76, 1, 0, 3, 1, 0, 115, 0, 0, 229, 5, 110]
1542736228031;[171, 0, 17, 255, 161, 74, 234, 29, 76, 1, 0, 3, 1, 0, 115, 0, 0, 229, 5, 110]
1542736228033;[171, 0, 4, 255, 132, 128, 68]
1542736228035;[171, 0, 4, 255, 132, 128, 68]
1542736228203;[171, 0, 17, 255, 161, 74, 234, 29, 76, 1, 0, 6, 1, 0, 117, 0, 0, 227, 5, 95]
1542736228205;[171, 0, 17, 255, 161, 74, 234, 29, 76, 1, 0, 6, 1, 0, 117, 0, 0, 227, 5, 95]
1542736228207;[171, 0, 17, 255, 161, 74, 234, 29, 76, 1, 0, 5, 1, 0, 117, 0, 0, 230, 5, 71]
1542736228209;[171, 0, 17, 255, 161, 74, 234, 29, 76, 1, 0, 5, 1, 0, 117, 0, 0, 230, 5, 71]
1542736228374;[171, 0, 17, 255, 161, 74, 234, 29, 76, 1, 0, 7, 1, 0, 116, 0, 0, 228, 5, 31]
1542736228376;[171, 0, 17, 255, 161, 74, 234, 29, 76, 1, 0, 7, 1, 0, 116, 0, 0, 228, 5, 31]
1542736228378;[171, 0, 17, 255, 161, 74, 234, 29, 76, 1, 0, 7, 1, 0, 117, 0, 0, 228, 4, 239]
1542736228380;[171, 0, 17, 255, 161, 74, 234, 29, 76, 1, 0, 7, 1, 0, 117, 0, 0, 228, 4, 239]
1542736228546;[171, 0, 17, 255, 161, 74, 234, 29, 76, 1, 0, 8, 1, 0, 118, 0, 0, 227, 4, 196]
1542736228548;[171, 0, 17, 255, 161, 74, 234, 29, 76, 1, 0, 8, 1, 0, 118, 0, 0, 227, 4, 196]
1542736228720;[171, 0, 17, 255, 161, 74, 234, 29, 76, 1, 0, 6, 1, 0, 118, 0, 0, 230, 4, 198]
1542736228722;[171, 0, 17, 255, 161, 74, 234, 29, 76, 1, 0, 6, 1, 0, 118, 0, 0, 230, 4, 198]
1542736228725;[171, 0, 17, 255, 161, 74, 234, 29, 76, 1, 0, 7, 1, 0, 116, 0, 0, 228, 5, 51]
1542736228727;[171, 0, 17, 255, 161, 74, 234, 29, 76, 1, 0, 7, 1, 0, 116, 0, 0, 228, 5, 51]
1542736229065;[171, 0, 17, 255, 161, 74, 234, 29, 77, 1, 0, 6, 1, 0, 116, 0, 0, 228, 5, 96]
1542736229067;[171, 0, 17, 255, 161, 74, 234, 29, 77, 1, 0, 6, 1, 0, 116, 0, 0, 228, 5, 96]
1542736229069;[171, 0, 17, 255, 161, 74, 234, 29, 77, 1, 0, 7, 1, 0, 117, 0, 0, 228, 5, 95]
1542736229073;[171, 0, 17, 255, 161, 74, 234, 29, 77, 1, 0, 7, 1, 0, 117, 0, 0, 228, 5, 95]
1542736229075;[171, 0, 17, 255, 161, 74, 234, 29, 77, 1, 0, 6, 1, 0, 117, 0, 0, 228, 5, 80]
1542736229077;[171, 0, 17, 255, 161, 74, 234, 29, 77, 1, 0, 6, 1, 0, 117, 0, 0, 228, 5, 80]
1542736229412;[171, 0, 4, 255, 132, 128, 68]
1542736229415;[171, 0, 4, 255, 132, 128, 68]
1542736229418;[171, 0, 17, 255, 161, 74, 234, 29, 77, 1, 0, 5, 1, 0, 116, 0, 0, 228, 5, 58]
1542736229420;[171, 0, 17, 255, 161, 74, 234, 29, 77, 1, 0, 5, 1, 0, 116, 0, 0, 228, 5, 58]
1542736229422;[171, 0, 17, 255, 161, 74, 234, 29, 77, 1, 0, 4, 1, 0, 117, 0, 0, 230, 5, 26]
1542736229424;[171, 0, 17, 255, 161, 74, 234, 29, 77, 1, 0, 4, 1, 0, 117, 0, 0, 230, 5, 26]
1542736229426;[171, 0, 17, 255, 161, 74, 234, 29, 77, 1, 0, 6, 1, 0, 118, 0, 0, 228, 4, 246]
1542736229427;[171, 0, 17, 255, 161, 74, 234, 29, 77, 1, 0, 6, 1, 0, 118, 0, 0, 228, 4, 246]
1542736229582;[171, 0, 17, 255, 161, 74, 234, 29, 77, 1, 0, 6, 1, 0, 118, 0, 0, 227, 4, 198]
1542736229585;[171, 0, 17, 255, 161, 74, 234, 29, 77, 1, 0, 6, 1, 0, 118, 0, 0, 227, 4, 198]
1542736229587;[171, 0, 17, 255, 161, 74, 234, 29, 77, 1, 0, 7, 1, 0, 118, 0, 0, 229, 4, 153]
1542736229589;[171, 0, 17, 255, 161, 74, 234, 29, 77, 1, 0, 7, 1, 0, 118, 0, 0, 229, 4, 153]
1542736229752;[171, 0, 17, 255, 161, 74, 234, 29, 77, 1, 0, 9, 1, 0, 118, 0, 0, 228, 4, 219]
1542736229753;[171, 0, 17, 255, 161, 74, 234, 29, 77, 1, 0, 9, 1, 0, 118, 0, 0, 228, 4, 219]
1542736230273;[171, 0, 17, 255, 161, 74, 234, 29, 77, 1, 0, 6, 1, 0, 117, 0, 0, 228, 5, 36]
1542736230275;[171, 0, 17, 255, 161, 74, 234, 29, 77, 1, 0, 6, 1, 0, 117, 0, 0, 228, 5, 36]
1542736230278;[171, 0, 17, 255, 161, 74, 234, 29, 78, 1, 0, 8, 1, 0, 120, 0, 0, 229, 5, 54]
1542736230280;[171, 0, 17, 255, 161, 74, 234, 29, 78, 1, 0, 8, 1, 0, 120, 0, 0, 229, 5, 54]
1542736230282;[171, 0, 17, 255, 161, 74, 234, 29, 78, 1, 0, 8, 1, 0, 117, 0, 0, 227, 5, 41]
1542736230284;[171, 0, 17, 255, 161, 74, 234, 29, 78, 1, 0, 8, 1, 0, 117, 0, 0, 227, 5, 41]
1542736230286;[171, 0, 17, 255, 161, 74, 234, 29, 78, 1, 0, 10, 1, 0, 119, 0, 0, 227, 5, 30]
1542736230288;[171, 0, 17, 255, 161, 74, 234, 29, 78, 1, 0, 10, 1, 0, 119, 0, 0, 227, 5, 30]
1542736230618;[171, 0, 4, 255, 132, 128, 68]
1542736230621;[171, 0, 4, 255, 132, 128, 68]
1542736230623;[171, 0, 17, 255, 161, 74, 234, 29, 78, 1, 0, 9, 1, 0, 118, 0, 0, 229, 5, 8]
1542736230625;[171, 0, 17, 255, 161, 74, 234, 29, 78, 1, 0, 9, 1, 0, 118, 0, 0, 229, 5, 8]
1542736230627;[171, 0, 17, 255, 161, 74, 234, 29, 78, 1, 0, 8, 1, 0, 117, 0, 0, 228, 4, 231]
1542736230629;[171, 0, 17, 255, 161, 74, 234, 29, 78, 1, 0, 8, 1, 0, 117, 0, 0, 228, 4, 231]
1542736230633;[171, 0, 17, 255, 161, 74, 234, 29, 78, 1, 0, 7, 1, 0, 115, 0, 0, 228, 4, 189]
1542736230635;[171, 0, 17, 255, 161, 74, 234, 29, 78, 1, 0, 7, 1, 0, 115, 0, 0, 228, 4, 189]
1542736230964;[171, 0, 17, 255, 161, 74, 234, 29, 78, 1, 0, 7, 1, 0, 118, 0, 0, 229, 4, 151]
1542736230966;[171, 0, 17, 255, 161, 74, 234, 29, 78, 1, 0, 7, 1, 0, 118, 0, 0, 229, 4, 151]
1542736230968;[171, 0, 17, 255, 161, 74, 234, 29, 78, 1, 0, 6, 1, 0, 116, 0, 0, 226, 4, 217]
1542736230970;[171, 0, 17, 255, 161, 74, 234, 29, 78, 1, 0, 6, 1, 0, 116, 0, 0, 226, 4, 217]
1542736230972;[171, 0, 17, 255, 161, 74, 234, 29, 78, 1, 0, 6, 1, 0, 118, 0, 0, 228, 5, 36]
1542736230974;[171, 0, 17, 255, 161, 74, 234, 29, 78, 1, 0, 6, 1, 0, 118, 0, 0, 228, 5, 36]
1542736230977;[171, 0, 17, 255, 161, 74, 234, 29, 78, 1, 0, 5, 1, 0, 117, 0, 0, 227, 5, 31]
1542736230979;[171, 0, 17, 255, 161, 74, 234, 29, 78, 1, 0, 5, 1, 0, 117, 0, 0, 227, 5, 31]
1542736231654;[171, 0, 17, 255, 161, 74, 234, 29, 79, 1, 0, 4, 1, 0, 117, 0, 0, 228, 5, 18]
1542736231656;[171, 0, 17, 255, 161, 74, 234, 29, 79, 1, 0, 4, 1, 0, 117, 0, 0, 228, 5, 18]
1542736231658;[171, 0, 17, 255, 161, 74, 234, 29, 79, 1, 0, 6, 1, 0, 116, 0, 0, 229, 4, 250]
1542736231660;[171, 0, 17, 255, 161, 74, 234, 29, 79, 1, 0, 6, 1, 0, 116, 0, 0, 229, 4, 250]
1542736231683;[171, 0, 17, 255, 161, 74, 234, 29, 79, 1, 0, 6, 1, 0, 119, 0, 0, 228, 4, 219]
1542736231685;[171, 0, 17, 255, 161, 74, 234, 29, 79, 1, 0, 6, 1, 0, 119, 0, 0, 228, 4, 219]
1542736231686;[171, 0, 4, 255, 132, 128, 68]
1542736231688;[171, 0, 4, 255, 132, 128, 68]
1542736231827;[171, 0, 17, 255, 161, 74, 234, 29, 79, 1, 0, 6, 1, 0, 118, 0, 0, 229, 4, 184]
1542736231830;[171, 0, 17, 255, 161, 74, 234, 29, 79, 1, 0, 6, 1, 0, 118, 0, 0, 229, 4, 184]
1542736231833;[171, 0, 17, 255, 161, 74, 234, 29, 79, 1, 0, 7, 1, 0, 118, 0, 0, 228, 4, 132]
1542736231834;[171, 0, 17, 255, 161, 74, 234, 29, 79, 1, 0, 7, 1, 0, 118, 0, 0, 228, 4, 132]
1542736231836;[171, 0, 17, 255, 161, 74, 234, 29, 79, 1, 0, 3, 1, 0, 117, 0, 0, 227, 4, 115]
1542736231838;[171, 0, 17, 255, 161, 74, 234, 29, 79, 1, 0, 3, 1, 0, 117, 0, 0, 227, 4, 115]
1542736231840;[171, 0, 17, 255, 161, 74, 234, 29, 79, 1, 0, 7, 1, 0, 117, 0, 0, 228, 4, 203]
1542736231842;[171, 0, 17, 255, 161, 74, 234, 29, 79, 1, 0, 7, 1, 0, 117, 0, 0, 228, 4, 203]
1542736231998;[171, 0, 17, 255, 161, 74, 234, 29, 79, 1, 0, 8, 1, 0, 118, 0, 0, 228, 4, 254]
1542736232000;[171, 0, 17, 255, 161, 74, 234, 29, 79, 1, 0, 8, 1, 0, 118, 0, 0, 228, 4, 254]
1542736232002;[171, 0, 17, 255, 161, 74, 234, 29, 79, 1, 0, 5, 1, 0, 116, 0, 0, 228, 5, 14]
1542736232004;[171, 0, 17, 255, 161, 74, 234, 29, 79, 1, 0, 5, 1, 0, 116, 0, 0, 228, 5, 14]
1542736232006;[171, 0, 17, 255, 161, 74, 234, 29, 79, 1, 0, 7, 1, 0, 116, 0, 0, 227, 4, 252]
1542736232008;[171, 0, 17, 255, 161, 74, 234, 29, 79, 1, 0, 7, 1, 0, 116, 0, 0, 227, 4, 252]
1542736232169;[171, 0, 17, 255, 161, 74, 234, 29, 80, 1, 0, 6, 1, 0, 117, 0, 0, 229, 4, 230]
1542736232171;[171, 0, 17, 255, 161, 74, 234, 29, 80, 1, 0, 6, 1, 0, 117, 0, 0, 229, 4, 230]
1542736232342;[171, 0, 17, 255, 161, 74, 234, 29, 80, 1, 0, 6, 1, 0, 116, 0, 0, 229, 4, 200]
1542736232344;[171, 0, 17, 255, 161, 74, 234, 29, 80, 1, 0, 6, 1, 0, 116, 0, 0, 229, 4, 200]
1542736232346;[171, 0, 17, 255, 161, 74, 234, 29, 80, 1, 0, 4, 1, 0, 115, 0, 0, 228, 4, 158]
1542736232348;[171, 0, 17, 255, 161, 74, 234, 29, 80, 1, 0, 4, 1, 0, 115, 0, 0, 228, 4, 158]
1542736232513;[171, 0, 4, 255, 132, 128, 68]
1542736232516;[171, 0, 4, 255, 132, 128, 68]
1542736232519;[171, 0, 17, 255, 161, 74, 234, 29, 80, 1, 0, 7, 1, 0, 120, 0, 0, 230, 4, 111]
1542736232520;[171, 0, 17, 255, 161, 74, 234, 29, 80, 1, 0, 7, 1, 0, 120, 0, 0, 230, 4, 111]
1542736232880;[171, 0, 17, 255, 161, 74, 234, 29, 80, 1, 0, 6, 1, 0, 116, 0, 0, 229, 4, 54]
1542736232882;[171, 0, 17, 255, 161, 74, 234, 29, 80, 1, 0, 6, 1, 0, 116, 0, 0, 229, 4, 54]
1542736232884;[171, 0, 17, 255, 161, 74, 234, 29, 80, 1, 0, 6, 1, 0, 118, 0, 0, 228, 4, 77]
1542736232885;[171, 0, 17, 255, 161, 74, 234, 29, 80, 1, 0, 6, 1, 0, 118, 0, 0, 228, 4, 77]
1542736232887;[171, 0, 17, 255, 161, 74, 234, 29, 80, 1, 0, 5, 1, 0, 117, 0, 0, 227, 4, 171]
1542736232888;[171, 0, 17, 255, 161, 74, 234, 29, 80, 1, 0, 5, 1, 0, 117, 0, 0, 227, 4, 171]
1542736233033;[171, 0, 17, 255, 161, 74, 234, 29, 80, 1, 0, 4, 1, 0, 117, 0, 0, 230, 4, 206]
1542736233034;[171, 0, 17, 255, 161, 74, 234, 29, 80, 1, 0, 4, 1, 0, 117, 0, 0, 230, 4, 206]
1542736233037;[171, 0, 17, 255, 161, 74, 234, 29, 80, 1, 0, 4, 1, 0, 117, 0, 0, 227, 4, 201]
1542736233039;[171, 0, 17, 255, 161, 74, 234, 29, 80, 1, 0, 4, 1, 0, 117, 0, 0, 227, 4, 201]
1542736233204;[171, 0, 17, 255, 161, 74, 234, 29, 80, 1, 0, 9, 1, 0, 119, 0, 0, 228, 4, 179]
1542736233206;[171, 0, 17, 255, 161, 74, 234, 29, 80, 1, 0, 9, 1, 0, 119, 0, 0, 228, 4, 179]
1542736233208;[171, 0, 17, 255, 161, 74, 234, 29, 81, 1, 0, 7, 1, 0, 116, 0, 0, 228, 4, 150]
1542736233210;[171, 0, 17, 255, 161, 74, 234, 29, 81, 1, 0, 7, 1, 0, 116, 0, 0, 228, 4, 150]
1542736233550;[171, 0, 17, 255, 161, 74, 234, 29, 81, 1, 0, 6, 1, 0, 119, 0, 0, 227, 4, 110]
1542736233552;[171, 0, 17, 255, 161, 74, 234, 29, 81, 1, 0, 6, 1, 0, 119, 0, 0, 227, 4, 110]
1542736233556;[171, 0, 17, 255, 161, 74, 234, 29, 81, 1, 0, 7, 1, 0, 117, 0, 0, 228, 4, 78]
1542736233558;[171, 0, 17, 255, 161, 74, 234, 29, 81, 1, 0, 7, 1, 0, 117, 0, 0, 228, 4, 78]
1542736233560;[171, 0, 4, 255, 132, 128, 67]
1542736233562;[171, 0, 4, 255, 132, 128, 67]
1542736233723;[171, 0, 17, 255, 161, 74, 234, 29, 81, 1, 0, 5, 1, 0, 116, 0, 0, 228, 4, 42]
1542736233725;[171, 0, 17, 255, 161, 74, 234, 29, 81, 1, 0, 5, 1, 0, 116, 0, 0, 228, 4, 42]
1542736233727;[171, 0, 17, 255, 161, 74, 234, 29, 81, 1, 0, 4, 1, 0, 118, 0, 0, 230, 4, 103]
1542736233729;[171, 0, 17, 255, 161, 74, 234, 29, 81, 1, 0, 4, 1, 0, 118, 0, 0, 230, 4, 103]
1542736234414;[171, 0, 17, 255, 161, 74, 234, 29, 81, 1, 0, 4, 1, 0, 116, 0, 0, 229, 4, 160]
1542736234416;[171, 0, 17, 255, 161, 74, 234, 29, 81, 1, 0, 4, 1, 0, 116, 0, 0, 229, 4, 160]
1542736234419;[171, 0, 17, 255, 161, 74, 234, 29, 81, 1, 0, 6, 1, 0, 118, 0, 0, 227, 4, 172]
1542736234421;[171, 0, 17, 255, 161, 74, 234, 29, 81, 1, 0, 6, 1, 0, 118, 0, 0, 227, 4, 172]
1542736234422;[171, 0, 17, 255, 161, 74, 234, 29, 81, 1, 0, 5, 1, 0, 117, 0, 0, 228, 4, 150]
1542736234424;[171, 0, 17, 255, 161, 74, 234, 29, 81, 1, 0, 5, 1, 0, 117, 0, 0, 228, 4, 150]
1542736234427;[171, 0, 17, 255, 161, 74, 234, 29, 81, 1, 0, 5, 1, 0, 115, 0, 0, 228, 4, 134]
1542736234429;[171, 0, 17, 255, 161, 74, 234, 29, 81, 1, 0, 5, 1, 0, 115, 0, 0, 228, 4, 134]
1542736234587;[171, 0, 17, 255, 161, 74, 234, 29, 81, 1, 0, 5, 1, 0, 114, 0, 0, 226, 4, 101]
1542736234589;[171, 0, 17, 255, 161, 74, 234, 29, 81, 1, 0, 5, 1, 0, 114, 0, 0, 226, 4, 101]
1542736234591;[171, 0, 17, 255, 161, 74, 234, 29, 82, 1, 0, 6, 1, 0, 116, 0, 0, 228, 4, 63]
1542736234593;[171, 0, 17, 255, 161, 74, 234, 29, 82, 1, 0, 6, 1, 0, 116, 0, 0, 228, 4, 63]
1542736234595;[171, 0, 17, 255, 161, 74, 234, 29, 82, 1, 0, 9, 1, 0, 116, 0, 0, 231, 4, 35]
1542736234597;[171, 0, 17, 255, 161, 74, 234, 29, 82, 1, 0, 9, 1, 0, 116, 0, 0, 231, 4, 35]
1542736234600;[171, 0, 17, 255, 161, 74, 234, 29, 82, 1, 0, 5, 1, 0, 119, 0, 0, 228, 4, 114]
1542736234602;[171, 0, 17, 255, 161, 74, 234, 29, 82, 1, 0, 5, 1, 0, 119, 0, 0, 228, 4, 114]
1542736234757;[171, 0, 4, 255, 132, 128, 67]
1542736234760;[171, 0, 4, 255, 132, 128, 67]
1542736234764;[171, 0, 17, 255, 161, 74, 234, 29, 82, 1, 0, 7, 1, 0, 117, 0, 0, 229, 4, 182]
1542736234765;[171, 0, 17, 255, 161, 74, 234, 29, 82, 1, 0, 7, 1, 0, 117, 0, 0, 229, 4, 182]
1542736234930;[171, 0, 17, 255, 161, 74, 234, 29, 82, 1, 0, 6, 1, 0, 117, 0, 0, 228, 4, 185]
1542736234932;[171, 0, 17, 255, 161, 74, 234, 29, 82, 1, 0, 6, 1, 0, 117, 0, 0, 228, 4, 185]
1542736234934;[171, 0, 17, 255, 161, 74, 234, 29, 82, 1, 0, 3, 1, 0, 117, 0, 0, 229, 4, 169]
1542736234936;[171, 0, 17, 255, 161, 74, 234, 29, 82, 1, 0, 3, 1, 0, 117, 0, 0, 229, 4, 169]
1542736235102;[171, 0, 17, 255, 161, 74, 234, 29, 82, 1, 0, 7, 1, 0, 117, 0, 0, 228, 4, 148]
1542736235104;[171, 0, 17, 255, 161, 74, 234, 29, 82, 1, 0, 7, 1, 0, 117, 0, 0, 228, 4, 148]
1542736235107;[171, 0, 17, 255, 161, 74, 234, 29, 82, 1, 0, 9, 1, 0, 118, 0, 0, 229, 4, 121]
1542736235108;[171, 0, 17, 255, 161, 74, 234, 29, 82, 1, 0, 9, 1, 0, 118, 0, 0, 229, 4, 121]
1542736235450;[171, 0, 17, 255, 161, 74, 234, 29, 82, 1, 0, 5, 1, 0, 115, 0, 0, 228, 4, 84]
1542736235453;[171, 0, 17, 255, 161, 74, 234, 29, 82, 1, 0, 5, 1, 0, 115, 0, 0, 228, 4, 84]
1542736235455;[171, 0, 17, 255, 161, 74, 234, 29, 82, 1, 0, 8, 1, 0, 117, 0, 0, 228, 4, 30]
1542736235457;[171, 0, 17, 255, 161, 74, 234, 29, 82, 1, 0, 8, 1, 0, 117, 0, 0, 228, 4, 30]
1542736235459;[171, 0, 17, 255, 161, 74, 234, 29, 83, 1, 0, 5, 1, 0, 117, 0, 0, 229, 4, 26]
1542736235461;[171, 0, 17, 255, 161, 74, 234, 29, 83, 1, 0, 5, 1, 0, 117, 0, 0, 229, 4, 26]
1542736235619;[171, 0, 17, 255, 161, 74, 234, 29, 83, 1, 0, 7, 1, 0, 117, 0, 0, 229, 4, 129]
1542736235621;[171, 0, 17, 255, 161, 74, 234, 29, 83, 1, 0, 7, 1, 0, 117, 0, 0, 229, 4, 129]
1542736235791;[171, 0, 17, 255, 161, 74, 234, 29, 85, 1, 0, 6, 1, 0, 118, 0, 0, 228, 4, 29]
1542736235793;[171, 0, 17, 255, 161, 74, 234, 29, 85, 1, 0, 6, 1, 0, 118, 0, 0, 228, 4, 29]
1542736235963;[171, 0, 17, 255, 161, 74, 234, 29, 85, 1, 0, 6, 1, 0, 117, 0, 0, 229, 3, 235]
1542736235965;[171, 0, 17, 255, 161, 74, 234, 29, 85, 1, 0, 6, 1, 0, 117, 0, 0, 229, 3, 235]
1542736236137;[171, 0, 17, 255, 161, 74, 234, 29, 85, 1, 0, 7, 1, 0, 118, 0, 0, 228, 3, 196]
1542736236139;[171, 0, 17, 255, 161, 74, 234, 29, 85, 1, 0, 7, 1, 0, 118, 0, 0, 228, 3, 196]
1542736236142;[171, 0, 17, 255, 161, 74, 234, 29, 85, 1, 0, 4, 1, 0, 117, 0, 0, 228, 4, 12]
1542736236144;[171, 0, 17, 255, 161, 74, 234, 29, 85, 1, 0, 4, 1, 0, 117, 0, 0, 228, 4, 12]
1542736236309;[171, 0, 17, 255, 161, 74, 234, 29, 85, 1, 0, 4, 1, 0, 116, 0, 0, 226, 4, 64]
1542736236312;[171, 0, 17, 255, 161, 74, 234, 29, 85, 1, 0, 4, 1, 0, 116, 0, 0, 226, 4, 64]
1542736236658;[171, 0, 17, 255, 161, 74, 234, 29, 85, 1, 0, 8, 1, 0, 115, 0, 0, 227, 4, 74]
1542736236660;[171, 0, 17, 255, 161, 74, 234, 29, 85, 1, 0, 8, 1, 0, 115, 0, 0, 227, 4, 74]
1542736236664;[171, 0, 17, 255, 161, 74, 234, 29, 85, 1, 0, 5, 1, 0, 117, 0, 0, 229, 4, 41]
1542736236666;[171, 0, 17, 255, 161, 74, 234, 29, 85, 1, 0, 5, 1, 0, 117, 0, 0, 229, 4, 41]
1542736236668;[171, 0, 17, 255, 161, 74, 234, 29, 86, 1, 0, 7, 1, 0, 116, 0, 0, 227, 4, 15]
1542736236670;[171, 0, 17, 255, 161, 74, 234, 29, 86, 1, 0, 7, 1, 0, 116, 0, 0, 227, 4, 15]
1542736236671;[171, 0, 17, 255, 161, 74, 234, 29, 86, 1, 0, 7, 1, 0, 117, 0, 0, 228, 3, 229]
1542736236673;[171, 0, 17, 255, 161, 74, 234, 29, 86, 1, 0, 7, 1, 0, 117, 0, 0, 228, 3, 229]
1542736236827;[171, 0, 17, 255, 161, 74, 234, 29, 86, 1, 0, 7, 1, 0, 118, 0, 0, 228, 3, 189]
1542736236830;[171, 0, 17, 255, 161, 74, 234, 29, 86, 1, 0, 7, 1, 0, 118, 0, 0, 228, 3, 189]
1542736236832;[171, 0, 4, 255, 132, 128, 67]
1542736236834;[171, 0, 4, 255, 132, 128, 67]
1542736237001;[171, 0, 17, 255, 161, 74, 234, 29, 86, 1, 0, 7, 1, 0, 117, 0, 0, 229, 3, 135]
1542736237002;[171, 0, 17, 255, 161, 74, 234, 29, 86, 1, 0, 7, 1, 0, 117, 0, 0, 229, 3, 135]
1542736237005;[171, 0, 17, 255, 161, 74, 234, 29, 86, 1, 0, 5, 1, 0, 116, 0, 0, 227, 3, 75]
1542736237007;[171, 0, 17, 255, 161, 74, 234, 29, 86, 1, 0, 5, 1, 0, 116, 0, 0, 227, 3, 75]
1542736237172;[171, 0, 17, 255, 161, 74, 234, 29, 86, 1, 0, 6, 1, 0, 116, 0, 0, 229, 3, 105]
1542736237174;[171, 0, 17, 255, 161, 74, 234, 29, 86, 1, 0, 6, 1, 0, 116, 0, 0, 229, 3, 105]
1542736237344;[171, 0, 17, 255, 161, 74, 234, 29, 86, 1, 0, 5, 1, 0, 115, 0, 0, 228, 3, 169]
1542736237346;[171, 0, 17, 255, 161, 74, 234, 29, 86, 1, 0, 5, 1, 0, 115, 0, 0, 228, 3, 169]
1542736237349;[171, 0, 17, 255, 161, 74, 234, 29, 86, 1, 0, 6, 1, 0, 116, 0, 0, 228, 3, 190]
1542736237351;[171, 0, 17, 255, 161, 74, 234, 29, 86, 1, 0, 6, 1, 0, 116, 0, 0, 228, 3, 190]
1542736237692;[171, 0, 17, 255, 161, 74, 234, 29, 86, 1, 0, 2, 1, 0, 115, 0, 0, 228, 3, 175]
1542736237694;[171, 0, 17, 255, 161, 74, 234, 29, 86, 1, 0, 2, 1, 0, 115, 0, 0, 228, 3, 175]
1542736237699;[171, 0, 17, 255, 161, 74, 234, 29, 86, 1, 0, 5, 1, 0, 115, 0, 0, 228, 3, 146]
1542736237701;[171, 0, 17, 255, 161, 74, 234, 29, 86, 1, 0, 5, 1, 0, 115, 0, 0, 228, 3, 146]
1542736237703;[171, 0, 17, 255, 161, 74, 234, 29, 87, 1, 0, 7, 1, 0, 116, 0, 0, 228, 3, 110]
1542736237705;[171, 0, 17, 255, 161, 74, 234, 29, 87, 1, 0, 7, 1, 0, 116, 0, 0, 228, 3, 110]
1542736237707;[171, 0, 17, 255, 161, 74, 234, 29, 87, 1, 0, 5, 1, 0, 118, 0, 0, 227, 3, 64]
1542736237708;[171, 0, 17, 255, 161, 74, 234, 29, 87, 1, 0, 5, 1, 0, 118, 0, 0, 227, 3, 64]
1542736238037;[171, 0, 17, 255, 161, 74, 234, 29, 87, 1, 0, 5, 1, 0, 116, 0, 0, 229, 3, 17]
1542736238040;[171, 0, 17, 255, 161, 74, 234, 29, 87, 1, 0, 5, 1, 0, 116, 0, 0, 229, 3, 17]
1542736238043;[171, 0, 4, 255, 132, 128, 68]
1542736238045;[171, 0, 4, 255, 132, 128, 68]
1542736238048;[171, 0, 17, 255, 161, 74, 234, 29, 87, 1, 0, 8, 1, 0, 116, 0, 0, 230, 2, 215]
1542736238050;[171, 0, 17, 255, 161, 74, 234, 29, 87, 1, 0, 8, 1, 0, 116, 0, 0, 230, 2, 215]
1542736238207;[171, 0, 17, 255, 161, 74, 234, 29, 87, 1, 0, 6, 1, 0, 117, 0, 0, 230, 2, 176]
1542736238209;[171, 0, 17, 255, 161, 74, 234, 29, 87, 1, 0, 6, 1, 0, 117, 0, 0, 230, 2, 176]
1542736238211;[171, 0, 17, 255, 161, 74, 234, 29, 87, 1, 0, 7, 1, 0, 117, 0, 0, 229, 2, 241]
1542736238213;[171, 0, 17, 255, 161, 74, 234, 29, 87, 1, 0, 7, 1, 0, 117, 0, 0, 229, 2, 241]
1542736238379;[171, 0, 17, 255, 161, 74, 234, 29, 87, 1, 0, 6, 1, 0, 117, 0, 0, 227, 3, 27]
1542736238381;[171, 0, 17, 255, 161, 74, 234, 29, 87, 1, 0, 6, 1, 0, 117, 0, 0, 227, 3, 27]
1542736238383;[171, 0, 17, 255, 161, 74, 234, 29, 87, 1, 0, 7, 1, 0, 118, 0, 0, 229, 3, 11]
1542736238385;[171, 0, 17, 255, 161, 74, 234, 29, 87, 1, 0, 7, 1, 0, 118, 0, 0, 229, 3, 11]
1542736238554;[171, 0, 17, 255, 161, 74, 234, 29, 87, 1, 0, 5, 1, 0, 117, 0, 0, 229, 2, 251]
1542736238555;[171, 0, 17, 255, 161, 74, 234, 29, 87, 1, 0, 5, 1, 0, 117, 0, 0, 229, 2, 251]
1542736238725;[171, 0, 17, 255, 161, 74, 234, 29, 87, 1, 0, 8, 1, 0, 117, 0, 0, 227, 2, 227]
1542736238727;[171, 0, 17, 255, 161, 74, 234, 29, 87, 1, 0, 8, 1, 0, 117, 0, 0, 227, 2, 227]
1542736238729;[171, 0, 17, 255, 161, 74, 234, 29, 88, 1, 0, 5, 1, 0, 117, 0, 0, 227, 2, 197]
1542736238731;[171, 0, 17, 255, 161, 74, 234, 29, 88, 1, 0, 5, 1, 0, 117, 0, 0, 227, 2, 197]
1542736238897;[171, 0, 17, 255, 161, 74, 234, 29, 88, 1, 0, 5, 1, 0, 117, 0, 0, 226, 2, 168]
1542736238899;[171, 0, 17, 255, 161, 74, 234, 29, 88, 1, 0, 5, 1, 0, 117, 0, 0, 226, 2, 168]
1542736238906;[171, 0, 17, 255, 161, 74, 234, 29, 88, 1, 0, 6, 1, 0, 118, 0, 0, 228, 2, 124]
1542736238907;[171, 0, 17, 255, 161, 74, 234, 29, 88, 1, 0, 6, 1, 0, 118, 0, 0, 228, 2, 124]
1542736239242;[171, 0, 4, 255, 132, 128, 68]
1542736239245;[171, 0, 4, 255, 132, 128, 68]
1542736239247;[171, 0, 17, 255, 161, 74, 234, 29, 88, 1, 0, 8, 1, 0, 117, 0, 0, 228, 2, 170]
1542736239249;[171, 0, 17, 255, 161, 74, 234, 29, 88, 1, 0, 8, 1, 0, 117, 0, 0, 228, 2, 170]
1542736239589;[171, 0, 17, 255, 161, 74, 234, 29, 88, 1, 0, 5, 1, 0, 116, 0, 0, 228, 2, 231]
1542736239591;[171, 0, 17, 255, 161, 74, 234, 29, 88, 1, 0, 5, 1, 0, 116, 0, 0, 228, 2, 231]
1542736239594;[171, 0, 17, 255, 161, 74, 234, 29, 88, 1, 0, 5, 1, 0, 116, 0, 0, 229, 2, 244]
1542736239595;[171, 0, 17, 255, 161, 74, 234, 29, 88, 1, 0, 5, 1, 0, 116, 0, 0, 229, 2, 244]
1542736239598;[171, 0, 17, 255, 161, 74, 234, 29, 88, 1, 0, 7, 1, 0, 118, 0, 0, 227, 2, 233]
1542736239600;[171, 0, 17, 255, 161, 74, 234, 29, 88, 1, 0, 7, 1, 0, 118, 0, 0, 227, 2, 233]
1542736239602;[171, 0, 17, 255, 161, 74, 234, 29, 88, 1, 0, 5, 1, 0, 116, 0, 0, 228, 2, 214]
1542736239604;[171, 0, 17, 255, 161, 74, 234, 29, 88, 1, 0, 5, 1, 0, 116, 0, 0, 228, 2, 214]
1542736239759;[171, 0, 17, 255, 161, 74, 234, 29, 88, 1, 0, 9, 1, 0, 116, 0, 0, 229, 2, 198]
1542736239761;[171, 0, 17, 255, 161, 74, 234, 29, 88, 1, 0, 9, 1, 0, 116, 0, 0, 229, 2, 198]
1542736239764;[171, 0, 17, 255, 161, 74, 234, 29, 88, 1, 0, 5, 1, 0, 118, 0, 0, 229, 2, 149]
1542736239766;[171, 0, 17, 255, 161, 74, 234, 29, 88, 1, 0, 5, 1, 0, 118, 0, 0, 229, 2, 149]
1542736239933;[171, 0, 17, 255, 161, 74, 234, 29, 89, 1, 0, 6, 1, 0, 118, 0, 0, 228, 2, 105]
1542736239935;[171, 0, 17, 255, 161, 74, 234, 29, 89, 1, 0, 6, 1, 0, 118, 0, 0, 228, 2, 105]
1542736239938;[171, 0, 17, 255, 161, 74, 234, 29, 89, 1, 0, 6, 1, 0, 116, 0, 0, 228, 2, 65]
1542736239940;[171, 0, 17, 255, 161, 74, 234, 29, 89, 1, 0, 6, 1, 0, 116, 0, 0, 228, 2, 65]
1542736240627;[171, 0, 17, 255, 161, 74, 234, 29, 89, 1, 0, 8, 1, 0, 118, 0, 0, 228, 2, 73]
1542736240629;[171, 0, 17, 255, 161, 74, 234, 29, 89, 1, 0, 8, 1, 0, 118, 0, 0, 228, 2, 73]
1542736240631;[171, 0, 4, 255, 132, 128, 68]
1542736240633;[171, 0, 4, 255, 132, 128, 68]
1542736240636;[171, 0, 17, 255, 161, 74, 234, 29, 89, 1, 0, 7, 1, 0, 115, 0, 0, 228, 2, 164]
1542736240637;[171, 0, 17, 255, 161, 74, 234, 29, 89, 1, 0, 7, 1, 0, 115, 0, 0, 228, 2, 164]
1542736240639;[171, 0, 17, 255, 161, 74, 234, 29, 89, 1, 0, 4, 1, 0, 115, 0, 0, 228, 2, 214]
1542736240641;[171, 0, 17, 255, 161, 74, 234, 29, 89, 1, 0, 4, 1, 0, 115, 0, 0, 228, 2, 214]
1542736240797;[171, 0, 17, 255, 161, 74, 234, 29, 89, 1, 0, 7, 1, 0, 116, 0, 0, 226, 2, 222]
1542736240799;[171, 0, 17, 255, 161, 74, 234, 29, 89, 1, 0, 7, 1, 0, 116, 0, 0, 226, 2, 222]
1542736240802;[171, 0, 17, 255, 161, 74, 234, 29, 89, 1, 0, 6, 1, 0, 116, 0, 0, 230, 2, 217]
1542736240804;[171, 0, 17, 255, 161, 74, 234, 29, 89, 1, 0, 6, 1, 0, 116, 0, 0, 230, 2, 217]
1542736240807;[171, 0, 17, 255, 161, 74, 234, 29, 89, 1, 0, 5, 1, 0, 117, 0, 0, 228, 2, 209]
1542736240809;[171, 0, 17, 255, 161, 74, 234, 29, 89, 1, 0, 5, 1, 0, 117, 0, 0, 228, 2, 209]
1542736240810;[171, 0, 17, 255, 161, 74, 234, 29, 89, 1, 0, 6, 1, 0, 117, 0, 0, 229, 2, 194]
1542736240812;[171, 0, 17, 255, 161, 74, 234, 29, 89, 1, 0, 6, 1, 0, 117, 0, 0, 229, 2, 194]
1542736240968;[171, 0, 17, 255, 161, 74, 234, 29, 89, 1, 0, 6, 1, 0, 117, 0, 0, 228, 2, 157]
1542736240971;[171, 0, 17, 255, 161, 74, 234, 29, 89, 1, 0, 6, 1, 0, 117, 0, 0, 228, 2, 157]
1542736240973;[171, 0, 17, 255, 161, 74, 234, 29, 90, 1, 0, 5, 1, 0, 118, 0, 0, 228, 2, 120]
1542736240974;[171, 0, 17, 255, 161, 74, 234, 29, 90, 1, 0, 5, 1, 0, 118, 0, 0, 228, 2, 120]
1542736241140;[171, 0, 17, 255, 161, 74, 234, 29, 90, 1, 0, 4, 1, 0, 117, 0, 0, 228, 2, 77]
1542736241142;[171, 0, 17, 255, 161, 74, 234, 29, 90, 1, 0, 4, 1, 0, 117, 0, 0, 228, 2, 77]
1542736241143;[171, 0, 17, 255, 161, 74, 234, 29, 90, 1, 0, 6, 1, 0, 118, 0, 0, 228, 2, 118]
1542736241145;[171, 0, 17, 255, 161, 74, 234, 29, 90, 1, 0, 6, 1, 0, 118, 0, 0, 228, 2, 118]
1542736241312;[171, 0, 4, 255, 132, 128, 68]
1542736241315;[171, 0, 4, 255, 132, 128, 68]
1542736241317;[171, 0, 17, 255, 161, 74, 234, 29, 90, 1, 0, 6, 1, 0, 117, 0, 0, 228, 2, 230]
1542736241319;[171, 0, 17, 255, 161, 74, 234, 29, 90, 1, 0, 6, 1, 0, 117, 0, 0, 228, 2, 230]
1542736241484;[171, 0, 17, 255, 161, 74, 234, 29, 90, 1, 0, 5, 1, 0, 117, 0, 0, 227, 3, 18]
1542736241486;[171, 0, 17, 255, 161, 74, 234, 29, 90, 1, 0, 5, 1, 0, 117, 0, 0, 227, 3, 18]
1542736241489;[171, 0, 17, 255, 161, 74, 234, 29, 90, 1, 0, 4, 1, 0, 115, 0, 0, 228, 3, 25]
1542736241491;[171, 0, 17, 255, 161, 74, 234, 29, 90, 1, 0, 4, 1, 0, 115, 0, 0, 228, 3, 25]
1542736241830;[171, 0, 17, 255, 161, 74, 234, 29, 90, 1, 0, 8, 1, 0, 117, 0, 0, 230, 3, 29]
1542736241832;[171, 0, 17, 255, 161, 74, 234, 29, 90, 1, 0, 8, 1, 0, 117, 0, 0, 230, 3, 29]
1542736241835;[171, 0, 17, 255, 161, 74, 234, 29, 90, 1, 0, 6, 1, 0, 119, 0, 0, 228, 3, 13]
1542736241837;[171, 0, 17, 255, 161, 74, 234, 29, 90, 1, 0, 6, 1, 0, 119, 0, 0, 228, 3, 13]
1542736241839;[171, 0, 17, 255, 161, 74, 234, 29, 90, 1, 0, 6, 1, 0, 117, 0, 0, 228, 2, 248]
1542736241841;[171, 0, 17, 255, 161, 74, 234, 29, 90, 1, 0, 6, 1, 0, 117, 0, 0, 228, 2, 248]
1542736242003;[171, 0, 17, 255, 161, 74, 234, 29, 90, 1, 0, 5, 1, 0, 116, 0, 0, 229, 2, 211]
1542736242005;[171, 0, 17, 255, 161, 74, 234, 29, 90, 1, 0, 5, 1, 0, 116, 0, 0, 229, 2, 211]
1542736242007;[171, 0, 17, 255, 161, 74, 234, 29, 91, 1, 0, 5, 1, 0, 119, 0, 0, 227, 2, 175]
1542736242009;[171, 0, 17, 255, 161, 74, 234, 29, 91, 1, 0, 5, 1, 0, 119, 0, 0, 227, 2, 175]
1542736242174;[171, 0, 17, 255, 161, 74, 234, 29, 91, 1, 0, 6, 1, 0, 117, 0, 0, 227, 2, 235]
1542736242176;[171, 0, 17, 255, 161, 74, 234, 29, 91, 1, 0, 6, 1, 0, 117, 0, 0, 227, 2, 235]
1542736242179;[171, 0, 17, 255, 161, 74, 234, 29, 91, 1, 0, 5, 1, 0, 115, 0, 0, 228, 3, 74]
1542736242181;[171, 0, 17, 255, 161, 74, 234, 29, 91, 1, 0, 5, 1, 0, 115, 0, 0, 228, 3, 74]
1542736242521;[171, 0, 4, 255, 132, 128, 68]
1542736242524;[171, 0, 4, 255, 132, 128, 68]
1542736242526;[171, 0, 17, 255, 161, 74, 234, 29, 91, 1, 0, 7, 1, 0, 116, 0, 0, 227, 3, 109]
1542736242528;[171, 0, 17, 255, 161, 74, 234, 29, 91, 1, 0, 7, 1, 0, 116, 0, 0, 227, 3, 109]
1542736242530;[171, 0, 17, 255, 161, 74, 234, 29, 91, 1, 0, 5, 1, 0, 118, 0, 0, 228, 3, 97]
1542736242532;[171, 0, 17, 255, 161, 74, 234, 29, 91, 1, 0, 5, 1, 0, 118, 0, 0, 228, 3, 97]
1542736242693;[171, 0, 17, 255, 161, 74, 234, 29, 91, 1, 0, 5, 1, 0, 116, 0, 0, 230, 3, 82]
1542736242694;[171, 0, 17, 255, 161, 74, 234, 29, 91, 1, 0, 5, 1, 0, 116, 0, 0, 230, 3, 82]
1542736243039;[171, 0, 17, 255, 161, 74, 234, 29, 91, 1, 0, 4, 1, 0, 117, 0, 0, 226, 3, 67]
1542736243041;[171, 0, 17, 255, 161, 74, 234, 29, 91, 1, 0, 4, 1, 0, 117, 0, 0, 226, 3, 67]
1542736243044;[171, 0, 17, 255, 161, 74, 234, 29, 91, 1, 0, 7, 1, 0, 116, 0, 0, 228, 3, 28]
1542736243046;[171, 0, 17, 255, 161, 74, 234, 29, 91, 1, 0, 7, 1, 0, 116, 0, 0, 228, 3, 28]
1542736243048;[171, 0, 17, 255, 161, 74, 234, 29, 91, 1, 0, 6, 1, 0, 116, 0, 0, 229, 2, 253]
1542736243050;[171, 0, 17, 255, 161, 74, 234, 29, 91, 1, 0, 6, 1, 0, 116, 0, 0, 229, 2, 253]
1542736243051;[171, 0, 17, 255, 161, 74, 234, 29, 91, 1, 0, 7, 1, 0, 116, 0, 0, 228, 2, 218]
1542736243053;[171, 0, 17, 255, 161, 74, 234, 29, 91, 1, 0, 7, 1, 0, 116, 0, 0, 228, 2, 218]
1542736243209;[171, 0, 17, 255, 161, 74, 234, 29, 92, 1, 0, 6, 1, 0, 116, 0, 0, 228, 3, 61]
1542736243211;[171, 0, 17, 255, 161, 74, 234, 29, 92, 1, 0, 6, 1, 0, 116, 0, 0, 228, 3, 61]
1542736243214;[171, 0, 17, 255, 161, 74, 234, 29, 92, 1, 0, 5, 1, 0, 117, 0, 0, 228, 3, 141]
1542736243216;[171, 0, 17, 255, 161, 74, 234, 29, 92, 1, 0, 5, 1, 0, 117, 0, 0, 228, 3, 141]
1542736243385;[171, 0, 17, 255, 161, 74, 234, 29, 92, 1, 0, 7, 1, 0, 117, 0, 0, 228, 3, 165]
1542736243387;[171, 0, 17, 255, 161, 74, 234, 29, 92, 1, 0, 7, 1, 0, 117, 0, 0, 228, 3, 165]
1542736243389;[171, 0, 4, 255, 132, 128, 67]
1542736243391;[171, 0, 4, 255, 132, 128, 67]
1542736243554;[171, 0, 17, 255, 161, 74, 234, 29, 92, 1, 0, 6, 1, 0, 115, 0, 0, 228, 3, 156]
1542736243556;[171, 0, 17, 255, 161, 74, 234, 29, 92, 1, 0, 6, 1, 0, 115, 0, 0, 228, 3, 156]
1542736243727;[171, 0, 17, 255, 161, 74, 234, 29, 92, 1, 0, 5, 1, 0, 118, 0, 0, 228, 3, 137]
1542736243730;[171, 0, 17, 255, 161, 74, 234, 29, 92, 1, 0, 5, 1, 0, 118, 0, 0, 228, 3, 137]
1542736243732;[171, 0, 17, 255, 161, 74, 234, 29, 92, 1, 0, 4, 1, 0, 118, 0, 0, 229, 3, 105]
1542736243733;[171, 0, 17, 255, 161, 74, 234, 29, 92, 1, 0, 4, 1, 0, 118, 0, 0, 229, 3, 105]
1542736243899;[171, 0, 17, 255, 161, 74, 234, 29, 92, 1, 0, 6, 1, 0, 117, 0, 0, 228, 3, 63]
1542736243901;[171, 0, 17, 255, 161, 74, 234, 29, 92, 1, 0, 6, 1, 0, 117, 0, 0, 228, 3, 63]
1542736243903;[171, 0, 17, 255, 161, 74, 234, 29, 92, 1, 0, 7, 1, 0, 117, 0, 0, 227, 3, 17]
1542736243905;[171, 0, 17, 255, 161, 74, 234, 29, 92, 1, 0, 7, 1, 0, 117, 0, 0, 227, 3, 17]
1542736244073;[171, 0, 17, 255, 161, 74, 234, 29, 92, 1, 0, 6, 1, 0, 118, 0, 0, 227, 2, 230]
1542736244075;[171, 0, 17, 255, 161, 74, 234, 29, 92, 1, 0, 6, 1, 0, 118, 0, 0, 227, 2, 230]
1542736244419;[171, 0, 17, 255, 161, 74, 234, 29, 92, 1, 0, 8, 1, 0, 117, 0, 0, 228, 2, 191]
1542736244424;[171, 0, 17, 255, 161, 74, 234, 29, 92, 1, 0, 8, 1, 0, 117, 0, 0, 228, 2, 191]
1542736244426;[171, 0, 17, 255, 161, 74, 234, 29, 93, 1, 0, 6, 1, 0, 117, 0, 0, 228, 3, 16]
1542736244428;[171, 0, 17, 255, 161, 74, 234, 29, 93, 1, 0, 6, 1, 0, 117, 0, 0, 228, 3, 16]
1542736244437;[171, 0, 17, 255, 161, 74, 234, 29, 93, 1, 0, 4, 1, 0, 117, 0, 0, 228, 3, 91]
1542736244438;[171, 0, 17, 255, 161, 74, 234, 29, 93, 1, 0, 4, 1, 0, 117, 0, 0, 228, 3, 91]
1542736244442;[171, 0, 17, 255, 161, 74, 234, 29, 93, 1, 0, 7, 1, 0, 116, 0, 0, 228, 3, 100]
1542736244443;[171, 0, 17, 255, 161, 74, 234, 29, 93, 1, 0, 7, 1, 0, 116, 0, 0, 228, 3, 100]
1542736244587;[171, 0, 4, 255, 132, 128, 67]
1542736244594;[171, 0, 4, 255, 132, 128, 67]
1542736244608;[171, 0, 17, 255, 161, 74, 234, 29, 93, 1, 0, 6, 1, 0, 117, 0, 0, 228, 3, 85]
1542736244609;[171, 0, 17, 255, 161, 74, 234, 29, 93, 1, 0, 6, 1, 0, 117, 0, 0, 228, 3, 85]
1542736244762;[171, 0, 17, 255, 161, 74, 234, 29, 93, 1, 0, 2, 1, 0, 117, 0, 0, 228, 3, 65]
1542736244764;[171, 0, 17, 255, 161, 74, 234, 29, 93, 1, 0, 2, 1, 0, 117, 0, 0, 228, 3, 65]
1542736244934;[171, 0, 17, 255, 161, 74, 234, 29, 93, 1, 0, 6, 1, 0, 116, 0, 0, 227, 3, 25]
1542736244936;[171, 0, 17, 255, 161, 74, 234, 29, 93, 1, 0, 6, 1, 0, 116, 0, 0, 227, 3, 25]
1542736244938;[171, 0, 17, 255, 161, 74, 234, 29, 93, 1, 0, 6, 1, 0, 114, 0, 0, 229, 2, 240]
1542736244940;[171, 0, 17, 255, 161, 74, 234, 29, 93, 1, 0, 6, 1, 0, 114, 0, 0, 229, 2, 240]
1542736245107;[171, 0, 17, 255, 161, 74, 234, 29, 93, 1, 0, 6, 1, 0, 116, 0, 0, 227, 2, 201]
1542736245109;[171, 0, 17, 255, 161, 74, 234, 29, 93, 1, 0, 6, 1, 0, 116, 0, 0, 227, 2, 201]
1542736245112;[171, 0, 17, 255, 161, 74, 234, 29, 93, 1, 0, 4, 1, 0, 116, 0, 0, 226, 2, 148]
1542736245114;[171, 0, 17, 255, 161, 74, 234, 29, 93, 1, 0, 4, 1, 0, 116, 0, 0, 226, 2, 148]
1542736245634;[171, 0, 17, 255, 161, 74, 234, 29, 93, 1, 0, 7, 1, 0, 117, 0, 0, 227, 2, 153]
1542736245636;[171, 0, 17, 255, 161, 74, 234, 29, 93, 1, 0, 7, 1, 0, 117, 0, 0, 227, 2, 153]
1542736245638;[171, 0, 17, 255, 161, 74, 234, 29, 94, 1, 0, 6, 1, 0, 119, 0, 0, 228, 2, 235]
1542736245640;[171, 0, 17, 255, 161, 74, 234, 29, 94, 1, 0, 6, 1, 0, 119, 0, 0, 228, 2, 235]
1542736245642;[171, 0, 17, 255, 161, 74, 234, 29, 94, 1, 0, 5, 1, 0, 117, 0, 0, 229, 3, 9]
1542736245644;[171, 0, 17, 255, 161, 74, 234, 29, 94, 1, 0, 5, 1, 0, 117, 0, 0, 229, 3, 9]
1542736245646;[171, 0, 17, 255, 161, 74, 234, 29, 94, 1, 0, 5, 1, 0, 119, 0, 0, 230, 2, 255]
1542736245648;[171, 0, 17, 255, 161, 74, 234, 29, 94, 1, 0, 5, 1, 0, 119, 0, 0, 230, 2, 255]
1542736245800;[171, 0, 4, 255, 132, 128, 67]
1542736245803;[171, 0, 4, 255, 132, 128, 67]
1542736245806;[171, 0, 17, 255, 161, 74, 234, 29, 94, 1, 0, 6, 1, 0, 118, 0, 0, 229, 2, 230]
1542736245807;[171, 0, 17, 255, 161, 74, 234, 29, 94, 1, 0, 6, 1, 0, 118, 0, 0, 229, 2, 230]
1542736245809;[171, 0, 17, 255, 161, 74, 234, 29, 94, 1, 0, 6, 1, 0, 117, 0, 0, 227, 2, 201]
1542736245811;[171, 0, 17, 255, 161, 74, 234, 29, 94, 1, 0, 6, 1, 0, 117, 0, 0, 227, 2, 201]
1542736245969;[171, 0, 17, 255, 161, 74, 234, 29, 94, 1, 0, 9, 1, 0, 115, 0, 0, 229, 2, 171]
1542736245971;[171, 0, 17, 255, 161, 74, 234, 29, 94, 1, 0, 9, 1, 0, 115, 0, 0, 229, 2, 171]
1542736246142;[171, 0, 17, 255, 161, 74, 234, 29, 94, 1, 0, 7, 1, 0, 116, 0, 0, 227, 2, 116]
1542736246144;[171, 0, 17, 255, 161, 74, 234, 29, 94, 1, 0, 7, 1, 0, 116, 0, 0, 227, 2, 116]
1542736246146;[171, 0, 17, 255, 161, 74, 234, 29, 94, 1, 0, 7, 1, 0, 116, 0, 0, 228, 2, 77]
1542736246148;[171, 0, 17, 255, 161, 74, 234, 29, 94, 1, 0, 7, 1, 0, 116, 0, 0, 228, 2, 77]
1542736246314;[171, 0, 17, 255, 161, 74, 234, 29, 94, 1, 0, 7, 1, 0, 117, 0, 0, 227, 2, 149]
1542736246317;[171, 0, 17, 255, 161, 74, 234, 29, 94, 1, 0, 7, 1, 0, 117, 0, 0, 227, 2, 149]
1542736246318;[171, 0, 17, 255, 161, 74, 234, 29, 94, 1, 0, 7, 1, 0, 117, 0, 0, 226, 2, 205]
1542736246320;[171, 0, 17, 255, 161, 74, 234, 29, 94, 1, 0, 7, 1, 0, 117, 0, 0, 226, 2, 205]
1542736246488;[171, 0, 17, 255, 161, 74, 234, 29, 95, 1, 0, 5, 1, 0, 115, 0, 0, 228, 2, 209]
1542736246494;[171, 0, 17, 255, 161, 74, 234, 29, 95, 1, 0, 5, 1, 0, 115, 0, 0, 228, 2, 209]
1542736246496;[171, 0, 17, 255, 161, 74, 234, 29, 95, 1, 0, 7, 1, 0, 117, 0, 0, 228, 2, 194]
1542736246498;[171, 0, 17, 255, 161, 74, 234, 29, 95, 1, 0, 7, 1, 0, 117, 0, 0, 228, 2, 194]
1542736246659;[171, 0, 17, 255, 161, 74, 234, 29, 95, 1, 0, 6, 1, 0, 118, 0, 0, 228, 2, 168]
1542736246661;[171, 0, 17, 255, 161, 74, 234, 29, 95, 1, 0, 6, 1, 0, 118, 0, 0, 228, 2, 168]
1542736247005;[171, 0, 4, 255, 132, 128, 67]
1542736247008;[171, 0, 4, 255, 132, 128, 67]
1542736247011;[171, 0, 17, 255, 161, 74, 234, 29, 95, 1, 0, 6, 1, 0, 117, 0, 0, 228, 2, 130]
1542736247013;[171, 0, 17, 255, 161, 74, 234, 29, 95, 1, 0, 6, 1, 0, 117, 0, 0, 228, 2, 130]
1542736247015;[171, 0, 17, 255, 161, 74, 234, 29, 95, 1, 0, 5, 1, 0, 118, 0, 0, 228, 2, 85]
1542736247017;[171, 0, 17, 255, 161, 74, 234, 29, 95, 1, 0, 5, 1, 0, 118, 0, 0, 228, 2, 85]
1542736247019;[171, 0, 17, 255, 161, 74, 234, 29, 95, 1, 0, 6, 1, 0, 117, 0, 0, 229, 2, 35]
1542736247021;[171, 0, 17, 255, 161, 74, 234, 29, 95, 1, 0, 6, 1, 0, 117, 0, 0, 229, 2, 35]
1542736247177;[171, 0, 17, 255, 161, 74, 234, 29, 95, 1, 0, 5, 1, 0, 117, 0, 0, 227, 1, 241]
1542736247179;[171, 0, 17, 255, 161, 74, 234, 29, 95, 1, 0, 5, 1, 0, 117, 0, 0, 227, 1, 241]
1542736247182;[171, 0, 17, 255, 161, 74, 234, 29, 95, 1, 0, 7, 1, 0, 117, 0, 0, 228, 2, 1]
1542736247183;[171, 0, 17, 255, 161, 74, 234, 29, 95, 1, 0, 7, 1, 0, 117, 0, 0, 228, 2, 1]
1542736247349;[171, 0, 17, 255, 161, 74, 234, 29, 95, 1, 0, 6, 1, 0, 115, 0, 0, 226, 2, 100]
1542736247351;[171, 0, 17, 255, 161, 74, 234, 29, 95, 1, 0, 6, 1, 0, 115, 0, 0, 226, 2, 100]
1542736247522;[171, 0, 17, 255, 161, 74, 234, 29, 95, 1, 0, 6, 1, 0, 117, 0, 0, 230, 2, 123]
1542736247523;[171, 0, 17, 255, 161, 74, 234, 29, 95, 1, 0, 6, 1, 0, 117, 0, 0, 230, 2, 123]
1542736247526;[171, 0, 17, 255, 161, 74, 234, 29, 96, 1, 0, 7, 1, 0, 117, 0, 0, 228, 2, 109]
1542736247527;[171, 0, 17, 255, 161, 74, 234, 29, 96, 1, 0, 7, 1, 0, 117, 0, 0, 228, 2, 109]
1542736247695;[171, 0, 17, 255, 161, 74, 234, 29, 96, 1, 0, 6, 1, 0, 117, 0, 0, 229, 2, 85]
1542736247697;[171, 0, 17, 255, 161, 74, 234, 29, 96, 1, 0, 6, 1, 0, 117, 0, 0, 229, 2, 85]
1542736247703;[171, 0, 17, 255, 161, 74, 234, 29, 96, 1, 0, 5, 1, 0, 115, 0, 0, 227, 2, 58]
1542736247705;[171, 0, 17, 255, 161, 74, 234, 29, 96, 1, 0, 5, 1, 0, 115, 0, 0, 227, 2, 58]
1542736247866;[171, 0, 4, 255, 132, 128, 67]
1542736247869;[171, 0, 4, 255, 132, 128, 67]
1542736248392;[171, 0, 17, 255, 161, 74, 234, 29, 96, 1, 0, 7, 1, 0, 115, 0, 0, 228, 2, 14]
1542736248394;[171, 0, 17, 255, 161, 74, 234, 29, 96, 1, 0, 7, 1, 0, 115, 0, 0, 228, 2, 14]
1542736248396;[171, 0, 17, 255, 161, 74, 234, 29, 96, 1, 0, 7, 1, 0, 117, 0, 0, 228, 1, 223]
1542736248398;[171, 0, 17, 255, 161, 74, 234, 29, 96, 1, 0, 7, 1, 0, 117, 0, 0, 228, 1, 223]
1542736248400;[171, 0, 17, 255, 161, 74, 234, 29, 96, 1, 0, 4, 1, 0, 115, 0, 0, 228, 1, 167]
1542736248402;[171, 0, 17, 255, 161, 74, 234, 29, 96, 1, 0, 4, 1, 0, 115, 0, 0, 228, 1, 167]
1542736248404;[171, 0, 17, 255, 161, 74, 234, 29, 96, 1, 0, 5, 1, 0, 117, 0, 0, 228, 1, 162]
1542736248406;[171, 0, 17, 255, 161, 74, 234, 29, 96, 1, 0, 5, 1, 0, 117, 0, 0, 228, 1, 162]
1542736248558;[171, 0, 17, 255, 161, 74, 234, 29, 96, 1, 0, 6, 1, 0, 118, 0, 0, 229, 1, 247]
1542736248560;[171, 0, 17, 255, 161, 74, 234, 29, 96, 1, 0, 6, 1, 0, 118, 0, 0, 229, 1, 247]
1542736248563;[171, 0, 17, 255, 161, 74, 234, 29, 96, 1, 0, 5, 1, 0, 118, 0, 0, 230, 2, 31]
1542736248565;[171, 0, 17, 255, 161, 74, 234, 29, 96, 1, 0, 5, 1, 0, 118, 0, 0, 230, 2, 31]
1542736248567;[171, 0, 17, 255, 161, 74, 234, 29, 96, 1, 0, 7, 1, 0, 115, 0, 0, 227, 2, 25]
1542736248569;[171, 0, 17, 255, 161, 74, 234, 29, 96, 1, 0, 7, 1, 0, 115, 0, 0, 227, 2, 25]
1542736248729;[171, 0, 17, 255, 161, 74, 234, 29, 97, 1, 0, 6, 1, 0, 117, 0, 0, 229, 2, 2]
1542736248732;[171, 0, 17, 255, 161, 74, 234, 29, 97, 1, 0, 6, 1, 0, 117, 0, 0, 229, 2, 2]
1542736248734;[171, 0, 17, 255, 161, 74, 234, 29, 97, 1, 0, 6, 1, 0, 115, 0, 0, 230, 1, 236]
1542736248736;[171, 0, 17, 255, 161, 74, 234, 29, 97, 1, 0, 6, 1, 0, 115, 0, 0, 230, 1, 236]
1542736248903;[171, 0, 17, 255, 161, 74, 234, 29, 97, 1, 0, 6, 1, 0, 116, 0, 0, 228, 1, 197]
1542736248905;[171, 0, 17, 255, 161, 74, 234, 29, 97, 1, 0, 6, 1, 0, 116, 0, 0, 228, 1, 197]
1542736248907;[171, 0, 4, 255, 132, 128, 67]
1542736248909;[171, 0, 4, 255, 132, 128, 67]
1542736249767;[171, 0, 17, 255, 161, 74, 234, 29, 97, 1, 0, 5, 1, 0, 115, 0, 0, 227, 1, 150]
1542736249769;[171, 0, 17, 255, 161, 74, 234, 29, 97, 1, 0, 5, 1, 0, 115, 0, 0, 227, 1, 150]
1542736249771;[171, 0, 17, 255, 161, 74, 234, 29, 97, 1, 0, 7, 1, 0, 115, 0, 0, 228, 1, 104]
1542736249773;[171, 0, 17, 255, 161, 74, 234, 29, 97, 1, 0, 7, 1, 0, 115, 0, 0, 228, 1, 104]
1542736249775;[171, 0, 17, 255, 161, 74, 234, 29, 97, 1, 0, 5, 1, 0, 117, 0, 0, 227, 1, 73]
1542736249777;[171, 0, 17, 255, 161, 74, 234, 29, 97, 1, 0, 5, 1, 0, 117, 0, 0, 227, 1, 73]
1542736249780;[171, 0, 17, 255, 161, 74, 234, 29, 97, 1, 0, 8, 1, 0, 119, 0, 0, 230, 1, 141]
1542736249782;[171, 0, 17, 255, 161, 74, 234, 29, 97, 1, 0, 8, 1, 0, 119, 0, 0, 230, 1, 141]
1542736249936;[171, 0, 17, 255, 161, 74, 234, 29, 97, 1, 0, 7, 1, 0, 115, 0, 0, 229, 1, 189]
1542736249938;[171, 0, 17, 255, 161, 74, 234, 29, 97, 1, 0, 7, 1, 0, 115, 0, 0, 229, 1, 189]
1542736250113;[171, 0, 17, 255, 161, 74, 234, 29, 97, 1, 0, 6, 1, 0, 117, 0, 0, 228, 1, 190]
1542736250115;[171, 0, 17, 255, 161, 74, 234, 29, 97, 1, 0, 6, 1, 0, 117, 0, 0, 228, 1, 190]
1542736250117;[171, 0, 17, 255, 161, 74, 234, 29, 97, 1, 0, 7, 1, 0, 118, 0, 0, 228, 1, 168]
1542736250119;[171, 0, 17, 255, 161, 74, 234, 29, 97, 1, 0, 7, 1, 0, 118, 0, 0, 228, 1, 168]
1542736250121;[171, 0, 17, 255, 161, 74, 234, 29, 98, 1, 0, 5, 1, 0, 117, 0, 0, 226, 1, 145]
1542736250123;[171, 0, 17, 255, 161, 74, 234, 29, 98, 1, 0, 5, 1, 0, 117, 0, 0, 226, 1, 145]
1542736250125;[171, 0, 17, 255, 161, 74, 234, 29, 98, 1, 0, 6, 1, 0, 116, 0, 0, 229, 1, 105]
1542736250127;[171, 0, 17, 255, 161, 74, 234, 29, 98, 1, 0, 6, 1, 0, 116, 0, 0, 229, 1, 105]
1542736250285;[171, 0, 17, 255, 161, 74, 234, 29, 98, 1, 0, 7, 1, 0, 119, 0, 0, 228, 1, 69]
1542736250286;[171, 0, 17, 255, 161, 74, 234, 29, 98, 1, 0, 7, 1, 0, 119, 0, 0, 228, 1, 69]
1542736250288;[171, 0, 4, 255, 132, 128, 67]
1542736250291;[171, 0, 4, 255, 132, 128, 67]
1542736250294;[171, 0, 17, 255, 161, 74, 234, 29, 98, 1, 0, 7, 1, 0, 118, 0, 0, 229, 1, 64]
1542736250295;[171, 0, 17, 255, 161, 74, 234, 29, 98, 1, 0, 7, 1, 0, 118, 0, 0, 229, 1, 64]
1542736250298;[171, 0, 17, 255, 161, 74, 234, 29, 98, 1, 0, 7, 1, 0, 114, 0, 0, 227, 1, 144]
1542736250300;[171, 0, 17, 255, 161, 74, 234, 29, 98, 1, 0, 7, 1, 0, 114, 0, 0, 227, 1, 144]
1542736250454;[171, 0, 17, 255, 161, 74, 234, 29, 98, 1, 0, 6, 1, 0, 118, 0, 0, 227, 1, 181]
1542736250456;[171, 0, 17, 255, 161, 74, 234, 29, 98, 1, 0, 6, 1, 0, 118, 0, 0, 227, 1, 181]
1542736250803;[171, 0, 17, 255, 161, 74, 234, 29, 98, 1, 0, 4, 1, 0, 119, 0, 0, 229, 1, 172]
1542736250805;[171, 0, 17, 255, 161, 74, 234, 29, 98, 1, 0, 4, 1, 0, 119, 0, 0, 229, 1, 172]
1542736250811;[171, 0, 17, 255, 161, 74, 234, 29, 98, 1, 0, 9, 1, 0, 117, 0, 0, 228, 1, 154]
1542736250813;[171, 0, 17, 255, 161, 74, 234, 29, 98, 1, 0, 9, 1, 0, 117, 0, 0, 228, 1, 154]
1542736250815;[171, 0, 17, 255, 161, 74, 234, 29, 98, 1, 0, 3, 1, 0, 118, 0, 0, 229, 1, 131]
1542736250817;[171, 0, 17, 255, 161, 74, 234, 29, 98, 1, 0, 3, 1, 0, 118, 0, 0, 229, 1, 131]
1542736250818;[171, 0, 17, 255, 161, 74, 234, 29, 98, 1, 0, 6, 1, 0, 117, 0, 0, 229, 1, 88]
1542736250820;[171, 0, 17, 255, 161, 74, 234, 29, 98, 1, 0, 6, 1, 0, 117, 0, 0, 229, 1, 88]
1542736250971;[171, 0, 17, 255, 161, 74, 234, 29, 99, 1, 0, 5, 1, 0, 117, 0, 0, 226, 1, 54]
1542736250973;[171, 0, 17, 255, 161, 74, 234, 29, 99, 1, 0, 5, 1, 0, 117, 0, 0, 226, 1, 54]
1542736251145;[171, 0, 17, 255, 161, 74, 234, 29, 99, 1, 0, 7, 1, 0, 116, 0, 0, 229, 1, 35]
1542736251147;[171, 0, 17, 255, 161, 74, 234, 29, 99, 1, 0, 7, 1, 0, 116, 0, 0, 229, 1, 35]
1542736251149;[171, 0, 17, 255, 161, 74, 234, 29, 99, 1, 0, 6, 1, 0, 117, 0, 0, 227, 1, 134]
1542736251151;[171, 0, 17, 255, 161, 74, 234, 29, 99, 1, 0, 6, 1, 0, 117, 0, 0, 227, 1, 134]
1542736251316;[171, 0, 4, 255, 132, 128, 66]
1542736251319;[171, 0, 4, 255, 132, 128, 66]
1542736251321;[171, 0, 17, 255, 161, 74, 234, 29, 99, 1, 0, 6, 1, 0, 115, 0, 0, 228, 1, 197]
1542736251323;[171, 0, 17, 255, 161, 74, 234, 29, 99, 1, 0, 6, 1, 0, 115, 0, 0, 228, 1, 197]
1542736251489;[171, 0, 17, 255, 161, 74, 234, 29, 99, 1, 0, 6, 1, 0, 115, 0, 0, 229, 1, 205]
1542736251491;[171, 0, 17, 255, 161, 74, 234, 29, 99, 1, 0, 6, 1, 0, 115, 0, 0, 229, 1, 205]
1542736251493;[171, 0, 17, 255, 161, 74, 234, 29, 99, 1, 0, 6, 1, 0, 118, 0, 0, 226, 1, 195]
1542736251495;[171, 0, 17, 255, 161, 74, 234, 29, 99, 1, 0, 6, 1, 0, 118, 0, 0, 226, 1, 195]
1542736251685;[171, 0, 17, 255, 161, 74, 234, 29, 99, 1, 0, 4, 1, 0, 116, 0, 0, 228, 1, 183]
1542736251687;[171, 0, 17, 255, 161, 74, 234, 29, 99, 1, 0, 4, 1, 0, 116, 0, 0, 228, 1, 183]
1542736252009;[171, 0, 17, 255, 161, 74, 234, 29, 99, 1, 0, 6, 1, 0, 115, 0, 0, 229, 1, 150]
1542736252011;[171, 0, 17, 255, 161, 74, 234, 29, 99, 1, 0, 6, 1, 0, 115, 0, 0, 229, 1, 150]
1542736252014;[171, 0, 17, 255, 161, 74, 234, 29, 99, 1, 0, 5, 1, 0, 117, 0, 0, 228, 1, 115]
1542736252016;[171, 0, 17, 255, 161, 74, 234, 29, 99, 1, 0, 5, 1, 0, 117, 0, 0, 228, 1, 115]
1542736252018;[171, 0, 17, 255, 161, 74, 234, 29, 99, 1, 0, 6, 1, 0, 119, 0, 0, 227, 1, 77]
1542736252020;[171, 0, 17, 255, 161, 74, 234, 29, 99, 1, 0, 6, 1, 0, 119, 0, 0, 227, 1, 77]
1542736252022;[171, 0, 17, 255, 161, 74, 234, 29, 100, 1, 0, 7, 1, 0, 118, 0, 0, 228, 1, 123]
1542736252024;[171, 0, 17, 255, 161, 74, 234, 29, 100, 1, 0, 7, 1, 0, 118, 0, 0, 228, 1, 123]
1542736252181;[171, 0, 17, 255, 161, 74, 234, 29, 100, 1, 0, 6, 1, 0, 118, 0, 0, 228, 1, 212]
1542736252183;[171, 0, 17, 255, 161, 74, 234, 29, 100, 1, 0, 6, 1, 0, 118, 0, 0, 228, 1, 212]
1542736252185;[171, 0, 17, 255, 161, 74, 234, 29, 100, 1, 0, 3, 1, 0, 118, 0, 0, 228, 1, 251]
1542736252187;[171, 0, 17, 255, 161, 74, 234, 29, 100, 1, 0, 3, 1, 0, 118, 0, 0, 228, 1, 251]
1542736252351;[171, 0, 4, 255, 132, 128, 66]
1542736252354;[171, 0, 4, 255, 132, 128, 66]
1542736252526;[171, 0, 17, 255, 161, 74, 234, 29, 100, 1, 0, 4, 1, 0, 117, 0, 0, 227, 1, 248]
1542736252527;[171, 0, 17, 255, 161, 74, 234, 29, 100, 1, 0, 4, 1, 0, 117, 0, 0, 227, 1, 248]
1542736252530;[171, 0, 17, 255, 161, 74, 234, 29, 100, 1, 0, 6, 1, 0, 117, 0, 0, 228, 1, 239]
1542736252532;[171, 0, 17, 255, 161, 74, 234, 29, 100, 1, 0, 6, 1, 0, 117, 0, 0, 228, 1, 239]
1542736252696;[171, 0, 17, 255, 161, 74, 234, 29, 100, 1, 0, 3, 1, 0, 118, 0, 0, 227, 1, 215]
1542736252698;[171, 0, 17, 255, 161, 74, 234, 29, 100, 1, 0, 3, 1, 0, 118, 0, 0, 227, 1, 215]
1542736252701;[171, 0, 17, 255, 161, 74, 234, 29, 100, 1, 0, 6, 1, 0, 116, 0, 0, 228, 1, 179]
1542736252703;[171, 0, 17, 255, 161, 74, 234, 29, 100, 1, 0, 6, 1, 0, 116, 0, 0, 228, 1, 179]
1542736252883;[171, 0, 17, 255, 161, 74, 234, 29, 100, 1, 0, 7, 1, 0, 115, 0, 0, 230, 1, 140]
1542736252885;[171, 0, 17, 255, 161, 74, 234, 29, 100, 1, 0, 7, 1, 0, 115, 0, 0, 230, 1, 140]
1542736253042;[171, 0, 17, 255, 161, 74, 234, 29, 100, 1, 0, 7, 1, 0, 117, 0, 0, 226, 1, 123]
1542736253044;[171, 0, 17, 255, 161, 74, 234, 29, 100, 1, 0, 7, 1, 0, 117, 0, 0, 226, 1, 123]
1542736253046;[171, 0, 17, 255, 161, 74, 234, 29, 100, 1, 0, 5, 1, 0, 115, 0, 0, 228, 1, 202]
1542736253047;[171, 0, 17, 255, 161, 74, 234, 29, 100, 1, 0, 5, 1, 0, 115, 0, 0, 228, 1, 202]
1542736253563;[171, 0, 17, 255, 161, 74, 234, 29, 101, 1, 0, 6, 1, 0, 117, 0, 0, 228, 2, 4]
1542736253565;[171, 0, 17, 255, 161, 74, 234, 29, 101, 1, 0, 6, 1, 0, 117, 0, 0, 228, 2, 4]
1542736253567;[171, 0, 17, 255, 161, 74, 234, 29, 101, 1, 0, 5, 1, 0, 118, 0, 0, 226, 2, 10]
1542736253569;[171, 0, 17, 255, 161, 74, 234, 29, 101, 1, 0, 5, 1, 0, 118, 0, 0, 226, 2, 10]
1542736253571;[171, 0, 17, 255, 161, 74, 234, 29, 101, 1, 0, 4, 1, 0, 116, 0, 0, 229, 1, 252]
1542736253573;[171, 0, 17, 255, 161, 74, 234, 29, 101, 1, 0, 4, 1, 0, 116, 0, 0, 229, 1, 252]
1542736253575;[171, 0, 4, 255, 132, 128, 67]
1542736253577;[171, 0, 4, 255, 132, 128, 67]
1542736253734;[171, 0, 17, 255, 161, 74, 234, 29, 101, 1, 0, 6, 1, 0, 118, 0, 0, 228, 1, 232]
1542736253736;[171, 0, 17, 255, 161, 74, 234, 29, 101, 1, 0, 6, 1, 0, 118, 0, 0, 228, 1, 232]
1542736253738;[171, 0, 17, 255, 161, 74, 234, 29, 101, 1, 0, 6, 1, 0, 115, 0, 0, 230, 1, 203]
1542736253740;[171, 0, 17, 255, 161, 74, 234, 29, 101, 1, 0, 6, 1, 0, 115, 0, 0, 230, 1, 203]
1542736253741;[171, 0, 17, 255, 161, 74, 234, 29, 101, 1, 0, 5, 1, 0, 117, 0, 0, 227, 1, 167]
1542736253743;[171, 0, 17, 255, 161, 74, 234, 29, 101, 1, 0, 5, 1, 0, 117, 0, 0, 227, 1, 167]
1542736253905;[171, 0, 17, 255, 161, 74, 234, 29, 101, 1, 0, 3, 1, 0, 115, 0, 0, 227, 1, 160]
1542736253907;[171, 0, 17, 255, 161, 74, 234, 29, 101, 1, 0, 3, 1, 0, 115, 0, 0, 227, 1, 160]
1542736253910;[171, 0, 17, 255, 161, 74, 234, 29, 101, 1, 0, 7, 1, 0, 114, 0, 0, 229, 1, 249]
1542736253911;[171, 0, 17, 255, 161, 74, 234, 29, 101, 1, 0, 7, 1, 0, 114, 0, 0, 229, 1, 249]
1542736254077;[171, 0, 17, 255, 161, 74, 234, 29, 101, 1, 0, 5, 1, 0, 115, 0, 0, 230, 2, 43]
1542736254079;[171, 0, 17, 255, 161, 74, 234, 29, 101, 1, 0, 5, 1, 0, 115, 0, 0, 230, 2, 43]
1542736254082;[171, 0, 17, 255, 161, 74, 234, 29, 101, 1, 0, 4, 1, 0, 117, 0, 0, 229, 2, 30]
1542736254083;[171, 0, 17, 255, 161, 74, 234, 29, 101, 1, 0, 4, 1, 0, 117, 0, 0, 229, 2, 30]
1542736254250;[171, 0, 17, 255, 161, 74, 234, 29, 102, 1, 0, 6, 1, 0, 116, 0, 0, 230, 2, 14]
1542736254251;[171, 0, 17, 255, 161, 74, 234, 29, 102, 1, 0, 6, 1, 0, 116, 0, 0, 230, 2, 14]
1542736254769;[171, 0, 17, 255, 161, 74, 234, 29, 102, 1, 0, 5, 1, 0, 117, 0, 0, 226, 1, 245]
1542736254773;[171, 0, 17, 255, 161, 74, 234, 29, 102, 1, 0, 5, 1, 0, 117, 0, 0, 226, 1, 245]
1542736254775;[171, 0, 17, 255, 161, 74, 234, 29, 102, 1, 0, 6, 1, 0, 118, 0, 0, 229, 1, 217]
1542736254778;[171, 0, 17, 255, 161, 74, 234, 29, 102, 1, 0, 6, 1, 0, 118, 0, 0, 229, 1, 217]
1542736254779;[171, 0, 4, 255, 132, 128, 67]
1542736254782;[171, 0, 4, 255, 132, 128, 67]
1542736254784;[171, 0, 17, 255, 161, 74, 234, 29, 102, 1, 0, 7, 1, 0, 116, 0, 0, 228, 1, 168]
1542736254786;[171, 0, 17, 255, 161, 74, 234, 29, 102, 1, 0, 7, 1, 0, 116, 0, 0, 228, 1, 168]
1542736254939;[171, 0, 17, 255, 161, 74, 234, 29, 102, 1, 0, 6, 1, 0, 120, 0, 0, 227, 1, 115]
1542736254941;[171, 0, 17, 255, 161, 74, 234, 29, 102, 1, 0, 6, 1, 0, 120, 0, 0, 227, 1, 115]
1542736254943;[171, 0, 17, 255, 161, 74, 234, 29, 102, 1, 0, 6, 1, 0, 118, 0, 0, 226, 1, 145]
1542736254945;[171, 0, 17, 255, 161, 74, 234, 29, 102, 1, 0, 6, 1, 0, 118, 0, 0, 226, 1, 145]
1542736254948;[171, 0, 17, 255, 161, 74, 234, 29, 102, 1, 0, 6, 1, 0, 118, 0, 0, 230, 1, 229]
1542736254950;[171, 0, 17, 255, 161, 74, 234, 29, 102, 1, 0, 6, 1, 0, 118, 0, 0, 230, 1, 229]
1542736255114;[171, 0, 17, 255, 161, 74, 234, 29, 102, 1, 0, 5, 1, 0, 117, 0, 0, 229, 2, 4]
1542736255117;[171, 0, 17, 255, 161, 74, 234, 29, 102, 1, 0, 5, 1, 0, 117, 0, 0, 229, 2, 4]
1542736255118;[171, 0, 17, 255, 161, 74, 234, 29, 102, 1, 0, 6, 1, 0, 116, 0, 0, 229, 1, 245]
1542736255120;[171, 0, 17, 255, 161, 74, 234, 29, 102, 1, 0, 6, 1, 0, 116, 0, 0, 229, 1, 245]
1542736255286;[171, 0, 17, 255, 161, 74, 234, 29, 102, 1, 0, 5, 1, 0, 118, 0, 0, 228, 1, 222]
1542736255288;[171, 0, 17, 255, 161, 74, 234, 29, 102, 1, 0, 5, 1, 0, 118, 0, 0, 228, 1, 222]
1542736255291;[171, 0, 17, 255, 161, 74, 234, 29, 103, 1, 0, 6, 1, 0, 116, 0, 0, 228, 1, 204]
1542736255293;[171, 0, 17, 255, 161, 74, 234, 29, 103, 1, 0, 6, 1, 0, 116, 0, 0, 228, 1, 204]
1542736255631;[171, 0, 17, 255, 161, 74, 234, 29, 103, 1, 0, 7, 1, 0, 118, 0, 0, 227, 1, 164]
1542736255633;[171, 0, 17, 255, 161, 74, 234, 29, 103, 1, 0, 7, 1, 0, 118, 0, 0, 227, 1, 164]
1542736255635;[171, 0, 17, 255, 161, 74, 234, 29, 103, 1, 0, 6, 1, 0, 115, 0, 0, 228, 1, 104]
1542736255637;[171, 0, 17, 255, 161, 74, 234, 29, 103, 1, 0, 6, 1, 0, 115, 0, 0, 228, 1, 104]
1542736255639;[171, 0, 4, 255, 132, 128, 67]
1542736255641;[171, 0, 4, 255, 132, 128, 67]
1542736255976;[171, 0, 17, 255, 161, 74, 234, 29, 103, 1, 0, 6, 1, 0, 118, 0, 0, 227, 1, 57]
1542736255978;[171, 0, 17, 255, 161, 74, 234, 29, 103, 1, 0, 6, 1, 0, 118, 0, 0, 227, 1, 57]
1542736255980;[171, 0, 17, 255, 161, 74, 234, 29, 103, 1, 0, 5, 1, 0, 117, 0, 0, 227, 1, 77]
1542736255982;[171, 0, 17, 255, 161, 74, 234, 29, 103, 1, 0, 5, 1, 0, 117, 0, 0, 227, 1, 77]
1542736255986;[171, 0, 17, 255, 161, 74, 234, 29, 103, 1, 0, 5, 1, 0, 117, 0, 0, 227, 1, 157]
1542736255988;[171, 0, 17, 255, 161, 74, 234, 29, 103, 1, 0, 5, 1, 0, 117, 0, 0, 227, 1, 157]
1542736255989;[171, 0, 17, 255, 161, 74, 234, 29, 103, 1, 0, 7, 1, 0, 117, 0, 0, 228, 1, 190]
1542736255991;[171, 0, 17, 255, 161, 74, 234, 29, 103, 1, 0, 7, 1, 0, 117, 0, 0, 228, 1, 190]
1542736256147;[171, 0, 17, 255, 161, 74, 234, 29, 103, 1, 0, 6, 1, 0, 116, 0, 0, 230, 1, 168]
1542736256149;[171, 0, 17, 255, 161, 74, 234, 29, 103, 1, 0, 6, 1, 0, 116, 0, 0, 230, 1, 168]
1542736256319;[171, 0, 17, 255, 161, 74, 234, 29, 103, 1, 0, 6, 1, 0, 118, 0, 0, 229, 1, 147]
1542736256322;[171, 0, 17, 255, 161, 74, 234, 29, 103, 1, 0, 6, 1, 0, 118, 0, 0, 229, 1, 147]
1542736256323;[171, 0, 17, 255, 161, 74, 234, 29, 103, 1, 0, 7, 1, 0, 114, 0, 0, 228, 1, 116]
1542736256325;[171, 0, 17, 255, 161, 74, 234, 29, 103, 1, 0, 7, 1, 0, 114, 0, 0, 228, 1, 116]
1542736256493;[171, 0, 17, 255, 161, 74, 234, 29, 104, 1, 0, 7, 1, 0, 118, 0, 0, 229, 1, 76]
1542736256495;[171, 0, 17, 255, 161, 74, 234, 29, 104, 1, 0, 7, 1, 0, 118, 0, 0, 229, 1, 76]
1542736256497;[171, 0, 17, 255, 161, 74, 234, 29, 104, 1, 0, 5, 1, 0, 117, 0, 0, 226, 1, 26]
1542736256498;[171, 0, 17, 255, 161, 74, 234, 29, 104, 1, 0, 5, 1, 0, 117, 0, 0, 226, 1, 26]
1542736256835;[171, 0, 17, 255, 161, 74, 234, 29, 106, 1, 0, 6, 1, 0, 117, 0, 0, 229, 7, 220]
1542736256836;[171, 0, 17, 255, 161, 74, 234, 29, 106, 1, 0, 6, 1, 0, 117, 0, 0, 229, 7, 220]
1542736256838;[171, 0, 17, 255, 161, 74, 234, 29, 106, 1, 0, 6, 1, 0, 115, 0, 0, 231, 7, 196]
1542736256839;[171, 0, 17, 255, 161, 74, 234, 29, 106, 1, 0, 6, 1, 0, 115, 0, 0, 231, 7, 196]
1542736257184;[171, 0, 17, 255, 161, 74, 234, 29, 106, 1, 0, 5, 1, 0, 117, 0, 0, 228, 7, 168]
1542736257186;[171, 0, 17, 255, 161, 74, 234, 29, 106, 1, 0, 5, 1, 0, 117, 0, 0, 228, 7, 168]
1542736257188;[171, 0, 17, 255, 161, 74, 234, 29, 106, 1, 0, 6, 1, 0, 118, 0, 0, 228, 7, 121]
1542736257190;[171, 0, 17, 255, 161, 74, 234, 29, 106, 1, 0, 6, 1, 0, 118, 0, 0, 228, 7, 121]
1542736257192;[171, 0, 17, 255, 161, 74, 234, 29, 106, 1, 0, 6, 1, 0, 118, 0, 0, 228, 7, 77]
1542736257193;[171, 0, 17, 255, 161, 74, 234, 29, 106, 1, 0, 6, 1, 0, 118, 0, 0, 228, 7, 77]
1542736257354;[171, 0, 17, 255, 161, 74, 234, 29, 106, 1, 0, 5, 1, 0, 116, 0, 0, 227, 7, 32]
1542736257355;[171, 0, 17, 255, 161, 74, 234, 29, 106, 1, 0, 5, 1, 0, 116, 0, 0, 227, 7, 32]
1542736257875;[171, 0, 17, 255, 161, 74, 234, 29, 106, 1, 0, 6, 1, 0, 118, 0, 0, 228, 7, 9]
1542736257878;[171, 0, 17, 255, 161, 74, 234, 29, 106, 1, 0, 6, 1, 0, 118, 0, 0, 228, 7, 9]
1542736257879;[171, 0, 17, 255, 161, 74, 234, 29, 107, 1, 0, 6, 1, 0, 115, 0, 0, 228, 7, 86]
1542736257881;[171, 0, 17, 255, 161, 74, 234, 29, 107, 1, 0, 6, 1, 0, 115, 0, 0, 228, 7, 86]
1542736257884;[171, 0, 17, 255, 161, 74, 234, 29, 107, 1, 0, 7, 1, 0, 118, 0, 0, 230, 7, 129]
1542736257886;[171, 0, 17, 255, 161, 74, 234, 29, 107, 1, 0, 7, 1, 0, 118, 0, 0, 230, 7, 129]
1542736257889;[171, 0, 17, 255, 161, 74, 234, 29, 107, 1, 0, 3, 1, 0, 118, 0, 0, 228, 7, 129]
1542736257890;[171, 0, 17, 255, 161, 74, 234, 29, 107, 1, 0, 3, 1, 0, 118, 0, 0, 228, 7, 129]
1542736258046;[171, 0, 4, 255, 132, 128, 68]
1542736258048;[171, 0, 4, 255, 132, 128, 68]
1542736258051;[171, 0, 17, 255, 161, 74, 234, 29, 107, 1, 0, 3, 1, 0, 117, 0, 0, 228, 7, 104]
1542736258053;[171, 0, 17, 255, 161, 74, 234, 29, 107, 1, 0, 3, 1, 0, 117, 0, 0, 228, 7, 104]
1542736258055;[171, 0, 17, 255, 161, 74, 234, 29, 107, 1, 0, 5, 1, 0, 116, 0, 0, 228, 7, 89]
1542736258056;[171, 0, 17, 255, 161, 74, 234, 29, 107, 1, 0, 5, 1, 0, 116, 0, 0, 228, 7, 89]
1542736258393;[171, 0, 17, 255, 161, 74, 234, 29, 107, 1, 0, 6, 1, 0, 116, 0, 0, 227, 7, 60]
1542736258395;[171, 0, 17, 255, 161, 74, 234, 29, 107, 1, 0, 6, 1, 0, 116, 0, 0, 227, 7, 60]
1542736258398;[171, 0, 17, 255, 161, 74, 234, 29, 107, 1, 0, 4, 1, 0, 116, 0, 0, 228, 7, 18]
1542736258400;[171, 0, 17, 255, 161, 74, 234, 29, 107, 1, 0, 4, 1, 0, 116, 0, 0, 228, 7, 18]
1542736258402;[171, 0, 17, 255, 161, 74, 234, 29, 107, 1, 0, 7, 1, 0, 119, 0, 0, 229, 6, 248]
1542736258404;[171, 0, 17, 255, 161, 74, 234, 29, 107, 1, 0, 7, 1, 0, 119, 0, 0, 229, 6, 248]
1542736258409;[171, 0, 17, 255, 161, 74, 234, 29, 107, 1, 0, 5, 1, 0, 116, 0, 0, 227, 7, 71]
1542736258411;[171, 0, 17, 255, 161, 74, 234, 29, 107, 1, 0, 5, 1, 0, 116, 0, 0, 227, 7, 71]
1542736258562;[171, 0, 17, 255, 161, 74, 234, 29, 107, 1, 0, 8, 1, 0, 117, 0, 0, 229, 7, 102]
1542736258563;[171, 0, 17, 255, 161, 74, 234, 29, 107, 1, 0, 8, 1, 0, 117, 0, 0, 229, 7, 102]
1542736258734;[171, 0, 17, 255, 161, 74, 234, 29, 108, 1, 0, 5, 1, 0, 117, 0, 0, 229, 7, 102]
1542736258736;[171, 0, 17, 255, 161, 74, 234, 29, 108, 1, 0, 5, 1, 0, 117, 0, 0, 229, 7, 102]
1542736258738;[171, 0, 17, 255, 161, 74, 234, 29, 108, 1, 0, 3, 1, 0, 117, 0, 0, 229, 7, 80]
1542736258740;[171, 0, 17, 255, 161, 74, 234, 29, 108, 1, 0, 3, 1, 0, 117, 0, 0, 229, 7, 80]
1542736258908;[171, 0, 17, 255, 161, 74, 234, 29, 108, 1, 0, 5, 1, 0, 118, 0, 0, 229, 7, 58]
1542736258910;[171, 0, 17, 255, 161, 74, 234, 29, 108, 1, 0, 5, 1, 0, 118, 0, 0, 229, 7, 58]
1542736258912;[171, 0, 4, 255, 132, 128, 68]
1542736258914;[171, 0, 4, 255, 132, 128, 68]
1542736259079;[171, 0, 17, 255, 161, 74, 234, 29, 108, 1, 0, 8, 1, 0, 117, 0, 0, 227, 7, 27]
1542736259081;[171, 0, 17, 255, 161, 74, 234, 29, 108, 1, 0, 8, 1, 0, 117, 0, 0, 227, 7, 27]
1542736259084;[171, 0, 17, 255, 161, 74, 234, 29, 108, 1, 0, 5, 1, 0, 118, 0, 0, 229, 6, 243]
1542736259086;[171, 0, 17, 255, 161, 74, 234, 29, 108, 1, 0, 5, 1, 0, 118, 0, 0, 229, 6, 243]
1542736259426;[171, 0, 17, 255, 161, 74, 234, 29, 108, 1, 0, 6, 1, 0, 117, 0, 0, 227, 7, 30]
1542736259428;[171, 0, 17, 255, 161, 74, 234, 29, 108, 1, 0, 6, 1, 0, 117, 0, 0, 227, 7, 30]
1542736259431;[171, 0, 17, 255, 161, 74, 234, 29, 108, 1, 0, 6, 1, 0, 115, 0, 0, 228, 7, 119]
1542736259433;[171, 0, 17, 255, 161, 74, 234, 29, 108, 1, 0, 6, 1, 0, 115, 0, 0, 228, 7, 119]
1542736259436;[171, 0, 17, 255, 161, 74, 234, 29, 108, 1, 0, 9, 1, 0, 115, 0, 0, 230, 7, 150]
1542736259437;[171, 0, 17, 255, 161, 74, 234, 29, 108, 1, 0, 9, 1, 0, 115, 0, 0, 230, 7, 150]
1542736259770;[171, 0, 17, 255, 161, 74, 234, 29, 108, 1, 0, 9, 1, 0, 116, 0, 0, 228, 7, 136]
1542736259772;[171, 0, 17, 255, 161, 74, 234, 29, 108, 1, 0, 9, 1, 0, 116, 0, 0, 228, 7, 136]
