1542749747202;[171, 0, 17, 255, 161, 74, 234, 89, 161, 0, 0, 31, 1, 0, 94, 0, 0, 238, 6, 61]
1542749747211;[171, 0, 17, 255, 161, 74, 234, 89, 161, 0, 0, 31, 1, 0, 94, 0, 0, 238, 6, 61]
1542749747213;[171, 0, 17, 255, 161, 74, 234, 89, 161, 0, 0, 30, 1, 0, 94, 0, 0, 238, 6, 185]
1542749747214;[171, 0, 17, 255, 161, 74, 234, 89, 161, 0, 0, 30, 1, 0, 94, 0, 0, 238, 6, 185]
1542749747216;[171, 0, 17, 255, 161, 74, 234, 89, 161, 0, 0, 29, 1, 0, 91, 0, 0, 238, 7, 173]
1542749747218;[171, 0, 17, 255, 161, 74, 234, 89, 161, 0, 0, 29, 1, 0, 91, 0, 0, 238, 7, 173]
1542749747220;[171, 0, 17, 255, 161, 74, 234, 89, 161, 0, 0, 29, 1, 0, 94, 0, 0, 237, 7, 147]
1542749747221;[171, 0, 17, 255, 161, 74, 234, 89, 161, 0, 0, 29, 1, 0, 94, 0, 0, 237, 7, 147]
1542749747372;[171, 0, 17, 255, 161, 74, 234, 89, 161, 0, 0, 29, 1, 0, 93, 0, 0, 237, 7, 61]
1542749747374;[171, 0, 17, 255, 161, 74, 234, 89, 161, 0, 0, 29, 1, 0, 93, 0, 0, 237, 7, 61]
1542749747544;[171, 0, 4, 255, 132, 128, 69]
1542749747546;[171, 0, 4, 255, 132, 128, 69]
1542749747548;[171, 0, 17, 255, 161, 74, 234, 89, 161, 0, 0, 27, 1, 0, 91, 0, 0, 238, 6, 253]
1542749747550;[171, 0, 17, 255, 161, 74, 234, 89, 161, 0, 0, 27, 1, 0, 91, 0, 0, 238, 6, 253]
1542749747893;[171, 0, 17, 255, 161, 74, 234, 89, 161, 0, 0, 31, 1, 0, 92, 0, 0, 238, 6, 189]
1542749747894;[171, 0, 17, 255, 161, 74, 234, 89, 161, 0, 0, 31, 1, 0, 92, 0, 0, 238, 6, 189]
1542749747897;[171, 0, 17, 255, 161, 74, 234, 89, 161, 0, 0, 29, 1, 0, 94, 0, 0, 237, 6, 110]
1542749747899;[171, 0, 17, 255, 161, 74, 234, 89, 161, 0, 0, 29, 1, 0, 94, 0, 0, 237, 6, 110]
1542749747902;[171, 0, 17, 255, 161, 74, 234, 89, 162, 0, 0, 29, 1, 0, 92, 0, 0, 237, 6, 15]
1542749747904;[171, 0, 17, 255, 161, 74, 234, 89, 162, 0, 0, 29, 1, 0, 92, 0, 0, 237, 6, 15]
1542749747906;[171, 0, 17, 255, 161, 74, 234, 89, 162, 0, 0, 31, 1, 0, 93, 0, 0, 239, 6, 7]
1542749747908;[171, 0, 17, 255, 161, 74, 234, 89, 162, 0, 0, 31, 1, 0, 93, 0, 0, 239, 6, 7]
1542749748062;[171, 0, 17, 255, 161, 74, 234, 89, 162, 0, 0, 27, 1, 0, 94, 0, 0, 238, 7, 89]
1542749748064;[171, 0, 17, 255, 161, 74, 234, 89, 162, 0, 0, 27, 1, 0, 94, 0, 0, 238, 7, 89]
1542749748234;[171, 0, 17, 255, 161, 74, 234, 89, 162, 0, 0, 31, 1, 0, 92, 0, 0, 238, 7, 195]
1542749748236;[171, 0, 17, 255, 161, 74, 234, 89, 162, 0, 0, 31, 1, 0, 92, 0, 0, 238, 7, 195]
1542749748238;[171, 0, 17, 255, 161, 74, 234, 89, 162, 0, 0, 29, 1, 0, 93, 0, 0, 237, 7, 130]
1542749748240;[171, 0, 17, 255, 161, 74, 234, 89, 162, 0, 0, 29, 1, 0, 93, 0, 0, 237, 7, 130]
1542749748581;[171, 0, 17, 255, 161, 74, 234, 89, 162, 0, 0, 29, 1, 0, 93, 0, 0, 237, 7, 66]
1542749748583;[171, 0, 17, 255, 161, 74, 234, 89, 162, 0, 0, 29, 1, 0, 93, 0, 0, 237, 7, 66]
1542749748585;[171, 0, 17, 255, 161, 74, 234, 89, 162, 0, 0, 31, 1, 0, 93, 0, 0, 239, 7, 28]
1542749748588;[171, 0, 17, 255, 161, 74, 234, 89, 162, 0, 0, 31, 1, 0, 93, 0, 0, 239, 7, 28]
1542749748590;[171, 0, 4, 255, 132, 128, 70]
1542749748592;[171, 0, 4, 255, 132, 128, 70]
1542749748753;[171, 0, 17, 255, 161, 74, 234, 89, 162, 0, 0, 30, 1, 0, 92, 0, 0, 237, 6, 209]
1542749748754;[171, 0, 17, 255, 161, 74, 234, 89, 162, 0, 0, 30, 1, 0, 92, 0, 0, 237, 6, 209]
1542749748757;[171, 0, 17, 255, 161, 74, 234, 89, 162, 0, 0, 29, 1, 0, 94, 0, 0, 236, 6, 128]
1542749748759;[171, 0, 17, 255, 161, 74, 234, 89, 162, 0, 0, 29, 1, 0, 94, 0, 0, 236, 6, 128]
1542749749272;[171, 0, 17, 255, 161, 74, 234, 89, 162, 0, 0, 30, 1, 0, 90, 0, 0, 237, 6, 43]
1542749749274;[171, 0, 17, 255, 161, 74, 234, 89, 162, 0, 0, 30, 1, 0, 90, 0, 0, 237, 6, 43]
1542749749276;[171, 0, 17, 255, 161, 74, 234, 89, 163, 0, 0, 29, 1, 0, 90, 0, 0, 237, 5, 226]
1542749749278;[171, 0, 17, 255, 161, 74, 234, 89, 163, 0, 0, 29, 1, 0, 90, 0, 0, 237, 5, 226]
1542749749281;[171, 0, 17, 255, 161, 74, 234, 89, 163, 0, 0, 32, 1, 0, 91, 0, 0, 238, 6, 240]
1542749749282;[171, 0, 17, 255, 161, 74, 234, 89, 163, 0, 0, 32, 1, 0, 91, 0, 0, 238, 6, 240]
1542749749285;[171, 0, 17, 255, 161, 74, 234, 89, 163, 0, 0, 31, 1, 0, 93, 0, 0, 237, 7, 181]
1542749749287;[171, 0, 17, 255, 161, 74, 234, 89, 163, 0, 0, 31, 1, 0, 93, 0, 0, 237, 7, 181]
1542749749443;[171, 0, 17, 255, 161, 74, 234, 89, 163, 0, 0, 26, 1, 0, 92, 0, 0, 238, 7, 167]
1542749749446;[171, 0, 17, 255, 161, 74, 234, 89, 163, 0, 0, 26, 1, 0, 92, 0, 0, 238, 7, 167]
1542749749448;[171, 0, 17, 255, 161, 74, 234, 89, 163, 0, 0, 29, 1, 0, 93, 0, 0, 238, 7, 95]
1542749749450;[171, 0, 17, 255, 161, 74, 234, 89, 163, 0, 0, 29, 1, 0, 93, 0, 0, 238, 7, 95]
1542749749452;[171, 0, 17, 255, 161, 74, 234, 89, 163, 0, 0, 30, 1, 0, 93, 0, 0, 239, 7, 43]
1542749749454;[171, 0, 17, 255, 161, 74, 234, 89, 163, 0, 0, 30, 1, 0, 93, 0, 0, 239, 7, 43]
1542749749789;[171, 0, 17, 255, 161, 74, 234, 89, 163, 0, 0, 29, 1, 0, 90, 0, 0, 238, 6, 244]
1542749749791;[171, 0, 17, 255, 161, 74, 234, 89, 163, 0, 0, 29, 1, 0, 90, 0, 0, 238, 6, 244]
1542749749794;[171, 0, 4, 255, 132, 128, 70]
1542749749797;[171, 0, 4, 255, 132, 128, 70]
1542749749799;[171, 0, 17, 255, 161, 74, 234, 89, 163, 0, 0, 29, 1, 0, 92, 0, 0, 236, 6, 165]
1542749749801;[171, 0, 17, 255, 161, 74, 234, 89, 163, 0, 0, 29, 1, 0, 92, 0, 0, 236, 6, 165]
1542749749960;[171, 0, 17, 255, 161, 74, 234, 89, 163, 0, 0, 28, 1, 0, 92, 0, 0, 236, 6, 87]
1542749749962;[171, 0, 17, 255, 161, 74, 234, 89, 163, 0, 0, 28, 1, 0, 92, 0, 0, 236, 6, 87]
1542749749964;[171, 0, 17, 255, 161, 74, 234, 89, 163, 0, 0, 30, 1, 0, 91, 0, 0, 237, 6, 17]
1542749749966;[171, 0, 17, 255, 161, 74, 234, 89, 163, 0, 0, 30, 1, 0, 91, 0, 0, 237, 6, 17]
1542749750133;[171, 0, 17, 255, 161, 74, 234, 89, 164, 0, 0, 30, 1, 0, 93, 0, 0, 237, 6, 205]
1542749750135;[171, 0, 17, 255, 161, 74, 234, 89, 164, 0, 0, 30, 1, 0, 93, 0, 0, 237, 6, 205]
1542749750137;[171, 0, 17, 255, 161, 74, 234, 89, 164, 0, 0, 30, 1, 0, 91, 0, 0, 236, 7, 188]
1542749750139;[171, 0, 17, 255, 161, 74, 234, 89, 164, 0, 0, 30, 1, 0, 91, 0, 0, 236, 7, 188]
1542749750478;[171, 0, 17, 255, 161, 74, 234, 89, 164, 0, 0, 30, 1, 0, 92, 0, 0, 238, 7, 155]
1542749750480;[171, 0, 17, 255, 161, 74, 234, 89, 164, 0, 0, 30, 1, 0, 92, 0, 0, 238, 7, 155]
1542749750483;[171, 0, 17, 255, 161, 74, 234, 89, 164, 0, 0, 29, 1, 0, 93, 0, 0, 237, 7, 79]
1542749750485;[171, 0, 17, 255, 161, 74, 234, 89, 164, 0, 0, 29, 1, 0, 93, 0, 0, 237, 7, 79]
1542749750487;[171, 0, 17, 255, 161, 74, 234, 89, 164, 0, 0, 31, 1, 0, 92, 0, 0, 237, 7, 33]
1542749750489;[171, 0, 17, 255, 161, 74, 234, 89, 164, 0, 0, 31, 1, 0, 92, 0, 0, 237, 7, 33]
1542749750650;[171, 0, 17, 255, 161, 74, 234, 89, 164, 0, 0, 27, 1, 0, 91, 0, 0, 237, 6, 232]
1542749750651;[171, 0, 17, 255, 161, 74, 234, 89, 164, 0, 0, 27, 1, 0, 91, 0, 0, 237, 6, 232]
1542749750655;[171, 0, 17, 255, 161, 74, 234, 89, 164, 0, 0, 31, 1, 0, 92, 0, 0, 237, 6, 153]
1542749750656;[171, 0, 17, 255, 161, 74, 234, 89, 164, 0, 0, 31, 1, 0, 92, 0, 0, 237, 6, 153]
1542749751168;[171, 0, 4, 255, 132, 128, 70]
1542749751170;[171, 0, 4, 255, 132, 128, 70]
1542749751173;[171, 0, 17, 255, 161, 74, 234, 89, 164, 0, 0, 29, 1, 0, 94, 0, 0, 238, 6, 78]
1542749751175;[171, 0, 17, 255, 161, 74, 234, 89, 164, 0, 0, 29, 1, 0, 94, 0, 0, 238, 6, 78]
1542749751177;[171, 0, 17, 255, 161, 74, 234, 89, 164, 0, 0, 31, 1, 0, 93, 0, 0, 239, 6, 228]
1542749751179;[171, 0, 17, 255, 161, 74, 234, 89, 164, 0, 0, 31, 1, 0, 93, 0, 0, 239, 6, 228]
1542749751181;[171, 0, 17, 255, 161, 74, 234, 89, 164, 0, 0, 28, 1, 0, 93, 0, 0, 237, 7, 230]
1542749751183;[171, 0, 17, 255, 161, 74, 234, 89, 164, 0, 0, 28, 1, 0, 93, 0, 0, 237, 7, 230]
1542749751686;[171, 0, 17, 255, 161, 74, 234, 89, 165, 0, 0, 30, 1, 0, 93, 0, 0, 239, 7, 222]
1542749751687;[171, 0, 17, 255, 161, 74, 234, 89, 165, 0, 0, 30, 1, 0, 93, 0, 0, 239, 7, 222]
1542749751690;[171, 0, 17, 255, 161, 74, 234, 89, 165, 0, 0, 31, 1, 0, 92, 0, 0, 238, 7, 143]
1542749751692;[171, 0, 17, 255, 161, 74, 234, 89, 165, 0, 0, 31, 1, 0, 92, 0, 0, 238, 7, 143]
1542749751695;[171, 0, 17, 255, 161, 74, 234, 89, 165, 0, 0, 31, 1, 0, 91, 0, 0, 239, 7, 78]
1542749751696;[171, 0, 17, 255, 161, 74, 234, 89, 165, 0, 0, 31, 1, 0, 91, 0, 0, 239, 7, 78]
1542749751699;[171, 0, 17, 255, 161, 74, 234, 89, 165, 0, 0, 31, 1, 0, 94, 0, 0, 237, 7, 7]
1542749751701;[171, 0, 17, 255, 161, 74, 234, 89, 165, 0, 0, 31, 1, 0, 94, 0, 0, 237, 7, 7]
1542749751860;[171, 0, 17, 255, 161, 74, 234, 89, 165, 0, 0, 30, 1, 0, 92, 0, 0, 239, 6, 174]
1542749751861;[171, 0, 17, 255, 161, 74, 234, 89, 165, 0, 0, 30, 1, 0, 92, 0, 0, 239, 6, 174]
1542749751865;[171, 0, 17, 255, 161, 74, 234, 89, 165, 0, 0, 31, 1, 0, 93, 0, 0, 237, 6, 80]
1542749751867;[171, 0, 17, 255, 161, 74, 234, 89, 165, 0, 0, 31, 1, 0, 93, 0, 0, 237, 6, 80]
1542749751870;[171, 0, 17, 255, 161, 74, 234, 89, 165, 0, 0, 29, 1, 0, 94, 0, 0, 237, 6, 52]
1542749751872;[171, 0, 17, 255, 161, 74, 234, 89, 165, 0, 0, 29, 1, 0, 94, 0, 0, 237, 6, 52]
1542749751874;[171, 0, 4, 255, 132, 128, 70]
1542749751876;[171, 0, 4, 255, 132, 128, 70]
1542749752029;[171, 0, 17, 255, 161, 74, 234, 89, 165, 0, 0, 30, 1, 0, 93, 0, 0, 236, 7, 148]
1542749752030;[171, 0, 17, 255, 161, 74, 234, 89, 165, 0, 0, 30, 1, 0, 93, 0, 0, 236, 7, 148]
1542749752033;[171, 0, 17, 255, 161, 74, 234, 89, 165, 0, 0, 30, 1, 0, 92, 0, 0, 238, 7, 241]
1542749752035;[171, 0, 17, 255, 161, 74, 234, 89, 165, 0, 0, 30, 1, 0, 92, 0, 0, 238, 7, 241]
1542749754252;[171, 0, 17, 255, 161, 74, 234, 89, 165, 0, 0, 29, 1, 0, 91, 0, 0, 238, 7, 173]
1542749754253;[171, 0, 17, 255, 161, 74, 234, 89, 165, 0, 0, 29, 1, 0, 91, 0, 0, 238, 7, 173]
1542749754255;[171, 0, 17, 255, 161, 74, 234, 89, 166, 0, 0, 29, 1, 0, 92, 0, 0, 238, 7, 100]
1542749754256;[171, 0, 17, 255, 161, 74, 234, 89, 166, 0, 0, 29, 1, 0, 92, 0, 0, 238, 7, 100]
1542749754258;[171, 0, 17, 255, 161, 74, 234, 89, 166, 0, 0, 28, 1, 0, 93, 0, 0, 238, 7, 46]
1542749754259;[171, 0, 17, 255, 161, 74, 234, 89, 166, 0, 0, 28, 1, 0, 93, 0, 0, 238, 7, 46]
1542749754261;[171, 0, 17, 255, 161, 74, 234, 89, 166, 0, 0, 29, 1, 0, 92, 0, 0, 237, 6, 219]
1542749754263;[171, 0, 17, 255, 161, 74, 234, 89, 166, 0, 0, 29, 1, 0, 92, 0, 0, 237, 6, 219]
1542749754265;[171, 0, 17, 255, 161, 74, 234, 89, 166, 0, 0, 28, 1, 0, 90, 0, 0, 237, 6, 124]
1542749754268;[171, 0, 17, 255, 161, 74, 234, 89, 166, 0, 0, 28, 1, 0, 90, 0, 0, 237, 6, 124]
1542749754317;[171, 0, 17, 255, 161, 74, 234, 89, 166, 0, 0, 29, 1, 0, 90, 0, 0, 237, 6, 33]
1542749754318;[171, 0, 17, 255, 161, 74, 234, 89, 166, 0, 0, 29, 1, 0, 90, 0, 0, 237, 6, 33]
1542749754319;[171, 0, 17, 255, 161, 74, 234, 89, 166, 0, 0, 29, 1, 0, 92, 0, 0, 238, 5, 251]
1542749754320;[171, 0, 17, 255, 161, 74, 234, 89, 166, 0, 0, 29, 1, 0, 92, 0, 0, 238, 5, 251]
1542749754332;[171, 0, 17, 255, 161, 74, 234, 89, 166, 0, 0, 29, 1, 0, 91, 0, 0, 237, 7, 77]
1542749754333;[171, 0, 17, 255, 161, 74, 234, 89, 166, 0, 0, 29, 1, 0, 91, 0, 0, 237, 7, 77]
1542749754334;[171, 0, 4, 255, 132, 128, 70]
1542749754336;[171, 0, 4, 255, 132, 128, 70]
1542749754337;[171, 0, 17, 255, 161, 74, 234, 89, 166, 0, 0, 30, 1, 0, 93, 0, 0, 237, 7, 198]
1542749754339;[171, 0, 17, 255, 161, 74, 234, 89, 166, 0, 0, 30, 1, 0, 93, 0, 0, 237, 7, 198]
1542749754340;[171, 0, 17, 255, 161, 74, 234, 89, 166, 0, 0, 28, 1, 0, 91, 0, 0, 238, 7, 157]
1542749754341;[171, 0, 17, 255, 161, 74, 234, 89, 166, 0, 0, 28, 1, 0, 91, 0, 0, 238, 7, 157]
1542749754342;[171, 0, 17, 255, 161, 74, 234, 89, 166, 0, 0, 30, 1, 0, 94, 0, 0, 236, 7, 77]
1542749754343;[171, 0, 17, 255, 161, 74, 234, 89, 166, 0, 0, 30, 1, 0, 94, 0, 0, 236, 7, 77]
1542749754359;[171, 0, 17, 255, 161, 74, 234, 89, 167, 0, 0, 29, 1, 0, 92, 0, 0, 238, 7, 26]
1542749754360;[171, 0, 17, 255, 161, 74, 234, 89, 167, 0, 0, 29, 1, 0, 92, 0, 0, 238, 7, 26]
1542749754361;[171, 0, 17, 255, 161, 74, 234, 89, 167, 0, 0, 31, 1, 0, 91, 0, 0, 236, 6, 219]
1542749754361;[171, 0, 17, 255, 161, 74, 234, 89, 167, 0, 0, 31, 1, 0, 91, 0, 0, 236, 6, 219]
1542749754362;[171, 0, 17, 255, 161, 74, 234, 89, 167, 0, 0, 29, 1, 0, 92, 0, 0, 237, 6, 137]
1542749754363;[171, 0, 17, 255, 161, 74, 234, 89, 167, 0, 0, 29, 1, 0, 92, 0, 0, 237, 6, 137]
1542749754364;[171, 0, 17, 255, 161, 74, 234, 89, 167, 0, 0, 31, 1, 0, 94, 0, 0, 238, 6, 54]
1542749754365;[171, 0, 17, 255, 161, 74, 234, 89, 167, 0, 0, 31, 1, 0, 94, 0, 0, 238, 6, 54]
1542749754366;[171, 0, 17, 255, 161, 74, 234, 89, 167, 0, 0, 29, 1, 0, 93, 0, 0, 239, 5, 226]
1542749754367;[171, 0, 17, 255, 161, 74, 234, 89, 167, 0, 0, 29, 1, 0, 93, 0, 0, 239, 5, 226]
1542749754370;[171, 0, 17, 255, 161, 74, 234, 89, 167, 0, 0, 30, 1, 0, 89, 0, 0, 237, 6, 15]
1542749754371;[171, 0, 17, 255, 161, 74, 234, 89, 167, 0, 0, 30, 1, 0, 89, 0, 0, 237, 6, 15]
1542749754372;[171, 0, 17, 255, 161, 74, 234, 89, 167, 0, 0, 29, 1, 0, 92, 0, 0, 238, 7, 75]
1542749754373;[171, 0, 17, 255, 161, 74, 234, 89, 167, 0, 0, 29, 1, 0, 92, 0, 0, 238, 7, 75]
1542749754381;[171, 0, 4, 255, 132, 128, 70]
1542749754382;[171, 0, 4, 255, 132, 128, 70]
1542749754384;[171, 0, 17, 255, 161, 74, 234, 89, 167, 0, 0, 30, 1, 0, 93, 0, 0, 238, 7, 127]
1542749754384;[171, 0, 17, 255, 161, 74, 234, 89, 167, 0, 0, 30, 1, 0, 93, 0, 0, 238, 7, 127]
1542749754385;[171, 0, 17, 255, 161, 74, 234, 89, 167, 0, 0, 29, 1, 0, 94, 0, 0, 237, 7, 45]
1542749754386;[171, 0, 17, 255, 161, 74, 234, 89, 167, 0, 0, 29, 1, 0, 94, 0, 0, 237, 7, 45]
1542749754619;[171, 0, 17, 255, 161, 74, 234, 89, 167, 0, 0, 31, 1, 0, 92, 0, 0, 238, 6, 240]
1542749754622;[171, 0, 17, 255, 161, 74, 234, 89, 167, 0, 0, 31, 1, 0, 92, 0, 0, 238, 6, 240]
1542749754625;[171, 0, 17, 255, 161, 74, 234, 89, 168, 0, 0, 29, 1, 0, 93, 0, 0, 236, 6, 190]
1542749754627;[171, 0, 17, 255, 161, 74, 234, 89, 168, 0, 0, 29, 1, 0, 93, 0, 0, 236, 6, 190]
1542749754629;[171, 0, 17, 255, 161, 74, 234, 89, 168, 0, 0, 30, 1, 0, 94, 0, 0, 239, 6, 114]
1542749754631;[171, 0, 17, 255, 161, 74, 234, 89, 168, 0, 0, 30, 1, 0, 94, 0, 0, 239, 6, 114]
1542749754633;[171, 0, 17, 255, 161, 74, 234, 89, 168, 0, 0, 30, 1, 0, 93, 0, 0, 236, 6, 24]
1542749754634;[171, 0, 17, 255, 161, 74, 234, 89, 168, 0, 0, 30, 1, 0, 93, 0, 0, 236, 6, 24]
1542749754963;[171, 0, 17, 255, 161, 74, 234, 89, 168, 0, 0, 31, 1, 0, 93, 0, 0, 238, 5, 234]
1542749754965;[171, 0, 17, 255, 161, 74, 234, 89, 168, 0, 0, 31, 1, 0, 93, 0, 0, 238, 5, 234]
1542749754967;[171, 0, 17, 255, 161, 74, 234, 89, 168, 0, 0, 29, 1, 0, 93, 0, 0, 237, 7, 27]
1542749754970;[171, 0, 17, 255, 161, 74, 234, 89, 168, 0, 0, 29, 1, 0, 93, 0, 0, 237, 7, 27]
1542749754972;[171, 0, 17, 255, 161, 74, 234, 89, 168, 0, 0, 29, 1, 0, 90, 0, 0, 238, 7, 132]
1542749754974;[171, 0, 17, 255, 161, 74, 234, 89, 168, 0, 0, 29, 1, 0, 90, 0, 0, 238, 7, 132]
1542749755135;[171, 0, 17, 255, 161, 74, 234, 89, 168, 0, 0, 30, 1, 0, 93, 0, 0, 238, 7, 51]
1542749755137;[171, 0, 17, 255, 161, 74, 234, 89, 168, 0, 0, 30, 1, 0, 93, 0, 0, 238, 7, 51]
1542749755140;[171, 0, 4, 255, 132, 128, 70]
1542749755142;[171, 0, 4, 255, 132, 128, 70]
1542749755481;[171, 0, 17, 255, 161, 74, 234, 89, 168, 0, 0, 29, 1, 0, 94, 0, 0, 237, 6, 214]
1542749755483;[171, 0, 17, 255, 161, 74, 234, 89, 168, 0, 0, 29, 1, 0, 94, 0, 0, 237, 6, 214]
1542749755485;[171, 0, 17, 255, 161, 74, 234, 89, 168, 0, 0, 33, 1, 0, 94, 0, 0, 238, 6, 147]
1542749755487;[171, 0, 17, 255, 161, 74, 234, 89, 168, 0, 0, 33, 1, 0, 94, 0, 0, 238, 6, 147]
1542749755489;[171, 0, 17, 255, 161, 74, 234, 89, 168, 0, 0, 30, 1, 0, 92, 0, 0, 238, 6, 78]
1542749755491;[171, 0, 17, 255, 161, 74, 234, 89, 168, 0, 0, 30, 1, 0, 92, 0, 0, 238, 6, 78]
1542749755827;[171, 0, 17, 255, 161, 74, 234, 89, 169, 0, 0, 27, 1, 0, 93, 0, 0, 238, 5, 241]
1542749755829;[171, 0, 17, 255, 161, 74, 234, 89, 169, 0, 0, 27, 1, 0, 93, 0, 0, 238, 5, 241]
1542749755833;[171, 0, 17, 255, 161, 74, 234, 89, 169, 0, 0, 32, 1, 0, 91, 0, 0, 236, 5, 159]
1542749755839;[171, 0, 17, 255, 161, 74, 234, 89, 169, 0, 0, 32, 1, 0, 91, 0, 0, 236, 5, 159]
1542749755844;[171, 0, 17, 255, 161, 74, 234, 89, 169, 0, 0, 30, 1, 0, 93, 0, 0, 237, 6, 43]
1542749755846;[171, 0, 17, 255, 161, 74, 234, 89, 169, 0, 0, 30, 1, 0, 93, 0, 0, 237, 6, 43]
1542749755848;[171, 0, 17, 255, 161, 74, 234, 89, 169, 0, 0, 29, 1, 0, 93, 0, 0, 237, 7, 56]
1542749755850;[171, 0, 17, 255, 161, 74, 234, 89, 169, 0, 0, 29, 1, 0, 93, 0, 0, 237, 7, 56]
1542749756170;[171, 0, 17, 255, 161, 74, 234, 89, 169, 0, 0, 30, 1, 0, 92, 0, 0, 236, 7, 31]
1542749756172;[171, 0, 17, 255, 161, 74, 234, 89, 169, 0, 0, 30, 1, 0, 92, 0, 0, 236, 7, 31]
1542749756175;[171, 0, 17, 255, 161, 74, 234, 89, 169, 0, 0, 31, 1, 0, 93, 0, 0, 236, 6, 190]
1542749756177;[171, 0, 17, 255, 161, 74, 234, 89, 169, 0, 0, 31, 1, 0, 93, 0, 0, 236, 6, 190]
1542749756180;[171, 0, 17, 255, 161, 74, 234, 89, 169, 0, 0, 28, 1, 0, 92, 0, 0, 239, 6, 132]
1542749756182;[171, 0, 17, 255, 161, 74, 234, 89, 169, 0, 0, 28, 1, 0, 92, 0, 0, 239, 6, 132]
1542749756342;[171, 0, 4, 255, 132, 128, 70]
1542749756345;[171, 0, 4, 255, 132, 128, 70]
1542749756348;[171, 0, 17, 255, 161, 74, 234, 89, 169, 0, 0, 31, 1, 0, 90, 0, 0, 237, 6, 58]
1542749756349;[171, 0, 17, 255, 161, 74, 234, 89, 169, 0, 0, 31, 1, 0, 90, 0, 0, 237, 6, 58]
1542749756514;[171, 0, 17, 255, 161, 74, 234, 89, 169, 0, 0, 30, 1, 0, 93, 0, 0, 239, 5, 221]
1542749756516;[171, 0, 17, 255, 161, 74, 234, 89, 169, 0, 0, 30, 1, 0, 93, 0, 0, 239, 5, 221]
1542749756518;[171, 0, 17, 255, 161, 74, 234, 89, 169, 0, 0, 28, 1, 0, 91, 0, 0, 239, 5, 120]
1542749756520;[171, 0, 17, 255, 161, 74, 234, 89, 169, 0, 0, 28, 1, 0, 91, 0, 0, 239, 5, 120]
1542749756860;[171, 0, 17, 255, 161, 74, 234, 89, 170, 0, 0, 28, 1, 0, 93, 0, 0, 237, 5, 27]
1542749756862;[171, 0, 17, 255, 161, 74, 234, 89, 170, 0, 0, 28, 1, 0, 93, 0, 0, 237, 5, 27]
1542749756864;[171, 0, 17, 255, 161, 74, 234, 89, 170, 0, 0, 30, 1, 0, 94, 0, 0, 238, 5, 21]
1542749756866;[171, 0, 17, 255, 161, 74, 234, 89, 170, 0, 0, 30, 1, 0, 94, 0, 0, 238, 5, 21]
1542749756870;[171, 0, 17, 255, 161, 74, 234, 89, 170, 0, 0, 30, 1, 0, 91, 0, 0, 238, 6, 100]
1542749756872;[171, 0, 17, 255, 161, 74, 234, 89, 170, 0, 0, 30, 1, 0, 91, 0, 0, 238, 6, 100]
1542749757034;[171, 0, 17, 255, 161, 74, 234, 89, 170, 0, 0, 31, 1, 0, 94, 0, 0, 240, 6, 175]
1542749757036;[171, 0, 17, 255, 161, 74, 234, 89, 170, 0, 0, 31, 1, 0, 94, 0, 0, 240, 6, 175]
1542749757037;[171, 0, 17, 255, 161, 74, 234, 89, 170, 0, 0, 29, 1, 0, 91, 0, 0, 237, 6, 96]
1542749757039;[171, 0, 17, 255, 161, 74, 234, 89, 170, 0, 0, 29, 1, 0, 91, 0, 0, 237, 6, 96]
1542749757206;[171, 0, 17, 255, 161, 74, 234, 89, 170, 0, 0, 29, 1, 0, 92, 0, 0, 236, 6, 26]
1542749757208;[171, 0, 17, 255, 161, 74, 234, 89, 170, 0, 0, 29, 1, 0, 92, 0, 0, 236, 6, 26]
1542749757210;[171, 0, 17, 255, 161, 74, 234, 89, 170, 0, 0, 27, 1, 0, 89, 0, 0, 238, 5, 217]
1542749757211;[171, 0, 17, 255, 161, 74, 234, 89, 170, 0, 0, 27, 1, 0, 89, 0, 0, 238, 5, 217]
1542749757550;[171, 0, 4, 255, 132, 128, 69]
1542749757553;[171, 0, 4, 255, 132, 128, 69]
1542749757555;[171, 0, 17, 255, 161, 74, 234, 89, 170, 0, 0, 30, 1, 0, 93, 0, 0, 238, 5, 154]
1542749757557;[171, 0, 17, 255, 161, 74, 234, 89, 170, 0, 0, 30, 1, 0, 93, 0, 0, 238, 5, 154]
1542749757559;[171, 0, 17, 255, 161, 74, 234, 89, 170, 0, 0, 28, 1, 0, 93, 0, 0, 238, 5, 62]
1542749757561;[171, 0, 17, 255, 161, 74, 234, 89, 170, 0, 0, 28, 1, 0, 93, 0, 0, 238, 5, 62]
1542749757722;[171, 0, 17, 255, 161, 74, 234, 89, 170, 0, 0, 28, 1, 0, 93, 0, 0, 237, 4, 230]
1542749757724;[171, 0, 17, 255, 161, 74, 234, 89, 170, 0, 0, 28, 1, 0, 93, 0, 0, 237, 4, 230]
1542749757726;[171, 0, 17, 255, 161, 74, 234, 89, 171, 0, 0, 30, 1, 0, 94, 0, 0, 239, 4, 249]
1542749757728;[171, 0, 17, 255, 161, 74, 234, 89, 171, 0, 0, 30, 1, 0, 94, 0, 0, 239, 4, 249]
1542749758241;[171, 0, 17, 255, 161, 74, 234, 89, 171, 0, 0, 27, 1, 0, 95, 0, 0, 238, 6, 45]
1542749758244;[171, 0, 17, 255, 161, 74, 234, 89, 171, 0, 0, 27, 1, 0, 95, 0, 0, 238, 6, 45]
1542749758246;[171, 0, 17, 255, 161, 74, 234, 89, 171, 0, 0, 29, 1, 0, 94, 0, 0, 239, 6, 100]
1542749758248;[171, 0, 17, 255, 161, 74, 234, 89, 171, 0, 0, 29, 1, 0, 94, 0, 0, 239, 6, 100]
1542749758251;[171, 0, 17, 255, 161, 74, 234, 89, 171, 0, 0, 31, 1, 0, 93, 0, 0, 238, 6, 21]
1542749758253;[171, 0, 17, 255, 161, 74, 234, 89, 171, 0, 0, 31, 1, 0, 93, 0, 0, 238, 6, 21]
1542749758255;[171, 0, 17, 255, 161, 74, 234, 89, 171, 0, 0, 30, 1, 0, 92, 0, 0, 238, 5, 216]
1542749758257;[171, 0, 17, 255, 161, 74, 234, 89, 171, 0, 0, 30, 1, 0, 92, 0, 0, 238, 5, 216]
1542749758760;[171, 0, 17, 255, 161, 74, 234, 89, 171, 0, 0, 31, 1, 0, 92, 0, 0, 236, 5, 173]
1542749758763;[171, 0, 17, 255, 161, 74, 234, 89, 171, 0, 0, 31, 1, 0, 92, 0, 0, 236, 5, 173]
1542749758765;[171, 0, 17, 255, 161, 74, 234, 89, 173, 0, 0, 28, 1, 0, 92, 0, 0, 237, 5, 157]
1542749758767;[171, 0, 17, 255, 161, 74, 234, 89, 173, 0, 0, 28, 1, 0, 92, 0, 0, 237, 5, 157]
1542749758769;[171, 0, 17, 255, 161, 74, 234, 89, 173, 0, 0, 29, 1, 0, 93, 0, 0, 238, 6, 61]
1542749758771;[171, 0, 17, 255, 161, 74, 234, 89, 173, 0, 0, 29, 1, 0, 93, 0, 0, 238, 6, 61]
1542749758773;[171, 0, 17, 255, 161, 74, 234, 89, 173, 0, 0, 29, 1, 0, 91, 0, 0, 237, 6, 10]
1542749758775;[171, 0, 17, 255, 161, 74, 234, 89, 173, 0, 0, 29, 1, 0, 91, 0, 0, 237, 6, 10]
1542749758930;[171, 0, 17, 255, 161, 74, 234, 89, 174, 0, 0, 31, 1, 0, 92, 0, 0, 238, 5, 191]
1542749758932;[171, 0, 17, 255, 161, 74, 234, 89, 174, 0, 0, 31, 1, 0, 92, 0, 0, 238, 5, 191]
1542749758934;[171, 0, 17, 255, 161, 74, 234, 89, 174, 0, 0, 31, 1, 0, 95, 0, 0, 238, 5, 148]
1542749758936;[171, 0, 17, 255, 161, 74, 234, 89, 174, 0, 0, 31, 1, 0, 95, 0, 0, 238, 5, 148]
1542749759447;[171, 0, 17, 255, 161, 74, 234, 89, 174, 0, 0, 30, 1, 0, 94, 0, 0, 236, 5, 72]
1542749759449;[171, 0, 17, 255, 161, 74, 234, 89, 174, 0, 0, 30, 1, 0, 94, 0, 0, 236, 5, 72]
1542749759622;[171, 0, 17, 255, 161, 74, 234, 89, 174, 0, 0, 30, 1, 0, 92, 0, 0, 237, 4, 241]
1542749759624;[171, 0, 17, 255, 161, 74, 234, 89, 174, 0, 0, 30, 1, 0, 92, 0, 0, 237, 4, 241]
1542749759626;[171, 0, 17, 255, 161, 74, 234, 89, 174, 0, 0, 28, 1, 0, 93, 0, 0, 238, 4, 159]
1542749759628;[171, 0, 17, 255, 161, 74, 234, 89, 174, 0, 0, 28, 1, 0, 93, 0, 0, 238, 4, 159]
1542749759631;[171, 0, 17, 255, 161, 74, 234, 89, 174, 0, 0, 29, 1, 0, 93, 0, 0, 238, 4, 173]
1542749759633;[171, 0, 17, 255, 161, 74, 234, 89, 174, 0, 0, 29, 1, 0, 93, 0, 0, 238, 4, 173]
1542749759635;[171, 0, 17, 255, 161, 74, 234, 89, 174, 0, 0, 27, 1, 0, 93, 0, 0, 237, 5, 209]
1542749759637;[171, 0, 17, 255, 161, 74, 234, 89, 174, 0, 0, 27, 1, 0, 93, 0, 0, 237, 5, 209]
1542749760139;[171, 0, 4, 255, 132, 128, 69]
1542749760143;[171, 0, 4, 255, 132, 128, 69]
1542749760146;[171, 0, 17, 255, 161, 74, 234, 89, 174, 0, 0, 30, 1, 0, 92, 0, 0, 238, 5, 236]
1542749760147;[171, 0, 17, 255, 161, 74, 234, 89, 174, 0, 0, 30, 1, 0, 92, 0, 0, 238, 5, 236]
1542749760149;[171, 0, 17, 255, 161, 74, 234, 89, 174, 0, 0, 32, 1, 0, 92, 0, 0, 238, 5, 151]
1542749760151;[171, 0, 17, 255, 161, 74, 234, 89, 174, 0, 0, 32, 1, 0, 92, 0, 0, 238, 5, 151]
1542749760153;[171, 0, 17, 255, 161, 74, 234, 89, 174, 0, 0, 29, 1, 0, 94, 0, 0, 236, 5, 74]
1542749760154;[171, 0, 17, 255, 161, 74, 234, 89, 174, 0, 0, 29, 1, 0, 94, 0, 0, 236, 5, 74]
1542749760310;[171, 0, 17, 255, 161, 74, 234, 89, 175, 0, 0, 29, 1, 0, 91, 0, 0, 238, 5, 10]
1542749760312;[171, 0, 17, 255, 161, 74, 234, 89, 175, 0, 0, 29, 1, 0, 91, 0, 0, 238, 5, 10]
1542749760316;[171, 0, 17, 255, 161, 74, 234, 89, 175, 0, 0, 29, 1, 0, 92, 0, 0, 236, 4, 189]
1542749760318;[171, 0, 17, 255, 161, 74, 234, 89, 175, 0, 0, 29, 1, 0, 92, 0, 0, 236, 4, 189]
1542749760320;[171, 0, 17, 255, 161, 74, 234, 89, 175, 0, 0, 29, 1, 0, 89, 0, 0, 238, 4, 91]
1542749760322;[171, 0, 17, 255, 161, 74, 234, 89, 175, 0, 0, 29, 1, 0, 89, 0, 0, 238, 4, 91]
1542749760323;[171, 0, 17, 255, 161, 74, 234, 89, 175, 0, 0, 31, 1, 0, 93, 0, 0, 238, 4, 74]
1542749760325;[171, 0, 17, 255, 161, 74, 234, 89, 175, 0, 0, 31, 1, 0, 93, 0, 0, 238, 4, 74]
1542749760657;[171, 0, 17, 255, 161, 74, 234, 89, 175, 0, 0, 29, 1, 0, 93, 0, 0, 238, 5, 125]
1542749760659;[171, 0, 17, 255, 161, 74, 234, 89, 175, 0, 0, 29, 1, 0, 93, 0, 0, 238, 5, 125]
1542749760662;[171, 0, 17, 255, 161, 74, 234, 89, 175, 0, 0, 29, 1, 0, 90, 0, 0, 238, 5, 202]
1542749760664;[171, 0, 17, 255, 161, 74, 234, 89, 175, 0, 0, 29, 1, 0, 90, 0, 0, 238, 5, 202]
1542749760666;[171, 0, 17, 255, 161, 74, 234, 89, 175, 0, 0, 28, 1, 0, 93, 0, 0, 237, 5, 132]
1542749760668;[171, 0, 17, 255, 161, 74, 234, 89, 175, 0, 0, 28, 1, 0, 93, 0, 0, 237, 5, 132]
1542749760671;[171, 0, 4, 255, 132, 128, 69]
1542749760673;[171, 0, 4, 255, 132, 128, 69]
1542749760826;[171, 0, 17, 255, 161, 74, 234, 89, 175, 0, 0, 30, 1, 0, 92, 0, 0, 238, 5, 60]
1542749760827;[171, 0, 17, 255, 161, 74, 234, 89, 175, 0, 0, 30, 1, 0, 92, 0, 0, 238, 5, 60]
1542749760999;[171, 0, 17, 255, 161, 74, 234, 89, 175, 0, 0, 29, 1, 0, 91, 0, 0, 238, 5, 12]
1542749761001;[171, 0, 17, 255, 161, 74, 234, 89, 175, 0, 0, 29, 1, 0, 91, 0, 0, 238, 5, 12]
1542749761520;[171, 0, 17, 255, 161, 74, 234, 89, 175, 0, 0, 32, 1, 0, 92, 0, 0, 235, 4, 197]
1542749761522;[171, 0, 17, 255, 161, 74, 234, 89, 175, 0, 0, 32, 1, 0, 92, 0, 0, 235, 4, 197]
1542749761524;[171, 0, 17, 255, 161, 74, 234, 89, 176, 0, 0, 29, 1, 0, 93, 0, 0, 237, 4, 111]
1542749761526;[171, 0, 17, 255, 161, 74, 234, 89, 176, 0, 0, 29, 1, 0, 93, 0, 0, 237, 4, 111]
1542749761529;[171, 0, 17, 255, 161, 74, 234, 89, 176, 0, 0, 30, 1, 0, 93, 0, 0, 237, 4, 29]
1542749761531;[171, 0, 17, 255, 161, 74, 234, 89, 176, 0, 0, 30, 1, 0, 93, 0, 0, 237, 4, 29]
1542749761533;[171, 0, 17, 255, 161, 74, 234, 89, 176, 0, 0, 31, 1, 0, 92, 0, 0, 238, 3, 219]
1542749761535;[171, 0, 17, 255, 161, 74, 234, 89, 176, 0, 0, 31, 1, 0, 92, 0, 0, 238, 3, 219]
1542749761863;[171, 0, 17, 255, 161, 74, 234, 89, 176, 0, 0, 29, 1, 0, 92, 0, 0, 239, 4, 241]
1542749761865;[171, 0, 17, 255, 161, 74, 234, 89, 176, 0, 0, 29, 1, 0, 92, 0, 0, 239, 4, 241]
1542749761867;[171, 0, 17, 255, 161, 74, 234, 89, 176, 0, 0, 30, 1, 0, 89, 0, 0, 237, 5, 151]
1542749761869;[171, 0, 17, 255, 161, 74, 234, 89, 176, 0, 0, 30, 1, 0, 89, 0, 0, 237, 5, 151]
1542749762041;[171, 0, 17, 255, 161, 74, 234, 89, 176, 0, 0, 30, 1, 0, 93, 0, 0, 237, 5, 112]
1542749762043;[171, 0, 17, 255, 161, 74, 234, 89, 176, 0, 0, 30, 1, 0, 93, 0, 0, 237, 5, 112]
1542749762045;[171, 0, 17, 255, 161, 74, 234, 89, 176, 0, 0, 31, 1, 0, 90, 0, 0, 236, 5, 43]
1542749762047;[171, 0, 17, 255, 161, 74, 234, 89, 176, 0, 0, 31, 1, 0, 90, 0, 0, 236, 5, 43]
1542749762049;[171, 0, 4, 255, 132, 128, 69]
1542749762051;[171, 0, 4, 255, 132, 128, 69]
1542749762053;[171, 0, 17, 255, 161, 74, 234, 89, 176, 0, 0, 29, 1, 0, 93, 0, 0, 238, 4, 247]
1542749762055;[171, 0, 17, 255, 161, 74, 234, 89, 176, 0, 0, 29, 1, 0, 93, 0, 0, 238, 4, 247]
1542749762207;[171, 0, 17, 255, 161, 74, 234, 89, 176, 0, 0, 29, 1, 0, 91, 0, 0, 238, 4, 186]
1542749762209;[171, 0, 17, 255, 161, 74, 234, 89, 176, 0, 0, 29, 1, 0, 91, 0, 0, 238, 4, 186]
1542749762212;[171, 0, 17, 255, 161, 74, 234, 89, 176, 0, 0, 29, 1, 0, 91, 0, 0, 236, 4, 104]
1542749762214;[171, 0, 17, 255, 161, 74, 234, 89, 176, 0, 0, 29, 1, 0, 91, 0, 0, 236, 4, 104]
1542749762726;[171, 0, 17, 255, 161, 74, 234, 89, 177, 0, 0, 32, 1, 0, 92, 0, 0, 238, 4, 22]
1542749762728;[171, 0, 17, 255, 161, 74, 234, 89, 177, 0, 0, 32, 1, 0, 92, 0, 0, 238, 4, 22]
1542749762730;[171, 0, 17, 255, 161, 74, 234, 89, 177, 0, 0, 30, 1, 0, 93, 0, 0, 235, 3, 202]
1542749762732;[171, 0, 17, 255, 161, 74, 234, 89, 177, 0, 0, 30, 1, 0, 93, 0, 0, 235, 3, 202]
1542749762736;[171, 0, 17, 255, 161, 74, 234, 89, 177, 0, 0, 29, 1, 0, 92, 0, 0, 238, 3, 126]
1542749762738;[171, 0, 17, 255, 161, 74, 234, 89, 177, 0, 0, 29, 1, 0, 92, 0, 0, 238, 3, 126]
1542749762741;[171, 0, 17, 255, 161, 74, 234, 89, 177, 0, 0, 29, 1, 0, 93, 0, 0, 237, 3, 129]
1542749762742;[171, 0, 17, 255, 161, 74, 234, 89, 177, 0, 0, 29, 1, 0, 93, 0, 0, 237, 3, 129]
1542749763243;[171, 0, 17, 255, 161, 74, 234, 89, 177, 0, 0, 28, 1, 0, 95, 0, 0, 238, 4, 195]
1542749763246;[171, 0, 17, 255, 161, 74, 234, 89, 177, 0, 0, 28, 1, 0, 95, 0, 0, 238, 4, 195]
1542749763248;[171, 0, 17, 255, 161, 74, 234, 89, 177, 0, 0, 30, 1, 0, 91, 0, 0, 238, 5, 31]
1542749763250;[171, 0, 17, 255, 161, 74, 234, 89, 177, 0, 0, 30, 1, 0, 91, 0, 0, 238, 5, 31]
1542749763253;[171, 0, 17, 255, 161, 74, 234, 89, 177, 0, 0, 30, 1, 0, 91, 0, 0, 237, 4, 231]
1542749763255;[171, 0, 17, 255, 161, 74, 234, 89, 177, 0, 0, 30, 1, 0, 91, 0, 0, 237, 4, 231]
1542749763258;[171, 0, 4, 255, 132, 128, 69]
1542749763260;[171, 0, 4, 255, 132, 128, 69]
1542749763416;[171, 0, 17, 255, 161, 74, 234, 89, 177, 0, 0, 29, 1, 0, 90, 0, 0, 237, 4, 176]
1542749763418;[171, 0, 17, 255, 161, 74, 234, 89, 177, 0, 0, 29, 1, 0, 90, 0, 0, 237, 4, 176]
1542749763421;[171, 0, 17, 255, 161, 74, 234, 89, 177, 0, 0, 31, 1, 0, 90, 0, 0, 237, 4, 152]
1542749763423;[171, 0, 17, 255, 161, 74, 234, 89, 177, 0, 0, 31, 1, 0, 90, 0, 0, 237, 4, 152]
1542749763425;[171, 0, 17, 255, 161, 74, 234, 89, 177, 0, 0, 29, 1, 0, 93, 0, 0, 237, 4, 84]
1542749763428;[171, 0, 17, 255, 161, 74, 234, 89, 177, 0, 0, 29, 1, 0, 93, 0, 0, 237, 4, 84]
1542749763430;[171, 0, 17, 255, 161, 74, 234, 89, 178, 0, 0, 31, 1, 0, 92, 0, 0, 238, 4, 12]
1542749763432;[171, 0, 17, 255, 161, 74, 234, 89, 178, 0, 0, 31, 1, 0, 92, 0, 0, 238, 4, 12]
1542749763587;[171, 0, 17, 255, 161, 74, 234, 89, 178, 0, 0, 28, 1, 0, 92, 0, 0, 237, 3, 202]
1542749763589;[171, 0, 17, 255, 161, 74, 234, 89, 178, 0, 0, 28, 1, 0, 92, 0, 0, 237, 3, 202]
1542749763591;[171, 0, 17, 255, 161, 74, 234, 89, 178, 0, 0, 30, 1, 0, 91, 0, 0, 236, 4, 33]
1542749763593;[171, 0, 17, 255, 161, 74, 234, 89, 178, 0, 0, 30, 1, 0, 91, 0, 0, 236, 4, 33]
1542749763596;[171, 0, 17, 255, 161, 74, 234, 89, 178, 0, 0, 30, 1, 0, 91, 0, 0, 236, 5, 87]
1542749763597;[171, 0, 17, 255, 161, 74, 234, 89, 178, 0, 0, 30, 1, 0, 91, 0, 0, 236, 5, 87]
1542749763935;[171, 0, 17, 255, 161, 74, 234, 89, 178, 0, 0, 30, 1, 0, 92, 0, 0, 237, 5, 119]
1542749763938;[171, 0, 17, 255, 161, 74, 234, 89, 178, 0, 0, 30, 1, 0, 92, 0, 0, 237, 5, 119]
1542749763940;[171, 0, 17, 255, 161, 74, 234, 89, 178, 0, 0, 29, 1, 0, 92, 0, 0, 239, 5, 58]
1542749763943;[171, 0, 17, 255, 161, 74, 234, 89, 178, 0, 0, 29, 1, 0, 92, 0, 0, 239, 5, 58]
1542749763945;[171, 0, 17, 255, 161, 74, 234, 89, 178, 0, 0, 29, 1, 0, 92, 0, 0, 236, 5, 2]
1542749763947;[171, 0, 17, 255, 161, 74, 234, 89, 178, 0, 0, 29, 1, 0, 92, 0, 0, 236, 5, 2]
1542749763949;[171, 0, 4, 255, 132, 128, 68]
1542749763951;[171, 0, 4, 255, 132, 128, 68]
1542749764104;[171, 0, 17, 255, 161, 74, 234, 89, 178, 0, 0, 29, 1, 0, 91, 0, 0, 238, 4, 210]
1542749764106;[171, 0, 17, 255, 161, 74, 234, 89, 178, 0, 0, 29, 1, 0, 91, 0, 0, 238, 4, 210]
1542749764107;[171, 0, 17, 255, 161, 74, 234, 89, 178, 0, 0, 31, 1, 0, 92, 0, 0, 237, 4, 142]
1542749764108;[171, 0, 17, 255, 161, 74, 234, 89, 178, 0, 0, 31, 1, 0, 92, 0, 0, 237, 4, 142]
1542749764451;[171, 0, 17, 255, 161, 74, 234, 89, 178, 0, 0, 28, 1, 0, 93, 0, 0, 237, 4, 55]
1542749764453;[171, 0, 17, 255, 161, 74, 234, 89, 178, 0, 0, 28, 1, 0, 93, 0, 0, 237, 4, 55]
1542749764455;[171, 0, 17, 255, 161, 74, 234, 89, 179, 0, 0, 30, 1, 0, 92, 0, 0, 238, 3, 236]
1542749764457;[171, 0, 17, 255, 161, 74, 234, 89, 179, 0, 0, 30, 1, 0, 92, 0, 0, 238, 3, 236]
1542749764460;[171, 0, 17, 255, 161, 74, 234, 89, 179, 0, 0, 32, 1, 0, 91, 0, 0, 237, 4, 226]
1542749764461;[171, 0, 17, 255, 161, 74, 234, 89, 179, 0, 0, 32, 1, 0, 91, 0, 0, 237, 4, 226]
1542749764623;[171, 0, 17, 255, 161, 74, 234, 89, 179, 0, 0, 30, 1, 0, 91, 0, 0, 237, 5, 217]
1542749764624;[171, 0, 17, 255, 161, 74, 234, 89, 179, 0, 0, 30, 1, 0, 91, 0, 0, 237, 5, 217]
1542749764627;[171, 0, 17, 255, 161, 74, 234, 89, 179, 0, 0, 29, 1, 0, 92, 0, 0, 238, 5, 226]
1542749764629;[171, 0, 17, 255, 161, 74, 234, 89, 179, 0, 0, 29, 1, 0, 92, 0, 0, 238, 5, 226]
1542749764796;[171, 0, 17, 255, 161, 74, 234, 89, 179, 0, 0, 30, 1, 0, 93, 0, 0, 238, 5, 153]
1542749764797;[171, 0, 17, 255, 161, 74, 234, 89, 179, 0, 0, 30, 1, 0, 93, 0, 0, 238, 5, 153]
1542749764800;[171, 0, 17, 255, 161, 74, 234, 89, 179, 0, 0, 28, 1, 0, 94, 0, 0, 238, 5, 114]
1542749764801;[171, 0, 17, 255, 161, 74, 234, 89, 179, 0, 0, 28, 1, 0, 94, 0, 0, 238, 5, 114]
1542749765160;[171, 0, 17, 255, 161, 74, 234, 89, 179, 0, 0, 30, 1, 0, 92, 0, 0, 238, 5, 54]
1542749765162;[171, 0, 17, 255, 161, 74, 234, 89, 179, 0, 0, 30, 1, 0, 92, 0, 0, 238, 5, 54]
1542749765164;[171, 0, 4, 255, 132, 128, 68]
1542749765166;[171, 0, 4, 255, 132, 128, 68]
1542749765168;[171, 0, 17, 255, 161, 74, 234, 89, 179, 0, 0, 31, 1, 0, 93, 0, 0, 238, 4, 227]
1542749765170;[171, 0, 17, 255, 161, 74, 234, 89, 179, 0, 0, 31, 1, 0, 93, 0, 0, 238, 4, 227]
1542749765313;[171, 0, 17, 255, 161, 74, 234, 89, 179, 0, 0, 28, 1, 0, 91, 0, 0, 238, 4, 145]
1542749765315;[171, 0, 17, 255, 161, 74, 234, 89, 179, 0, 0, 28, 1, 0, 91, 0, 0, 238, 4, 145]
1542749765317;[171, 0, 17, 255, 161, 74, 234, 89, 179, 0, 0, 27, 1, 0, 90, 0, 0, 237, 4, 97]
1542749765319;[171, 0, 17, 255, 161, 74, 234, 89, 179, 0, 0, 27, 1, 0, 90, 0, 0, 237, 4, 97]
1542749765657;[171, 0, 17, 255, 161, 74, 234, 89, 180, 0, 0, 29, 1, 0, 92, 0, 0, 239, 5, 186]
1542749765659;[171, 0, 17, 255, 161, 74, 234, 89, 180, 0, 0, 29, 1, 0, 92, 0, 0, 239, 5, 186]
1542749765831;[171, 0, 17, 255, 161, 74, 234, 89, 180, 0, 0, 30, 1, 0, 92, 0, 0, 238, 6, 93]
1542749765833;[171, 0, 17, 255, 161, 74, 234, 89, 180, 0, 0, 30, 1, 0, 92, 0, 0, 238, 6, 93]
1542749765835;[171, 0, 17, 255, 161, 74, 234, 89, 180, 0, 0, 30, 1, 0, 93, 0, 0, 238, 6, 52]
1542749765837;[171, 0, 17, 255, 161, 74, 234, 89, 180, 0, 0, 30, 1, 0, 93, 0, 0, 238, 6, 52]
1542749765841;[171, 0, 17, 255, 161, 74, 234, 89, 180, 0, 0, 30, 1, 0, 94, 0, 0, 235, 5, 249]
1542749765843;[171, 0, 17, 255, 161, 74, 234, 89, 180, 0, 0, 30, 1, 0, 94, 0, 0, 235, 5, 249]
1542749765845;[171, 0, 17, 255, 161, 74, 234, 89, 180, 0, 0, 29, 1, 0, 92, 0, 0, 237, 5, 223]
1542749765847;[171, 0, 17, 255, 161, 74, 234, 89, 180, 0, 0, 29, 1, 0, 92, 0, 0, 237, 5, 223]
1542749766002;[171, 0, 17, 255, 161, 74, 234, 89, 180, 0, 0, 31, 1, 0, 94, 0, 0, 237, 5, 155]
1542749766004;[171, 0, 17, 255, 161, 74, 234, 89, 180, 0, 0, 31, 1, 0, 94, 0, 0, 237, 5, 155]
1542749766522;[171, 0, 17, 255, 161, 74, 234, 89, 180, 0, 0, 28, 1, 0, 92, 0, 0, 237, 5, 82]
1542749766524;[171, 0, 17, 255, 161, 74, 234, 89, 180, 0, 0, 28, 1, 0, 92, 0, 0, 237, 5, 82]
1542749766527;[171, 0, 4, 255, 132, 128, 68]
1542749766530;[171, 0, 4, 255, 132, 128, 68]
1542749766533;[171, 0, 17, 255, 161, 74, 234, 89, 180, 0, 0, 29, 1, 0, 91, 0, 0, 237, 5, 28]
1542749766535;[171, 0, 17, 255, 161, 74, 234, 89, 180, 0, 0, 29, 1, 0, 91, 0, 0, 237, 5, 28]
1542749766537;[171, 0, 17, 255, 161, 74, 234, 89, 180, 0, 0, 31, 1, 0, 95, 0, 0, 237, 6, 64]
1542749766538;[171, 0, 17, 255, 161, 74, 234, 89, 180, 0, 0, 31, 1, 0, 95, 0, 0, 237, 6, 64]
1542749766694;[171, 0, 17, 255, 161, 74, 234, 89, 180, 0, 0, 30, 1, 0, 91, 0, 0, 238, 6, 234]
1542749766696;[171, 0, 17, 255, 161, 74, 234, 89, 180, 0, 0, 30, 1, 0, 91, 0, 0, 238, 6, 234]
1542749766702;[171, 0, 17, 255, 161, 74, 234, 89, 181, 0, 0, 29, 1, 0, 92, 0, 0, 237, 6, 187]
1542749766704;[171, 0, 17, 255, 161, 74, 234, 89, 181, 0, 0, 29, 1, 0, 92, 0, 0, 237, 6, 187]
1542749766706;[171, 0, 17, 255, 161, 74, 234, 89, 181, 0, 0, 31, 1, 0, 93, 0, 0, 237, 6, 110]
1542749766708;[171, 0, 17, 255, 161, 74, 234, 89, 181, 0, 0, 31, 1, 0, 93, 0, 0, 237, 6, 110]
1542749766710;[171, 0, 17, 255, 161, 74, 234, 89, 181, 0, 0, 31, 1, 0, 93, 0, 0, 237, 6, 48]
1542749766711;[171, 0, 17, 255, 161, 74, 234, 89, 181, 0, 0, 31, 1, 0, 93, 0, 0, 237, 6, 48]
1542749767041;[171, 0, 17, 255, 161, 74, 234, 89, 181, 0, 0, 30, 1, 0, 94, 0, 0, 236, 5, 246]
1542749767043;[171, 0, 17, 255, 161, 74, 234, 89, 181, 0, 0, 30, 1, 0, 94, 0, 0, 236, 5, 246]
1542749767055;[171, 0, 17, 255, 161, 74, 234, 89, 181, 0, 0, 27, 1, 0, 92, 0, 0, 239, 5, 164]
1542749767057;[171, 0, 17, 255, 161, 74, 234, 89, 181, 0, 0, 27, 1, 0, 92, 0, 0, 239, 5, 164]
1542749767059;[171, 0, 17, 255, 161, 74, 234, 89, 181, 0, 0, 30, 1, 0, 92, 0, 0, 238, 5, 145]
1542749767061;[171, 0, 17, 255, 161, 74, 234, 89, 181, 0, 0, 30, 1, 0, 92, 0, 0, 238, 5, 145]
1542749767209;[171, 0, 17, 255, 161, 74, 234, 89, 181, 0, 0, 29, 1, 0, 92, 0, 0, 238, 6, 245]
1542749767211;[171, 0, 17, 255, 161, 74, 234, 89, 181, 0, 0, 29, 1, 0, 92, 0, 0, 238, 6, 245]
1542749767214;[171, 0, 4, 255, 132, 128, 68]
1542749767216;[171, 0, 4, 255, 132, 128, 68]
1542749767381;[171, 0, 17, 255, 161, 74, 234, 89, 181, 0, 0, 30, 1, 0, 92, 0, 0, 240, 7, 84]
1542749767383;[171, 0, 17, 255, 161, 74, 234, 89, 181, 0, 0, 30, 1, 0, 92, 0, 0, 240, 7, 84]
1542749767901;[171, 0, 17, 255, 161, 74, 234, 89, 181, 0, 0, 30, 1, 0, 93, 0, 0, 237, 7, 4]
1542749767903;[171, 0, 17, 255, 161, 74, 234, 89, 181, 0, 0, 30, 1, 0, 93, 0, 0, 237, 7, 4]
1542749767905;[171, 0, 17, 255, 161, 74, 234, 89, 181, 0, 0, 29, 1, 0, 92, 0, 0, 237, 6, 184]
1542749767907;[171, 0, 17, 255, 161, 74, 234, 89, 181, 0, 0, 29, 1, 0, 92, 0, 0, 237, 6, 184]
1542749767909;[171, 0, 17, 255, 161, 74, 234, 89, 182, 0, 0, 30, 1, 0, 93, 0, 0, 237, 6, 125]
1542749767910;[171, 0, 17, 255, 161, 74, 234, 89, 182, 0, 0, 30, 1, 0, 93, 0, 0, 237, 6, 125]
1542749767913;[171, 0, 17, 255, 161, 74, 234, 89, 182, 0, 0, 31, 1, 0, 95, 0, 0, 238, 6, 46]
1542749767915;[171, 0, 17, 255, 161, 74, 234, 89, 182, 0, 0, 31, 1, 0, 95, 0, 0, 238, 6, 46]
1542749768261;[171, 0, 17, 255, 161, 74, 234, 89, 182, 0, 0, 31, 1, 0, 93, 0, 0, 238, 5, 201]
1542749768263;[171, 0, 17, 255, 161, 74, 234, 89, 182, 0, 0, 31, 1, 0, 93, 0, 0, 238, 5, 201]
1542749768264;[171, 0, 17, 255, 161, 74, 234, 89, 182, 0, 0, 31, 1, 0, 92, 0, 0, 238, 5, 105]
1542749768265;[171, 0, 17, 255, 161, 74, 234, 89, 182, 0, 0, 31, 1, 0, 92, 0, 0, 238, 5, 105]
1542749768267;[171, 0, 17, 255, 161, 74, 234, 89, 182, 0, 0, 32, 1, 0, 93, 0, 0, 239, 5, 53]
1542749768268;[171, 0, 17, 255, 161, 74, 234, 89, 182, 0, 0, 32, 1, 0, 93, 0, 0, 239, 5, 53]
1542749768292;[171, 0, 17, 255, 161, 74, 234, 89, 182, 0, 0, 30, 1, 0, 93, 0, 0, 237, 6, 148]
1542749768294;[171, 0, 17, 255, 161, 74, 234, 89, 182, 0, 0, 30, 1, 0, 93, 0, 0, 237, 6, 148]
1542749768420;[171, 0, 17, 255, 161, 74, 234, 89, 182, 0, 0, 29, 1, 0, 90, 0, 0, 237, 7, 15]
1542749768422;[171, 0, 17, 255, 161, 74, 234, 89, 182, 0, 0, 29, 1, 0, 90, 0, 0, 237, 7, 15]
1542749768424;[171, 0, 4, 255, 132, 128, 68]
1542749768426;[171, 0, 4, 255, 132, 128, 68]
1542749768429;[171, 0, 17, 255, 161, 74, 234, 89, 182, 0, 0, 30, 1, 0, 92, 0, 0, 235, 6, 196]
1542749768431;[171, 0, 17, 255, 161, 74, 234, 89, 182, 0, 0, 30, 1, 0, 92, 0, 0, 235, 6, 196]
1542749768590;[171, 0, 17, 255, 161, 74, 234, 89, 182, 0, 0, 30, 1, 0, 93, 0, 0, 235, 6, 115]
1542749768592;[171, 0, 17, 255, 161, 74, 234, 89, 182, 0, 0, 30, 1, 0, 93, 0, 0, 235, 6, 115]
1542749768936;[171, 0, 17, 255, 161, 74, 234, 89, 182, 0, 0, 29, 1, 0, 93, 0, 0, 239, 6, 46]
1542749768938;[171, 0, 17, 255, 161, 74, 234, 89, 182, 0, 0, 29, 1, 0, 93, 0, 0, 239, 6, 46]
1542749768941;[171, 0, 17, 255, 161, 74, 234, 89, 183, 0, 0, 31, 1, 0, 92, 0, 0, 237, 5, 214]
1542749768942;[171, 0, 17, 255, 161, 74, 234, 89, 183, 0, 0, 31, 1, 0, 92, 0, 0, 237, 5, 214]
1542749768945;[171, 0, 17, 255, 161, 74, 234, 89, 183, 0, 0, 30, 1, 0, 93, 0, 0, 238, 5, 131]
1542749768947;[171, 0, 17, 255, 161, 74, 234, 89, 183, 0, 0, 30, 1, 0, 93, 0, 0, 238, 5, 131]
1542749768949;[171, 0, 17, 255, 161, 74, 234, 89, 183, 0, 0, 30, 1, 0, 92, 0, 0, 238, 5, 20]
1542749768951;[171, 0, 17, 255, 161, 74, 234, 89, 183, 0, 0, 30, 1, 0, 92, 0, 0, 238, 5, 20]
1542749769280;[171, 0, 17, 255, 161, 74, 234, 89, 183, 0, 0, 30, 1, 0, 92, 0, 0, 239, 4, 202]
1542749769282;[171, 0, 17, 255, 161, 74, 234, 89, 183, 0, 0, 30, 1, 0, 92, 0, 0, 239, 4, 202]
1542749769286;[171, 0, 17, 255, 161, 74, 234, 89, 183, 0, 0, 30, 1, 0, 92, 0, 0, 238, 5, 229]
1542749769288;[171, 0, 17, 255, 161, 74, 234, 89, 183, 0, 0, 30, 1, 0, 92, 0, 0, 238, 5, 229]
1542749769289;[171, 0, 17, 255, 161, 74, 234, 89, 183, 0, 0, 29, 1, 0, 90, 0, 0, 237, 6, 109]
1542749769291;[171, 0, 17, 255, 161, 74, 234, 89, 183, 0, 0, 29, 1, 0, 90, 0, 0, 237, 6, 109]
1542749769628;[171, 0, 17, 255, 161, 74, 234, 89, 183, 0, 0, 30, 1, 0, 91, 0, 0, 237, 6, 34]
1542749769630;[171, 0, 17, 255, 161, 74, 234, 89, 183, 0, 0, 30, 1, 0, 91, 0, 0, 237, 6, 34]
1542749769632;[171, 0, 4, 255, 132, 128, 68]
1542749769635;[171, 0, 4, 255, 132, 128, 68]
1542749769637;[171, 0, 17, 255, 161, 74, 234, 89, 183, 0, 0, 29, 1, 0, 93, 0, 0, 238, 5, 194]
1542749769639;[171, 0, 17, 255, 161, 74, 234, 89, 183, 0, 0, 29, 1, 0, 93, 0, 0, 238, 5, 194]
1542749769641;[171, 0, 17, 255, 161, 74, 234, 89, 183, 0, 0, 28, 1, 0, 93, 0, 0, 238, 5, 136]
1542749769643;[171, 0, 17, 255, 161, 74, 234, 89, 183, 0, 0, 28, 1, 0, 93, 0, 0, 238, 5, 136]
1542749770315;[171, 0, 17, 255, 161, 74, 234, 89, 183, 0, 0, 27, 1, 0, 92, 0, 0, 236, 5, 51]
1542749770317;[171, 0, 17, 255, 161, 74, 234, 89, 183, 0, 0, 27, 1, 0, 92, 0, 0, 236, 5, 51]
1542749770319;[171, 0, 17, 255, 161, 74, 234, 89, 184, 0, 0, 30, 1, 0, 92, 0, 0, 237, 4, 214]
1542749770321;[171, 0, 17, 255, 161, 74, 234, 89, 184, 0, 0, 30, 1, 0, 92, 0, 0, 237, 4, 214]
1542749770323;[171, 0, 17, 255, 161, 74, 234, 89, 184, 0, 0, 30, 1, 0, 91, 0, 0, 237, 4, 128]
1542749770325;[171, 0, 17, 255, 161, 74, 234, 89, 184, 0, 0, 30, 1, 0, 91, 0, 0, 237, 4, 128]
1542749770328;[171, 0, 17, 255, 161, 74, 234, 89, 184, 0, 0, 27, 1, 0, 92, 0, 0, 238, 5, 36]
1542749770330;[171, 0, 17, 255, 161, 74, 234, 89, 184, 0, 0, 27, 1, 0, 92, 0, 0, 238, 5, 36]
1542749770490;[171, 0, 17, 255, 161, 74, 234, 89, 184, 0, 0, 31, 1, 0, 91, 0, 0, 237, 5, 244]
1542749770492;[171, 0, 17, 255, 161, 74, 234, 89, 184, 0, 0, 31, 1, 0, 91, 0, 0, 237, 5, 244]
1542749770496;[171, 0, 17, 255, 161, 74, 234, 89, 184, 0, 0, 29, 1, 0, 94, 0, 0, 237, 5, 195]
1542749770498;[171, 0, 17, 255, 161, 74, 234, 89, 184, 0, 0, 29, 1, 0, 94, 0, 0, 237, 5, 195]
1542749770500;[171, 0, 17, 255, 161, 74, 234, 89, 184, 0, 0, 26, 1, 0, 94, 0, 0, 238, 5, 103]
1542749770502;[171, 0, 17, 255, 161, 74, 234, 89, 184, 0, 0, 26, 1, 0, 94, 0, 0, 238, 5, 103]
1542749770504;[171, 0, 17, 255, 161, 74, 234, 89, 184, 0, 0, 30, 1, 0, 93, 0, 0, 237, 5, 28]
1542749770506;[171, 0, 17, 255, 161, 74, 234, 89, 184, 0, 0, 30, 1, 0, 93, 0, 0, 237, 5, 28]
1542749770833;[171, 0, 4, 255, 132, 128, 68]
1542749770835;[171, 0, 4, 255, 132, 128, 68]
1542749770838;[171, 0, 17, 255, 161, 74, 234, 89, 184, 0, 0, 30, 1, 0, 95, 0, 0, 238, 4, 211]
1542749770840;[171, 0, 17, 255, 161, 74, 234, 89, 184, 0, 0, 30, 1, 0, 95, 0, 0, 238, 4, 211]
1542749770842;[171, 0, 17, 255, 161, 74, 234, 89, 184, 0, 0, 30, 1, 0, 92, 0, 0, 237, 4, 128]
1542749770843;[171, 0, 17, 255, 161, 74, 234, 89, 184, 0, 0, 30, 1, 0, 92, 0, 0, 237, 4, 128]
1542749770847;[171, 0, 17, 255, 161, 74, 234, 89, 184, 0, 0, 29, 1, 0, 91, 0, 0, 237, 4, 35]
1542749770849;[171, 0, 17, 255, 161, 74, 234, 89, 184, 0, 0, 29, 1, 0, 91, 0, 0, 237, 4, 35]
1542749771005;[171, 0, 17, 255, 161, 74, 234, 89, 185, 0, 0, 30, 1, 0, 92, 0, 0, 237, 3, 212]
1542749771007;[171, 0, 17, 255, 161, 74, 234, 89, 185, 0, 0, 30, 1, 0, 92, 0, 0, 237, 3, 212]
1542749771009;[171, 0, 17, 255, 161, 74, 234, 89, 185, 0, 0, 31, 1, 0, 94, 0, 0, 238, 4, 181]
1542749771011;[171, 0, 17, 255, 161, 74, 234, 89, 185, 0, 0, 31, 1, 0, 94, 0, 0, 238, 4, 181]
1542749771177;[171, 0, 17, 255, 161, 74, 234, 89, 185, 0, 0, 30, 1, 0, 94, 0, 0, 237, 5, 135]
1542749771179;[171, 0, 17, 255, 161, 74, 234, 89, 185, 0, 0, 30, 1, 0, 94, 0, 0, 237, 5, 135]
1542749771522;[171, 0, 17, 255, 161, 74, 234, 89, 185, 0, 0, 30, 1, 0, 90, 0, 0, 238, 5, 95]
1542749771524;[171, 0, 17, 255, 161, 74, 234, 89, 185, 0, 0, 30, 1, 0, 90, 0, 0, 238, 5, 95]
1542749771527;[171, 0, 17, 255, 161, 74, 234, 89, 185, 0, 0, 31, 1, 0, 90, 0, 0, 238, 5, 9]
1542749771529;[171, 0, 17, 255, 161, 74, 234, 89, 185, 0, 0, 31, 1, 0, 90, 0, 0, 238, 5, 9]
1542749771695;[171, 0, 17, 255, 161, 74, 234, 89, 185, 0, 0, 28, 1, 0, 90, 0, 0, 236, 4, 198]
1542749771697;[171, 0, 17, 255, 161, 74, 234, 89, 185, 0, 0, 28, 1, 0, 90, 0, 0, 236, 4, 198]
1542749772048;[171, 0, 17, 255, 161, 74, 234, 89, 185, 0, 0, 30, 1, 0, 93, 0, 0, 238, 4, 139]
1542749772050;[171, 0, 17, 255, 161, 74, 234, 89, 185, 0, 0, 30, 1, 0, 93, 0, 0, 238, 4, 139]
1542749772051;[171, 0, 4, 255, 132, 128, 68]
1542749772054;[171, 0, 4, 255, 132, 128, 68]
1542749772062;[171, 0, 17, 255, 161, 74, 234, 89, 185, 0, 0, 30, 1, 0, 93, 0, 0, 237, 4, 53]
1542749772067;[171, 0, 17, 255, 161, 74, 234, 89, 185, 0, 0, 30, 1, 0, 93, 0, 0, 237, 4, 53]
1542749772213;[171, 0, 17, 255, 161, 74, 234, 89, 185, 0, 0, 32, 1, 0, 91, 0, 0, 238, 3, 211]
1542749772215;[171, 0, 17, 255, 161, 74, 234, 89, 185, 0, 0, 32, 1, 0, 91, 0, 0, 238, 3, 211]
1542749772218;[171, 0, 17, 255, 161, 74, 234, 89, 185, 0, 0, 28, 1, 0, 89, 0, 0, 237, 3, 123]
1542749772221;[171, 0, 17, 255, 161, 74, 234, 89, 185, 0, 0, 28, 1, 0, 89, 0, 0, 237, 3, 123]
1542749772247;[171, 0, 17, 255, 161, 74, 234, 89, 186, 0, 0, 31, 1, 0, 93, 0, 0, 237, 3, 40]
1542749772249;[171, 0, 17, 255, 161, 74, 234, 89, 186, 0, 0, 31, 1, 0, 93, 0, 0, 237, 3, 40]
1542749772251;[171, 0, 17, 255, 161, 74, 234, 89, 186, 0, 0, 30, 1, 0, 90, 0, 0, 240, 3, 180]
1542749772252;[171, 0, 17, 255, 161, 74, 234, 89, 186, 0, 0, 30, 1, 0, 90, 0, 0, 240, 3, 180]
1542749772385;[171, 0, 17, 255, 161, 74, 234, 89, 186, 0, 0, 30, 1, 0, 92, 0, 0, 237, 4, 183]
1542749772387;[171, 0, 17, 255, 161, 74, 234, 89, 186, 0, 0, 30, 1, 0, 92, 0, 0, 237, 4, 183]
1542749772389;[171, 0, 17, 255, 161, 74, 234, 89, 186, 0, 0, 29, 1, 0, 94, 0, 0, 237, 4, 190]
1542749772390;[171, 0, 17, 255, 161, 74, 234, 89, 186, 0, 0, 29, 1, 0, 94, 0, 0, 237, 4, 190]
1542749772557;[171, 0, 17, 255, 161, 74, 234, 89, 186, 0, 0, 29, 1, 0, 92, 0, 0, 237, 4, 114]
1542749772559;[171, 0, 17, 255, 161, 74, 234, 89, 186, 0, 0, 29, 1, 0, 92, 0, 0, 237, 4, 114]
1542749772562;[171, 0, 17, 255, 161, 74, 234, 89, 186, 0, 0, 29, 1, 0, 92, 0, 0, 237, 4, 57]
1542749772563;[171, 0, 17, 255, 161, 74, 234, 89, 186, 0, 0, 29, 1, 0, 92, 0, 0, 237, 4, 57]
1542749772905;[171, 0, 17, 255, 161, 74, 234, 89, 186, 0, 0, 31, 1, 0, 89, 0, 0, 235, 3, 249]
1542749772907;[171, 0, 17, 255, 161, 74, 234, 89, 186, 0, 0, 31, 1, 0, 89, 0, 0, 235, 3, 249]
1542749772909;[171, 0, 4, 255, 132, 128, 68]
1542749772911;[171, 0, 4, 255, 132, 128, 68]
1542749772915;[171, 0, 17, 255, 161, 74, 234, 89, 186, 0, 0, 30, 1, 0, 89, 0, 0, 239, 3, 177]
1542749772917;[171, 0, 17, 255, 161, 74, 234, 89, 186, 0, 0, 30, 1, 0, 89, 0, 0, 239, 3, 177]
1542749772919;[171, 0, 17, 255, 161, 74, 234, 89, 186, 0, 0, 30, 1, 0, 90, 0, 0, 237, 3, 89]
1542749772921;[171, 0, 17, 255, 161, 74, 234, 89, 186, 0, 0, 30, 1, 0, 90, 0, 0, 237, 3, 89]
1542749773433;[171, 0, 17, 255, 161, 74, 234, 89, 186, 0, 0, 29, 1, 0, 92, 0, 0, 237, 3, 7]
1542749773435;[171, 0, 17, 255, 161, 74, 234, 89, 186, 0, 0, 29, 1, 0, 92, 0, 0, 237, 3, 7]
1542749773437;[171, 0, 17, 255, 161, 74, 234, 89, 187, 0, 0, 29, 1, 0, 91, 0, 0, 238, 2, 201]
1542749773438;[171, 0, 17, 255, 161, 74, 234, 89, 187, 0, 0, 29, 1, 0, 91, 0, 0, 238, 2, 201]
1542749773440;[171, 0, 17, 255, 161, 74, 234, 89, 187, 0, 0, 28, 1, 0, 92, 0, 0, 237, 3, 168]
1542749773442;[171, 0, 17, 255, 161, 74, 234, 89, 187, 0, 0, 28, 1, 0, 92, 0, 0, 237, 3, 168]
1542749773444;[171, 0, 17, 255, 161, 74, 234, 89, 187, 0, 0, 27, 1, 0, 90, 0, 0, 237, 4, 103]
1542749773446;[171, 0, 17, 255, 161, 74, 234, 89, 187, 0, 0, 27, 1, 0, 90, 0, 0, 237, 4, 103]
1542749773592;[171, 0, 17, 255, 161, 74, 234, 89, 187, 0, 0, 29, 1, 0, 93, 0, 0, 238, 4, 71]
1542749773594;[171, 0, 17, 255, 161, 74, 234, 89, 187, 0, 0, 29, 1, 0, 93, 0, 0, 238, 4, 71]
1542749773766;[171, 0, 17, 255, 161, 74, 234, 89, 187, 0, 0, 30, 1, 0, 92, 0, 0, 237, 3, 245]
1542749773768;[171, 0, 17, 255, 161, 74, 234, 89, 187, 0, 0, 30, 1, 0, 92, 0, 0, 237, 3, 245]
1542749773770;[171, 0, 17, 255, 161, 74, 234, 89, 187, 0, 0, 29, 1, 0, 92, 0, 0, 237, 3, 197]
1542749773772;[171, 0, 17, 255, 161, 74, 234, 89, 187, 0, 0, 29, 1, 0, 92, 0, 0, 237, 3, 197]
1542749773774;[171, 0, 17, 255, 161, 74, 234, 89, 187, 0, 0, 30, 1, 0, 92, 0, 0, 237, 3, 149]
1542749773776;[171, 0, 17, 255, 161, 74, 234, 89, 187, 0, 0, 30, 1, 0, 92, 0, 0, 237, 3, 149]
1542749774112;[171, 0, 4, 255, 132, 128, 68]
1542749774114;[171, 0, 4, 255, 132, 128, 68]
1542749774117;[171, 0, 17, 255, 161, 74, 234, 89, 187, 0, 0, 30, 1, 0, 93, 0, 0, 238, 3, 73]
1542749774119;[171, 0, 17, 255, 161, 74, 234, 89, 187, 0, 0, 30, 1, 0, 93, 0, 0, 238, 3, 73]
1542749774121;[171, 0, 17, 255, 161, 74, 234, 89, 187, 0, 0, 31, 1, 0, 92, 0, 0, 238, 2, 247]
1542749774123;[171, 0, 17, 255, 161, 74, 234, 89, 187, 0, 0, 31, 1, 0, 92, 0, 0, 238, 2, 247]
1542749774126;[171, 0, 17, 255, 161, 74, 234, 89, 187, 0, 0, 30, 1, 0, 92, 0, 0, 237, 3, 15]
1542749774127;[171, 0, 17, 255, 161, 74, 234, 89, 187, 0, 0, 30, 1, 0, 92, 0, 0, 237, 3, 15]
1542749774282;[171, 0, 17, 255, 161, 74, 234, 89, 192, 0, 0, 30, 1, 0, 95, 0, 0, 237, 4, 73]
1542749774284;[171, 0, 17, 255, 161, 74, 234, 89, 192, 0, 0, 30, 1, 0, 95, 0, 0, 237, 4, 73]
1542749774630;[171, 0, 17, 255, 161, 74, 234, 89, 192, 0, 0, 33, 1, 0, 91, 0, 0, 237, 4, 151]
1542749774632;[171, 0, 17, 255, 161, 74, 234, 89, 192, 0, 0, 33, 1, 0, 91, 0, 0, 237, 4, 151]
1542749774634;[171, 0, 17, 255, 161, 74, 234, 89, 192, 0, 0, 27, 1, 0, 92, 0, 0, 238, 4, 87]
1542749774637;[171, 0, 17, 255, 161, 74, 234, 89, 192, 0, 0, 27, 1, 0, 92, 0, 0, 238, 4, 87]
1542749774638;[171, 0, 17, 255, 161, 74, 234, 89, 192, 0, 0, 28, 1, 0, 92, 0, 0, 238, 4, 16]
1542749774640;[171, 0, 17, 255, 161, 74, 234, 89, 192, 0, 0, 28, 1, 0, 92, 0, 0, 238, 4, 16]
1542749774799;[171, 0, 17, 255, 161, 74, 234, 89, 192, 0, 0, 31, 1, 0, 93, 0, 0, 238, 3, 210]
1542749774802;[171, 0, 17, 255, 161, 74, 234, 89, 192, 0, 0, 31, 1, 0, 93, 0, 0, 238, 3, 210]
1542749774804;[171, 0, 17, 255, 161, 74, 234, 89, 192, 0, 0, 31, 1, 0, 91, 0, 0, 237, 3, 152]
1542749774806;[171, 0, 17, 255, 161, 74, 234, 89, 192, 0, 0, 31, 1, 0, 91, 0, 0, 237, 3, 152]
1542749774972;[171, 0, 17, 255, 161, 74, 234, 89, 192, 0, 0, 29, 1, 0, 91, 0, 0, 239, 3, 56]
1542749774974;[171, 0, 17, 255, 161, 74, 234, 89, 192, 0, 0, 29, 1, 0, 91, 0, 0, 239, 3, 56]
1542749774976;[171, 0, 4, 255, 132, 128, 68]
1542749774978;[171, 0, 4, 255, 132, 128, 68]
1542749775665;[171, 0, 17, 255, 161, 74, 234, 89, 192, 0, 0, 29, 1, 0, 92, 0, 0, 237, 2, 224]
1542749775667;[171, 0, 17, 255, 161, 74, 234, 89, 192, 0, 0, 29, 1, 0, 92, 0, 0, 237, 2, 224]
1542749775669;[171, 0, 17, 255, 161, 74, 234, 89, 192, 0, 0, 28, 1, 0, 93, 0, 0, 237, 2, 171]
1542749775671;[171, 0, 17, 255, 161, 74, 234, 89, 192, 0, 0, 28, 1, 0, 93, 0, 0, 237, 2, 171]
1542749775673;[171, 0, 17, 255, 161, 74, 234, 89, 192, 0, 0, 29, 1, 0, 92, 0, 0, 238, 3, 236]
1542749775674;[171, 0, 17, 255, 161, 74, 234, 89, 192, 0, 0, 29, 1, 0, 92, 0, 0, 238, 3, 236]
1542749775677;[171, 0, 17, 255, 161, 74, 234, 89, 193, 0, 0, 31, 1, 0, 91, 0, 0, 236, 4, 178]
1542749775679;[171, 0, 17, 255, 161, 74, 234, 89, 193, 0, 0, 31, 1, 0, 91, 0, 0, 236, 4, 178]
1542749776009;[171, 0, 17, 255, 161, 74, 234, 89, 193, 0, 0, 28, 1, 0, 92, 0, 0, 236, 4, 146]
1542749776011;[171, 0, 17, 255, 161, 74, 234, 89, 193, 0, 0, 28, 1, 0, 92, 0, 0, 236, 4, 146]
1542749776015;[171, 0, 17, 255, 161, 74, 234, 89, 193, 0, 0, 30, 1, 0, 92, 0, 0, 238, 4, 67]
1542749776017;[171, 0, 17, 255, 161, 74, 234, 89, 193, 0, 0, 30, 1, 0, 92, 0, 0, 238, 4, 67]
1542749776019;[171, 0, 17, 255, 161, 74, 234, 89, 193, 0, 0, 29, 1, 0, 94, 0, 0, 236, 4, 26]
1542749776020;[171, 0, 17, 255, 161, 74, 234, 89, 193, 0, 0, 29, 1, 0, 94, 0, 0, 236, 4, 26]
1542749776022;[171, 0, 17, 255, 161, 74, 234, 89, 193, 0, 0, 30, 1, 0, 93, 0, 0, 237, 3, 223]
1542749776024;[171, 0, 17, 255, 161, 74, 234, 89, 193, 0, 0, 30, 1, 0, 93, 0, 0, 237, 3, 223]
1542749776182;[171, 0, 17, 255, 161, 74, 234, 89, 193, 0, 0, 29, 1, 0, 93, 0, 0, 238, 3, 150]
1542749776183;[171, 0, 17, 255, 161, 74, 234, 89, 193, 0, 0, 29, 1, 0, 93, 0, 0, 238, 3, 150]
1542749776186;[171, 0, 17, 255, 161, 74, 234, 89, 193, 0, 0, 30, 1, 0, 93, 0, 0, 237, 3, 75]
1542749776188;[171, 0, 17, 255, 161, 74, 234, 89, 193, 0, 0, 30, 1, 0, 93, 0, 0, 237, 3, 75]
1542749776190;[171, 0, 4, 255, 132, 128, 68]
1542749776193;[171, 0, 4, 255, 132, 128, 68]
1542749776196;[171, 0, 17, 255, 161, 74, 234, 89, 193, 0, 0, 29, 1, 0, 93, 0, 0, 238, 3, 0]
1542749776197;[171, 0, 17, 255, 161, 74, 234, 89, 193, 0, 0, 29, 1, 0, 93, 0, 0, 238, 3, 0]
1542749776698;[171, 0, 17, 255, 161, 74, 234, 89, 193, 0, 0, 33, 1, 0, 92, 0, 0, 239, 2, 207]
1542749776700;[171, 0, 17, 255, 161, 74, 234, 89, 193, 0, 0, 33, 1, 0, 92, 0, 0, 239, 2, 207]
1542749776703;[171, 0, 17, 255, 161, 74, 234, 89, 193, 0, 0, 30, 1, 0, 93, 0, 0, 238, 4, 38]
1542749776705;[171, 0, 17, 255, 161, 74, 234, 89, 193, 0, 0, 30, 1, 0, 93, 0, 0, 238, 4, 38]
1542749776708;[171, 0, 17, 255, 161, 74, 234, 89, 194, 0, 0, 30, 1, 0, 90, 0, 0, 238, 4, 241]
1542749776710;[171, 0, 17, 255, 161, 74, 234, 89, 194, 0, 0, 30, 1, 0, 90, 0, 0, 238, 4, 241]
1542749776712;[171, 0, 17, 255, 161, 74, 234, 89, 194, 0, 0, 32, 1, 0, 94, 0, 0, 237, 4, 221]
1542749776713;[171, 0, 17, 255, 161, 74, 234, 89, 194, 0, 0, 32, 1, 0, 94, 0, 0, 237, 4, 221]
1542749777217;[171, 0, 17, 255, 161, 74, 234, 89, 194, 0, 0, 29, 1, 0, 91, 0, 0, 237, 4, 156]
1542749777219;[171, 0, 17, 255, 161, 74, 234, 89, 194, 0, 0, 29, 1, 0, 91, 0, 0, 237, 4, 156]
1542749777221;[171, 0, 17, 255, 161, 74, 234, 89, 194, 0, 0, 30, 1, 0, 93, 0, 0, 235, 4, 114]
1542749777223;[171, 0, 17, 255, 161, 74, 234, 89, 194, 0, 0, 30, 1, 0, 93, 0, 0, 235, 4, 114]
1542749777226;[171, 0, 17, 255, 161, 74, 234, 89, 194, 0, 0, 31, 1, 0, 92, 0, 0, 237, 4, 59]
1542749777228;[171, 0, 17, 255, 161, 74, 234, 89, 194, 0, 0, 31, 1, 0, 92, 0, 0, 237, 4, 59]
1542749777230;[171, 0, 17, 255, 161, 74, 234, 89, 194, 0, 0, 31, 1, 0, 94, 0, 0, 238, 3, 246]
1542749777232;[171, 0, 17, 255, 161, 74, 234, 89, 194, 0, 0, 31, 1, 0, 94, 0, 0, 238, 3, 246]
1542749777389;[171, 0, 17, 255, 161, 74, 234, 89, 194, 0, 0, 30, 1, 0, 91, 0, 0, 237, 3, 171]
1542749777391;[171, 0, 17, 255, 161, 74, 234, 89, 194, 0, 0, 30, 1, 0, 91, 0, 0, 237, 3, 171]
1542749777393;[171, 0, 4, 255, 132, 128, 67]
1542749777395;[171, 0, 4, 255, 132, 128, 67]
1542749777398;[171, 0, 17, 255, 161, 74, 234, 89, 194, 0, 0, 31, 1, 0, 91, 0, 0, 238, 3, 101]
1542749777400;[171, 0, 17, 255, 161, 74, 234, 89, 194, 0, 0, 31, 1, 0, 91, 0, 0, 238, 3, 101]
1542749777402;[171, 0, 17, 255, 161, 74, 234, 89, 194, 0, 0, 30, 1, 0, 92, 0, 0, 237, 4, 87]
1542749777404;[171, 0, 17, 255, 161, 74, 234, 89, 194, 0, 0, 30, 1, 0, 92, 0, 0, 237, 4, 87]
1542749777560;[171, 0, 17, 255, 161, 74, 234, 89, 194, 0, 0, 29, 1, 0, 90, 0, 0, 238, 5, 44]
1542749777562;[171, 0, 17, 255, 161, 74, 234, 89, 194, 0, 0, 29, 1, 0, 90, 0, 0, 238, 5, 44]
1542749777564;[171, 0, 17, 255, 161, 74, 234, 89, 195, 0, 0, 29, 1, 0, 91, 0, 0, 236, 5, 24]
1542749777566;[171, 0, 17, 255, 161, 74, 234, 89, 195, 0, 0, 29, 1, 0, 91, 0, 0, 236, 5, 24]
1542749777907;[171, 0, 17, 255, 161, 74, 234, 89, 195, 0, 0, 28, 1, 0, 90, 0, 0, 236, 4, 198]
1542749777909;[171, 0, 17, 255, 161, 74, 234, 89, 195, 0, 0, 28, 1, 0, 90, 0, 0, 236, 4, 198]
1542749777912;[171, 0, 17, 255, 161, 74, 234, 89, 195, 0, 0, 29, 1, 0, 90, 0, 0, 238, 4, 135]
1542749777914;[171, 0, 17, 255, 161, 74, 234, 89, 195, 0, 0, 29, 1, 0, 90, 0, 0, 238, 4, 135]
1542749777916;[171, 0, 17, 255, 161, 74, 234, 89, 195, 0, 0, 28, 1, 0, 94, 0, 0, 238, 4, 72]
1542749777917;[171, 0, 17, 255, 161, 74, 234, 89, 195, 0, 0, 28, 1, 0, 94, 0, 0, 238, 4, 72]
1542749777920;[171, 0, 17, 255, 161, 74, 234, 89, 195, 0, 0, 31, 1, 0, 92, 0, 0, 237, 3, 253]
1542749777921;[171, 0, 17, 255, 161, 74, 234, 89, 195, 0, 0, 31, 1, 0, 92, 0, 0, 237, 3, 253]
1542749778076;[171, 0, 17, 255, 161, 74, 234, 89, 195, 0, 0, 30, 1, 0, 90, 0, 0, 237, 3, 181]
1542749778078;[171, 0, 17, 255, 161, 74, 234, 89, 195, 0, 0, 30, 1, 0, 90, 0, 0, 237, 3, 181]
1542749778597;[171, 0, 17, 255, 161, 74, 234, 89, 195, 0, 0, 29, 1, 0, 92, 0, 0, 237, 4, 191]
1542749778599;[171, 0, 17, 255, 161, 74, 234, 89, 195, 0, 0, 29, 1, 0, 92, 0, 0, 237, 4, 191]
1542749778601;[171, 0, 4, 255, 132, 128, 67]
1542749778603;[171, 0, 4, 255, 132, 128, 67]
1542749778606;[171, 0, 17, 255, 161, 74, 234, 89, 195, 0, 0, 29, 1, 0, 93, 0, 0, 238, 5, 154]
1542749778607;[171, 0, 17, 255, 161, 74, 234, 89, 195, 0, 0, 29, 1, 0, 93, 0, 0, 238, 5, 154]
1542749778769;[171, 0, 17, 255, 161, 74, 234, 89, 195, 0, 0, 30, 1, 0, 92, 0, 0, 237, 5, 111]
1542749778771;[171, 0, 17, 255, 161, 74, 234, 89, 195, 0, 0, 30, 1, 0, 92, 0, 0, 237, 5, 111]
1542749778773;[171, 0, 17, 255, 161, 74, 234, 89, 195, 0, 0, 31, 1, 0, 94, 0, 0, 238, 5, 24]
1542749778776;[171, 0, 17, 255, 161, 74, 234, 89, 195, 0, 0, 31, 1, 0, 94, 0, 0, 238, 5, 24]
1542749778778;[171, 0, 17, 255, 161, 74, 234, 89, 196, 0, 0, 28, 1, 0, 93, 0, 0, 237, 4, 213]
1542749778781;[171, 0, 17, 255, 161, 74, 234, 89, 196, 0, 0, 28, 1, 0, 93, 0, 0, 237, 4, 213]
1542749778782;[171, 0, 17, 255, 161, 74, 234, 89, 196, 0, 0, 31, 1, 0, 93, 0, 0, 239, 4, 154]
1542749778784;[171, 0, 17, 255, 161, 74, 234, 89, 196, 0, 0, 31, 1, 0, 93, 0, 0, 239, 4, 154]
1542749778941;[171, 0, 17, 255, 161, 74, 234, 89, 196, 0, 0, 31, 1, 0, 92, 0, 0, 237, 4, 53]
1542749778943;[171, 0, 17, 255, 161, 74, 234, 89, 196, 0, 0, 31, 1, 0, 92, 0, 0, 237, 4, 53]
1542749778945;[171, 0, 17, 255, 161, 74, 234, 89, 196, 0, 0, 31, 1, 0, 92, 0, 0, 237, 3, 230]
1542749778947;[171, 0, 17, 255, 161, 74, 234, 89, 196, 0, 0, 31, 1, 0, 92, 0, 0, 237, 3, 230]
1542749779283;[171, 0, 17, 255, 161, 74, 234, 89, 196, 0, 0, 31, 1, 0, 93, 0, 0, 237, 4, 185]
1542749779285;[171, 0, 17, 255, 161, 74, 234, 89, 196, 0, 0, 31, 1, 0, 93, 0, 0, 237, 4, 185]
1542749779286;[171, 0, 17, 255, 161, 74, 234, 89, 196, 0, 0, 30, 1, 0, 92, 0, 0, 237, 5, 186]
1542749779288;[171, 0, 17, 255, 161, 74, 234, 89, 196, 0, 0, 30, 1, 0, 92, 0, 0, 237, 5, 186]
1542749779290;[171, 0, 17, 255, 161, 74, 234, 89, 196, 0, 0, 29, 1, 0, 93, 0, 0, 237, 5, 165]
1542749779291;[171, 0, 17, 255, 161, 74, 234, 89, 196, 0, 0, 29, 1, 0, 93, 0, 0, 237, 5, 165]
1542749779804;[171, 0, 4, 255, 132, 128, 67]
1542749779806;[171, 0, 4, 255, 132, 128, 67]
1542749779809;[171, 0, 17, 255, 161, 74, 234, 89, 196, 0, 0, 30, 1, 0, 92, 0, 0, 237, 5, 77]
1542749779810;[171, 0, 17, 255, 161, 74, 234, 89, 196, 0, 0, 30, 1, 0, 92, 0, 0, 237, 5, 77]
1542749779813;[171, 0, 17, 255, 161, 74, 234, 89, 196, 0, 0, 30, 1, 0, 92, 0, 0, 239, 5, 6]
1542749779814;[171, 0, 17, 255, 161, 74, 234, 89, 196, 0, 0, 30, 1, 0, 92, 0, 0, 239, 5, 6]
1542749779817;[171, 0, 17, 255, 161, 74, 234, 89, 196, 0, 0, 29, 1, 0, 93, 0, 0, 237, 4, 185]
1542749779819;[171, 0, 17, 255, 161, 74, 234, 89, 196, 0, 0, 29, 1, 0, 93, 0, 0, 237, 4, 185]
1542749779976;[171, 0, 17, 255, 161, 74, 234, 89, 197, 0, 0, 30, 1, 0, 92, 0, 0, 237, 4, 93]
1542749779978;[171, 0, 17, 255, 161, 74, 234, 89, 197, 0, 0, 30, 1, 0, 92, 0, 0, 237, 4, 93]
1542749779981;[171, 0, 17, 255, 161, 74, 234, 89, 197, 0, 0, 31, 1, 0, 93, 0, 0, 237, 4, 4]
1542749779983;[171, 0, 17, 255, 161, 74, 234, 89, 197, 0, 0, 31, 1, 0, 93, 0, 0, 237, 4, 4]
1542749779985;[171, 0, 17, 255, 161, 74, 234, 89, 197, 0, 0, 28, 1, 0, 90, 0, 0, 237, 3, 194]
1542749779987;[171, 0, 17, 255, 161, 74, 234, 89, 197, 0, 0, 28, 1, 0, 90, 0, 0, 237, 3, 194]
1542749780147;[171, 0, 17, 255, 161, 74, 234, 89, 197, 0, 0, 30, 1, 0, 91, 0, 0, 239, 4, 250]
1542749780149;[171, 0, 17, 255, 161, 74, 234, 89, 197, 0, 0, 30, 1, 0, 91, 0, 0, 239, 4, 250]
1542749780151;[171, 0, 17, 255, 161, 74, 234, 89, 197, 0, 0, 28, 1, 0, 93, 0, 0, 238, 5, 144]
1542749780153;[171, 0, 17, 255, 161, 74, 234, 89, 197, 0, 0, 28, 1, 0, 93, 0, 0, 238, 5, 144]
1542749780492;[171, 0, 17, 255, 161, 74, 234, 89, 197, 0, 0, 31, 1, 0, 92, 0, 0, 237, 5, 81]
1542749780494;[171, 0, 17, 255, 161, 74, 234, 89, 197, 0, 0, 31, 1, 0, 92, 0, 0, 237, 5, 81]
1542749780497;[171, 0, 17, 255, 161, 74, 234, 89, 199, 0, 0, 30, 1, 0, 92, 0, 0, 236, 4, 90]
1542749780499;[171, 0, 17, 255, 161, 74, 234, 89, 199, 0, 0, 30, 1, 0, 92, 0, 0, 236, 4, 90]
1542749780500;[171, 0, 17, 255, 161, 74, 234, 89, 199, 0, 0, 32, 1, 0, 92, 0, 0, 235, 4, 132]
1542749780502;[171, 0, 17, 255, 161, 74, 234, 89, 199, 0, 0, 32, 1, 0, 92, 0, 0, 235, 4, 132]
1542749780664;[171, 0, 17, 255, 161, 74, 234, 89, 199, 0, 0, 32, 1, 0, 91, 0, 0, 238, 4, 26]
1542749780666;[171, 0, 17, 255, 161, 74, 234, 89, 199, 0, 0, 32, 1, 0, 91, 0, 0, 238, 4, 26]
1542749781010;[171, 0, 17, 255, 161, 74, 234, 89, 200, 0, 0, 28, 1, 0, 91, 0, 0, 237, 3, 192]
1542749781012;[171, 0, 17, 255, 161, 74, 234, 89, 200, 0, 0, 28, 1, 0, 91, 0, 0, 237, 3, 192]
1542749781015;[171, 0, 17, 255, 161, 74, 234, 89, 200, 0, 0, 31, 1, 0, 91, 0, 0, 237, 3, 116]
1542749781017;[171, 0, 17, 255, 161, 74, 234, 89, 200, 0, 0, 31, 1, 0, 91, 0, 0, 237, 3, 116]
1542749781019;[171, 0, 17, 255, 161, 74, 234, 89, 200, 0, 0, 31, 1, 0, 93, 0, 0, 236, 3, 24]
1542749781021;[171, 0, 17, 255, 161, 74, 234, 89, 200, 0, 0, 31, 1, 0, 93, 0, 0, 236, 3, 24]
1542749781182;[171, 0, 17, 255, 161, 74, 234, 89, 200, 0, 0, 30, 1, 0, 93, 0, 0, 237, 2, 171]
1542749781184;[171, 0, 17, 255, 161, 74, 234, 89, 200, 0, 0, 30, 1, 0, 93, 0, 0, 237, 2, 171]
1542749781354;[171, 0, 17, 255, 161, 74, 234, 89, 200, 0, 0, 33, 1, 0, 92, 0, 0, 239, 2, 63]
1542749781356;[171, 0, 17, 255, 161, 74, 234, 89, 200, 0, 0, 33, 1, 0, 92, 0, 0, 239, 2, 63]
1542749781359;[171, 0, 17, 255, 161, 74, 234, 89, 200, 0, 0, 29, 1, 0, 90, 0, 0, 236, 1, 236]
1542749781361;[171, 0, 17, 255, 161, 74, 234, 89, 200, 0, 0, 29, 1, 0, 90, 0, 0, 236, 1, 236]
1542749781879;[171, 0, 17, 255, 161, 74, 234, 89, 200, 0, 0, 30, 1, 0, 91, 0, 0, 238, 2, 216]
1542749781881;[171, 0, 17, 255, 161, 74, 234, 89, 200, 0, 0, 30, 1, 0, 91, 0, 0, 238, 2, 216]
1542749781884;[171, 0, 4, 255, 132, 128, 68]
1542749781886;[171, 0, 4, 255, 132, 128, 68]
1542749781889;[171, 0, 17, 255, 161, 74, 234, 89, 200, 0, 0, 31, 1, 0, 90, 0, 0, 238, 3, 114]
1542749781890;[171, 0, 17, 255, 161, 74, 234, 89, 200, 0, 0, 31, 1, 0, 90, 0, 0, 238, 3, 114]
1542749781892;[171, 0, 17, 255, 161, 74, 234, 89, 200, 0, 0, 31, 1, 0, 94, 0, 0, 237, 3, 38]
1542749781894;[171, 0, 17, 255, 161, 74, 234, 89, 200, 0, 0, 31, 1, 0, 94, 0, 0, 237, 3, 38]
1542749782044;[171, 0, 17, 255, 161, 74, 234, 89, 200, 0, 0, 29, 1, 0, 92, 0, 0, 238, 2, 196]
1542749782046;[171, 0, 17, 255, 161, 74, 234, 89, 200, 0, 0, 29, 1, 0, 92, 0, 0, 238, 2, 196]
1542749782048;[171, 0, 17, 255, 161, 74, 234, 89, 201, 0, 0, 30, 1, 0, 92, 0, 0, 236, 2, 129]
1542749782050;[171, 0, 17, 255, 161, 74, 234, 89, 201, 0, 0, 30, 1, 0, 92, 0, 0, 236, 2, 129]
1542749782392;[171, 0, 17, 255, 161, 74, 234, 89, 201, 0, 0, 32, 1, 0, 94, 0, 0, 237, 2, 55]
1542749782394;[171, 0, 17, 255, 161, 74, 234, 89, 201, 0, 0, 32, 1, 0, 94, 0, 0, 237, 2, 55]
1542749782397;[171, 0, 17, 255, 161, 74, 234, 89, 201, 0, 0, 29, 1, 0, 91, 0, 0, 238, 1, 222]
1542749782399;[171, 0, 17, 255, 161, 74, 234, 89, 201, 0, 0, 29, 1, 0, 91, 0, 0, 238, 1, 222]
1542749782401;[171, 0, 17, 255, 161, 74, 234, 89, 201, 0, 0, 28, 1, 0, 93, 0, 0, 237, 1, 116]
1542749782403;[171, 0, 17, 255, 161, 74, 234, 89, 201, 0, 0, 28, 1, 0, 93, 0, 0, 237, 1, 116]
1542749782405;[171, 0, 17, 255, 161, 74, 234, 89, 201, 0, 0, 29, 1, 0, 94, 0, 0, 238, 1, 25]
1542749782407;[171, 0, 17, 255, 161, 74, 234, 89, 201, 0, 0, 29, 1, 0, 94, 0, 0, 238, 1, 25]
1542749782564;[171, 0, 17, 255, 161, 74, 234, 89, 201, 0, 0, 30, 1, 0, 91, 0, 0, 237, 1, 193]
1542749782566;[171, 0, 17, 255, 161, 74, 234, 89, 201, 0, 0, 30, 1, 0, 91, 0, 0, 237, 1, 193]
1542749782568;[171, 0, 17, 255, 161, 74, 234, 89, 201, 0, 0, 29, 1, 0, 94, 0, 0, 236, 2, 104]
1542749782570;[171, 0, 17, 255, 161, 74, 234, 89, 201, 0, 0, 29, 1, 0, 94, 0, 0, 236, 2, 104]
1542749782733;[171, 0, 4, 255, 132, 128, 68]
1542749782736;[171, 0, 4, 255, 132, 128, 68]
1542749782738;[171, 0, 17, 255, 161, 74, 234, 89, 201, 0, 0, 27, 1, 0, 93, 0, 0, 238, 2, 42]
1542749782740;[171, 0, 17, 255, 161, 74, 234, 89, 201, 0, 0, 27, 1, 0, 93, 0, 0, 238, 2, 42]
1542749783092;[171, 0, 17, 255, 161, 74, 234, 89, 201, 0, 0, 31, 1, 0, 91, 0, 0, 237, 1, 208]
1542749783094;[171, 0, 17, 255, 161, 74, 234, 89, 201, 0, 0, 31, 1, 0, 91, 0, 0, 237, 1, 208]
1542749783098;[171, 0, 17, 255, 161, 74, 234, 89, 201, 0, 0, 29, 1, 0, 91, 0, 0, 239, 1, 146]
1542749783103;[171, 0, 17, 255, 161, 74, 234, 89, 201, 0, 0, 29, 1, 0, 91, 0, 0, 239, 1, 146]
1542749783253;[171, 0, 17, 255, 161, 74, 234, 89, 202, 0, 0, 30, 1, 0, 92, 0, 0, 237, 1, 79]
1542749783254;[171, 0, 17, 255, 161, 74, 234, 89, 202, 0, 0, 30, 1, 0, 92, 0, 0, 237, 1, 79]
1542749783258;[171, 0, 17, 255, 161, 74, 234, 89, 202, 0, 0, 28, 1, 0, 94, 0, 0, 236, 1, 1]
1542749783259;[171, 0, 17, 255, 161, 74, 234, 89, 202, 0, 0, 28, 1, 0, 94, 0, 0, 236, 1, 1]
1542749783261;[171, 0, 17, 255, 161, 74, 234, 89, 202, 0, 0, 30, 1, 0, 90, 0, 0, 237, 16, 155]
1542749783263;[171, 0, 17, 255, 161, 74, 234, 89, 202, 0, 0, 30, 1, 0, 90, 0, 0, 237, 16, 155]
1542749783598;[171, 0, 17, 255, 161, 74, 234, 89, 202, 0, 0, 30, 1, 0, 92, 0, 0, 236, 7, 208]
1542749783599;[171, 0, 17, 255, 161, 74, 234, 89, 202, 0, 0, 30, 1, 0, 92, 0, 0, 236, 7, 208]
1542749783602;[171, 0, 17, 255, 161, 74, 234, 89, 202, 0, 0, 29, 1, 0, 92, 0, 0, 236, 8, 160]
1542749783604;[171, 0, 17, 255, 161, 74, 234, 89, 202, 0, 0, 29, 1, 0, 92, 0, 0, 236, 8, 160]
1542749783606;[171, 0, 17, 255, 161, 74, 234, 89, 202, 0, 0, 30, 1, 0, 93, 0, 0, 238, 8, 155]
1542749783608;[171, 0, 17, 255, 161, 74, 234, 89, 202, 0, 0, 30, 1, 0, 93, 0, 0, 238, 8, 155]
1542749783610;[171, 0, 17, 255, 161, 74, 234, 89, 202, 0, 0, 30, 1, 0, 88, 0, 0, 239, 8, 67]
1542749783612;[171, 0, 17, 255, 161, 74, 234, 89, 202, 0, 0, 30, 1, 0, 88, 0, 0, 239, 8, 67]
1542749783769;[171, 0, 4, 255, 132, 128, 68]
1542749783771;[171, 0, 4, 255, 132, 128, 68]
1542749783942;[171, 0, 17, 255, 161, 74, 234, 89, 202, 0, 0, 28, 1, 0, 92, 0, 0, 237, 8, 19]
1542749783943;[171, 0, 17, 255, 161, 74, 234, 89, 202, 0, 0, 28, 1, 0, 92, 0, 0, 237, 8, 19]
1542749784462;[171, 0, 17, 255, 161, 74, 234, 89, 202, 0, 0, 28, 1, 0, 94, 0, 0, 238, 7, 236]
1542749784464;[171, 0, 17, 255, 161, 74, 234, 89, 202, 0, 0, 28, 1, 0, 94, 0, 0, 238, 7, 236]
1542749784467;[171, 0, 17, 255, 161, 74, 234, 89, 202, 0, 0, 29, 1, 0, 93, 0, 0, 237, 7, 177]
1542749784471;[171, 0, 17, 255, 161, 74, 234, 89, 202, 0, 0, 29, 1, 0, 93, 0, 0, 237, 7, 177]
1542749784473;[171, 0, 17, 255, 161, 74, 234, 89, 203, 0, 0, 32, 1, 0, 91, 0, 0, 237, 7, 102]
1542749784475;[171, 0, 17, 255, 161, 74, 234, 89, 203, 0, 0, 32, 1, 0, 91, 0, 0, 237, 7, 102]
1542749784476;[171, 0, 17, 255, 161, 74, 234, 89, 203, 0, 0, 27, 1, 0, 92, 0, 0, 236, 7, 33]
1542749784478;[171, 0, 17, 255, 161, 74, 234, 89, 203, 0, 0, 27, 1, 0, 92, 0, 0, 236, 7, 33]
1542749784980;[171, 0, 17, 255, 161, 74, 234, 89, 203, 0, 0, 31, 1, 0, 91, 0, 0, 238, 7, 197]
1542749784982;[171, 0, 17, 255, 161, 74, 234, 89, 203, 0, 0, 31, 1, 0, 91, 0, 0, 238, 7, 197]
1542749784983;[171, 0, 17, 255, 161, 74, 234, 89, 203, 0, 0, 31, 1, 0, 93, 0, 0, 238, 8, 190]
1542749784985;[171, 0, 17, 255, 161, 74, 234, 89, 203, 0, 0, 31, 1, 0, 93, 0, 0, 238, 8, 190]
1542749784989;[171, 0, 17, 255, 161, 74, 234, 89, 203, 0, 0, 29, 1, 0, 93, 0, 0, 237, 8, 199]
1542749784991;[171, 0, 17, 255, 161, 74, 234, 89, 203, 0, 0, 29, 1, 0, 93, 0, 0, 237, 8, 199]
1542749784995;[171, 0, 17, 255, 161, 74, 234, 89, 203, 0, 0, 30, 1, 0, 90, 0, 0, 237, 8, 144]
1542749784997;[171, 0, 17, 255, 161, 74, 234, 89, 203, 0, 0, 30, 1, 0, 90, 0, 0, 237, 8, 144]
1542749785163;[171, 0, 17, 255, 161, 74, 234, 89, 203, 0, 0, 31, 1, 0, 90, 0, 0, 238, 8, 115]
1542749785164;[171, 0, 17, 255, 161, 74, 234, 89, 203, 0, 0, 31, 1, 0, 90, 0, 0, 238, 8, 115]
1542749785166;[171, 0, 4, 255, 132, 128, 68]
1542749785168;[171, 0, 4, 255, 132, 128, 68]
1542749785170;[171, 0, 17, 255, 161, 74, 234, 89, 203, 0, 0, 30, 1, 0, 91, 0, 0, 239, 8, 64]
1542749785171;[171, 0, 17, 255, 161, 74, 234, 89, 203, 0, 0, 30, 1, 0, 91, 0, 0, 239, 8, 64]
1542749785172;[171, 0, 17, 255, 161, 74, 234, 89, 203, 0, 0, 29, 1, 0, 92, 0, 0, 236, 8, 1]
1542749785174;[171, 0, 17, 255, 161, 74, 234, 89, 203, 0, 0, 29, 1, 0, 92, 0, 0, 236, 8, 1]
1542749785323;[171, 0, 17, 255, 161, 74, 234, 89, 203, 0, 0, 29, 1, 0, 91, 0, 0, 236, 7, 188]
1542749785326;[171, 0, 17, 255, 161, 74, 234, 89, 203, 0, 0, 29, 1, 0, 91, 0, 0, 236, 7, 188]
1542749785328;[171, 0, 17, 255, 161, 74, 234, 89, 204, 0, 0, 28, 1, 0, 93, 0, 0, 238, 7, 115]
1542749785330;[171, 0, 17, 255, 161, 74, 234, 89, 204, 0, 0, 28, 1, 0, 93, 0, 0, 238, 7, 115]
1542749785332;[171, 0, 17, 255, 161, 74, 234, 89, 204, 0, 0, 32, 1, 0, 93, 0, 0, 237, 7, 61]
1542749785334;[171, 0, 17, 255, 161, 74, 234, 89, 204, 0, 0, 32, 1, 0, 93, 0, 0, 237, 7, 61]
1542749785668;[171, 0, 17, 255, 161, 74, 234, 89, 204, 0, 0, 32, 1, 0, 92, 0, 0, 238, 7, 152]
1542749785670;[171, 0, 17, 255, 161, 74, 234, 89, 204, 0, 0, 32, 1, 0, 92, 0, 0, 238, 7, 152]
1542749785673;[171, 0, 17, 255, 161, 74, 234, 89, 204, 0, 0, 30, 1, 0, 94, 0, 0, 236, 8, 227]
1542749785674;[171, 0, 17, 255, 161, 74, 234, 89, 204, 0, 0, 30, 1, 0, 94, 0, 0, 236, 8, 227]
1542749785676;[171, 0, 17, 255, 161, 74, 234, 89, 204, 0, 0, 30, 1, 0, 92, 0, 0, 237, 9, 42]
1542749785678;[171, 0, 17, 255, 161, 74, 234, 89, 204, 0, 0, 30, 1, 0, 92, 0, 0, 237, 9, 42]
1542749786187;[171, 0, 17, 255, 161, 74, 234, 89, 204, 0, 0, 29, 1, 0, 89, 0, 0, 238, 9, 0]
1542749786190;[171, 0, 17, 255, 161, 74, 234, 89, 204, 0, 0, 29, 1, 0, 89, 0, 0, 238, 9, 0]
1542749786191;[171, 0, 17, 255, 161, 74, 234, 89, 204, 0, 0, 29, 1, 0, 92, 0, 0, 239, 8, 218]
1542749786194;[171, 0, 17, 255, 161, 74, 234, 89, 204, 0, 0, 29, 1, 0, 92, 0, 0, 239, 8, 218]
1542749786195;[171, 0, 4, 255, 132, 128, 68]
1542749786198;[171, 0, 4, 255, 132, 128, 68]
1542749786200;[171, 0, 17, 255, 161, 74, 234, 89, 204, 0, 0, 30, 1, 0, 90, 0, 0, 239, 8, 191]
1542749786202;[171, 0, 17, 255, 161, 74, 234, 89, 204, 0, 0, 30, 1, 0, 90, 0, 0, 239, 8, 191]
1542749786356;[171, 0, 17, 255, 161, 74, 234, 89, 204, 0, 0, 29, 1, 0, 92, 0, 0, 238, 8, 136]
1542749786358;[171, 0, 17, 255, 161, 74, 234, 89, 204, 0, 0, 29, 1, 0, 92, 0, 0, 238, 8, 136]
1542749786363;[171, 0, 17, 255, 161, 74, 234, 89, 204, 0, 0, 29, 1, 0, 92, 0, 0, 236, 8, 71]
1542749786365;[171, 0, 17, 255, 161, 74, 234, 89, 204, 0, 0, 29, 1, 0, 92, 0, 0, 236, 8, 71]
1542749786368;[171, 0, 17, 255, 161, 74, 234, 89, 205, 0, 0, 32, 1, 0, 93, 0, 0, 237, 8, 6]
1542749786369;[171, 0, 17, 255, 161, 74, 234, 89, 205, 0, 0, 32, 1, 0, 93, 0, 0, 237, 8, 6]
1542749786529;[171, 0, 17, 255, 161, 74, 234, 89, 205, 0, 0, 29, 1, 0, 95, 0, 0, 237, 7, 195]
1542749786530;[171, 0, 17, 255, 161, 74, 234, 89, 205, 0, 0, 29, 1, 0, 95, 0, 0, 237, 7, 195]
1542749786533;[171, 0, 17, 255, 161, 74, 234, 89, 205, 0, 0, 30, 1, 0, 94, 0, 0, 237, 8, 53]
1542749786535;[171, 0, 17, 255, 161, 74, 234, 89, 205, 0, 0, 30, 1, 0, 94, 0, 0, 237, 8, 53]
1542749786875;[171, 0, 17, 255, 161, 74, 234, 89, 205, 0, 0, 31, 1, 0, 90, 0, 0, 236, 9, 109]
1542749786877;[171, 0, 17, 255, 161, 74, 234, 89, 205, 0, 0, 31, 1, 0, 90, 0, 0, 236, 9, 109]
1542749786879;[171, 0, 17, 255, 161, 74, 234, 89, 205, 0, 0, 31, 1, 0, 91, 0, 0, 238, 9, 153]
1542749786881;[171, 0, 17, 255, 161, 74, 234, 89, 205, 0, 0, 31, 1, 0, 91, 0, 0, 238, 9, 153]
1542749786889;[171, 0, 17, 255, 161, 74, 234, 89, 205, 0, 0, 31, 1, 0, 90, 0, 0, 237, 9, 96]
1542749786891;[171, 0, 17, 255, 161, 74, 234, 89, 205, 0, 0, 31, 1, 0, 90, 0, 0, 237, 9, 96]
1542749787047;[171, 0, 17, 255, 161, 74, 234, 89, 205, 0, 0, 30, 1, 0, 92, 0, 0, 239, 9, 50]
1542749787050;[171, 0, 17, 255, 161, 74, 234, 89, 205, 0, 0, 30, 1, 0, 92, 0, 0, 239, 9, 50]
1542749787051;[171, 0, 4, 255, 132, 128, 68]
1542749787054;[171, 0, 4, 255, 132, 128, 68]
1542749787393;[171, 0, 17, 255, 161, 74, 234, 89, 205, 0, 0, 31, 1, 0, 92, 0, 0, 238, 9, 21]
1542749787395;[171, 0, 17, 255, 161, 74, 234, 89, 205, 0, 0, 31, 1, 0, 92, 0, 0, 238, 9, 21]
1542749787398;[171, 0, 17, 255, 161, 74, 234, 89, 205, 0, 0, 29, 1, 0, 92, 0, 0, 239, 8, 216]
1542749787400;[171, 0, 17, 255, 161, 74, 234, 89, 205, 0, 0, 29, 1, 0, 92, 0, 0, 239, 8, 216]
1542749787402;[171, 0, 17, 255, 161, 74, 234, 89, 205, 0, 0, 29, 1, 0, 93, 0, 0, 238, 8, 140]
1542749787406;[171, 0, 17, 255, 161, 74, 234, 89, 205, 0, 0, 29, 1, 0, 93, 0, 0, 238, 8, 140]
1542749787407;[171, 0, 17, 255, 161, 74, 234, 89, 206, 0, 0, 31, 1, 0, 93, 0, 0, 237, 8, 167]
1542749787409;[171, 0, 17, 255, 161, 74, 234, 89, 206, 0, 0, 31, 1, 0, 93, 0, 0, 237, 8, 167]
1542749787564;[171, 0, 17, 255, 161, 74, 234, 89, 206, 0, 0, 29, 1, 0, 92, 0, 0, 238, 9, 246]
1542749787566;[171, 0, 17, 255, 161, 74, 234, 89, 206, 0, 0, 29, 1, 0, 92, 0, 0, 238, 9, 246]
1542749787737;[171, 0, 17, 255, 161, 74, 234, 89, 206, 0, 0, 30, 1, 0, 91, 0, 0, 239, 10, 52]
1542749787738;[171, 0, 17, 255, 161, 74, 234, 89, 206, 0, 0, 30, 1, 0, 91, 0, 0, 239, 10, 52]
1542749787741;[171, 0, 17, 255, 161, 74, 234, 89, 206, 0, 0, 30, 1, 0, 93, 0, 0, 238, 9, 232]
1542749787743;[171, 0, 17, 255, 161, 74, 234, 89, 206, 0, 0, 30, 1, 0, 93, 0, 0, 238, 9, 232]
1542749787909;[171, 0, 17, 255, 161, 74, 234, 89, 206, 0, 0, 28, 1, 0, 92, 0, 0, 237, 9, 176]
1542749787911;[171, 0, 17, 255, 161, 74, 234, 89, 206, 0, 0, 28, 1, 0, 92, 0, 0, 237, 9, 176]
1542749787914;[171, 0, 17, 255, 161, 74, 234, 89, 206, 0, 0, 29, 1, 0, 92, 0, 0, 236, 9, 118]
1542749787916;[171, 0, 17, 255, 161, 74, 234, 89, 206, 0, 0, 29, 1, 0, 92, 0, 0, 236, 9, 118]
1542749788774;[171, 0, 17, 255, 161, 74, 234, 89, 206, 0, 0, 29, 1, 0, 92, 0, 0, 238, 9, 46]
1542749788776;[171, 0, 17, 255, 161, 74, 234, 89, 206, 0, 0, 29, 1, 0, 92, 0, 0, 238, 9, 46]
1542749788778;[171, 0, 4, 255, 132, 128, 68]
1542749788780;[171, 0, 4, 255, 132, 128, 68]
1542749788783;[171, 0, 17, 255, 161, 74, 234, 89, 206, 0, 0, 29, 1, 0, 93, 0, 0, 236, 8, 225]
1542749788785;[171, 0, 17, 255, 161, 74, 234, 89, 206, 0, 0, 29, 1, 0, 93, 0, 0, 236, 8, 225]
1542749789117;[171, 0, 17, 255, 161, 74, 234, 89, 206, 0, 0, 31, 1, 0, 91, 0, 0, 237, 8, 140]
1542749789119;[171, 0, 17, 255, 161, 74, 234, 89, 206, 0, 0, 31, 1, 0, 91, 0, 0, 237, 8, 140]
1542749789121;[171, 0, 17, 255, 161, 74, 234, 89, 206, 0, 0, 30, 1, 0, 92, 0, 0, 237, 9, 111]
1542749789123;[171, 0, 17, 255, 161, 74, 234, 89, 206, 0, 0, 30, 1, 0, 92, 0, 0, 237, 9, 111]
1542749789464;[171, 0, 17, 255, 161, 74, 234, 89, 207, 0, 0, 29, 1, 0, 92, 0, 0, 237, 10, 122]
1542749789466;[171, 0, 17, 255, 161, 74, 234, 89, 207, 0, 0, 29, 1, 0, 92, 0, 0, 237, 10, 122]
