1542877053476;[171, 0, 17, 255, 161, 74, 237, 16, 34, 1, 0, 5, 0, 1, 40, 0, 0, 0, 1, 143]
1542877053992;[171, 0, 17, 255, 161, 74, 237, 16, 34, 0, 0, 232, 0, 2, 11, 0, 0, 10, 1, 194]
1542877053996;[171, 0, 17, 255, 161, 74, 237, 16, 34, 1, 1, 50, 0, 0, 177, 1, 0, 156, 1, 108]
1542877054001;[171, 0, 17, 255, 161, 74, 237, 16, 34, 0, 0, 66, 0, 0, 128, 1, 0, 77, 1, 9]
1542877054005;[171, 0, 17, 255, 161, 74, 237, 16, 35, 1, 0, 38, 0, 1, 126, 0, 0, 107, 1, 52]
1542877056202;[171, 0, 17, 255, 161, 74, 237, 16, 35, 1, 3, 1, 0, 2, 55, 1, 0, 103, 1, 30]
1542877056204;[171, 0, 4, 255, 132, 128, 147]
1542877056207;[171, 0, 17, 255, 161, 74, 237, 16, 35, 1, 0, 61, 0, 1, 44, 1, 0, 157, 1, 22]
1542877056209;[171, 0, 17, 255, 161, 74, 237, 16, 35, 0, 0, 16, 0, 1, 60, 1, 0, 64, 1, 32]
1542877056211;[171, 0, 17, 255, 161, 74, 237, 16, 35, 1, 0, 21, 0, 1, 2, 1, 0, 43, 1, 62]
1542877056215;[171, 0, 17, 255, 161, 74, 237, 16, 35, 0, 1, 42, 0, 1, 172, 0, 0, 30, 1, 122]
1542877056226;[171, 0, 17, 255, 161, 74, 237, 16, 35, 1, 1, 116, 0, 0, 39, 1, 0, 69, 1, 22]
1542877056228;[171, 0, 17, 255, 161, 74, 237, 16, 35, 0, 0, 31, 0, 0, 184, 0, 0, 30, 0, 242]
1542877056230;[171, 0, 17, 255, 161, 74, 237, 16, 35, 1, 0, 244, 0, 1, 202, 1, 0, 86, 1, 84]
1542877056232;[171, 0, 17, 255, 161, 74, 237, 16, 35, 1, 1, 116, 1, 0, 227, 1, 5, 59, 0, 207]
1542877056237;[171, 0, 17, 255, 161, 74, 237, 16, 36, 1, 0, 69, 0, 1, 43, 0, 0, 25, 1, 93]
1542877056238;[171, 0, 17, 255, 161, 74, 237, 16, 36, 1, 0, 6, 0, 0, 229, 1, 0, 59, 1, 62]
1542877056240;[171, 0, 4, 255, 132, 128, 146]
1542877056243;[171, 0, 17, 255, 161, 74, 237, 16, 36, 1, 0, 50, 0, 0, 251, 1, 0, 33, 1, 90]
1542877056257;[171, 0, 17, 255, 161, 74, 237, 16, 38, 0, 1, 77, 0, 3, 1, 0, 2, 221, 3, 37]
1542877056576;[171, 0, 17, 255, 161, 74, 237, 16, 38, 0, 0, 10, 0, 1, 36, 1, 0, 34, 3, 39]
1542877056750;[171, 0, 17, 255, 161, 74, 237, 16, 38, 0, 0, 65, 0, 1, 15, 1, 0, 27, 3, 43]
1542877056755;[171, 0, 17, 255, 161, 74, 237, 16, 38, 0, 0, 21, 0, 1, 33, 1, 0, 31, 3, 179]
1542877056759;[171, 0, 17, 255, 161, 74, 237, 16, 38, 0, 0, 178, 0, 1, 224, 0, 0, 37, 4, 54]
1542877056763;[171, 0, 17, 255, 161, 74, 237, 16, 39, 1, 0, 82, 0, 1, 6, 1, 0, 81, 3, 102]
1542877056944;[171, 0, 17, 255, 161, 74, 237, 16, 39, 0, 0, 15, 0, 0, 76, 1, 0, 50, 3, 27]
1542877056945;[171, 0, 4, 255, 132, 128, 144]
1542877056949;[171, 0, 17, 255, 161, 74, 237, 16, 39, 0, 0, 61, 0, 1, 145, 0, 0, 34, 3, 76]
1542877056951;[171, 0, 17, 255, 161, 74, 237, 16, 39, 1, 1, 118, 0, 0, 234, 1, 0, 58, 3, 52]
1542877057095;[171, 0, 17, 255, 161, 74, 237, 16, 39, 0, 0, 237, 0, 1, 0, 1, 1, 254, 2, 155]
1542877057099;[171, 0, 17, 255, 161, 74, 237, 16, 39, 0, 0, 19, 0, 1, 7, 0, 0, 14, 2, 199]
1542877057103;[171, 0, 17, 255, 161, 74, 237, 16, 39, 0, 0, 6, 0, 0, 251, 0, 0, 22, 2, 181]
1542877057268;[171, 0, 17, 255, 161, 74, 237, 16, 39, 0, 0, 60, 0, 1, 38, 1, 0, 12, 2, 228]
1542877057278;[171, 0, 17, 255, 161, 74, 237, 16, 39, 0, 0, 90, 0, 1, 101, 0, 0, 48, 3, 169]
1542877057439;[171, 0, 17, 255, 161, 74, 237, 16, 39, 0, 0, 161, 0, 1, 9, 0, 0, 62, 4, 93]
1542877057442;[171, 0, 17, 255, 161, 74, 237, 16, 40, 1, 0, 39, 0, 0, 97, 1, 0, 50, 3, 224]
1542877057785;[171, 0, 17, 255, 161, 74, 237, 16, 40, 0, 0, 28, 0, 1, 40, 1, 0, 35, 3, 238]
1542877057789;[171, 0, 4, 255, 132, 128, 144]
1542877057817;[171, 0, 17, 255, 161, 74, 237, 16, 40, 0, 0, 78, 0, 2, 176, 1, 0, 55, 4, 23]
1542877057957;[171, 0, 17, 255, 161, 74, 237, 16, 40, 1, 0, 179, 0, 1, 73, 0, 0, 92, 4, 85]
1542877057961;[171, 0, 17, 255, 161, 74, 237, 16, 40, 0, 0, 173, 0, 1, 91, 0, 0, 180, 3, 229]
1542877058129;[171, 0, 17, 255, 161, 74, 237, 16, 40, 0, 0, 46, 0, 1, 23, 1, 0, 8, 3, 251]
1542877058133;[171, 0, 17, 255, 161, 74, 237, 16, 40, 0, 0, 57, 0, 1, 5, 1, 0, 1, 3, 252]
1542877058302;[171, 0, 17, 255, 161, 74, 237, 16, 40, 0, 0, 39, 0, 1, 21, 1, 0, 14, 4, 155]
1542877058498;[171, 0, 17, 255, 161, 74, 237, 16, 40, 1, 0, 20, 0, 1, 55, 1, 0, 7, 4, 254]
1542877058500;[171, 0, 17, 255, 161, 74, 237, 16, 40, 1, 0, 68, 0, 1, 15, 0, 0, 2, 4, 251]
1542877058646;[171, 0, 17, 255, 161, 74, 237, 16, 41, 0, 0, 8, 0, 1, 138, 1, 0, 72, 4, 207]
1542877058651;[171, 0, 17, 255, 161, 74, 237, 16, 41, 1, 1, 28, 0, 0, 139, 1, 0, 26, 4, 254]
1542877058819;[171, 0, 4, 255, 132, 128, 143]
1542877059166;[171, 0, 17, 255, 161, 74, 237, 16, 41, 1, 0, 63, 0, 0, 184, 0, 2, 17, 4, 181]
1542877059170;[171, 0, 17, 255, 161, 74, 237, 16, 41, 0, 0, 102, 0, 1, 56, 1, 0, 183, 4, 166]
1542877059174;[171, 0, 17, 255, 161, 74, 237, 16, 41, 0, 0, 22, 0, 0, 217, 1, 0, 87, 4, 129]
1542877059178;[171, 0, 17, 255, 161, 74, 237, 16, 41, 1, 0, 83, 0, 0, 254, 1, 0, 141, 4, 28]
1542877059337;[171, 0, 17, 255, 161, 74, 237, 16, 41, 1, 0, 151, 0, 0, 188, 1, 0, 105, 3, 236]
1542877059340;[171, 0, 17, 255, 161, 74, 237, 16, 41, 0, 6, 3, 0, 2, 169, 1, 2, 55, 4, 59]
1542877059508;[171, 0, 17, 255, 161, 74, 237, 16, 41, 1, 0, 30, 0, 1, 44, 0, 0, 23, 4, 142]
1542877059684;[171, 0, 17, 255, 161, 74, 237, 16, 41, 1, 0, 6, 0, 1, 43, 1, 0, 89, 4, 146]
1542877059687;[171, 0, 17, 255, 161, 74, 237, 16, 42, 1, 0, 8, 0, 1, 1, 1, 0, 89, 4, 173]
1542877059850;[171, 0, 17, 255, 161, 74, 237, 16, 42, 0, 0, 4, 0, 1, 103, 1, 0, 35, 4, 208]
1542877059855;[171, 0, 4, 255, 132, 128, 143]
1542877060367;[171, 0, 17, 255, 161, 74, 237, 16, 42, 0, 0, 117, 0, 2, 25, 1, 0, 14, 5, 34]
1542877060540;[171, 0, 17, 255, 161, 74, 237, 16, 42, 1, 0, 60, 0, 0, 115, 1, 0, 41, 4, 89]
1542877060542;[171, 0, 17, 255, 161, 74, 237, 16, 42, 0, 0, 6, 0, 0, 181, 0, 0, 44, 4, 177]
1542877060544;[171, 0, 17, 255, 161, 74, 237, 16, 42, 1, 0, 171, 0, 2, 29, 1, 0, 58, 4, 216]
1542877060546;[171, 0, 17, 255, 161, 74, 237, 16, 42, 0, 1, 158, 0, 1, 171, 1, 0, 120, 4, 140]
1542877060712;[171, 0, 17, 255, 161, 74, 237, 16, 42, 1, 0, 55, 0, 1, 10, 1, 0, 5, 4, 183]
1542877060714;[171, 0, 17, 255, 161, 74, 237, 16, 42, 0, 0, 0, 0, 1, 18, 1, 0, 84, 4, 200]
1542877060718;[171, 0, 17, 255, 161, 74, 237, 16, 42, 1, 0, 11, 0, 1, 40, 1, 0, 41, 5, 20]
1542877060884;[171, 0, 17, 255, 161, 74, 237, 16, 43, 0, 0, 158, 0, 1, 164, 1, 0, 24, 5, 35]
1542877061057;[171, 0, 17, 255, 161, 74, 237, 16, 43, 0, 0, 31, 0, 1, 3, 1, 0, 165, 4, 124]
1542877061059;[171, 0, 4, 255, 132, 128, 142]
1542877061081;[171, 0, 17, 255, 161, 74, 237, 16, 43, 1, 0, 59, 0, 0, 64, 1, 0, 64, 4, 110]
1542877061229;[171, 0, 17, 255, 161, 74, 237, 16, 43, 0, 0, 27, 0, 0, 197, 1, 0, 46, 4, 171]
1542877061234;[171, 0, 17, 255, 161, 74, 237, 16, 43, 1, 1, 172, 0, 2, 12, 1, 0, 196, 4, 139]
1542877061920;[171, 0, 17, 255, 161, 74, 237, 16, 43, 1, 4, 68, 0, 2, 102, 0, 1, 117, 4, 70]
1542877062092;[171, 0, 17, 255, 161, 74, 237, 16, 43, 1, 0, 60, 0, 1, 100, 1, 0, 138, 4, 193]
1542877062096;[171, 0, 17, 255, 161, 74, 237, 16, 43, 0, 0, 65, 0, 1, 21, 1, 0, 68, 5, 43]
1542877062098;[171, 0, 17, 255, 161, 74, 237, 16, 43, 1, 0, 20, 0, 1, 51, 0, 0, 2, 5, 123]
1542877062100;[171, 0, 17, 255, 161, 74, 237, 16, 43, 0, 0, 162, 0, 1, 225, 1, 0, 34, 5, 164]
1542877062265;[171, 0, 17, 255, 161, 74, 237, 16, 44, 1, 1, 188, 0, 1, 55, 1, 0, 154, 4, 202]
1542877062268;[171, 0, 17, 255, 161, 74, 237, 16, 44, 1, 0, 52, 0, 0, 22, 1, 0, 30, 5, 12]
1542877062270;[171, 0, 4, 255, 132, 128, 142]
1542877062291;[171, 0, 17, 255, 161, 74, 237, 16, 44, 1, 0, 129, 0, 0, 37, 1, 0, 111, 4, 234]
1542877062436;[171, 0, 17, 255, 161, 74, 237, 16, 44, 1, 1, 62, 0, 1, 125, 1, 0, 199, 4, 120]
1542877062610;[171, 0, 17, 255, 161, 74, 237, 16, 44, 0, 0, 95, 0, 0, 223, 1, 1, 203, 4, 115]
1542877062612;[171, 0, 17, 255, 161, 74, 237, 16, 44, 1, 0, 47, 0, 1, 53, 1, 0, 27, 4, 157]
1542877062614;[171, 0, 17, 255, 161, 74, 237, 16, 44, 1, 0, 26, 0, 0, 200, 1, 0, 77, 4, 147]
1542877062954;[171, 0, 17, 255, 161, 74, 237, 16, 44, 0, 0, 23, 0, 1, 66, 1, 0, 69, 4, 152]
1542877062957;[171, 0, 17, 255, 161, 74, 237, 16, 44, 0, 0, 165, 0, 1, 119, 1, 0, 23, 4, 118]
1542877062959;[171, 0, 17, 255, 161, 74, 237, 16, 44, 1, 1, 32, 0, 0, 188, 1, 0, 49, 3, 249]
1542877062961;[171, 0, 17, 255, 161, 74, 237, 16, 45, 1, 0, 21, 0, 0, 141, 0, 0, 34, 3, 244]
1542877063306;[171, 0, 17, 255, 161, 74, 237, 16, 45, 1, 0, 26, 0, 1, 80, 0, 0, 1, 3, 240]
1542877063309;[171, 0, 4, 255, 132, 128, 141]
1542877063337;[171, 0, 17, 255, 161, 74, 237, 16, 45, 1, 1, 240, 0, 1, 73, 1, 0, 176, 3, 143]
1542877063477;[171, 0, 17, 255, 161, 74, 237, 16, 45, 0, 0, 46, 0, 1, 32, 1, 0, 103, 3, 116]
1542877063481;[171, 0, 17, 255, 161, 74, 237, 16, 45, 0, 0, 46, 0, 1, 17, 1, 0, 57, 3, 188]
1542877063650;[171, 0, 17, 255, 161, 74, 237, 16, 45, 0, 0, 42, 0, 1, 16, 1, 0, 39, 3, 221]
1542877063653;[171, 0, 17, 255, 161, 74, 237, 16, 45, 0, 0, 60, 0, 1, 20, 1, 0, 16, 3, 221]
1542877063821;[171, 0, 17, 255, 161, 74, 237, 16, 45, 0, 0, 54, 0, 1, 57, 1, 0, 23, 4, 17]
1542877064168;[171, 0, 17, 255, 161, 74, 237, 16, 45, 0, 0, 40, 0, 0, 244, 1, 0, 115, 3, 157]
1542877064172;[171, 0, 17, 255, 161, 74, 237, 16, 45, 0, 0, 2, 0, 0, 97, 0, 0, 13, 3, 149]
1542877064176;[171, 0, 17, 255, 161, 74, 237, 16, 46, 0, 1, 186, 0, 0, 206, 0, 0, 168, 3, 111]
1542877064180;[171, 0, 17, 255, 161, 74, 237, 16, 46, 0, 0, 2, 0, 0, 253, 0, 0, 37, 3, 88]
1542877064339;[171, 0, 4, 255, 132, 128, 140]
1542877064367;[171, 0, 17, 255, 161, 74, 237, 16, 46, 0, 0, 10, 0, 1, 18, 1, 0, 18, 3, 127]
1542877064512;[171, 0, 17, 255, 161, 74, 237, 16, 46, 0, 0, 11, 0, 1, 14, 1, 0, 20, 3, 148]
1542877064684;[171, 0, 17, 255, 161, 74, 237, 16, 46, 0, 0, 16, 0, 1, 16, 1, 0, 8, 3, 185]
1542877064688;[171, 0, 17, 255, 161, 74, 237, 16, 46, 0, 0, 14, 0, 1, 16, 1, 0, 1, 3, 234]
1542877064858;[171, 0, 17, 255, 161, 74, 237, 16, 46, 0, 0, 24, 0, 1, 13, 1, 0, 8, 4, 42]
1542877064862;[171, 0, 17, 255, 161, 74, 237, 16, 46, 0, 0, 36, 0, 1, 20, 1, 0, 8, 4, 99]
1542877065029;[171, 0, 17, 255, 161, 74, 237, 16, 46, 0, 0, 40, 0, 1, 48, 1, 0, 16, 4, 113]
1542877065033;[171, 0, 17, 255, 161, 74, 237, 16, 46, 0, 0, 29, 0, 1, 52, 0, 0, 20, 3, 247]
1542877065549;[171, 0, 17, 255, 161, 74, 237, 16, 47, 1, 0, 24, 0, 0, 222, 0, 0, 0, 3, 195]
1542877065553;[171, 0, 17, 255, 161, 74, 237, 16, 47, 1, 0, 52, 0, 1, 1, 1, 0, 113, 3, 105]
1542877065557;[171, 0, 4, 255, 132, 128, 140]
1542877065586;[171, 0, 17, 255, 161, 74, 237, 16, 47, 1, 0, 105, 0, 0, 74, 1, 0, 219, 3, 14]
1542877065720;[171, 0, 17, 255, 161, 74, 237, 16, 47, 0, 0, 58, 0, 1, 26, 1, 0, 112, 3, 72]
1542877065724;[171, 0, 17, 255, 161, 74, 237, 16, 47, 0, 0, 86, 0, 1, 11, 1, 0, 24, 3, 170]
1542877065892;[171, 0, 17, 255, 161, 74, 237, 16, 47, 0, 0, 92, 0, 1, 5, 1, 0, 12, 3, 238]
1542877065896;[171, 0, 17, 255, 161, 74, 237, 16, 47, 0, 0, 129, 0, 1, 0, 1, 0, 50, 3, 234]
1542877066064;[171, 0, 17, 255, 161, 74, 237, 16, 47, 0, 0, 106, 0, 0, 249, 1, 0, 7, 3, 146]
1542877066068;[171, 0, 17, 255, 161, 74, 237, 16, 47, 0, 0, 67, 0, 0, 251, 1, 0, 32, 3, 114]
1542877066238;[171, 0, 17, 255, 161, 74, 237, 16, 47, 0, 0, 159, 0, 0, 235, 0, 0, 5, 3, 75]
1542877066242;[171, 0, 17, 255, 161, 74, 237, 16, 48, 0, 0, 6, 0, 1, 0, 1, 0, 16, 3, 64]
1542877066757;[171, 0, 17, 255, 161, 74, 237, 16, 48, 0, 0, 5, 0, 1, 17, 0, 0, 6, 3, 75]
1542877066762;[171, 0, 4, 255, 132, 128, 140]
1542877066790;[171, 0, 17, 255, 161, 74, 237, 16, 48, 1, 0, 6, 0, 1, 30, 1, 0, 32, 3, 142]
1542877066792;[171, 0, 17, 255, 161, 74, 237, 16, 48, 0, 0, 21, 0, 1, 7, 1, 0, 35, 3, 165]
1542877066932;[171, 0, 17, 255, 161, 74, 237, 16, 48, 0, 0, 21, 0, 1, 5, 1, 0, 31, 3, 167]
1542877066954;[171, 0, 17, 255, 161, 74, 237, 16, 48, 0, 0, 44, 0, 1, 12, 1, 0, 33, 3, 179]
1542877066956;[171, 0, 17, 255, 161, 74, 237, 16, 48, 0, 0, 13, 0, 1, 10, 1, 0, 17, 4, 11]
1542877067100;[171, 0, 17, 255, 161, 74, 237, 16, 48, 1, 0, 13, 0, 1, 16, 1, 0, 10, 4, 106]
1542877067271;[171, 0, 17, 255, 161, 74, 237, 16, 48, 1, 0, 19, 0, 1, 7, 0, 0, 2, 4, 148]
1542877067275;[171, 0, 17, 255, 161, 74, 237, 16, 48, 1, 0, 35, 0, 1, 12, 0, 0, 5, 4, 187]
1542877067445;[171, 0, 17, 255, 161, 74, 237, 16, 49, 1, 0, 71, 0, 0, 245, 0, 0, 24, 5, 30]
1542877067449;[171, 0, 17, 255, 161, 74, 237, 16, 49, 1, 0, 66, 0, 0, 250, 0, 0, 25, 5, 102]
1542877067615;[171, 0, 4, 255, 132, 128, 139]
1542877067789;[171, 0, 17, 255, 161, 74, 237, 16, 49, 1, 0, 38, 0, 1, 23, 0, 0, 22, 5, 146]
1542877067793;[171, 0, 17, 255, 161, 74, 237, 16, 49, 1, 0, 44, 0, 1, 13, 0, 0, 18, 5, 139]
1542877068136;[171, 0, 17, 255, 161, 74, 237, 16, 49, 1, 0, 46, 0, 1, 12, 0, 0, 20, 5, 163]
1542877068140;[171, 0, 17, 255, 161, 74, 237, 16, 49, 1, 0, 53, 0, 1, 12, 0, 0, 21, 5, 172]
1542877068144;[171, 0, 17, 255, 161, 74, 237, 16, 49, 1, 0, 58, 0, 1, 3, 0, 0, 20, 5, 172]
1542877068148;[171, 0, 17, 255, 161, 74, 237, 16, 49, 1, 0, 58, 0, 1, 7, 0, 0, 21, 5, 166]
1542877068307;[171, 0, 17, 255, 161, 74, 237, 16, 49, 1, 0, 61, 0, 1, 7, 0, 0, 23, 5, 193]
1542877068480;[171, 0, 17, 255, 161, 74, 237, 16, 49, 1, 0, 61, 0, 1, 10, 0, 0, 23, 5, 245]
1542877068483;[171, 0, 17, 255, 161, 74, 237, 16, 50, 1, 0, 62, 0, 1, 5, 0, 0, 26, 6, 11]
1542877068653;[171, 0, 17, 255, 161, 74, 237, 16, 50, 1, 0, 64, 0, 1, 7, 0, 0, 27, 6, 22]
1542877068655;[171, 0, 4, 255, 132, 128, 139]
1542877068824;[171, 0, 17, 255, 161, 74, 237, 16, 50, 1, 0, 61, 0, 1, 10, 0, 0, 24, 6, 52]
1542877068828;[171, 0, 17, 255, 161, 74, 237, 16, 50, 1, 0, 64, 0, 1, 5, 0, 0, 33, 6, 113]
1542877069343;[171, 0, 17, 255, 161, 74, 237, 16, 50, 1, 0, 70, 0, 1, 12, 0, 0, 37, 6, 169]
1542877069347;[171, 0, 17, 255, 161, 74, 237, 16, 50, 1, 0, 120, 0, 0, 206, 0, 0, 11, 6, 149]
1542877069351;[171, 0, 17, 255, 161, 74, 237, 16, 50, 1, 0, 59, 0, 0, 255, 1, 0, 3, 6, 158]
1542877069355;[171, 0, 17, 255, 161, 74, 237, 16, 50, 1, 0, 37, 0, 1, 11, 1, 0, 32, 6, 199]
1542877069514;[171, 0, 17, 255, 161, 74, 237, 16, 50, 1, 0, 8, 0, 1, 32, 1, 0, 12, 6, 207]
1542877069518;[171, 0, 17, 255, 161, 74, 237, 16, 50, 1, 0, 3, 0, 1, 14, 1, 0, 27, 6, 195]
1542877069686;[171, 0, 17, 255, 161, 74, 237, 16, 51, 0, 0, 16, 0, 1, 13, 1, 0, 18, 6, 239]
1542877069690;[171, 0, 17, 255, 161, 74, 237, 16, 51, 0, 0, 31, 0, 1, 7, 1, 0, 28, 7, 51]
1542877069860;[171, 0, 4, 255, 132, 128, 139]
1542877069888;[171, 0, 17, 255, 161, 74, 237, 16, 51, 0, 0, 41, 0, 1, 6, 1, 0, 32, 7, 69]
1542877070032;[171, 0, 17, 255, 161, 74, 237, 16, 51, 0, 0, 73, 0, 1, 6, 1, 0, 25, 7, 49]
1542877070036;[171, 0, 17, 255, 161, 74, 237, 16, 51, 0, 0, 102, 0, 1, 90, 1, 0, 24, 6, 255]
1542877070210;[171, 0, 17, 255, 161, 74, 237, 16, 51, 1, 0, 72, 0, 1, 111, 0, 0, 24, 7, 76]
1542877070722;[171, 0, 17, 255, 161, 74, 237, 16, 51, 1, 0, 73, 0, 1, 26, 1, 0, 1, 7, 164]
1542877070726;[171, 0, 17, 255, 161, 74, 237, 16, 51, 0, 0, 88, 0, 0, 223, 1, 0, 4, 7, 184]
1542877070731;[171, 0, 17, 255, 161, 74, 237, 16, 51, 0, 0, 52, 0, 1, 101, 1, 0, 160, 7, 230]
1542877070735;[171, 0, 17, 255, 161, 74, 237, 16, 51, 0, 0, 73, 0, 1, 72, 1, 0, 15, 8, 11]
1542877070895;[171, 0, 17, 255, 161, 74, 237, 16, 52, 1, 0, 12, 0, 1, 11, 1, 0, 58, 8, 56]
1542877070899;[171, 0, 17, 255, 161, 74, 237, 16, 52, 0, 0, 38, 0, 1, 9, 1, 0, 25, 8, 28]
1542877070903;[171, 0, 4, 255, 132, 128, 139]
1542877071067;[171, 0, 17, 255, 161, 74, 237, 16, 52, 0, 0, 64, 0, 1, 4, 1, 0, 17, 8, 38]
1542877071071;[171, 0, 17, 255, 161, 74, 237, 16, 52, 0, 0, 101, 0, 0, 248, 1, 0, 14, 7, 136]
1542877071240;[171, 0, 17, 255, 161, 74, 237, 16, 52, 0, 0, 73, 0, 1, 35, 1, 0, 1, 7, 29]
1542877071245;[171, 0, 17, 255, 161, 74, 237, 16, 52, 1, 0, 153, 0, 1, 88, 1, 0, 30, 7, 24]
1542877071412;[171, 0, 17, 255, 161, 74, 237, 16, 52, 1, 0, 99, 0, 1, 57, 0, 0, 126, 7, 67]
1542877071584;[171, 0, 17, 255, 161, 74, 237, 16, 52, 1, 0, 62, 0, 0, 174, 0, 0, 4, 7, 55]
1542877071588;[171, 0, 17, 255, 161, 74, 237, 16, 52, 0, 0, 38, 0, 2, 42, 0, 0, 45, 7, 39]
1542877071930;[171, 0, 17, 255, 161, 74, 237, 16, 52, 1, 0, 72, 0, 1, 127, 0, 0, 90, 7, 220]
1542877071934;[171, 0, 17, 255, 161, 74, 237, 16, 53, 1, 0, 12, 0, 1, 21, 1, 0, 44, 8, 48]
1542877071940;[171, 0, 17, 255, 161, 74, 237, 16, 53, 0, 0, 5, 0, 1, 16, 0, 0, 4, 7, 249]
1542877071962;[171, 0, 4, 255, 132, 128, 140]
1542877072102;[171, 0, 17, 255, 161, 74, 237, 16, 53, 0, 0, 11, 0, 1, 10, 0, 0, 5, 7, 219]
1542877072275;[171, 0, 17, 255, 161, 74, 237, 16, 53, 0, 0, 27, 0, 1, 9, 0, 0, 11, 8, 2]
1542877072278;[171, 0, 17, 255, 161, 74, 237, 16, 53, 0, 0, 55, 0, 1, 20, 0, 0, 13, 7, 182]
1542877072446;[171, 0, 17, 255, 161, 74, 237, 16, 53, 0, 0, 14, 0, 1, 53, 0, 0, 47, 6, 207]
1542877072450;[171, 0, 17, 255, 161, 74, 237, 16, 53, 1, 0, 61, 0, 1, 7, 0, 0, 17, 6, 160]
1542877072619;[171, 0, 17, 255, 161, 74, 237, 16, 53, 1, 0, 52, 0, 1, 87, 0, 0, 56, 6, 145]
1542877072793;[171, 0, 17, 255, 161, 74, 237, 16, 53, 0, 1, 44, 0, 0, 208, 0, 0, 56, 7, 40]
1542877072797;[171, 0, 17, 255, 161, 74, 237, 16, 53, 1, 0, 9, 0, 1, 57, 0, 0, 81, 7, 137]
1542877073138;[171, 0, 17, 255, 161, 74, 237, 16, 54, 0, 0, 10, 0, 1, 21, 1, 0, 5, 7, 192]
1542877073143;[171, 0, 17, 255, 161, 74, 237, 16, 54, 0, 0, 33, 0, 1, 12, 1, 0, 17, 7, 222]
1542877073147;[171, 0, 4, 255, 132, 128, 140]
1542877073175;[171, 0, 17, 255, 161, 74, 237, 16, 54, 0, 0, 33, 0, 1, 9, 1, 0, 16, 8, 30]
1542877073310;[171, 0, 17, 255, 161, 74, 237, 16, 54, 0, 0, 43, 0, 1, 11, 1, 0, 15, 8, 78]
1542877073482;[171, 0, 17, 255, 161, 74, 237, 16, 54, 0, 0, 45, 0, 1, 10, 1, 0, 14, 8, 97]
1542877073486;[171, 0, 17, 255, 161, 74, 237, 16, 54, 0, 0, 46, 0, 1, 8, 1, 0, 11, 8, 122]
1542877073654;[171, 0, 17, 255, 161, 74, 237, 16, 54, 0, 0, 43, 0, 1, 12, 1, 0, 6, 8, 186]
1542877073658;[171, 0, 17, 255, 161, 74, 237, 16, 54, 0, 0, 42, 0, 1, 16, 0, 0, 11, 9, 84]
1542877073826;[171, 0, 17, 255, 161, 74, 237, 16, 54, 0, 0, 49, 0, 1, 86, 0, 0, 2, 9, 216]
1542877073830;[171, 0, 17, 255, 161, 74, 237, 16, 54, 1, 0, 34, 0, 0, 237, 1, 0, 5, 9, 230]
1542877073999;[171, 0, 17, 255, 161, 74, 237, 16, 55, 0, 0, 83, 0, 0, 164, 1, 0, 26, 9, 199]
1542877074184;[171, 0, 17, 255, 161, 74, 237, 16, 55, 0, 0, 43, 0, 1, 90, 1, 0, 16, 9, 209]
1542877074185;[171, 0, 4, 255, 132, 128, 140]
1542877074518;[171, 0, 17, 255, 161, 74, 237, 16, 55, 1, 0, 231, 0, 1, 75, 1, 0, 8, 9, 215]
1542877074522;[171, 0, 17, 255, 161, 74, 237, 16, 55, 0, 0, 140, 0, 1, 67, 1, 0, 122, 9, 191]
1542877074526;[171, 0, 17, 255, 161, 74, 237, 16, 55, 0, 0, 41, 0, 1, 1, 1, 0, 10, 10, 53]
1542877074689;[171, 0, 17, 255, 161, 74, 237, 16, 55, 0, 0, 24, 0, 1, 11, 1, 0, 20, 10, 180]
1542877074693;[171, 0, 17, 255, 161, 74, 237, 16, 55, 0, 0, 31, 0, 1, 13, 1, 0, 24, 11, 96]
1542877074863;[171, 0, 17, 255, 161, 74, 237, 16, 55, 0, 0, 38, 0, 1, 17, 1, 0, 22, 11, 202]
1542877074867;[171, 0, 17, 255, 161, 74, 237, 16, 55, 0, 0, 42, 0, 1, 56, 1, 0, 15, 12, 100]
1542877075034;[171, 0, 17, 255, 161, 74, 237, 16, 55, 0, 0, 56, 0, 1, 182, 0, 0, 30, 12, 83]
1542877075207;[171, 0, 17, 255, 161, 74, 237, 16, 56, 1, 0, 16, 0, 0, 76, 1, 0, 78, 11, 116]
1542877075210;[171, 0, 17, 255, 161, 74, 237, 16, 56, 0, 0, 11, 0, 0, 155, 1, 0, 16, 10, 156]
1542877075725;[171, 0, 4, 255, 132, 128, 140]
1542877075752;[171, 0, 17, 255, 161, 74, 237, 16, 56, 0, 0, 44, 0, 1, 154, 1, 0, 28, 9, 208]
1542877075754;[171, 0, 17, 255, 161, 74, 237, 16, 56, 1, 0, 199, 0, 1, 27, 0, 0, 151, 9, 211]
1542877075756;[171, 0, 17, 255, 161, 74, 237, 16, 56, 0, 1, 17, 0, 1, 69, 1, 0, 3, 9, 144]
1542877075897;[171, 0, 17, 255, 161, 74, 237, 16, 56, 0, 0, 33, 0, 1, 25, 0, 0, 6, 9, 52]
1542877075901;[171, 0, 17, 255, 161, 74, 237, 16, 56, 0, 0, 48, 0, 1, 8, 1, 0, 31, 9, 126]
1542877075905;[171, 0, 17, 255, 161, 74, 237, 16, 56, 0, 0, 7, 0, 1, 4, 1, 0, 16, 9, 225]
1542877076070;[171, 0, 17, 255, 161, 74, 237, 16, 56, 0, 0, 25, 0, 1, 19, 1, 0, 12, 10, 53]
1542877076074;[171, 0, 17, 255, 161, 74, 237, 16, 56, 0, 0, 9, 0, 1, 18, 1, 0, 2, 10, 190]
1542877076243;[171, 0, 17, 255, 161, 74, 237, 16, 57, 0, 0, 9, 0, 1, 47, 0, 0, 6, 11, 77]
1542877076416;[171, 0, 17, 255, 161, 74, 237, 16, 57, 0, 0, 75, 0, 1, 163, 0, 0, 3, 11, 180]
1542877076420;[171, 0, 4, 255, 132, 128, 141]
1542877076586;[171, 0, 17, 255, 161, 74, 237, 16, 57, 1, 1, 19, 1, 0, 10, 1, 0, 35, 11, 61]
1542877076590;[171, 0, 17, 255, 161, 74, 237, 16, 57, 0, 0, 107, 0, 0, 150, 1, 0, 48, 10, 110]
1542877077105;[171, 0, 17, 255, 161, 74, 237, 16, 57, 1, 2, 38, 0, 3, 113, 1, 0, 20, 9, 132]
1542877077110;[171, 0, 17, 255, 161, 74, 237, 16, 57, 0, 0, 35, 0, 1, 40, 1, 0, 130, 9, 68]
1542877077114;[171, 0, 17, 255, 161, 74, 237, 16, 57, 0, 0, 30, 0, 1, 14, 1, 0, 10, 9, 4]
1542877077118;[171, 0, 17, 255, 161, 74, 237, 16, 57, 0, 0, 15, 0, 1, 14, 1, 0, 22, 9, 3]
1542877077279;[171, 0, 17, 255, 161, 74, 237, 16, 57, 0, 0, 19, 0, 1, 9, 1, 0, 15, 9, 119]
1542877077283;[171, 0, 17, 255, 161, 74, 237, 16, 57, 0, 0, 46, 0, 1, 13, 1, 0, 22, 9, 244]
1542877077287;[171, 0, 17, 255, 161, 74, 237, 16, 58, 0, 0, 44, 0, 1, 11, 1, 0, 6, 10, 62]
1542877077449;[171, 0, 17, 255, 161, 74, 237, 16, 64, 1, 0, 25, 0, 1, 86, 1, 0, 188, 6, 81]
1542877077618;[171, 0, 17, 255, 161, 74, 237, 16, 64, 1, 0, 25, 0, 1, 18, 1, 0, 138, 6, 140]
1542877077794;[171, 0, 17, 255, 161, 74, 237, 16, 64, 1, 0, 28, 0, 1, 2, 1, 0, 25, 6, 137]
1542877077970;[171, 0, 17, 255, 161, 74, 237, 16, 64, 1, 0, 18, 0, 1, 17, 1, 0, 14, 6, 104]
1542877077972;[171, 0, 17, 255, 161, 74, 237, 16, 64, 0, 0, 3, 0, 1, 13, 1, 0, 12, 6, 103]
1542877078313;[171, 0, 17, 255, 161, 74, 237, 16, 64, 1, 0, 32, 0, 1, 10, 1, 0, 7, 6, 163]
1542877078317;[171, 0, 17, 255, 161, 74, 237, 16, 64, 1, 0, 28, 0, 1, 10, 0, 0, 13, 6, 158]
1542877078321;[171, 0, 17, 255, 161, 74, 237, 16, 64, 0, 0, 5, 0, 1, 14, 0, 0, 8, 6, 230]
1542877078484;[171, 0, 17, 255, 161, 74, 237, 16, 65, 1, 0, 16, 0, 1, 43, 0, 0, 33, 7, 21]
1542877078488;[171, 0, 17, 255, 161, 74, 237, 16, 65, 1, 0, 34, 0, 1, 21, 0, 0, 31, 6, 122]
1542877078657;[171, 0, 4, 255, 132, 128, 139]
1542877078686;[171, 0, 17, 255, 161, 74, 237, 16, 65, 1, 0, 62, 0, 1, 13, 0, 0, 30, 5, 235]
1542877078830;[171, 0, 17, 255, 161, 74, 237, 16, 65, 1, 0, 114, 0, 0, 224, 0, 0, 4, 4, 217]
1542877078834;[171, 0, 17, 255, 161, 74, 237, 16, 65, 0, 0, 54, 0, 0, 164, 1, 0, 20, 3, 31]
1542877079002;[171, 0, 17, 255, 161, 74, 237, 16, 65, 1, 0, 227, 0, 1, 232, 0, 0, 11, 2, 52]
1542877079175;[171, 0, 17, 255, 161, 74, 237, 16, 65, 0, 0, 97, 0, 1, 18, 1, 0, 13, 1, 130]
1542877079179;[171, 0, 17, 255, 161, 74, 237, 16, 65, 0, 0, 24, 0, 1, 10, 1, 0, 23, 1, 164]
1542877079693;[171, 0, 17, 255, 161, 74, 237, 16, 65, 0, 0, 21, 0, 1, 9, 0, 0, 3, 1, 196]
1542877079698;[171, 0, 17, 255, 161, 74, 237, 16, 65, 0, 0, 17, 0, 1, 13, 1, 0, 24, 2, 22]
1542877079702;[171, 0, 17, 255, 161, 74, 237, 16, 66, 0, 0, 49, 0, 1, 10, 1, 0, 7, 2, 94]
1542877079706;[171, 0, 17, 255, 161, 74, 237, 16, 66, 0, 0, 86, 0, 1, 23, 1, 0, 3, 2, 203]
1542877079865;[171, 0, 4, 255, 132, 128, 139]
1542877079893;[171, 0, 17, 255, 161, 74, 237, 16, 66, 0, 0, 55, 0, 1, 225, 0, 0, 4, 3, 83]
1542877079895;[171, 0, 17, 255, 161, 74, 237, 16, 66, 0, 0, 194, 0, 1, 15, 1, 0, 145, 3, 70]
1542877080037;[171, 0, 17, 255, 161, 74, 237, 16, 66, 0, 0, 181, 0, 0, 224, 1, 0, 28, 3, 30]
1542877080041;[171, 0, 17, 255, 161, 74, 237, 16, 66, 1, 1, 98, 0, 1, 143, 0, 0, 120, 2, 174]
1542877080210;[171, 0, 17, 255, 161, 74, 237, 16, 66, 0, 1, 58, 0, 0, 91, 0, 0, 251, 1, 157]
1542877080382;[171, 0, 17, 255, 161, 74, 237, 16, 66, 1, 0, 13, 0, 0, 250, 1, 0, 9, 2, 23]
1542877080386;[171, 0, 17, 255, 161, 74, 237, 16, 66, 1, 0, 18, 0, 0, 246, 0, 0, 1, 2, 76]
1542877080554;[171, 0, 17, 255, 161, 74, 237, 16, 66, 0, 0, 50, 0, 1, 45, 1, 0, 76, 2, 119]
1542877080558;[171, 0, 17, 255, 161, 74, 237, 16, 67, 0, 0, 202, 0, 1, 187, 1, 0, 30, 2, 231]
1542877080902;[171, 0, 17, 255, 161, 74, 237, 16, 67, 1, 0, 201, 0, 0, 52, 1, 0, 66, 2, 46]
1542877080906;[171, 0, 4, 255, 132, 128, 139]
1542877080934;[171, 0, 17, 255, 161, 74, 237, 16, 67, 0, 0, 39, 0, 0, 177, 0, 0, 100, 16, 144]
1542877081072;[171, 0, 17, 255, 161, 74, 237, 16, 67, 1, 1, 30, 0, 2, 80, 0, 0, 8, 6, 217]
1542877081076;[171, 0, 17, 255, 161, 74, 237, 16, 67, 0, 1, 128, 0, 2, 16, 1, 1, 70, 5, 156]
1542877081244;[171, 0, 17, 255, 161, 74, 237, 16, 67, 1, 0, 4, 0, 1, 28, 0, 0, 4, 4, 252]
1542877081248;[171, 0, 17, 255, 161, 74, 237, 16, 67, 0, 0, 23, 0, 1, 2, 1, 0, 46, 4, 69]
1542877081416;[171, 0, 17, 255, 161, 74, 237, 16, 67, 1, 0, 37, 0, 1, 28, 1, 0, 34, 3, 244]
1542877081589;[171, 0, 17, 255, 161, 74, 237, 16, 67, 0, 0, 186, 0, 1, 201, 0, 0, 25, 4, 1]
1542877081593;[171, 0, 17, 255, 161, 74, 237, 16, 67, 1, 0, 132, 0, 0, 143, 1, 0, 114, 3, 230]
1542877081761;[171, 0, 17, 255, 161, 74, 237, 16, 68, 0, 0, 1, 0, 0, 124, 1, 0, 36, 3, 16]
1542877081765;[171, 0, 17, 255, 161, 74, 237, 16, 68, 0, 0, 106, 0, 1, 173, 1, 0, 43, 3, 16]
1542877082107;[171, 0, 4, 255, 132, 128, 132]
1542877082137;[171, 0, 17, 255, 161, 74, 237, 16, 68, 1, 1, 144, 0, 1, 58, 1, 0, 167, 2, 230]
1542877082139;[171, 0, 17, 255, 161, 74, 237, 16, 68, 0, 0, 119, 0, 0, 2, 1, 2, 57, 2, 26]
1542877082280;[171, 0, 17, 255, 161, 74, 237, 16, 68, 0, 0, 29, 0, 0, 251, 1, 0, 5, 2, 70]
1542877082284;[171, 0, 17, 255, 161, 74, 237, 16, 68, 1, 0, 54, 0, 0, 238, 1, 0, 39, 2, 107]
1542877082453;[171, 0, 17, 255, 161, 74, 237, 16, 68, 0, 0, 18, 0, 1, 90, 1, 0, 17, 2, 172]
1542877082457;[171, 0, 17, 255, 161, 74, 237, 16, 68, 0, 0, 152, 0, 1, 163, 1, 0, 36, 2, 191]
1542877082624;[171, 0, 17, 255, 161, 74, 237, 16, 68, 1, 0, 105, 0, 0, 143, 1, 0, 77, 2, 62]
1542877082628;[171, 0, 17, 255, 161, 74, 237, 16, 68, 0, 0, 53, 0, 0, 152, 0, 0, 84, 2, 11]
1542877082797;[171, 0, 17, 255, 161, 74, 237, 16, 69, 0, 0, 44, 0, 1, 147, 0, 0, 48, 1, 185]
1542877082977;[171, 0, 17, 255, 161, 74, 237, 16, 69, 1, 2, 135, 0, 1, 135, 1, 0, 27, 1, 121]
1542877082979;[171, 0, 4, 255, 132, 128, 132]
1542877083143;[171, 0, 17, 255, 161, 74, 237, 16, 69, 1, 0, 64, 0, 1, 51, 1, 0, 235, 1, 6]
1542877083146;[171, 0, 17, 255, 161, 74, 237, 16, 69, 0, 0, 20, 0, 1, 12, 1, 0, 67, 0, 251]
1542877083487;[171, 0, 17, 255, 161, 74, 237, 16, 69, 1, 0, 18, 0, 1, 7, 1, 0, 25, 1, 60]
1542877083491;[171, 0, 17, 255, 161, 74, 237, 16, 69, 0, 0, 38, 0, 1, 91, 0, 0, 4, 1, 128]
1542877083495;[171, 0, 17, 255, 161, 74, 237, 16, 69, 0, 0, 71, 0, 1, 246, 1, 0, 66, 1, 190]
1542877083659;[171, 0, 17, 255, 161, 74, 237, 16, 69, 0, 0, 115, 0, 0, 180, 1, 0, 53, 16, 193]
1542877083663;[171, 0, 17, 255, 161, 74, 237, 16, 69, 1, 0, 28, 0, 0, 176, 0, 0, 80, 7, 236]
1542877083831;[171, 0, 17, 255, 161, 74, 237, 16, 69, 1, 0, 85, 0, 2, 236, 1, 0, 51, 7, 226]
1542877083835;[171, 0, 17, 255, 161, 74, 237, 16, 70, 1, 0, 250, 0, 1, 115, 0, 1, 235, 7, 125]
1542877084004;[171, 0, 17, 255, 161, 74, 237, 16, 70, 1, 0, 13, 0, 1, 67, 0, 0, 24, 7, 192]
1542877084179;[171, 0, 4, 255, 132, 128, 131]
1542877084183;[171, 0, 17, 255, 161, 74, 237, 16, 70, 1, 0, 13, 0, 0, 232, 1, 0, 37, 7, 181]
1542877084350;[171, 0, 17, 255, 161, 74, 237, 16, 70, 1, 0, 66, 0, 0, 241, 1, 0, 28, 8, 52]
1542877084353;[171, 0, 17, 255, 161, 74, 237, 16, 70, 0, 0, 146, 0, 1, 143, 0, 0, 4, 8, 170]
1542877084695;[171, 0, 17, 255, 161, 74, 237, 16, 70, 0, 0, 98, 0, 1, 89, 1, 0, 47, 8, 174]
1542877084699;[171, 0, 17, 255, 161, 74, 237, 16, 70, 0, 0, 69, 0, 0, 60, 1, 0, 45, 8, 42]
1542877084704;[171, 0, 17, 255, 161, 74, 237, 16, 70, 0, 0, 159, 0, 1, 16, 0, 0, 75, 8, 41]
1542877084867;[171, 0, 17, 255, 161, 74, 237, 16, 70, 1, 2, 55, 0, 1, 127, 1, 0, 56, 8, 142]
1542877084871;[171, 0, 17, 255, 161, 74, 237, 16, 70, 0, 0, 112, 1, 0, 94, 1, 0, 94, 7, 224]
1542877085039;[171, 0, 17, 255, 161, 74, 237, 16, 71, 0, 0, 25, 0, 1, 6, 1, 0, 36, 8, 38]
1542877085043;[171, 0, 17, 255, 161, 74, 237, 16, 71, 1, 0, 10, 0, 1, 17, 1, 0, 31, 8, 28]
1542877085385;[171, 0, 4, 255, 132, 128, 131]
1542877085413;[171, 0, 17, 255, 161, 74, 237, 16, 71, 1, 0, 23, 0, 1, 29, 1, 0, 59, 8, 18]
1542877085415;[171, 0, 17, 255, 161, 74, 237, 16, 71, 0, 0, 142, 0, 1, 147, 1, 0, 26, 8, 59]
1542877085557;[171, 0, 17, 255, 161, 74, 237, 16, 71, 1, 0, 103, 0, 0, 254, 1, 0, 28, 7, 212]
1542877085561;[171, 0, 17, 255, 161, 74, 237, 16, 71, 0, 0, 32, 0, 0, 158, 1, 0, 55, 8, 29]
1542877086076;[171, 0, 17, 255, 161, 74, 237, 16, 71, 0, 0, 55, 0, 2, 65, 0, 0, 5, 8, 44]
1542877086080;[171, 0, 17, 255, 161, 74, 237, 16, 71, 1, 0, 58, 0, 1, 49, 1, 0, 160, 7, 255]
1542877086084;[171, 0, 17, 255, 161, 74, 237, 16, 71, 0, 3, 154, 0, 1, 1, 0, 0, 4, 8, 23]
1542877086088;[171, 0, 17, 255, 161, 74, 237, 16, 71, 0, 0, 129, 0, 0, 252, 0, 0, 117, 7, 243]
1542877086248;[171, 0, 17, 255, 161, 74, 237, 16, 72, 0, 0, 33, 0, 0, 239, 1, 0, 36, 8, 35]
1542877086252;[171, 0, 17, 255, 161, 74, 237, 16, 72, 1, 0, 31, 0, 1, 7, 1, 0, 48, 8, 25]
1542877086256;[171, 0, 4, 255, 132, 128, 131]
1542877086420;[171, 0, 17, 255, 161, 74, 237, 16, 72, 0, 0, 22, 0, 1, 77, 1, 0, 34, 8, 68]
1542877086591;[171, 0, 17, 255, 161, 74, 237, 16, 72, 1, 0, 99, 0, 1, 114, 1, 0, 27, 8, 108]
1542877086595;[171, 0, 17, 255, 161, 74, 237, 16, 72, 1, 0, 7, 0, 0, 67, 1, 0, 117, 8, 24]
1542877086765;[171, 0, 17, 255, 161, 74, 237, 16, 72, 0, 0, 55, 0, 0, 151, 0, 0, 10, 8, 147]
1542877086769;[171, 0, 17, 255, 161, 74, 237, 16, 72, 1, 0, 9, 0, 1, 142, 1, 0, 69, 8, 144]
1542877086937;[171, 0, 17, 255, 161, 74, 237, 16, 72, 1, 0, 64, 0, 0, 245, 0, 0, 138, 8, 189]
1542877086941;[171, 0, 17, 255, 161, 74, 237, 16, 72, 1, 0, 49, 0, 0, 248, 0, 0, 91, 9, 106]
1542877087456;[171, 0, 17, 255, 161, 74, 237, 16, 72, 1, 0, 19, 0, 1, 16, 1, 0, 16, 9, 154]
1542877087460;[171, 0, 17, 255, 161, 74, 237, 16, 73, 1, 0, 12, 0, 1, 8, 1, 0, 41, 9, 189]
1542877087464;[171, 0, 17, 255, 161, 74, 237, 16, 73, 0, 0, 46, 0, 1, 71, 1, 0, 32, 10, 65]
1542877087468;[171, 0, 4, 255, 132, 128, 131]
1542877087627;[171, 0, 17, 255, 161, 74, 237, 16, 73, 1, 0, 31, 0, 0, 69, 1, 0, 117, 10, 2]
1542877087631;[171, 0, 17, 255, 161, 74, 237, 16, 73, 0, 0, 54, 0, 0, 229, 1, 0, 28, 10, 32]
1542877087635;[171, 0, 17, 255, 161, 74, 237, 16, 73, 1, 1, 16, 0, 2, 18, 1, 0, 8, 9, 206]
1542877087799;[171, 0, 17, 255, 161, 74, 237, 16, 73, 1, 0, 159, 0, 1, 248, 0, 0, 159, 10, 24]
1542877087986;[171, 0, 17, 255, 161, 74, 237, 16, 73, 0, 0, 9, 0, 0, 241, 1, 0, 89, 10, 186]
1542877087987;[171, 0, 17, 255, 161, 74, 237, 16, 73, 0, 0, 153, 0, 0, 229, 1, 0, 40, 11, 56]
1542877088145;[171, 0, 17, 255, 161, 74, 237, 16, 73, 0, 0, 93, 0, 1, 9, 1, 0, 22, 11, 169]
1542877088149;[171, 0, 17, 255, 161, 74, 237, 16, 73, 0, 0, 37, 0, 1, 75, 1, 0, 41, 12, 72]
1542877088490;[171, 0, 17, 255, 161, 74, 237, 16, 74, 0, 0, 20, 0, 1, 108, 0, 0, 17, 11, 178]
1542877088495;[171, 0, 17, 255, 161, 74, 237, 16, 74, 1, 0, 142, 0, 0, 137, 1, 0, 169, 11, 136]
1542877088524;[171, 0, 4, 255, 132, 128, 131]
1542877088661;[171, 0, 17, 255, 161, 74, 237, 16, 74, 0, 0, 8, 0, 0, 171, 1, 0, 24, 11, 154]
1542877088665;[171, 0, 17, 255, 161, 74, 237, 16, 74, 1, 0, 38, 0, 1, 82, 0, 0, 73, 11, 161]
1542877088834;[171, 0, 17, 255, 161, 74, 237, 16, 74, 1, 0, 152, 0, 1, 221, 1, 0, 31, 11, 119]
1542877088838;[171, 0, 17, 255, 161, 74, 237, 16, 74, 1, 0, 209, 0, 1, 125, 1, 2, 234, 10, 214]
1542877089007;[171, 0, 17, 255, 161, 74, 237, 16, 74, 0, 0, 65, 0, 1, 10, 0, 0, 16, 11, 49]
1542877089180;[171, 0, 17, 255, 161, 74, 237, 16, 74, 0, 0, 9, 0, 1, 9, 1, 0, 22, 11, 153]
1542877089186;[171, 0, 17, 255, 161, 74, 237, 16, 74, 0, 0, 8, 0, 1, 12, 0, 0, 1, 11, 164]
1542877089352;[171, 0, 17, 255, 161, 74, 237, 16, 74, 0, 0, 54, 0, 1, 48, 1, 0, 22, 11, 215]
1542877089356;[171, 0, 17, 255, 161, 74, 237, 16, 75, 0, 0, 59, 0, 1, 139, 0, 0, 23, 11, 203]
1542877089524;[171, 0, 17, 255, 161, 74, 237, 16, 75, 0, 0, 63, 0, 1, 6, 1, 0, 119, 12, 7]
1542877089527;[171, 0, 4, 255, 132, 128, 131]
1542877089871;[171, 0, 17, 255, 161, 74, 237, 16, 75, 0, 0, 217, 0, 0, 36, 0, 0, 0, 11, 197]
1542877089875;[171, 0, 17, 255, 161, 74, 237, 16, 75, 0, 0, 39, 0, 0, 198, 0, 0, 36, 11, 233]
1542877089879;[171, 0, 17, 255, 161, 74, 237, 16, 75, 1, 3, 163, 0, 4, 48, 1, 0, 53, 12, 158]
1542877090042;[171, 0, 17, 255, 161, 74, 237, 16, 75, 0, 0, 22, 0, 1, 97, 1, 0, 74, 12, 21]
1542877090046;[171, 0, 17, 255, 161, 74, 237, 16, 75, 0, 0, 21, 0, 1, 40, 1, 0, 67, 12, 157]
1542877090214;[171, 0, 17, 255, 161, 74, 237, 16, 75, 1, 0, 32, 0, 0, 242, 1, 0, 16, 12, 210]
1542877090387;[171, 0, 17, 255, 161, 74, 237, 16, 75, 0, 0, 38, 0, 1, 50, 1, 0, 19, 13, 42]
1542877090391;[171, 0, 17, 255, 161, 74, 237, 16, 75, 0, 0, 58, 0, 1, 101, 1, 0, 6, 13, 166]
1542877090563;[171, 0, 17, 255, 161, 74, 237, 16, 76, 0, 0, 1, 0, 1, 96, 1, 0, 112, 14, 78]
1542877090565;[171, 0, 17, 255, 161, 74, 237, 16, 76, 0, 0, 14, 0, 0, 90, 1, 0, 25, 13, 239]
1542877090733;[171, 0, 4, 255, 132, 128, 130]
1542877090741;[171, 0, 17, 255, 161, 74, 237, 16, 76, 0, 0, 56, 0, 1, 202, 0, 0, 18, 13, 208]
1542877091077;[171, 0, 17, 255, 161, 74, 237, 16, 76, 1, 2, 0, 0, 2, 112, 1, 0, 127, 13, 50]
1542877091081;[171, 0, 17, 255, 161, 74, 237, 16, 76, 0, 0, 142, 0, 0, 129, 0, 0, 141, 13, 106]
1542877091085;[171, 0, 17, 255, 161, 74, 237, 16, 76, 1, 0, 116, 0, 0, 181, 1, 0, 59, 13, 83]
1542877091248;[171, 0, 17, 255, 161, 74, 237, 16, 76, 0, 0, 67, 0, 0, 231, 1, 0, 5, 13, 51]
1542877091253;[171, 0, 17, 255, 161, 74, 237, 16, 76, 0, 0, 63, 0, 1, 16, 1, 0, 11, 13, 26]
1542877091597;[171, 0, 17, 255, 161, 74, 237, 16, 76, 0, 0, 26, 0, 1, 44, 1, 0, 21, 13, 189]
1542877091601;[171, 0, 17, 255, 161, 74, 237, 16, 76, 0, 0, 166, 0, 2, 1, 0, 0, 24, 13, 241]
1542877091605;[171, 0, 17, 255, 161, 74, 237, 16, 77, 1, 0, 231, 0, 0, 40, 0, 0, 3, 13, 134]
1542877091766;[171, 0, 17, 255, 161, 74, 237, 16, 77, 0, 0, 53, 0, 0, 184, 1, 0, 22, 13, 27]
1542877091770;[171, 0, 4, 255, 132, 128, 131]
1542877091939;[171, 0, 17, 255, 161, 74, 237, 16, 77, 0, 0, 119, 0, 2, 61, 1, 0, 22, 12, 187]
1542877091943;[171, 0, 17, 255, 161, 74, 237, 16, 77, 0, 0, 19, 0, 1, 5, 1, 0, 156, 12, 141]
1542877092111;[171, 0, 17, 255, 161, 74, 237, 16, 77, 1, 2, 170, 0, 0, 252, 0, 0, 84, 12, 101]
1542877092460;[171, 0, 17, 255, 161, 74, 237, 16, 77, 0, 0, 42, 0, 1, 59, 0, 0, 42, 12, 14]
1542877092463;[171, 0, 17, 255, 161, 74, 237, 16, 77, 0, 0, 93, 0, 0, 248, 1, 0, 61, 11, 245]
1542877092467;[171, 0, 17, 255, 161, 74, 237, 16, 77, 0, 0, 70, 0, 0, 253, 0, 0, 12, 11, 252]
1542877092471;[171, 0, 17, 255, 161, 74, 237, 16, 77, 0, 0, 56, 0, 1, 4, 1, 0, 7, 12, 52]
1542877092629;[171, 0, 17, 255, 161, 74, 237, 16, 77, 0, 0, 88, 0, 1, 87, 0, 0, 25, 12, 184]
1542877092633;[171, 0, 17, 255, 161, 74, 237, 16, 78, 0, 0, 11, 0, 1, 0, 1, 0, 19, 12, 116]
1542877092801;[171, 0, 17, 255, 161, 74, 237, 16, 78, 0, 0, 26, 0, 0, 109, 0, 0, 59, 12, 33]
1542877092996;[171, 0, 4, 255, 132, 128, 131]
1542877092999;[171, 0, 17, 255, 161, 74, 237, 16, 78, 0, 0, 32, 0, 0, 208, 0, 0, 61, 12, 45]
1542877093148;[171, 0, 17, 255, 161, 74, 237, 16, 78, 1, 2, 217, 0, 2, 217, 0, 0, 23, 12, 40]
1542877093152;[171, 0, 17, 255, 161, 74, 237, 16, 78, 0, 0, 38, 0, 1, 37, 0, 0, 239, 11, 149]
1542877093319;[171, 0, 17, 255, 161, 74, 237, 16, 78, 0, 0, 5, 0, 1, 19, 1, 0, 49, 11, 6]
1542877093665;[171, 0, 17, 255, 161, 74, 237, 16, 78, 0, 0, 31, 0, 1, 21, 1, 0, 25, 10, 214]
1542877093669;[171, 0, 17, 255, 161, 74, 237, 16, 78, 0, 0, 18, 0, 1, 25, 1, 0, 21, 10, 222]
1542877093673;[171, 0, 17, 255, 161, 74, 237, 16, 78, 1, 0, 9, 0, 1, 14, 1, 0, 8, 10, 237]
1542877093677;[171, 0, 17, 255, 161, 74, 237, 16, 78, 0, 0, 1, 0, 1, 29, 1, 0, 26, 10, 251]
1542877093838;[171, 0, 17, 255, 161, 74, 237, 16, 79, 1, 0, 15, 0, 1, 51, 1, 0, 1, 11, 16]
1542877093841;[171, 0, 17, 255, 161, 74, 237, 16, 79, 0, 0, 59, 0, 1, 109, 1, 0, 25, 11, 112]
1542877094008;[171, 0, 4, 255, 132, 128, 132]
1542877094182;[171, 0, 17, 255, 161, 74, 237, 16, 79, 1, 0, 74, 0, 0, 84, 1, 0, 69, 11, 126]
1542877094186;[171, 0, 17, 255, 161, 74, 237, 16, 79, 0, 0, 44, 0, 0, 193, 1, 0, 14, 10, 235]
1542877094354;[171, 0, 17, 255, 161, 74, 237, 16, 79, 0, 0, 68, 0, 2, 13, 0, 0, 51, 10, 135]
1542877094358;[171, 0, 17, 255, 161, 74, 237, 16, 79, 0, 0, 2, 0, 0, 184, 1, 0, 22, 10, 31]
1542877094527;[171, 0, 17, 255, 161, 74, 237, 16, 79, 1, 0, 130, 0, 0, 215, 0, 0, 25, 10, 79]
1542877094530;[171, 0, 17, 255, 161, 74, 237, 16, 79, 0, 2, 229, 0, 1, 23, 0, 0, 22, 9, 197]
1542877095047;[171, 0, 17, 255, 161, 74, 237, 16, 79, 1, 0, 16, 0, 0, 179, 0, 0, 10, 9, 31]
1542877095051;[171, 0, 17, 255, 161, 74, 237, 16, 79, 0, 0, 140, 0, 1, 44, 1, 0, 88, 8, 226]
1542877095056;[171, 0, 17, 255, 161, 74, 237, 16, 80, 0, 0, 29, 0, 1, 33, 1, 0, 11, 8, 227]
1542877095060;[171, 0, 17, 255, 161, 74, 237, 16, 80, 0, 0, 43, 0, 1, 48, 0, 0, 20, 8, 207]
1542877095217;[171, 0, 4, 255, 132, 128, 131]
1542877095245;[171, 0, 17, 255, 161, 74, 237, 16, 80, 0, 0, 135, 0, 1, 184, 0, 0, 26, 9, 17]
1542877095389;[171, 0, 17, 255, 161, 74, 237, 16, 80, 0, 0, 45, 0, 0, 251, 1, 0, 7, 9, 9]
1542877095393;[171, 0, 17, 255, 161, 74, 237, 16, 80, 0, 0, 113, 0, 0, 214, 1, 0, 59, 8, 236]
1542877095561;[171, 0, 17, 255, 161, 74, 237, 16, 80, 1, 0, 191, 0, 1, 159, 1, 0, 144, 8, 205]
1542877095566;[171, 0, 17, 255, 161, 74, 237, 16, 80, 1, 2, 26, 0, 2, 113, 0, 1, 75, 8, 213]
1542877095908;[171, 0, 17, 255, 161, 74, 237, 16, 80, 1, 0, 95, 0, 0, 176, 1, 1, 67, 7, 170]
1542877095912;[171, 0, 17, 255, 161, 74, 237, 16, 80, 1, 0, 8, 0, 1, 1, 1, 0, 49, 8, 16]
1542877095916;[171, 0, 17, 255, 161, 74, 237, 16, 80, 0, 0, 35, 0, 1, 10, 1, 0, 43, 8, 44]
1542877096254;[171, 0, 17, 255, 161, 74, 237, 16, 81, 1, 0, 9, 0, 1, 1, 1, 0, 45, 8, 73]
1542877096258;[171, 0, 17, 255, 161, 74, 237, 16, 81, 0, 0, 59, 0, 1, 135, 1, 0, 6, 8, 189]
1542877096262;[171, 0, 4, 255, 132, 128, 131]
1542877096290;[171, 0, 17, 255, 161, 74, 237, 16, 81, 1, 0, 71, 0, 1, 145, 1, 0, 21, 8, 3]
1542877096425;[171, 0, 17, 255, 161, 74, 237, 16, 81, 0, 0, 3, 0, 0, 165, 1, 0, 152, 7, 45]
1542877096429;[171, 0, 17, 255, 161, 74, 237, 16, 81, 0, 0, 28, 0, 0, 222, 0, 0, 26, 7, 50]
1542877096770;[171, 0, 17, 255, 161, 74, 237, 16, 81, 1, 0, 99, 0, 2, 166, 0, 0, 6, 6, 198]
1542877096774;[171, 0, 17, 255, 161, 74, 237, 16, 81, 0, 0, 200, 0, 1, 176, 0, 0, 3, 6, 102]
1542877096778;[171, 0, 17, 255, 161, 74, 237, 16, 81, 1, 0, 39, 0, 1, 14, 1, 0, 44, 5, 247]
1542877096942;[171, 0, 17, 255, 161, 74, 237, 16, 81, 0, 0, 26, 0, 1, 18, 1, 0, 37, 5, 219]
1542877096946;[171, 0, 17, 255, 161, 74, 237, 16, 81, 0, 0, 3, 0, 0, 235, 1, 0, 72, 5, 227]
1542877097114;[171, 0, 17, 255, 161, 74, 237, 16, 82, 0, 0, 43, 0, 1, 97, 0, 0, 0, 5, 234]
1542877097462;[171, 0, 17, 255, 161, 74, 237, 16, 82, 0, 0, 40, 0, 2, 43, 1, 0, 5, 6, 9]
1542877097465;[171, 0, 4, 255, 132, 128, 131]
1542877097493;[171, 0, 17, 255, 161, 74, 237, 16, 82, 0, 0, 200, 0, 0, 33, 1, 0, 106, 5, 116]
1542877097495;[171, 0, 17, 255, 161, 74, 237, 16, 82, 0, 0, 95, 0, 0, 160, 1, 0, 7, 5, 114]
1542877097632;[171, 0, 17, 255, 161, 74, 237, 16, 82, 1, 1, 207, 0, 2, 125, 1, 0, 172, 5, 84]
1542877097636;[171, 0, 17, 255, 161, 74, 237, 16, 82, 1, 1, 214, 0, 3, 62, 0, 2, 14, 4, 244]
1542877097804;[171, 0, 17, 255, 161, 74, 237, 16, 82, 1, 0, 22, 0, 1, 78, 1, 0, 84, 4, 244]
1542877097977;[171, 0, 17, 255, 161, 74, 237, 16, 82, 1, 0, 54, 0, 1, 4, 1, 0, 53, 5, 108]
1542877097983;[171, 0, 17, 255, 161, 74, 237, 16, 82, 1, 0, 8, 0, 1, 46, 1, 0, 33, 5, 206]
1542877098149;[171, 0, 17, 255, 161, 74, 237, 16, 82, 0, 0, 102, 0, 1, 164, 1, 0, 13, 5, 171]
1542877098153;[171, 0, 17, 255, 161, 74, 237, 16, 83, 1, 0, 68, 0, 0, 232, 1, 0, 99, 5, 127]
1542877098322;[171, 0, 17, 255, 161, 74, 237, 16, 83, 0, 0, 1, 0, 0, 90, 1, 0, 36, 5, 31]
1542877098326;[171, 0, 4, 255, 132, 128, 131]
1542877098841;[171, 0, 17, 255, 161, 74, 237, 16, 83, 1, 0, 4, 0, 0, 223, 1, 0, 95, 5, 9]
1542877098845;[171, 0, 17, 255, 161, 74, 237, 16, 83, 1, 1, 47, 0, 1, 205, 1, 0, 167, 4, 169]
1542877098849;[171, 0, 17, 255, 161, 74, 237, 16, 83, 1, 0, 61, 0, 0, 52, 1, 0, 126, 4, 112]
1542877098853;[171, 0, 17, 255, 161, 74, 237, 16, 83, 0, 0, 21, 0, 1, 2, 0, 0, 14, 4, 149]
1542877099012;[171, 0, 17, 255, 161, 74, 237, 16, 83, 0, 0, 10, 0, 1, 23, 1, 0, 26, 4, 247]
1542877099017;[171, 0, 17, 255, 161, 74, 237, 16, 83, 0, 0, 22, 0, 1, 67, 1, 0, 27, 5, 112]
1542877099184;[171, 0, 17, 255, 161, 74, 237, 16, 83, 1, 0, 10, 0, 1, 182, 1, 0, 69, 5, 126]
1542877099188;[171, 0, 17, 255, 161, 74, 237, 16, 83, 0, 0, 90, 0, 0, 122, 1, 0, 9, 5, 15]
1542877099356;[171, 0, 17, 255, 161, 74, 237, 16, 84, 0, 0, 45, 0, 0, 223, 1, 0, 4, 5, 28]
1542877099528;[171, 0, 17, 255, 161, 74, 237, 16, 86, 1, 0, 41, 0, 1, 13, 0, 0, 18, 7, 251]
1542877099532;[171, 0, 17, 255, 161, 74, 237, 16, 86, 1, 0, 40, 0, 1, 12, 0, 0, 10, 7, 249]
1542877099701;[171, 0, 17, 255, 161, 74, 237, 16, 86, 1, 0, 43, 0, 1, 11, 0, 0, 15, 8, 33]
1542877100047;[171, 0, 17, 255, 161, 74, 237, 16, 86, 1, 0, 44, 0, 1, 10, 0, 0, 17, 8, 6]
1542877100051;[171, 0, 17, 255, 161, 74, 237, 16, 86, 1, 0, 44, 0, 1, 11, 0, 0, 15, 7, 201]
1542877100055;[171, 0, 17, 255, 161, 74, 237, 16, 86, 1, 0, 48, 0, 1, 9, 0, 0, 21, 7, 172]
1542877100219;[171, 0, 17, 255, 161, 74, 237, 16, 86, 1, 0, 55, 0, 1, 10, 0, 0, 20, 7, 164]
1542877100393;[171, 0, 17, 255, 161, 74, 237, 16, 86, 1, 0, 50, 0, 1, 6, 0, 0, 17, 7, 167]
1542877100397;[171, 0, 17, 255, 161, 74, 237, 16, 87, 1, 0, 73, 0, 1, 9, 0, 0, 8, 7, 210]
1542877100739;[171, 0, 17, 255, 161, 74, 237, 16, 87, 1, 0, 59, 0, 1, 19, 0, 0, 39, 8, 30]
1542877100743;[171, 0, 4, 255, 132, 128, 132]
1542877100771;[171, 0, 17, 255, 161, 74, 237, 16, 87, 1, 0, 74, 0, 1, 9, 0, 0, 57, 8, 11]
1542877100775;[171, 0, 17, 255, 161, 74, 237, 16, 87, 1, 0, 67, 0, 1, 8, 0, 0, 41, 7, 211]
1542877100910;[171, 0, 17, 255, 161, 74, 237, 16, 87, 1, 0, 65, 0, 1, 1, 0, 0, 14, 8, 11]
1542877101428;[171, 0, 17, 255, 161, 74, 237, 16, 87, 1, 0, 50, 0, 1, 6, 0, 0, 11, 8, 75]
1542877101432;[171, 0, 17, 255, 161, 74, 237, 16, 87, 1, 0, 44, 0, 1, 7, 0, 0, 1, 8, 104]
1542877101436;[171, 0, 17, 255, 161, 74, 237, 16, 87, 0, 0, 63, 0, 1, 87, 1, 0, 17, 8, 74]
1542877101440;[171, 0, 17, 255, 161, 74, 237, 16, 87, 0, 0, 97, 0, 1, 57, 1, 0, 27, 8, 93]
1542877101600;[171, 0, 17, 255, 161, 74, 237, 16, 87, 0, 0, 207, 0, 0, 20, 1, 0, 35, 8, 97]
1542877101604;[171, 0, 17, 255, 161, 74, 237, 16, 88, 1, 8, 0, 0, 7, 184, 1, 0, 46, 8, 118]
1542877101609;[171, 0, 17, 255, 161, 74, 237, 16, 88, 1, 0, 77, 0, 1, 75, 1, 0, 46, 8, 174]
1542877101772;[171, 0, 4, 255, 132, 128, 132]
1542877101799;[171, 0, 17, 255, 161, 74, 237, 16, 88, 1, 0, 31, 0, 1, 18, 1, 0, 11, 8, 240]
1542877102635;[171, 0, 17, 255, 161, 74, 237, 16, 88, 1, 0, 3, 0, 1, 5, 1, 0, 8, 8, 232]
1542877102639;[171, 0, 17, 255, 161, 74, 237, 16, 88, 1, 0, 70, 0, 1, 5, 1, 0, 8, 9, 43]
1542877102643;[171, 0, 17, 255, 161, 74, 237, 16, 88, 0, 0, 7, 0, 1, 67, 1, 0, 18, 9, 140]
1542877102647;[171, 0, 17, 255, 161, 74, 237, 16, 88, 1, 0, 36, 0, 1, 108, 1, 0, 116, 9, 190]
1542877102808;[171, 0, 17, 255, 161, 74, 237, 16, 88, 1, 0, 24, 0, 0, 186, 0, 0, 14, 9, 98]
1542877102811;[171, 0, 17, 255, 161, 74, 237, 16, 88, 0, 0, 78, 0, 0, 224, 0, 0, 31, 9, 112]
1542877102816;[171, 0, 17, 255, 161, 74, 237, 16, 88, 1, 0, 161, 0, 1, 248, 0, 0, 33, 9, 165]
1542877102820;[171, 0, 17, 255, 161, 74, 237, 16, 89, 1, 0, 114, 0, 1, 90, 1, 0, 124, 9, 205]
1542877102979;[171, 0, 17, 255, 161, 74, 237, 16, 89, 1, 0, 76, 0, 0, 155, 0, 1, 45, 9, 111]
1542877102983;[171, 0, 4, 255, 132, 128, 132]
1542877103151;[171, 0, 17, 255, 161, 74, 237, 16, 89, 0, 0, 5, 0, 0, 254, 1, 0, 36, 9, 227]
1542877103155;[171, 0, 17, 255, 161, 74, 237, 16, 89, 0, 0, 16, 0, 1, 13, 1, 0, 26, 10, 19]
1542877103324;[171, 0, 17, 255, 161, 74, 237, 16, 89, 0, 0, 11, 0, 1, 23, 1, 0, 16, 10, 136]
1542877103327;[171, 0, 17, 255, 161, 74, 237, 16, 89, 0, 0, 52, 0, 1, 141, 1, 0, 19, 10, 179]
1542877103497;[171, 0, 17, 255, 161, 74, 237, 16, 89, 0, 0, 127, 0, 1, 196, 1, 0, 80, 10, 162]
1542877104018;[171, 0, 17, 255, 161, 74, 237, 16, 89, 0, 0, 119, 0, 0, 110, 0, 0, 24, 10, 32]
1542877104022;[171, 0, 17, 255, 161, 74, 237, 16, 89, 1, 0, 62, 0, 1, 38, 0, 0, 35, 10, 63]
1542877104026;[171, 0, 17, 255, 161, 74, 237, 16, 89, 1, 0, 176, 0, 1, 237, 0, 0, 69, 10, 96]
1542877104031;[171, 0, 17, 255, 161, 74, 237, 16, 90, 0, 1, 158, 0, 1, 61, 1, 0, 91, 10, 114]
1542877104188;[171, 0, 17, 255, 161, 74, 237, 16, 90, 0, 1, 59, 0, 1, 172, 0, 0, 4, 9, 242]
1542877104192;[171, 0, 4, 255, 132, 128, 132]
1542877104219;[171, 0, 17, 255, 161, 74, 237, 16, 90, 0, 0, 1, 0, 1, 14, 0, 0, 10, 9, 203]
1542877104360;[171, 0, 17, 255, 161, 74, 237, 16, 90, 0, 0, 6, 0, 1, 17, 1, 0, 14, 10, 15]
1542877104364;[171, 0, 17, 255, 161, 74, 237, 16, 90, 0, 0, 42, 0, 1, 82, 1, 0, 27, 10, 188]
1542877104533;[171, 0, 17, 255, 161, 74, 237, 16, 90, 0, 0, 129, 0, 1, 104, 1, 0, 11, 11, 23]
1542877104536;[171, 0, 17, 255, 161, 74, 237, 16, 90, 1, 1, 12, 0, 1, 63, 1, 0, 159, 11, 32]
1542877104704;[171, 0, 17, 255, 161, 74, 237, 16, 90, 0, 0, 101, 0, 0, 144, 1, 0, 100, 10, 216]
1542877104877;[171, 0, 17, 255, 161, 74, 237, 16, 90, 0, 0, 89, 0, 0, 229, 0, 0, 44, 10, 233]
1542877104881;[171, 0, 17, 255, 161, 74, 237, 16, 90, 1, 0, 166, 0, 2, 205, 1, 0, 202, 10, 207]
1542877105223;[171, 0, 17, 255, 161, 74, 237, 16, 91, 0, 0, 26, 0, 0, 155, 1, 0, 61, 10, 157]
1542877105227;[171, 0, 17, 255, 161, 74, 237, 16, 91, 1, 0, 17, 0, 0, 134, 1, 0, 106, 10, 59]
1542877105230;[171, 0, 4, 255, 132, 128, 132]
1542877105258;[171, 0, 17, 255, 161, 74, 237, 16, 91, 0, 0, 73, 0, 1, 15, 1, 0, 39, 10, 54]
1542877105394;[171, 0, 17, 255, 161, 74, 237, 16, 91, 0, 0, 9, 0, 1, 13, 1, 0, 72, 10, 144]
1542877105566;[171, 0, 17, 255, 161, 74, 237, 16, 91, 0, 0, 38, 0, 1, 89, 1, 0, 47, 10, 205]
1542877105570;[171, 0, 17, 255, 161, 74, 237, 16, 91, 0, 0, 231, 0, 1, 253, 1, 0, 36, 10, 195]
1542877105740;[171, 0, 17, 255, 161, 74, 237, 16, 91, 0, 0, 72, 0, 0, 145, 1, 1, 161, 9, 180]
1542877105744;[171, 0, 17, 255, 161, 74, 237, 16, 91, 0, 0, 12, 0, 1, 35, 1, 0, 46, 10, 6]
1542877105912;[171, 0, 17, 255, 161, 74, 237, 16, 91, 1, 1, 23, 0, 2, 38, 1, 0, 176, 10, 51]
1542877106084;[171, 0, 17, 255, 161, 74, 237, 16, 91, 0, 0, 117, 0, 0, 79, 1, 0, 28, 9, 189]
1542877106088;[171, 0, 17, 255, 161, 74, 237, 16, 92, 0, 0, 17, 0, 1, 30, 1, 0, 39, 9, 197]
1542877106429;[171, 0, 17, 255, 161, 74, 237, 16, 92, 1, 0, 67, 0, 0, 231, 1, 0, 28, 9, 133]
1542877106431;[171, 0, 4, 255, 132, 128, 131]
1542877106454;[171, 0, 17, 255, 161, 74, 237, 16, 92, 0, 0, 13, 0, 1, 40, 1, 0, 43, 9, 146]
1542877106455;[171, 0, 17, 255, 161, 74, 237, 16, 92, 0, 0, 42, 0, 1, 119, 1, 0, 21, 9, 199]
1542877106601;[171, 0, 17, 255, 161, 74, 237, 16, 92, 0, 0, 108, 0, 1, 119, 1, 0, 79, 9, 145]
1542877106773;[171, 0, 17, 255, 161, 74, 237, 16, 92, 0, 0, 141, 0, 0, 104, 1, 0, 17, 8, 233]
1542877106778;[171, 0, 17, 255, 161, 74, 237, 16, 92, 0, 0, 36, 0, 1, 1, 0, 0, 37, 9, 44]
1542877106946;[171, 0, 17, 255, 161, 74, 237, 16, 92, 1, 1, 252, 0, 2, 112, 1, 0, 107, 9, 63]
1542877106950;[171, 0, 17, 255, 161, 74, 237, 16, 92, 0, 1, 113, 0, 2, 2, 1, 0, 201, 8, 197]
1542877107119;[171, 0, 17, 255, 161, 74, 237, 16, 92, 0, 0, 21, 0, 1, 19, 1, 0, 17, 8, 236]
1542877107292;[171, 0, 17, 255, 161, 74, 237, 16, 93, 1, 0, 56, 0, 1, 58, 1, 0, 10, 8, 234]
1542877107296;[171, 0, 17, 255, 161, 74, 237, 16, 93, 1, 0, 15, 0, 1, 57, 1, 0, 5, 8, 230]
1542877107811;[171, 0, 4, 255, 132, 128, 130]
1542877107838;[171, 0, 17, 255, 161, 74, 237, 16, 93, 0, 0, 162, 0, 1, 107, 0, 0, 9, 9, 31]
1542877107840;[171, 0, 17, 255, 161, 74, 237, 16, 93, 1, 0, 99, 0, 1, 67, 1, 0, 162, 8, 147]
1542877107842;[171, 0, 17, 255, 161, 74, 237, 16, 93, 0, 0, 14, 0, 0, 82, 1, 0, 74, 8, 149]
1542877107982;[171, 0, 17, 255, 161, 74, 237, 16, 93, 0, 0, 26, 0, 1, 138, 1, 0, 112, 8, 125]
1542877107986;[171, 0, 17, 255, 161, 74, 237, 16, 93, 1, 1, 225, 0, 0, 208, 1, 0, 156, 8, 56]
1542877107990;[171, 0, 17, 255, 161, 74, 237, 16, 93, 0, 0, 12, 0, 0, 163, 1, 0, 149, 7, 182]
1542877108155;[171, 0, 17, 255, 161, 74, 237, 16, 93, 0, 0, 19, 0, 1, 1, 1, 0, 26, 7, 151]
1542877108159;[171, 0, 17, 255, 161, 74, 237, 16, 93, 1, 0, 42, 0, 0, 252, 1, 0, 4, 7, 109]
1542877108328;[171, 0, 17, 255, 161, 74, 237, 16, 94, 0, 0, 92, 0, 1, 103, 0, 0, 14, 7, 143]
1542877108332;[171, 0, 17, 255, 161, 74, 237, 16, 94, 0, 0, 133, 0, 1, 33, 1, 0, 20, 7, 130]
1542877108525;[171, 0, 4, 255, 132, 128, 130]
1542877109020;[171, 0, 17, 255, 161, 74, 237, 16, 94, 0, 0, 86, 0, 0, 41, 1, 0, 35, 7, 30]
1542877109022;[171, 0, 17, 255, 161, 74, 237, 16, 94, 0, 0, 41, 0, 1, 26, 0, 0, 68, 7, 27]
1542877109026;[171, 0, 17, 255, 161, 74, 237, 16, 94, 1, 0, 170, 0, 3, 156, 0, 0, 12, 6, 249]
1542877109191;[171, 0, 17, 255, 161, 74, 237, 16, 94, 1, 0, 35, 0, 1, 192, 1, 1, 145, 6, 174]
1542877109195;[171, 0, 17, 255, 161, 74, 237, 16, 94, 0, 0, 19, 0, 0, 244, 0, 0, 31, 6, 227]
1542877109199;[171, 0, 17, 255, 161, 74, 237, 16, 94, 0, 0, 7, 0, 1, 10, 1, 0, 5, 7, 1]
1542877109363;[171, 0, 17, 255, 161, 74, 237, 16, 94, 0, 0, 4, 0, 1, 35, 1, 0, 17, 6, 231]
1542877109367;[171, 0, 17, 255, 161, 74, 237, 16, 94, 0, 0, 42, 0, 1, 93, 1, 0, 14, 6, 237]
1542877109371;[171, 0, 17, 255, 161, 74, 237, 16, 95, 0, 0, 180, 0, 1, 249, 1, 0, 153, 7, 17]
1542877109534;[171, 0, 17, 255, 161, 74, 237, 16, 95, 0, 0, 115, 0, 0, 126, 1, 0, 89, 6, 102]
1542877109538;[171, 0, 4, 255, 132, 128, 129]
1542877109707;[171, 0, 17, 255, 161, 74, 237, 16, 95, 0, 0, 37, 0, 0, 165, 0, 0, 8, 6, 106]
1542877109879;[171, 0, 17, 255, 161, 74, 237, 16, 95, 1, 0, 161, 0, 3, 49, 1, 0, 35, 6, 67]
1542877109883;[171, 0, 17, 255, 161, 74, 237, 16, 95, 0, 0, 60, 0, 1, 126, 0, 0, 96, 6, 24]
1542877110398;[171, 0, 17, 255, 161, 74, 237, 16, 95, 1, 0, 14, 0, 0, 251, 1, 0, 89, 5, 203]
1542877110402;[171, 0, 17, 255, 161, 74, 237, 16, 95, 0, 0, 24, 0, 1, 6, 1, 0, 50, 5, 175]
1542877110406;[171, 0, 17, 255, 161, 74, 237, 16, 95, 0, 0, 9, 0, 1, 2, 1, 0, 55, 5, 155]
1542877110410;[171, 0, 17, 255, 161, 74, 237, 16, 95, 0, 0, 12, 0, 1, 36, 1, 0, 39, 5, 200]
1542877110570;[171, 0, 17, 255, 161, 74, 237, 16, 95, 0, 0, 17, 0, 1, 71, 1, 0, 20, 5, 201]
1542877110574;[171, 0, 17, 255, 161, 74, 237, 16, 96, 0, 0, 98, 0, 1, 181, 1, 0, 9, 5, 148]
1542877110578;[171, 0, 17, 255, 161, 74, 237, 16, 96, 1, 0, 175, 0, 0, 167, 1, 0, 43, 4, 199]
1542877110741;[171, 0, 4, 255, 132, 128, 128]
1542877110770;[171, 0, 17, 255, 161, 74, 237, 16, 96, 1, 0, 32, 0, 0, 195, 0, 0, 30, 4, 238]
1542877110914;[171, 0, 17, 255, 161, 74, 237, 16, 96, 1, 0, 136, 0, 1, 194, 0, 0, 25, 5, 4]
1542877111087;[171, 0, 17, 255, 161, 74, 237, 16, 96, 0, 3, 7, 0, 3, 103, 1, 0, 51, 4, 207]
1542877111091;[171, 0, 17, 255, 161, 74, 237, 16, 96, 0, 0, 17, 0, 0, 254, 1, 0, 123, 4, 182]
1542877111260;[171, 0, 17, 255, 161, 74, 237, 16, 96, 0, 0, 24, 0, 1, 8, 1, 0, 43, 4, 234]
1542877111263;[171, 0, 17, 255, 161, 74, 237, 16, 96, 1, 0, 34, 0, 1, 22, 0, 0, 23, 5, 84]
1542877111605;[171, 0, 17, 255, 161, 74, 237, 16, 96, 0, 0, 60, 0, 1, 96, 0, 0, 19, 5, 121]
1542877111609;[171, 0, 17, 255, 161, 74, 237, 16, 96, 0, 0, 136, 0, 1, 68, 1, 0, 12, 5, 92]
1542877111613;[171, 0, 17, 255, 161, 74, 237, 16, 97, 0, 0, 138, 0, 0, 96, 0, 0, 18, 4, 139]
1542877111776;[171, 0, 17, 255, 161, 74, 237, 16, 97, 1, 0, 15, 0, 1, 106, 0, 0, 47, 4, 232]
1542877111780;[171, 0, 4, 255, 132, 128, 128]
1542877111950;[171, 0, 17, 255, 161, 74, 237, 16, 97, 0, 0, 171, 0, 1, 153, 1, 0, 109, 4, 207]
1542877111954;[171, 0, 17, 255, 161, 74, 237, 16, 97, 1, 0, 11, 0, 0, 76, 1, 1, 23, 4, 235]
1542877112121;[171, 0, 17, 255, 161, 74, 237, 16, 97, 0, 1, 128, 0, 0, 214, 0, 1, 128, 4, 245]
1542877112125;[171, 0, 17, 255, 161, 74, 237, 16, 97, 0, 0, 14, 0, 1, 43, 1, 0, 60, 5, 18]
1542877112294;[171, 0, 17, 255, 161, 74, 237, 16, 97, 0, 0, 19, 0, 1, 0, 0, 0, 16, 5, 36]
1542877112466;[171, 0, 17, 255, 161, 74, 237, 16, 97, 0, 0, 25, 0, 1, 13, 1, 0, 9, 5, 36]
1542877112470;[171, 0, 17, 255, 161, 74, 237, 16, 97, 0, 0, 46, 0, 1, 10, 1, 0, 15, 5, 51]
1542877112813;[171, 0, 17, 255, 161, 74, 237, 16, 97, 0, 0, 52, 0, 1, 3, 1, 0, 43, 5, 126]
1542877112817;[171, 0, 17, 255, 161, 74, 237, 16, 98, 1, 0, 5, 0, 1, 68, 1, 0, 40, 5, 158]
1542877112821;[171, 0, 17, 255, 161, 74, 237, 16, 98, 1, 1, 44, 0, 1, 140, 0, 0, 49, 5, 56]
1542877112983;[171, 0, 4, 255, 132, 128, 127]
1542877113158;[171, 0, 17, 255, 161, 74, 237, 16, 98, 1, 0, 87, 0, 1, 104, 1, 0, 37, 5, 45]
1542877113162;[171, 0, 17, 255, 161, 74, 237, 16, 98, 0, 0, 27, 0, 0, 61, 0, 0, 32, 5, 39]
1542877113166;[171, 0, 17, 255, 161, 74, 237, 16, 98, 0, 3, 56, 0, 1, 37, 1, 0, 6, 5, 115]
1542877113329;[171, 0, 17, 255, 161, 74, 237, 16, 98, 0, 0, 124, 0, 1, 50, 0, 1, 180, 5, 36]
1542877113333;[171, 0, 17, 255, 161, 74, 237, 16, 98, 0, 0, 15, 0, 1, 51, 1, 0, 1, 5, 89]
1542877113501;[171, 0, 17, 255, 161, 74, 237, 16, 98, 0, 0, 44, 0, 1, 9, 1, 0, 41, 5, 13]
1542877113755;[171, 0, 17, 255, 161, 74, 237, 16, 98, 0, 0, 21, 0, 1, 21, 1, 0, 21, 4, 219]
1542877113757;[171, 0, 17, 255, 161, 74, 237, 16, 98, 0, 0, 77, 0, 0, 248, 1, 0, 29, 4, 210]
1542877114539;[171, 0, 17, 255, 161, 74, 237, 16, 99, 0, 0, 137, 0, 1, 62, 1, 0, 34, 4, 167]
1542877114543;[171, 0, 17, 255, 161, 74, 237, 16, 99, 1, 0, 60, 0, 1, 103, 0, 0, 25, 4, 186]
1542877114547;[171, 0, 4, 255, 132, 128, 126]
1542877114575;[171, 0, 17, 255, 161, 74, 237, 16, 99, 1, 0, 3, 0, 0, 187, 1, 0, 8, 4, 209]
1542877114712;[171, 0, 17, 255, 161, 74, 237, 16, 99, 0, 0, 74, 0, 1, 97, 1, 0, 54, 4, 244]
1542877114716;[171, 0, 17, 255, 161, 74, 237, 16, 99, 0, 1, 26, 0, 0, 159, 1, 0, 146, 4, 255]
1542877114721;[171, 0, 17, 255, 161, 74, 237, 16, 99, 1, 0, 130, 0, 0, 107, 1, 1, 250, 4, 217]
1542877114725;[171, 0, 17, 255, 161, 74, 237, 16, 99, 1, 0, 11, 0, 1, 23, 0, 0, 17, 4, 197]
1542877114882;[171, 0, 17, 255, 161, 74, 237, 16, 99, 0, 0, 29, 0, 0, 245, 1, 0, 113, 4, 183]
1542877114886;[171, 0, 17, 255, 161, 74, 237, 16, 99, 0, 0, 62, 0, 1, 43, 1, 0, 94, 4, 162]
1542877114890;[171, 0, 17, 255, 161, 74, 237, 16, 99, 0, 0, 39, 0, 0, 244, 1, 0, 107, 4, 132]
1542877115054;[171, 0, 17, 255, 161, 74, 237, 16, 100, 0, 0, 27, 0, 1, 27, 1, 0, 116, 4, 144]
1542877115058;[171, 0, 17, 255, 161, 74, 237, 16, 100, 0, 0, 91, 0, 1, 110, 1, 0, 6, 4, 166]
1542877115400;[171, 0, 4, 255, 132, 128, 126]
1542877115428;[171, 0, 17, 255, 161, 74, 237, 16, 100, 0, 1, 113, 0, 1, 53, 1, 1, 139, 4, 65]
1542877115431;[171, 0, 17, 255, 161, 74, 237, 16, 100, 0, 0, 128, 0, 0, 72, 0, 0, 91, 4, 186]
1542877115573;[171, 0, 17, 255, 161, 74, 237, 16, 100, 1, 1, 50, 0, 2, 21, 1, 0, 76, 4, 252]
1542877115577;[171, 0, 17, 255, 161, 74, 237, 16, 100, 1, 0, 146, 0, 0, 64, 1, 1, 252, 4, 185]
1542877115745;[171, 0, 17, 255, 161, 74, 237, 16, 100, 1, 0, 10, 0, 0, 254, 1, 0, 35, 5, 19]
1542877115749;[171, 0, 17, 255, 161, 74, 237, 16, 100, 1, 0, 65, 0, 0, 201, 1, 0, 48, 5, 82]
1542877115916;[171, 0, 17, 255, 161, 74, 237, 16, 100, 0, 0, 130, 0, 1, 121, 0, 0, 14, 5, 224]
1542877116265;[171, 0, 17, 255, 161, 74, 237, 16, 100, 1, 0, 27, 0, 1, 237, 1, 0, 107, 6, 47]
1542877116269;[171, 0, 17, 255, 161, 74, 237, 16, 101, 0, 0, 48, 0, 0, 58, 1, 0, 73, 5, 187]
1542877116273;[171, 0, 17, 255, 161, 74, 237, 16, 101, 1, 0, 150, 0, 1, 88, 1, 0, 45, 6, 36]
1542877116277;[171, 0, 4, 255, 132, 128, 125]
1542877116432;[171, 0, 17, 255, 161, 74, 237, 16, 101, 1, 1, 160, 0, 1, 53, 1, 0, 179, 6, 42]
1542877116437;[171, 0, 17, 255, 161, 74, 237, 16, 101, 1, 0, 51, 1, 0, 31, 0, 1, 93, 6, 7]
1542877116780;[171, 0, 17, 255, 161, 74, 237, 16, 101, 0, 0, 33, 0, 0, 251, 1, 0, 17, 6, 113]
1542877116784;[171, 0, 17, 255, 161, 74, 237, 16, 101, 0, 0, 6, 0, 1, 32, 1, 0, 22, 6, 213]
1542877116788;[171, 0, 17, 255, 161, 74, 237, 16, 101, 0, 0, 91, 0, 1, 120, 0, 0, 4, 7, 167]
1542877116953;[171, 0, 17, 255, 161, 74, 237, 16, 101, 0, 0, 174, 0, 1, 95, 1, 0, 41, 8, 14]
1542877116957;[171, 0, 17, 255, 161, 74, 237, 16, 101, 0, 0, 106, 0, 0, 137, 0, 0, 26, 7, 104]
1542877117124;[171, 0, 17, 255, 161, 74, 237, 16, 101, 0, 0, 48, 0, 0, 149, 1, 0, 14, 7, 124]
1542877117127;[171, 0, 17, 255, 161, 74, 237, 16, 102, 1, 0, 210, 0, 3, 14, 1, 0, 89, 7, 158]
1542877117296;[171, 0, 17, 255, 161, 74, 237, 16, 102, 1, 0, 45, 0, 0, 180, 0, 0, 166, 7, 74]
1542877117469;[171, 0, 4, 255, 132, 128, 125]
1542877117496;[171, 0, 17, 255, 161, 74, 237, 16, 102, 1, 0, 27, 0, 0, 245, 1, 0, 2, 8, 25]
1542877117988;[171, 0, 17, 255, 161, 74, 237, 16, 102, 0, 0, 18, 0, 1, 35, 1, 0, 17, 8, 70]
1542877117991;[171, 0, 17, 255, 161, 74, 237, 16, 102, 0, 0, 103, 0, 1, 199, 0, 0, 59, 8, 175]
1542877117996;[171, 0, 17, 255, 161, 74, 237, 16, 102, 1, 2, 24, 0, 1, 186, 1, 0, 49, 8, 249]
1542877118000;[171, 0, 17, 255, 161, 74, 237, 16, 102, 0, 0, 146, 0, 0, 76, 1, 0, 54, 8, 242]
1542877118332;[171, 0, 17, 255, 161, 74, 237, 16, 102, 1, 3, 190, 0, 2, 211, 1, 0, 133, 8, 165]
1542877118336;[171, 0, 17, 255, 161, 74, 237, 16, 102, 1, 0, 27, 0, 0, 225, 0, 0, 102, 8, 88]
1542877118340;[171, 0, 17, 255, 161, 74, 237, 16, 102, 1, 0, 15, 0, 0, 220, 1, 0, 101, 8, 144]
1542877118345;[171, 0, 17, 255, 161, 74, 237, 16, 103, 0, 0, 59, 0, 1, 50, 1, 0, 19, 8, 220]
1542877118678;[171, 0, 17, 255, 161, 74, 237, 16, 105, 1, 0, 10, 0, 1, 13, 1, 0, 49, 9, 85]
1542877118682;[171, 0, 17, 255, 161, 74, 237, 16, 105, 1, 0, 10, 0, 2, 33, 1, 0, 100, 9, 145]
1542877118686;[171, 0, 17, 255, 161, 74, 237, 16, 105, 0, 0, 84, 0, 0, 141, 1, 0, 119, 9, 44]
1542877118849;[171, 0, 17, 255, 161, 74, 237, 16, 105, 0, 0, 1, 0, 0, 230, 0, 0, 82, 9, 45]
1542877119368;[171, 0, 17, 255, 161, 74, 237, 16, 105, 1, 1, 118, 0, 2, 151, 1, 0, 98, 8, 250]
1542877119372;[171, 0, 17, 255, 161, 74, 237, 16, 105, 1, 0, 250, 0, 1, 210, 0, 1, 208, 8, 137]
1542877119541;[171, 0, 17, 255, 161, 74, 237, 16, 105, 1, 0, 3, 0, 1, 28, 1, 0, 12, 8, 211]
1542877119546;[171, 0, 17, 255, 161, 74, 237, 16, 105, 0, 0, 45, 0, 1, 58, 1, 0, 35, 8, 190]
1542877119550;[171, 0, 17, 255, 161, 74, 237, 16, 106, 1, 0, 41, 0, 1, 49, 1, 0, 21, 8, 190]
1542877119555;[171, 0, 17, 255, 161, 74, 237, 16, 106, 0, 0, 175, 0, 1, 169, 1, 0, 36, 8, 224]
1542877119711;[171, 0, 4, 255, 132, 128, 124]
1542877119740;[171, 0, 17, 255, 161, 74, 237, 16, 106, 1, 2, 4, 0, 0, 51, 1, 0, 49, 8, 99]
1542877119884;[171, 0, 17, 255, 161, 74, 237, 16, 106, 0, 0, 48, 0, 0, 163, 1, 0, 26, 8, 115]
1542877119888;[171, 0, 17, 255, 161, 74, 237, 16, 106, 1, 0, 2, 0, 2, 28, 1, 0, 13, 8, 96]
1542877120071;[171, 0, 17, 255, 161, 74, 237, 16, 106, 0, 0, 62, 0, 0, 179, 1, 0, 183, 8, 18]
1542877120074;[171, 0, 17, 255, 161, 74, 237, 16, 106, 1, 0, 82, 0, 0, 119, 0, 0, 7, 7, 215]
1542877120226;[171, 0, 17, 255, 161, 74, 237, 16, 106, 0, 0, 24, 0, 0, 227, 1, 0, 16, 7, 229]
1542877120228;[171, 0, 17, 255, 161, 74, 237, 16, 106, 0, 0, 40, 0, 1, 22, 1, 0, 21, 7, 250]
1542877120748;[171, 0, 17, 255, 161, 74, 237, 16, 106, 0, 0, 41, 0, 1, 79, 1, 0, 41, 8, 19]
1542877120753;[171, 0, 17, 255, 161, 74, 237, 16, 107, 0, 0, 91, 0, 1, 107, 1, 0, 55, 7, 185]
1542877120756;[171, 0, 17, 255, 161, 74, 237, 16, 107, 1, 0, 27, 0, 0, 185, 1, 0, 213, 7, 52]
1542877120760;[171, 0, 4, 255, 132, 128, 124]
1542877120920;[171, 0, 17, 255, 161, 74, 237, 16, 107, 0, 0, 69, 0, 0, 114, 1, 0, 67, 7, 9]
1542877120924;[171, 0, 17, 255, 161, 74, 237, 16, 107, 0, 0, 54, 0, 1, 108, 1, 0, 7, 6, 245]
1542877121092;[171, 0, 17, 255, 161, 74, 237, 16, 107, 1, 3, 215, 0, 0, 201, 1, 0, 20, 6, 174]
1542877121096;[171, 0, 17, 255, 161, 74, 237, 16, 107, 0, 0, 5, 0, 1, 36, 1, 0, 179, 6, 134]
1542877121264;[171, 0, 17, 255, 161, 74, 237, 16, 107, 0, 0, 65, 0, 1, 39, 1, 0, 45, 6, 78]
1542877121435;[171, 0, 17, 255, 161, 74, 237, 16, 107, 1, 0, 97, 0, 0, 217, 1, 0, 23, 6, 36]
1542877121438;[171, 0, 17, 255, 161, 74, 237, 16, 107, 0, 0, 88, 0, 1, 131, 1, 0, 32, 6, 17]
1542877121441;[171, 0, 17, 255, 161, 74, 237, 16, 107, 0, 0, 80, 0, 1, 166, 1, 0, 153, 6, 0]
1542877121783;[171, 0, 17, 255, 161, 74, 237, 16, 108, 0, 0, 135, 0, 0, 13, 1, 0, 66, 5, 141]
1542877121786;[171, 0, 17, 255, 161, 74, 237, 16, 108, 0, 0, 0, 0, 0, 243, 1, 0, 11, 5, 168]
1542877121790;[171, 0, 4, 255, 132, 128, 124]
1542877121956;[171, 0, 17, 255, 161, 74, 237, 16, 108, 1, 2, 95, 0, 2, 253, 1, 0, 225, 5, 86]
1542877121960;[171, 0, 17, 255, 161, 74, 237, 16, 108, 1, 0, 103, 0, 3, 38, 1, 1, 145, 5, 19]
1542877122127;[171, 0, 17, 255, 161, 74, 237, 16, 108, 0, 0, 15, 0, 1, 69, 1, 0, 98, 5, 50]
1542877122131;[171, 0, 17, 255, 161, 74, 237, 16, 108, 0, 0, 49, 0, 1, 9, 1, 0, 39, 5, 75]
1542877122300;[171, 0, 17, 255, 161, 74, 237, 16, 108, 1, 0, 10, 0, 1, 40, 1, 0, 33, 5, 124]
1542877122644;[171, 0, 17, 255, 161, 74, 237, 16, 108, 0, 0, 141, 0, 1, 170, 1, 0, 35, 5, 97]
1542877122818;[171, 0, 17, 255, 161, 74, 237, 16, 108, 1, 1, 81, 0, 0, 209, 1, 0, 168, 4, 234]
1542877122822;[171, 0, 17, 255, 161, 74, 237, 16, 108, 0, 0, 0, 0, 0, 111, 1, 0, 66, 4, 235]
1542877122827;[171, 0, 17, 255, 161, 74, 237, 16, 109, 0, 0, 99, 0, 1, 120, 1, 0, 15, 4, 238]
1542877122830;[171, 0, 17, 255, 161, 74, 237, 16, 109, 1, 1, 26, 0, 1, 78, 1, 0, 152, 4, 186]
1542877123163;[171, 0, 4, 255, 132, 128, 123]
1542877123191;[171, 0, 17, 255, 161, 74, 237, 16, 109, 0, 2, 1, 0, 3, 135, 0, 0, 232, 4, 217]
1542877123193;[171, 0, 17, 255, 161, 74, 237, 16, 109, 0, 0, 26, 0, 1, 64, 1, 0, 166, 4, 182]
1542877123195;[171, 0, 17, 255, 161, 74, 237, 16, 109, 1, 0, 2, 0, 1, 9, 1, 0, 76, 4, 154]
1542877123335;[171, 0, 17, 255, 161, 74, 237, 16, 109, 0, 0, 19, 0, 1, 39, 1, 0, 34, 4, 184]
1542877123339;[171, 0, 17, 255, 161, 74, 237, 16, 109, 0, 0, 22, 0, 1, 95, 1, 0, 32, 4, 177]
1542877123506;[171, 0, 17, 255, 161, 74, 237, 16, 109, 0, 0, 197, 0, 1, 97, 1, 0, 91, 4, 143]
1542877123681;[171, 0, 17, 255, 161, 74, 237, 16, 109, 0, 0, 212, 0, 0, 196, 0, 0, 44, 4, 10]
1542877123684;[171, 0, 17, 255, 161, 74, 237, 16, 109, 0, 0, 60, 0, 0, 247, 0, 0, 26, 4, 93]
1542877123852;[171, 0, 17, 255, 161, 74, 237, 16, 110, 1, 0, 205, 0, 2, 98, 1, 0, 39, 4, 132]
1542877123856;[171, 0, 17, 255, 161, 74, 237, 16, 110, 0, 2, 87, 0, 1, 2, 0, 0, 165, 4, 136]
1542877124044;[171, 0, 4, 255, 132, 128, 123]
1542877124047;[171, 0, 17, 255, 161, 74, 237, 16, 110, 0, 0, 23, 0, 0, 246, 1, 0, 99, 4, 80]
1542877124371;[171, 0, 17, 255, 161, 74, 237, 16, 110, 0, 0, 18, 0, 0, 245, 1, 0, 43, 4, 124]
1542877124374;[171, 0, 17, 255, 161, 74, 237, 16, 110, 0, 0, 44, 0, 1, 15, 1, 0, 19, 4, 174]
1542877124379;[171, 0, 17, 255, 161, 74, 237, 16, 110, 0, 0, 49, 0, 1, 62, 1, 0, 16, 5, 7]
1542877124715;[171, 0, 17, 255, 161, 74, 237, 16, 110, 0, 0, 174, 0, 1, 167, 1, 0, 33, 5, 101]
1542877124719;[171, 0, 17, 255, 161, 74, 237, 16, 110, 1, 2, 147, 1, 0, 37, 0, 0, 55, 5, 99]
1542877124723;[171, 0, 17, 255, 161, 74, 237, 16, 110, 1, 2, 42, 0, 1, 86, 0, 0, 3, 5, 169]
1542877124887;[171, 0, 17, 255, 161, 74, 237, 16, 110, 0, 0, 43, 0, 1, 29, 1, 0, 69, 5, 15]
1542877124891;[171, 0, 17, 255, 161, 74, 237, 16, 111, 1, 1, 160, 0, 2, 34, 1, 0, 184, 5, 3]
1542877125233;[171, 0, 17, 255, 161, 74, 237, 16, 111, 0, 0, 209, 0, 0, 42, 0, 6, 196, 4, 245]
1542877125236;[171, 0, 4, 255, 132, 128, 123]
1542877125264;[171, 0, 17, 255, 161, 74, 237, 16, 111, 0, 0, 2, 0, 1, 38, 1, 0, 13, 5, 86]
1542877125266;[171, 0, 17, 255, 161, 74, 237, 16, 111, 1, 0, 32, 0, 1, 19, 1, 0, 23, 5, 86]
1542877125753;[171, 0, 17, 255, 161, 74, 237, 16, 111, 1, 0, 57, 0, 1, 36, 1, 0, 36, 5, 121]
1542877125757;[171, 0, 17, 255, 161, 74, 237, 16, 111, 0, 0, 214, 0, 1, 208, 1, 0, 63, 5, 250]
1542877125761;[171, 0, 17, 255, 161, 74, 237, 16, 111, 1, 0, 244, 0, 0, 183, 1, 1, 7, 5, 201]
1542877125766;[171, 0, 17, 255, 161, 74, 237, 16, 111, 1, 0, 5, 0, 0, 153, 1, 0, 37, 5, 202]
1542877126096;[171, 0, 17, 255, 161, 74, 237, 16, 111, 1, 0, 113, 0, 1, 240, 1, 0, 39, 6, 1]
1542877126100;[171, 0, 17, 255, 161, 74, 237, 16, 111, 1, 0, 246, 0, 0, 233, 1, 0, 179, 6, 38]
1542877126104;[171, 0, 17, 255, 161, 74, 237, 16, 112, 0, 0, 42, 0, 0, 104, 0, 1, 47, 6, 9]
1542877126108;[171, 0, 17, 255, 161, 74, 237, 16, 112, 0, 0, 116, 0, 0, 177, 1, 0, 13, 6, 55]
1542877126442;[171, 0, 4, 255, 132, 128, 123]
1542877126469;[171, 0, 17, 255, 161, 74, 237, 16, 112, 0, 0, 36, 0, 1, 42, 1, 0, 5, 6, 71]
1542877126471;[171, 0, 17, 255, 161, 74, 237, 16, 112, 0, 0, 79, 0, 1, 4, 1, 0, 50, 6, 214]
1542877126473;[171, 0, 17, 255, 161, 74, 237, 16, 112, 1, 0, 43, 0, 1, 49, 1, 0, 24, 7, 153]
1542877126611;[171, 0, 17, 255, 161, 74, 237, 16, 112, 0, 0, 62, 0, 1, 168, 0, 0, 16, 8, 48]
1542877126959;[171, 0, 17, 255, 161, 74, 237, 16, 112, 0, 0, 54, 0, 0, 255, 1, 0, 205, 8, 26]
1542877126962;[171, 0, 17, 255, 161, 74, 237, 16, 112, 1, 0, 6, 0, 0, 36, 0, 0, 7, 7, 176]
1542877126966;[171, 0, 17, 255, 161, 74, 237, 16, 112, 0, 0, 75, 0, 1, 72, 1, 0, 12, 8, 45]
1542877126970;[171, 0, 17, 255, 161, 74, 237, 16, 112, 1, 1, 208, 0, 1, 106, 1, 0, 167, 7, 246]
1542877127302;[171, 0, 17, 255, 161, 74, 237, 16, 113, 0, 0, 242, 0, 0, 244, 0, 0, 197, 8, 107]
1542877127307;[171, 0, 17, 255, 161, 74, 237, 16, 113, 0, 0, 31, 0, 0, 238, 1, 0, 20, 8, 189]
1542877127310;[171, 0, 4, 255, 132, 128, 123]
1542877127474;[171, 0, 17, 255, 161, 74, 237, 16, 113, 1, 0, 20, 0, 1, 17, 1, 0, 25, 9, 43]
1542877127478;[171, 0, 17, 255, 161, 74, 237, 16, 113, 0, 0, 15, 0, 1, 2, 1, 0, 94, 9, 134]
1542877127646;[171, 0, 17, 255, 161, 74, 237, 16, 113, 0, 0, 35, 0, 1, 112, 1, 0, 29, 10, 10]
1542877127650;[171, 0, 17, 255, 161, 74, 237, 16, 113, 0, 0, 163, 0, 1, 234, 1, 0, 142, 9, 240]
1542877127820;[171, 0, 17, 255, 161, 74, 237, 16, 113, 1, 0, 30, 0, 0, 114, 1, 0, 42, 9, 82]
1542877128166;[171, 0, 17, 255, 161, 74, 237, 16, 113, 0, 0, 62, 0, 0, 173, 0, 0, 21, 9, 159]
1542877128170;[171, 0, 17, 255, 161, 74, 237, 16, 113, 1, 1, 161, 0, 2, 95, 0, 0, 7, 9, 183]
1542877128174;[171, 0, 17, 255, 161, 74, 237, 16, 113, 1, 0, 74, 0, 0, 10, 0, 0, 14, 9, 85]
1542877128178;[171, 0, 17, 255, 161, 74, 237, 16, 114, 1, 0, 1, 0, 1, 4, 1, 0, 35, 9, 158]
1542877128529;[171, 0, 17, 255, 161, 74, 237, 16, 114, 1, 0, 48, 0, 0, 247, 1, 0, 12, 9, 148]
1542877128531;[171, 0, 4, 255, 132, 128, 119]
1542877128534;[171, 0, 17, 255, 161, 74, 237, 16, 114, 1, 0, 35, 0, 1, 34, 1, 0, 12, 9, 229]
1542877128681;[171, 0, 17, 255, 161, 74, 237, 16, 114, 0, 0, 136, 0, 1, 241, 1, 0, 39, 10, 67]
1542877128685;[171, 0, 17, 255, 161, 74, 237, 16, 114, 0, 0, 36, 0, 0, 142, 1, 0, 61, 9, 157]
1542877129201;[171, 0, 17, 255, 161, 74, 237, 16, 114, 0, 0, 13, 0, 0, 218, 1, 0, 7, 9, 198]
1542877129205;[171, 0, 17, 255, 161, 74, 237, 16, 114, 1, 0, 80, 0, 2, 170, 1, 0, 64, 10, 5]
1542877129209;[171, 0, 17, 255, 161, 74, 237, 16, 114, 0, 0, 254, 0, 0, 244, 0, 0, 71, 10, 43]
1542877129214;[171, 0, 17, 255, 161, 74, 237, 16, 114, 0, 0, 16, 0, 1, 12, 1, 0, 117, 9, 239]
1542877129719;[171, 0, 17, 255, 161, 74, 237, 16, 114, 0, 0, 63, 0, 0, 254, 1, 0, 43, 10, 16]
1542877129723;[171, 0, 17, 255, 161, 74, 237, 16, 115, 0, 0, 65, 0, 1, 6, 1, 0, 86, 10, 54]
1542877129727;[171, 0, 17, 255, 161, 74, 237, 16, 115, 0, 0, 57, 0, 1, 112, 1, 0, 57, 10, 235]
1542877129731;[171, 0, 4, 255, 132, 128, 119]
1542877130235;[171, 0, 17, 255, 161, 74, 237, 16, 115, 1, 0, 76, 0, 1, 29, 1, 0, 2, 10, 174]
1542877130240;[171, 0, 17, 255, 161, 74, 237, 16, 115, 0, 0, 98, 0, 0, 38, 0, 0, 88, 10, 2]
1542877130244;[171, 0, 17, 255, 161, 74, 237, 16, 115, 0, 0, 58, 0, 0, 134, 0, 0, 14, 10, 8]
1542877130248;[171, 0, 17, 255, 161, 74, 237, 16, 115, 1, 0, 230, 0, 3, 148, 1, 0, 44, 10, 9]
1542877130409;[171, 0, 17, 255, 161, 74, 237, 16, 115, 1, 0, 222, 0, 2, 125, 1, 0, 95, 9, 136]
1542877130413;[171, 0, 17, 255, 161, 74, 237, 16, 115, 1, 0, 53, 0, 0, 235, 1, 0, 42, 9, 102]
1542877130416;[171, 0, 17, 255, 161, 74, 237, 16, 115, 0, 0, 15, 0, 1, 5, 1, 0, 10, 9, 91]
1542877130421;[171, 0, 17, 255, 161, 74, 237, 16, 115, 0, 0, 14, 0, 1, 9, 1, 0, 31, 9, 164]
1542877130753;[171, 0, 17, 255, 161, 74, 237, 16, 116, 0, 0, 43, 0, 1, 37, 1, 0, 20, 10, 25]
1542877130757;[171, 0, 17, 255, 161, 74, 237, 16, 116, 0, 0, 10, 0, 1, 70, 1, 0, 66, 10, 132]
1542877130761;[171, 0, 4, 255, 132, 128, 119]
1542877130789;[171, 0, 17, 255, 161, 74, 237, 16, 116, 0, 0, 116, 0, 1, 194, 1, 0, 15, 10, 54]
1542877130925;[171, 0, 17, 255, 161, 74, 237, 16, 116, 1, 0, 210, 0, 0, 92, 1, 0, 59, 9, 166]
1542877130928;[171, 0, 17, 255, 161, 74, 237, 16, 116, 1, 0, 22, 0, 0, 197, 0, 0, 26, 9, 154]
1542877131097;[171, 0, 17, 255, 161, 74, 237, 16, 116, 1, 0, 12, 0, 1, 89, 1, 0, 139, 9, 105]
1542877131269;[171, 0, 17, 255, 161, 74, 237, 16, 116, 1, 1, 13, 0, 1, 106, 1, 0, 93, 9, 43]
1542877131273;[171, 0, 17, 255, 161, 74, 237, 16, 116, 0, 0, 121, 0, 0, 196, 0, 0, 73, 9, 11]
1542877131442;[171, 0, 17, 255, 161, 74, 237, 16, 116, 0, 0, 28, 0, 0, 241, 1, 0, 181, 9, 80]
1542877131445;[171, 0, 17, 255, 161, 74, 237, 16, 116, 0, 0, 35, 0, 1, 7, 1, 0, 64, 9, 143]
1542877131613;[171, 0, 17, 255, 161, 74, 237, 16, 117, 0, 0, 0, 0, 1, 8, 1, 0, 48, 9, 104]
1542877131786;[171, 0, 17, 255, 161, 74, 237, 16, 117, 1, 0, 3, 0, 1, 1, 1, 0, 54, 9, 70]
1542877131790;[171, 0, 4, 255, 132, 128, 121]
1542877132133;[171, 0, 17, 255, 161, 74, 237, 16, 117, 0, 0, 37, 0, 1, 63, 1, 0, 34, 9, 67]
1542877132137;[171, 0, 17, 255, 161, 74, 237, 16, 117, 0, 0, 69, 0, 1, 66, 1, 0, 45, 9, 86]
1542877132141;[171, 0, 17, 255, 161, 74, 237, 16, 117, 1, 0, 127, 0, 0, 146, 1, 0, 79, 8, 230]
1542877132145;[171, 0, 17, 255, 161, 74, 237, 16, 117, 1, 0, 6, 0, 0, 168, 0, 0, 16, 8, 208]
1542877132304;[171, 0, 17, 255, 161, 74, 237, 16, 117, 0, 0, 32, 0, 1, 79, 1, 0, 9, 8, 145]
1542877132477;[171, 0, 17, 255, 161, 74, 237, 16, 117, 1, 1, 202, 0, 1, 170, 1, 0, 144, 8, 102]
1542877132482;[171, 0, 17, 255, 161, 74, 237, 16, 117, 0, 0, 40, 0, 2, 144, 0, 0, 79, 8, 148]
1542877132650;[171, 0, 17, 255, 161, 74, 237, 16, 117, 0, 0, 49, 0, 1, 13, 1, 0, 87, 8, 178]
1542877132653;[171, 0, 17, 255, 161, 74, 237, 16, 118, 0, 0, 53, 0, 0, 241, 1, 0, 23, 8, 232]
1542877132822;[171, 0, 17, 255, 161, 74, 237, 16, 118, 0, 0, 41, 0, 1, 12, 1, 0, 41, 8, 236]
1542877132826;[171, 0, 4, 255, 132, 128, 124]
1542877132994;[171, 0, 17, 255, 161, 74, 237, 16, 118, 0, 0, 52, 0, 1, 26, 1, 0, 68, 9, 105]
1542877133341;[171, 0, 17, 255, 161, 74, 237, 16, 118, 0, 0, 0, 0, 1, 61, 1, 0, 1, 9, 56]
1542877133345;[171, 0, 17, 255, 161, 74, 237, 16, 118, 0, 0, 97, 0, 1, 118, 1, 0, 18, 8, 252]
1542877133349;[171, 0, 17, 255, 161, 74, 237, 16, 118, 1, 1, 26, 0, 0, 154, 1, 0, 224, 8, 37]
1542877133353;[171, 0, 17, 255, 161, 74, 237, 16, 118, 0, 0, 29, 0, 0, 138, 1, 0, 65, 8, 60]
1542877133511;[171, 0, 17, 255, 161, 74, 237, 16, 118, 1, 0, 32, 0, 1, 192, 1, 0, 19, 8, 3]
1542877133684;[171, 0, 17, 255, 161, 74, 237, 16, 118, 1, 0, 254, 0, 1, 227, 1, 0, 61, 8, 7]
1542877133688;[171, 0, 17, 255, 161, 74, 237, 16, 118, 0, 0, 103, 0, 0, 41, 0, 0, 42, 7, 102]
1542877133857;[171, 0, 17, 255, 161, 74, 237, 16, 119, 0, 0, 40, 0, 0, 248, 0, 0, 11, 7, 139]
1542877133861;[171, 0, 17, 255, 161, 74, 237, 16, 119, 0, 0, 44, 0, 1, 17, 1, 0, 32, 8, 6]
1542877134028;[171, 0, 4, 255, 132, 128, 124]
1542877134064;[171, 0, 17, 255, 161, 74, 237, 16, 119, 0, 0, 46, 0, 1, 95, 1, 0, 13, 8, 112]
1542877134198;[171, 0, 17, 255, 161, 74, 237, 16, 119, 0, 0, 193, 0, 1, 220, 1, 0, 32, 8, 8]
1542877134721;[171, 0, 17, 255, 161, 74, 237, 16, 119, 1, 2, 20, 1, 0, 27, 0, 0, 42, 7, 109]
1542877134725;[171, 0, 17, 255, 161, 74, 237, 16, 119, 0, 0, 38, 0, 0, 129, 1, 0, 28, 7, 102]
1542877134729;[171, 0, 17, 255, 161, 74, 237, 16, 119, 0, 0, 53, 0, 1, 209, 1, 0, 5, 7, 53]
1542877134733;[171, 0, 17, 255, 161, 74, 237, 16, 119, 1, 1, 93, 0, 2, 97, 1, 0, 135, 7, 20]
1542877134892;[171, 0, 17, 255, 161, 74, 237, 16, 119, 0, 0, 110, 0, 0, 0, 0, 1, 223, 6, 66]
1542877134896;[171, 0, 17, 255, 161, 74, 237, 16, 119, 0, 0, 89, 0, 0, 236, 1, 0, 29, 6, 143]
1542877135065;[171, 0, 17, 255, 161, 74, 237, 16, 120, 0, 0, 25, 0, 1, 25, 1, 0, 36, 6, 225]
1542877135069;[171, 0, 17, 255, 161, 74, 237, 16, 120, 0, 0, 41, 0, 1, 128, 0, 0, 55, 7, 74]
1542877135073;[171, 0, 4, 255, 132, 128, 126]
1542877135237;[171, 0, 17, 255, 161, 74, 237, 16, 120, 0, 0, 38, 0, 1, 179, 1, 0, 52, 7, 9]
1542877135240;[171, 0, 17, 255, 161, 74, 237, 16, 120, 0, 0, 29, 0, 0, 43, 1, 0, 81, 6, 227]
1542877135409;[171, 0, 17, 255, 161, 74, 237, 16, 120, 0, 0, 36, 0, 0, 236, 1, 0, 16, 6, 189]
1542877135581;[171, 0, 17, 255, 161, 74, 237, 16, 120, 1, 0, 225, 0, 3, 190, 0, 0, 11, 6, 80]
1542877135585;[171, 0, 17, 255, 161, 74, 237, 16, 120, 1, 3, 63, 0, 2, 177, 0, 2, 203, 5, 237]
1542877135929;[171, 0, 17, 255, 161, 74, 237, 16, 120, 1, 0, 69, 0, 1, 81, 1, 0, 22, 6, 52]
1542877135933;[171, 0, 17, 255, 161, 74, 237, 16, 120, 0, 1, 38, 0, 0, 220, 1, 0, 24, 6, 179]
1542877135937;[171, 0, 17, 255, 161, 74, 237, 16, 120, 0, 0, 4, 0, 1, 31, 1, 0, 20, 6, 156]
1542877135941;[171, 0, 17, 255, 161, 74, 237, 16, 121, 0, 0, 117, 0, 1, 197, 1, 0, 22, 6, 232]
1542877136099;[171, 0, 17, 255, 161, 74, 237, 16, 121, 0, 0, 43, 0, 0, 175, 1, 0, 53, 6, 213]
1542877136271;[171, 0, 4, 255, 132, 128, 127]
1542877136300;[171, 0, 17, 255, 161, 74, 237, 16, 121, 1, 0, 28, 0, 0, 65, 1, 0, 62, 6, 87]
1542877136445;[171, 0, 17, 255, 161, 74, 237, 16, 121, 0, 0, 61, 0, 1, 120, 0, 0, 13, 6, 34]
1542877136449;[171, 0, 17, 255, 161, 74, 237, 16, 121, 1, 1, 199, 0, 0, 50, 0, 0, 9, 5, 141]
1542877136616;[171, 0, 17, 255, 161, 74, 237, 16, 121, 0, 2, 73, 0, 3, 154, 0, 0, 143, 4, 202]
1542877136790;[171, 0, 17, 255, 161, 74, 237, 16, 121, 1, 0, 33, 0, 1, 12, 1, 0, 171, 4, 173]
1542877136793;[171, 0, 17, 255, 161, 74, 237, 16, 121, 0, 0, 14, 0, 1, 7, 1, 0, 45, 4, 166]
1542877137136;[171, 0, 17, 255, 161, 74, 237, 16, 121, 1, 1, 115, 0, 0, 198, 1, 0, 25, 4, 56]
1542877137140;[171, 0, 17, 255, 161, 74, 237, 16, 121, 0, 0, 17, 0, 1, 18, 1, 0, 56, 4, 20]
1542877137144;[171, 0, 17, 255, 161, 74, 237, 16, 122, 0, 0, 74, 0, 1, 112, 1, 0, 57, 4, 49]
1542877137148;[171, 0, 17, 255, 161, 74, 237, 16, 122, 0, 0, 153, 0, 0, 201, 0, 0, 141, 3, 215]
1542877137306;[171, 0, 4, 255, 132, 128, 129]
1542877137481;[171, 0, 17, 255, 161, 74, 237, 16, 122, 0, 0, 3, 0, 0, 9, 1, 0, 30, 3, 185]
1542877137485;[171, 0, 17, 255, 161, 74, 237, 16, 122, 1, 0, 158, 0, 1, 204, 0, 0, 18, 3, 243]
1542877137654;[171, 0, 17, 255, 161, 74, 237, 16, 122, 1, 0, 104, 0, 1, 3, 1, 1, 44, 3, 177]
1542877137658;[171, 0, 17, 255, 161, 74, 237, 16, 122, 0, 0, 27, 0, 1, 33, 0, 0, 15, 3, 245]
1542877137825;[171, 0, 17, 255, 161, 74, 237, 16, 122, 1, 0, 22, 0, 0, 242, 1, 0, 23, 3, 246]
1542877137829;[171, 0, 17, 255, 161, 74, 237, 16, 122, 1, 0, 23, 0, 1, 15, 1, 0, 21, 3, 243]
1542877137996;[171, 0, 17, 255, 161, 74, 237, 16, 122, 0, 0, 16, 0, 1, 46, 1, 0, 69, 3, 243]
1542877138169;[171, 0, 17, 255, 161, 74, 237, 16, 122, 0, 0, 88, 0, 1, 125, 1, 0, 26, 4, 40]
1542877138173;[171, 0, 17, 255, 161, 74, 237, 16, 123, 1, 0, 215, 0, 0, 175, 0, 0, 12, 4, 66]
1542877138514;[171, 0, 17, 255, 161, 74, 237, 16, 123, 1, 0, 67, 0, 0, 138, 1, 0, 10, 4, 69]
