1542967064452;[171, 0, 17, 255, 161, 74, 239, 32, 56, 1, 0, 144, 0, 0, 33, 1, 0, 251, 7, 124]
1542967064461;[171, 0, 17, 255, 161, 74, 239, 32, 56, 1, 0, 71, 0, 0, 88, 1, 0, 240, 7, 123]
1542967064462;[171, 0, 17, 255, 161, 74, 239, 32, 56, 1, 0, 97, 0, 0, 98, 1, 0, 217, 7, 91]
1542967064630;[171, 0, 17, 255, 161, 74, 239, 32, 56, 1, 0, 88, 0, 0, 97, 1, 0, 206, 7, 114]
1542967064631;[171, 0, 17, 255, 161, 74, 239, 32, 56, 1, 0, 49, 0, 0, 98, 1, 0, 221, 7, 164]
1542967064797;[171, 0, 17, 255, 161, 74, 239, 32, 56, 1, 0, 46, 0, 0, 92, 1, 0, 234, 7, 165]
1542967064801;[171, 0, 17, 255, 161, 74, 239, 32, 57, 1, 0, 53, 0, 0, 103, 1, 0, 244, 7, 110]
1542967064969;[171, 0, 17, 255, 161, 74, 239, 32, 57, 1, 0, 98, 0, 0, 93, 1, 0, 207, 7, 74]
1542967064973;[171, 0, 17, 255, 161, 74, 239, 32, 57, 1, 0, 65, 0, 0, 90, 1, 0, 232, 7, 37]
1542967065140;[171, 0, 4, 255, 132, 128, 114]
1542967065314;[171, 0, 17, 255, 161, 74, 239, 32, 57, 1, 0, 34, 0, 0, 114, 1, 1, 6, 7, 80]
1542967065317;[171, 0, 17, 255, 161, 74, 239, 32, 57, 1, 0, 16, 0, 0, 150, 1, 0, 200, 7, 69]
1542967065486;[171, 0, 17, 255, 161, 74, 239, 32, 57, 1, 0, 17, 0, 0, 183, 1, 0, 184, 7, 74]
1542967065490;[171, 0, 17, 255, 161, 74, 239, 32, 57, 1, 0, 56, 0, 0, 184, 1, 0, 161, 7, 120]
1542967065832;[171, 0, 17, 255, 161, 74, 239, 32, 57, 1, 0, 19, 0, 0, 200, 1, 0, 137, 7, 89]
1542967065837;[171, 0, 17, 255, 161, 74, 239, 32, 57, 0, 0, 48, 0, 0, 235, 1, 0, 83, 7, 155]
1542967065840;[171, 0, 17, 255, 161, 74, 239, 32, 57, 0, 0, 135, 0, 0, 251, 1, 0, 39, 7, 138]
1542967066179;[171, 0, 17, 255, 161, 74, 239, 32, 58, 0, 0, 168, 0, 0, 252, 1, 0, 29, 7, 108]
1542967066183;[171, 0, 17, 255, 161, 74, 239, 32, 58, 0, 0, 114, 0, 0, 246, 1, 0, 25, 7, 98]
1542967066187;[171, 0, 17, 255, 161, 74, 239, 32, 58, 0, 0, 77, 0, 0, 254, 1, 0, 23, 7, 86]
1542967066190;[171, 0, 4, 255, 132, 128, 114]
1542967066349;[171, 0, 17, 255, 161, 74, 239, 32, 58, 0, 0, 63, 0, 1, 0, 1, 0, 47, 7, 154]
1542967066521;[171, 0, 17, 255, 161, 74, 239, 32, 58, 0, 0, 51, 0, 1, 3, 1, 0, 32, 7, 201]
1542967066524;[171, 0, 17, 255, 161, 74, 239, 32, 58, 0, 0, 45, 0, 1, 0, 1, 0, 44, 7, 184]
1542967066693;[171, 0, 17, 255, 161, 74, 239, 32, 58, 0, 0, 38, 0, 0, 251, 1, 0, 61, 7, 166]
1542967066712;[171, 0, 17, 255, 161, 74, 239, 32, 58, 0, 0, 27, 0, 0, 236, 1, 0, 115, 7, 124]
1542967067039;[171, 0, 17, 255, 161, 74, 239, 32, 58, 0, 0, 41, 0, 0, 253, 1, 0, 83, 7, 188]
1542967067043;[171, 0, 17, 255, 161, 74, 239, 32, 58, 0, 0, 57, 0, 1, 14, 1, 0, 30, 7, 224]
1542967067047;[171, 0, 17, 255, 161, 74, 239, 32, 59, 0, 0, 56, 0, 1, 9, 1, 0, 14, 7, 212]
1542967067211;[171, 0, 17, 255, 161, 74, 239, 32, 59, 0, 0, 66, 0, 1, 1, 1, 0, 41, 7, 194]
1542967067215;[171, 0, 17, 255, 161, 74, 239, 32, 59, 0, 0, 79, 0, 0, 232, 1, 0, 155, 7, 153]
1542967067383;[171, 0, 4, 255, 132, 128, 114]
1542967067410;[171, 0, 17, 255, 161, 74, 239, 32, 59, 0, 0, 36, 0, 0, 239, 1, 0, 86, 7, 190]
1542967067556;[171, 0, 17, 255, 161, 74, 239, 32, 59, 0, 0, 50, 0, 0, 240, 1, 0, 100, 7, 239]
1542967067729;[171, 0, 17, 255, 161, 74, 239, 32, 59, 0, 0, 48, 0, 0, 244, 1, 0, 111, 7, 217]
1542967067733;[171, 0, 17, 255, 161, 74, 239, 32, 59, 0, 0, 29, 0, 0, 237, 1, 0, 95, 7, 197]
1542967067901;[171, 0, 17, 255, 161, 74, 239, 32, 59, 0, 0, 38, 0, 0, 239, 1, 0, 110, 7, 158]
1542967067904;[171, 0, 17, 255, 161, 74, 239, 32, 59, 0, 0, 56, 0, 0, 242, 1, 0, 112, 7, 160]
1542967068248;[171, 0, 17, 255, 161, 74, 239, 32, 59, 0, 0, 42, 0, 0, 218, 1, 0, 132, 7, 174]
1542967068252;[171, 0, 17, 255, 161, 74, 239, 32, 64, 1, 0, 13, 0, 0, 212, 1, 0, 162, 7, 140]
1542967068256;[171, 0, 17, 255, 161, 74, 239, 32, 64, 0, 0, 45, 0, 0, 230, 1, 0, 123, 7, 121]
1542967068766;[171, 0, 17, 255, 161, 74, 239, 32, 64, 0, 0, 89, 0, 0, 249, 1, 0, 49, 7, 113]
1542967068769;[171, 0, 4, 255, 132, 128, 114]
1542967068796;[171, 0, 17, 255, 161, 74, 239, 32, 64, 0, 0, 121, 0, 0, 255, 1, 0, 20, 7, 121]
1542967068798;[171, 0, 17, 255, 161, 74, 239, 32, 64, 0, 0, 112, 0, 1, 4, 0, 0, 11, 7, 236]
1542967070958;[171, 0, 17, 255, 161, 74, 239, 32, 64, 0, 0, 82, 0, 1, 3, 0, 0, 12, 8, 16]
1542967070959;[171, 0, 17, 255, 161, 74, 239, 32, 64, 0, 0, 74, 0, 0, 253, 1, 0, 22, 7, 239]
1542967070961;[171, 0, 17, 255, 161, 74, 239, 32, 64, 0, 0, 68, 0, 1, 6, 1, 0, 12, 7, 243]
1542967070966;[171, 0, 17, 255, 161, 74, 239, 32, 64, 0, 0, 58, 0, 1, 13, 0, 0, 12, 7, 220]
1542967070967;[171, 0, 17, 255, 161, 74, 239, 32, 64, 0, 0, 51, 0, 1, 7, 0, 0, 1, 8, 27]
1542967070997;[171, 0, 17, 255, 161, 74, 239, 32, 65, 0, 0, 58, 0, 1, 3, 1, 0, 30, 8, 70]
1542967071000;[171, 0, 17, 255, 161, 74, 239, 32, 65, 0, 0, 59, 0, 0, 249, 1, 0, 63, 8, 57]
1542967071032;[171, 0, 17, 255, 161, 74, 239, 32, 65, 0, 0, 53, 0, 0, 236, 1, 0, 90, 8, 27]
1542967071034;[171, 0, 4, 255, 132, 128, 114]
1542967071035;[171, 0, 17, 255, 161, 74, 239, 32, 65, 0, 0, 58, 0, 0, 227, 1, 0, 110, 7, 243]
1542967071037;[171, 0, 17, 255, 161, 74, 239, 32, 65, 0, 0, 59, 0, 0, 225, 1, 0, 177, 7, 250]
1542967071038;[171, 0, 17, 255, 161, 74, 239, 32, 65, 0, 0, 73, 0, 0, 232, 1, 0, 117, 8, 63]
1542967071040;[171, 0, 17, 255, 161, 74, 239, 32, 65, 0, 0, 110, 0, 1, 4, 1, 0, 85, 8, 40]
1542967071041;[171, 0, 17, 255, 161, 74, 239, 32, 65, 0, 0, 36, 0, 0, 241, 1, 0, 74, 8, 8]
1542967071047;[171, 0, 17, 255, 161, 74, 239, 32, 65, 0, 0, 49, 0, 0, 250, 1, 0, 69, 8, 39]
1542967071048;[171, 0, 17, 255, 161, 74, 239, 32, 65, 0, 0, 67, 0, 0, 255, 1, 0, 58, 8, 64]
1542967071050;[171, 0, 17, 255, 161, 74, 239, 32, 66, 0, 0, 66, 0, 0, 254, 1, 0, 69, 8, 139]
1542967071055;[171, 0, 17, 255, 161, 74, 239, 32, 66, 0, 0, 62, 0, 0, 248, 1, 0, 78, 8, 149]
1542967071057;[171, 0, 17, 255, 161, 74, 239, 32, 66, 0, 0, 55, 0, 0, 246, 1, 0, 90, 8, 124]
1542967071058;[171, 0, 4, 255, 132, 128, 114]
1542967071060;[171, 0, 17, 255, 161, 74, 239, 32, 66, 0, 0, 55, 0, 0, 248, 1, 0, 91, 8, 106]
1542967071180;[171, 0, 17, 255, 161, 74, 239, 32, 66, 0, 0, 42, 0, 0, 249, 1, 0, 87, 8, 64]
1542967071184;[171, 0, 17, 255, 161, 74, 239, 32, 66, 0, 0, 34, 0, 0, 250, 1, 0, 84, 8, 153]
1542967071188;[171, 0, 17, 255, 161, 74, 239, 32, 66, 0, 0, 31, 0, 0, 255, 1, 0, 81, 8, 242]
1542967071192;[171, 0, 17, 255, 161, 74, 239, 32, 66, 0, 0, 30, 0, 0, 252, 1, 0, 81, 8, 246]
1542967071351;[171, 0, 17, 255, 161, 74, 239, 32, 66, 0, 0, 27, 0, 0, 253, 1, 0, 81, 8, 229]
1542967071355;[171, 0, 17, 255, 161, 74, 239, 32, 66, 0, 0, 29, 0, 0, 254, 1, 0, 84, 8, 201]
1542967071525;[171, 0, 17, 255, 161, 74, 239, 32, 67, 0, 0, 17, 0, 0, 253, 1, 0, 86, 8, 194]
1542967071528;[171, 0, 17, 255, 161, 74, 239, 32, 67, 0, 0, 10, 0, 1, 0, 1, 0, 84, 9, 53]
1542967071697;[171, 0, 17, 255, 161, 74, 239, 32, 67, 1, 0, 2, 0, 0, 254, 1, 0, 85, 9, 66]
1542967071701;[171, 0, 4, 255, 132, 128, 114]
1542967071868;[171, 0, 17, 255, 161, 74, 239, 32, 67, 1, 0, 29, 0, 0, 249, 1, 0, 84, 9, 43]
1542967071873;[171, 0, 17, 255, 161, 74, 239, 32, 67, 1, 0, 51, 0, 0, 250, 1, 0, 80, 9, 20]
1542967072217;[171, 0, 17, 255, 161, 74, 239, 32, 67, 1, 0, 76, 0, 0, 250, 1, 0, 73, 8, 247]
1542967072219;[171, 0, 17, 255, 161, 74, 239, 32, 67, 1, 0, 59, 0, 0, 246, 1, 0, 71, 9, 97]
1542967072223;[171, 0, 17, 255, 161, 74, 239, 32, 67, 1, 0, 68, 0, 0, 250, 1, 0, 73, 9, 145]
1542967072387;[171, 0, 17, 255, 161, 74, 239, 32, 67, 0, 0, 37, 0, 0, 242, 1, 0, 87, 9, 132]
1542967072390;[171, 0, 17, 255, 161, 74, 239, 32, 67, 0, 0, 19, 0, 0, 245, 1, 0, 94, 9, 100]
1542967072559;[171, 0, 17, 255, 161, 74, 239, 32, 68, 0, 0, 72, 0, 0, 244, 1, 0, 101, 9, 59]
1542967072562;[171, 0, 17, 255, 161, 74, 239, 32, 68, 0, 0, 90, 0, 0, 231, 1, 0, 121, 9, 104]
1542967072731;[171, 0, 17, 255, 161, 74, 239, 32, 68, 0, 0, 90, 0, 0, 227, 1, 0, 117, 9, 170]
1542967072903;[171, 0, 4, 255, 132, 128, 114]
1542967072930;[171, 0, 17, 255, 161, 74, 239, 32, 68, 0, 0, 59, 0, 0, 214, 1, 0, 126, 9, 138]
1542967073076;[171, 0, 17, 255, 161, 74, 239, 32, 68, 0, 0, 36, 0, 0, 199, 1, 0, 138, 9, 86]
1542967073422;[171, 0, 17, 255, 161, 74, 239, 32, 68, 0, 0, 8, 0, 0, 162, 1, 0, 158, 9, 38]
1542967073426;[171, 0, 17, 255, 161, 74, 239, 32, 68, 1, 0, 21, 0, 0, 135, 1, 0, 233, 8, 251]
1542967073430;[171, 0, 17, 255, 161, 74, 239, 32, 68, 1, 0, 32, 0, 0, 123, 1, 0, 227, 9, 80]
1542967073434;[171, 0, 17, 255, 161, 74, 239, 32, 68, 1, 0, 44, 0, 0, 122, 1, 0, 218, 9, 62]
1542967073594;[171, 0, 17, 255, 161, 74, 239, 32, 68, 1, 0, 60, 0, 0, 88, 1, 0, 220, 9, 16]
1542967073598;[171, 0, 17, 255, 161, 74, 239, 32, 69, 1, 0, 69, 0, 0, 65, 1, 0, 229, 8, 223]
1542967073767;[171, 0, 17, 255, 161, 74, 239, 32, 69, 1, 0, 70, 0, 0, 80, 1, 0, 224, 8, 159]
1542967073770;[171, 0, 17, 255, 161, 74, 239, 32, 69, 1, 0, 73, 0, 0, 36, 1, 0, 213, 8, 225]
1542967073938;[171, 0, 4, 255, 132, 128, 114]
1542967074111;[171, 0, 17, 255, 161, 74, 239, 32, 69, 1, 0, 111, 1, 0, 14, 1, 0, 240, 8, 244]
1542967074115;[171, 0, 17, 255, 161, 74, 239, 32, 69, 1, 0, 34, 1, 0, 7, 1, 0, 236, 8, 203]
1542967074284;[171, 0, 17, 255, 161, 74, 239, 32, 69, 1, 0, 121, 1, 0, 1, 1, 0, 187, 8, 120]
1542967074287;[171, 0, 17, 255, 161, 74, 239, 32, 69, 1, 0, 110, 1, 0, 6, 1, 0, 248, 7, 248]
1542967074803;[171, 0, 17, 255, 161, 74, 239, 32, 69, 1, 0, 130, 0, 0, 32, 1, 0, 233, 7, 176]
1542967074808;[171, 0, 17, 255, 161, 74, 239, 32, 69, 1, 0, 70, 1, 0, 38, 1, 0, 222, 7, 84]
1542967074812;[171, 0, 17, 255, 161, 74, 239, 32, 69, 1, 0, 80, 1, 0, 36, 1, 0, 231, 7, 2]
1542967074816;[171, 0, 17, 255, 161, 74, 239, 32, 70, 1, 0, 86, 1, 0, 31, 1, 0, 228, 6, 204]
1542967074974;[171, 0, 17, 255, 161, 74, 239, 32, 70, 1, 0, 90, 1, 0, 11, 1, 0, 235, 6, 118]
1542967074978;[171, 0, 17, 255, 161, 74, 239, 32, 70, 1, 0, 78, 1, 0, 29, 1, 0, 226, 6, 66]
1542967074982;[171, 0, 4, 255, 132, 128, 114]
1542967075146;[171, 0, 17, 255, 161, 74, 239, 32, 70, 1, 0, 114, 1, 0, 43, 1, 0, 223, 6, 33]
1542967075319;[171, 0, 17, 255, 161, 74, 239, 32, 70, 1, 0, 92, 1, 0, 29, 1, 0, 223, 5, 243]
1542967075323;[171, 0, 17, 255, 161, 74, 239, 32, 70, 1, 0, 100, 1, 0, 22, 1, 0, 221, 5, 177]
1542967075491;[171, 0, 17, 255, 161, 74, 239, 32, 70, 1, 0, 85, 1, 0, 17, 1, 0, 224, 5, 78]
1542967075495;[171, 0, 17, 255, 161, 74, 239, 32, 70, 1, 0, 108, 1, 0, 17, 1, 0, 221, 5, 46]
1542967075663;[171, 0, 17, 255, 161, 74, 239, 32, 70, 1, 0, 97, 1, 0, 21, 1, 0, 230, 4, 220]
1542967075667;[171, 0, 17, 255, 161, 74, 239, 32, 70, 1, 0, 100, 1, 0, 15, 1, 0, 222, 4, 120]
1542967076009;[171, 0, 17, 255, 161, 74, 239, 32, 71, 1, 0, 109, 1, 0, 17, 1, 0, 217, 4, 29]
1542967076013;[171, 0, 17, 255, 161, 74, 239, 32, 71, 1, 0, 105, 1, 0, 21, 1, 0, 222, 3, 204]
1542967076017;[171, 0, 17, 255, 161, 74, 239, 32, 71, 1, 0, 102, 1, 0, 22, 1, 0, 223, 3, 125]
1542967076181;[171, 0, 4, 255, 132, 128, 114]
1542967076209;[171, 0, 17, 255, 161, 74, 239, 32, 71, 1, 0, 105, 1, 0, 23, 1, 0, 222, 3, 82]
1542967076353;[171, 0, 17, 255, 161, 74, 239, 32, 71, 1, 0, 91, 1, 0, 17, 1, 0, 226, 3, 51]
1542967076584;[171, 0, 17, 255, 161, 74, 239, 32, 71, 1, 0, 99, 1, 0, 20, 1, 0, 224, 2, 243]
1542967076586;[171, 0, 17, 255, 161, 74, 239, 32, 71, 1, 0, 149, 1, 0, 9, 1, 0, 210, 2, 171]
1542967076872;[171, 0, 17, 255, 161, 74, 239, 32, 71, 1, 0, 113, 1, 0, 21, 1, 0, 221, 2, 108]
1542967076876;[171, 0, 17, 255, 161, 74, 239, 32, 71, 1, 0, 98, 1, 0, 16, 1, 0, 223, 2, 60]
1542967076880;[171, 0, 17, 255, 161, 74, 239, 32, 71, 1, 0, 101, 1, 0, 21, 1, 0, 225, 2, 26]
1542967076884;[171, 0, 17, 255, 161, 74, 239, 32, 72, 1, 0, 104, 1, 0, 20, 1, 0, 226, 1, 224]
1542967077217;[171, 0, 17, 255, 161, 74, 239, 32, 72, 1, 0, 100, 1, 0, 22, 1, 0, 227, 1, 180]
1542967077391;[171, 0, 17, 255, 161, 74, 239, 32, 72, 1, 0, 106, 1, 0, 19, 1, 0, 227, 1, 137]
1542967077395;[171, 0, 4, 255, 132, 128, 113]
1542967077422;[171, 0, 17, 255, 161, 74, 239, 32, 72, 1, 0, 104, 1, 0, 17, 1, 0, 218, 1, 102]
1542967077424;[171, 0, 17, 255, 161, 74, 239, 32, 72, 1, 0, 105, 1, 0, 19, 1, 0, 227, 1, 78]
1542967077906;[171, 0, 17, 255, 161, 74, 239, 32, 72, 1, 0, 103, 1, 0, 19, 1, 0, 227, 1, 55]
1542967077910;[171, 0, 17, 255, 161, 74, 239, 32, 72, 1, 0, 100, 1, 0, 15, 1, 0, 219, 1, 15]
1542967077914;[171, 0, 17, 255, 161, 74, 239, 32, 72, 1, 0, 82, 1, 0, 8, 1, 0, 245, 0, 243]
1542967078253;[171, 0, 17, 255, 161, 74, 239, 32, 72, 1, 0, 119, 1, 0, 33, 1, 0, 206, 0, 228]
1542967078257;[171, 0, 17, 255, 161, 74, 239, 32, 72, 1, 0, 105, 1, 0, 12, 1, 0, 221, 0, 249]
1542967078261;[171, 0, 17, 255, 161, 74, 239, 32, 73, 1, 0, 78, 1, 0, 18, 1, 0, 223, 1, 13]
1542967078266;[171, 0, 17, 255, 161, 74, 239, 32, 73, 1, 0, 100, 1, 0, 18, 1, 0, 240, 0, 238]
1542967078597;[171, 0, 17, 255, 161, 74, 239, 32, 73, 1, 0, 95, 1, 0, 6, 1, 0, 249, 1, 16]
1542967078601;[171, 0, 4, 255, 132, 128, 113]
1542967078628;[171, 0, 17, 255, 161, 74, 239, 32, 73, 1, 0, 135, 0, 0, 13, 1, 0, 142, 1, 61]
1542967078944;[171, 0, 17, 255, 161, 74, 239, 32, 73, 1, 0, 161, 0, 0, 5, 1, 0, 192, 1, 139]
1542967078948;[171, 0, 17, 255, 161, 74, 239, 32, 73, 1, 0, 149, 0, 0, 14, 1, 0, 198, 2, 24]
1542967078952;[171, 0, 17, 255, 161, 74, 239, 32, 73, 1, 0, 160, 0, 0, 15, 1, 0, 193, 2, 60]
1542967078956;[171, 0, 17, 255, 161, 74, 239, 32, 73, 1, 0, 140, 0, 0, 10, 1, 0, 206, 2, 52]
1542967079114;[171, 0, 17, 255, 161, 74, 239, 32, 73, 1, 0, 137, 0, 0, 6, 1, 0, 214, 2, 39]
1542967079118;[171, 0, 17, 255, 161, 74, 239, 32, 73, 1, 0, 143, 0, 0, 15, 1, 0, 200, 2, 40]
1542967079122;[171, 0, 17, 255, 161, 74, 239, 32, 74, 1, 0, 140, 0, 0, 12, 1, 0, 207, 2, 173]
1542967079287;[171, 0, 17, 255, 161, 74, 239, 32, 74, 1, 0, 129, 0, 0, 5, 1, 0, 210, 2, 216]
1542967079291;[171, 0, 17, 255, 161, 74, 239, 32, 74, 1, 0, 134, 0, 0, 18, 1, 0, 211, 2, 214]
1542967079805;[171, 0, 4, 255, 132, 128, 113]
1542967079832;[171, 0, 17, 255, 161, 74, 239, 32, 74, 1, 0, 140, 0, 0, 14, 1, 0, 205, 2, 228]
1542967079834;[171, 0, 17, 255, 161, 74, 239, 32, 74, 1, 0, 118, 0, 0, 12, 1, 0, 205, 2, 210]
1542967079836;[171, 0, 17, 255, 161, 74, 239, 32, 74, 1, 0, 115, 0, 0, 18, 1, 0, 240, 3, 35]
1542967079976;[171, 0, 17, 255, 161, 74, 239, 32, 74, 1, 0, 60, 1, 0, 7, 1, 1, 12, 3, 85]
1542967079980;[171, 0, 17, 255, 161, 74, 239, 32, 74, 1, 0, 66, 0, 0, 21, 1, 0, 192, 3, 115]
1542967079984;[171, 0, 17, 255, 161, 74, 239, 32, 74, 1, 0, 84, 1, 0, 54, 1, 0, 154, 3, 157]
1542967080322;[171, 0, 17, 255, 161, 74, 239, 32, 74, 1, 0, 64, 0, 0, 152, 1, 0, 28, 3, 160]
1542967080326;[171, 0, 17, 255, 161, 74, 239, 32, 75, 1, 0, 196, 0, 0, 21, 1, 0, 87, 3, 162]
1542967080330;[171, 0, 17, 255, 161, 74, 239, 32, 75, 1, 0, 97, 1, 0, 20, 1, 0, 185, 3, 195]
1542967080666;[171, 0, 17, 255, 161, 74, 239, 32, 77, 1, 0, 103, 1, 0, 20, 1, 0, 224, 5, 40]
1542967080670;[171, 0, 17, 255, 161, 74, 239, 32, 77, 1, 0, 100, 1, 0, 21, 1, 0, 219, 5, 64]
1542967081358;[171, 0, 17, 255, 161, 74, 239, 32, 77, 1, 0, 106, 1, 0, 20, 1, 0, 222, 5, 39]
1542967081362;[171, 0, 17, 255, 161, 74, 239, 32, 77, 1, 0, 104, 1, 0, 19, 1, 0, 224, 5, 17]
1542967081368;[171, 0, 17, 255, 161, 74, 239, 32, 77, 1, 0, 104, 1, 0, 21, 1, 0, 221, 4, 235]
1542967081372;[171, 0, 17, 255, 161, 74, 239, 32, 77, 1, 0, 103, 1, 0, 20, 1, 0, 226, 5, 108]
1542967081531;[171, 0, 17, 255, 161, 74, 239, 32, 77, 1, 0, 103, 1, 0, 20, 1, 0, 221, 5, 190]
1542967081535;[171, 0, 17, 255, 161, 74, 239, 32, 78, 1, 0, 100, 1, 0, 20, 1, 0, 224, 5, 188]
1542967081539;[171, 0, 17, 255, 161, 74, 239, 32, 78, 1, 0, 96, 1, 0, 27, 1, 0, 225, 5, 167]
1542967081543;[171, 0, 17, 255, 161, 74, 239, 32, 78, 1, 0, 108, 1, 0, 16, 1, 0, 225, 5, 125]
1542967081701;[171, 0, 4, 255, 132, 128, 112]
1542967082391;[171, 0, 17, 255, 161, 74, 239, 32, 78, 1, 0, 104, 1, 0, 17, 1, 0, 221, 5, 94]
1542967082564;[171, 0, 17, 255, 161, 74, 239, 32, 78, 1, 0, 137, 1, 0, 11, 1, 0, 197, 5, 248]
1542967082568;[171, 0, 17, 255, 161, 74, 239, 32, 78, 1, 0, 111, 1, 0, 33, 1, 1, 0, 5, 184]
1542967082911;[171, 0, 17, 255, 161, 74, 239, 32, 78, 1, 0, 142, 1, 0, 35, 1, 0, 198, 5, 129]
1542967082915;[171, 0, 17, 255, 161, 74, 239, 32, 78, 1, 0, 171, 0, 0, 18, 1, 0, 156, 5, 187]
1542967082919;[171, 0, 17, 255, 161, 74, 239, 32, 78, 1, 0, 225, 0, 0, 4, 1, 0, 92, 5, 237]
1542967082923;[171, 0, 17, 255, 161, 74, 239, 32, 78, 1, 0, 198, 1, 0, 6, 1, 0, 59, 6, 237]
1542967083082;[171, 0, 17, 255, 161, 74, 239, 32, 79, 1, 1, 97, 0, 0, 21, 0, 0, 85, 8, 66]
1542967083086;[171, 0, 17, 255, 161, 74, 239, 32, 79, 1, 1, 21, 1, 0, 10, 0, 0, 181, 8, 235]
1542967083095;[171, 0, 17, 255, 161, 74, 239, 32, 79, 1, 0, 240, 1, 0, 13, 0, 0, 107, 9, 120]
1542967083097;[171, 0, 4, 255, 132, 128, 111]
1542967083774;[171, 0, 17, 255, 161, 74, 239, 32, 79, 1, 0, 234, 1, 0, 11, 0, 0, 113, 9, 249]
1542967083778;[171, 0, 17, 255, 161, 74, 239, 32, 79, 1, 0, 248, 0, 0, 0, 0, 0, 97, 9, 249]
1542967083782;[171, 0, 17, 255, 161, 74, 239, 32, 79, 1, 1, 4, 0, 0, 2, 0, 0, 119, 9, 249]
1542967083786;[171, 0, 17, 255, 161, 74, 239, 32, 79, 1, 0, 235, 0, 0, 4, 0, 0, 82, 10, 227]
1542967083946;[171, 0, 17, 255, 161, 74, 239, 32, 79, 1, 1, 4, 1, 0, 5, 0, 0, 1, 11, 97]
1542967083950;[171, 0, 17, 255, 161, 74, 239, 32, 79, 1, 1, 11, 0, 0, 28, 0, 0, 22, 11, 153]
1542967083954;[171, 0, 17, 255, 161, 74, 239, 32, 79, 1, 0, 220, 0, 0, 27, 0, 0, 79, 11, 59]
1542967083958;[171, 0, 17, 255, 161, 74, 239, 32, 80, 1, 0, 179, 0, 0, 2, 1, 0, 80, 10, 179]
1542967084116;[171, 0, 17, 255, 161, 74, 239, 32, 80, 1, 0, 193, 0, 0, 14, 1, 0, 117, 10, 106]
1542967084119;[171, 0, 17, 255, 161, 74, 239, 32, 80, 1, 0, 115, 1, 0, 35, 1, 0, 208, 9, 208]
1542967084463;[171, 0, 4, 255, 132, 128, 111]
1542967084491;[171, 0, 17, 255, 161, 74, 239, 32, 80, 1, 0, 68, 1, 0, 29, 1, 1, 13, 8, 238]
1542967084493;[171, 0, 17, 255, 161, 74, 239, 32, 80, 1, 0, 146, 0, 0, 20, 1, 0, 204, 8, 58]
1542967084494;[171, 0, 17, 255, 161, 74, 239, 32, 80, 1, 0, 158, 1, 0, 11, 1, 0, 211, 7, 113]
1542967084637;[171, 0, 17, 255, 161, 74, 239, 32, 80, 1, 0, 81, 1, 0, 17, 1, 0, 197, 6, 132]
1542967084980;[171, 0, 17, 255, 161, 74, 239, 32, 80, 1, 0, 138, 1, 0, 35, 1, 0, 181, 5, 238]
1542967084984;[171, 0, 17, 255, 161, 74, 239, 32, 80, 1, 0, 154, 1, 0, 33, 1, 0, 248, 5, 83]
1542967084988;[171, 0, 17, 255, 161, 74, 239, 32, 80, 1, 0, 174, 1, 0, 14, 1, 0, 136, 5, 31]
1542967084992;[171, 0, 17, 255, 161, 74, 239, 32, 81, 1, 0, 172, 1, 0, 6, 1, 0, 172, 5, 12]
1542967085324;[171, 0, 17, 255, 161, 74, 239, 32, 81, 1, 1, 10, 0, 0, 25, 1, 0, 222, 5, 52]
1542967085328;[171, 0, 17, 255, 161, 74, 239, 32, 81, 1, 1, 17, 0, 0, 36, 0, 0, 5, 6, 62]
1542967085331;[171, 0, 4, 255, 132, 128, 111]
1542967085496;[171, 0, 17, 255, 161, 74, 239, 32, 81, 1, 2, 210, 1, 0, 4, 0, 1, 38, 6, 249]
1542967085500;[171, 0, 17, 255, 161, 74, 239, 32, 81, 1, 0, 235, 1, 0, 12, 0, 0, 21, 7, 19]
1542967085668;[171, 0, 17, 255, 161, 74, 239, 32, 81, 1, 0, 96, 0, 0, 84, 1, 0, 7, 7, 70]
1542967085672;[171, 0, 17, 255, 161, 74, 239, 32, 81, 0, 0, 29, 0, 0, 151, 1, 0, 87, 7, 225]
1542967085840;[171, 0, 17, 255, 161, 74, 239, 32, 81, 0, 0, 128, 0, 0, 149, 1, 0, 161, 7, 191]
1542967086189;[171, 0, 17, 255, 161, 74, 239, 32, 81, 0, 0, 138, 0, 0, 142, 1, 0, 228, 7, 119]
1542967086193;[171, 0, 17, 255, 161, 74, 239, 32, 81, 0, 0, 55, 0, 0, 113, 1, 0, 190, 7, 71]
1542967086197;[171, 0, 17, 255, 161, 74, 239, 32, 82, 1, 2, 112, 1, 0, 134, 1, 0, 179, 7, 105]
1542967086201;[171, 0, 17, 255, 161, 74, 239, 32, 82, 1, 0, 11, 0, 0, 99, 1, 0, 184, 7, 113]
1542967086360;[171, 0, 17, 255, 161, 74, 239, 32, 82, 1, 0, 16, 0, 0, 61, 1, 1, 23, 7, 114]
1542967086363;[171, 0, 4, 255, 132, 128, 111]
1542967086532;[171, 0, 17, 255, 161, 74, 239, 32, 82, 1, 0, 81, 0, 0, 81, 1, 0, 210, 7, 50]
1542967086878;[171, 0, 17, 255, 161, 74, 239, 32, 82, 1, 0, 43, 0, 0, 82, 1, 0, 237, 7, 7]
1542967086882;[171, 0, 17, 255, 161, 74, 239, 32, 82, 1, 0, 47, 0, 0, 74, 1, 0, 239, 6, 223]
1542967086886;[171, 0, 17, 255, 161, 74, 239, 32, 82, 1, 0, 38, 0, 0, 79, 1, 0, 238, 7, 68]
1542967086890;[171, 0, 17, 255, 161, 74, 239, 32, 82, 1, 0, 41, 0, 0, 80, 1, 0, 236, 7, 73]
1542967087048;[171, 0, 17, 255, 161, 74, 239, 32, 82, 1, 0, 46, 0, 0, 78, 1, 0, 233, 7, 27]
1542967087222;[171, 0, 17, 255, 161, 74, 239, 32, 82, 1, 0, 47, 0, 0, 77, 1, 0, 236, 6, 242]
1542967087226;[171, 0, 17, 255, 161, 74, 239, 32, 83, 1, 0, 49, 0, 0, 80, 1, 0, 233, 6, 201]
1542967087568;[171, 0, 17, 255, 161, 74, 239, 32, 83, 1, 0, 44, 0, 0, 79, 1, 0, 232, 7, 43]
1542967087572;[171, 0, 17, 255, 161, 74, 239, 32, 83, 1, 0, 48, 0, 0, 78, 1, 0, 233, 7, 38]
1542967087576;[171, 0, 4, 255, 132, 128, 111]
1542967087603;[171, 0, 17, 255, 161, 74, 239, 32, 83, 1, 0, 48, 0, 0, 74, 1, 0, 241, 6, 224]
1542967087738;[171, 0, 17, 255, 161, 74, 239, 32, 83, 1, 0, 47, 0, 0, 78, 1, 0, 231, 6, 168]
1542967087911;[171, 0, 17, 255, 161, 74, 239, 32, 83, 1, 0, 55, 0, 0, 77, 1, 0, 237, 6, 90]
1542967087915;[171, 0, 17, 255, 161, 74, 239, 32, 83, 1, 0, 25, 0, 0, 59, 1, 0, 241, 6, 151]
1542967088084;[171, 0, 17, 255, 161, 74, 239, 32, 83, 1, 0, 54, 0, 0, 89, 1, 0, 237, 6, 145]
1542967088087;[171, 0, 17, 255, 161, 74, 239, 32, 83, 1, 0, 65, 0, 0, 78, 1, 0, 224, 6, 99]
1542967088256;[171, 0, 17, 255, 161, 74, 239, 32, 83, 1, 0, 74, 0, 0, 79, 1, 0, 229, 6, 20]
1542967088429;[171, 0, 17, 255, 161, 74, 239, 32, 84, 1, 0, 22, 0, 0, 86, 1, 0, 231, 5, 196]
1542967088432;[171, 0, 17, 255, 161, 74, 239, 32, 84, 1, 0, 65, 0, 0, 71, 1, 0, 237, 6, 5]
1542967088776;[171, 0, 17, 255, 161, 74, 239, 32, 84, 1, 0, 54, 0, 0, 85, 1, 0, 229, 6, 0]
1542967088779;[171, 0, 4, 255, 132, 128, 111]
1542967088806;[171, 0, 17, 255, 161, 74, 239, 32, 84, 1, 0, 49, 0, 0, 80, 1, 0, 232, 5, 188]
1542967088808;[171, 0, 17, 255, 161, 74, 239, 32, 84, 1, 0, 44, 0, 0, 81, 1, 0, 224, 5, 128]
1542967088951;[171, 0, 17, 255, 161, 74, 239, 32, 84, 1, 0, 41, 0, 0, 64, 1, 0, 236, 5, 66]
1542967089119;[171, 0, 17, 255, 161, 74, 239, 32, 84, 1, 0, 40, 0, 0, 57, 1, 0, 235, 5, 128]
1542967089122;[171, 0, 17, 255, 161, 74, 239, 32, 84, 1, 0, 62, 0, 0, 13, 1, 0, 210, 5, 159]
1542967089291;[171, 0, 17, 255, 161, 74, 239, 32, 84, 1, 0, 140, 1, 0, 48, 1, 0, 254, 5, 173]
1542967089294;[171, 0, 17, 255, 161, 74, 239, 32, 84, 1, 0, 54, 1, 0, 44, 1, 0, 249, 5, 60]
1542967089463;[171, 0, 17, 255, 161, 74, 239, 32, 85, 1, 0, 126, 1, 0, 72, 1, 0, 199, 5, 4]
1542967089467;[171, 0, 17, 255, 161, 74, 239, 32, 85, 1, 0, 224, 1, 0, 17, 1, 0, 175, 5, 35]
1542967089636;[171, 0, 17, 255, 161, 74, 239, 32, 85, 1, 1, 7, 0, 0, 0, 1, 0, 89, 5, 27]
1542967090155;[171, 0, 4, 255, 132, 128, 111]
1542967090181;[171, 0, 17, 255, 161, 74, 239, 32, 85, 1, 1, 14, 1, 0, 2, 1, 0, 55, 4, 224]
1542967090183;[171, 0, 17, 255, 161, 74, 239, 32, 85, 1, 0, 179, 0, 0, 4, 1, 0, 114, 4, 35]
1542967090185;[171, 0, 17, 255, 161, 74, 239, 32, 85, 1, 0, 204, 0, 0, 10, 1, 0, 147, 3, 108]
1542967090327;[171, 0, 17, 255, 161, 74, 239, 32, 85, 1, 0, 213, 0, 0, 8, 1, 0, 135, 3, 99]
1542967090331;[171, 0, 17, 255, 161, 74, 239, 32, 85, 1, 0, 218, 0, 0, 4, 1, 0, 126, 3, 63]
1542967090335;[171, 0, 17, 255, 161, 74, 239, 32, 85, 1, 0, 216, 0, 0, 3, 1, 0, 130, 3, 1]
1542967090499;[171, 0, 17, 255, 161, 74, 239, 32, 85, 1, 0, 219, 0, 0, 1, 1, 0, 128, 2, 206]
1542967090503;[171, 0, 17, 255, 161, 74, 239, 32, 86, 1, 0, 218, 0, 0, 3, 1, 0, 127, 2, 150]
1542967090672;[171, 0, 17, 255, 161, 74, 239, 32, 86, 1, 0, 205, 0, 0, 5, 1, 0, 128, 2, 183]
1542967090675;[171, 0, 17, 255, 161, 74, 239, 32, 86, 1, 0, 214, 1, 0, 1, 1, 0, 126, 2, 157]
1542967091016;[171, 0, 4, 255, 132, 128, 112]
1542967091043;[171, 0, 17, 255, 161, 74, 239, 32, 86, 1, 0, 220, 1, 0, 1, 1, 0, 126, 2, 113]
1542967091045;[171, 0, 17, 255, 161, 74, 239, 32, 86, 1, 0, 227, 0, 0, 2, 1, 0, 118, 2, 86]
1542967091364;[171, 0, 17, 255, 161, 74, 239, 32, 86, 1, 0, 230, 1, 0, 3, 1, 0, 105, 2, 51]
1542967091368;[171, 0, 17, 255, 161, 74, 239, 32, 86, 1, 0, 225, 0, 0, 0, 1, 0, 114, 2, 45]
1542967091372;[171, 0, 17, 255, 161, 74, 239, 32, 86, 1, 0, 220, 1, 0, 5, 1, 0, 120, 2, 56]
1542967091375;[171, 0, 17, 255, 161, 74, 239, 32, 86, 1, 0, 217, 1, 0, 4, 1, 0, 127, 2, 11]
1542967091533;[171, 0, 17, 255, 161, 74, 239, 32, 86, 1, 0, 218, 0, 0, 0, 1, 0, 126, 1, 224]
1542967091705;[171, 0, 17, 255, 161, 74, 239, 32, 87, 1, 0, 208, 1, 0, 4, 1, 0, 134, 1, 174]
1542967091710;[171, 0, 17, 255, 161, 74, 239, 32, 87, 1, 0, 208, 1, 0, 3, 1, 0, 139, 1, 127]
1542967091879;[171, 0, 17, 255, 161, 74, 239, 32, 87, 1, 0, 208, 1, 0, 3, 1, 0, 137, 1, 150]
1542967091883;[171, 0, 4, 255, 132, 128, 112]
1542967092051;[171, 0, 17, 255, 161, 74, 239, 32, 87, 1, 0, 199, 1, 0, 7, 1, 0, 146, 1, 103]
1542967092223;[171, 0, 17, 255, 161, 74, 239, 32, 87, 1, 0, 196, 1, 0, 8, 1, 0, 153, 1, 45]
1542967092226;[171, 0, 17, 255, 161, 74, 239, 32, 87, 1, 0, 197, 1, 0, 6, 1, 0, 156, 0, 252]
1542967092570;[171, 0, 17, 255, 161, 74, 239, 32, 87, 1, 0, 195, 1, 0, 10, 1, 0, 153, 16, 195]
1542967092574;[171, 0, 17, 255, 161, 74, 239, 32, 87, 1, 0, 177, 1, 0, 11, 1, 0, 160, 7, 206]
1542967092578;[171, 0, 17, 255, 161, 74, 239, 32, 87, 1, 0, 192, 1, 0, 7, 1, 0, 185, 7, 181]
1542967092583;[171, 0, 17, 255, 161, 74, 239, 32, 87, 1, 0, 238, 1, 0, 4, 1, 0, 87, 7, 181]
1542967092742;[171, 0, 17, 255, 161, 74, 239, 32, 88, 1, 0, 254, 1, 0, 3, 0, 0, 4, 7, 208]
1542967092914;[171, 0, 17, 255, 161, 74, 239, 32, 88, 1, 0, 254, 1, 0, 4, 0, 0, 37, 7, 211]
1542967092918;[171, 0, 17, 255, 161, 74, 239, 32, 88, 1, 1, 6, 1, 0, 6, 0, 0, 65, 7, 214]
1542967093085;[171, 0, 4, 255, 132, 128, 113]
1542967093113;[171, 0, 17, 255, 161, 74, 239, 32, 88, 1, 1, 17, 1, 0, 7, 0, 0, 74, 8, 45]
1542967093258;[171, 0, 17, 255, 161, 74, 239, 32, 88, 1, 1, 14, 1, 0, 3, 0, 0, 68, 8, 58]
1542967093262;[171, 0, 17, 255, 161, 74, 239, 32, 88, 1, 0, 248, 0, 0, 12, 0, 0, 45, 8, 28]
1542967093430;[171, 0, 17, 255, 161, 74, 239, 32, 88, 1, 0, 222, 1, 0, 3, 1, 0, 32, 7, 195]
1542967093603;[171, 0, 17, 255, 161, 74, 239, 32, 88, 1, 0, 177, 1, 0, 4, 1, 0, 123, 7, 81]
1542967093607;[171, 0, 17, 255, 161, 74, 239, 32, 88, 1, 0, 135, 1, 0, 16, 1, 0, 215, 7, 26]
1542967093947;[171, 0, 17, 255, 161, 74, 239, 32, 88, 1, 0, 166, 1, 0, 10, 1, 0, 198, 7, 27]
1542967094123;[171, 0, 17, 255, 161, 74, 239, 32, 89, 1, 0, 188, 1, 0, 8, 1, 0, 169, 6, 244]
1542967094127;[171, 0, 17, 255, 161, 74, 239, 32, 89, 1, 0, 208, 1, 0, 20, 1, 0, 184, 6, 116]
1542967094131;[171, 0, 17, 255, 161, 74, 239, 32, 89, 1, 1, 91, 1, 0, 33, 1, 0, 194, 6, 49]
1542967094135;[171, 0, 4, 255, 132, 128, 113]
1542967094294;[171, 0, 17, 255, 161, 74, 239, 32, 89, 1, 0, 214, 1, 0, 33, 1, 0, 108, 6, 80]
1542967094298;[171, 0, 17, 255, 161, 74, 239, 32, 89, 0, 0, 10, 1, 0, 23, 1, 0, 101, 6, 137]
1542967094467;[171, 0, 17, 255, 161, 74, 239, 32, 89, 0, 0, 149, 1, 0, 1, 1, 0, 225, 6, 109]
1542967094470;[171, 0, 17, 255, 161, 74, 239, 32, 89, 0, 0, 115, 0, 0, 13, 1, 2, 41, 6, 51]
1542967094638;[171, 0, 17, 255, 161, 74, 239, 32, 89, 0, 0, 67, 0, 0, 63, 1, 0, 180, 6, 50]
1542967094811;[171, 0, 17, 255, 161, 74, 239, 32, 89, 1, 0, 132, 0, 0, 44, 1, 0, 239, 6, 112]
1542967094815;[171, 0, 17, 255, 161, 74, 239, 32, 89, 1, 0, 140, 0, 0, 77, 1, 0, 180, 6, 172]
1542967095157;[171, 0, 17, 255, 161, 74, 239, 32, 90, 1, 0, 63, 0, 0, 95, 1, 0, 193, 6, 233]
1542967095161;[171, 0, 17, 255, 161, 74, 239, 32, 90, 1, 0, 45, 0, 0, 78, 1, 0, 244, 6, 223]
1542967095165;[171, 0, 17, 255, 161, 74, 239, 32, 90, 1, 0, 73, 0, 0, 72, 1, 0, 229, 6, 209]
1542967095328;[171, 0, 4, 255, 132, 128, 114]
1542967095355;[171, 0, 17, 255, 161, 74, 239, 32, 90, 1, 0, 115, 0, 0, 26, 1, 0, 225, 6, 183]
1542967095675;[171, 0, 17, 255, 161, 74, 239, 32, 90, 1, 0, 6, 0, 0, 45, 1, 0, 216, 6, 103]
1542967095679;[171, 0, 17, 255, 161, 74, 239, 32, 90, 1, 0, 90, 1, 0, 38, 1, 0, 175, 7, 28]
1542967095683;[171, 0, 17, 255, 161, 74, 239, 32, 90, 1, 0, 55, 1, 0, 54, 1, 1, 56, 7, 87]
1542967095687;[171, 0, 17, 255, 161, 74, 239, 32, 90, 1, 0, 31, 1, 0, 42, 1, 0, 184, 7, 82]
1542967096194;[171, 0, 17, 255, 161, 74, 239, 32, 90, 1, 0, 83, 1, 0, 4, 1, 0, 242, 7, 47]
1542967096198;[171, 0, 17, 255, 161, 74, 239, 32, 90, 1, 0, 198, 0, 0, 92, 1, 0, 162, 6, 232]
1542967096202;[171, 0, 17, 255, 161, 74, 239, 32, 91, 1, 0, 36, 1, 0, 64, 1, 1, 10, 6, 109]
1542967096206;[171, 0, 17, 255, 161, 74, 239, 32, 91, 1, 0, 138, 1, 0, 39, 1, 0, 198, 6, 38]
1542967096538;[171, 0, 17, 255, 161, 74, 239, 32, 91, 1, 0, 177, 1, 0, 7, 1, 0, 195, 6, 17]
1542967096542;[171, 0, 4, 255, 132, 128, 114]
1542967096569;[171, 0, 17, 255, 161, 74, 239, 32, 91, 1, 0, 167, 0, 0, 75, 1, 0, 190, 6, 56]
1542967096571;[171, 0, 17, 255, 161, 74, 239, 32, 91, 1, 0, 151, 1, 0, 165, 1, 0, 196, 5, 59]
1542967096709;[171, 0, 17, 255, 161, 74, 239, 32, 91, 1, 0, 185, 0, 0, 168, 0, 0, 41, 5, 214]
1542967096712;[171, 0, 17, 255, 161, 74, 239, 32, 91, 1, 1, 6, 1, 0, 157, 0, 0, 64, 6, 164]
1542967096881;[171, 0, 17, 255, 161, 74, 239, 32, 91, 1, 0, 201, 1, 0, 131, 0, 0, 127, 7, 193]
1542967096885;[171, 0, 17, 255, 161, 74, 239, 32, 91, 0, 0, 108, 0, 0, 153, 1, 0, 71, 7, 223]
1542967097054;[171, 0, 17, 255, 161, 74, 239, 32, 91, 0, 0, 140, 0, 0, 225, 0, 0, 64, 8, 116]
1542967097227;[171, 0, 17, 255, 161, 74, 239, 32, 92, 1, 0, 227, 0, 0, 18, 0, 0, 135, 9, 34]
1542967097231;[171, 0, 17, 255, 161, 74, 239, 32, 92, 1, 0, 180, 0, 0, 84, 0, 0, 120, 10, 96]
1542967097399;[171, 0, 17, 255, 161, 74, 239, 32, 92, 1, 1, 5, 0, 0, 68, 0, 0, 87, 12, 95]
1542967097402;[171, 0, 4, 255, 132, 128, 114]
1542967097744;[171, 0, 17, 255, 161, 74, 239, 32, 92, 1, 0, 229, 0, 0, 67, 0, 0, 142, 14, 17]
1542967097748;[171, 0, 17, 255, 161, 74, 239, 32, 92, 1, 0, 222, 0, 0, 71, 0, 0, 107, 14, 17]
1542967097752;[171, 0, 17, 255, 161, 74, 239, 32, 92, 1, 0, 223, 0, 0, 99, 0, 0, 122, 14, 177]
1542967098090;[171, 0, 17, 255, 161, 74, 239, 32, 92, 1, 1, 2, 0, 0, 42, 0, 0, 112, 31, 69]
1542967098094;[171, 0, 17, 255, 161, 74, 239, 32, 92, 1, 0, 220, 0, 0, 93, 0, 0, 127, 10, 30]
1542967098098;[171, 0, 17, 255, 161, 74, 239, 32, 92, 1, 0, 241, 0, 0, 86, 0, 0, 123, 11, 8]
1542967098102;[171, 0, 17, 255, 161, 74, 239, 32, 92, 1, 0, 203, 0, 0, 19, 0, 0, 111, 10, 223]
1542967098262;[171, 0, 17, 255, 161, 74, 239, 32, 93, 1, 1, 61, 1, 0, 137, 0, 0, 171, 10, 162]
1542967098265;[171, 0, 17, 255, 161, 74, 239, 32, 93, 1, 0, 203, 0, 0, 45, 0, 0, 115, 9, 230]
1542967098606;[171, 0, 17, 255, 161, 74, 239, 32, 95, 1, 0, 170, 0, 0, 134, 0, 0, 213, 8, 232]
1542967099126;[171, 0, 17, 255, 161, 74, 239, 32, 95, 1, 0, 148, 0, 0, 113, 0, 0, 38, 8, 246]
1542967099130;[171, 0, 17, 255, 161, 74, 239, 32, 95, 1, 0, 216, 0, 0, 63, 1, 0, 13, 8, 117]
1542967099134;[171, 0, 17, 255, 161, 74, 239, 32, 95, 1, 1, 86, 0, 0, 47, 0, 0, 97, 8, 14]
1542967099138;[171, 0, 17, 255, 161, 74, 239, 32, 95, 1, 0, 248, 0, 0, 44, 0, 0, 31, 7, 205]
1542967099297;[171, 0, 17, 255, 161, 74, 239, 32, 95, 1, 0, 248, 1, 0, 45, 0, 0, 14, 7, 124]
1542967099301;[171, 0, 17, 255, 161, 74, 239, 32, 95, 1, 1, 42, 0, 0, 21, 1, 0, 36, 7, 114]
1542967099305;[171, 0, 17, 255, 161, 74, 239, 32, 96, 1, 1, 6, 1, 0, 63, 0, 0, 4, 6, 250]
1542967099469;[171, 0, 17, 255, 161, 74, 239, 32, 96, 1, 0, 250, 1, 0, 73, 0, 0, 44, 6, 125]
1542967099472;[171, 0, 17, 255, 161, 74, 239, 32, 96, 1, 0, 241, 1, 0, 77, 0, 0, 43, 5, 211]
1542967099641;[171, 0, 4, 255, 132, 128, 114]
1542967099988;[171, 0, 17, 255, 161, 74, 239, 32, 96, 1, 0, 248, 1, 0, 68, 0, 0, 15, 5, 104]
1542967099992;[171, 0, 17, 255, 161, 74, 239, 32, 96, 1, 0, 245, 1, 0, 61, 0, 0, 28, 5, 56]
1542967099996;[171, 0, 17, 255, 161, 74, 239, 32, 96, 1, 0, 245, 1, 0, 64, 0, 0, 13, 4, 228]
1542967100000;[171, 0, 17, 255, 161, 74, 239, 32, 96, 1, 0, 247, 1, 0, 61, 0, 0, 17, 4, 104]
1542967100332;[171, 0, 17, 255, 161, 74, 239, 32, 96, 1, 0, 246, 1, 0, 62, 0, 0, 18, 3, 236]
1542967100336;[171, 0, 17, 255, 161, 74, 239, 32, 96, 1, 0, 249, 1, 0, 62, 0, 0, 17, 3, 125]
1542967100340;[171, 0, 17, 255, 161, 74, 239, 32, 96, 1, 0, 251, 1, 0, 60, 0, 0, 13, 3, 83]
1542967100504;[171, 0, 17, 255, 161, 74, 239, 32, 97, 1, 0, 254, 1, 0, 58, 0, 0, 17, 3, 8]
1542967100507;[171, 0, 17, 255, 161, 74, 239, 32, 97, 1, 0, 248, 1, 0, 55, 0, 0, 28, 2, 110]
1542967100680;[171, 0, 17, 255, 161, 74, 239, 32, 97, 1, 0, 253, 1, 0, 52, 0, 0, 3, 1, 236]
1542967100682;[171, 0, 4, 255, 132, 128, 114]
1542967100849;[171, 0, 17, 255, 161, 74, 239, 32, 97, 1, 0, 253, 1, 0, 47, 1, 0, 5, 1, 122]
1542967101022;[171, 0, 17, 255, 161, 74, 239, 32, 97, 1, 0, 243, 1, 0, 56, 0, 0, 7, 1, 74]
1542967101026;[171, 0, 17, 255, 161, 74, 239, 32, 97, 1, 0, 250, 1, 0, 49, 1, 0, 3, 1, 6]
1542967101194;[171, 0, 17, 255, 161, 74, 239, 32, 97, 1, 0, 247, 1, 0, 51, 1, 0, 6, 16, 178]
1542967101198;[171, 0, 17, 255, 161, 74, 239, 32, 97, 1, 0, 249, 1, 0, 51, 1, 0, 8, 7, 125]
1542967101539;[171, 0, 17, 255, 161, 74, 239, 32, 97, 1, 0, 251, 1, 0, 49, 1, 0, 8, 7, 51]
1542967101544;[171, 0, 17, 255, 161, 74, 239, 32, 97, 1, 0, 248, 1, 0, 51, 1, 0, 10, 7, 3]
1542967101570;[171, 0, 17, 255, 161, 74, 239, 32, 98, 1, 0, 249, 1, 0, 48, 1, 0, 12, 6, 188]
1542967101711;[171, 0, 17, 255, 161, 74, 239, 32, 98, 1, 0, 246, 1, 0, 49, 1, 0, 17, 6, 99]
1542967101715;[171, 0, 17, 255, 161, 74, 239, 32, 98, 1, 0, 252, 1, 0, 46, 1, 0, 19, 6, 32]
1542967101884;[171, 0, 4, 255, 132, 128, 114]
1542967101911;[171, 0, 17, 255, 161, 74, 239, 32, 98, 1, 0, 251, 1, 0, 47, 1, 0, 16, 5, 212]
1542967102060;[171, 0, 17, 255, 161, 74, 239, 32, 98, 1, 0, 248, 1, 0, 48, 1, 0, 17, 5, 212]
1542967102231;[171, 0, 17, 255, 161, 74, 239, 32, 98, 1, 0, 248, 1, 0, 46, 1, 0, 17, 5, 158]
1542967102233;[171, 0, 17, 255, 161, 74, 239, 32, 98, 1, 0, 247, 1, 0, 45, 1, 0, 18, 5, 95]
1542967102402;[171, 0, 17, 255, 161, 74, 239, 32, 98, 1, 0, 249, 1, 0, 46, 1, 0, 19, 5, 52]
1542967102406;[171, 0, 17, 255, 161, 74, 239, 32, 98, 1, 0, 250, 1, 0, 45, 1, 0, 20, 4, 251]
1542967102570;[171, 0, 17, 255, 161, 74, 239, 32, 98, 1, 0, 247, 1, 0, 47, 1, 0, 18, 4, 241]
1542967102574;[171, 0, 17, 255, 161, 74, 239, 32, 99, 1, 0, 248, 1, 0, 47, 1, 0, 17, 4, 204]
1542967102920;[171, 0, 17, 255, 161, 74, 239, 32, 99, 1, 0, 250, 1, 0, 48, 1, 0, 17, 4, 149]
1542967102923;[171, 0, 17, 255, 161, 74, 239, 32, 99, 1, 0, 253, 1, 0, 47, 1, 0, 19, 4, 103]
1542967102927;[171, 0, 4, 255, 132, 128, 114]
1542967103092;[171, 0, 17, 255, 161, 74, 239, 32, 99, 1, 0, 249, 1, 0, 46, 1, 0, 18, 4, 59]
1542967103095;[171, 0, 17, 255, 161, 74, 239, 32, 99, 1, 0, 249, 1, 0, 46, 1, 0, 17, 4, 44]
1542967103264;[171, 0, 17, 255, 161, 74, 239, 32, 99, 1, 0, 248, 1, 0, 47, 1, 0, 18, 4, 13]
1542967103267;[171, 0, 17, 255, 161, 74, 239, 32, 99, 1, 0, 250, 1, 0, 47, 1, 0, 18, 3, 221]
1542967103437;[171, 0, 17, 255, 161, 74, 239, 32, 99, 1, 0, 248, 1, 0, 47, 1, 0, 18, 3, 178]
1542967103608;[171, 0, 17, 255, 161, 74, 239, 32, 99, 1, 0, 249, 1, 0, 47, 1, 0, 17, 3, 127]
1542967103612;[171, 0, 17, 255, 161, 74, 239, 32, 99, 1, 0, 249, 1, 0, 46, 1, 0, 16, 3, 92]
1542967103782;[171, 0, 17, 255, 161, 74, 239, 32, 100, 1, 0, 249, 1, 0, 47, 1, 0, 18, 3, 92]
1542967103785;[171, 0, 17, 255, 161, 74, 239, 32, 100, 1, 0, 251, 1, 0, 47, 1, 0, 17, 3, 60]
1542967104128;[171, 0, 17, 255, 161, 74, 239, 32, 100, 1, 0, 250, 1, 0, 46, 1, 0, 17, 3, 14]
1542967104132;[171, 0, 4, 255, 132, 128, 114]
1542967104159;[171, 0, 17, 255, 161, 74, 239, 32, 100, 1, 0, 249, 1, 0, 46, 1, 0, 18, 2, 229]
1542967104300;[171, 0, 17, 255, 161, 74, 239, 32, 100, 1, 1, 3, 1, 0, 45, 1, 0, 14, 2, 197]
1542967104303;[171, 0, 17, 255, 161, 74, 239, 32, 100, 1, 1, 3, 1, 0, 20, 1, 0, 22, 2, 183]
1542967104644;[171, 0, 17, 255, 161, 74, 239, 32, 100, 1, 0, 244, 1, 0, 25, 1, 0, 33, 2, 231]
1542967104648;[171, 0, 17, 255, 161, 74, 239, 32, 100, 1, 0, 227, 1, 0, 35, 1, 0, 40, 3, 29]
1542967104652;[171, 0, 17, 255, 161, 74, 239, 32, 100, 1, 0, 245, 1, 0, 19, 1, 0, 36, 3, 67]
1542967104819;[171, 0, 17, 255, 161, 74, 239, 32, 100, 1, 0, 239, 1, 0, 25, 1, 0, 38, 3, 91]
1542967104821;[171, 0, 17, 255, 161, 74, 239, 32, 101, 1, 1, 13, 1, 0, 5, 1, 0, 32, 3, 85]
1542967104990;[171, 0, 17, 255, 161, 74, 239, 32, 101, 1, 0, 242, 1, 0, 10, 1, 0, 50, 3, 44]
1542967104994;[171, 0, 17, 255, 161, 74, 239, 32, 101, 1, 1, 1, 1, 0, 21, 1, 0, 73, 3, 48]
1542967105161;[171, 0, 4, 255, 132, 128, 115]
1542967105188;[171, 0, 17, 255, 161, 74, 239, 32, 101, 1, 0, 240, 1, 0, 34, 1, 0, 71, 2, 155]
1542967105506;[171, 0, 17, 255, 161, 74, 239, 32, 101, 1, 0, 216, 1, 0, 32, 1, 0, 94, 2, 20]
1542967105510;[171, 0, 17, 255, 161, 74, 239, 32, 101, 1, 0, 201, 1, 0, 32, 1, 0, 128, 1, 195]
1542967105514;[171, 0, 17, 255, 161, 74, 239, 32, 101, 1, 0, 197, 1, 0, 65, 1, 0, 151, 1, 199]
1542967105686;[171, 0, 17, 255, 161, 74, 239, 32, 101, 1, 0, 124, 1, 0, 97, 1, 0, 188, 1, 66]
1542967105688;[171, 0, 17, 255, 161, 74, 239, 32, 101, 1, 0, 106, 1, 0, 110, 1, 0, 201, 16, 159]
1542967105851;[171, 0, 17, 255, 161, 74, 239, 32, 101, 1, 0, 117, 1, 0, 116, 1, 0, 188, 7, 62]
1542967106024;[171, 0, 17, 255, 161, 74, 239, 32, 102, 1, 0, 86, 1, 0, 143, 1, 0, 174, 6, 254]
1542967106027;[171, 0, 17, 255, 161, 74, 239, 32, 102, 1, 0, 77, 1, 0, 128, 1, 0, 180, 7, 48]
1542967106195;[171, 0, 17, 255, 161, 74, 239, 32, 102, 1, 0, 62, 1, 0, 110, 1, 0, 211, 7, 135]
1542967106199;[171, 0, 4, 255, 132, 128, 115]
1542967106369;[171, 0, 17, 255, 161, 74, 239, 32, 102, 1, 0, 237, 1, 0, 50, 1, 0, 221, 7, 176]
1542967106372;[171, 0, 17, 255, 161, 74, 239, 32, 102, 1, 0, 173, 1, 0, 50, 1, 0, 128, 7, 129]
1542967106887;[171, 0, 17, 255, 161, 74, 239, 32, 102, 1, 0, 137, 1, 0, 64, 1, 0, 190, 7, 160]
1542967106891;[171, 0, 17, 255, 161, 74, 239, 32, 102, 1, 0, 118, 1, 0, 62, 1, 0, 241, 7, 147]
1542967106895;[171, 0, 17, 255, 161, 74, 239, 32, 102, 1, 0, 123, 1, 0, 56, 1, 0, 169, 7, 239]
1542967107062;[171, 0, 17, 255, 161, 74, 239, 32, 102, 1, 0, 168, 1, 0, 101, 1, 0, 196, 8, 33]
1542967107066;[171, 0, 17, 255, 161, 74, 239, 32, 102, 1, 0, 106, 1, 0, 86, 1, 0, 223, 8, 15]
1542967107071;[171, 0, 17, 255, 161, 74, 239, 32, 103, 1, 0, 76, 1, 0, 83, 1, 0, 165, 8, 35]
1542967107074;[171, 0, 17, 255, 161, 74, 239, 32, 103, 1, 0, 129, 1, 0, 49, 1, 0, 201, 8, 39]
1542967107231;[171, 0, 17, 255, 161, 74, 239, 32, 103, 0, 0, 44, 1, 0, 65, 1, 0, 220, 8, 29]
1542967107403;[171, 0, 4, 255, 132, 128, 115]
1542967107430;[171, 0, 17, 255, 161, 74, 239, 32, 103, 1, 0, 6, 1, 0, 79, 1, 0, 165, 8, 181]
1542967107577;[171, 0, 17, 255, 161, 74, 239, 32, 103, 1, 1, 13, 1, 1, 233, 0, 0, 121, 9, 49]
1542967107581;[171, 0, 17, 255, 161, 74, 239, 32, 103, 0, 0, 205, 1, 2, 85, 1, 0, 53, 8, 208]
1542967108096;[171, 0, 17, 255, 161, 74, 239, 32, 103, 0, 0, 24, 1, 0, 177, 1, 0, 82, 9, 45]
1542967108100;[171, 0, 17, 255, 161, 74, 239, 32, 103, 0, 0, 10, 1, 1, 10, 1, 0, 86, 9, 90]
1542967108104;[171, 0, 17, 255, 161, 74, 239, 32, 103, 1, 0, 8, 1, 0, 228, 1, 0, 107, 9, 253]
1542967108108;[171, 0, 17, 255, 161, 74, 239, 32, 103, 1, 0, 42, 1, 0, 211, 1, 0, 107, 10, 164]
1542967108267;[171, 0, 17, 255, 161, 74, 239, 32, 104, 1, 0, 63, 1, 0, 242, 1, 0, 122, 10, 244]
1542967108274;[171, 0, 17, 255, 161, 74, 239, 32, 104, 1, 0, 10, 1, 0, 172, 1, 0, 126, 11, 7]
1542967108275;[171, 0, 17, 255, 161, 74, 239, 32, 104, 0, 0, 67, 1, 0, 140, 1, 0, 131, 11, 36]
1542967108439;[171, 0, 4, 255, 132, 128, 115]
1542967108612;[171, 0, 17, 255, 161, 74, 239, 32, 104, 0, 0, 60, 1, 1, 12, 1, 0, 108, 11, 51]
1542967108615;[171, 0, 17, 255, 161, 74, 239, 32, 104, 0, 0, 55, 1, 0, 250, 1, 0, 197, 12, 97]
1542967108783;[171, 0, 17, 255, 161, 74, 239, 32, 104, 1, 0, 66, 1, 0, 188, 1, 0, 40, 13, 65]
1542967108787;[171, 0, 17, 255, 161, 74, 239, 32, 104, 1, 0, 50, 1, 0, 213, 1, 0, 117, 13, 144]
1542967108955;[171, 0, 17, 255, 161, 74, 239, 32, 104, 1, 0, 67, 1, 0, 224, 1, 0, 103, 13, 183]
1542967109302;[171, 0, 17, 255, 161, 74, 239, 32, 104, 1, 0, 66, 1, 0, 200, 1, 0, 128, 13, 172]
1542967109306;[171, 0, 17, 255, 161, 74, 239, 32, 104, 1, 0, 54, 1, 0, 201, 1, 0, 104, 13, 197]
1542967109310;[171, 0, 17, 255, 161, 74, 239, 32, 105, 1, 0, 29, 1, 0, 234, 1, 0, 59, 14, 220]
1542967109314;[171, 0, 17, 255, 161, 74, 239, 32, 105, 1, 0, 3, 1, 0, 231, 1, 0, 51, 31, 87]
1542967109474;[171, 0, 17, 255, 161, 74, 239, 32, 105, 0, 0, 45, 1, 0, 249, 1, 0, 19, 8, 50]
1542967109477;[171, 0, 4, 255, 132, 128, 114]
1542967109646;[171, 0, 17, 255, 161, 74, 239, 32, 105, 0, 0, 70, 1, 0, 227, 1, 0, 10, 8, 127]
1542967109819;[171, 0, 17, 255, 161, 74, 239, 32, 105, 0, 0, 67, 1, 0, 231, 0, 0, 27, 8, 146]
1542967109824;[171, 0, 17, 255, 161, 74, 239, 32, 105, 0, 0, 67, 1, 0, 235, 0, 0, 67, 8, 197]
1542967109990;[171, 0, 17, 255, 161, 74, 239, 32, 105, 0, 0, 100, 1, 0, 206, 0, 0, 93, 10, 87]
1542967109994;[171, 0, 17, 255, 161, 74, 239, 32, 105, 0, 0, 96, 1, 0, 217, 0, 0, 90, 11, 5]
1542967110164;[171, 0, 17, 255, 161, 74, 239, 32, 105, 0, 0, 83, 1, 0, 223, 0, 0, 80, 11, 68]
1542967110168;[171, 0, 17, 255, 161, 74, 239, 32, 105, 0, 0, 68, 1, 0, 235, 0, 0, 57, 11, 106]
1542967110510;[171, 0, 17, 255, 161, 74, 239, 32, 106, 0, 0, 11, 1, 0, 214, 1, 0, 2, 11, 105]
1542967110514;[171, 0, 17, 255, 161, 74, 239, 32, 106, 0, 0, 63, 1, 0, 235, 1, 0, 1, 12, 126]
1542967110517;[171, 0, 17, 255, 161, 74, 239, 32, 106, 0, 0, 83, 1, 0, 248, 0, 0, 37, 12, 126]
1542967110854;[171, 0, 4, 255, 132, 128, 114]
1542967111028;[171, 0, 17, 255, 161, 74, 239, 32, 106, 0, 0, 57, 1, 0, 233, 0, 0, 22, 12, 154]
1542967111031;[171, 0, 17, 255, 161, 74, 239, 32, 106, 0, 0, 30, 1, 0, 225, 1, 0, 42, 12, 115]
1542967111036;[171, 0, 17, 255, 161, 74, 239, 32, 106, 0, 0, 32, 1, 0, 220, 1, 0, 76, 12, 31]
1542967111039;[171, 0, 17, 255, 161, 74, 239, 32, 106, 0, 0, 61, 1, 0, 194, 1, 0, 108, 11, 187]
1542967111889;[171, 0, 17, 255, 161, 74, 239, 32, 106, 1, 0, 67, 1, 2, 45, 1, 0, 110, 12, 148]
1542967111893;[171, 0, 17, 255, 161, 74, 239, 32, 106, 1, 0, 52, 1, 0, 145, 1, 0, 191, 12, 143]
1542967111897;[171, 0, 17, 255, 161, 74, 239, 32, 106, 1, 1, 157, 1, 0, 204, 0, 0, 51, 12, 98]
1542967111901;[171, 0, 17, 255, 161, 74, 239, 32, 107, 1, 1, 16, 1, 0, 222, 0, 0, 38, 12, 89]
1542967112059;[171, 0, 17, 255, 161, 74, 239, 32, 107, 1, 1, 0, 0, 0, 147, 0, 0, 54, 12, 61]
1542967112063;[171, 0, 17, 255, 161, 74, 239, 32, 107, 1, 0, 211, 0, 1, 90, 0, 0, 53, 12, 199]
1542967112066;[171, 0, 4, 255, 132, 128, 113]
1542967112089;[171, 0, 17, 255, 161, 74, 239, 32, 107, 1, 1, 103, 1, 0, 63, 0, 0, 32, 12, 211]
1542967112234;[171, 0, 17, 255, 161, 74, 239, 32, 107, 1, 0, 150, 0, 0, 33, 0, 0, 206, 13, 123]
1542967112238;[171, 0, 17, 255, 161, 74, 239, 32, 107, 1, 0, 204, 0, 0, 3, 0, 0, 211, 13, 58]
1542967112242;[171, 0, 17, 255, 161, 74, 239, 32, 107, 1, 0, 220, 1, 0, 23, 0, 0, 137, 11, 76]
1542967112406;[171, 0, 17, 255, 161, 74, 239, 32, 107, 1, 0, 240, 1, 0, 5, 0, 0, 120, 9, 194]
1542967112579;[171, 0, 17, 255, 161, 74, 239, 32, 107, 1, 0, 246, 1, 0, 10, 0, 0, 100, 9, 36]
1542967112583;[171, 0, 17, 255, 161, 74, 239, 32, 107, 1, 0, 246, 0, 0, 7, 0, 0, 89, 8, 190]
1542967112587;[171, 0, 17, 255, 161, 74, 239, 32, 108, 1, 0, 249, 0, 0, 3, 0, 0, 75, 8, 91]
1542967112751;[171, 0, 17, 255, 161, 74, 239, 32, 108, 1, 0, 247, 0, 0, 3, 0, 0, 78, 8, 136]
1542967113268;[171, 0, 17, 255, 161, 74, 239, 32, 108, 1, 0, 239, 1, 0, 6, 0, 0, 85, 8, 133]
1542967113615;[171, 0, 4, 255, 132, 128, 112]
1542967113642;[171, 0, 17, 255, 161, 74, 239, 32, 108, 1, 0, 246, 0, 0, 5, 0, 0, 83, 8, 82]
1542967113644;[171, 0, 17, 255, 161, 74, 239, 32, 108, 1, 0, 239, 0, 0, 4, 0, 0, 91, 8, 25]
1542967113645;[171, 0, 17, 255, 161, 74, 239, 32, 108, 1, 0, 240, 0, 0, 2, 0, 0, 101, 8, 170]
1542967113788;[171, 0, 17, 255, 161, 74, 239, 32, 108, 1, 0, 239, 0, 0, 1, 0, 0, 118, 8, 16]
1542967113792;[171, 0, 17, 255, 161, 74, 239, 32, 108, 1, 0, 228, 0, 0, 2, 0, 0, 109, 7, 182]
1542967113796;[171, 0, 17, 255, 161, 74, 239, 32, 108, 1, 0, 233, 0, 0, 3, 0, 0, 133, 6, 208]
1542967113800;[171, 0, 17, 255, 161, 74, 239, 32, 108, 1, 0, 232, 1, 0, 2, 0, 0, 129, 5, 46]
1542967114478;[171, 0, 17, 255, 161, 74, 239, 32, 109, 1, 0, 236, 1, 0, 16, 0, 0, 106, 4, 26]
1542967114482;[171, 0, 17, 255, 161, 74, 239, 32, 109, 1, 0, 240, 1, 0, 7, 0, 0, 86, 4, 26]
1542967114486;[171, 0, 17, 255, 161, 74, 239, 32, 109, 1, 0, 243, 1, 0, 10, 0, 0, 93, 3, 196]
1542967114490;[171, 0, 4, 255, 132, 128, 112]
1542967114995;[171, 0, 17, 255, 161, 74, 239, 32, 109, 1, 0, 244, 1, 0, 9, 0, 0, 91, 3, 147]
1542967114999;[171, 0, 17, 255, 161, 74, 239, 32, 109, 1, 0, 246, 1, 0, 7, 0, 0, 93, 3, 99]
1542967115003;[171, 0, 17, 255, 161, 74, 239, 32, 109, 1, 0, 244, 1, 0, 8, 0, 0, 94, 3, 87]
1542967115007;[171, 0, 17, 255, 161, 74, 239, 32, 109, 1, 0, 245, 1, 0, 7, 0, 0, 95, 3, 71]
1542967115167;[171, 0, 17, 255, 161, 74, 239, 32, 109, 1, 0, 242, 1, 0, 8, 0, 0, 93, 3, 25]
1542967115170;[171, 0, 17, 255, 161, 74, 239, 32, 109, 1, 0, 244, 1, 0, 4, 0, 0, 95, 3, 3]
1542967115175;[171, 0, 17, 255, 161, 74, 239, 32, 109, 1, 0, 241, 1, 0, 4, 0, 0, 96, 2, 227]
1542967115701;[171, 0, 17, 255, 161, 74, 239, 32, 110, 1, 0, 243, 1, 0, 4, 0, 0, 97, 2, 208]
1542967115703;[171, 0, 17, 255, 161, 74, 239, 32, 110, 1, 0, 244, 1, 0, 4, 0, 0, 92, 2, 195]
1542967115705;[171, 0, 17, 255, 161, 74, 239, 32, 110, 1, 0, 244, 1, 0, 6, 0, 0, 94, 2, 167]
1542967115707;[171, 0, 4, 255, 132, 128, 111]
1542967115858;[171, 0, 17, 255, 161, 74, 239, 32, 110, 1, 0, 244, 1, 0, 7, 0, 0, 89, 2, 148]
1542967115862;[171, 0, 17, 255, 161, 74, 239, 32, 110, 1, 0, 244, 1, 0, 7, 0, 0, 95, 2, 114]
1542967115866;[171, 0, 17, 255, 161, 74, 239, 32, 110, 1, 0, 248, 1, 0, 4, 0, 0, 89, 2, 76]
1542967115871;[171, 0, 17, 255, 161, 74, 239, 32, 110, 1, 0, 245, 1, 0, 6, 0, 0, 87, 2, 32]
1542967116029;[171, 0, 17, 255, 161, 74, 239, 32, 110, 1, 0, 194, 0, 0, 91, 0, 0, 87, 1, 210]
1542967116033;[171, 0, 17, 255, 161, 74, 239, 32, 110, 1, 0, 245, 1, 0, 7, 0, 0, 84, 1, 177]
1542967116202;[171, 0, 17, 255, 161, 74, 239, 32, 110, 1, 0, 247, 1, 0, 8, 0, 0, 82, 1, 130]
1542967116206;[171, 0, 17, 255, 161, 74, 239, 32, 111, 1, 0, 244, 1, 0, 11, 0, 0, 86, 1, 90]
1542967116374;[171, 0, 17, 255, 161, 74, 239, 32, 111, 1, 0, 246, 1, 0, 8, 0, 0, 89, 1, 44]
1542967116545;[171, 0, 17, 255, 161, 74, 239, 32, 113, 1, 0, 233, 1, 0, 3, 0, 0, 154, 6, 115]
1542967117064;[171, 0, 17, 255, 161, 74, 239, 32, 113, 1, 0, 232, 1, 0, 3, 0, 0, 125, 5, 220]
1542967117067;[171, 0, 17, 255, 161, 74, 239, 32, 113, 1, 0, 235, 1, 0, 4, 0, 0, 113, 5, 98]
1542967117237;[171, 0, 17, 255, 161, 74, 239, 32, 113, 1, 0, 238, 1, 0, 2, 0, 0, 107, 5, 23]
1542967117241;[171, 0, 17, 255, 161, 74, 239, 32, 113, 1, 0, 241, 1, 0, 4, 0, 0, 106, 4, 242]
1542967117244;[171, 0, 17, 255, 161, 74, 239, 32, 113, 1, 0, 237, 1, 0, 1, 0, 0, 99, 4, 215]
1542967117410;[171, 0, 17, 255, 161, 74, 239, 32, 113, 1, 0, 240, 1, 0, 2, 0, 0, 99, 4, 226]
1542967117414;[171, 0, 17, 255, 161, 74, 239, 32, 114, 1, 0, 243, 1, 0, 3, 0, 0, 105, 4, 235]
1542967117418;[171, 0, 17, 255, 161, 74, 239, 32, 114, 1, 0, 241, 1, 0, 3, 0, 0, 104, 4, 238]
1542967117581;[171, 0, 17, 255, 161, 74, 239, 32, 114, 1, 0, 239, 1, 0, 2, 0, 0, 105, 4, 236]
1542967117585;[171, 0, 4, 255, 132, 128, 110]
1542967117754;[171, 0, 17, 255, 161, 74, 239, 32, 114, 1, 0, 243, 1, 0, 2, 0, 0, 105, 4, 237]
1542967118274;[171, 0, 17, 255, 161, 74, 239, 32, 114, 1, 0, 242, 1, 0, 3, 0, 0, 105, 4, 238]
1542967118278;[171, 0, 17, 255, 161, 74, 239, 32, 114, 1, 0, 239, 1, 0, 3, 0, 0, 106, 4, 230]
1542967118281;[171, 0, 17, 255, 161, 74, 239, 32, 114, 1, 0, 241, 1, 0, 1, 0, 0, 106, 4, 217]
1542967118288;[171, 0, 17, 255, 161, 74, 239, 32, 114, 1, 0, 241, 1, 0, 3, 0, 0, 106, 4, 191]
1542967118618;[171, 0, 17, 255, 161, 74, 239, 32, 114, 1, 0, 240, 1, 0, 3, 0, 0, 104, 4, 180]
1542967118622;[171, 0, 17, 255, 161, 74, 239, 32, 114, 1, 0, 241, 1, 0, 2, 0, 0, 103, 4, 180]
1542967118627;[171, 0, 17, 255, 161, 74, 239, 32, 115, 1, 0, 240, 1, 0, 5, 0, 0, 100, 4, 211]
1542967118631;[171, 0, 17, 255, 161, 74, 239, 32, 115, 1, 0, 239, 1, 0, 3, 0, 0, 107, 4, 184]
1542967118790;[171, 0, 17, 255, 161, 74, 239, 32, 115, 1, 0, 242, 1, 0, 3, 0, 0, 98, 4, 154]
1542967118794;[171, 0, 4, 255, 132, 128, 110]
1542967118820;[171, 0, 17, 255, 161, 74, 239, 32, 115, 1, 0, 237, 1, 0, 12, 0, 0, 98, 4, 115]
1542967119134;[171, 0, 17, 255, 161, 74, 239, 32, 115, 1, 0, 244, 1, 0, 3, 0, 0, 97, 4, 116]
1542967119138;[171, 0, 17, 255, 161, 74, 239, 32, 115, 1, 0, 245, 1, 0, 3, 0, 0, 91, 4, 83]
1542967119142;[171, 0, 17, 255, 161, 74, 239, 32, 115, 1, 0, 246, 1, 0, 3, 0, 0, 87, 4, 78]
1542967119481;[171, 0, 17, 255, 161, 74, 239, 32, 115, 1, 0, 246, 1, 0, 4, 0, 0, 87, 4, 80]
1542967119485;[171, 0, 17, 255, 161, 74, 239, 32, 115, 1, 0, 249, 1, 0, 5, 0, 0, 84, 4, 84]
1542967119489;[171, 0, 17, 255, 161, 74, 239, 32, 115, 1, 0, 248, 1, 0, 5, 0, 0, 84, 4, 89]
1542967119493;[171, 0, 17, 255, 161, 74, 239, 32, 116, 1, 0, 244, 1, 0, 5, 0, 0, 84, 4, 91]
1542967119651;[171, 0, 17, 255, 161, 74, 239, 32, 116, 1, 0, 245, 1, 0, 4, 0, 0, 82, 4, 88]
1542967119823;[171, 0, 17, 255, 161, 74, 239, 32, 116, 1, 0, 247, 1, 0, 6, 0, 0, 82, 4, 94]
1542967119827;[171, 0, 4, 255, 132, 128, 110]
1542967119996;[171, 0, 17, 255, 161, 74, 239, 32, 116, 1, 0, 247, 1, 0, 4, 0, 0, 81, 4, 87]
1542967120169;[171, 0, 17, 255, 161, 74, 239, 32, 116, 1, 0, 248, 1, 0, 6, 0, 0, 79, 4, 80]
1542967120173;[171, 0, 17, 255, 161, 74, 239, 32, 116, 1, 0, 247, 1, 0, 8, 0, 0, 78, 4, 94]
1542967120177;[171, 0, 17, 255, 161, 74, 239, 32, 116, 1, 0, 248, 1, 0, 6, 0, 0, 79, 4, 103]
1542967120342;[171, 0, 17, 255, 161, 74, 239, 32, 116, 1, 0, 249, 1, 0, 8, 0, 0, 80, 4, 108]
1542967120514;[171, 0, 17, 255, 161, 74, 239, 32, 116, 1, 0, 249, 1, 0, 5, 0, 0, 77, 4, 104]
1542967120518;[171, 0, 17, 255, 161, 74, 239, 32, 116, 1, 0, 248, 1, 0, 8, 0, 0, 77, 4, 111]
1542967121033;[171, 0, 17, 255, 161, 74, 239, 32, 117, 1, 0, 250, 1, 0, 9, 0, 0, 76, 4, 124]
1542967121037;[171, 0, 17, 255, 161, 74, 239, 32, 117, 1, 0, 249, 1, 0, 7, 0, 0, 75, 4, 134]
1542967121202;[171, 0, 17, 255, 161, 74, 239, 32, 117, 1, 0, 247, 1, 0, 8, 0, 0, 76, 4, 149]
1542967121206;[171, 0, 4, 255, 132, 128, 110]
1542967121230;[171, 0, 17, 255, 161, 74, 239, 32, 117, 1, 0, 250, 1, 0, 7, 0, 0, 76, 4, 158]
1542967121231;[171, 0, 17, 255, 161, 74, 239, 32, 117, 1, 0, 247, 1, 0, 7, 0, 0, 76, 4, 158]
1542967121378;[171, 0, 17, 255, 161, 74, 239, 32, 117, 1, 0, 250, 1, 0, 9, 0, 0, 77, 4, 156]
1542967121383;[171, 0, 17, 255, 161, 74, 239, 32, 117, 1, 0, 247, 1, 0, 7, 0, 0, 76, 4, 154]
1542967121388;[171, 0, 17, 255, 161, 74, 239, 32, 117, 1, 0, 247, 1, 0, 7, 0, 0, 75, 4, 158]
1542967121548;[171, 0, 17, 255, 161, 74, 239, 32, 117, 1, 0, 249, 1, 0, 7, 0, 0, 76, 4, 164]
1542967122067;[171, 0, 17, 255, 161, 74, 239, 32, 117, 1, 0, 247, 1, 0, 9, 0, 0, 75, 4, 162]
1542967122071;[171, 0, 17, 255, 161, 74, 239, 32, 118, 1, 0, 249, 1, 0, 10, 0, 0, 77, 4, 175]
1542967122075;[171, 0, 17, 255, 161, 74, 239, 32, 118, 1, 0, 248, 1, 0, 7, 0, 0, 79, 4, 199]
1542967122079;[171, 0, 17, 255, 161, 74, 239, 32, 118, 1, 0, 245, 1, 0, 5, 0, 0, 86, 5, 63]
1542967122585;[171, 0, 4, 255, 132, 128, 109]
1542967122612;[171, 0, 17, 255, 161, 74, 239, 32, 118, 1, 0, 240, 1, 0, 6, 0, 0, 104, 5, 132]
1542967122614;[171, 0, 17, 255, 161, 74, 239, 32, 118, 1, 0, 242, 1, 0, 6, 0, 0, 104, 5, 91]
1542967122615;[171, 0, 17, 255, 161, 74, 239, 32, 118, 1, 0, 239, 1, 0, 4, 0, 0, 101, 5, 62]
1542967122931;[171, 0, 17, 255, 161, 74, 239, 32, 118, 1, 0, 240, 1, 0, 6, 0, 0, 108, 5, 35]
1542967122935;[171, 0, 17, 255, 161, 74, 239, 32, 118, 1, 0, 240, 1, 0, 7, 0, 0, 105, 4, 225]
1542967122939;[171, 0, 17, 255, 161, 74, 239, 32, 118, 1, 0, 240, 1, 0, 6, 0, 0, 99, 4, 122]
1542967122943;[171, 0, 17, 255, 161, 74, 239, 32, 118, 1, 0, 242, 1, 0, 4, 0, 0, 96, 4, 74]
1542967123448;[171, 0, 17, 255, 161, 74, 239, 32, 119, 1, 0, 243, 1, 0, 8, 0, 0, 95, 4, 42]
1542967123452;[171, 0, 17, 255, 161, 74, 239, 32, 119, 1, 0, 244, 1, 0, 4, 0, 0, 96, 4, 15]
1542967123456;[171, 0, 17, 255, 161, 74, 239, 32, 119, 1, 0, 242, 1, 0, 6, 0, 0, 92, 3, 248]
1542967123460;[171, 0, 4, 255, 132, 128, 109]
1542967123619;[171, 0, 17, 255, 161, 74, 239, 32, 119, 1, 0, 244, 1, 0, 6, 0, 0, 92, 3, 245]
1542967123793;[171, 0, 17, 255, 161, 74, 239, 32, 119, 1, 0, 244, 1, 0, 4, 0, 0, 91, 3, 219]
1542967123797;[171, 0, 17, 255, 161, 74, 239, 32, 119, 1, 0, 246, 1, 0, 7, 0, 0, 90, 3, 207]
1542967123801;[171, 0, 17, 255, 161, 74, 239, 32, 119, 1, 0, 243, 1, 0, 8, 0, 0, 89, 3, 198]
1542967123805;[171, 0, 17, 255, 161, 74, 239, 32, 119, 1, 0, 245, 1, 0, 6, 0, 0, 88, 3, 195]
1542967124827;[171, 0, 17, 255, 161, 74, 239, 32, 119, 1, 0, 162, 1, 0, 94, 0, 0, 87, 3, 218]
1542967124831;[171, 0, 17, 255, 161, 74, 239, 32, 119, 1, 0, 231, 1, 0, 19, 0, 0, 85, 3, 219]
1542967124835;[171, 0, 17, 255, 161, 74, 239, 32, 120, 1, 0, 249, 1, 0, 11, 0, 0, 97, 3, 168]
1542967125172;[171, 0, 17, 255, 161, 74, 239, 32, 120, 1, 0, 246, 1, 0, 11, 0, 0, 70, 3, 139]
1542967125176;[171, 0, 17, 255, 161, 74, 239, 32, 120, 1, 0, 247, 1, 0, 14, 0, 0, 70, 3, 129]
1542967125345;[171, 0, 4, 255, 132, 128, 108]
1542967125372;[171, 0, 17, 255, 161, 74, 239, 32, 120, 1, 0, 250, 1, 0, 15, 0, 0, 70, 3, 171]
1542967125374;[171, 0, 17, 255, 161, 74, 239, 32, 120, 1, 0, 252, 1, 0, 13, 0, 0, 75, 3, 198]
1542967125375;[171, 0, 17, 255, 161, 74, 239, 32, 120, 1, 0, 251, 1, 0, 21, 0, 0, 62, 4, 1]
1542967125518;[171, 0, 17, 255, 161, 74, 239, 32, 120, 1, 0, 249, 1, 0, 26, 0, 0, 30, 3, 218]
1542967125522;[171, 0, 17, 255, 161, 74, 239, 32, 120, 1, 0, 253, 1, 0, 25, 0, 0, 53, 3, 199]
1542967125526;[171, 0, 17, 255, 161, 74, 239, 32, 120, 1, 0, 255, 1, 0, 7, 0, 0, 68, 3, 152]
1542967125530;[171, 0, 17, 255, 161, 74, 239, 32, 120, 1, 1, 1, 1, 0, 9, 0, 0, 57, 3, 150]
1542967126037;[171, 0, 17, 255, 161, 74, 239, 32, 121, 1, 0, 249, 1, 0, 16, 0, 0, 46, 3, 136]
1542967126040;[171, 0, 17, 255, 161, 74, 239, 32, 121, 1, 0, 247, 1, 0, 5, 0, 0, 81, 3, 105]
1542967126044;[171, 0, 17, 255, 161, 74, 239, 32, 121, 1, 0, 249, 1, 0, 1, 0, 0, 82, 3, 70]
1542967126048;[171, 0, 4, 255, 132, 128, 108]
1542967126551;[171, 0, 17, 255, 161, 74, 239, 32, 121, 1, 0, 242, 1, 0, 23, 0, 0, 92, 3, 7]
1542967127587;[171, 0, 17, 255, 161, 74, 239, 32, 121, 1, 0, 247, 1, 0, 11, 0, 0, 97, 2, 190]
1542967127760;[171, 0, 17, 255, 161, 74, 239, 32, 121, 1, 0, 245, 1, 0, 13, 0, 0, 80, 2, 197]
1542967127764;[171, 0, 17, 255, 161, 74, 239, 32, 121, 1, 0, 247, 1, 0, 14, 0, 0, 72, 2, 222]
1542967127768;[171, 0, 17, 255, 161, 74, 239, 32, 121, 1, 0, 251, 1, 0, 4, 0, 0, 62, 3, 76]
1542967127772;[171, 0, 17, 255, 161, 74, 239, 32, 121, 1, 0, 245, 1, 0, 39, 0, 0, 71, 3, 107]
1542967128622;[171, 0, 17, 255, 161, 74, 239, 32, 121, 1, 1, 1, 1, 0, 30, 0, 0, 42, 3, 72]
1542967128626;[171, 0, 17, 255, 161, 74, 239, 32, 122, 1, 0, 249, 1, 0, 31, 0, 0, 53, 3, 18]
1542967128630;[171, 0, 4, 255, 132, 128, 106]
1542967129313;[171, 0, 17, 255, 161, 74, 239, 32, 128, 1, 0, 255, 1, 0, 24, 0, 0, 8, 5, 1]
1542967129317;[171, 0, 17, 255, 161, 74, 239, 32, 128, 1, 0, 255, 1, 0, 24, 0, 0, 10, 4, 251]
1542967129321;[171, 0, 17, 255, 161, 74, 239, 32, 128, 1, 1, 0, 1, 0, 26, 0, 0, 9, 4, 229]
1542967129325;[171, 0, 17, 255, 161, 74, 239, 32, 128, 1, 1, 0, 1, 0, 25, 0, 0, 10, 4, 204]
1542967129485;[171, 0, 17, 255, 161, 74, 239, 32, 128, 1, 0, 253, 1, 0, 24, 0, 0, 10, 4, 160]
1542967129489;[171, 0, 17, 255, 161, 74, 239, 32, 128, 1, 0, 255, 1, 0, 24, 0, 0, 9, 4, 107]
1542967129493;[171, 0, 17, 255, 161, 74, 239, 32, 128, 1, 0, 252, 1, 0, 26, 0, 0, 9, 4, 68]
1542967129497;[171, 0, 17, 255, 161, 74, 239, 32, 129, 1, 0, 254, 1, 0, 25, 0, 0, 9, 4, 21]
1542967130174;[171, 0, 17, 255, 161, 74, 239, 32, 129, 1, 0, 254, 1, 0, 25, 0, 0, 8, 4, 2]
1542967130179;[171, 0, 17, 255, 161, 74, 239, 32, 129, 1, 0, 230, 1, 0, 98, 0, 0, 22, 3, 241]
1542967130182;[171, 0, 4, 255, 132, 128, 105]
1542967130209;[171, 0, 17, 255, 161, 74, 239, 32, 129, 1, 0, 248, 1, 0, 16, 0, 0, 23, 3, 252]
1542967131038;[171, 0, 17, 255, 161, 74, 239, 32, 129, 1, 1, 13, 0, 0, 7, 0, 0, 67, 3, 146]
1542967131042;[171, 0, 17, 255, 161, 74, 239, 32, 129, 1, 0, 244, 0, 0, 2, 0, 0, 72, 4, 28]
1542967131046;[171, 0, 17, 255, 161, 74, 239, 32, 129, 1, 0, 239, 0, 0, 4, 0, 0, 110, 4, 199]
1542967131049;[171, 0, 17, 255, 161, 74, 239, 32, 129, 1, 0, 237, 0, 0, 2, 0, 0, 113, 5, 20]
1542967131557;[171, 0, 17, 255, 161, 74, 239, 32, 129, 1, 0, 232, 0, 0, 1, 0, 0, 115, 5, 102]
1542967131562;[171, 0, 17, 255, 161, 74, 239, 32, 129, 1, 0, 233, 1, 0, 1, 0, 0, 120, 5, 147]
1542967131578;[171, 0, 17, 255, 161, 74, 239, 32, 130, 1, 0, 237, 1, 0, 5, 0, 0, 122, 5, 4]
1542967131579;[171, 0, 17, 255, 161, 74, 239, 32, 130, 1, 0, 245, 1, 0, 9, 0, 0, 110, 4, 162]
1542967131728;[171, 0, 17, 255, 161, 74, 239, 32, 130, 1, 0, 255, 1, 0, 47, 0, 0, 80, 4, 64]
1542967131731;[171, 0, 4, 255, 132, 128, 105]
1542967131757;[171, 0, 17, 255, 161, 74, 239, 32, 130, 1, 0, 248, 1, 0, 14, 0, 0, 69, 4, 39]
1542967131759;[171, 0, 17, 255, 161, 74, 239, 32, 130, 1, 0, 249, 1, 0, 10, 0, 0, 78, 4, 24]
1542967131899;[171, 0, 17, 255, 161, 74, 239, 32, 130, 1, 0, 250, 1, 0, 11, 0, 0, 73, 4, 47]
1542967131903;[171, 0, 17, 255, 161, 74, 239, 32, 130, 1, 0, 250, 1, 0, 12, 0, 0, 74, 4, 37]
1542967131907;[171, 0, 17, 255, 161, 74, 239, 32, 130, 1, 0, 250, 1, 0, 11, 0, 0, 74, 4, 49]
1542967132418;[171, 0, 17, 255, 161, 74, 239, 32, 130, 1, 0, 248, 1, 0, 15, 0, 0, 66, 4, 97]
1542967132422;[171, 0, 17, 255, 161, 74, 239, 32, 130, 1, 0, 250, 1, 0, 16, 0, 0, 62, 4, 108]
1542967132426;[171, 0, 17, 255, 161, 74, 239, 32, 131, 1, 0, 249, 1, 0, 15, 0, 0, 63, 4, 60]
1542967132430;[171, 0, 17, 255, 161, 74, 239, 32, 131, 1, 0, 250, 1, 0, 12, 0, 0, 71, 4, 17]
1542967133109;[171, 0, 17, 255, 161, 74, 239, 32, 131, 1, 0, 247, 1, 0, 9, 0, 0, 74, 3, 250]
1542967133113;[171, 0, 4, 255, 132, 128, 104]
1542967133139;[171, 0, 17, 255, 161, 74, 239, 32, 131, 1, 0, 249, 1, 0, 9, 0, 0, 76, 3, 228]
1542967133141;[171, 0, 17, 255, 161, 74, 239, 32, 131, 1, 0, 246, 1, 0, 11, 0, 0, 72, 3, 227]
1542967133281;[171, 0, 17, 255, 161, 74, 239, 32, 131, 1, 0, 246, 1, 0, 14, 0, 0, 73, 3, 224]
1542967133285;[171, 0, 17, 255, 161, 74, 239, 32, 131, 1, 0, 247, 1, 0, 11, 0, 0, 72, 3, 210]
1542967133289;[171, 0, 17, 255, 161, 74, 239, 32, 131, 1, 0, 251, 1, 0, 9, 0, 0, 72, 3, 212]
1542967133293;[171, 0, 17, 255, 161, 74, 239, 32, 131, 1, 0, 248, 1, 0, 10, 0, 0, 74, 3, 216]
1542967133971;[171, 0, 17, 255, 161, 74, 239, 32, 134, 1, 0, 253, 1, 0, 11, 0, 0, 78, 2, 39]
1542967133975;[171, 0, 17, 255, 161, 74, 239, 32, 134, 1, 0, 252, 1, 0, 3, 0, 0, 53, 2, 1]
1542967133979;[171, 0, 4, 255, 132, 128, 103]
1542967134006;[171, 0, 17, 255, 161, 74, 239, 32, 134, 1, 1, 0, 1, 0, 13, 0, 0, 45, 1, 211]
1542967134143;[171, 0, 17, 255, 161, 74, 239, 32, 134, 1, 1, 1, 1, 0, 16, 0, 0, 34, 1, 169]
1542967134147;[171, 0, 17, 255, 161, 74, 239, 32, 134, 1, 1, 2, 1, 0, 29, 0, 0, 31, 1, 116]
1542967134151;[171, 0, 17, 255, 161, 74, 239, 32, 134, 1, 0, 249, 1, 0, 30, 0, 0, 4, 1, 26]
1542967134155;[171, 0, 17, 255, 161, 74, 239, 32, 134, 1, 0, 250, 1, 0, 18, 1, 0, 19, 0, 219]
1542967134315;[171, 0, 17, 255, 161, 74, 239, 32, 134, 1, 0, 245, 1, 0, 39, 1, 0, 17, 16, 139]
1542967134491;[171, 0, 17, 255, 161, 74, 239, 32, 134, 1, 0, 251, 1, 0, 37, 1, 0, 30, 7, 165]
1542967134493;[171, 0, 17, 255, 161, 74, 239, 32, 135, 1, 0, 250, 1, 0, 27, 1, 0, 27, 7, 140]
1542967134496;[171, 0, 17, 255, 161, 74, 239, 32, 135, 1, 0, 247, 1, 0, 29, 1, 0, 20, 7, 159]
1542967134500;[171, 0, 17, 255, 161, 74, 239, 32, 135, 1, 0, 253, 1, 0, 29, 1, 0, 18, 7, 196]
1542967134831;[171, 0, 4, 255, 132, 128, 103]
1542967134858;[171, 0, 17, 255, 161, 74, 239, 32, 135, 1, 0, 252, 1, 0, 38, 1, 0, 17, 7, 209]
1542967134860;[171, 0, 17, 255, 161, 74, 239, 32, 135, 1, 0, 253, 1, 0, 40, 1, 0, 9, 7, 186]
1542967135004;[171, 0, 17, 255, 161, 74, 239, 32, 135, 1, 0, 254, 1, 0, 40, 1, 0, 10, 7, 151]
1542967135008;[171, 0, 17, 255, 161, 74, 239, 32, 135, 1, 0, 254, 1, 0, 38, 1, 0, 12, 7, 128]
1542967135177;[171, 0, 17, 255, 161, 74, 239, 32, 135, 1, 0, 252, 1, 0, 37, 1, 0, 11, 7, 106]
1542967135180;[171, 0, 17, 255, 161, 74, 239, 32, 135, 1, 0, 250, 1, 0, 38, 1, 0, 10, 7, 85]
1542967135523;[171, 0, 17, 255, 161, 74, 239, 32, 135, 1, 0, 250, 1, 0, 37, 1, 0, 12, 7, 64]
1542967135527;[171, 0, 17, 255, 161, 74, 239, 32, 136, 1, 0, 253, 1, 0, 36, 1, 0, 8, 7, 38]
1542967135531;[171, 0, 17, 255, 161, 74, 239, 32, 136, 1, 0, 253, 1, 0, 39, 1, 0, 11, 7, 33]
1542967135694;[171, 0, 17, 255, 161, 74, 239, 32, 136, 1, 0, 247, 1, 0, 38, 1, 0, 12, 7, 20]
1542967135698;[171, 0, 4, 255, 132, 128, 103]
1542967135866;[171, 0, 17, 255, 161, 74, 239, 32, 136, 1, 0, 252, 1, 0, 36, 1, 0, 8, 7, 12]
1542967135870;[171, 0, 17, 255, 161, 74, 239, 32, 136, 1, 0, 253, 1, 0, 34, 1, 0, 13, 6, 240]
1542967136212;[171, 0, 17, 255, 161, 74, 239, 32, 136, 1, 0, 254, 1, 0, 35, 1, 0, 5, 6, 235]
1542967136216;[171, 0, 17, 255, 161, 74, 239, 32, 136, 1, 0, 253, 1, 0, 37, 1, 0, 6, 6, 224]
1542967136220;[171, 0, 17, 255, 161, 74, 239, 32, 136, 1, 0, 252, 1, 0, 33, 1, 0, 7, 6, 226]
1542967136384;[171, 0, 17, 255, 161, 74, 239, 32, 136, 1, 0, 251, 1, 0, 36, 1, 0, 13, 6, 216]
1542967136387;[171, 0, 17, 255, 161, 74, 239, 32, 136, 1, 0, 252, 1, 0, 36, 1, 0, 10, 6, 199]
1542967136587;[171, 0, 17, 255, 161, 74, 239, 32, 137, 1, 0, 252, 1, 0, 36, 1, 0, 9, 6, 210]
1542967136730;[171, 0, 17, 255, 161, 74, 239, 32, 137, 1, 0, 255, 1, 0, 35, 1, 0, 8, 6, 194]
1542967136732;[171, 0, 17, 255, 161, 74, 239, 32, 137, 1, 0, 252, 1, 0, 36, 1, 0, 10, 6, 181]
1542967136901;[171, 0, 4, 255, 132, 128, 102]
1542967136928;[171, 0, 17, 255, 161, 74, 239, 32, 137, 1, 0, 250, 1, 0, 37, 1, 0, 13, 6, 197]
1542967137420;[171, 0, 17, 255, 161, 74, 239, 32, 137, 1, 0, 246, 1, 0, 50, 1, 0, 3, 6, 195]
1542967137424;[171, 0, 17, 255, 161, 74, 239, 32, 137, 1, 0, 252, 1, 0, 33, 1, 0, 8, 6, 173]
1542967137428;[171, 0, 17, 255, 161, 74, 239, 32, 137, 1, 0, 253, 1, 0, 48, 0, 0, 7, 6, 153]
1542967137432;[171, 0, 17, 255, 161, 74, 239, 32, 137, 1, 0, 250, 1, 0, 41, 0, 0, 6, 6, 106]
1542967137593;[171, 0, 17, 255, 161, 74, 239, 32, 137, 1, 0, 254, 1, 0, 41, 0, 0, 2, 6, 94]
1542967137597;[171, 0, 17, 255, 161, 74, 239, 32, 137, 1, 0, 251, 1, 0, 41, 1, 0, 1, 6, 85]
1542967137601;[171, 0, 17, 255, 161, 74, 239, 32, 138, 1, 0, 249, 1, 0, 37, 1, 0, 6, 6, 59]
1542967137764;[171, 0, 17, 255, 161, 74, 239, 32, 138, 1, 0, 251, 1, 0, 36, 1, 0, 6, 6, 3]
1542967137768;[171, 0, 17, 255, 161, 74, 239, 32, 138, 1, 0, 254, 1, 0, 35, 1, 0, 2, 5, 255]
1542967137937;[171, 0, 4, 255, 132, 128, 97]
1542967138109;[171, 0, 17, 255, 161, 74, 239, 32, 138, 1, 0, 252, 1, 0, 36, 1, 0, 1, 6, 29]
1542967138113;[171, 0, 17, 255, 161, 74, 239, 32, 138, 1, 0, 251, 1, 0, 37, 0, 0, 2, 6, 43]
1542967138282;[171, 0, 17, 255, 161, 74, 239, 32, 138, 1, 0, 249, 1, 0, 52, 0, 0, 2, 6, 20]
1542967138286;[171, 0, 17, 255, 161, 74, 239, 32, 138, 1, 0, 253, 1, 0, 49, 0, 0, 11, 5, 198]
1542967139146;[171, 0, 17, 255, 161, 74, 239, 32, 138, 1, 0, 243, 1, 0, 44, 1, 0, 5, 5, 173]
1542967139150;[171, 0, 17, 255, 161, 74, 239, 32, 138, 1, 1, 5, 1, 0, 32, 1, 0, 13, 5, 189]
1542967139154;[171, 0, 17, 255, 161, 74, 239, 32, 138, 1, 0, 253, 1, 0, 32, 1, 0, 1, 5, 197]
1542967139158;[171, 0, 17, 255, 161, 74, 239, 32, 139, 1, 0, 252, 1, 0, 17, 0, 0, 5, 5, 118]
1542967139317;[171, 0, 17, 255, 161, 74, 239, 32, 139, 1, 1, 3, 1, 0, 17, 0, 0, 42, 5, 19]
1542967139322;[171, 0, 17, 255, 161, 74, 239, 32, 139, 1, 1, 4, 1, 0, 10, 0, 0, 31, 4, 232]
1542967139325;[171, 0, 4, 255, 132, 128, 97]
1542967139490;[171, 0, 17, 255, 161, 74, 239, 32, 139, 1, 1, 1, 1, 0, 5, 0, 0, 28, 4, 232]
1542967139494;[171, 0, 17, 255, 161, 74, 239, 32, 139, 1, 0, 254, 1, 0, 15, 0, 0, 8, 5, 111]
1542967139499;[171, 0, 17, 255, 161, 74, 239, 32, 139, 1, 0, 254, 1, 0, 15, 1, 0, 10, 5, 188]
1542967139502;[171, 0, 17, 255, 161, 74, 239, 32, 139, 1, 0, 251, 1, 0, 20, 1, 0, 14, 6, 4]
1542967139663;[171, 0, 17, 255, 161, 74, 239, 32, 139, 1, 0, 247, 1, 0, 9, 1, 0, 22, 6, 148]
1542967139667;[171, 0, 17, 255, 161, 74, 239, 32, 139, 1, 1, 5, 1, 0, 27, 0, 0, 23, 8, 2]
1542967139670;[171, 0, 17, 255, 161, 74, 239, 32, 139, 1, 0, 250, 1, 0, 16, 0, 0, 36, 8, 233]
1542967140007;[171, 0, 17, 255, 161, 74, 239, 32, 140, 1, 1, 7, 0, 0, 14, 0, 0, 2, 9, 157]
1542967140011;[171, 0, 17, 255, 161, 74, 239, 32, 140, 1, 1, 11, 0, 0, 34, 1, 0, 15, 10, 161]
1542967140015;[171, 0, 17, 255, 161, 74, 239, 32, 140, 1, 0, 253, 1, 0, 9, 0, 0, 13, 10, 161]
1542967140178;[171, 0, 4, 255, 132, 128, 92]
1542967140205;[171, 0, 17, 255, 161, 74, 239, 32, 140, 1, 0, 249, 1, 0, 19, 0, 0, 56, 11, 19]
1542967140352;[171, 0, 17, 255, 161, 74, 239, 32, 140, 1, 0, 251, 1, 0, 14, 0, 0, 78, 11, 149]
1542967140524;[171, 0, 17, 255, 161, 74, 239, 32, 140, 1, 0, 227, 0, 0, 5, 0, 0, 87, 11, 205]
1542967140528;[171, 0, 17, 255, 161, 74, 239, 32, 140, 1, 0, 249, 1, 0, 10, 0, 0, 86, 11, 156]
1542967140693;[171, 0, 17, 255, 161, 74, 239, 32, 140, 1, 0, 248, 1, 0, 8, 0, 0, 76, 11, 77]
1542967140695;[171, 0, 17, 255, 161, 74, 239, 32, 140, 1, 0, 249, 1, 0, 7, 0, 0, 78, 11, 25]
1542967140868;[171, 0, 17, 255, 161, 74, 239, 32, 140, 1, 0, 250, 1, 0, 9, 0, 0, 76, 10, 207]
1542967140872;[171, 0, 17, 255, 161, 74, 239, 32, 141, 1, 0, 248, 1, 0, 6, 0, 0, 67, 10, 187]
1542967141215;[171, 0, 17, 255, 161, 74, 239, 32, 141, 1, 1, 201, 0, 0, 90, 0, 0, 72, 10, 209]
1542967141218;[171, 0, 17, 255, 161, 74, 239, 32, 141, 1, 0, 246, 1, 0, 4, 0, 0, 67, 11, 9]
1542967141386;[171, 0, 4, 255, 132, 128, 96]
1542967141559;[171, 0, 17, 255, 161, 74, 239, 32, 141, 1, 0, 231, 0, 0, 53, 0, 0, 96, 11, 49]
1542967141563;[171, 0, 17, 255, 161, 74, 239, 32, 141, 1, 0, 248, 1, 0, 10, 0, 0, 113, 10, 237]
1542967141736;[171, 0, 17, 255, 161, 74, 239, 32, 141, 1, 0, 245, 1, 0, 8, 0, 0, 81, 10, 183]
1542967141738;[171, 0, 17, 255, 161, 74, 239, 32, 141, 1, 0, 247, 1, 0, 9, 0, 0, 81, 10, 181]
1542967141739;[171, 0, 17, 255, 161, 74, 239, 32, 141, 1, 0, 246, 1, 0, 8, 0, 0, 84, 10, 238]
1542967142251;[171, 0, 17, 255, 161, 74, 239, 32, 141, 1, 0, 247, 1, 0, 7, 0, 0, 86, 10, 191]
1542967142255;[171, 0, 17, 255, 161, 74, 239, 32, 141, 1, 0, 246, 1, 0, 7, 0, 0, 83, 10, 120]
1542967142259;[171, 0, 17, 255, 161, 74, 239, 32, 142, 1, 0, 246, 1, 0, 10, 0, 0, 84, 10, 22]
1542967142263;[171, 0, 17, 255, 161, 74, 239, 32, 142, 1, 0, 248, 1, 0, 10, 0, 0, 78, 9, 210]
1542967142596;[171, 0, 17, 255, 161, 74, 239, 32, 142, 1, 0, 248, 1, 0, 11, 0, 0, 68, 9, 215]
1542967142599;[171, 0, 4, 255, 132, 128, 96]
1542967142626;[171, 0, 17, 255, 161, 74, 239, 32, 142, 1, 0, 248, 1, 0, 8, 0, 0, 81, 10, 2]
1542967142629;[171, 0, 17, 255, 161, 74, 239, 32, 142, 1, 0, 245, 1, 0, 11, 0, 0, 83, 9, 230]
1542967143114;[171, 0, 17, 255, 161, 74, 239, 32, 142, 1, 2, 188, 1, 1, 62, 0, 0, 67, 10, 70]
1542967143117;[171, 0, 17, 255, 161, 74, 239, 32, 142, 1, 0, 230, 0, 0, 128, 0, 0, 95, 10, 83]
1542967143121;[171, 0, 17, 255, 161, 74, 239, 32, 142, 1, 0, 246, 1, 0, 8, 0, 0, 107, 9, 254]
1542967143126;[171, 0, 17, 255, 161, 74, 239, 32, 142, 1, 0, 249, 1, 0, 10, 0, 0, 71, 9, 95]
1542967143286;[171, 0, 17, 255, 161, 74, 239, 32, 142, 1, 0, 252, 1, 0, 6, 0, 0, 66, 8, 246]
1542967143290;[171, 0, 17, 255, 161, 74, 239, 32, 143, 1, 0, 250, 1, 0, 12, 0, 0, 54, 8, 202]
1542967143294;[171, 0, 17, 255, 161, 74, 239, 32, 143, 1, 0, 254, 1, 0, 10, 0, 0, 53, 8, 237]
1542967143298;[171, 0, 17, 255, 161, 74, 239, 32, 143, 1, 0, 252, 1, 0, 9, 0, 0, 63, 9, 2]
1542967143456;[171, 0, 4, 255, 132, 128, 96]
1542967143801;[171, 0, 17, 255, 161, 74, 239, 32, 143, 1, 0, 251, 1, 0, 11, 0, 0, 60, 9, 9]
1542967143805;[171, 0, 17, 255, 161, 74, 239, 32, 143, 1, 0, 250, 1, 0, 15, 0, 0, 56, 9, 0]
1542967143975;[171, 0, 17, 255, 161, 74, 239, 32, 143, 1, 0, 252, 1, 0, 15, 0, 0, 59, 9, 5]
1542967143979;[171, 0, 17, 255, 161, 74, 239, 32, 143, 1, 1, 9, 0, 0, 10, 0, 0, 49, 9, 21]
1542967143983;[171, 0, 17, 255, 161, 74, 239, 32, 143, 1, 0, 251, 1, 0, 14, 0, 0, 62, 9, 37]
1542967143987;[171, 0, 17, 255, 161, 74, 239, 32, 143, 1, 0, 249, 1, 0, 14, 0, 0, 60, 9, 14]
1542967144146;[171, 0, 17, 255, 161, 74, 239, 32, 143, 1, 0, 251, 1, 0, 13, 0, 0, 62, 8, 244]
1542967144319;[171, 0, 17, 255, 161, 74, 239, 32, 144, 1, 0, 249, 1, 0, 11, 0, 0, 49, 9, 25]
1542967144666;[171, 0, 17, 255, 161, 74, 239, 32, 144, 1, 0, 251, 1, 0, 15, 0, 0, 62, 9, 148]
1542967144670;[171, 0, 17, 255, 161, 74, 239, 32, 144, 1, 0, 252, 1, 0, 17, 0, 0, 65, 9, 131]
1542967144673;[171, 0, 4, 255, 132, 128, 96]
1542967144700;[171, 0, 17, 255, 161, 74, 239, 32, 144, 1, 0, 248, 1, 0, 14, 0, 0, 62, 9, 97]
1542967144836;[171, 0, 17, 255, 161, 74, 239, 32, 144, 1, 0, 248, 1, 0, 15, 0, 0, 62, 9, 97]
1542967144839;[171, 0, 17, 255, 161, 74, 239, 32, 144, 1, 0, 248, 1, 0, 14, 0, 0, 61, 9, 85]
1542967145184;[171, 0, 17, 255, 161, 74, 239, 32, 144, 1, 0, 251, 1, 0, 14, 0, 0, 62, 9, 90]
1542967145190;[171, 0, 17, 255, 161, 74, 239, 32, 144, 1, 0, 252, 1, 0, 13, 0, 0, 63, 9, 87]
1542967145193;[171, 0, 17, 255, 161, 74, 239, 32, 144, 1, 0, 253, 1, 0, 15, 0, 0, 63, 9, 81]
1542967145196;[171, 0, 17, 255, 161, 74, 239, 32, 144, 1, 0, 252, 1, 0, 7, 0, 0, 60, 8, 232]
1542967145354;[171, 0, 17, 255, 161, 74, 239, 32, 145, 1, 0, 251, 1, 0, 16, 0, 0, 52, 8, 138]
1542967145526;[171, 0, 17, 255, 161, 74, 239, 32, 145, 1, 0, 253, 1, 0, 13, 0, 0, 58, 8, 112]
1542967145530;[171, 0, 17, 255, 161, 74, 239, 32, 145, 1, 0, 254, 1, 0, 2, 0, 0, 53, 8, 108]
1542967145699;[171, 0, 4, 255, 132, 128, 100]
1542967145726;[171, 0, 17, 255, 161, 74, 239, 32, 145, 1, 0, 255, 1, 0, 4, 0, 0, 60, 8, 105]
1542967145872;[171, 0, 17, 255, 161, 74, 239, 32, 145, 1, 0, 255, 1, 0, 9, 0, 0, 48, 9, 48]
1542967145875;[171, 0, 17, 255, 161, 74, 239, 32, 145, 1, 0, 255, 1, 0, 10, 0, 0, 44, 9, 215]
1542967146391;[171, 0, 17, 255, 161, 74, 239, 32, 145, 1, 1, 1, 1, 0, 10, 0, 0, 37, 10, 148]
1542967146394;[171, 0, 17, 255, 161, 74, 239, 32, 145, 1, 0, 253, 1, 0, 11, 0, 0, 33, 11, 97]
1542967146399;[171, 0, 17, 255, 161, 74, 239, 32, 145, 1, 1, 0, 1, 0, 6, 0, 0, 28, 13, 173]
1542967146403;[171, 0, 17, 255, 161, 74, 239, 32, 145, 1, 0, 253, 1, 0, 3, 0, 0, 18, 31, 161]
1542967146562;[171, 0, 17, 255, 161, 74, 239, 32, 146, 1, 1, 5, 1, 0, 8, 0, 0, 22, 9, 1]
1542967146566;[171, 0, 17, 255, 161, 74, 239, 32, 146, 1, 1, 1, 1, 0, 14, 0, 0, 19, 10, 13]
1542967146570;[171, 0, 17, 255, 161, 74, 239, 32, 146, 1, 0, 255, 1, 0, 7, 0, 0, 25, 10, 241]
1542967146744;[171, 0, 4, 255, 132, 128, 103]
1542967147080;[171, 0, 17, 255, 161, 74, 239, 32, 146, 1, 1, 2, 1, 0, 8, 0, 0, 28, 10, 241]
1542967147084;[171, 0, 17, 255, 161, 74, 239, 32, 146, 1, 0, 254, 1, 0, 8, 0, 0, 27, 10, 241]
1542967147088;[171, 0, 17, 255, 161, 74, 239, 32, 146, 1, 1, 2, 1, 0, 8, 0, 0, 26, 12, 158]
1542967147092;[171, 0, 17, 255, 161, 74, 239, 32, 146, 1, 1, 1, 1, 0, 9, 0, 0, 27, 13, 145]
1542967147251;[171, 0, 17, 255, 161, 74, 239, 32, 146, 1, 1, 0, 1, 0, 9, 0, 0, 28, 14, 69]
1542967147772;[171, 0, 17, 255, 161, 74, 239, 32, 146, 1, 0, 255, 1, 0, 7, 0, 0, 27, 14, 166]
1542967147776;[171, 0, 17, 255, 161, 74, 239, 32, 146, 1, 1, 1, 1, 0, 6, 0, 0, 28, 15, 26]
1542967147780;[171, 0, 17, 255, 161, 74, 239, 32, 147, 1, 0, 255, 1, 0, 10, 0, 0, 34, 15, 26]
1542967147784;[171, 0, 17, 255, 161, 74, 239, 32, 147, 1, 0, 254, 1, 0, 8, 0, 0, 35, 15, 26]
1542967147942;[171, 0, 17, 255, 161, 74, 239, 32, 147, 1, 1, 0, 1, 0, 6, 0, 0, 36, 14, 127]
1542967147946;[171, 0, 4, 255, 132, 128, 104]
1542967147973;[171, 0, 17, 255, 161, 74, 239, 32, 147, 1, 0, 243, 0, 0, 12, 0, 0, 40, 13, 172]
1542967148114;[171, 0, 17, 255, 161, 74, 239, 32, 147, 1, 1, 2, 1, 0, 3, 0, 0, 43, 12, 191]
1542967148118;[171, 0, 17, 255, 161, 74, 239, 32, 147, 1, 1, 7, 1, 0, 2, 0, 0, 35, 11, 216]
1542967148287;[171, 0, 17, 255, 161, 74, 239, 32, 147, 1, 0, 251, 0, 0, 5, 0, 0, 42, 11, 99]
1542967148290;[171, 0, 17, 255, 161, 74, 239, 32, 147, 1, 1, 7, 1, 0, 33, 0, 0, 45, 11, 59]
1542967148632;[171, 0, 17, 255, 161, 74, 239, 32, 147, 1, 1, 99, 0, 0, 32, 0, 0, 43, 10, 207]
1542967148635;[171, 0, 17, 255, 161, 74, 239, 32, 147, 1, 2, 2, 1, 0, 39, 0, 0, 29, 10, 82]
1542967148640;[171, 0, 17, 255, 161, 74, 239, 32, 148, 1, 0, 254, 1, 0, 8, 1, 0, 22, 9, 197]
1542967149149;[171, 0, 17, 255, 161, 74, 239, 32, 148, 1, 0, 249, 1, 0, 30, 0, 0, 38, 9, 67]
1542967149153;[171, 0, 17, 255, 161, 74, 239, 32, 148, 1, 0, 254, 1, 0, 10, 0, 0, 44, 8, 190]
1542967149157;[171, 0, 4, 255, 132, 128, 104]
1542967149184;[171, 0, 17, 255, 161, 74, 239, 32, 148, 1, 1, 2, 1, 0, 7, 0, 0, 49, 8, 61]
1542967149496;[171, 0, 17, 255, 161, 74, 239, 32, 148, 1, 1, 0, 1, 0, 8, 0, 0, 48, 7, 165]
1542967149499;[171, 0, 17, 255, 161, 74, 239, 32, 148, 1, 0, 253, 1, 0, 9, 0, 0, 45, 7, 7]
1542967149503;[171, 0, 17, 255, 161, 74, 239, 32, 148, 1, 0, 253, 1, 0, 8, 0, 0, 41, 7, 7]
1542967149507;[171, 0, 17, 255, 161, 74, 239, 32, 148, 1, 0, 254, 1, 0, 9, 0, 0, 45, 6, 164]
1542967149667;[171, 0, 17, 255, 161, 74, 239, 32, 148, 1, 0, 255, 1, 0, 10, 0, 0, 44, 6, 72]
1542967149671;[171, 0, 17, 255, 161, 74, 239, 32, 148, 1, 0, 254, 1, 0, 10, 0, 0, 44, 5, 246]
1542967149675;[171, 0, 17, 255, 161, 74, 239, 32, 149, 1, 0, 253, 1, 0, 9, 0, 0, 43, 5, 160]
1542967149839;[171, 0, 17, 255, 161, 74, 239, 32, 149, 1, 0, 253, 1, 0, 7, 0, 0, 40, 5, 77]
1542967150359;[171, 0, 17, 255, 161, 74, 239, 32, 149, 1, 1, 0, 1, 0, 9, 0, 0, 40, 5, 7]
1542967150363;[171, 0, 4, 255, 132, 128, 105]
1542967150390;[171, 0, 17, 255, 161, 74, 239, 32, 149, 1, 0, 253, 1, 0, 10, 0, 0, 39, 4, 191]
1542967150391;[171, 0, 17, 255, 161, 74, 239, 32, 149, 1, 0, 251, 1, 0, 7, 0, 0, 40, 4, 127]
1542967150532;[171, 0, 17, 255, 161, 74, 239, 32, 149, 1, 0, 255, 1, 0, 10, 0, 0, 40, 4, 62]
1542967150536;[171, 0, 17, 255, 161, 74, 239, 32, 149, 1, 1, 1, 1, 0, 10, 0, 0, 41, 4, 0]
1542967150540;[171, 0, 17, 255, 161, 74, 239, 32, 149, 1, 0, 254, 1, 0, 8, 0, 0, 40, 3, 199]
1542967150701;[171, 0, 17, 255, 161, 74, 239, 32, 149, 1, 0, 255, 1, 0, 9, 0, 0, 43, 3, 138]
1542967150705;[171, 0, 17, 255, 161, 74, 239, 32, 149, 1, 0, 254, 1, 0, 10, 0, 0, 40, 3, 88]
1542967150874;[171, 0, 17, 255, 161, 74, 239, 32, 150, 1, 0, 254, 1, 0, 9, 0, 0, 42, 3, 41]
1542967150878;[171, 0, 17, 255, 161, 74, 239, 32, 150, 1, 0, 255, 1, 0, 8, 0, 0, 40, 2, 243]
1542967151047;[171, 0, 17, 255, 161, 74, 239, 32, 150, 1, 1, 1, 1, 0, 8, 0, 0, 43, 2, 201]
1542967151218;[171, 0, 4, 255, 132, 128, 105]
1542967151566;[171, 0, 17, 255, 161, 74, 239, 32, 150, 1, 0, 255, 1, 0, 9, 0, 0, 43, 2, 146]
1542967151570;[171, 0, 17, 255, 161, 74, 239, 32, 150, 1, 0, 253, 1, 0, 11, 0, 0, 44, 2, 97]
1542967151574;[171, 0, 17, 255, 161, 74, 239, 32, 150, 1, 1, 1, 1, 0, 7, 0, 0, 41, 2, 104]
1542967151578;[171, 0, 17, 255, 161, 74, 239, 32, 150, 1, 0, 253, 1, 0, 7, 0, 0, 67, 2, 117]
1542967151753;[171, 0, 17, 255, 161, 74, 239, 32, 150, 1, 0, 255, 1, 0, 4, 0, 0, 52, 2, 104]
