1542698560293;[171, 0, 17, 255, 161, 74, 232, 246, 84, 1, 0, 73, 1, 0, 234, 1, 0, 34, 11, 170]
1542698560299;[171, 0, 17, 255, 161, 74, 232, 246, 84, 1, 0, 72, 1, 0, 236, 1, 0, 34, 11, 193]
1542698560300;[171, 0, 17, 255, 161, 74, 232, 246, 84, 1, 0, 72, 1, 0, 236, 1, 0, 34, 11, 193]
1542698560467;[171, 0, 17, 255, 161, 74, 232, 246, 84, 1, 0, 71, 1, 0, 237, 1, 0, 32, 11, 206]
1542698560468;[171, 0, 17, 255, 161, 74, 232, 246, 84, 1, 0, 71, 1, 0, 237, 1, 0, 32, 11, 206]
1542698560468;[171, 0, 17, 255, 161, 74, 232, 246, 84, 1, 0, 69, 1, 0, 237, 1, 0, 31, 11, 197]
1542698560469;[171, 0, 17, 255, 161, 74, 232, 246, 84, 1, 0, 69, 1, 0, 237, 1, 0, 31, 11, 197]
1542698560637;[171, 0, 17, 255, 161, 74, 232, 246, 84, 1, 0, 71, 1, 0, 236, 1, 0, 34, 11, 220]
1542698560638;[171, 0, 17, 255, 161, 74, 232, 246, 84, 1, 0, 71, 1, 0, 236, 1, 0, 34, 11, 220]
1542698560639;[171, 0, 17, 255, 161, 74, 232, 246, 84, 1, 0, 69, 1, 0, 234, 1, 0, 31, 11, 220]
1542698560639;[171, 0, 17, 255, 161, 74, 232, 246, 84, 1, 0, 69, 1, 0, 234, 1, 0, 31, 11, 220]
1542698560808;[171, 0, 17, 255, 161, 74, 232, 246, 84, 1, 0, 73, 1, 0, 235, 1, 0, 32, 11, 254]
1542698560809;[171, 0, 17, 255, 161, 74, 232, 246, 84, 1, 0, 73, 1, 0, 235, 1, 0, 32, 11, 254]
1542698561154;[171, 0, 17, 255, 161, 74, 232, 246, 85, 1, 0, 74, 1, 0, 236, 1, 0, 32, 12, 22]
1542698561155;[171, 0, 17, 255, 161, 74, 232, 246, 85, 1, 0, 74, 1, 0, 236, 1, 0, 32, 12, 22]
1542698561156;[171, 0, 17, 255, 161, 74, 232, 246, 85, 1, 0, 69, 1, 0, 236, 1, 0, 31, 12, 31]
1542698561157;[171, 0, 17, 255, 161, 74, 232, 246, 85, 1, 0, 69, 1, 0, 236, 1, 0, 31, 12, 31]
1542698561159;[171, 0, 17, 255, 161, 74, 232, 246, 85, 1, 0, 75, 1, 0, 235, 1, 0, 36, 12, 38]
1542698561159;[171, 0, 17, 255, 161, 74, 232, 246, 85, 1, 0, 75, 1, 0, 235, 1, 0, 36, 12, 38]
1542698561327;[171, 0, 4, 255, 132, 128, 86]
1542698561329;[171, 0, 4, 255, 132, 128, 86]
1542698561347;[171, 0, 17, 255, 161, 74, 232, 246, 85, 1, 0, 71, 1, 0, 235, 1, 0, 32, 12, 37]
1542698561348;[171, 0, 17, 255, 161, 74, 232, 246, 85, 1, 0, 71, 1, 0, 235, 1, 0, 32, 12, 37]
1542698561498;[171, 0, 17, 255, 161, 74, 232, 246, 85, 1, 0, 71, 1, 0, 235, 1, 0, 29, 12, 85]
1542698561499;[171, 0, 17, 255, 161, 74, 232, 246, 85, 1, 0, 71, 1, 0, 235, 1, 0, 29, 12, 85]
1542698561500;[171, 0, 17, 255, 161, 74, 232, 246, 85, 1, 0, 72, 1, 0, 235, 1, 0, 32, 12, 124]
1542698561501;[171, 0, 17, 255, 161, 74, 232, 246, 85, 1, 0, 72, 1, 0, 235, 1, 0, 32, 12, 124]
1542698561671;[171, 0, 17, 255, 161, 74, 232, 246, 85, 1, 0, 71, 1, 0, 236, 1, 0, 35, 12, 147]
1542698561673;[171, 0, 17, 255, 161, 74, 232, 246, 85, 1, 0, 71, 1, 0, 236, 1, 0, 35, 12, 147]
1542698561673;[171, 0, 17, 255, 161, 74, 232, 246, 85, 1, 0, 70, 1, 0, 236, 1, 0, 29, 12, 156]
1542698561674;[171, 0, 17, 255, 161, 74, 232, 246, 85, 1, 0, 70, 1, 0, 236, 1, 0, 29, 12, 156]
1542698561844;[171, 0, 17, 255, 161, 74, 232, 246, 85, 1, 0, 74, 1, 0, 233, 1, 0, 32, 12, 156]
1542698561845;[171, 0, 17, 255, 161, 74, 232, 246, 85, 1, 0, 74, 1, 0, 233, 1, 0, 32, 12, 156]
1542698561846;[171, 0, 17, 255, 161, 74, 232, 246, 85, 1, 0, 71, 1, 0, 236, 1, 0, 34, 12, 156]
1542698561846;[171, 0, 17, 255, 161, 74, 232, 246, 85, 1, 0, 71, 1, 0, 236, 1, 0, 34, 12, 156]
1542698562016;[171, 0, 17, 255, 161, 74, 232, 246, 86, 1, 0, 69, 1, 0, 237, 1, 0, 31, 12, 192]
1542698562016;[171, 0, 17, 255, 161, 74, 232, 246, 86, 1, 0, 69, 1, 0, 237, 1, 0, 31, 12, 192]
1542698562535;[171, 0, 17, 255, 161, 74, 232, 246, 86, 1, 0, 72, 1, 0, 236, 1, 0, 34, 12, 246]
1542698562536;[171, 0, 17, 255, 161, 74, 232, 246, 86, 1, 0, 72, 1, 0, 236, 1, 0, 34, 12, 246]
1542698562538;[171, 0, 17, 255, 161, 74, 232, 246, 86, 1, 0, 74, 1, 0, 237, 1, 0, 33, 13, 19]
1542698562540;[171, 0, 17, 255, 161, 74, 232, 246, 86, 1, 0, 74, 1, 0, 237, 1, 0, 33, 13, 19]
1542698562541;[171, 0, 4, 255, 132, 128, 87]
1542698562542;[171, 0, 4, 255, 132, 128, 87]
1542698562543;[171, 0, 17, 255, 161, 74, 232, 246, 86, 1, 0, 71, 1, 0, 237, 1, 0, 33, 13, 38]
1542698562544;[171, 0, 17, 255, 161, 74, 232, 246, 86, 1, 0, 71, 1, 0, 237, 1, 0, 33, 13, 38]
1542698562707;[171, 0, 17, 255, 161, 74, 232, 246, 86, 1, 0, 70, 1, 0, 235, 1, 0, 32, 13, 55]
1542698562708;[171, 0, 17, 255, 161, 74, 232, 246, 86, 1, 0, 70, 1, 0, 235, 1, 0, 32, 13, 55]
1542698562709;[171, 0, 17, 255, 161, 74, 232, 246, 86, 1, 0, 72, 1, 0, 236, 1, 0, 33, 13, 57]
1542698562711;[171, 0, 17, 255, 161, 74, 232, 246, 86, 1, 0, 72, 1, 0, 236, 1, 0, 33, 13, 57]
1542698562712;[171, 0, 17, 255, 161, 74, 232, 246, 86, 1, 0, 73, 1, 0, 234, 1, 0, 32, 13, 52]
1542698562712;[171, 0, 17, 255, 161, 74, 232, 246, 86, 1, 0, 73, 1, 0, 234, 1, 0, 32, 13, 52]
1542698562878;[171, 0, 17, 255, 161, 74, 232, 246, 86, 1, 0, 71, 1, 0, 237, 1, 0, 34, 13, 100]
1542698562879;[171, 0, 17, 255, 161, 74, 232, 246, 86, 1, 0, 71, 1, 0, 237, 1, 0, 34, 13, 100]
1542698562880;[171, 0, 17, 255, 161, 74, 232, 246, 86, 1, 0, 71, 1, 0, 237, 1, 0, 32, 13, 157]
1542698562881;[171, 0, 17, 255, 161, 74, 232, 246, 86, 1, 0, 71, 1, 0, 237, 1, 0, 32, 13, 157]
1542698563052;[171, 0, 17, 255, 161, 74, 232, 246, 86, 1, 0, 70, 1, 0, 233, 1, 0, 32, 13, 191]
1542698563054;[171, 0, 17, 255, 161, 74, 232, 246, 86, 1, 0, 70, 1, 0, 233, 1, 0, 32, 13, 191]
1542698563054;[171, 0, 17, 255, 161, 74, 232, 246, 87, 1, 0, 71, 1, 0, 232, 1, 0, 31, 13, 200]
1542698563055;[171, 0, 17, 255, 161, 74, 232, 246, 87, 1, 0, 71, 1, 0, 232, 1, 0, 31, 13, 200]
1542698563742;[171, 0, 17, 255, 161, 74, 232, 246, 87, 1, 0, 74, 1, 0, 235, 1, 0, 31, 13, 203]
1542698563744;[171, 0, 17, 255, 161, 74, 232, 246, 87, 1, 0, 74, 1, 0, 235, 1, 0, 31, 13, 203]
1542698563744;[171, 0, 17, 255, 161, 74, 232, 246, 87, 1, 0, 71, 1, 0, 236, 1, 0, 33, 13, 204]
1542698563745;[171, 0, 17, 255, 161, 74, 232, 246, 87, 1, 0, 71, 1, 0, 236, 1, 0, 33, 13, 204]
1542698563747;[171, 0, 4, 255, 132, 128, 88]
1542698563748;[171, 0, 4, 255, 132, 128, 88]
1542698563749;[171, 0, 17, 255, 161, 74, 232, 246, 87, 1, 0, 72, 1, 0, 237, 1, 0, 32, 13, 201]
1542698563767;[171, 0, 17, 255, 161, 74, 232, 246, 87, 1, 0, 72, 1, 0, 237, 1, 0, 32, 13, 201]
1542698563915;[171, 0, 17, 255, 161, 74, 232, 246, 87, 1, 0, 73, 1, 0, 237, 1, 0, 33, 13, 234]
1542698563916;[171, 0, 17, 255, 161, 74, 232, 246, 87, 1, 0, 73, 1, 0, 237, 1, 0, 33, 13, 234]
1542698563917;[171, 0, 17, 255, 161, 74, 232, 246, 87, 1, 0, 72, 1, 0, 236, 1, 0, 31, 14, 32]
1542698563918;[171, 0, 17, 255, 161, 74, 232, 246, 87, 1, 0, 72, 1, 0, 236, 1, 0, 31, 14, 32]
1542698563919;[171, 0, 17, 255, 161, 74, 232, 246, 87, 1, 0, 72, 1, 0, 235, 1, 0, 33, 14, 64]
1542698563920;[171, 0, 17, 255, 161, 74, 232, 246, 87, 1, 0, 72, 1, 0, 235, 1, 0, 33, 14, 64]
1542698563921;[171, 0, 17, 255, 161, 74, 232, 246, 87, 1, 0, 71, 1, 0, 236, 1, 0, 32, 14, 91]
1542698563921;[171, 0, 17, 255, 161, 74, 232, 246, 87, 1, 0, 71, 1, 0, 236, 1, 0, 32, 14, 91]
1542698564088;[171, 0, 17, 255, 161, 74, 232, 246, 87, 1, 0, 73, 1, 0, 234, 1, 0, 32, 14, 107]
1542698564089;[171, 0, 17, 255, 161, 74, 232, 246, 87, 1, 0, 73, 1, 0, 234, 1, 0, 32, 14, 107]
1542698564090;[171, 0, 17, 255, 161, 74, 232, 246, 87, 1, 0, 71, 1, 0, 235, 1, 0, 31, 14, 100]
1542698564091;[171, 0, 17, 255, 161, 74, 232, 246, 87, 1, 0, 71, 1, 0, 235, 1, 0, 31, 14, 100]
1542698564259;[171, 0, 17, 255, 161, 74, 232, 246, 88, 1, 0, 73, 1, 0, 235, 1, 0, 34, 14, 96]
1542698564260;[171, 0, 17, 255, 161, 74, 232, 246, 88, 1, 0, 73, 1, 0, 235, 1, 0, 34, 14, 96]
1542698564261;[171, 0, 17, 255, 161, 74, 232, 246, 88, 1, 0, 72, 1, 0, 236, 1, 0, 33, 14, 164]
1542698564261;[171, 0, 17, 255, 161, 74, 232, 246, 88, 1, 0, 72, 1, 0, 236, 1, 0, 33, 14, 164]
1542698564431;[171, 0, 17, 255, 161, 74, 232, 246, 88, 1, 0, 74, 1, 0, 236, 1, 0, 32, 14, 198]
1542698564432;[171, 0, 17, 255, 161, 74, 232, 246, 88, 1, 0, 74, 1, 0, 236, 1, 0, 32, 14, 198]
1542698564433;[171, 0, 4, 255, 132, 128, 88]
1542698564434;[171, 0, 4, 255, 132, 128, 88]
1542698564603;[171, 0, 17, 255, 161, 74, 232, 246, 88, 1, 0, 72, 1, 0, 236, 1, 0, 32, 14, 222]
1542698564604;[171, 0, 17, 255, 161, 74, 232, 246, 88, 1, 0, 72, 1, 0, 236, 1, 0, 32, 14, 222]
1542698564949;[171, 0, 17, 255, 161, 74, 232, 246, 88, 1, 0, 72, 1, 0, 234, 1, 0, 32, 14, 233]
1542698564950;[171, 0, 17, 255, 161, 74, 232, 246, 88, 1, 0, 72, 1, 0, 234, 1, 0, 32, 14, 233]
1542698564956;[171, 0, 17, 255, 161, 74, 232, 246, 88, 1, 0, 70, 1, 0, 236, 1, 0, 31, 14, 239]
1542698564957;[171, 0, 17, 255, 161, 74, 232, 246, 88, 1, 0, 70, 1, 0, 236, 1, 0, 31, 14, 239]
1542698564958;[171, 0, 17, 255, 161, 74, 232, 246, 88, 1, 0, 71, 1, 0, 235, 1, 0, 33, 14, 234]
1542698564959;[171, 0, 17, 255, 161, 74, 232, 246, 88, 1, 0, 71, 1, 0, 235, 1, 0, 33, 14, 234]
1542698564960;[171, 0, 17, 255, 161, 74, 232, 246, 88, 1, 0, 71, 1, 0, 236, 1, 0, 34, 14, 220]
1542698564960;[171, 0, 17, 255, 161, 74, 232, 246, 88, 1, 0, 71, 1, 0, 236, 1, 0, 34, 14, 220]
1542698565121;[171, 0, 17, 255, 161, 74, 232, 246, 88, 1, 0, 72, 1, 0, 234, 1, 0, 33, 15, 14]
1542698565122;[171, 0, 17, 255, 161, 74, 232, 246, 88, 1, 0, 72, 1, 0, 234, 1, 0, 33, 15, 14]
1542698565294;[171, 0, 17, 255, 161, 74, 232, 246, 88, 1, 0, 71, 1, 0, 236, 1, 0, 33, 31, 69]
1542698565295;[171, 0, 17, 255, 161, 74, 232, 246, 88, 1, 0, 71, 1, 0, 236, 1, 0, 33, 31, 69]
1542698565296;[171, 0, 17, 255, 161, 74, 232, 246, 89, 1, 0, 72, 1, 0, 234, 1, 0, 32, 7, 241]
1542698565296;[171, 0, 17, 255, 161, 74, 232, 246, 89, 1, 0, 72, 1, 0, 234, 1, 0, 32, 7, 241]
1542698565466;[171, 0, 17, 255, 161, 74, 232, 246, 89, 1, 0, 70, 1, 0, 237, 1, 0, 32, 7, 252]
1542698565467;[171, 0, 17, 255, 161, 74, 232, 246, 89, 1, 0, 70, 1, 0, 237, 1, 0, 32, 7, 252]
1542698565468;[171, 0, 17, 255, 161, 74, 232, 246, 89, 1, 0, 70, 1, 0, 235, 1, 0, 31, 8, 0]
1542698565469;[171, 0, 17, 255, 161, 74, 232, 246, 89, 1, 0, 70, 1, 0, 235, 1, 0, 31, 8, 0]
1542698565638;[171, 0, 4, 255, 132, 128, 88]
1542698565640;[171, 0, 4, 255, 132, 128, 88]
1542698565658;[171, 0, 17, 255, 161, 74, 232, 246, 89, 1, 0, 71, 1, 0, 237, 1, 0, 32, 8, 4]
1542698565659;[171, 0, 17, 255, 161, 74, 232, 246, 89, 1, 0, 71, 1, 0, 237, 1, 0, 32, 8, 4]
1542698565810;[171, 0, 17, 255, 161, 74, 232, 246, 89, 1, 0, 74, 1, 0, 237, 1, 0, 33, 7, 247]
1542698565811;[171, 0, 17, 255, 161, 74, 232, 246, 89, 1, 0, 74, 1, 0, 237, 1, 0, 33, 7, 247]
1542698566331;[171, 0, 17, 255, 161, 74, 232, 246, 89, 1, 0, 74, 1, 0, 237, 1, 0, 32, 7, 237]
1542698566339;[171, 0, 17, 255, 161, 74, 232, 246, 89, 1, 0, 74, 1, 0, 237, 1, 0, 32, 7, 237]
1542698566340;[171, 0, 17, 255, 161, 74, 232, 246, 89, 1, 0, 73, 1, 0, 234, 1, 0, 34, 8, 52]
1542698566341;[171, 0, 17, 255, 161, 74, 232, 246, 89, 1, 0, 73, 1, 0, 234, 1, 0, 34, 8, 52]
1542698566343;[171, 0, 17, 255, 161, 74, 232, 246, 89, 1, 0, 70, 1, 0, 236, 1, 0, 33, 8, 84]
1542698566343;[171, 0, 17, 255, 161, 74, 232, 246, 89, 1, 0, 70, 1, 0, 236, 1, 0, 33, 8, 84]
1542698566344;[171, 0, 17, 255, 161, 74, 232, 246, 89, 1, 0, 74, 1, 0, 233, 1, 0, 33, 8, 94]
1542698566345;[171, 0, 17, 255, 161, 74, 232, 246, 89, 1, 0, 74, 1, 0, 233, 1, 0, 33, 8, 94]
1542698566504;[171, 0, 17, 255, 161, 74, 232, 246, 89, 1, 0, 72, 1, 0, 235, 1, 0, 31, 8, 104]
1542698566505;[171, 0, 17, 255, 161, 74, 232, 246, 89, 1, 0, 72, 1, 0, 235, 1, 0, 31, 8, 104]
1542698566506;[171, 0, 17, 255, 161, 74, 232, 246, 90, 1, 0, 72, 1, 0, 236, 1, 0, 33, 8, 102]
1542698566507;[171, 0, 17, 255, 161, 74, 232, 246, 90, 1, 0, 72, 1, 0, 236, 1, 0, 33, 8, 102]
1542698566508;[171, 0, 17, 255, 161, 74, 232, 246, 90, 1, 0, 71, 1, 0, 235, 1, 0, 32, 8, 91]
1542698566509;[171, 0, 17, 255, 161, 74, 232, 246, 90, 1, 0, 71, 1, 0, 235, 1, 0, 32, 8, 91]
1542698566673;[171, 0, 17, 255, 161, 74, 232, 246, 90, 1, 0, 72, 1, 0, 235, 1, 0, 32, 8, 72]
1542698566673;[171, 0, 17, 255, 161, 74, 232, 246, 90, 1, 0, 72, 1, 0, 235, 1, 0, 32, 8, 72]
1542698566675;[171, 0, 4, 255, 132, 128, 88]
1542698566676;[171, 0, 4, 255, 132, 128, 88]
1542698566847;[171, 0, 17, 255, 161, 74, 232, 246, 90, 1, 0, 74, 1, 0, 234, 1, 0, 33, 8, 62]
1542698566848;[171, 0, 17, 255, 161, 74, 232, 246, 90, 1, 0, 74, 1, 0, 234, 1, 0, 33, 8, 62]
1542698566849;[171, 0, 17, 255, 161, 74, 232, 246, 90, 1, 0, 73, 1, 0, 233, 1, 0, 32, 8, 116]
1542698566849;[171, 0, 17, 255, 161, 74, 232, 246, 90, 1, 0, 73, 1, 0, 233, 1, 0, 32, 8, 116]
1542698567018;[171, 0, 17, 255, 161, 74, 232, 246, 90, 1, 0, 71, 1, 0, 234, 1, 0, 31, 8, 148]
1542698567019;[171, 0, 17, 255, 161, 74, 232, 246, 90, 1, 0, 71, 1, 0, 234, 1, 0, 31, 8, 148]
1542698567191;[171, 0, 17, 255, 161, 74, 232, 246, 90, 1, 0, 72, 1, 0, 236, 1, 0, 33, 8, 165]
1542698567192;[171, 0, 17, 255, 161, 74, 232, 246, 90, 1, 0, 72, 1, 0, 236, 1, 0, 33, 8, 165]
1542698567193;[171, 0, 17, 255, 161, 74, 232, 246, 90, 1, 0, 72, 1, 0, 236, 1, 0, 31, 8, 164]
1542698567193;[171, 0, 17, 255, 161, 74, 232, 246, 90, 1, 0, 72, 1, 0, 236, 1, 0, 31, 8, 164]
1542698567536;[171, 0, 17, 255, 161, 74, 232, 246, 90, 1, 0, 73, 1, 0, 236, 1, 0, 32, 8, 170]
1542698567537;[171, 0, 17, 255, 161, 74, 232, 246, 90, 1, 0, 73, 1, 0, 236, 1, 0, 32, 8, 170]
1542698567539;[171, 0, 17, 255, 161, 74, 232, 246, 90, 1, 0, 74, 1, 0, 232, 1, 0, 33, 8, 163]
1542698567540;[171, 0, 17, 255, 161, 74, 232, 246, 90, 1, 0, 74, 1, 0, 232, 1, 0, 33, 8, 163]
1542698567542;[171, 0, 17, 255, 161, 74, 232, 246, 91, 1, 0, 73, 1, 0, 236, 1, 0, 31, 8, 146]
1542698567543;[171, 0, 17, 255, 161, 74, 232, 246, 91, 1, 0, 73, 1, 0, 236, 1, 0, 31, 8, 146]
1542698567545;[171, 0, 17, 255, 161, 74, 232, 246, 91, 1, 0, 70, 1, 0, 233, 1, 0, 33, 8, 199]
1542698567545;[171, 0, 17, 255, 161, 74, 232, 246, 91, 1, 0, 70, 1, 0, 233, 1, 0, 33, 8, 199]
1542698567708;[171, 0, 17, 255, 161, 74, 232, 246, 91, 1, 0, 73, 1, 0, 237, 1, 0, 31, 8, 217]
1542698567709;[171, 0, 17, 255, 161, 74, 232, 246, 91, 1, 0, 73, 1, 0, 237, 1, 0, 31, 8, 217]
1542698567881;[171, 0, 4, 255, 132, 128, 88]
1542698567882;[171, 0, 4, 255, 132, 128, 88]
1542698570041;[171, 0, 17, 255, 161, 74, 232, 246, 91, 1, 0, 70, 1, 0, 236, 1, 0, 31, 8, 218]
1542698570041;[171, 0, 17, 255, 161, 74, 232, 246, 91, 1, 0, 70, 1, 0, 236, 1, 0, 31, 8, 218]
1542698570041;[171, 0, 17, 255, 161, 74, 232, 246, 91, 1, 0, 70, 1, 0, 236, 1, 0, 34, 8, 216]
1542698570042;[171, 0, 17, 255, 161, 74, 232, 246, 91, 1, 0, 70, 1, 0, 236, 1, 0, 34, 8, 216]
1542698570043;[171, 0, 17, 255, 161, 74, 232, 246, 91, 1, 0, 70, 1, 0, 237, 1, 0, 31, 8, 208]
1542698570043;[171, 0, 17, 255, 161, 74, 232, 246, 91, 1, 0, 70, 1, 0, 237, 1, 0, 31, 8, 208]
1542698570044;[171, 0, 17, 255, 161, 74, 232, 246, 91, 1, 0, 72, 1, 0, 235, 1, 0, 32, 8, 187]
1542698570044;[171, 0, 17, 255, 161, 74, 232, 246, 91, 1, 0, 72, 1, 0, 235, 1, 0, 32, 8, 187]
1542698570045;[171, 0, 17, 255, 161, 74, 232, 246, 91, 1, 0, 69, 1, 0, 235, 1, 0, 31, 8, 169]
1542698570045;[171, 0, 17, 255, 161, 74, 232, 246, 91, 1, 0, 69, 1, 0, 235, 1, 0, 31, 8, 169]
1542698570046;[171, 0, 17, 255, 161, 74, 232, 246, 91, 1, 0, 72, 1, 0, 236, 1, 0, 32, 8, 214]
1542698570046;[171, 0, 17, 255, 161, 74, 232, 246, 91, 1, 0, 72, 1, 0, 236, 1, 0, 32, 8, 214]
1542698570051;[171, 0, 17, 255, 161, 74, 232, 246, 91, 1, 0, 72, 1, 0, 235, 1, 0, 32, 8, 251]
1542698570051;[171, 0, 17, 255, 161, 74, 232, 246, 91, 1, 0, 72, 1, 0, 235, 1, 0, 32, 8, 251]
1542698570052;[171, 0, 17, 255, 161, 74, 232, 246, 92, 1, 0, 76, 1, 0, 234, 1, 0, 31, 9, 3]
1542698570052;[171, 0, 17, 255, 161, 74, 232, 246, 92, 1, 0, 76, 1, 0, 234, 1, 0, 31, 9, 3]
1542698570052;[171, 0, 17, 255, 161, 74, 232, 246, 92, 1, 0, 73, 1, 0, 237, 1, 0, 32, 9, 9]
1542698570053;[171, 0, 17, 255, 161, 74, 232, 246, 92, 1, 0, 73, 1, 0, 237, 1, 0, 32, 9, 9]
1542698570053;[171, 0, 17, 255, 161, 74, 232, 246, 92, 1, 0, 71, 1, 0, 235, 1, 0, 33, 9, 10]
1542698570054;[171, 0, 17, 255, 161, 74, 232, 246, 92, 1, 0, 71, 1, 0, 235, 1, 0, 33, 9, 10]
1542698570054;[171, 0, 4, 255, 132, 128, 88]
1542698570055;[171, 0, 4, 255, 132, 128, 88]
1542698570056;[171, 0, 17, 255, 161, 74, 232, 246, 92, 1, 0, 69, 1, 0, 235, 1, 0, 31, 8, 255]
1542698570056;[171, 0, 17, 255, 161, 74, 232, 246, 92, 1, 0, 69, 1, 0, 235, 1, 0, 31, 8, 255]
1542698570057;[171, 0, 17, 255, 161, 74, 232, 246, 92, 1, 0, 75, 1, 0, 236, 1, 0, 31, 8, 232]
1542698570057;[171, 0, 17, 255, 161, 74, 232, 246, 92, 1, 0, 75, 1, 0, 236, 1, 0, 31, 8, 232]
1542698570058;[171, 0, 17, 255, 161, 74, 232, 246, 92, 1, 0, 68, 1, 0, 235, 1, 0, 33, 8, 220]
1542698570058;[171, 0, 17, 255, 161, 74, 232, 246, 92, 1, 0, 68, 1, 0, 235, 1, 0, 33, 8, 220]
1542698570059;[171, 0, 17, 255, 161, 74, 232, 246, 92, 1, 0, 71, 1, 0, 235, 1, 0, 32, 9, 8]
1542698570059;[171, 0, 17, 255, 161, 74, 232, 246, 92, 1, 0, 71, 1, 0, 235, 1, 0, 32, 9, 8]
1542698570061;[171, 0, 17, 255, 161, 74, 232, 246, 92, 1, 0, 69, 1, 0, 234, 1, 0, 33, 9, 34]
1542698570061;[171, 0, 17, 255, 161, 74, 232, 246, 92, 1, 0, 69, 1, 0, 234, 1, 0, 33, 9, 34]
1542698570062;[171, 0, 17, 255, 161, 74, 232, 246, 92, 1, 0, 72, 1, 0, 236, 1, 0, 31, 9, 50]
1542698570063;[171, 0, 17, 255, 161, 74, 232, 246, 92, 1, 0, 72, 1, 0, 236, 1, 0, 31, 9, 50]
1542698570066;[171, 0, 17, 255, 161, 74, 232, 246, 92, 1, 0, 70, 1, 0, 233, 1, 0, 32, 9, 53]
1542698570067;[171, 0, 17, 255, 161, 74, 232, 246, 92, 1, 0, 70, 1, 0, 233, 1, 0, 32, 9, 53]
1542698570069;[171, 0, 17, 255, 161, 74, 232, 246, 93, 1, 0, 70, 1, 0, 236, 1, 0, 33, 9, 42]
1542698570070;[171, 0, 17, 255, 161, 74, 232, 246, 93, 1, 0, 70, 1, 0, 236, 1, 0, 33, 9, 42]
1542698570070;[171, 0, 17, 255, 161, 74, 232, 246, 93, 1, 0, 75, 1, 0, 235, 1, 0, 32, 9, 35]
1542698570071;[171, 0, 17, 255, 161, 74, 232, 246, 93, 1, 0, 75, 1, 0, 235, 1, 0, 32, 9, 35]
1542698570124;[171, 0, 17, 255, 161, 74, 232, 246, 93, 1, 0, 73, 1, 0, 233, 1, 0, 33, 9, 13]
1542698570125;[171, 0, 17, 255, 161, 74, 232, 246, 93, 1, 0, 73, 1, 0, 233, 1, 0, 33, 9, 13]
1542698570127;[171, 0, 4, 255, 132, 128, 88]
1542698570128;[171, 0, 4, 255, 132, 128, 88]
1542698570147;[171, 0, 17, 255, 161, 74, 232, 246, 93, 1, 0, 75, 1, 0, 235, 1, 0, 32, 8, 252]
1542698570148;[171, 0, 17, 255, 161, 74, 232, 246, 93, 1, 0, 75, 1, 0, 235, 1, 0, 32, 8, 252]
1542698570296;[171, 0, 17, 255, 161, 74, 232, 246, 93, 1, 0, 72, 1, 0, 234, 1, 0, 32, 9, 8]
1542698570297;[171, 0, 17, 255, 161, 74, 232, 246, 93, 1, 0, 72, 1, 0, 234, 1, 0, 32, 9, 8]
1542698570299;[171, 0, 17, 255, 161, 74, 232, 246, 93, 1, 0, 73, 1, 0, 234, 1, 0, 31, 9, 54]
1542698570299;[171, 0, 17, 255, 161, 74, 232, 246, 93, 1, 0, 73, 1, 0, 234, 1, 0, 31, 9, 54]
1542698570469;[171, 0, 17, 255, 161, 74, 232, 246, 93, 1, 0, 73, 1, 0, 236, 1, 0, 32, 9, 65]
1542698570470;[171, 0, 17, 255, 161, 74, 232, 246, 93, 1, 0, 73, 1, 0, 236, 1, 0, 32, 9, 65]
1542698570471;[171, 0, 17, 255, 161, 74, 232, 246, 93, 1, 0, 73, 1, 0, 235, 1, 0, 31, 9, 72]
1542698570471;[171, 0, 17, 255, 161, 74, 232, 246, 93, 1, 0, 73, 1, 0, 235, 1, 0, 31, 9, 72]
1542698570651;[171, 0, 17, 255, 161, 74, 232, 246, 93, 1, 0, 72, 1, 0, 237, 1, 0, 32, 9, 73]
1542698570652;[171, 0, 17, 255, 161, 74, 232, 246, 93, 1, 0, 72, 1, 0, 237, 1, 0, 32, 9, 73]
1542698570653;[171, 0, 17, 255, 161, 74, 232, 246, 93, 1, 0, 72, 1, 0, 234, 1, 0, 32, 9, 63]
1542698570653;[171, 0, 17, 255, 161, 74, 232, 246, 93, 1, 0, 72, 1, 0, 234, 1, 0, 32, 9, 63]
1542698570987;[171, 0, 17, 255, 161, 74, 232, 246, 94, 1, 0, 75, 1, 0, 235, 1, 0, 31, 9, 52]
1542698570988;[171, 0, 17, 255, 161, 74, 232, 246, 94, 1, 0, 75, 1, 0, 235, 1, 0, 31, 9, 52]
1542698570989;[171, 0, 17, 255, 161, 74, 232, 246, 94, 1, 0, 72, 1, 0, 235, 1, 0, 32, 9, 52]
1542698570990;[171, 0, 17, 255, 161, 74, 232, 246, 94, 1, 0, 72, 1, 0, 235, 1, 0, 32, 9, 52]
1542698570993;[171, 0, 17, 255, 161, 74, 232, 246, 94, 1, 0, 72, 1, 0, 235, 1, 0, 30, 9, 86]
1542698570994;[171, 0, 17, 255, 161, 74, 232, 246, 94, 1, 0, 72, 1, 0, 235, 1, 0, 30, 9, 86]
1542698571332;[171, 0, 4, 255, 132, 128, 87]
1542698571333;[171, 0, 4, 255, 132, 128, 87]
1542698571352;[171, 0, 17, 255, 161, 74, 232, 246, 94, 1, 0, 73, 1, 0, 234, 1, 0, 32, 9, 102]
1542698571353;[171, 0, 17, 255, 161, 74, 232, 246, 94, 1, 0, 73, 1, 0, 234, 1, 0, 32, 9, 102]
1542698571354;[171, 0, 17, 255, 161, 74, 232, 246, 94, 1, 0, 72, 1, 0, 236, 1, 0, 34, 9, 112]
1542698571354;[171, 0, 17, 255, 161, 74, 232, 246, 94, 1, 0, 72, 1, 0, 236, 1, 0, 34, 9, 112]
1542698571355;[171, 0, 17, 255, 161, 74, 232, 246, 94, 1, 0, 73, 1, 0, 234, 1, 0, 31, 9, 102]
1542698571356;[171, 0, 17, 255, 161, 74, 232, 246, 94, 1, 0, 73, 1, 0, 234, 1, 0, 31, 9, 102]
1542698571503;[171, 0, 17, 255, 161, 74, 232, 246, 94, 1, 0, 73, 1, 0, 235, 1, 0, 32, 9, 96]
1542698571504;[171, 0, 17, 255, 161, 74, 232, 246, 94, 1, 0, 73, 1, 0, 235, 1, 0, 32, 9, 96]
1542698571676;[171, 0, 17, 255, 161, 74, 232, 246, 94, 1, 0, 70, 1, 0, 235, 1, 0, 34, 9, 65]
1542698571676;[171, 0, 17, 255, 161, 74, 232, 246, 94, 1, 0, 70, 1, 0, 235, 1, 0, 34, 9, 65]
1542698572022;[171, 0, 17, 255, 161, 74, 232, 246, 94, 1, 0, 70, 1, 0, 236, 1, 0, 30, 9, 61]
1542698572023;[171, 0, 17, 255, 161, 74, 232, 246, 94, 1, 0, 70, 1, 0, 236, 1, 0, 30, 9, 61]
1542698572025;[171, 0, 17, 255, 161, 74, 232, 246, 94, 1, 0, 72, 1, 0, 234, 1, 0, 33, 9, 100]
1542698572026;[171, 0, 17, 255, 161, 74, 232, 246, 94, 1, 0, 72, 1, 0, 234, 1, 0, 33, 9, 100]
1542698572027;[171, 0, 17, 255, 161, 74, 232, 246, 95, 1, 0, 72, 1, 0, 237, 1, 0, 34, 9, 123]
1542698572028;[171, 0, 17, 255, 161, 74, 232, 246, 95, 1, 0, 72, 1, 0, 237, 1, 0, 34, 9, 123]
1542698572029;[171, 0, 17, 255, 161, 74, 232, 246, 95, 1, 0, 72, 1, 0, 236, 1, 0, 31, 9, 125]
1542698572030;[171, 0, 17, 255, 161, 74, 232, 246, 95, 1, 0, 72, 1, 0, 236, 1, 0, 31, 9, 125]
1542698572194;[171, 0, 17, 255, 161, 74, 232, 246, 95, 1, 0, 71, 1, 0, 235, 1, 0, 33, 9, 117]
1542698572195;[171, 0, 17, 255, 161, 74, 232, 246, 95, 1, 0, 71, 1, 0, 235, 1, 0, 33, 9, 117]
1542698572196;[171, 0, 4, 255, 132, 128, 86]
1542698572197;[171, 0, 4, 255, 132, 128, 86]
1542698572713;[171, 0, 17, 255, 161, 74, 232, 246, 95, 1, 0, 72, 1, 0, 234, 1, 0, 33, 9, 108]
1542698572715;[171, 0, 17, 255, 161, 74, 232, 246, 95, 1, 0, 72, 1, 0, 234, 1, 0, 33, 9, 108]
1542698572715;[171, 0, 17, 255, 161, 74, 232, 246, 95, 1, 0, 71, 1, 0, 233, 1, 0, 31, 9, 97]
1542698572716;[171, 0, 17, 255, 161, 74, 232, 246, 95, 1, 0, 71, 1, 0, 233, 1, 0, 31, 9, 97]
1542698572717;[171, 0, 17, 255, 161, 74, 232, 246, 95, 1, 0, 72, 1, 0, 237, 1, 0, 31, 9, 69]
1542698572718;[171, 0, 17, 255, 161, 74, 232, 246, 95, 1, 0, 72, 1, 0, 237, 1, 0, 31, 9, 69]
1542698572719;[171, 0, 17, 255, 161, 74, 232, 246, 95, 1, 0, 73, 1, 0, 233, 1, 0, 33, 9, 79]
1542698572720;[171, 0, 17, 255, 161, 74, 232, 246, 95, 1, 0, 73, 1, 0, 233, 1, 0, 33, 9, 79]
1542698573229;[171, 0, 17, 255, 161, 74, 232, 246, 95, 1, 0, 71, 1, 0, 235, 1, 0, 32, 9, 130]
1542698573231;[171, 0, 17, 255, 161, 74, 232, 246, 95, 1, 0, 71, 1, 0, 235, 1, 0, 32, 9, 130]
1542698573232;[171, 0, 17, 255, 161, 74, 232, 246, 95, 1, 0, 74, 1, 0, 236, 1, 0, 30, 9, 146]
1542698573234;[171, 0, 17, 255, 161, 74, 232, 246, 95, 1, 0, 74, 1, 0, 236, 1, 0, 30, 9, 146]
1542698573235;[171, 0, 17, 255, 161, 74, 232, 246, 95, 1, 0, 72, 1, 0, 235, 1, 0, 34, 9, 156]
1542698573235;[171, 0, 17, 255, 161, 74, 232, 246, 95, 1, 0, 72, 1, 0, 235, 1, 0, 34, 9, 156]
1542698573236;[171, 0, 17, 255, 161, 74, 232, 246, 96, 1, 0, 72, 1, 0, 235, 1, 0, 32, 9, 159]
1542698573237;[171, 0, 17, 255, 161, 74, 232, 246, 96, 1, 0, 72, 1, 0, 235, 1, 0, 32, 9, 159]
1542698573402;[171, 0, 17, 255, 161, 74, 232, 246, 96, 1, 0, 73, 1, 0, 233, 1, 0, 33, 9, 151]
1542698573403;[171, 0, 17, 255, 161, 74, 232, 246, 96, 1, 0, 73, 1, 0, 233, 1, 0, 33, 9, 151]
1542698573404;[171, 0, 17, 255, 161, 74, 232, 246, 96, 1, 0, 72, 1, 0, 236, 1, 0, 32, 9, 143]
1542698573405;[171, 0, 17, 255, 161, 74, 232, 246, 96, 1, 0, 72, 1, 0, 236, 1, 0, 32, 9, 143]
1542698573407;[171, 0, 4, 255, 132, 128, 86]
1542698573409;[171, 0, 4, 255, 132, 128, 86]
1542698573428;[171, 0, 17, 255, 161, 74, 232, 246, 96, 1, 0, 74, 1, 0, 236, 1, 0, 32, 9, 158]
1542698573428;[171, 0, 17, 255, 161, 74, 232, 246, 96, 1, 0, 74, 1, 0, 236, 1, 0, 32, 9, 158]
1542698573574;[171, 0, 17, 255, 161, 74, 232, 246, 96, 1, 0, 75, 1, 0, 235, 1, 0, 32, 9, 187]
1542698573575;[171, 0, 17, 255, 161, 74, 232, 246, 96, 1, 0, 75, 1, 0, 235, 1, 0, 32, 9, 187]
1542698573575;[171, 0, 17, 255, 161, 74, 232, 246, 96, 1, 0, 72, 1, 0, 232, 1, 0, 32, 9, 199]
1542698573576;[171, 0, 17, 255, 161, 74, 232, 246, 96, 1, 0, 72, 1, 0, 232, 1, 0, 32, 9, 199]
1542698573919;[171, 0, 17, 255, 161, 74, 232, 246, 96, 1, 0, 72, 1, 0, 236, 1, 0, 32, 9, 202]
1542698573924;[171, 0, 17, 255, 161, 74, 232, 246, 96, 1, 0, 72, 1, 0, 236, 1, 0, 32, 9, 202]
1542698573925;[171, 0, 17, 255, 161, 74, 232, 246, 96, 1, 0, 70, 1, 0, 235, 1, 0, 32, 9, 198]
1542698573926;[171, 0, 17, 255, 161, 74, 232, 246, 96, 1, 0, 70, 1, 0, 235, 1, 0, 32, 9, 198]
1542698573926;[171, 0, 17, 255, 161, 74, 232, 246, 96, 1, 0, 71, 1, 0, 235, 1, 0, 31, 9, 188]
1542698573927;[171, 0, 17, 255, 161, 74, 232, 246, 96, 1, 0, 71, 1, 0, 235, 1, 0, 31, 9, 188]
1542698574091;[171, 0, 17, 255, 161, 74, 232, 246, 96, 1, 0, 72, 1, 0, 236, 1, 0, 32, 9, 175]
1542698574092;[171, 0, 17, 255, 161, 74, 232, 246, 96, 1, 0, 72, 1, 0, 236, 1, 0, 32, 9, 175]
1542698574093;[171, 0, 17, 255, 161, 74, 232, 246, 97, 1, 0, 71, 1, 0, 234, 1, 0, 33, 9, 222]
1542698574094;[171, 0, 17, 255, 161, 74, 232, 246, 97, 1, 0, 71, 1, 0, 234, 1, 0, 33, 9, 222]
1542698574264;[171, 0, 17, 255, 161, 74, 232, 246, 97, 1, 0, 68, 1, 0, 237, 1, 0, 31, 9, 247]
1542698574265;[171, 0, 17, 255, 161, 74, 232, 246, 97, 1, 0, 68, 1, 0, 237, 1, 0, 31, 9, 247]
1542698574266;[171, 0, 17, 255, 161, 74, 232, 246, 97, 1, 0, 75, 1, 0, 232, 1, 0, 36, 10, 3]
1542698574267;[171, 0, 17, 255, 161, 74, 232, 246, 97, 1, 0, 75, 1, 0, 232, 1, 0, 36, 10, 3]
1542698574436;[171, 0, 4, 255, 132, 128, 85]
1542698574437;[171, 0, 4, 255, 132, 128, 85]
1542698574456;[171, 0, 17, 255, 161, 74, 232, 246, 97, 1, 0, 70, 1, 0, 236, 1, 0, 30, 10, 0]
1542698574457;[171, 0, 17, 255, 161, 74, 232, 246, 97, 1, 0, 70, 1, 0, 236, 1, 0, 30, 10, 0]
1542698574608;[171, 0, 17, 255, 161, 74, 232, 246, 97, 1, 0, 74, 1, 0, 236, 1, 0, 33, 9, 249]
1542698574610;[171, 0, 17, 255, 161, 74, 232, 246, 97, 1, 0, 74, 1, 0, 236, 1, 0, 33, 9, 249]
1542698575126;[171, 0, 17, 255, 161, 74, 232, 246, 97, 1, 0, 73, 1, 0, 234, 1, 0, 34, 9, 233]
1542698575127;[171, 0, 17, 255, 161, 74, 232, 246, 97, 1, 0, 73, 1, 0, 234, 1, 0, 34, 9, 233]
1542698575300;[171, 0, 17, 255, 161, 74, 232, 246, 97, 1, 0, 71, 1, 0, 236, 1, 0, 34, 9, 215]
1542698575301;[171, 0, 17, 255, 161, 74, 232, 246, 97, 1, 0, 71, 1, 0, 236, 1, 0, 34, 9, 215]
1542698575302;[171, 0, 17, 255, 161, 74, 232, 246, 97, 1, 0, 72, 1, 0, 234, 1, 0, 33, 9, 248]
1542698575303;[171, 0, 17, 255, 161, 74, 232, 246, 97, 1, 0, 72, 1, 0, 234, 1, 0, 33, 9, 248]
1542698575304;[171, 0, 17, 255, 161, 74, 232, 246, 97, 1, 0, 70, 1, 0, 235, 1, 0, 31, 10, 22]
1542698575305;[171, 0, 17, 255, 161, 74, 232, 246, 97, 1, 0, 70, 1, 0, 235, 1, 0, 31, 10, 22]
1542698575306;[171, 0, 17, 255, 161, 74, 232, 246, 97, 1, 0, 69, 1, 0, 235, 1, 0, 32, 10, 33]
1542698575307;[171, 0, 17, 255, 161, 74, 232, 246, 97, 1, 0, 69, 1, 0, 235, 1, 0, 32, 10, 33]
1542698575816;[171, 0, 17, 255, 161, 74, 232, 246, 98, 1, 0, 71, 1, 0, 235, 1, 0, 33, 10, 36]
1542698575817;[171, 0, 17, 255, 161, 74, 232, 246, 98, 1, 0, 71, 1, 0, 235, 1, 0, 33, 10, 36]
1542698575820;[171, 0, 17, 255, 161, 74, 232, 246, 98, 1, 0, 70, 1, 0, 238, 1, 0, 33, 10, 29]
1542698575820;[171, 0, 17, 255, 161, 74, 232, 246, 98, 1, 0, 70, 1, 0, 238, 1, 0, 33, 10, 29]
1542698575822;[171, 0, 17, 255, 161, 74, 232, 246, 98, 1, 0, 70, 1, 0, 233, 1, 0, 31, 10, 25]
1542698575823;[171, 0, 17, 255, 161, 74, 232, 246, 98, 1, 0, 70, 1, 0, 233, 1, 0, 31, 10, 25]
1542698575824;[171, 0, 4, 255, 132, 128, 85]
1542698575825;[171, 0, 4, 255, 132, 128, 85]
1542698575989;[171, 0, 17, 255, 161, 74, 232, 246, 98, 1, 0, 75, 1, 0, 235, 1, 0, 33, 9, 248]
1542698575989;[171, 0, 17, 255, 161, 74, 232, 246, 98, 1, 0, 75, 1, 0, 235, 1, 0, 33, 9, 248]
1542698575992;[171, 0, 17, 255, 161, 74, 232, 246, 98, 1, 0, 71, 1, 0, 233, 1, 0, 31, 9, 250]
1542698575993;[171, 0, 17, 255, 161, 74, 232, 246, 98, 1, 0, 71, 1, 0, 233, 1, 0, 31, 9, 250]
1542698575994;[171, 0, 17, 255, 161, 74, 232, 246, 98, 1, 0, 72, 1, 0, 234, 1, 0, 33, 10, 34]
1542698575995;[171, 0, 17, 255, 161, 74, 232, 246, 98, 1, 0, 72, 1, 0, 234, 1, 0, 33, 10, 34]
1542698575997;[171, 0, 17, 255, 161, 74, 232, 246, 98, 1, 0, 73, 1, 0, 234, 1, 0, 33, 10, 53]
1542698575997;[171, 0, 17, 255, 161, 74, 232, 246, 98, 1, 0, 73, 1, 0, 234, 1, 0, 33, 10, 53]
1542698576162;[171, 0, 17, 255, 161, 74, 232, 246, 98, 1, 0, 74, 1, 0, 235, 1, 0, 33, 10, 68]
1542698576163;[171, 0, 17, 255, 161, 74, 232, 246, 98, 1, 0, 74, 1, 0, 235, 1, 0, 33, 10, 68]
1542698576164;[171, 0, 17, 255, 161, 74, 232, 246, 98, 1, 0, 70, 1, 0, 237, 1, 0, 33, 10, 62]
1542698576165;[171, 0, 17, 255, 161, 74, 232, 246, 98, 1, 0, 70, 1, 0, 237, 1, 0, 33, 10, 62]
1542698576169;[171, 0, 17, 255, 161, 74, 232, 246, 98, 1, 0, 72, 1, 0, 236, 1, 0, 32, 10, 55]
1542698576170;[171, 0, 17, 255, 161, 74, 232, 246, 98, 1, 0, 72, 1, 0, 236, 1, 0, 32, 10, 55]
1542698576679;[171, 0, 17, 255, 161, 74, 232, 246, 99, 1, 0, 71, 1, 0, 233, 1, 0, 32, 10, 41]
1542698576680;[171, 0, 17, 255, 161, 74, 232, 246, 99, 1, 0, 71, 1, 0, 233, 1, 0, 32, 10, 41]
1542698576683;[171, 0, 17, 255, 161, 74, 232, 246, 99, 1, 0, 70, 1, 0, 235, 1, 0, 32, 10, 45]
1542698576684;[171, 0, 17, 255, 161, 74, 232, 246, 99, 1, 0, 70, 1, 0, 235, 1, 0, 32, 10, 45]
1542698576701;[171, 0, 17, 255, 161, 74, 232, 246, 99, 1, 0, 72, 1, 0, 234, 1, 0, 34, 10, 74]
1542698576702;[171, 0, 17, 255, 161, 74, 232, 246, 99, 1, 0, 72, 1, 0, 234, 1, 0, 34, 10, 74]
1542698576702;[171, 0, 4, 255, 132, 128, 85]
1542698576703;[171, 0, 4, 255, 132, 128, 85]
1542698576851;[171, 0, 17, 255, 161, 74, 232, 246, 99, 1, 0, 71, 1, 0, 234, 1, 0, 33, 10, 86]
1542698576852;[171, 0, 17, 255, 161, 74, 232, 246, 99, 1, 0, 71, 1, 0, 234, 1, 0, 33, 10, 86]
1542698576853;[171, 0, 17, 255, 161, 74, 232, 246, 99, 1, 0, 73, 1, 0, 235, 1, 0, 31, 10, 86]
1542698576854;[171, 0, 17, 255, 161, 74, 232, 246, 99, 1, 0, 73, 1, 0, 235, 1, 0, 31, 10, 86]
1542698576855;[171, 0, 17, 255, 161, 74, 232, 246, 99, 1, 0, 73, 1, 0, 237, 1, 0, 32, 10, 76]
1542698576856;[171, 0, 17, 255, 161, 74, 232, 246, 99, 1, 0, 73, 1, 0, 237, 1, 0, 32, 10, 76]
1542698577023;[171, 0, 17, 255, 161, 74, 232, 246, 99, 1, 0, 70, 1, 0, 236, 1, 0, 33, 10, 63]
1542698577024;[171, 0, 17, 255, 161, 74, 232, 246, 99, 1, 0, 70, 1, 0, 236, 1, 0, 33, 10, 63]
1542698577196;[171, 0, 17, 255, 161, 74, 232, 246, 99, 1, 0, 71, 1, 0, 235, 1, 0, 33, 10, 49]
1542698577197;[171, 0, 17, 255, 161, 74, 232, 246, 99, 1, 0, 71, 1, 0, 235, 1, 0, 33, 10, 49]
1542698577198;[171, 0, 17, 255, 161, 74, 232, 246, 99, 1, 0, 72, 1, 0, 232, 1, 0, 34, 10, 47]
1542698577199;[171, 0, 17, 255, 161, 74, 232, 246, 99, 1, 0, 72, 1, 0, 232, 1, 0, 34, 10, 47]
1542698577713;[171, 0, 17, 255, 161, 74, 232, 246, 99, 1, 0, 73, 1, 0, 236, 1, 0, 34, 10, 79]
1542698577714;[171, 0, 17, 255, 161, 74, 232, 246, 99, 1, 0, 73, 1, 0, 236, 1, 0, 34, 10, 79]
1542698577718;[171, 0, 17, 255, 161, 74, 232, 246, 100, 1, 0, 75, 1, 0, 236, 1, 0, 32, 10, 87]
1542698577719;[171, 0, 17, 255, 161, 74, 232, 246, 100, 1, 0, 75, 1, 0, 236, 1, 0, 32, 10, 87]
1542698577720;[171, 0, 17, 255, 161, 74, 232, 246, 100, 1, 0, 71, 1, 0, 235, 1, 0, 33, 10, 82]
1542698577721;[171, 0, 17, 255, 161, 74, 232, 246, 100, 1, 0, 71, 1, 0, 235, 1, 0, 33, 10, 82]
1542698577722;[171, 0, 17, 255, 161, 74, 232, 246, 102, 1, 0, 72, 1, 0, 234, 1, 0, 32, 10, 38]
1542698577723;[171, 0, 17, 255, 161, 74, 232, 246, 102, 1, 0, 72, 1, 0, 234, 1, 0, 32, 10, 38]
1542698577887;[171, 0, 17, 255, 161, 74, 232, 246, 102, 1, 0, 72, 1, 0, 235, 1, 0, 31, 10, 32]
1542698577888;[171, 0, 17, 255, 161, 74, 232, 246, 102, 1, 0, 72, 1, 0, 235, 1, 0, 31, 10, 32]
1542698577889;[171, 0, 17, 255, 161, 74, 232, 246, 102, 1, 0, 72, 1, 0, 235, 1, 0, 32, 10, 14]
1542698577890;[171, 0, 17, 255, 161, 74, 232, 246, 102, 1, 0, 72, 1, 0, 235, 1, 0, 32, 10, 14]
1542698578232;[171, 0, 17, 255, 161, 74, 232, 246, 102, 1, 0, 69, 1, 0, 235, 1, 0, 32, 10, 0]
1542698578232;[171, 0, 17, 255, 161, 74, 232, 246, 102, 1, 0, 69, 1, 0, 235, 1, 0, 32, 10, 0]
1542698578236;[171, 0, 17, 255, 161, 74, 232, 246, 102, 1, 0, 73, 1, 0, 239, 1, 0, 33, 9, 237]
1542698578237;[171, 0, 17, 255, 161, 74, 232, 246, 102, 1, 0, 73, 1, 0, 239, 1, 0, 33, 9, 237]
1542698578238;[171, 0, 17, 255, 161, 74, 232, 246, 102, 1, 0, 71, 1, 0, 236, 1, 0, 32, 9, 241]
1542698578239;[171, 0, 17, 255, 161, 74, 232, 246, 102, 1, 0, 71, 1, 0, 236, 1, 0, 32, 9, 241]
1542698578240;[171, 0, 17, 255, 161, 74, 232, 246, 102, 1, 0, 72, 1, 0, 235, 1, 0, 33, 9, 255]
1542698578241;[171, 0, 17, 255, 161, 74, 232, 246, 102, 1, 0, 72, 1, 0, 235, 1, 0, 33, 9, 255]
1542698578403;[171, 0, 17, 255, 161, 74, 232, 246, 103, 1, 0, 71, 1, 0, 234, 1, 0, 33, 10, 8]
1542698578403;[171, 0, 17, 255, 161, 74, 232, 246, 103, 1, 0, 71, 1, 0, 234, 1, 0, 33, 10, 8]
1542698578577;[171, 0, 17, 255, 161, 74, 232, 246, 103, 1, 0, 70, 1, 0, 237, 1, 0, 32, 9, 254]
1542698578578;[171, 0, 17, 255, 161, 74, 232, 246, 103, 1, 0, 70, 1, 0, 237, 1, 0, 32, 9, 254]
1542698578580;[171, 0, 17, 255, 161, 74, 232, 246, 103, 1, 0, 71, 1, 0, 237, 1, 0, 32, 9, 244]
1542698578581;[171, 0, 17, 255, 161, 74, 232, 246, 103, 1, 0, 71, 1, 0, 237, 1, 0, 32, 9, 244]
1542698579095;[171, 0, 4, 255, 132, 128, 84]
1542698579115;[171, 0, 4, 255, 132, 128, 84]
1542698579116;[171, 0, 17, 255, 161, 74, 232, 246, 103, 1, 0, 68, 1, 0, 234, 1, 0, 31, 9, 231]
1542698579117;[171, 0, 17, 255, 161, 74, 232, 246, 103, 1, 0, 68, 1, 0, 234, 1, 0, 31, 9, 231]
1542698579118;[171, 0, 17, 255, 161, 74, 232, 246, 103, 1, 0, 72, 1, 0, 234, 1, 0, 35, 9, 217]
1542698579118;[171, 0, 17, 255, 161, 74, 232, 246, 103, 1, 0, 72, 1, 0, 234, 1, 0, 35, 9, 217]
1542698579119;[171, 0, 17, 255, 161, 74, 232, 246, 103, 1, 0, 71, 1, 0, 237, 1, 0, 32, 9, 195]
1542698579120;[171, 0, 17, 255, 161, 74, 232, 246, 103, 1, 0, 71, 1, 0, 237, 1, 0, 32, 9, 195]
1542698579267;[171, 0, 17, 255, 161, 74, 232, 246, 103, 1, 0, 71, 1, 0, 234, 1, 0, 33, 9, 199]
1542698579267;[171, 0, 17, 255, 161, 74, 232, 246, 103, 1, 0, 71, 1, 0, 234, 1, 0, 33, 9, 199]
1542698579269;[171, 0, 17, 255, 161, 74, 232, 246, 103, 1, 0, 70, 1, 0, 235, 1, 0, 33, 9, 218]
1542698579270;[171, 0, 17, 255, 161, 74, 232, 246, 103, 1, 0, 70, 1, 0, 235, 1, 0, 33, 9, 218]
1542698579271;[171, 0, 17, 255, 161, 74, 232, 246, 103, 1, 0, 70, 1, 0, 236, 1, 0, 33, 9, 217]
1542698579272;[171, 0, 17, 255, 161, 74, 232, 246, 103, 1, 0, 70, 1, 0, 236, 1, 0, 33, 9, 217]
1542698579439;[171, 0, 17, 255, 161, 74, 232, 246, 103, 1, 0, 73, 1, 0, 236, 1, 0, 34, 9, 215]
1542698579440;[171, 0, 17, 255, 161, 74, 232, 246, 103, 1, 0, 73, 1, 0, 236, 1, 0, 34, 9, 215]
1542698579441;[171, 0, 17, 255, 161, 74, 232, 246, 104, 1, 0, 73, 1, 0, 236, 1, 0, 33, 9, 211]
1542698579442;[171, 0, 17, 255, 161, 74, 232, 246, 104, 1, 0, 73, 1, 0, 236, 1, 0, 33, 9, 211]
1542698579784;[171, 0, 17, 255, 161, 74, 232, 246, 104, 1, 0, 73, 1, 0, 234, 1, 0, 34, 9, 195]
1542698579785;[171, 0, 17, 255, 161, 74, 232, 246, 104, 1, 0, 73, 1, 0, 234, 1, 0, 34, 9, 195]
1542698579788;[171, 0, 17, 255, 161, 74, 232, 246, 104, 1, 0, 73, 1, 0, 237, 1, 0, 34, 9, 177]
1542698579788;[171, 0, 17, 255, 161, 74, 232, 246, 104, 1, 0, 73, 1, 0, 237, 1, 0, 34, 9, 177]
1542698579790;[171, 0, 4, 255, 132, 128, 84]
1542698579791;[171, 0, 4, 255, 132, 128, 84]
1542698579956;[171, 0, 17, 255, 161, 74, 232, 246, 104, 1, 0, 72, 1, 0, 234, 1, 0, 33, 9, 174]
1542698579957;[171, 0, 17, 255, 161, 74, 232, 246, 104, 1, 0, 72, 1, 0, 234, 1, 0, 33, 9, 174]
1542698579958;[171, 0, 17, 255, 161, 74, 232, 246, 104, 1, 0, 75, 1, 0, 236, 1, 0, 33, 9, 181]
1542698579959;[171, 0, 17, 255, 161, 74, 232, 246, 104, 1, 0, 75, 1, 0, 236, 1, 0, 33, 9, 181]
1542698580301;[171, 0, 17, 255, 161, 74, 232, 246, 104, 1, 0, 72, 1, 0, 233, 1, 0, 32, 9, 188]
1542698580302;[171, 0, 17, 255, 161, 74, 232, 246, 104, 1, 0, 72, 1, 0, 233, 1, 0, 32, 9, 188]
1542698580303;[171, 0, 17, 255, 161, 74, 232, 246, 104, 1, 0, 73, 1, 0, 236, 1, 0, 34, 9, 186]
1542698580304;[171, 0, 17, 255, 161, 74, 232, 246, 104, 1, 0, 73, 1, 0, 236, 1, 0, 34, 9, 186]
1542698580305;[171, 0, 17, 255, 161, 74, 232, 246, 104, 1, 0, 71, 1, 0, 237, 1, 0, 32, 9, 174]
1542698580306;[171, 0, 17, 255, 161, 74, 232, 246, 104, 1, 0, 71, 1, 0, 237, 1, 0, 32, 9, 174]
1542698580473;[171, 0, 17, 255, 161, 74, 232, 246, 104, 1, 0, 70, 1, 0, 237, 1, 0, 33, 9, 167]
1542698580474;[171, 0, 17, 255, 161, 74, 232, 246, 104, 1, 0, 70, 1, 0, 237, 1, 0, 33, 9, 167]
1542698580475;[171, 0, 17, 255, 161, 74, 232, 246, 104, 1, 0, 71, 1, 0, 234, 1, 0, 33, 9, 161]
1542698580476;[171, 0, 17, 255, 161, 74, 232, 246, 104, 1, 0, 71, 1, 0, 234, 1, 0, 33, 9, 161]
1542698580646;[171, 0, 17, 255, 161, 74, 232, 246, 105, 1, 0, 70, 1, 0, 236, 1, 0, 33, 9, 156]
1542698580647;[171, 0, 17, 255, 161, 74, 232, 246, 105, 1, 0, 70, 1, 0, 236, 1, 0, 33, 9, 156]
1542698580648;[171, 0, 17, 255, 161, 74, 232, 246, 105, 1, 0, 72, 1, 0, 238, 1, 0, 33, 9, 166]
1542698580648;[171, 0, 17, 255, 161, 74, 232, 246, 105, 1, 0, 72, 1, 0, 238, 1, 0, 33, 9, 166]
1542698581165;[171, 0, 17, 255, 161, 74, 232, 246, 105, 1, 0, 69, 1, 0, 236, 1, 0, 32, 9, 173]
1542698581165;[171, 0, 17, 255, 161, 74, 232, 246, 105, 1, 0, 69, 1, 0, 236, 1, 0, 32, 9, 173]
1542698581167;[171, 0, 4, 255, 132, 128, 84]
1542698581168;[171, 0, 4, 255, 132, 128, 84]
1542698581187;[171, 0, 17, 255, 161, 74, 232, 246, 105, 1, 0, 70, 1, 0, 235, 1, 0, 34, 9, 172]
1542698581188;[171, 0, 17, 255, 161, 74, 232, 246, 105, 1, 0, 70, 1, 0, 235, 1, 0, 34, 9, 172]
1542698581509;[171, 0, 17, 255, 161, 74, 232, 246, 105, 1, 0, 72, 1, 0, 235, 1, 0, 32, 9, 175]
1542698581510;[171, 0, 17, 255, 161, 74, 232, 246, 105, 1, 0, 72, 1, 0, 235, 1, 0, 32, 9, 175]
1542698581515;[171, 0, 17, 255, 161, 74, 232, 246, 105, 1, 0, 72, 1, 0, 236, 1, 0, 34, 9, 153]
1542698581516;[171, 0, 17, 255, 161, 74, 232, 246, 105, 1, 0, 72, 1, 0, 236, 1, 0, 34, 9, 153]
1542698581517;[171, 0, 17, 255, 161, 74, 232, 246, 105, 1, 0, 69, 1, 0, 236, 1, 0, 31, 9, 141]
1542698581517;[171, 0, 17, 255, 161, 74, 232, 246, 105, 1, 0, 69, 1, 0, 236, 1, 0, 31, 9, 141]
1542698581520;[171, 0, 17, 255, 161, 74, 232, 246, 105, 1, 0, 69, 1, 0, 236, 1, 0, 33, 9, 141]
1542698581521;[171, 0, 17, 255, 161, 74, 232, 246, 105, 1, 0, 69, 1, 0, 236, 1, 0, 33, 9, 141]
1542698581681;[171, 0, 17, 255, 161, 74, 232, 246, 105, 1, 0, 73, 1, 0, 235, 1, 0, 31, 9, 159]
1542698581682;[171, 0, 17, 255, 161, 74, 232, 246, 105, 1, 0, 73, 1, 0, 235, 1, 0, 31, 9, 159]
1542698581685;[171, 0, 17, 255, 161, 74, 232, 246, 105, 1, 0, 72, 1, 0, 236, 1, 0, 32, 9, 164]
1542698581686;[171, 0, 17, 255, 161, 74, 232, 246, 105, 1, 0, 72, 1, 0, 236, 1, 0, 32, 9, 164]
1542698581687;[171, 0, 17, 255, 161, 74, 232, 246, 106, 1, 0, 71, 1, 0, 236, 1, 0, 32, 9, 164]
1542698581688;[171, 0, 17, 255, 161, 74, 232, 246, 106, 1, 0, 71, 1, 0, 236, 1, 0, 32, 9, 164]
1542698582026;[171, 0, 17, 255, 161, 74, 232, 246, 106, 1, 0, 72, 1, 0, 237, 1, 0, 31, 9, 169]
1542698582027;[171, 0, 17, 255, 161, 74, 232, 246, 106, 1, 0, 72, 1, 0, 237, 1, 0, 31, 9, 169]
1542698582199;[171, 0, 17, 255, 161, 74, 232, 246, 106, 1, 0, 72, 1, 0, 236, 1, 0, 33, 9, 162]
1542698582200;[171, 0, 17, 255, 161, 74, 232, 246, 106, 1, 0, 72, 1, 0, 236, 1, 0, 33, 9, 162]
1542698582202;[171, 0, 4, 255, 132, 128, 84]
1542698582203;[171, 0, 4, 255, 132, 128, 84]
1542698582205;[171, 0, 17, 255, 161, 74, 232, 246, 106, 1, 0, 70, 1, 0, 234, 1, 0, 32, 9, 153]
1542698582222;[171, 0, 17, 255, 161, 74, 232, 246, 106, 1, 0, 70, 1, 0, 234, 1, 0, 32, 9, 153]
1542698582223;[171, 0, 17, 255, 161, 74, 232, 246, 106, 1, 0, 72, 1, 0, 234, 1, 0, 32, 9, 139]
1542698582223;[171, 0, 17, 255, 161, 74, 232, 246, 106, 1, 0, 72, 1, 0, 234, 1, 0, 32, 9, 139]
1542698582371;[171, 0, 17, 255, 161, 74, 232, 246, 106, 1, 0, 72, 1, 0, 237, 1, 0, 32, 9, 138]
1542698582372;[171, 0, 17, 255, 161, 74, 232, 246, 106, 1, 0, 72, 1, 0, 237, 1, 0, 32, 9, 138]
1542698582373;[171, 0, 17, 255, 161, 74, 232, 246, 106, 1, 0, 71, 1, 0, 235, 1, 0, 33, 9, 157]
1542698582374;[171, 0, 17, 255, 161, 74, 232, 246, 106, 1, 0, 71, 1, 0, 235, 1, 0, 33, 9, 157]
1542698582543;[171, 0, 17, 255, 161, 74, 232, 246, 106, 1, 0, 71, 1, 0, 233, 1, 0, 31, 9, 172]
1542698582544;[171, 0, 17, 255, 161, 74, 232, 246, 106, 1, 0, 71, 1, 0, 233, 1, 0, 31, 9, 172]
1542698582545;[171, 0, 17, 255, 161, 74, 232, 246, 106, 1, 0, 70, 1, 0, 235, 1, 0, 32, 9, 180]
1542698582546;[171, 0, 17, 255, 161, 74, 232, 246, 106, 1, 0, 70, 1, 0, 235, 1, 0, 32, 9, 180]
1542698582890;[171, 0, 17, 255, 161, 74, 232, 246, 106, 1, 0, 72, 1, 0, 235, 1, 0, 33, 9, 192]
1542698582891;[171, 0, 17, 255, 161, 74, 232, 246, 106, 1, 0, 72, 1, 0, 235, 1, 0, 33, 9, 192]
1542698582892;[171, 0, 17, 255, 161, 74, 232, 246, 107, 1, 0, 72, 1, 0, 235, 1, 0, 32, 9, 189]
1542698582893;[171, 0, 17, 255, 161, 74, 232, 246, 107, 1, 0, 72, 1, 0, 235, 1, 0, 32, 9, 189]
1542698582895;[171, 0, 17, 255, 161, 74, 232, 246, 107, 1, 0, 71, 1, 0, 236, 1, 0, 33, 9, 191]
1542698582895;[171, 0, 17, 255, 161, 74, 232, 246, 107, 1, 0, 71, 1, 0, 236, 1, 0, 33, 9, 191]
1542698583061;[171, 0, 17, 255, 161, 74, 232, 246, 107, 1, 0, 73, 1, 0, 234, 1, 0, 33, 9, 182]
1542698583062;[171, 0, 17, 255, 161, 74, 232, 246, 107, 1, 0, 73, 1, 0, 234, 1, 0, 33, 9, 182]
1542698583064;[171, 0, 4, 255, 132, 128, 83]
1542698583065;[171, 0, 4, 255, 132, 128, 83]
1542698583235;[171, 0, 17, 255, 161, 74, 232, 246, 107, 1, 0, 71, 1, 0, 236, 1, 0, 32, 9, 211]
1542698583236;[171, 0, 17, 255, 161, 74, 232, 246, 107, 1, 0, 71, 1, 0, 236, 1, 0, 32, 9, 211]
1542698583237;[171, 0, 17, 255, 161, 74, 232, 246, 107, 1, 0, 70, 1, 0, 235, 1, 0, 34, 9, 220]
1542698583237;[171, 0, 17, 255, 161, 74, 232, 246, 107, 1, 0, 70, 1, 0, 235, 1, 0, 34, 9, 220]
1542698583407;[171, 0, 17, 255, 161, 74, 232, 246, 107, 1, 0, 72, 1, 0, 236, 1, 0, 32, 9, 223]
1542698583408;[171, 0, 17, 255, 161, 74, 232, 246, 107, 1, 0, 72, 1, 0, 236, 1, 0, 32, 9, 223]
1542698583579;[171, 0, 17, 255, 161, 74, 232, 246, 107, 1, 0, 73, 1, 0, 236, 1, 0, 34, 9, 222]
1542698583579;[171, 0, 17, 255, 161, 74, 232, 246, 107, 1, 0, 73, 1, 0, 236, 1, 0, 34, 9, 222]
1542698583581;[171, 0, 17, 255, 161, 74, 232, 246, 107, 1, 0, 69, 1, 0, 236, 1, 0, 32, 9, 225]
1542698583581;[171, 0, 17, 255, 161, 74, 232, 246, 107, 1, 0, 69, 1, 0, 236, 1, 0, 32, 9, 225]
1542698583756;[171, 0, 17, 255, 161, 74, 232, 246, 107, 1, 0, 75, 1, 0, 236, 1, 0, 32, 9, 217]
1542698583756;[171, 0, 17, 255, 161, 74, 232, 246, 107, 1, 0, 75, 1, 0, 236, 1, 0, 32, 9, 217]
1542698583757;[171, 0, 17, 255, 161, 74, 232, 246, 107, 1, 0, 71, 1, 0, 236, 1, 0, 32, 9, 217]
1542698583758;[171, 0, 17, 255, 161, 74, 232, 246, 107, 1, 0, 71, 1, 0, 236, 1, 0, 32, 9, 217]
1542698584096;[171, 0, 17, 255, 161, 74, 232, 246, 108, 1, 0, 73, 1, 0, 236, 1, 0, 32, 9, 240]
1542698584097;[171, 0, 17, 255, 161, 74, 232, 246, 108, 1, 0, 73, 1, 0, 236, 1, 0, 32, 9, 240]
1542698584099;[171, 0, 17, 255, 161, 74, 232, 246, 108, 1, 0, 71, 1, 0, 237, 1, 0, 31, 10, 3]
1542698584100;[171, 0, 17, 255, 161, 74, 232, 246, 108, 1, 0, 71, 1, 0, 237, 1, 0, 31, 10, 3]
1542698584102;[171, 0, 17, 255, 161, 74, 232, 246, 108, 1, 0, 72, 1, 0, 235, 1, 0, 32, 10, 25]
1542698584102;[171, 0, 17, 255, 161, 74, 232, 246, 108, 1, 0, 72, 1, 0, 235, 1, 0, 32, 10, 25]
1542698584268;[171, 0, 4, 255, 132, 128, 83]
1542698584270;[171, 0, 4, 255, 132, 128, 83]
1542698584289;[171, 0, 17, 255, 161, 74, 232, 246, 108, 1, 0, 71, 1, 0, 235, 1, 0, 31, 10, 23]
1542698584289;[171, 0, 17, 255, 161, 74, 232, 246, 108, 1, 0, 71, 1, 0, 235, 1, 0, 31, 10, 23]
1542698584443;[171, 0, 17, 255, 161, 74, 232, 246, 108, 1, 0, 73, 1, 0, 233, 1, 0, 32, 10, 26]
1542698584444;[171, 0, 17, 255, 161, 74, 232, 246, 108, 1, 0, 73, 1, 0, 233, 1, 0, 32, 10, 26]
1542698584444;[171, 0, 17, 255, 161, 74, 232, 246, 108, 1, 0, 70, 1, 0, 235, 1, 0, 33, 10, 13]
1542698584445;[171, 0, 17, 255, 161, 74, 232, 246, 108, 1, 0, 70, 1, 0, 235, 1, 0, 33, 10, 13]
1542698584613;[171, 0, 17, 255, 161, 74, 232, 246, 108, 1, 0, 71, 1, 0, 236, 1, 0, 32, 10, 13]
1542698584613;[171, 0, 17, 255, 161, 74, 232, 246, 108, 1, 0, 71, 1, 0, 236, 1, 0, 32, 10, 13]
1542698584786;[171, 0, 17, 255, 161, 74, 232, 246, 108, 1, 0, 74, 1, 0, 234, 1, 0, 34, 10, 14]
1542698584787;[171, 0, 17, 255, 161, 74, 232, 246, 108, 1, 0, 74, 1, 0, 234, 1, 0, 34, 10, 14]
1542698584789;[171, 0, 17, 255, 161, 74, 232, 246, 108, 1, 0, 72, 1, 0, 233, 1, 0, 33, 10, 45]
1542698584789;[171, 0, 17, 255, 161, 74, 232, 246, 108, 1, 0, 72, 1, 0, 233, 1, 0, 33, 10, 45]
1542698584959;[171, 0, 17, 255, 161, 74, 232, 246, 108, 1, 0, 68, 1, 0, 238, 1, 0, 31, 10, 76]
1542698584959;[171, 0, 17, 255, 161, 74, 232, 246, 108, 1, 0, 68, 1, 0, 238, 1, 0, 31, 10, 76]
1542698584961;[171, 0, 17, 255, 161, 74, 232, 246, 109, 1, 0, 69, 1, 0, 233, 1, 0, 31, 10, 86]
1542698584961;[171, 0, 17, 255, 161, 74, 232, 246, 109, 1, 0, 69, 1, 0, 233, 1, 0, 31, 10, 86]
1542698585131;[171, 0, 17, 255, 161, 74, 232, 246, 109, 1, 0, 70, 1, 0, 235, 1, 0, 31, 10, 93]
1542698585132;[171, 0, 17, 255, 161, 74, 232, 246, 109, 1, 0, 70, 1, 0, 235, 1, 0, 31, 10, 93]
1542698585133;[171, 0, 17, 255, 161, 74, 232, 246, 109, 1, 0, 71, 1, 0, 236, 1, 0, 31, 10, 89]
1542698585134;[171, 0, 17, 255, 161, 74, 232, 246, 109, 1, 0, 71, 1, 0, 236, 1, 0, 31, 10, 89]
1542698585476;[171, 0, 4, 255, 132, 128, 83]
1542698585479;[171, 0, 4, 255, 132, 128, 83]
1542698585497;[171, 0, 17, 255, 161, 74, 232, 246, 109, 1, 0, 70, 1, 0, 237, 1, 0, 32, 10, 85]
1542698585497;[171, 0, 17, 255, 161, 74, 232, 246, 109, 1, 0, 70, 1, 0, 237, 1, 0, 32, 10, 85]
1542698585498;[171, 0, 17, 255, 161, 74, 232, 246, 109, 1, 0, 71, 1, 0, 234, 1, 0, 32, 10, 68]
1542698585499;[171, 0, 17, 255, 161, 74, 232, 246, 109, 1, 0, 71, 1, 0, 234, 1, 0, 32, 10, 68]
1542698585648;[171, 0, 17, 255, 161, 74, 232, 246, 109, 1, 0, 71, 1, 0, 236, 1, 0, 31, 10, 89]
1542698585650;[171, 0, 17, 255, 161, 74, 232, 246, 109, 1, 0, 71, 1, 0, 236, 1, 0, 31, 10, 89]
1542698585651;[171, 0, 17, 255, 161, 74, 232, 246, 109, 1, 0, 72, 1, 0, 236, 1, 0, 32, 10, 102]
1542698585651;[171, 0, 17, 255, 161, 74, 232, 246, 109, 1, 0, 72, 1, 0, 236, 1, 0, 32, 10, 102]
1542698585820;[171, 0, 17, 255, 161, 74, 232, 246, 109, 1, 0, 73, 1, 0, 235, 1, 0, 32, 10, 106]
1542698585821;[171, 0, 17, 255, 161, 74, 232, 246, 109, 1, 0, 73, 1, 0, 235, 1, 0, 32, 10, 106]
1542698585994;[171, 0, 17, 255, 161, 74, 232, 246, 109, 1, 0, 69, 1, 0, 235, 1, 0, 32, 10, 97]
1542698585996;[171, 0, 17, 255, 161, 74, 232, 246, 109, 1, 0, 69, 1, 0, 235, 1, 0, 32, 10, 97]
1542698585997;[171, 0, 17, 255, 161, 74, 232, 246, 109, 1, 0, 73, 1, 0, 233, 1, 0, 32, 10, 95]
1542698585997;[171, 0, 17, 255, 161, 74, 232, 246, 109, 1, 0, 73, 1, 0, 233, 1, 0, 32, 10, 95]
1542698586166;[171, 0, 17, 255, 161, 74, 232, 246, 110, 1, 0, 70, 1, 0, 236, 1, 0, 34, 10, 72]
1542698586167;[171, 0, 17, 255, 161, 74, 232, 246, 110, 1, 0, 70, 1, 0, 236, 1, 0, 34, 10, 72]
1542698586168;[171, 0, 17, 255, 161, 74, 232, 246, 110, 1, 0, 70, 1, 0, 237, 1, 0, 29, 10, 37]
1542698586168;[171, 0, 17, 255, 161, 74, 232, 246, 110, 1, 0, 70, 1, 0, 237, 1, 0, 29, 10, 37]
1542698586339;[171, 0, 17, 255, 161, 74, 232, 246, 110, 1, 0, 71, 1, 0, 236, 1, 0, 33, 10, 26]
1542698586339;[171, 0, 17, 255, 161, 74, 232, 246, 110, 1, 0, 71, 1, 0, 236, 1, 0, 33, 10, 26]
1542698586340;[171, 0, 4, 255, 132, 128, 83]
1542698586342;[171, 0, 4, 255, 132, 128, 83]
1542698586685;[171, 0, 17, 255, 161, 74, 232, 246, 110, 1, 0, 70, 1, 0, 234, 1, 0, 32, 10, 10]
1542698586686;[171, 0, 17, 255, 161, 74, 232, 246, 110, 1, 0, 70, 1, 0, 234, 1, 0, 32, 10, 10]
1542698586687;[171, 0, 17, 255, 161, 74, 232, 246, 110, 1, 0, 70, 1, 0, 237, 1, 0, 30, 9, 251]
1542698586689;[171, 0, 17, 255, 161, 74, 232, 246, 110, 1, 0, 70, 1, 0, 237, 1, 0, 30, 9, 251]
1542698586689;[171, 0, 17, 255, 161, 74, 232, 246, 110, 1, 0, 72, 1, 0, 235, 1, 0, 32, 9, 235]
1542698586690;[171, 0, 17, 255, 161, 74, 232, 246, 110, 1, 0, 72, 1, 0, 235, 1, 0, 32, 9, 235]
1542698586857;[171, 0, 17, 255, 161, 74, 232, 246, 110, 1, 0, 70, 1, 0, 235, 1, 0, 31, 9, 219]
1542698586858;[171, 0, 17, 255, 161, 74, 232, 246, 110, 1, 0, 70, 1, 0, 235, 1, 0, 31, 9, 219]
1542698586859;[171, 0, 17, 255, 161, 74, 232, 246, 110, 1, 0, 72, 1, 0, 234, 1, 0, 31, 9, 183]
1542698586859;[171, 0, 17, 255, 161, 74, 232, 246, 110, 1, 0, 72, 1, 0, 234, 1, 0, 31, 9, 183]
1542698587028;[171, 0, 17, 255, 161, 74, 232, 246, 110, 1, 0, 71, 1, 0, 236, 1, 0, 33, 9, 163]
1542698587029;[171, 0, 17, 255, 161, 74, 232, 246, 110, 1, 0, 71, 1, 0, 236, 1, 0, 33, 9, 163]
1542698587030;[171, 0, 17, 255, 161, 74, 232, 246, 110, 1, 0, 70, 1, 0, 237, 1, 0, 32, 9, 174]
1542698587031;[171, 0, 17, 255, 161, 74, 232, 246, 110, 1, 0, 70, 1, 0, 237, 1, 0, 32, 9, 174]
1542698587200;[171, 0, 17, 255, 161, 74, 232, 246, 111, 1, 0, 70, 1, 0, 236, 1, 0, 32, 9, 169]
1542698587201;[171, 0, 17, 255, 161, 74, 232, 246, 111, 1, 0, 70, 1, 0, 236, 1, 0, 32, 9, 169]
1542698587373;[171, 0, 17, 255, 161, 74, 232, 246, 111, 1, 0, 71, 1, 0, 235, 1, 0, 31, 9, 171]
1542698587374;[171, 0, 17, 255, 161, 74, 232, 246, 111, 1, 0, 71, 1, 0, 235, 1, 0, 31, 9, 171]
1542698587376;[171, 0, 17, 255, 161, 74, 232, 246, 111, 1, 0, 70, 1, 0, 234, 1, 0, 32, 9, 164]
1542698587377;[171, 0, 17, 255, 161, 74, 232, 246, 111, 1, 0, 70, 1, 0, 234, 1, 0, 32, 9, 164]
1542698587545;[171, 0, 4, 255, 132, 128, 83]
1542698587547;[171, 0, 4, 255, 132, 128, 83]
1542698587566;[171, 0, 17, 255, 161, 74, 232, 246, 111, 1, 0, 71, 1, 0, 237, 1, 0, 30, 9, 167]
1542698587567;[171, 0, 17, 255, 161, 74, 232, 246, 111, 1, 0, 71, 1, 0, 237, 1, 0, 30, 9, 167]
1542698588065;[171, 0, 17, 255, 161, 74, 232, 246, 111, 1, 0, 71, 1, 0, 234, 1, 0, 32, 9, 165]
1542698588065;[171, 0, 17, 255, 161, 74, 232, 246, 111, 1, 0, 71, 1, 0, 234, 1, 0, 32, 9, 165]
1542698588066;[171, 0, 17, 255, 161, 74, 232, 246, 111, 1, 0, 70, 1, 0, 235, 1, 0, 31, 9, 171]
1542698588067;[171, 0, 17, 255, 161, 74, 232, 246, 111, 1, 0, 70, 1, 0, 235, 1, 0, 31, 9, 171]
1542698588068;[171, 0, 17, 255, 161, 74, 232, 246, 111, 1, 0, 70, 1, 0, 236, 1, 0, 30, 9, 202]
1542698588069;[171, 0, 17, 255, 161, 74, 232, 246, 111, 1, 0, 70, 1, 0, 236, 1, 0, 30, 9, 202]
1542698588069;[171, 0, 17, 255, 161, 74, 232, 246, 111, 1, 0, 69, 1, 0, 236, 1, 0, 32, 9, 229]
1542698588070;[171, 0, 17, 255, 161, 74, 232, 246, 111, 1, 0, 69, 1, 0, 236, 1, 0, 32, 9, 229]
1542698588410;[171, 0, 17, 255, 161, 74, 232, 246, 111, 1, 0, 69, 1, 0, 235, 1, 0, 31, 9, 247]
1542698588410;[171, 0, 17, 255, 161, 74, 232, 246, 111, 1, 0, 69, 1, 0, 235, 1, 0, 31, 9, 247]
1542698588412;[171, 0, 17, 255, 161, 74, 232, 246, 111, 1, 0, 68, 1, 0, 238, 1, 0, 32, 10, 3]
1542698588413;[171, 0, 17, 255, 161, 74, 232, 246, 111, 1, 0, 68, 1, 0, 238, 1, 0, 32, 10, 3]
1542698588414;[171, 0, 17, 255, 161, 74, 232, 246, 112, 1, 0, 72, 1, 0, 236, 1, 0, 32, 10, 9]
1542698588415;[171, 0, 17, 255, 161, 74, 232, 246, 112, 1, 0, 72, 1, 0, 236, 1, 0, 32, 10, 9]
1542698588416;[171, 0, 17, 255, 161, 74, 232, 246, 112, 1, 0, 70, 1, 0, 234, 1, 0, 31, 10, 8]
1542698588417;[171, 0, 17, 255, 161, 74, 232, 246, 112, 1, 0, 70, 1, 0, 234, 1, 0, 31, 10, 8]
1542698588581;[171, 0, 17, 255, 161, 74, 232, 246, 112, 1, 0, 71, 1, 0, 235, 1, 0, 32, 10, 4]
1542698588582;[171, 0, 17, 255, 161, 74, 232, 246, 112, 1, 0, 71, 1, 0, 235, 1, 0, 32, 10, 4]
1542698588583;[171, 0, 4, 255, 132, 128, 83]
1542698588585;[171, 0, 4, 255, 132, 128, 83]
1542698588753;[171, 0, 17, 255, 161, 74, 232, 246, 112, 1, 0, 70, 1, 0, 235, 1, 0, 34, 10, 8]
1542698588754;[171, 0, 17, 255, 161, 74, 232, 246, 112, 1, 0, 70, 1, 0, 235, 1, 0, 34, 10, 8]
1542698588755;[171, 0, 17, 255, 161, 74, 232, 246, 112, 1, 0, 70, 1, 0, 235, 1, 0, 31, 10, 32]
1542698588756;[171, 0, 17, 255, 161, 74, 232, 246, 112, 1, 0, 70, 1, 0, 235, 1, 0, 31, 10, 32]
1542698588926;[171, 0, 17, 255, 161, 74, 232, 246, 112, 1, 0, 70, 1, 0, 239, 1, 0, 32, 10, 56]
1542698588927;[171, 0, 17, 255, 161, 74, 232, 246, 112, 1, 0, 70, 1, 0, 239, 1, 0, 32, 10, 56]
1542698589273;[171, 0, 17, 255, 161, 74, 232, 246, 112, 1, 0, 71, 1, 0, 235, 1, 0, 31, 10, 57]
1542698589274;[171, 0, 17, 255, 161, 74, 232, 246, 112, 1, 0, 71, 1, 0, 235, 1, 0, 31, 10, 57]
1542698589276;[171, 0, 17, 255, 161, 74, 232, 246, 112, 1, 0, 70, 1, 0, 236, 1, 0, 32, 10, 63]
1542698589277;[171, 0, 17, 255, 161, 74, 232, 246, 112, 1, 0, 70, 1, 0, 236, 1, 0, 32, 10, 63]
1542698589278;[171, 0, 17, 255, 161, 74, 232, 246, 112, 1, 0, 71, 1, 0, 233, 1, 0, 32, 10, 59]
1542698589279;[171, 0, 17, 255, 161, 74, 232, 246, 112, 1, 0, 71, 1, 0, 233, 1, 0, 32, 10, 59]
1542698589280;[171, 0, 17, 255, 161, 74, 232, 246, 112, 1, 0, 69, 1, 0, 237, 1, 0, 30, 10, 52]
1542698589281;[171, 0, 17, 255, 161, 74, 232, 246, 112, 1, 0, 69, 1, 0, 237, 1, 0, 30, 10, 52]
1542698589444;[171, 0, 17, 255, 161, 74, 232, 246, 113, 1, 0, 72, 1, 0, 234, 1, 0, 31, 10, 59]
1542698589444;[171, 0, 17, 255, 161, 74, 232, 246, 113, 1, 0, 72, 1, 0, 234, 1, 0, 31, 10, 59]
1542698589446;[171, 0, 17, 255, 161, 74, 232, 246, 113, 1, 0, 72, 1, 0, 236, 1, 0, 32, 10, 82]
1542698589447;[171, 0, 17, 255, 161, 74, 232, 246, 113, 1, 0, 72, 1, 0, 236, 1, 0, 32, 10, 82]
1542698589615;[171, 0, 17, 255, 161, 74, 232, 246, 113, 1, 0, 70, 1, 0, 237, 1, 0, 33, 10, 87]
1542698589616;[171, 0, 17, 255, 161, 74, 232, 246, 113, 1, 0, 70, 1, 0, 237, 1, 0, 33, 10, 87]
1542698589789;[171, 0, 4, 255, 132, 128, 83]
1542698589790;[171, 0, 4, 255, 132, 128, 83]
1542698589809;[171, 0, 17, 255, 161, 74, 232, 246, 113, 1, 0, 68, 1, 0, 235, 1, 0, 31, 10, 93]
1542698589809;[171, 0, 17, 255, 161, 74, 232, 246, 113, 1, 0, 68, 1, 0, 235, 1, 0, 31, 10, 93]
1542698589962;[171, 0, 17, 255, 161, 74, 232, 246, 113, 1, 0, 68, 1, 0, 237, 1, 0, 33, 10, 86]
1542698589963;[171, 0, 17, 255, 161, 74, 232, 246, 113, 1, 0, 68, 1, 0, 237, 1, 0, 33, 10, 86]
1542698589964;[171, 0, 17, 255, 161, 74, 232, 246, 113, 1, 0, 72, 1, 0, 237, 1, 0, 33, 10, 87]
1542698589965;[171, 0, 17, 255, 161, 74, 232, 246, 113, 1, 0, 72, 1, 0, 237, 1, 0, 33, 10, 87]
1542698590134;[171, 0, 17, 255, 161, 74, 232, 246, 113, 1, 0, 71, 1, 0, 238, 1, 0, 31, 10, 74]
1542698590135;[171, 0, 17, 255, 161, 74, 232, 246, 113, 1, 0, 71, 1, 0, 238, 1, 0, 31, 10, 74]
1542698590136;[171, 0, 17, 255, 161, 74, 232, 246, 113, 1, 0, 72, 1, 0, 234, 1, 0, 32, 10, 79]
1542698590137;[171, 0, 17, 255, 161, 74, 232, 246, 113, 1, 0, 72, 1, 0, 234, 1, 0, 32, 10, 79]
1542698590479;[171, 0, 17, 255, 161, 74, 232, 246, 113, 1, 0, 69, 1, 0, 234, 1, 0, 33, 10, 95]
1542698590481;[171, 0, 17, 255, 161, 74, 232, 246, 113, 1, 0, 69, 1, 0, 234, 1, 0, 33, 10, 95]
1542698590482;[171, 0, 17, 255, 161, 74, 232, 246, 113, 1, 0, 68, 1, 0, 235, 1, 0, 33, 10, 102]
1542698590483;[171, 0, 17, 255, 161, 74, 232, 246, 113, 1, 0, 68, 1, 0, 235, 1, 0, 33, 10, 102]
1542698590484;[171, 0, 17, 255, 161, 74, 232, 246, 114, 1, 0, 71, 1, 0, 236, 1, 0, 32, 10, 107]
1542698590484;[171, 0, 17, 255, 161, 74, 232, 246, 114, 1, 0, 71, 1, 0, 236, 1, 0, 32, 10, 107]
1542698590661;[171, 0, 17, 255, 161, 74, 232, 246, 114, 1, 0, 71, 1, 0, 235, 1, 0, 32, 10, 98]
1542698590661;[171, 0, 17, 255, 161, 74, 232, 246, 114, 1, 0, 71, 1, 0, 235, 1, 0, 32, 10, 98]
1542698590662;[171, 0, 17, 255, 161, 74, 232, 246, 114, 1, 0, 73, 1, 0, 234, 1, 0, 32, 10, 104]
1542698590663;[171, 0, 17, 255, 161, 74, 232, 246, 114, 1, 0, 73, 1, 0, 234, 1, 0, 32, 10, 104]
1542698590823;[171, 0, 4, 255, 132, 128, 82]
1542698590824;[171, 0, 4, 255, 132, 128, 82]
1542698590996;[171, 0, 17, 255, 161, 74, 232, 246, 114, 1, 0, 68, 1, 0, 235, 1, 0, 31, 10, 92]
1542698590997;[171, 0, 17, 255, 161, 74, 232, 246, 114, 1, 0, 68, 1, 0, 235, 1, 0, 31, 10, 92]
1542698590998;[171, 0, 17, 255, 161, 74, 232, 246, 114, 1, 0, 70, 1, 0, 234, 1, 0, 32, 10, 81]
1542698590999;[171, 0, 17, 255, 161, 74, 232, 246, 114, 1, 0, 70, 1, 0, 234, 1, 0, 32, 10, 81]
1542698591169;[171, 0, 17, 255, 161, 74, 232, 246, 114, 1, 0, 71, 1, 0, 234, 1, 0, 30, 10, 102]
1542698591170;[171, 0, 17, 255, 161, 74, 232, 246, 114, 1, 0, 71, 1, 0, 234, 1, 0, 30, 10, 102]
1542698591171;[171, 0, 17, 255, 161, 74, 232, 246, 114, 1, 0, 72, 1, 0, 235, 1, 0, 32, 10, 120]
1542698591172;[171, 0, 17, 255, 161, 74, 232, 246, 114, 1, 0, 72, 1, 0, 235, 1, 0, 32, 10, 120]
1542698591341;[171, 0, 17, 255, 161, 74, 232, 246, 114, 1, 0, 71, 1, 0, 237, 1, 0, 30, 10, 127]
1542698591342;[171, 0, 17, 255, 161, 74, 232, 246, 114, 1, 0, 71, 1, 0, 237, 1, 0, 30, 10, 127]
1542698591344;[171, 0, 17, 255, 161, 74, 232, 246, 114, 1, 0, 72, 1, 0, 236, 1, 0, 31, 10, 129]
1542698591345;[171, 0, 17, 255, 161, 74, 232, 246, 114, 1, 0, 72, 1, 0, 236, 1, 0, 31, 10, 129]
1542698591513;[171, 0, 17, 255, 161, 74, 232, 246, 114, 1, 0, 72, 1, 0, 234, 1, 0, 33, 10, 137]
1542698591514;[171, 0, 17, 255, 161, 74, 232, 246, 114, 1, 0, 72, 1, 0, 234, 1, 0, 33, 10, 137]
1542698591860;[171, 0, 17, 255, 161, 74, 232, 246, 115, 1, 0, 72, 1, 0, 237, 1, 0, 31, 10, 126]
1542698591861;[171, 0, 17, 255, 161, 74, 232, 246, 115, 1, 0, 72, 1, 0, 237, 1, 0, 31, 10, 126]
1542698591862;[171, 0, 17, 255, 161, 74, 232, 246, 115, 1, 0, 70, 1, 0, 236, 1, 0, 33, 10, 118]
1542698591863;[171, 0, 17, 255, 161, 74, 232, 246, 115, 1, 0, 70, 1, 0, 236, 1, 0, 33, 10, 118]
1542698591864;[171, 0, 17, 255, 161, 74, 232, 246, 115, 1, 0, 71, 1, 0, 237, 1, 0, 31, 10, 134]
1542698591865;[171, 0, 17, 255, 161, 74, 232, 246, 115, 1, 0, 71, 1, 0, 237, 1, 0, 31, 10, 134]
1542698591866;[171, 0, 4, 255, 132, 128, 82]
1542698591867;[171, 0, 4, 255, 132, 128, 82]
1542698592031;[171, 0, 17, 255, 161, 74, 232, 246, 115, 1, 0, 71, 1, 0, 236, 1, 0, 31, 10, 139]
1542698592032;[171, 0, 17, 255, 161, 74, 232, 246, 115, 1, 0, 71, 1, 0, 236, 1, 0, 31, 10, 139]
1542698592033;[171, 0, 17, 255, 161, 74, 232, 246, 115, 1, 0, 71, 1, 0, 234, 1, 0, 31, 10, 136]
1542698592034;[171, 0, 17, 255, 161, 74, 232, 246, 115, 1, 0, 71, 1, 0, 234, 1, 0, 31, 10, 136]
1542698592203;[171, 0, 17, 255, 161, 74, 232, 246, 115, 1, 0, 72, 1, 0, 234, 1, 0, 32, 10, 134]
1542698592204;[171, 0, 17, 255, 161, 74, 232, 246, 115, 1, 0, 72, 1, 0, 234, 1, 0, 32, 10, 134]
1542698592376;[171, 0, 17, 255, 161, 74, 232, 246, 115, 1, 0, 72, 1, 0, 238, 1, 0, 33, 10, 135]
1542698592377;[171, 0, 17, 255, 161, 74, 232, 246, 115, 1, 0, 72, 1, 0, 238, 1, 0, 33, 10, 135]
1542698592378;[171, 0, 17, 255, 161, 74, 232, 246, 115, 1, 0, 71, 1, 0, 236, 1, 0, 31, 10, 131]
1542698592379;[171, 0, 17, 255, 161, 74, 232, 246, 115, 1, 0, 71, 1, 0, 236, 1, 0, 31, 10, 131]
1542698592721;[171, 0, 17, 255, 161, 74, 232, 246, 115, 1, 0, 72, 1, 0, 237, 1, 0, 32, 10, 129]
1542698592724;[171, 0, 17, 255, 161, 74, 232, 246, 115, 1, 0, 72, 1, 0, 237, 1, 0, 32, 10, 129]
1542698592724;[171, 0, 17, 255, 161, 74, 232, 246, 115, 1, 0, 73, 1, 0, 235, 1, 0, 32, 10, 148]
1542698592725;[171, 0, 17, 255, 161, 74, 232, 246, 115, 1, 0, 73, 1, 0, 235, 1, 0, 32, 10, 148]
1542698592727;[171, 0, 17, 255, 161, 74, 232, 246, 116, 1, 0, 72, 1, 0, 236, 1, 0, 31, 10, 157]
1542698592727;[171, 0, 17, 255, 161, 74, 232, 246, 116, 1, 0, 72, 1, 0, 236, 1, 0, 31, 10, 157]
1542698593067;[171, 0, 17, 255, 161, 74, 232, 246, 116, 1, 0, 73, 1, 0, 238, 1, 0, 32, 10, 154]
1542698593069;[171, 0, 17, 255, 161, 74, 232, 246, 116, 1, 0, 73, 1, 0, 238, 1, 0, 32, 10, 154]
1542698593070;[171, 0, 17, 255, 161, 74, 232, 246, 116, 1, 0, 72, 1, 0, 237, 1, 0, 32, 10, 155]
1542698593071;[171, 0, 17, 255, 161, 74, 232, 246, 116, 1, 0, 72, 1, 0, 237, 1, 0, 32, 10, 155]
1542698593073;[171, 0, 4, 255, 132, 128, 83]
1542698593075;[171, 0, 4, 255, 132, 128, 83]
1542698593093;[171, 0, 17, 255, 161, 74, 232, 246, 116, 1, 0, 73, 1, 0, 235, 1, 0, 31, 10, 132]
1542698593094;[171, 0, 17, 255, 161, 74, 232, 246, 116, 1, 0, 73, 1, 0, 235, 1, 0, 31, 10, 132]
1542698593239;[171, 0, 17, 255, 161, 74, 232, 246, 116, 1, 0, 70, 1, 0, 235, 1, 0, 31, 10, 134]
1542698593240;[171, 0, 17, 255, 161, 74, 232, 246, 116, 1, 0, 70, 1, 0, 235, 1, 0, 31, 10, 134]
1542698593241;[171, 0, 17, 255, 161, 74, 232, 246, 116, 1, 0, 73, 1, 0, 235, 1, 0, 32, 10, 142]
1542698593242;[171, 0, 17, 255, 161, 74, 232, 246, 116, 1, 0, 73, 1, 0, 235, 1, 0, 32, 10, 142]
1542698593410;[171, 0, 17, 255, 161, 74, 232, 246, 116, 1, 0, 71, 1, 0, 235, 1, 0, 32, 10, 153]
1542698593411;[171, 0, 17, 255, 161, 74, 232, 246, 116, 1, 0, 71, 1, 0, 235, 1, 0, 32, 10, 153]
1542698593584;[171, 0, 17, 255, 161, 74, 232, 246, 116, 1, 0, 71, 1, 0, 233, 1, 0, 32, 10, 165]
1542698593585;[171, 0, 17, 255, 161, 74, 232, 246, 116, 1, 0, 71, 1, 0, 233, 1, 0, 32, 10, 165]
1542698593586;[171, 0, 17, 255, 161, 74, 232, 246, 116, 1, 0, 71, 1, 0, 236, 1, 0, 33, 10, 164]
1542698593587;[171, 0, 17, 255, 161, 74, 232, 246, 116, 1, 0, 71, 1, 0, 236, 1, 0, 33, 10, 164]
1542698593757;[171, 0, 17, 255, 161, 74, 232, 246, 116, 1, 0, 72, 1, 0, 233, 1, 0, 33, 10, 149]
1542698593758;[171, 0, 17, 255, 161, 74, 232, 246, 116, 1, 0, 72, 1, 0, 233, 1, 0, 33, 10, 149]
1542698593759;[171, 0, 17, 255, 161, 74, 232, 246, 117, 1, 0, 71, 1, 0, 236, 1, 0, 32, 10, 146]
1542698593760;[171, 0, 17, 255, 161, 74, 232, 246, 117, 1, 0, 71, 1, 0, 236, 1, 0, 32, 10, 146]
1542698593929;[171, 0, 17, 255, 161, 74, 232, 246, 117, 1, 0, 70, 1, 0, 236, 1, 0, 31, 10, 139]
1542698593929;[171, 0, 17, 255, 161, 74, 232, 246, 117, 1, 0, 70, 1, 0, 236, 1, 0, 31, 10, 139]
1542698593931;[171, 0, 17, 255, 161, 74, 232, 246, 117, 1, 0, 71, 1, 0, 234, 1, 0, 31, 10, 159]
1542698593931;[171, 0, 17, 255, 161, 74, 232, 246, 117, 1, 0, 71, 1, 0, 234, 1, 0, 31, 10, 159]
1542698594101;[171, 0, 4, 255, 132, 128, 83]
1542698594103;[171, 0, 4, 255, 132, 128, 83]
1542698594449;[171, 0, 17, 255, 161, 74, 232, 246, 117, 1, 0, 72, 1, 0, 237, 1, 0, 31, 10, 171]
1542698594449;[171, 0, 17, 255, 161, 74, 232, 246, 117, 1, 0, 72, 1, 0, 237, 1, 0, 31, 10, 171]
1542698594451;[171, 0, 17, 255, 161, 74, 232, 246, 117, 1, 0, 71, 1, 0, 236, 1, 0, 30, 10, 179]
1542698594453;[171, 0, 17, 255, 161, 74, 232, 246, 117, 1, 0, 71, 1, 0, 236, 1, 0, 30, 10, 179]
1542698594454;[171, 0, 17, 255, 161, 74, 232, 246, 117, 1, 0, 71, 1, 0, 236, 1, 0, 32, 10, 174]
1542698594455;[171, 0, 17, 255, 161, 74, 232, 246, 117, 1, 0, 71, 1, 0, 236, 1, 0, 32, 10, 174]
1542698594455;[171, 0, 17, 255, 161, 74, 232, 246, 117, 1, 0, 68, 1, 0, 236, 1, 0, 33, 10, 166]
1542698594456;[171, 0, 17, 255, 161, 74, 232, 246, 117, 1, 0, 68, 1, 0, 236, 1, 0, 33, 10, 166]
1542698594618;[171, 0, 17, 255, 161, 74, 232, 246, 117, 1, 0, 69, 1, 0, 236, 1, 0, 31, 10, 154]
1542698594619;[171, 0, 17, 255, 161, 74, 232, 246, 117, 1, 0, 69, 1, 0, 236, 1, 0, 31, 10, 154]
1542698594791;[171, 0, 17, 255, 161, 74, 232, 246, 117, 1, 0, 70, 1, 0, 237, 1, 0, 33, 10, 135]
1542698594791;[171, 0, 17, 255, 161, 74, 232, 246, 117, 1, 0, 70, 1, 0, 237, 1, 0, 33, 10, 135]
1542698594793;[171, 0, 17, 255, 161, 74, 232, 246, 117, 1, 0, 71, 1, 0, 237, 1, 0, 32, 10, 128]
1542698594794;[171, 0, 17, 255, 161, 74, 232, 246, 117, 1, 0, 71, 1, 0, 237, 1, 0, 32, 10, 128]
1542698594964;[171, 0, 17, 255, 161, 74, 232, 246, 118, 1, 0, 68, 1, 0, 238, 1, 0, 33, 10, 130]
1542698594966;[171, 0, 17, 255, 161, 74, 232, 246, 118, 1, 0, 68, 1, 0, 238, 1, 0, 33, 10, 130]
1542698594967;[171, 0, 17, 255, 161, 74, 232, 246, 118, 1, 0, 69, 1, 0, 236, 1, 0, 31, 10, 152]
1542698594967;[171, 0, 17, 255, 161, 74, 232, 246, 118, 1, 0, 69, 1, 0, 236, 1, 0, 31, 10, 152]
1542698595135;[171, 0, 17, 255, 161, 74, 232, 246, 118, 1, 0, 72, 1, 0, 233, 1, 0, 36, 10, 151]
1542698595137;[171, 0, 17, 255, 161, 74, 232, 246, 118, 1, 0, 72, 1, 0, 233, 1, 0, 36, 10, 151]
1542698595138;[171, 0, 4, 255, 132, 128, 83]
1542698595139;[171, 0, 4, 255, 132, 128, 83]
1542698595308;[171, 0, 17, 255, 161, 74, 232, 246, 118, 1, 0, 75, 1, 0, 232, 1, 0, 41, 10, 115]
1542698595309;[171, 0, 17, 255, 161, 74, 232, 246, 118, 1, 0, 75, 1, 0, 232, 1, 0, 41, 10, 115]
1542698595654;[171, 0, 17, 255, 161, 74, 232, 246, 118, 1, 0, 78, 1, 0, 231, 1, 0, 46, 10, 82]
1542698595655;[171, 0, 17, 255, 161, 74, 232, 246, 118, 1, 0, 78, 1, 0, 231, 1, 0, 46, 10, 82]
1542698595656;[171, 0, 17, 255, 161, 74, 232, 246, 118, 1, 0, 81, 1, 0, 232, 1, 0, 47, 10, 54]
1542698595657;[171, 0, 17, 255, 161, 74, 232, 246, 118, 1, 0, 81, 1, 0, 232, 1, 0, 47, 10, 54]
1542698595658;[171, 0, 17, 255, 161, 74, 232, 246, 118, 1, 0, 82, 1, 0, 230, 1, 0, 49, 10, 38]
1542698595659;[171, 0, 17, 255, 161, 74, 232, 246, 118, 1, 0, 82, 1, 0, 230, 1, 0, 49, 10, 38]
1542698595840;[171, 0, 17, 255, 161, 74, 232, 246, 118, 1, 0, 69, 1, 0, 233, 1, 0, 46, 10, 14]
1542698595840;[171, 0, 17, 255, 161, 74, 232, 246, 118, 1, 0, 69, 1, 0, 233, 1, 0, 46, 10, 14]
1542698595841;[171, 0, 17, 255, 161, 74, 232, 246, 118, 1, 0, 67, 1, 0, 235, 1, 0, 39, 9, 232]
1542698595842;[171, 0, 17, 255, 161, 74, 232, 246, 118, 1, 0, 67, 1, 0, 235, 1, 0, 39, 9, 232]
1542698595843;[171, 0, 17, 255, 161, 74, 232, 246, 118, 1, 0, 68, 1, 0, 234, 1, 0, 31, 9, 123]
1542698595843;[171, 0, 17, 255, 161, 74, 232, 246, 118, 1, 0, 68, 1, 0, 234, 1, 0, 31, 9, 123]
1542698595998;[171, 0, 17, 255, 161, 74, 232, 246, 119, 1, 0, 58, 1, 0, 239, 1, 0, 37, 8, 90]
1542698595999;[171, 0, 17, 255, 161, 74, 232, 246, 119, 1, 0, 58, 1, 0, 239, 1, 0, 37, 8, 90]
1542698596172;[171, 0, 17, 255, 161, 74, 232, 246, 119, 1, 0, 39, 1, 0, 243, 1, 0, 33, 7, 44]
1542698596172;[171, 0, 17, 255, 161, 74, 232, 246, 119, 1, 0, 39, 1, 0, 243, 1, 0, 33, 7, 44]
1542698596174;[171, 0, 17, 255, 161, 74, 232, 246, 119, 1, 0, 42, 1, 0, 234, 1, 0, 47, 5, 223]
1542698596175;[171, 0, 17, 255, 161, 74, 232, 246, 119, 1, 0, 42, 1, 0, 234, 1, 0, 47, 5, 223]
1542698596517;[171, 0, 4, 255, 132, 128, 83]
1542698596518;[171, 0, 4, 255, 132, 128, 83]
1542698596537;[171, 0, 17, 255, 161, 74, 232, 246, 119, 1, 0, 48, 1, 0, 234, 1, 0, 68, 4, 88]
1542698596537;[171, 0, 17, 255, 161, 74, 232, 246, 119, 1, 0, 48, 1, 0, 234, 1, 0, 68, 4, 88]
1542698596538;[171, 0, 17, 255, 161, 74, 232, 246, 119, 1, 0, 46, 1, 0, 237, 1, 0, 54, 3, 62]
1542698596539;[171, 0, 17, 255, 161, 74, 232, 246, 119, 1, 0, 46, 1, 0, 237, 1, 0, 54, 3, 62]
1542698597035;[171, 0, 17, 255, 161, 74, 232, 246, 119, 1, 0, 47, 1, 0, 236, 1, 0, 51, 2, 158]
1542698597036;[171, 0, 17, 255, 161, 74, 232, 246, 119, 1, 0, 47, 1, 0, 236, 1, 0, 51, 2, 158]
1542698597038;[171, 0, 17, 255, 161, 74, 232, 246, 119, 1, 0, 67, 1, 0, 227, 1, 0, 64, 2, 84]
1542698597038;[171, 0, 17, 255, 161, 74, 232, 246, 119, 1, 0, 67, 1, 0, 227, 1, 0, 64, 2, 84]
1542698597039;[171, 0, 17, 255, 161, 74, 232, 246, 119, 1, 0, 65, 1, 0, 234, 1, 0, 65, 2, 60]
1542698597040;[171, 0, 17, 255, 161, 74, 232, 246, 119, 1, 0, 65, 1, 0, 234, 1, 0, 65, 2, 60]
1542698597041;[171, 0, 17, 255, 161, 74, 232, 246, 119, 1, 0, 63, 1, 0, 232, 1, 0, 57, 2, 51]
1542698597041;[171, 0, 17, 255, 161, 74, 232, 246, 119, 1, 0, 63, 1, 0, 232, 1, 0, 57, 2, 51]
1542698597207;[171, 0, 17, 255, 161, 74, 232, 246, 119, 1, 0, 58, 1, 0, 234, 1, 0, 53, 2, 59]
1542698597208;[171, 0, 17, 255, 161, 74, 232, 246, 119, 1, 0, 58, 1, 0, 234, 1, 0, 53, 2, 59]
1542698597209;[171, 0, 17, 255, 161, 74, 232, 246, 120, 1, 0, 59, 1, 0, 234, 1, 0, 57, 2, 64]
1542698597211;[171, 0, 17, 255, 161, 74, 232, 246, 120, 1, 0, 59, 1, 0, 234, 1, 0, 57, 2, 64]
1542698597211;[171, 0, 17, 255, 161, 74, 232, 246, 120, 1, 0, 65, 1, 0, 232, 1, 0, 52, 2, 71]
1542698597212;[171, 0, 17, 255, 161, 74, 232, 246, 120, 1, 0, 65, 1, 0, 232, 1, 0, 52, 2, 71]
1542698597378;[171, 0, 17, 255, 161, 74, 232, 246, 120, 1, 0, 67, 1, 0, 230, 1, 0, 59, 2, 105]
1542698597379;[171, 0, 17, 255, 161, 74, 232, 246, 120, 1, 0, 67, 1, 0, 230, 1, 0, 59, 2, 105]
1542698597380;[171, 0, 4, 255, 132, 128, 84]
1542698597382;[171, 0, 4, 255, 132, 128, 84]
1542698597551;[171, 0, 17, 255, 161, 74, 232, 246, 120, 1, 0, 60, 1, 0, 232, 1, 0, 58, 2, 143]
1542698597552;[171, 0, 17, 255, 161, 74, 232, 246, 120, 1, 0, 60, 1, 0, 232, 1, 0, 58, 2, 143]
1542698597553;[171, 0, 17, 255, 161, 74, 232, 246, 120, 1, 0, 66, 1, 0, 229, 1, 0, 52, 2, 151]
1542698597554;[171, 0, 17, 255, 161, 74, 232, 246, 120, 1, 0, 66, 1, 0, 229, 1, 0, 52, 2, 151]
1542698597724;[171, 0, 17, 255, 161, 74, 232, 246, 120, 1, 0, 64, 1, 0, 229, 1, 0, 58, 2, 166]
1542698597725;[171, 0, 17, 255, 161, 74, 232, 246, 120, 1, 0, 64, 1, 0, 229, 1, 0, 58, 2, 166]
1542698597897;[171, 0, 17, 255, 161, 74, 232, 246, 120, 1, 0, 63, 1, 0, 231, 1, 0, 53, 2, 162]
1542698597898;[171, 0, 17, 255, 161, 74, 232, 246, 120, 1, 0, 63, 1, 0, 231, 1, 0, 53, 2, 162]
1542698597903;[171, 0, 17, 255, 161, 74, 232, 246, 120, 1, 0, 59, 1, 0, 233, 1, 0, 53, 2, 145]
1542698597904;[171, 0, 17, 255, 161, 74, 232, 246, 120, 1, 0, 59, 1, 0, 233, 1, 0, 53, 2, 145]
1542698598240;[171, 0, 17, 255, 161, 74, 232, 246, 120, 1, 0, 61, 1, 0, 234, 1, 0, 56, 2, 137]
1542698598242;[171, 0, 17, 255, 161, 74, 232, 246, 120, 1, 0, 61, 1, 0, 234, 1, 0, 56, 2, 137]
1542698598245;[171, 0, 17, 255, 161, 74, 232, 246, 120, 1, 0, 62, 1, 0, 234, 1, 0, 53, 2, 136]
1542698598247;[171, 0, 17, 255, 161, 74, 232, 246, 120, 1, 0, 62, 1, 0, 234, 1, 0, 53, 2, 136]
1542698598248;[171, 0, 17, 255, 161, 74, 232, 246, 121, 1, 0, 61, 1, 0, 236, 1, 0, 49, 2, 124]
1542698598249;[171, 0, 17, 255, 161, 74, 232, 246, 121, 1, 0, 61, 1, 0, 236, 1, 0, 49, 2, 124]
1542698598250;[171, 0, 17, 255, 161, 74, 232, 246, 121, 1, 0, 63, 1, 0, 233, 1, 0, 53, 2, 101]
1542698598250;[171, 0, 17, 255, 161, 74, 232, 246, 121, 1, 0, 63, 1, 0, 233, 1, 0, 53, 2, 101]
1542698598413;[171, 0, 17, 255, 161, 74, 232, 246, 121, 1, 0, 61, 1, 0, 234, 1, 0, 53, 2, 81]
1542698598414;[171, 0, 17, 255, 161, 74, 232, 246, 121, 1, 0, 61, 1, 0, 234, 1, 0, 53, 2, 81]
1542698598586;[171, 0, 4, 255, 132, 128, 84]
1542698598587;[171, 0, 4, 255, 132, 128, 84]
1542698598606;[171, 0, 17, 255, 161, 74, 232, 246, 121, 1, 0, 62, 1, 0, 235, 1, 0, 53, 2, 51]
1542698598607;[171, 0, 17, 255, 161, 74, 232, 246, 121, 1, 0, 62, 1, 0, 235, 1, 0, 53, 2, 51]
1542698598759;[171, 0, 17, 255, 161, 74, 232, 246, 121, 1, 0, 63, 1, 0, 234, 1, 0, 53, 2, 26]
1542698598760;[171, 0, 17, 255, 161, 74, 232, 246, 121, 1, 0, 63, 1, 0, 234, 1, 0, 53, 2, 26]
1542698598761;[171, 0, 17, 255, 161, 74, 232, 246, 121, 1, 0, 59, 1, 0, 235, 1, 0, 52, 2, 34]
1542698598761;[171, 0, 17, 255, 161, 74, 232, 246, 121, 1, 0, 59, 1, 0, 235, 1, 0, 52, 2, 34]
1542698598931;[171, 0, 17, 255, 161, 74, 232, 246, 121, 1, 0, 63, 1, 0, 234, 1, 0, 53, 2, 38]
1542698598932;[171, 0, 17, 255, 161, 74, 232, 246, 121, 1, 0, 63, 1, 0, 234, 1, 0, 53, 2, 38]
1542698598933;[171, 0, 17, 255, 161, 74, 232, 246, 121, 1, 0, 62, 1, 0, 234, 1, 0, 53, 2, 32]
1542698598934;[171, 0, 17, 255, 161, 74, 232, 246, 121, 1, 0, 62, 1, 0, 234, 1, 0, 53, 2, 32]
1542698599104;[171, 0, 17, 255, 161, 74, 232, 246, 121, 1, 0, 61, 1, 0, 234, 1, 0, 52, 2, 33]
1542698599104;[171, 0, 17, 255, 161, 74, 232, 246, 121, 1, 0, 61, 1, 0, 234, 1, 0, 52, 2, 33]
1542698599449;[171, 0, 17, 255, 161, 74, 232, 246, 121, 1, 0, 63, 1, 0, 232, 1, 0, 53, 2, 21]
1542698599451;[171, 0, 17, 255, 161, 74, 232, 246, 121, 1, 0, 63, 1, 0, 232, 1, 0, 53, 2, 21]
1542698599451;[171, 0, 17, 255, 161, 74, 232, 246, 122, 1, 0, 54, 1, 0, 233, 1, 0, 53, 2, 11]
1542698599452;[171, 0, 17, 255, 161, 74, 232, 246, 122, 1, 0, 54, 1, 0, 233, 1, 0, 53, 2, 11]
1542698599453;[171, 0, 17, 255, 161, 74, 232, 246, 122, 1, 0, 67, 1, 0, 230, 1, 0, 52, 2, 30]
1542698599454;[171, 0, 17, 255, 161, 74, 232, 246, 122, 1, 0, 67, 1, 0, 230, 1, 0, 52, 2, 30]
1542698599456;[171, 0, 17, 255, 161, 74, 232, 246, 122, 1, 0, 63, 1, 0, 233, 1, 0, 53, 2, 47]
1542698599456;[171, 0, 17, 255, 161, 74, 232, 246, 122, 1, 0, 63, 1, 0, 233, 1, 0, 53, 2, 47]
1542698599620;[171, 0, 4, 255, 132, 128, 84]
1542698599621;[171, 0, 4, 255, 132, 128, 84]
1542698599968;[171, 0, 17, 255, 161, 74, 232, 246, 122, 1, 0, 64, 1, 0, 236, 1, 0, 53, 2, 63]
1542698599970;[171, 0, 17, 255, 161, 74, 232, 246, 122, 1, 0, 64, 1, 0, 236, 1, 0, 53, 2, 63]
1542698599971;[171, 0, 17, 255, 161, 74, 232, 246, 122, 1, 0, 61, 1, 0, 233, 1, 0, 54, 2, 64]
1542698599972;[171, 0, 17, 255, 161, 74, 232, 246, 122, 1, 0, 61, 1, 0, 233, 1, 0, 54, 2, 64]
1542698599972;[171, 0, 17, 255, 161, 74, 232, 246, 122, 1, 0, 63, 1, 0, 235, 1, 0, 53, 2, 53]
1542698599974;[171, 0, 17, 255, 161, 74, 232, 246, 122, 1, 0, 63, 1, 0, 235, 1, 0, 53, 2, 53]
1542698599975;[171, 0, 17, 255, 161, 74, 232, 246, 122, 1, 0, 60, 1, 0, 233, 1, 0, 54, 2, 45]
1542698599975;[171, 0, 17, 255, 161, 74, 232, 246, 122, 1, 0, 60, 1, 0, 233, 1, 0, 54, 2, 45]
1542698600139;[171, 0, 17, 255, 161, 74, 232, 246, 122, 1, 0, 63, 1, 0, 234, 1, 0, 54, 2, 33]
1542698600140;[171, 0, 17, 255, 161, 74, 232, 246, 122, 1, 0, 63, 1, 0, 234, 1, 0, 54, 2, 33]
1542698600141;[171, 0, 17, 255, 161, 74, 232, 246, 122, 1, 0, 64, 1, 0, 234, 1, 0, 51, 2, 49]
1542698600142;[171, 0, 17, 255, 161, 74, 232, 246, 122, 1, 0, 64, 1, 0, 234, 1, 0, 51, 2, 49]
1542698600310;[171, 0, 17, 255, 161, 74, 232, 246, 122, 1, 0, 64, 1, 0, 231, 1, 0, 57, 2, 73]
1542698600311;[171, 0, 17, 255, 161, 74, 232, 246, 122, 1, 0, 64, 1, 0, 231, 1, 0, 57, 2, 73]
1542698600484;[171, 0, 17, 255, 161, 74, 232, 246, 123, 1, 0, 66, 1, 0, 235, 1, 0, 56, 2, 62]
1542698600485;[171, 0, 17, 255, 161, 74, 232, 246, 123, 1, 0, 66, 1, 0, 235, 1, 0, 56, 2, 62]
1542698600487;[171, 0, 17, 255, 161, 74, 232, 246, 123, 1, 0, 65, 1, 0, 231, 1, 0, 53, 2, 42]
1542698600488;[171, 0, 17, 255, 161, 74, 232, 246, 123, 1, 0, 65, 1, 0, 231, 1, 0, 53, 2, 42]
1542698600829;[171, 0, 17, 255, 161, 74, 232, 246, 129, 1, 0, 67, 1, 0, 233, 1, 0, 59, 2, 233]
1542698600830;[171, 0, 17, 255, 161, 74, 232, 246, 129, 1, 0, 67, 1, 0, 233, 1, 0, 59, 2, 233]
1542698600832;[171, 0, 17, 255, 161, 74, 232, 246, 129, 1, 0, 65, 1, 0, 231, 1, 0, 58, 2, 227]
1542698600832;[171, 0, 17, 255, 161, 74, 232, 246, 129, 1, 0, 65, 1, 0, 231, 1, 0, 58, 2, 227]
1542698600833;[171, 0, 17, 255, 161, 74, 232, 246, 129, 1, 0, 61, 1, 0, 237, 1, 0, 56, 2, 226]
1542698600834;[171, 0, 17, 255, 161, 74, 232, 246, 129, 1, 0, 61, 1, 0, 237, 1, 0, 56, 2, 226]
1542698601001;[171, 0, 17, 255, 161, 74, 232, 246, 129, 1, 0, 69, 1, 0, 231, 1, 0, 56, 2, 251]
1542698601002;[171, 0, 17, 255, 161, 74, 232, 246, 129, 1, 0, 69, 1, 0, 231, 1, 0, 56, 2, 251]
1542698601173;[171, 0, 17, 255, 161, 74, 232, 246, 129, 1, 0, 67, 1, 0, 231, 1, 0, 53, 3, 9]
1542698601174;[171, 0, 17, 255, 161, 74, 232, 246, 129, 1, 0, 67, 1, 0, 231, 1, 0, 53, 3, 9]
1542698601176;[171, 0, 17, 255, 161, 74, 232, 246, 129, 1, 0, 66, 1, 0, 236, 1, 0, 58, 3, 1]
1542698601177;[171, 0, 17, 255, 161, 74, 232, 246, 129, 1, 0, 66, 1, 0, 236, 1, 0, 58, 3, 1]
