1542887349121;[171, 0, 17, 255, 161, 74, 237, 61, 10, 0, 0, 148, 0, 0, 22, 1, 0, 7, 3, 87]
1542887349129;[171, 0, 17, 255, 161, 74, 237, 61, 10, 1, 0, 227, 0, 0, 65, 1, 0, 33, 3, 62]
1542887349149;[171, 0, 17, 255, 161, 74, 237, 61, 10, 0, 0, 52, 0, 1, 91, 1, 1, 58, 3, 215]
1542887349150;[171, 0, 4, 255, 132, 128, 177]
1542887349154;[171, 0, 17, 255, 161, 74, 237, 61, 10, 1, 0, 80, 0, 1, 168, 1, 0, 147, 3, 18]
1542887349183;[171, 0, 17, 255, 161, 74, 237, 61, 10, 0, 0, 43, 0, 1, 11, 1, 0, 33, 3, 35]
1542887349190;[171, 0, 17, 255, 161, 74, 237, 61, 10, 0, 0, 34, 0, 1, 5, 1, 0, 135, 3, 59]
1542887349191;[171, 0, 17, 255, 161, 74, 237, 61, 10, 0, 1, 33, 1, 0, 103, 1, 0, 85, 2, 230]
1542887349192;[171, 0, 17, 255, 161, 74, 237, 61, 11, 1, 8, 0, 0, 6, 66, 0, 3, 52, 4, 30]
1542887349194;[171, 0, 17, 255, 161, 74, 237, 61, 11, 1, 0, 132, 0, 1, 127, 0, 0, 239, 3, 65]
1542887349235;[171, 0, 17, 255, 161, 74, 237, 61, 11, 0, 0, 143, 0, 0, 6, 0, 0, 10, 2, 101]
1542887349236;[171, 0, 17, 255, 161, 74, 237, 61, 11, 1, 0, 62, 1, 0, 180, 0, 0, 49, 2, 116]
1542887349237;[171, 0, 17, 255, 161, 74, 237, 61, 11, 1, 0, 151, 0, 1, 102, 0, 1, 24, 2, 136]
1542887349239;[171, 0, 17, 255, 161, 74, 237, 61, 11, 1, 0, 94, 0, 1, 60, 1, 0, 87, 2, 16]
1542887349240;[171, 0, 4, 255, 132, 128, 177]
1542887349241;[171, 0, 17, 255, 161, 74, 237, 61, 11, 1, 0, 29, 0, 1, 8, 1, 0, 73, 2, 36]
1542887349242;[171, 0, 17, 255, 161, 74, 237, 61, 11, 1, 0, 120, 0, 0, 98, 1, 0, 45, 1, 241]
1542887349273;[171, 0, 17, 255, 161, 74, 237, 61, 11, 1, 0, 17, 0, 1, 60, 0, 0, 83, 2, 39]
1542887349275;[171, 0, 17, 255, 161, 74, 237, 61, 11, 1, 0, 64, 0, 1, 200, 0, 0, 27, 2, 72]
1542887349276;[171, 0, 17, 255, 161, 74, 237, 61, 12, 1, 0, 49, 0, 1, 84, 0, 0, 26, 2, 70]
1542887349277;[171, 0, 17, 255, 161, 74, 237, 61, 12, 0, 0, 46, 0, 0, 160, 1, 0, 16, 1, 249]
1542887349302;[171, 0, 17, 255, 161, 74, 237, 61, 12, 1, 0, 26, 0, 0, 85, 0, 0, 133, 1, 199]
1542887349304;[171, 0, 17, 255, 161, 74, 237, 61, 12, 1, 1, 113, 0, 2, 34, 1, 0, 25, 2, 3]
1542887349476;[171, 0, 17, 255, 161, 74, 237, 61, 12, 0, 0, 17, 0, 1, 36, 0, 0, 59, 1, 252]
1542887349653;[171, 0, 17, 255, 161, 74, 237, 61, 12, 0, 0, 30, 0, 0, 221, 0, 0, 17, 1, 205]
1542887349657;[171, 0, 4, 255, 132, 128, 177]
1542887349824;[171, 0, 17, 255, 161, 74, 237, 61, 12, 1, 0, 4, 0, 1, 17, 0, 0, 0, 1, 201]
1542887349828;[171, 0, 17, 255, 161, 74, 237, 61, 12, 0, 0, 25, 0, 1, 52, 1, 0, 24, 1, 169]
1542887350516;[171, 0, 17, 255, 161, 74, 237, 61, 12, 0, 0, 59, 0, 0, 251, 0, 0, 8, 1, 148]
1542887350524;[171, 0, 17, 255, 161, 74, 237, 61, 12, 0, 0, 47, 0, 0, 250, 1, 0, 2, 1, 157]
1542887350544;[171, 0, 17, 255, 161, 74, 237, 61, 13, 0, 0, 68, 0, 1, 16, 0, 0, 22, 1, 140]
1542887350546;[171, 0, 17, 255, 161, 74, 237, 61, 13, 0, 0, 54, 0, 1, 17, 0, 0, 22, 1, 136]
1542887350689;[171, 0, 17, 255, 161, 74, 237, 61, 13, 0, 0, 40, 0, 1, 8, 0, 0, 24, 1, 131]
1542887350694;[171, 0, 17, 255, 161, 74, 237, 61, 13, 0, 0, 46, 0, 1, 15, 0, 0, 33, 1, 132]
1542887350696;[171, 0, 17, 255, 161, 74, 237, 61, 13, 0, 0, 13, 0, 1, 17, 0, 0, 55, 1, 116]
1542887350700;[171, 0, 17, 255, 161, 74, 237, 61, 13, 0, 0, 37, 0, 1, 5, 0, 0, 49, 1, 109]
1542887350859;[171, 0, 4, 255, 132, 128, 177]
1542887350886;[171, 0, 17, 255, 161, 74, 237, 61, 13, 0, 0, 27, 0, 1, 3, 0, 0, 49, 1, 126]
1542887351209;[171, 0, 17, 255, 161, 74, 237, 61, 13, 0, 0, 33, 0, 1, 10, 0, 0, 51, 1, 151]
1542887351211;[171, 0, 17, 255, 161, 74, 237, 61, 13, 0, 0, 23, 0, 1, 6, 0, 0, 49, 1, 163]
1542887351215;[171, 0, 17, 255, 161, 74, 237, 61, 13, 0, 0, 27, 0, 1, 7, 0, 0, 44, 1, 186]
1542887351218;[171, 0, 17, 255, 161, 74, 237, 61, 14, 0, 0, 29, 0, 1, 11, 0, 0, 46, 1, 205]
1542887351377;[171, 0, 17, 255, 161, 74, 237, 61, 14, 0, 0, 27, 0, 1, 9, 0, 0, 45, 1, 227]
1542887351725;[171, 0, 17, 255, 161, 74, 237, 61, 14, 0, 0, 27, 0, 1, 12, 0, 0, 44, 1, 238]
1542887351729;[171, 0, 17, 255, 161, 74, 237, 61, 14, 0, 0, 28, 0, 1, 9, 0, 0, 49, 1, 249]
1542887351733;[171, 0, 17, 255, 161, 74, 237, 61, 14, 0, 0, 33, 0, 1, 7, 0, 0, 45, 2, 17]
1542887351737;[171, 0, 17, 255, 161, 74, 237, 61, 14, 0, 0, 37, 0, 1, 9, 0, 0, 46, 2, 29]
1542887351897;[171, 0, 4, 255, 132, 128, 180]
1542887351901;[171, 0, 17, 255, 161, 74, 237, 61, 14, 0, 0, 38, 0, 1, 5, 0, 0, 43, 2, 32]
1542887352067;[171, 0, 17, 255, 161, 74, 237, 61, 14, 0, 0, 60, 0, 1, 37, 0, 0, 52, 2, 72]
1542887352240;[171, 0, 17, 255, 161, 74, 237, 61, 14, 1, 0, 57, 0, 0, 119, 1, 0, 135, 2, 64]
1542887352243;[171, 0, 17, 255, 161, 74, 237, 61, 14, 0, 0, 32, 0, 1, 193, 0, 0, 176, 2, 69]
1542887352586;[171, 0, 17, 255, 161, 74, 237, 61, 15, 1, 0, 91, 0, 1, 114, 0, 0, 59, 2, 5]
1542887352590;[171, 0, 17, 255, 161, 74, 237, 61, 15, 0, 0, 19, 0, 1, 242, 1, 0, 48, 2, 5]
1542887352594;[171, 0, 17, 255, 161, 74, 237, 61, 15, 0, 1, 214, 1, 1, 160, 0, 0, 72, 2, 77]
1542887352934;[171, 0, 17, 255, 161, 74, 237, 61, 15, 1, 0, 96, 0, 2, 6, 0, 0, 33, 1, 166]
1542887352936;[171, 0, 17, 255, 161, 74, 237, 61, 15, 1, 0, 207, 0, 0, 167, 0, 0, 53, 1, 169]
1542887352939;[171, 0, 17, 255, 161, 74, 237, 61, 15, 0, 0, 124, 0, 0, 104, 1, 0, 228, 16, 198]
1542887352941;[171, 0, 4, 255, 132, 128, 181]
1542887353103;[171, 0, 17, 255, 161, 74, 237, 61, 15, 1, 0, 52, 1, 1, 10, 0, 1, 81, 8, 81]
1542887353108;[171, 0, 17, 255, 161, 74, 237, 61, 15, 1, 0, 154, 0, 2, 83, 0, 0, 202, 7, 162]
1542887353275;[171, 0, 17, 255, 161, 74, 237, 61, 15, 1, 0, 45, 0, 0, 215, 0, 0, 2, 7, 85]
1542887353448;[171, 0, 17, 255, 161, 74, 237, 61, 15, 0, 0, 16, 0, 0, 60, 1, 0, 215, 7, 53]
1542887353451;[171, 0, 17, 255, 161, 74, 237, 61, 16, 0, 0, 112, 1, 0, 221, 0, 0, 10, 7, 191]
1542887353619;[171, 0, 17, 255, 161, 74, 237, 61, 16, 1, 1, 51, 0, 3, 91, 1, 0, 149, 8, 22]
1542887353623;[171, 0, 17, 255, 161, 74, 237, 61, 16, 1, 0, 6, 0, 1, 210, 1, 0, 85, 6, 239]
1542887353792;[171, 0, 17, 255, 161, 74, 237, 61, 16, 1, 0, 112, 0, 0, 93, 1, 0, 17, 6, 217]
1542887353796;[171, 0, 17, 255, 161, 74, 237, 61, 16, 1, 0, 237, 0, 0, 221, 1, 0, 195, 6, 199]
1542887353963;[171, 0, 17, 255, 161, 74, 237, 61, 16, 0, 1, 81, 0, 1, 209, 0, 0, 200, 7, 156]
1542887354307;[171, 0, 4, 255, 132, 128, 181]
1542887354331;[171, 0, 17, 255, 161, 74, 237, 61, 16, 1, 0, 228, 0, 1, 217, 1, 0, 126, 6, 173]
1542887354332;[171, 0, 17, 255, 161, 74, 237, 61, 16, 0, 0, 19, 0, 0, 227, 1, 0, 36, 6, 135]
1542887354333;[171, 0, 17, 255, 161, 74, 237, 61, 16, 0, 0, 47, 0, 0, 158, 1, 0, 153, 6, 25]
1542887354478;[171, 0, 17, 255, 161, 74, 237, 61, 16, 1, 4, 136, 0, 2, 41, 0, 0, 92, 6, 70]
1542887354655;[171, 0, 17, 255, 161, 74, 237, 61, 17, 1, 0, 60, 0, 2, 75, 1, 0, 72, 6, 146]
1542887354659;[171, 0, 17, 255, 161, 74, 237, 61, 17, 0, 0, 65, 0, 1, 232, 1, 0, 29, 6, 113]
1542887354827;[171, 0, 17, 255, 161, 74, 237, 61, 17, 0, 0, 177, 1, 0, 146, 0, 0, 39, 6, 111]
1542887354830;[171, 0, 17, 255, 161, 74, 237, 61, 17, 1, 0, 44, 0, 0, 168, 0, 0, 121, 6, 106]
1542887355000;[171, 0, 17, 255, 161, 74, 237, 61, 17, 1, 0, 118, 0, 1, 170, 0, 0, 13, 6, 191]
1542887355004;[171, 0, 17, 255, 161, 74, 237, 61, 17, 1, 0, 79, 0, 0, 254, 0, 0, 93, 6, 126]
1542887355173;[171, 0, 4, 255, 132, 128, 180]
1542887355522;[171, 0, 17, 255, 161, 74, 237, 61, 17, 0, 0, 64, 0, 0, 128, 1, 0, 148, 6, 90]
1542887355523;[171, 0, 17, 255, 161, 74, 237, 61, 17, 0, 0, 31, 0, 1, 3, 0, 0, 145, 6, 136]
1542887355524;[171, 0, 17, 255, 161, 74, 237, 61, 17, 0, 0, 66, 0, 1, 155, 0, 0, 64, 6, 183]
1542887355525;[171, 0, 17, 255, 161, 74, 237, 61, 17, 0, 0, 28, 0, 0, 234, 0, 0, 20, 6, 190]
1542887355687;[171, 0, 17, 255, 161, 74, 237, 61, 18, 0, 0, 31, 0, 0, 232, 0, 0, 8, 6, 231]
1542887355691;[171, 0, 17, 255, 161, 74, 237, 61, 18, 0, 0, 46, 0, 1, 57, 0, 0, 21, 7, 6]
1542887355865;[171, 0, 17, 255, 161, 74, 237, 61, 18, 0, 0, 41, 0, 0, 244, 0, 0, 20, 7, 11]
1542887356034;[171, 0, 17, 255, 161, 74, 237, 61, 18, 0, 0, 42, 0, 1, 7, 0, 0, 15, 7, 53]
1542887356038;[171, 0, 17, 255, 161, 74, 237, 61, 18, 0, 0, 53, 0, 1, 22, 0, 0, 24, 7, 67]
1542887356381;[171, 0, 17, 255, 161, 74, 237, 61, 18, 0, 0, 40, 0, 1, 5, 0, 0, 17, 7, 69]
1542887356384;[171, 0, 4, 255, 132, 128, 180]
1542887356409;[171, 0, 17, 255, 161, 74, 237, 61, 18, 0, 0, 27, 0, 1, 19, 0, 0, 20, 7, 82]
1542887356557;[171, 0, 17, 255, 161, 74, 237, 61, 18, 0, 0, 47, 0, 1, 56, 0, 0, 18, 7, 138]
1542887356559;[171, 0, 17, 255, 161, 74, 237, 61, 18, 1, 0, 15, 0, 1, 13, 1, 0, 55, 7, 190]
1542887356899;[171, 0, 17, 255, 161, 74, 237, 61, 18, 1, 0, 1, 0, 1, 14, 0, 0, 8, 7, 212]
1542887356900;[171, 0, 17, 255, 161, 74, 237, 61, 19, 0, 0, 7, 0, 1, 20, 0, 0, 2, 7, 245]
1542887356905;[171, 0, 17, 255, 161, 74, 237, 61, 19, 0, 0, 16, 0, 1, 17, 0, 0, 13, 8, 19]
1542887356907;[171, 0, 17, 255, 161, 74, 237, 61, 19, 0, 0, 41, 0, 1, 12, 0, 0, 20, 8, 47]
1542887357069;[171, 0, 17, 255, 161, 74, 237, 61, 19, 0, 0, 33, 0, 1, 11, 0, 0, 23, 8, 77]
1542887357241;[171, 0, 17, 255, 161, 74, 237, 61, 19, 0, 0, 44, 0, 1, 12, 0, 0, 28, 8, 83]
1542887357245;[171, 0, 17, 255, 161, 74, 237, 61, 19, 0, 0, 44, 0, 1, 13, 0, 0, 30, 8, 93]
1542887357415;[171, 0, 4, 255, 132, 128, 179]
1542887357442;[171, 0, 17, 255, 161, 74, 237, 61, 19, 0, 0, 41, 0, 1, 7, 0, 0, 29, 8, 107]
1542887357760;[171, 0, 17, 255, 161, 74, 237, 61, 19, 0, 0, 39, 0, 1, 7, 0, 0, 31, 8, 104]
1542887357764;[171, 0, 17, 255, 161, 74, 237, 61, 19, 0, 0, 40, 0, 1, 5, 0, 0, 34, 8, 99]
1542887357768;[171, 0, 17, 255, 161, 74, 237, 61, 19, 0, 0, 62, 0, 1, 6, 0, 0, 37, 8, 108]
1542887358106;[171, 0, 17, 255, 161, 74, 237, 61, 20, 0, 0, 60, 0, 1, 6, 0, 0, 41, 8, 110]
1542887358113;[171, 0, 17, 255, 161, 74, 237, 61, 20, 0, 0, 55, 0, 1, 4, 0, 0, 37, 8, 111]
1542887358116;[171, 0, 17, 255, 161, 74, 237, 61, 20, 0, 0, 54, 0, 1, 12, 0, 0, 36, 8, 104]
1542887358119;[171, 0, 17, 255, 161, 74, 237, 61, 20, 0, 0, 49, 0, 1, 12, 0, 0, 30, 8, 115]
1542887358277;[171, 0, 17, 255, 161, 74, 237, 61, 20, 0, 0, 39, 0, 1, 10, 0, 0, 26, 8, 110]
1542887358449;[171, 0, 17, 255, 161, 74, 237, 61, 20, 0, 0, 27, 0, 1, 13, 0, 0, 17, 8, 117]
1542887358453;[171, 0, 4, 255, 132, 128, 180]
1542887358621;[171, 0, 17, 255, 161, 74, 237, 61, 20, 0, 0, 22, 0, 1, 15, 0, 0, 16, 8, 144]
1542887358625;[171, 0, 17, 255, 161, 74, 237, 61, 20, 0, 0, 41, 0, 1, 24, 0, 0, 16, 8, 166]
1542887358794;[171, 0, 17, 255, 161, 74, 237, 61, 20, 0, 0, 95, 0, 1, 243, 0, 0, 17, 8, 250]
1542887358798;[171, 0, 17, 255, 161, 74, 237, 61, 20, 1, 0, 151, 1, 0, 117, 0, 0, 124, 8, 182]
1542887358966;[171, 0, 17, 255, 161, 74, 237, 61, 21, 1, 0, 187, 0, 1, 59, 1, 0, 26, 8, 160]
1542887359487;[171, 0, 17, 255, 161, 74, 237, 61, 21, 0, 0, 16, 0, 1, 73, 0, 0, 8, 8, 137]
1542887359491;[171, 0, 17, 255, 161, 74, 237, 61, 21, 0, 0, 57, 0, 0, 222, 1, 0, 41, 8, 114]
1542887359495;[171, 0, 17, 255, 161, 74, 237, 61, 21, 1, 0, 188, 1, 1, 35, 1, 0, 136, 8, 90]
1542887359499;[171, 0, 17, 255, 161, 74, 237, 61, 21, 1, 0, 133, 0, 3, 39, 1, 0, 109, 9, 98]
1542887359658;[171, 0, 17, 255, 161, 74, 237, 61, 23, 0, 0, 50, 1, 0, 12, 0, 0, 94, 7, 79]
1542887359662;[171, 0, 17, 255, 161, 74, 237, 61, 23, 0, 3, 139, 0, 1, 184, 0, 0, 33, 7, 118]
1542887360175;[171, 0, 17, 255, 161, 74, 237, 61, 23, 1, 0, 79, 0, 2, 78, 1, 0, 28, 7, 170]
1542887360179;[171, 0, 17, 255, 161, 74, 237, 61, 23, 1, 0, 142, 0, 0, 160, 0, 0, 11, 7, 127]
1542887360183;[171, 0, 17, 255, 161, 74, 237, 61, 24, 0, 0, 27, 0, 0, 178, 1, 0, 20, 7, 130]
1542887360187;[171, 0, 17, 255, 161, 74, 237, 61, 24, 0, 1, 204, 1, 0, 92, 0, 0, 57, 7, 176]
1542887360347;[171, 0, 17, 255, 161, 74, 237, 61, 24, 1, 0, 246, 0, 1, 248, 0, 0, 44, 7, 239]
1542887360351;[171, 0, 17, 255, 161, 74, 237, 61, 24, 1, 0, 73, 0, 1, 39, 0, 0, 5, 7, 208]
1542887360694;[171, 0, 17, 255, 161, 74, 237, 61, 24, 1, 0, 45, 0, 0, 192, 1, 0, 46, 7, 250]
1542887360698;[171, 0, 17, 255, 161, 74, 237, 61, 24, 1, 0, 132, 1, 0, 115, 0, 0, 22, 7, 241]
1542887360702;[171, 0, 4, 255, 132, 128, 180]
1542887360727;[171, 0, 17, 255, 161, 74, 237, 61, 24, 1, 0, 149, 0, 2, 213, 1, 1, 47, 8, 70]
1542887360864;[171, 0, 17, 255, 161, 74, 237, 61, 24, 0, 0, 36, 0, 1, 173, 0, 0, 19, 7, 246]
1542887361037;[171, 0, 17, 255, 161, 74, 237, 61, 24, 0, 0, 38, 0, 0, 28, 1, 0, 199, 8, 38]
1542887361042;[171, 0, 17, 255, 161, 74, 237, 61, 24, 0, 0, 67, 0, 1, 28, 1, 0, 99, 8, 43]
1542887361209;[171, 0, 17, 255, 161, 74, 237, 61, 25, 1, 2, 87, 1, 0, 201, 0, 1, 132, 8, 151]
1542887361213;[171, 0, 17, 255, 161, 74, 237, 61, 25, 1, 1, 5, 0, 2, 2, 0, 0, 47, 8, 120]
1542887361382;[171, 0, 17, 255, 161, 74, 237, 61, 25, 0, 0, 36, 0, 1, 37, 0, 0, 3, 8, 22]
1542887361572;[171, 0, 17, 255, 161, 74, 237, 61, 25, 1, 0, 250, 0, 0, 149, 1, 0, 12, 8, 72]
1542887361574;[171, 0, 17, 255, 161, 74, 237, 61, 25, 0, 3, 9, 1, 1, 131, 1, 0, 3, 8, 176]
1542887361901;[171, 0, 17, 255, 161, 74, 237, 61, 25, 1, 0, 100, 0, 1, 194, 0, 0, 128, 8, 191]
1542887361907;[171, 0, 4, 255, 132, 128, 181]
1542887361910;[171, 0, 17, 255, 161, 74, 237, 61, 25, 1, 0, 61, 0, 1, 184, 0, 0, 85, 8, 228]
1542887361933;[171, 0, 17, 255, 161, 74, 237, 61, 25, 0, 0, 10, 0, 0, 217, 1, 0, 42, 9, 48]
1542887362071;[171, 0, 17, 255, 161, 74, 237, 61, 25, 0, 0, 188, 1, 0, 209, 1, 0, 46, 9, 7]
1542887362243;[171, 0, 17, 255, 161, 74, 237, 61, 25, 0, 0, 122, 0, 0, 42, 1, 0, 234, 9, 134]
1542887362247;[171, 0, 17, 255, 161, 74, 237, 61, 26, 1, 0, 132, 0, 2, 73, 1, 0, 95, 8, 234]
1542887362592;[171, 0, 17, 255, 161, 74, 237, 61, 26, 0, 0, 27, 0, 1, 80, 0, 0, 1, 9, 9]
1542887362595;[171, 0, 17, 255, 161, 74, 237, 61, 26, 1, 0, 118, 0, 0, 161, 1, 0, 103, 9, 39]
1542887362599;[171, 0, 17, 255, 161, 74, 237, 61, 26, 1, 0, 47, 0, 0, 32, 1, 0, 12, 8, 243]
1542887362603;[171, 0, 17, 255, 161, 74, 237, 61, 26, 0, 0, 167, 0, 2, 140, 1, 0, 92, 9, 100]
1542887362762;[171, 0, 17, 255, 161, 74, 237, 61, 26, 1, 0, 63, 0, 2, 23, 1, 0, 186, 8, 190]
1542887362934;[171, 0, 4, 255, 132, 128, 181]
1542887362958;[171, 0, 17, 255, 161, 74, 237, 61, 26, 1, 0, 128, 0, 0, 114, 0, 0, 77, 8, 186]
1542887363280;[171, 0, 17, 255, 161, 74, 237, 61, 26, 1, 0, 26, 0, 0, 80, 0, 0, 30, 8, 155]
1542887363285;[171, 0, 17, 255, 161, 74, 237, 61, 26, 0, 0, 100, 1, 0, 92, 0, 0, 37, 8, 161]
1542887363288;[171, 0, 17, 255, 161, 74, 237, 61, 26, 1, 0, 86, 0, 4, 81, 1, 1, 187, 9, 112]
1542887363452;[171, 0, 17, 255, 161, 74, 237, 61, 27, 1, 0, 37, 0, 1, 232, 1, 0, 117, 8, 84]
1542887363456;[171, 0, 17, 255, 161, 74, 237, 61, 27, 1, 0, 170, 0, 0, 150, 0, 0, 11, 8, 5]
1542887363624;[171, 0, 17, 255, 161, 74, 237, 61, 27, 0, 0, 0, 0, 0, 45, 1, 0, 30, 7, 229]
1542887363628;[171, 0, 17, 255, 161, 74, 237, 61, 27, 1, 0, 237, 1, 2, 77, 0, 0, 46, 8, 50]
1542887363797;[171, 0, 17, 255, 161, 74, 237, 61, 27, 1, 0, 124, 0, 3, 50, 0, 0, 159, 8, 58]
1542887363801;[171, 0, 17, 255, 161, 74, 237, 61, 27, 0, 0, 88, 0, 2, 18, 1, 0, 74, 7, 240]
1542887363969;[171, 0, 4, 255, 132, 128, 181]
1542887364143;[171, 0, 17, 255, 161, 74, 237, 61, 27, 1, 0, 22, 0, 0, 160, 1, 0, 35, 8, 1]
1542887364146;[171, 0, 17, 255, 161, 74, 237, 61, 27, 0, 0, 59, 0, 0, 4, 1, 0, 73, 7, 115]
1542887364487;[171, 0, 17, 255, 161, 74, 237, 61, 27, 0, 0, 15, 1, 2, 194, 0, 0, 197, 7, 238]
1542887364490;[171, 0, 17, 255, 161, 74, 237, 61, 27, 1, 1, 10, 0, 3, 79, 1, 0, 129, 7, 187]
1542887364494;[171, 0, 17, 255, 161, 74, 237, 61, 28, 1, 0, 75, 0, 2, 38, 1, 0, 68, 7, 91]
1542887364659;[171, 0, 17, 255, 161, 74, 237, 61, 28, 1, 0, 39, 0, 0, 127, 1, 0, 68, 6, 212]
1542887364663;[171, 0, 17, 255, 161, 74, 237, 61, 28, 0, 0, 66, 1, 0, 42, 0, 0, 4, 6, 170]
1542887364832;[171, 0, 17, 255, 161, 74, 237, 61, 28, 1, 3, 247, 1, 0, 44, 0, 0, 169, 6, 226]
1542887364836;[171, 0, 17, 255, 161, 74, 237, 61, 28, 1, 0, 158, 0, 2, 68, 0, 0, 93, 6, 219]
1542887365002;[171, 0, 17, 255, 161, 74, 237, 61, 28, 0, 0, 51, 0, 1, 97, 0, 0, 27, 6, 140]
1542887365005;[171, 0, 4, 255, 132, 128, 181]
1542887365173;[171, 0, 17, 255, 161, 74, 237, 61, 28, 1, 0, 27, 0, 1, 27, 1, 0, 107, 6, 125]
1542887365346;[171, 0, 17, 255, 161, 74, 237, 61, 28, 0, 0, 252, 1, 0, 213, 0, 0, 139, 6, 198]
1542887365349;[171, 0, 17, 255, 161, 74, 237, 61, 28, 0, 4, 142, 0, 1, 103, 1, 3, 58, 7, 21]
1542887365870;[171, 0, 17, 255, 161, 74, 237, 61, 28, 1, 0, 76, 0, 1, 175, 0, 0, 22, 6, 209]
1542887365874;[171, 0, 17, 255, 161, 74, 237, 61, 29, 0, 0, 44, 0, 1, 2, 1, 0, 6, 6, 197]
1542887365878;[171, 0, 17, 255, 161, 74, 237, 61, 29, 1, 0, 76, 0, 0, 97, 1, 0, 25, 6, 185]
1542887365884;[171, 0, 17, 255, 161, 74, 237, 61, 29, 0, 0, 66, 0, 1, 150, 1, 0, 16, 6, 231]
1542887366040;[171, 0, 17, 255, 161, 74, 237, 61, 29, 0, 0, 173, 0, 3, 54, 1, 0, 57, 7, 91]
1542887366044;[171, 0, 17, 255, 161, 74, 237, 61, 29, 1, 0, 115, 1, 0, 233, 0, 0, 68, 6, 253]
1542887366047;[171, 0, 17, 255, 161, 74, 237, 61, 29, 0, 0, 114, 1, 0, 127, 1, 0, 7, 7, 19]
1542887366213;[171, 0, 4, 255, 132, 128, 182]
1542887366240;[171, 0, 17, 255, 161, 74, 237, 61, 29, 1, 4, 22, 0, 4, 27, 1, 1, 72, 7, 151]
1542887366384;[171, 0, 17, 255, 161, 74, 237, 61, 29, 1, 0, 114, 0, 0, 189, 0, 0, 36, 6, 251]
1542887366557;[171, 0, 17, 255, 161, 74, 237, 61, 29, 0, 0, 23, 0, 0, 252, 1, 0, 6, 6, 244]
1542887366563;[171, 0, 17, 255, 161, 74, 237, 61, 29, 0, 0, 11, 0, 1, 4, 1, 0, 11, 6, 229]
1542887366731;[171, 0, 17, 255, 161, 74, 237, 61, 30, 0, 0, 17, 0, 1, 30, 0, 0, 2, 6, 236]
1542887366734;[171, 0, 17, 255, 161, 74, 237, 61, 30, 1, 0, 6, 0, 1, 9, 0, 0, 0, 6, 229]
1542887367096;[171, 0, 17, 255, 161, 74, 237, 61, 30, 0, 0, 24, 0, 1, 6, 0, 0, 1, 6, 221]
1542887367097;[171, 0, 17, 255, 161, 74, 237, 61, 30, 0, 0, 14, 0, 1, 20, 0, 0, 8, 6, 225]
1542887367099;[171, 0, 17, 255, 161, 74, 237, 61, 30, 0, 0, 23, 0, 1, 11, 0, 0, 10, 6, 216]
1542887367248;[171, 0, 17, 255, 161, 74, 237, 61, 30, 0, 0, 36, 0, 1, 13, 0, 0, 13, 6, 218]
1542887367252;[171, 0, 4, 255, 132, 128, 182]
1542887367593;[171, 0, 17, 255, 161, 74, 237, 61, 30, 0, 0, 37, 0, 1, 13, 0, 0, 15, 6, 211]
1542887367598;[171, 0, 17, 255, 161, 74, 237, 61, 30, 0, 0, 34, 0, 1, 8, 0, 0, 18, 6, 215]
1542887367601;[171, 0, 17, 255, 161, 74, 237, 61, 30, 0, 0, 38, 0, 1, 11, 0, 0, 18, 6, 214]
1542887367605;[171, 0, 17, 255, 161, 74, 237, 61, 30, 0, 0, 38, 0, 1, 11, 0, 0, 22, 6, 222]
1542887367765;[171, 0, 17, 255, 161, 74, 237, 61, 31, 0, 0, 38, 0, 1, 10, 0, 0, 22, 6, 230]
1542887367940;[171, 0, 17, 255, 161, 74, 237, 61, 31, 0, 0, 38, 0, 1, 13, 0, 0, 24, 6, 241]
1542887367942;[171, 0, 17, 255, 161, 74, 237, 61, 31, 0, 0, 39, 0, 1, 12, 0, 0, 27, 6, 248]
1542887368456;[171, 0, 17, 255, 161, 74, 237, 61, 31, 0, 0, 36, 0, 1, 14, 0, 0, 26, 6, 253]
1542887368462;[171, 0, 17, 255, 161, 74, 237, 61, 31, 0, 0, 39, 0, 1, 11, 0, 0, 25, 7, 1]
1542887368463;[171, 0, 17, 255, 161, 74, 237, 61, 31, 0, 0, 41, 0, 1, 11, 0, 0, 27, 7, 6]
1542887368466;[171, 0, 4, 255, 132, 128, 183]
1542887368629;[171, 0, 17, 255, 161, 74, 237, 61, 31, 0, 0, 41, 0, 1, 10, 0, 0, 30, 7, 0]
1542887368633;[171, 0, 17, 255, 161, 74, 237, 61, 31, 0, 0, 40, 0, 1, 11, 0, 0, 31, 7, 21]
1542887368636;[171, 0, 17, 255, 161, 74, 237, 61, 31, 0, 0, 45, 0, 1, 9, 0, 0, 31, 7, 32]
1542887368800;[171, 0, 17, 255, 161, 74, 237, 61, 31, 0, 0, 37, 0, 1, 9, 0, 0, 32, 7, 48]
1542887368804;[171, 0, 17, 255, 161, 74, 237, 61, 32, 0, 0, 37, 0, 1, 11, 0, 0, 21, 7, 59]
1542887369144;[171, 0, 17, 255, 161, 74, 237, 61, 32, 0, 0, 33, 0, 1, 16, 0, 0, 18, 7, 75]
1542887369148;[171, 0, 17, 255, 161, 74, 237, 61, 32, 1, 0, 6, 0, 0, 253, 0, 0, 17, 7, 65]
1542887369153;[171, 0, 17, 255, 161, 74, 237, 61, 32, 0, 0, 46, 0, 1, 8, 0, 0, 15, 7, 57]
1542887369317;[171, 0, 17, 255, 161, 74, 237, 61, 32, 0, 0, 46, 0, 1, 13, 0, 0, 16, 7, 58]
1542887369321;[171, 0, 17, 255, 161, 74, 237, 61, 32, 0, 0, 43, 0, 1, 9, 0, 0, 17, 7, 50]
1542887369663;[171, 0, 4, 255, 132, 128, 184]
1542887369687;[171, 0, 17, 255, 161, 74, 237, 61, 32, 0, 0, 42, 0, 1, 13, 0, 0, 16, 7, 53]
1542887369689;[171, 0, 17, 255, 161, 74, 237, 61, 32, 0, 0, 40, 0, 1, 8, 0, 0, 16, 7, 56]
1542887369835;[171, 0, 17, 255, 161, 74, 237, 61, 32, 0, 0, 45, 0, 1, 11, 0, 0, 18, 7, 63]
1542887369839;[171, 0, 17, 255, 161, 74, 237, 61, 32, 0, 0, 44, 0, 1, 12, 0, 0, 17, 7, 68]
1542887370006;[171, 0, 17, 255, 161, 74, 237, 61, 33, 0, 0, 41, 0, 1, 11, 0, 0, 17, 7, 75]
1542887370009;[171, 0, 17, 255, 161, 74, 237, 61, 33, 0, 0, 47, 0, 1, 5, 0, 0, 15, 7, 76]
1542887370353;[171, 0, 17, 255, 161, 74, 237, 61, 33, 0, 0, 54, 0, 1, 15, 0, 0, 18, 7, 88]
1542887370356;[171, 0, 17, 255, 161, 74, 237, 61, 33, 0, 0, 158, 0, 1, 190, 0, 0, 41, 7, 136]
1542887370360;[171, 0, 17, 255, 161, 74, 237, 61, 33, 0, 0, 208, 0, 1, 201, 1, 0, 141, 7, 171]
1542887370525;[171, 0, 17, 255, 161, 74, 237, 61, 33, 1, 0, 4, 0, 1, 130, 1, 0, 34, 7, 216]
1542887370529;[171, 0, 4, 255, 132, 128, 184]
1542887370871;[171, 0, 17, 255, 161, 74, 237, 61, 33, 1, 0, 65, 0, 1, 67, 1, 0, 57, 7, 230]
1542887370875;[171, 0, 17, 255, 161, 74, 237, 61, 33, 0, 0, 78, 0, 1, 60, 1, 0, 26, 7, 114]
1542887370878;[171, 0, 17, 255, 161, 74, 237, 61, 33, 1, 1, 115, 0, 1, 88, 1, 0, 188, 7, 56]
1542887371042;[171, 0, 17, 255, 161, 74, 237, 61, 33, 0, 1, 157, 1, 2, 195, 1, 0, 16, 6, 215]
1542887371046;[171, 0, 17, 255, 161, 74, 237, 61, 34, 1, 1, 16, 0, 2, 97, 1, 0, 213, 6, 216]
1542887371214;[171, 0, 17, 255, 161, 74, 237, 61, 34, 0, 0, 5, 0, 1, 235, 1, 0, 49, 6, 79]
1542887371218;[171, 0, 17, 255, 161, 74, 237, 61, 34, 1, 0, 185, 0, 0, 127, 1, 0, 136, 5, 231]
1542887371561;[171, 0, 17, 255, 161, 74, 237, 61, 34, 1, 0, 123, 0, 0, 146, 1, 0, 25, 5, 229]
1542887371564;[171, 0, 17, 255, 161, 74, 237, 61, 34, 1, 1, 200, 0, 3, 174, 0, 0, 229, 6, 77]
1542887371571;[171, 0, 17, 255, 161, 74, 237, 61, 34, 1, 0, 148, 0, 1, 230, 1, 0, 53, 5, 192]
1542887371907;[171, 0, 4, 255, 132, 128, 184]
1542887371933;[171, 0, 17, 255, 161, 74, 237, 61, 34, 1, 0, 33, 0, 0, 164, 1, 0, 7, 5, 140]
1542887371938;[171, 0, 17, 255, 161, 74, 237, 61, 34, 1, 0, 50, 0, 1, 1, 1, 0, 139, 5, 171]
1542887371943;[171, 0, 17, 255, 161, 74, 237, 61, 34, 0, 0, 23, 1, 0, 46, 1, 0, 106, 5, 70]
1542887372250;[171, 0, 17, 255, 161, 74, 237, 61, 34, 1, 4, 207, 0, 3, 44, 0, 1, 74, 5, 126]
1542887372256;[171, 0, 17, 255, 161, 74, 237, 61, 35, 1, 1, 24, 0, 0, 45, 0, 0, 22, 4, 236]
1542887372259;[171, 0, 17, 255, 161, 74, 237, 61, 35, 0, 1, 6, 0, 1, 126, 0, 0, 32, 5, 104]
1542887372420;[171, 0, 17, 255, 161, 74, 237, 61, 35, 0, 0, 117, 0, 0, 124, 1, 0, 233, 4, 255]
1542887372596;[171, 0, 17, 255, 161, 74, 237, 61, 35, 1, 0, 102, 0, 0, 185, 0, 0, 161, 5, 18]
1542887372600;[171, 0, 17, 255, 161, 74, 237, 61, 35, 0, 0, 138, 0, 1, 200, 1, 1, 232, 5, 12]
1542887372604;[171, 0, 17, 255, 161, 74, 237, 61, 35, 1, 0, 32, 0, 0, 71, 0, 0, 50, 5, 6]
1542887373114;[171, 0, 4, 255, 132, 128, 184]
1542887373138;[171, 0, 17, 255, 161, 74, 237, 61, 35, 1, 0, 152, 0, 0, 151, 1, 0, 52, 4, 148]
1542887373139;[171, 0, 17, 255, 161, 74, 237, 61, 35, 1, 0, 94, 0, 1, 87, 1, 0, 62, 5, 12]
1542887373141;[171, 0, 17, 255, 161, 74, 237, 61, 35, 1, 0, 162, 0, 0, 215, 1, 0, 172, 5, 62]
1542887373631;[171, 0, 17, 255, 161, 74, 237, 61, 35, 1, 0, 70, 0, 0, 220, 1, 0, 66, 5, 100]
1542887373635;[171, 0, 17, 255, 161, 74, 237, 61, 36, 1, 0, 34, 0, 1, 50, 0, 0, 9, 5, 123]
1542887373639;[171, 0, 17, 255, 161, 74, 237, 61, 36, 1, 0, 33, 0, 1, 38, 1, 0, 28, 5, 133]
1542887373643;[171, 0, 17, 255, 161, 74, 237, 61, 36, 1, 0, 40, 0, 1, 38, 1, 0, 23, 5, 139]
1542887373803;[171, 0, 17, 255, 161, 74, 237, 61, 36, 1, 0, 41, 0, 1, 3, 1, 0, 12, 5, 169]
1542887373807;[171, 0, 17, 255, 161, 74, 237, 61, 36, 1, 0, 28, 0, 1, 12, 0, 0, 30, 5, 189]
1542887373812;[171, 0, 17, 255, 161, 74, 237, 61, 36, 1, 0, 41, 0, 1, 27, 0, 0, 42, 5, 190]
1542887373815;[171, 0, 4, 255, 132, 128, 184]
1542887374149;[171, 0, 17, 255, 161, 74, 237, 61, 36, 1, 0, 13, 0, 1, 76, 0, 0, 53, 5, 239]
1542887374153;[171, 0, 17, 255, 161, 74, 237, 61, 36, 0, 0, 136, 0, 1, 66, 0, 0, 76, 5, 246]
1542887374157;[171, 0, 17, 255, 161, 74, 237, 61, 36, 1, 0, 58, 0, 0, 151, 0, 0, 127, 6, 9]
1542887374320;[171, 0, 17, 255, 161, 74, 237, 61, 36, 1, 0, 5, 0, 1, 24, 1, 0, 30, 5, 236]
1542887374324;[171, 0, 17, 255, 161, 74, 237, 61, 37, 1, 1, 113, 1, 0, 214, 1, 1, 81, 5, 183]
1542887374839;[171, 0, 17, 255, 161, 74, 237, 61, 37, 1, 0, 82, 0, 3, 248, 0, 0, 40, 5, 173]
1542887374843;[171, 0, 17, 255, 161, 74, 237, 61, 37, 0, 0, 36, 0, 1, 180, 0, 0, 13, 5, 168]
1542887374847;[171, 0, 17, 255, 161, 74, 237, 61, 37, 1, 0, 69, 0, 0, 122, 1, 0, 14, 5, 216]
1542887374851;[171, 0, 17, 255, 161, 74, 237, 61, 37, 1, 0, 45, 1, 0, 14, 1, 0, 61, 5, 138]
1542887375009;[171, 0, 17, 255, 161, 74, 237, 61, 37, 0, 0, 208, 0, 3, 87, 1, 0, 238, 5, 235]
1542887375013;[171, 0, 4, 255, 132, 128, 180]
1542887375036;[171, 0, 17, 255, 161, 74, 237, 61, 37, 0, 0, 1, 0, 1, 137, 1, 0, 49, 5, 171]
1542887375184;[171, 0, 17, 255, 161, 74, 237, 61, 37, 1, 0, 111, 0, 0, 166, 1, 0, 15, 5, 184]
1542887375524;[171, 0, 17, 255, 161, 74, 237, 61, 37, 1, 0, 16, 0, 0, 80, 1, 0, 188, 5, 149]
1542887375526;[171, 0, 17, 255, 161, 74, 237, 61, 37, 0, 0, 123, 0, 1, 248, 0, 0, 91, 6, 33]
1542887375528;[171, 0, 17, 255, 161, 74, 237, 61, 38, 1, 0, 106, 0, 2, 20, 1, 0, 104, 5, 206]
1542887375531;[171, 0, 17, 255, 161, 74, 237, 61, 38, 1, 0, 100, 0, 0, 129, 0, 0, 93, 5, 245]
1542887376046;[171, 0, 17, 255, 161, 74, 237, 61, 38, 0, 0, 46, 0, 0, 131, 1, 0, 107, 5, 237]
1542887376050;[171, 0, 17, 255, 161, 74, 237, 61, 38, 0, 1, 48, 1, 1, 200, 0, 0, 65, 6, 72]
1542887376054;[171, 0, 17, 255, 161, 74, 237, 61, 38, 1, 0, 77, 0, 3, 68, 1, 0, 144, 6, 39]
1542887376058;[171, 0, 17, 255, 161, 74, 237, 61, 38, 1, 0, 13, 0, 1, 68, 0, 0, 34, 6, 20]
1542887376217;[171, 0, 4, 255, 132, 128, 177]
1542887376242;[171, 0, 17, 255, 161, 74, 237, 61, 38, 1, 0, 90, 0, 0, 135, 1, 0, 54, 6, 59]
1542887376244;[171, 0, 17, 255, 161, 74, 237, 61, 38, 1, 0, 145, 0, 0, 104, 1, 0, 60, 6, 11]
1542887376390;[171, 0, 17, 255, 161, 74, 237, 61, 38, 1, 0, 33, 0, 0, 215, 1, 0, 35, 6, 145]
1542887376394;[171, 0, 17, 255, 161, 74, 237, 61, 38, 1, 0, 93, 0, 2, 136, 1, 0, 128, 6, 85]
1542887376562;[171, 0, 17, 255, 161, 74, 237, 61, 39, 1, 0, 110, 0, 0, 186, 0, 0, 102, 6, 162]
1542887376734;[171, 0, 17, 255, 161, 74, 237, 61, 39, 1, 0, 15, 0, 0, 111, 1, 0, 44, 6, 178]
1542887376738;[171, 0, 17, 255, 161, 74, 237, 61, 39, 0, 0, 47, 1, 0, 11, 1, 0, 6, 6, 163]
1542887377255;[171, 0, 17, 255, 161, 74, 237, 61, 39, 0, 0, 97, 0, 3, 75, 1, 1, 32, 7, 45]
1542887377259;[171, 0, 17, 255, 161, 74, 237, 61, 39, 0, 0, 19, 0, 1, 233, 0, 0, 7, 6, 198]
1542887377265;[171, 0, 17, 255, 161, 74, 237, 61, 39, 1, 0, 33, 0, 0, 102, 0, 0, 47, 7, 47]
1542887377267;[171, 0, 4, 255, 132, 128, 176]
1542887377430;[171, 0, 17, 255, 161, 74, 237, 61, 39, 0, 0, 115, 0, 0, 107, 1, 0, 28, 7, 26]
1542887377431;[171, 0, 17, 255, 161, 74, 237, 61, 39, 1, 4, 29, 0, 0, 62, 0, 0, 132, 6, 215]
1542887377604;[171, 0, 17, 255, 161, 74, 237, 61, 39, 1, 0, 128, 0, 3, 66, 0, 0, 122, 7, 101]
1542887377606;[171, 0, 17, 255, 161, 74, 237, 61, 39, 0, 0, 24, 0, 1, 163, 1, 0, 28, 7, 135]
1542887377607;[171, 0, 17, 255, 161, 74, 237, 61, 40, 1, 0, 93, 0, 0, 199, 1, 0, 62, 7, 149]
1542887377769;[171, 0, 17, 255, 161, 74, 237, 61, 40, 0, 0, 67, 1, 0, 71, 1, 0, 132, 7, 139]
1542887377942;[171, 0, 17, 255, 161, 74, 237, 61, 40, 0, 0, 66, 0, 4, 241, 0, 0, 252, 7, 215]
1542887377945;[171, 0, 17, 255, 161, 74, 237, 61, 40, 1, 0, 178, 0, 2, 31, 1, 0, 37, 7, 137]
1542887378115;[171, 0, 17, 255, 161, 74, 237, 61, 40, 1, 0, 101, 0, 0, 203, 0, 0, 49, 7, 229]
1542887378118;[171, 0, 17, 255, 161, 74, 237, 61, 40, 1, 0, 15, 0, 0, 192, 1, 0, 56, 7, 253]
1542887378286;[171, 0, 4, 255, 132, 128, 174]
1542887378634;[171, 0, 17, 255, 161, 74, 237, 61, 40, 0, 0, 99, 1, 0, 88, 1, 0, 3, 7, 227]
1542887378638;[171, 0, 17, 255, 161, 74, 237, 61, 40, 1, 1, 117, 0, 1, 214, 0, 0, 77, 8, 96]
1542887378642;[171, 0, 17, 255, 161, 74, 237, 61, 40, 1, 0, 173, 0, 3, 5, 1, 0, 8, 8, 48]
1542887378646;[171, 0, 17, 255, 161, 74, 237, 61, 40, 1, 0, 1, 0, 0, 195, 1, 0, 52, 8, 11]
1542887378804;[171, 0, 17, 255, 161, 74, 237, 61, 41, 0, 0, 228, 0, 1, 40, 0, 0, 4, 8, 19]
1542887378809;[171, 0, 17, 255, 161, 74, 237, 61, 41, 1, 0, 25, 1, 0, 227, 0, 0, 0, 8, 52]
1542887378995;[171, 0, 17, 255, 161, 74, 237, 61, 41, 0, 0, 74, 1, 1, 188, 0, 0, 238, 8, 183]
1542887379153;[171, 0, 17, 255, 161, 74, 237, 61, 41, 1, 0, 189, 0, 6, 89, 0, 4, 96, 9, 22]
1542887379156;[171, 0, 17, 255, 161, 74, 237, 61, 41, 0, 0, 117, 0, 2, 116, 0, 0, 55, 8, 121]
1542887379323;[171, 0, 17, 255, 161, 74, 237, 61, 41, 1, 0, 35, 0, 0, 231, 1, 0, 224, 8, 31]
1542887379326;[171, 0, 4, 255, 132, 128, 176]
1542887379495;[171, 0, 17, 255, 161, 74, 237, 61, 41, 0, 0, 68, 1, 0, 23, 1, 0, 92, 7, 234]
1542887379499;[171, 0, 17, 255, 161, 74, 237, 61, 41, 1, 0, 58, 1, 0, 198, 0, 0, 22, 8, 3]
1542887379840;[171, 0, 17, 255, 161, 74, 237, 61, 41, 0, 1, 244, 0, 7, 255, 0, 0, 117, 8, 179]
1542887379844;[171, 0, 17, 255, 161, 74, 237, 61, 41, 1, 0, 168, 0, 2, 31, 1, 0, 127, 7, 232]
1542887379849;[171, 0, 17, 255, 161, 74, 237, 61, 42, 1, 0, 183, 0, 0, 116, 1, 0, 7, 7, 205]
1542887380014;[171, 0, 17, 255, 161, 74, 237, 61, 42, 1, 0, 4, 0, 0, 98, 1, 0, 71, 7, 195]
1542887380016;[171, 0, 17, 255, 161, 74, 237, 61, 42, 1, 0, 16, 0, 0, 58, 1, 0, 10, 7, 163]
1542887380358;[171, 0, 17, 255, 161, 74, 237, 61, 42, 1, 0, 118, 1, 0, 153, 0, 0, 81, 7, 217]
1542887380362;[171, 0, 17, 255, 161, 74, 237, 61, 42, 1, 1, 13, 0, 3, 106, 1, 0, 13, 7, 235]
1542887380366;[171, 0, 17, 255, 161, 74, 237, 61, 42, 0, 0, 35, 0, 1, 122, 1, 0, 10, 7, 99]
1542887380529;[171, 0, 4, 255, 132, 128, 176]
1542887380555;[171, 0, 17, 255, 161, 74, 237, 61, 42, 1, 0, 70, 0, 0, 99, 1, 0, 38, 7, 125]
1542887380702;[171, 0, 17, 255, 161, 74, 237, 61, 42, 0, 0, 66, 0, 0, 4, 1, 0, 65, 7, 44]
1542887380706;[171, 0, 17, 255, 161, 74, 237, 61, 42, 0, 0, 89, 1, 0, 176, 1, 0, 11, 7, 46]
1542887380875;[171, 0, 17, 255, 161, 74, 237, 61, 42, 1, 0, 166, 0, 3, 156, 0, 0, 148, 7, 127]
1542887381219;[171, 0, 17, 255, 161, 74, 237, 61, 43, 1, 0, 233, 0, 1, 178, 1, 0, 50, 7, 10]
1542887381223;[171, 0, 17, 255, 161, 74, 237, 61, 43, 1, 0, 22, 0, 0, 142, 0, 0, 16, 7, 93]
1542887381226;[171, 0, 17, 255, 161, 74, 237, 61, 43, 0, 0, 185, 0, 0, 66, 1, 0, 33, 7, 71]
1542887381229;[171, 0, 17, 255, 161, 74, 237, 61, 43, 0, 0, 212, 1, 0, 109, 1, 0, 26, 7, 50]
1542887381396;[171, 0, 17, 255, 161, 74, 237, 61, 43, 1, 2, 175, 0, 4, 56, 0, 1, 250, 8, 69]
1542887381565;[171, 0, 17, 255, 161, 74, 237, 61, 45, 0, 0, 31, 0, 1, 31, 0, 0, 18, 6, 44]
1542887381737;[171, 0, 17, 255, 161, 74, 237, 61, 45, 0, 0, 32, 0, 1, 23, 1, 0, 1, 6, 61]
1542887381741;[171, 0, 17, 255, 161, 74, 237, 61, 45, 1, 0, 17, 0, 1, 153, 1, 0, 32, 6, 48]
1542887382083;[171, 0, 17, 255, 161, 74, 237, 61, 45, 1, 0, 28, 1, 0, 225, 1, 0, 36, 6, 102]
1542887382087;[171, 0, 17, 255, 161, 74, 237, 61, 46, 1, 0, 71, 0, 2, 57, 1, 0, 16, 6, 116]
1542887382429;[171, 0, 17, 255, 161, 74, 237, 61, 46, 0, 0, 137, 0, 1, 242, 1, 0, 4, 5, 152]
1542887382431;[171, 0, 17, 255, 161, 74, 237, 61, 46, 1, 0, 128, 0, 0, 190, 1, 0, 193, 5, 135]
1542887382435;[171, 0, 17, 255, 161, 74, 237, 61, 46, 0, 0, 31, 0, 0, 0, 0, 0, 75, 5, 38]
1542887382438;[171, 0, 17, 255, 161, 74, 237, 61, 46, 1, 0, 27, 1, 3, 248, 0, 0, 174, 5, 100]
1542887382614;[171, 0, 17, 255, 161, 74, 237, 61, 46, 1, 0, 211, 0, 2, 190, 0, 0, 168, 4, 179]
1542887382616;[171, 0, 4, 255, 132, 128, 176]
1542887382772;[171, 0, 17, 255, 161, 74, 237, 61, 46, 0, 0, 9, 0, 1, 135, 0, 0, 77, 4, 138]
1542887382945;[171, 0, 17, 255, 161, 74, 237, 61, 46, 0, 0, 25, 0, 0, 138, 1, 0, 103, 4, 114]
1542887382949;[171, 0, 17, 255, 161, 74, 237, 61, 46, 1, 0, 19, 1, 0, 20, 0, 0, 8, 4, 24]
1542887383116;[171, 0, 17, 255, 161, 74, 237, 61, 46, 1, 0, 90, 1, 1, 233, 0, 0, 136, 4, 134]
1542887383120;[171, 0, 17, 255, 161, 74, 237, 61, 47, 1, 1, 43, 0, 3, 126, 1, 1, 95, 4, 12]
1542887383289;[171, 0, 17, 255, 161, 74, 237, 61, 47, 0, 0, 122, 0, 2, 78, 1, 0, 19, 3, 132]
1542887383292;[171, 0, 17, 255, 161, 74, 237, 61, 47, 1, 0, 165, 0, 0, 73, 1, 0, 140, 3, 84]
1542887383808;[171, 0, 17, 255, 161, 74, 237, 61, 47, 0, 0, 124, 0, 0, 38, 1, 0, 73, 3, 84]
1542887383812;[171, 0, 17, 255, 161, 74, 237, 61, 47, 0, 0, 80, 1, 0, 43, 1, 0, 16, 3, 104]
1542887383816;[171, 0, 17, 255, 161, 74, 237, 61, 47, 1, 0, 66, 0, 5, 122, 1, 1, 78, 3, 155]
1542887383820;[171, 0, 4, 255, 132, 128, 175]
1542887383982;[171, 0, 17, 255, 161, 74, 237, 61, 47, 1, 0, 50, 0, 2, 48, 1, 0, 126, 3, 39]
1542887383984;[171, 0, 17, 255, 161, 74, 237, 61, 47, 1, 0, 155, 0, 0, 39, 1, 0, 73, 3, 45]
1542887384152;[171, 0, 17, 255, 161, 74, 237, 61, 47, 0, 0, 71, 0, 0, 57, 1, 0, 30, 2, 250]
1542887384156;[171, 0, 17, 255, 161, 74, 237, 61, 47, 1, 0, 17, 0, 0, 26, 0, 0, 1, 3, 7]
1542887384325;[171, 0, 17, 255, 161, 74, 237, 61, 48, 1, 3, 23, 0, 0, 202, 0, 1, 16, 3, 99]
1542887384329;[171, 0, 17, 255, 161, 74, 237, 61, 48, 1, 0, 173, 0, 2, 32, 1, 0, 85, 2, 206]
1542887384497;[171, 0, 17, 255, 161, 74, 237, 61, 48, 1, 0, 12, 0, 1, 19, 0, 0, 32, 2, 221]
1542887384500;[171, 0, 17, 255, 161, 74, 237, 61, 48, 0, 0, 23, 0, 0, 138, 1, 0, 91, 2, 228]
1542887384669;[171, 0, 17, 255, 161, 74, 237, 61, 48, 1, 0, 70, 0, 0, 13, 1, 0, 29, 2, 209]
1542887385015;[171, 0, 17, 255, 161, 74, 237, 61, 48, 1, 0, 199, 1, 1, 218, 0, 0, 141, 3, 21]
1542887385017;[171, 0, 4, 255, 132, 128, 175]
1542887385041;[171, 0, 17, 255, 161, 74, 237, 61, 48, 1, 0, 213, 0, 2, 199, 0, 0, 70, 2, 138]
1542887385042;[171, 0, 17, 255, 161, 74, 237, 61, 48, 1, 0, 156, 0, 1, 180, 0, 0, 108, 2, 142]
1542887385360;[171, 0, 17, 255, 161, 74, 237, 61, 48, 1, 0, 15, 0, 0, 181, 1, 0, 3, 2, 109]
1542887385367;[171, 0, 17, 255, 161, 74, 237, 61, 48, 1, 0, 40, 1, 0, 161, 0, 0, 46, 2, 158]
1542887385375;[171, 0, 17, 255, 161, 74, 237, 61, 49, 1, 0, 134, 0, 4, 127, 1, 1, 209, 3, 0]
1542887385529;[171, 0, 17, 255, 161, 74, 237, 61, 49, 1, 0, 53, 0, 1, 246, 1, 0, 10, 2, 160]
1542887385533;[171, 0, 17, 255, 161, 74, 237, 61, 49, 1, 0, 99, 0, 0, 187, 1, 0, 83, 2, 159]
1542887385702;[171, 0, 17, 255, 161, 74, 237, 61, 49, 1, 0, 18, 0, 0, 7, 0, 0, 20, 2, 162]
1542887385705;[171, 0, 17, 255, 161, 74, 237, 61, 49, 1, 0, 66, 1, 1, 75, 1, 0, 90, 2, 205]
1542887385877;[171, 0, 17, 255, 161, 74, 237, 61, 49, 1, 1, 31, 0, 3, 198, 1, 0, 242, 2, 248]
1542887386222;[171, 0, 4, 255, 132, 128, 174]
1542887386246;[171, 0, 17, 255, 161, 74, 237, 61, 49, 1, 0, 43, 0, 2, 29, 1, 0, 67, 2, 196]
1542887386247;[171, 0, 17, 255, 161, 74, 237, 61, 49, 1, 0, 44, 0, 0, 92, 1, 0, 64, 2, 127]
1542887386249;[171, 0, 17, 255, 161, 74, 237, 61, 49, 0, 0, 25, 0, 0, 67, 1, 0, 18, 2, 130]
1542887386394;[171, 0, 17, 255, 161, 74, 237, 61, 49, 0, 0, 113, 1, 0, 113, 1, 0, 13, 2, 147]
1542887386398;[171, 0, 17, 255, 161, 74, 237, 61, 50, 1, 0, 36, 0, 4, 127, 1, 1, 121, 2, 220]
1542887386567;[171, 0, 17, 255, 161, 74, 237, 61, 50, 0, 0, 8, 0, 1, 177, 1, 0, 85, 2, 188]
1542887386740;[171, 0, 17, 255, 161, 74, 237, 61, 50, 0, 0, 31, 0, 0, 154, 1, 0, 72, 2, 113]
1542887386744;[171, 0, 17, 255, 161, 74, 237, 61, 50, 1, 0, 13, 0, 0, 8, 1, 0, 26, 2, 138]
1542887387101;[171, 0, 17, 255, 161, 74, 237, 61, 50, 1, 2, 194, 0, 0, 1, 0, 0, 57, 2, 208]
1542887387103;[171, 0, 17, 255, 161, 74, 237, 61, 50, 1, 0, 152, 0, 2, 230, 0, 0, 19, 3, 29]
1542887387105;[171, 0, 4, 255, 132, 128, 174]
1542887387257;[171, 0, 17, 255, 161, 74, 237, 61, 50, 0, 0, 7, 0, 1, 188, 1, 0, 21, 2, 186]
1542887387261;[171, 0, 17, 255, 161, 74, 237, 61, 50, 0, 0, 64, 0, 0, 147, 1, 0, 108, 2, 134]
1542887387948;[171, 0, 17, 255, 161, 74, 237, 61, 50, 1, 0, 36, 0, 0, 188, 0, 0, 147, 2, 193]
1542887387957;[171, 0, 17, 255, 161, 74, 237, 61, 50, 0, 1, 103, 0, 1, 63, 1, 2, 10, 2, 254]
1542887387962;[171, 0, 17, 255, 161, 74, 237, 61, 51, 0, 0, 63, 0, 1, 202, 0, 0, 105, 2, 240]
1542887387963;[171, 0, 17, 255, 161, 74, 237, 61, 51, 0, 0, 43, 0, 0, 237, 0, 0, 9, 3, 29]
1542887389328;[171, 0, 17, 255, 161, 74, 237, 61, 51, 0, 0, 5, 0, 0, 169, 0, 0, 0, 3, 61]
1542887389354;[171, 0, 17, 255, 161, 74, 237, 61, 51, 1, 0, 3, 0, 1, 82, 1, 0, 6, 3, 113]
1542887389501;[171, 0, 17, 255, 161, 74, 237, 61, 51, 0, 0, 46, 0, 1, 46, 0, 0, 43, 3, 118]
1542887389505;[171, 0, 17, 255, 161, 74, 237, 61, 51, 0, 0, 0, 0, 0, 212, 0, 0, 28, 3, 131]
1542887389509;[171, 0, 4, 255, 132, 128, 173]
1542887389534;[171, 0, 17, 255, 161, 74, 237, 61, 51, 1, 0, 5, 0, 1, 15, 0, 0, 33, 3, 142]
1542887390189;[171, 0, 17, 255, 161, 74, 237, 61, 51, 0, 0, 23, 0, 1, 23, 0, 0, 55, 3, 165]
1542887390708;[171, 0, 17, 255, 161, 74, 237, 61, 51, 1, 0, 3, 0, 0, 253, 0, 0, 80, 3, 187]
1542887390712;[171, 0, 17, 255, 161, 74, 237, 61, 51, 0, 0, 5, 0, 1, 6, 0, 0, 67, 3, 189]
1542887390715;[171, 0, 17, 255, 161, 74, 237, 61, 52, 0, 0, 11, 0, 1, 11, 0, 0, 72, 3, 213]
1542887390882;[171, 0, 17, 255, 161, 74, 237, 61, 52, 0, 0, 4, 0, 1, 3, 0, 0, 74, 3, 234]
1542887390886;[171, 0, 17, 255, 161, 74, 237, 61, 52, 0, 0, 7, 0, 1, 6, 0, 0, 70, 4, 3]
1542887390890;[171, 0, 17, 255, 161, 74, 237, 61, 52, 0, 0, 7, 0, 1, 4, 0, 0, 67, 4, 17]
1542887390893;[171, 0, 4, 255, 132, 128, 171]
1542887391053;[171, 0, 17, 255, 161, 74, 237, 61, 54, 0, 0, 23, 0, 1, 31, 0, 0, 45, 5, 121]
1542887391056;[171, 0, 17, 255, 161, 74, 237, 61, 54, 0, 0, 20, 0, 1, 11, 0, 0, 70, 5, 140]
1542887391059;[171, 0, 17, 255, 161, 74, 237, 61, 54, 1, 0, 19, 0, 3, 103, 1, 0, 92, 6, 82]
1542887391062;[171, 0, 17, 255, 161, 74, 237, 61, 54, 1, 0, 96, 0, 1, 160, 0, 0, 25, 5, 228]
1542887391399;[171, 0, 17, 255, 161, 74, 237, 61, 55, 1, 0, 126, 0, 0, 172, 0, 0, 67, 5, 227]
1542887391403;[171, 0, 17, 255, 161, 74, 237, 61, 55, 1, 0, 109, 0, 0, 92, 1, 0, 41, 5, 211]
1542887391406;[171, 0, 17, 255, 161, 74, 237, 61, 55, 1, 3, 187, 0, 2, 93, 0, 0, 193, 5, 237]
1542887391410;[171, 0, 17, 255, 161, 74, 237, 61, 55, 1, 0, 146, 0, 2, 49, 0, 0, 60, 5, 211]
1542887391569;[171, 0, 17, 255, 161, 74, 237, 61, 55, 1, 0, 251, 0, 0, 146, 0, 0, 24, 5, 178]
1542887391742;[171, 0, 17, 255, 161, 74, 237, 61, 55, 1, 0, 62, 0, 1, 28, 1, 0, 12, 5, 222]
1542887391745;[171, 0, 4, 255, 132, 128, 171]
1542887392089;[171, 0, 17, 255, 161, 74, 237, 61, 55, 1, 0, 66, 1, 1, 109, 1, 0, 67, 5, 172]
1542887392094;[171, 0, 17, 255, 161, 74, 237, 61, 55, 1, 2, 84, 0, 6, 204, 0, 1, 220, 6, 184]
1542887392097;[171, 0, 17, 255, 161, 74, 237, 61, 55, 1, 0, 152, 0, 2, 51, 1, 0, 102, 5, 172]
1542887392100;[171, 0, 17, 255, 161, 74, 237, 61, 55, 1, 0, 83, 0, 0, 161, 1, 0, 33, 5, 101]
1542887392259;[171, 0, 17, 255, 161, 74, 237, 61, 56, 1, 0, 3, 0, 1, 4, 1, 0, 74, 5, 168]
1542887392606;[171, 0, 17, 255, 161, 74, 237, 61, 56, 1, 0, 23, 1, 0, 28, 0, 0, 57, 5, 64]
1542887392614;[171, 0, 17, 255, 161, 74, 237, 61, 56, 1, 0, 108, 1, 1, 197, 0, 0, 85, 5, 169]
1542887392636;[171, 0, 17, 255, 161, 74, 237, 61, 56, 1, 0, 186, 0, 3, 30, 1, 0, 134, 5, 111]
1542887392638;[171, 0, 17, 255, 161, 74, 237, 61, 56, 0, 0, 110, 0, 2, 12, 1, 0, 30, 5, 33]
1542887392777;[171, 0, 17, 255, 161, 74, 237, 61, 56, 1, 0, 249, 0, 0, 156, 1, 0, 115, 5, 91]
1542887392950;[171, 0, 4, 255, 132, 128, 172]
1542887392977;[171, 0, 17, 255, 161, 74, 237, 61, 56, 0, 0, 139, 0, 0, 57, 1, 0, 24, 5, 6]
1542887393122;[171, 0, 17, 255, 161, 74, 237, 61, 56, 0, 1, 201, 1, 1, 142, 0, 0, 214, 5, 30]
1542887393298;[171, 0, 17, 255, 161, 74, 237, 61, 56, 0, 0, 8, 0, 4, 145, 1, 0, 34, 5, 211]
1542887393303;[171, 0, 17, 255, 161, 74, 237, 61, 56, 0, 0, 14, 0, 1, 250, 1, 0, 72, 4, 196]
1542887393305;[171, 0, 17, 255, 161, 74, 237, 61, 57, 1, 1, 78, 0, 0, 117, 0, 0, 65, 4, 170]
1542887393467;[171, 0, 17, 255, 161, 74, 237, 61, 57, 0, 0, 1, 0, 0, 128, 1, 0, 180, 4, 150]
1542887393640;[171, 0, 17, 255, 161, 74, 237, 61, 57, 1, 0, 37, 1, 1, 253, 0, 0, 48, 4, 249]
1542887393643;[171, 0, 17, 255, 161, 74, 237, 61, 57, 1, 0, 182, 0, 2, 254, 0, 0, 108, 5, 17]
1542887393989;[171, 0, 17, 255, 161, 74, 237, 61, 57, 0, 0, 70, 0, 2, 23, 1, 0, 52, 4, 165]
1542887393994;[171, 0, 17, 255, 161, 74, 237, 61, 57, 1, 0, 93, 0, 0, 231, 1, 0, 31, 4, 250]
1542887393998;[171, 0, 4, 255, 132, 128, 174]
1542887394157;[171, 0, 17, 255, 161, 74, 237, 61, 57, 0, 0, 246, 1, 0, 21, 1, 0, 56, 4, 171]
1542887394161;[171, 0, 17, 255, 161, 74, 237, 61, 57, 1, 0, 22, 1, 2, 11, 0, 0, 170, 4, 221]
1542887394330;[171, 0, 17, 255, 161, 74, 237, 61, 57, 1, 0, 29, 0, 4, 16, 0, 1, 40, 5, 106]
1542887394333;[171, 0, 17, 255, 161, 74, 237, 61, 57, 1, 0, 188, 0, 1, 255, 1, 0, 83, 4, 81]
1542887394675;[171, 0, 17, 255, 161, 74, 237, 61, 58, 0, 0, 68, 0, 1, 134, 0, 0, 30, 4, 173]
1542887394679;[171, 0, 17, 255, 161, 74, 237, 61, 58, 0, 0, 103, 0, 3, 37, 1, 0, 75, 4, 179]
1542887394683;[171, 0, 17, 255, 161, 74, 237, 61, 58, 0, 2, 175, 1, 1, 117, 0, 0, 10, 4, 202]
1542887394847;[171, 0, 17, 255, 161, 74, 237, 61, 58, 1, 0, 6, 1, 1, 92, 0, 1, 8, 5, 8]
1542887394851;[171, 0, 17, 255, 161, 74, 237, 61, 58, 1, 1, 251, 0, 6, 99, 1, 4, 101, 5, 219]
1542887395193;[171, 0, 17, 255, 161, 74, 237, 61, 58, 1, 0, 226, 0, 1, 208, 1, 0, 49, 4, 162]
1542887395197;[171, 0, 4, 255, 132, 128, 174]
1542887395223;[171, 0, 17, 255, 161, 74, 237, 61, 58, 1, 0, 3, 0, 0, 254, 1, 0, 34, 4, 217]
1542887395225;[171, 0, 17, 255, 161, 74, 237, 61, 58, 0, 0, 44, 0, 0, 114, 1, 0, 92, 4, 218]
1542887395364;[171, 0, 17, 255, 161, 74, 237, 61, 58, 1, 0, 57, 1, 0, 161, 0, 0, 51, 4, 253]
1542887395533;[171, 0, 17, 255, 161, 74, 237, 61, 58, 0, 0, 191, 1, 3, 73, 0, 0, 224, 5, 53]
1542887395536;[171, 0, 17, 255, 161, 74, 237, 61, 59, 1, 0, 189, 0, 3, 108, 0, 0, 141, 5, 28]
1542887395710;[171, 0, 17, 255, 161, 74, 237, 61, 59, 0, 0, 34, 0, 1, 131, 0, 0, 73, 5, 109]
1542887395713;[171, 0, 17, 255, 161, 74, 237, 61, 59, 0, 0, 66, 0, 0, 145, 1, 0, 80, 5, 156]
1542887395882;[171, 0, 17, 255, 161, 74, 237, 61, 59, 1, 0, 85, 1, 0, 54, 1, 0, 24, 5, 166]
1542887396055;[171, 0, 17, 255, 161, 74, 237, 61, 59, 1, 0, 9, 1, 2, 85, 1, 0, 111, 5, 218]
1542887396057;[171, 0, 17, 255, 161, 74, 237, 61, 59, 1, 0, 34, 0, 3, 59, 0, 0, 90, 6, 41]
1542887396222;[171, 0, 4, 255, 132, 128, 176]
1542887396243;[171, 0, 17, 255, 161, 74, 237, 61, 59, 0, 0, 37, 0, 1, 197, 1, 0, 38, 6, 87]
1542887396574;[171, 0, 17, 255, 161, 74, 237, 61, 59, 1, 0, 44, 0, 0, 211, 1, 0, 45, 6, 151]
1542887396578;[171, 0, 17, 255, 161, 74, 237, 61, 59, 0, 0, 47, 1, 0, 24, 1, 0, 51, 6, 184]
1542887396582;[171, 0, 17, 255, 161, 74, 237, 61, 59, 1, 6, 21, 0, 0, 79, 0, 0, 54, 6, 255]
1542887396919;[171, 0, 17, 255, 161, 74, 237, 61, 64, 1, 0, 177, 0, 2, 27, 1, 0, 171, 6, 166]
1542887396923;[171, 0, 17, 255, 161, 74, 237, 61, 64, 0, 0, 19, 0, 1, 185, 1, 0, 47, 7, 4]
1542887396927;[171, 0, 17, 255, 161, 74, 237, 61, 64, 0, 0, 9, 0, 0, 116, 1, 0, 91, 7, 20]
1542887396931;[171, 0, 17, 255, 161, 74, 237, 61, 64, 1, 1, 4, 1, 0, 242, 0, 0, 49, 7, 75]
1542887397781;[171, 0, 17, 255, 161, 74, 237, 61, 64, 1, 0, 100, 0, 2, 93, 1, 0, 157, 7, 174]
1542887397785;[171, 0, 17, 255, 161, 74, 237, 61, 64, 1, 0, 98, 0, 1, 110, 1, 0, 62, 7, 142]
1542887397791;[171, 0, 4, 255, 132, 128, 178]
1542887397794;[171, 0, 17, 255, 161, 74, 237, 61, 64, 1, 0, 75, 0, 0, 129, 0, 0, 26, 7, 174]
1542887397953;[171, 0, 17, 255, 161, 74, 237, 61, 64, 1, 0, 97, 0, 0, 30, 1, 0, 65, 7, 178]
1542887397959;[171, 0, 17, 255, 161, 74, 237, 61, 64, 0, 0, 44, 0, 1, 131, 0, 0, 7, 7, 243]
1542887397966;[171, 0, 17, 255, 161, 74, 237, 61, 64, 0, 0, 85, 0, 1, 180, 0, 0, 58, 7, 224]
1542887397967;[171, 0, 17, 255, 161, 74, 237, 61, 65, 1, 0, 22, 0, 0, 203, 0, 0, 31, 7, 251]
1542887398127;[171, 0, 17, 255, 161, 74, 237, 61, 65, 0, 0, 12, 0, 0, 195, 1, 0, 35, 8, 36]
1542887398131;[171, 0, 17, 255, 161, 74, 237, 61, 65, 0, 0, 86, 0, 1, 107, 0, 0, 11, 8, 118]
1542887398135;[171, 0, 17, 255, 161, 74, 237, 61, 65, 0, 0, 60, 0, 1, 15, 0, 0, 29, 8, 129]
1542887398141;[171, 0, 17, 255, 161, 74, 237, 61, 65, 1, 0, 43, 0, 0, 207, 0, 0, 20, 8, 151]
1542887398297;[171, 0, 17, 255, 161, 74, 237, 61, 65, 0, 0, 37, 0, 1, 53, 0, 0, 37, 8, 209]
1542887398301;[171, 0, 4, 255, 132, 128, 179]
1542887398468;[171, 0, 17, 255, 161, 74, 237, 61, 65, 0, 0, 10, 0, 1, 17, 0, 0, 16, 8, 235]
1542887398646;[171, 0, 17, 255, 161, 74, 237, 61, 65, 0, 0, 14, 0, 1, 63, 0, 0, 66, 8, 221]
1542887398647;[171, 0, 17, 255, 161, 74, 237, 61, 65, 1, 0, 32, 0, 1, 2, 0, 0, 43, 8, 198]
1542887399160;[171, 0, 17, 255, 161, 74, 237, 61, 65, 1, 1, 9, 0, 1, 183, 0, 0, 41, 9, 0]
1542887399165;[171, 0, 17, 255, 161, 74, 237, 61, 66, 0, 0, 26, 0, 0, 163, 0, 0, 6, 8, 219]
1542887399169;[171, 0, 17, 255, 161, 74, 237, 61, 66, 1, 0, 179, 0, 1, 213, 0, 0, 90, 9, 23]
1542887399173;[171, 0, 17, 255, 161, 74, 237, 61, 66, 1, 0, 56, 0, 1, 51, 0, 1, 105, 8, 158]
1542887399333;[171, 0, 17, 255, 161, 74, 237, 61, 66, 1, 0, 85, 0, 1, 30, 1, 0, 38, 8, 189]
1542887399337;[171, 0, 17, 255, 161, 74, 237, 61, 66, 1, 0, 34, 0, 1, 19, 1, 0, 42, 8, 185]
1542887399341;[171, 0, 17, 255, 161, 74, 237, 61, 66, 1, 0, 31, 0, 1, 50, 1, 0, 1, 8, 203]
1542887399504;[171, 0, 4, 255, 132, 128, 180]
1542887399531;[171, 0, 17, 255, 161, 74, 237, 61, 66, 1, 0, 16, 0, 1, 14, 0, 0, 3, 8, 199]
1542887399677;[171, 0, 17, 255, 161, 74, 237, 61, 66, 1, 0, 16, 0, 0, 239, 0, 0, 0, 8, 211]
1542887399849;[171, 0, 17, 255, 161, 74, 237, 61, 66, 1, 0, 1, 0, 1, 23, 1, 0, 9, 8, 230]
1542887400024;[171, 0, 17, 255, 161, 74, 237, 61, 66, 1, 0, 14, 0, 1, 34, 0, 0, 6, 8, 240]
1542887400028;[171, 0, 17, 255, 161, 74, 237, 61, 67, 1, 0, 11, 0, 1, 28, 0, 0, 6, 9, 6]
1542887400032;[171, 0, 17, 255, 161, 74, 237, 61, 67, 1, 0, 16, 0, 1, 157, 0, 0, 27, 9, 32]
1542887400368;[171, 0, 17, 255, 161, 74, 237, 61, 67, 1, 0, 65, 0, 1, 5, 1, 0, 1, 9, 58]
1542887400371;[171, 0, 17, 255, 161, 74, 237, 61, 67, 0, 0, 133, 0, 0, 26, 1, 0, 21, 8, 232]
1542887400376;[171, 0, 17, 255, 161, 74, 237, 61, 67, 1, 1, 76, 0, 0, 226, 0, 0, 77, 8, 243]
1542887400540;[171, 0, 17, 255, 161, 74, 237, 61, 67, 1, 0, 251, 0, 1, 235, 0, 0, 226, 9, 16]
1542887400543;[171, 0, 4, 255, 132, 128, 179]
1542887400712;[171, 0, 17, 255, 161, 74, 237, 61, 67, 0, 0, 48, 0, 2, 48, 1, 0, 61, 8, 159]
1542887400716;[171, 0, 17, 255, 161, 74, 237, 61, 67, 0, 0, 53, 0, 0, 24, 0, 0, 12, 8, 105]
1542887400885;[171, 0, 17, 255, 161, 74, 237, 61, 67, 1, 1, 1, 0, 0, 121, 1, 0, 104, 8, 20]
1542887401057;[171, 0, 17, 255, 161, 74, 237, 61, 67, 1, 6, 207, 0, 4, 105, 0, 2, 118, 8, 67]
1542887401061;[171, 0, 17, 255, 161, 74, 237, 61, 68, 1, 0, 116, 0, 2, 149, 1, 0, 237, 8, 19]
1542887401233;[171, 0, 17, 255, 161, 74, 237, 61, 68, 1, 0, 107, 0, 0, 150, 0, 0, 66, 7, 144]
1542887401235;[171, 0, 17, 255, 161, 74, 237, 61, 68, 0, 0, 67, 0, 0, 92, 1, 0, 93, 7, 46]
1542887401575;[171, 0, 17, 255, 161, 74, 237, 61, 68, 1, 0, 13, 1, 0, 63, 1, 0, 7, 7, 74]
1542887401579;[171, 0, 17, 255, 161, 74, 237, 61, 68, 1, 2, 71, 0, 4, 132, 1, 1, 219, 7, 143]
1542887401583;[171, 0, 17, 255, 161, 74, 237, 61, 68, 1, 0, 13, 0, 2, 87, 0, 0, 10, 7, 21]
1542887401747;[171, 0, 4, 255, 132, 128, 178]
1542887401774;[171, 0, 17, 255, 161, 74, 237, 61, 68, 0, 0, 18, 0, 0, 73, 1, 0, 45, 6, 220]
1542887401920;[171, 0, 17, 255, 161, 74, 237, 61, 68, 0, 0, 63, 0, 0, 50, 1, 0, 27, 6, 136]
1542887402092;[171, 0, 17, 255, 161, 74, 237, 61, 68, 1, 0, 15, 1, 0, 74, 1, 0, 13, 6, 133]
1542887402095;[171, 0, 17, 255, 161, 74, 237, 61, 68, 0, 0, 50, 0, 5, 49, 1, 1, 140, 6, 244]
1542887402099;[171, 0, 17, 255, 161, 74, 237, 61, 69, 1, 0, 38, 0, 2, 107, 1, 0, 94, 6, 26]
1542887402265;[171, 0, 17, 255, 161, 74, 237, 61, 69, 1, 0, 172, 1, 0, 22, 1, 0, 38, 5, 206]
1542887402437;[171, 0, 17, 255, 161, 74, 237, 61, 69, 0, 0, 36, 0, 0, 115, 1, 0, 69, 5, 133]
1542887402611;[171, 0, 17, 255, 161, 74, 237, 61, 69, 0, 1, 82, 1, 0, 175, 0, 0, 74, 5, 138]
1542887402615;[171, 0, 17, 255, 161, 74, 237, 61, 69, 0, 0, 110, 0, 4, 38, 1, 0, 111, 5, 203]
1542887402619;[171, 0, 17, 255, 161, 74, 237, 61, 69, 1, 0, 11, 0, 1, 235, 1, 0, 40, 5, 93]
1542887402954;[171, 0, 4, 255, 132, 128, 176]
1542887402979;[171, 0, 17, 255, 161, 74, 237, 61, 69, 1, 0, 161, 0, 0, 171, 1, 0, 98, 5, 79]
1542887402980;[171, 0, 17, 255, 161, 74, 237, 61, 69, 0, 0, 146, 1, 0, 28, 0, 0, 95, 5, 4]
1542887403128;[171, 0, 17, 255, 161, 74, 237, 61, 69, 1, 1, 146, 1, 1, 32, 1, 0, 141, 5, 62]
1542887403132;[171, 0, 17, 255, 161, 74, 237, 61, 69, 1, 0, 182, 0, 3, 98, 0, 0, 132, 5, 211]
1542887403300;[171, 0, 17, 255, 161, 74, 237, 61, 70, 0, 0, 171, 0, 2, 13, 1, 0, 19, 4, 231]
1542887403303;[171, 0, 17, 255, 161, 74, 237, 61, 70, 1, 0, 17, 0, 0, 213, 1, 0, 41, 4, 221]
1542887403472;[171, 0, 17, 255, 161, 74, 237, 61, 70, 0, 0, 160, 1, 0, 176, 1, 0, 38, 4, 196]
1542887403663;[171, 0, 17, 255, 161, 74, 237, 61, 70, 1, 0, 149, 0, 0, 101, 0, 0, 71, 4, 250]
1542887403665;[171, 0, 17, 255, 161, 74, 237, 61, 70, 1, 0, 152, 0, 2, 35, 0, 0, 5, 5, 56]
1542887403818;[171, 0, 17, 255, 161, 74, 237, 61, 70, 0, 0, 55, 0, 1, 74, 0, 0, 31, 4, 174]
1542887403821;[171, 0, 4, 255, 132, 128, 174]
1542887404336;[171, 0, 17, 255, 161, 74, 237, 61, 70, 1, 1, 67, 0, 0, 213, 1, 0, 148, 4, 69]
1542887404341;[171, 0, 17, 255, 161, 74, 237, 61, 70, 0, 0, 17, 0, 0, 99, 1, 0, 133, 4, 74]
1542887404345;[171, 0, 17, 255, 161, 74, 237, 61, 70, 1, 1, 19, 0, 2, 144, 1, 1, 55, 4, 120]
1542887404349;[171, 0, 17, 255, 161, 74, 237, 61, 70, 1, 0, 147, 0, 2, 92, 1, 0, 172, 4, 39]
1542887404681;[171, 0, 17, 255, 161, 74, 237, 61, 71, 1, 0, 67, 0, 0, 209, 0, 0, 13, 4, 41]
1542887404686;[171, 0, 17, 255, 161, 74, 237, 61, 71, 1, 0, 48, 0, 0, 86, 1, 0, 100, 3, 245]
1542887404690;[171, 0, 17, 255, 161, 74, 237, 61, 71, 1, 3, 18, 1, 2, 36, 0, 0, 226, 4, 120]
1542887404694;[171, 0, 17, 255, 161, 74, 237, 61, 71, 0, 0, 1, 0, 2, 87, 0, 0, 244, 4, 132]
1542887404852;[171, 0, 17, 255, 161, 74, 237, 61, 71, 1, 0, 14, 0, 1, 120, 1, 0, 71, 4, 49]
1542887404856;[171, 0, 17, 255, 161, 74, 237, 61, 71, 0, 0, 40, 0, 0, 142, 1, 0, 3, 4, 57]
1542887405030;[171, 0, 4, 255, 132, 128, 174]
1542887405036;[171, 0, 17, 255, 161, 74, 237, 61, 71, 1, 0, 1, 0, 0, 193, 1, 0, 18, 4, 79]
1542887405206;[171, 0, 17, 255, 161, 74, 237, 61, 71, 0, 0, 48, 0, 1, 208, 1, 0, 13, 4, 112]
1542887405207;[171, 0, 17, 255, 161, 74, 237, 61, 71, 1, 0, 38, 0, 0, 252, 1, 0, 89, 4, 104]
1542887405543;[171, 0, 17, 255, 161, 74, 237, 61, 71, 1, 0, 17, 0, 0, 236, 1, 0, 34, 4, 90]
1542887405547;[171, 0, 17, 255, 161, 74, 237, 61, 72, 1, 0, 4, 0, 1, 10, 0, 0, 4, 4, 102]
1542887405551;[171, 0, 17, 255, 161, 74, 237, 61, 72, 1, 0, 26, 0, 1, 73, 1, 0, 9, 4, 106]
1542887405714;[171, 0, 17, 255, 161, 74, 237, 61, 72, 1, 0, 30, 0, 1, 43, 0, 0, 1, 4, 110]
1542887405718;[171, 0, 17, 255, 161, 74, 237, 61, 72, 1, 0, 43, 0, 0, 250, 0, 0, 18, 4, 127]
1542887406060;[171, 0, 17, 255, 161, 74, 237, 61, 72, 1, 0, 4, 0, 1, 95, 1, 0, 18, 4, 147]
1542887406063;[171, 0, 17, 255, 161, 74, 237, 61, 72, 1, 0, 17, 0, 0, 20, 1, 0, 10, 4, 114]
1542887406067;[171, 0, 4, 255, 132, 128, 172]
1542887406232;[171, 0, 17, 255, 161, 74, 237, 61, 72, 1, 0, 30, 0, 2, 69, 0, 1, 1, 4, 160]
1542887406236;[171, 0, 17, 255, 161, 74, 237, 61, 72, 1, 0, 56, 0, 0, 207, 0, 0, 53, 4, 101]
1542887406402;[171, 0, 17, 255, 161, 74, 237, 61, 72, 1, 0, 98, 0, 0, 146, 0, 0, 4, 4, 62]
1542887406405;[171, 0, 17, 255, 161, 74, 237, 61, 72, 1, 0, 42, 0, 1, 134, 0, 0, 16, 4, 31]
1542887406750;[171, 0, 17, 255, 161, 74, 237, 61, 73, 0, 0, 27, 0, 1, 27, 0, 0, 66, 3, 240]
1542887406754;[171, 0, 17, 255, 161, 74, 237, 61, 73, 1, 0, 32, 0, 0, 219, 0, 0, 66, 3, 221]
1542887406758;[171, 0, 17, 255, 161, 74, 237, 61, 73, 1, 0, 58, 0, 1, 5, 0, 0, 87, 3, 210]
1542887407096;[171, 0, 17, 255, 161, 74, 237, 61, 73, 1, 0, 6, 0, 1, 36, 0, 0, 61, 3, 210]
1542887407097;[171, 0, 17, 255, 161, 74, 237, 61, 73, 0, 0, 0, 0, 1, 6, 0, 0, 46, 3, 214]
1542887407100;[171, 0, 17, 255, 161, 74, 237, 61, 73, 1, 0, 8, 0, 1, 5, 0, 0, 45, 3, 220]
1542887407102;[171, 0, 4, 255, 132, 128, 171]
1542887407265;[171, 0, 17, 255, 161, 74, 237, 61, 73, 1, 0, 2, 0, 1, 17, 0, 0, 43, 3, 218]
1542887407441;[171, 0, 17, 255, 161, 74, 237, 61, 73, 1, 0, 2, 0, 1, 10, 0, 0, 42, 3, 222]
1542887407444;[171, 0, 17, 255, 161, 74, 237, 61, 73, 0, 0, 0, 0, 1, 9, 0, 0, 41, 3, 230]
1542887408130;[171, 0, 17, 255, 161, 74, 237, 61, 73, 0, 0, 3, 0, 1, 14, 0, 0, 44, 3, 250]
1542887408134;[171, 0, 17, 255, 161, 74, 237, 61, 74, 0, 0, 15, 0, 1, 11, 0, 0, 40, 4, 12]
1542887408139;[171, 0, 17, 255, 161, 74, 237, 61, 74, 0, 0, 11, 0, 1, 15, 0, 0, 42, 4, 31]
1542887408141;[171, 0, 17, 255, 161, 74, 237, 61, 74, 0, 0, 24, 0, 1, 9, 0, 0, 35, 4, 44]
1542887408302;[171, 0, 17, 255, 161, 74, 237, 61, 74, 0, 0, 23, 0, 1, 19, 0, 0, 27, 4, 65]
1542887408305;[171, 0, 17, 255, 161, 74, 237, 61, 74, 0, 0, 28, 0, 1, 18, 0, 0, 31, 4, 79]
1542887408309;[171, 0, 17, 255, 161, 74, 237, 61, 74, 0, 0, 22, 0, 1, 10, 0, 0, 27, 4, 80]
1542887408312;[171, 0, 4, 255, 132, 128, 169]
1542887408474;[171, 0, 17, 255, 161, 74, 237, 61, 74, 0, 0, 23, 0, 1, 12, 0, 0, 26, 4, 85]
1542887408478;[171, 0, 17, 255, 161, 74, 237, 61, 74, 0, 0, 24, 0, 1, 12, 0, 0, 26, 4, 96]
1542887408651;[171, 0, 17, 255, 161, 74, 237, 61, 74, 0, 0, 17, 0, 1, 15, 0, 0, 27, 4, 108]
1542887408993;[171, 0, 17, 255, 161, 74, 237, 61, 74, 0, 0, 21, 0, 1, 11, 0, 0, 24, 4, 120]
1542887409003;[171, 0, 17, 255, 161, 74, 237, 61, 75, 0, 0, 18, 0, 1, 12, 0, 0, 21, 4, 128]
1542887409009;[171, 0, 17, 255, 161, 74, 237, 61, 75, 0, 0, 21, 0, 1, 11, 0, 0, 18, 4, 141]
1542887409010;[171, 0, 17, 255, 161, 74, 237, 61, 75, 0, 0, 22, 0, 1, 13, 0, 0, 18, 4, 159]
1542887409358;[171, 0, 17, 255, 161, 74, 237, 61, 75, 0, 0, 22, 0, 1, 14, 0, 0, 16, 4, 179]
1542887409359;[171, 0, 17, 255, 161, 74, 237, 61, 75, 0, 0, 21, 0, 1, 13, 0, 0, 13, 4, 191]
1542887409360;[171, 0, 17, 255, 161, 74, 237, 61, 75, 0, 0, 23, 0, 0, 252, 0, 0, 7, 4, 218]
1542887409362;[171, 0, 4, 255, 132, 128, 168]
1542887409508;[171, 0, 17, 255, 161, 74, 237, 61, 75, 0, 0, 134, 0, 1, 124, 1, 0, 12, 5, 71]
1542887409511;[171, 0, 17, 255, 161, 74, 237, 61, 75, 1, 0, 150, 1, 1, 241, 1, 0, 66, 5, 168]
1542887409681;[171, 0, 17, 255, 161, 74, 237, 61, 75, 1, 0, 175, 0, 2, 200, 0, 0, 12, 5, 183]
1542887409855;[171, 0, 17, 255, 161, 74, 237, 61, 75, 1, 1, 102, 0, 0, 175, 0, 0, 61, 5, 78]
1542887409859;[171, 0, 17, 255, 161, 74, 237, 61, 76, 0, 1, 172, 0, 0, 0, 1, 0, 98, 5, 10]
1542887410200;[171, 0, 17, 255, 161, 74, 237, 61, 76, 1, 0, 177, 1, 0, 153, 0, 0, 71, 5, 19]
1542887410204;[171, 0, 17, 255, 161, 74, 237, 61, 76, 0, 0, 186, 0, 5, 234, 1, 0, 122, 5, 63]
1542887410212;[171, 0, 17, 255, 161, 74, 237, 61, 76, 1, 0, 214, 0, 2, 10, 1, 1, 1, 4, 168]
1542887410213;[171, 0, 17, 255, 161, 74, 237, 61, 76, 1, 0, 118, 0, 0, 159, 1, 0, 29, 4, 131]
1542887410719;[171, 0, 17, 255, 161, 74, 237, 61, 76, 1, 0, 73, 0, 0, 21, 1, 0, 140, 4, 177]
1542887410722;[171, 0, 4, 255, 132, 128, 167]
1542887410749;[171, 0, 17, 255, 161, 74, 237, 61, 76, 0, 0, 183, 1, 1, 2, 0, 0, 25, 4, 58]
1542887410751;[171, 0, 17, 255, 161, 74, 237, 61, 76, 1, 3, 122, 1, 1, 10, 0, 0, 232, 5, 26]
1542887410891;[171, 0, 17, 255, 161, 74, 237, 61, 76, 1, 1, 112, 0, 3, 12, 0, 0, 61, 4, 133]
1542887410895;[171, 0, 17, 255, 161, 74, 237, 61, 76, 0, 0, 47, 0, 0, 208, 1, 0, 68, 3, 203]
1542887410899;[171, 0, 17, 255, 161, 74, 237, 61, 77, 1, 0, 77, 0, 0, 148, 1, 0, 237, 3, 199]
1542887411235;[171, 0, 17, 255, 161, 74, 237, 61, 77, 1, 0, 12, 1, 0, 61, 1, 0, 83, 3, 181]
1542887411239;[171, 0, 17, 255, 161, 74, 237, 61, 77, 1, 0, 36, 1, 0, 207, 0, 1, 136, 3, 183]
1542887411242;[171, 0, 17, 255, 161, 74, 237, 61, 77, 0, 0, 42, 0, 3, 209, 1, 2, 1, 4, 87]
1542887411407;[171, 0, 17, 255, 161, 74, 237, 61, 77, 0, 0, 66, 0, 1, 234, 1, 0, 121, 3, 186]
1542887411579;[171, 0, 17, 255, 161, 74, 237, 61, 79, 0, 0, 201, 0, 0, 146, 1, 0, 60, 5, 241]
1542887411926;[171, 0, 17, 255, 161, 74, 237, 61, 79, 1, 0, 63, 1, 1, 99, 0, 2, 114, 5, 252]
1542887411930;[171, 0, 17, 255, 161, 74, 237, 61, 79, 0, 1, 240, 0, 7, 9, 1, 1, 162, 6, 229]
1542887411934;[171, 0, 17, 255, 161, 74, 237, 61, 79, 1, 0, 118, 0, 2, 123, 1, 1, 9, 5, 240]
1542887412097;[171, 0, 17, 255, 161, 74, 237, 61, 80, 1, 1, 23, 0, 0, 109, 0, 0, 89, 6, 80]
1542887412103;[171, 0, 17, 255, 161, 74, 237, 61, 80, 0, 0, 105, 0, 0, 126, 1, 0, 142, 6, 124]
1542887412269;[171, 0, 17, 255, 161, 74, 237, 61, 80, 0, 0, 2, 1, 1, 221, 0, 0, 57, 6, 241]
1542887412615;[171, 0, 17, 255, 161, 74, 237, 61, 80, 1, 6, 210, 0, 2, 234, 0, 0, 172, 7, 14]
1542887412619;[171, 0, 17, 255, 161, 74, 237, 61, 80, 1, 0, 210, 0, 2, 212, 1, 0, 57, 7, 38]
1542887412623;[171, 0, 17, 255, 161, 74, 237, 61, 80, 0, 0, 18, 0, 0, 151, 1, 0, 94, 7, 91]
1542887412786;[171, 0, 4, 255, 132, 128, 161]
1542887412813;[171, 0, 17, 255, 161, 74, 237, 61, 80, 0, 1, 31, 1, 0, 16, 1, 0, 8, 7, 83]
1542887412815;[171, 0, 17, 255, 161, 74, 237, 61, 80, 1, 1, 126, 1, 0, 46, 0, 0, 126, 7, 167]
1542887413134;[171, 0, 17, 255, 161, 74, 237, 61, 80, 1, 1, 160, 0, 3, 151, 1, 0, 255, 9, 47]
1542887413138;[171, 0, 17, 255, 161, 74, 237, 61, 80, 0, 0, 23, 0, 1, 250, 1, 0, 61, 7, 236]
1542887413142;[171, 0, 17, 255, 161, 74, 237, 61, 81, 0, 0, 89, 0, 0, 254, 1, 0, 100, 8, 17]
1542887413304;[171, 0, 17, 255, 161, 74, 237, 61, 81, 0, 0, 95, 1, 0, 123, 1, 0, 64, 8, 64]
1542887413308;[171, 0, 17, 255, 161, 74, 237, 61, 81, 1, 0, 181, 1, 2, 21, 0, 0, 38, 8, 189]
1542887413477;[171, 0, 17, 255, 161, 74, 237, 61, 81, 0, 0, 249, 0, 2, 250, 1, 0, 141, 8, 225]
1542887413651;[171, 0, 17, 255, 161, 74, 237, 61, 81, 0, 0, 34, 0, 2, 37, 1, 0, 15, 8, 80]
1542887413653;[171, 0, 17, 255, 161, 74, 237, 61, 81, 1, 0, 102, 0, 0, 84, 1, 0, 17, 8, 55]
1542887413822;[171, 0, 4, 255, 132, 128, 163]
1542887413849;[171, 0, 17, 255, 161, 74, 237, 61, 81, 0, 0, 179, 1, 1, 57, 0, 0, 95, 8, 94]
1542887414513;[171, 0, 17, 255, 161, 74, 237, 61, 81, 0, 0, 196, 0, 1, 4, 1, 1, 147, 8, 161]
1542887414516;[171, 0, 17, 255, 161, 74, 237, 61, 81, 0, 0, 62, 0, 2, 133, 0, 0, 85, 8, 169]
1542887414519;[171, 0, 17, 255, 161, 74, 237, 61, 81, 0, 0, 19, 0, 0, 167, 1, 0, 35, 8, 203]
1542887414523;[171, 0, 17, 255, 161, 74, 237, 61, 82, 0, 0, 15, 0, 0, 168, 0, 0, 33, 8, 234]
1542887414688;[171, 0, 17, 255, 161, 74, 237, 61, 82, 0, 0, 99, 0, 1, 87, 0, 0, 20, 9, 21]
1542887414691;[171, 0, 17, 255, 161, 74, 237, 61, 82, 0, 0, 143, 0, 1, 76, 0, 0, 41, 9, 43]
1542887414693;[171, 0, 17, 255, 161, 74, 237, 61, 82, 1, 0, 102, 0, 1, 154, 0, 0, 68, 9, 1]
1542887414696;[171, 0, 17, 255, 161, 74, 237, 61, 82, 1, 1, 35, 0, 0, 137, 0, 0, 60, 9, 55]
1542887414857;[171, 0, 17, 255, 161, 74, 237, 61, 82, 0, 1, 84, 1, 0, 203, 0, 0, 111, 9, 105]
1542887414861;[171, 0, 4, 255, 132, 128, 165]
1542887415030;[171, 0, 17, 255, 161, 74, 237, 61, 82, 1, 0, 117, 0, 1, 243, 0, 0, 179, 9, 40]
1542887415033;[171, 0, 17, 255, 161, 74, 237, 61, 82, 0, 0, 3, 0, 1, 63, 1, 0, 92, 9, 39]
1542887415202;[171, 0, 17, 255, 161, 74, 237, 61, 82, 0, 0, 26, 0, 1, 13, 1, 0, 1, 9, 26]
1542887415206;[171, 0, 17, 255, 161, 74, 237, 61, 82, 0, 0, 31, 0, 1, 23, 0, 0, 9, 9, 16]
1542887415374;[171, 0, 17, 255, 161, 74, 237, 61, 83, 0, 0, 51, 0, 1, 33, 0, 0, 18, 9, 14]
1542887415721;[171, 0, 17, 255, 161, 74, 237, 61, 83, 0, 0, 76, 0, 1, 47, 0, 0, 18, 8, 255]
1542887415725;[171, 0, 17, 255, 161, 74, 237, 61, 83, 0, 0, 136, 0, 1, 25, 0, 0, 17, 9, 1]
1542887415728;[171, 0, 17, 255, 161, 74, 237, 61, 83, 0, 0, 15, 0, 1, 185, 0, 0, 14, 8, 249]
1542887415731;[171, 0, 17, 255, 161, 74, 237, 61, 83, 1, 0, 26, 1, 0, 67, 0, 0, 37, 8, 129]
1542887415892;[171, 0, 17, 255, 161, 74, 237, 61, 83, 0, 0, 80, 0, 1, 137, 1, 0, 187, 8, 141]
1542887415896;[171, 0, 4, 255, 132, 128, 165]
1542887416064;[171, 0, 17, 255, 161, 74, 237, 61, 83, 1, 0, 132, 0, 1, 57, 0, 0, 81, 8, 90]
1542887416237;[171, 0, 17, 255, 161, 74, 237, 61, 83, 0, 0, 36, 0, 1, 93, 0, 0, 24, 8, 3]
1542887416931;[171, 0, 17, 255, 161, 74, 237, 61, 83, 0, 0, 50, 0, 2, 46, 1, 0, 72, 7, 212]
1542887416935;[171, 0, 17, 255, 161, 74, 237, 61, 83, 0, 0, 15, 1, 0, 6, 0, 0, 52, 7, 154]
1542887416940;[171, 0, 17, 255, 161, 74, 237, 61, 84, 1, 1, 83, 1, 0, 197, 0, 0, 189, 7, 242]
1542887416946;[171, 0, 17, 255, 161, 74, 237, 61, 84, 1, 1, 5, 0, 2, 124, 0, 1, 36, 7, 53]
1542887417448;[171, 0, 17, 255, 161, 74, 237, 61, 84, 1, 0, 28, 0, 0, 83, 1, 0, 5, 6, 194]
1542887417451;[171, 0, 17, 255, 161, 74, 237, 61, 84, 0, 1, 18, 1, 1, 241, 1, 0, 9, 7, 3]
1542887417455;[171, 0, 17, 255, 161, 74, 237, 61, 84, 1, 0, 24, 0, 3, 130, 1, 1, 94, 6, 188]
1542887417463;[171, 0, 17, 255, 161, 74, 237, 61, 84, 1, 0, 24, 0, 1, 40, 1, 0, 14, 6, 70]
1542887417618;[171, 0, 4, 255, 132, 128, 166]
1542887417642;[171, 0, 17, 255, 161, 74, 237, 61, 84, 1, 0, 30, 0, 0, 181, 1, 0, 32, 6, 0]
1542887417644;[171, 0, 17, 255, 161, 74, 237, 61, 84, 0, 0, 51, 1, 2, 56, 0, 0, 109, 5, 242]
1542887417646;[171, 0, 17, 255, 161, 74, 237, 61, 84, 0, 0, 39, 0, 2, 116, 1, 0, 9, 6, 15]
1542887417792;[171, 0, 17, 255, 161, 74, 237, 61, 84, 0, 0, 49, 0, 2, 47, 1, 0, 40, 5, 129]
1542887417795;[171, 0, 17, 255, 161, 74, 237, 61, 85, 1, 0, 141, 0, 0, 85, 1, 0, 58, 5, 63]
1542887417799;[171, 0, 17, 255, 161, 74, 237, 61, 85, 1, 0, 126, 0, 0, 248, 0, 0, 7, 5, 21]
1542887417803;[171, 0, 17, 255, 161, 74, 237, 61, 85, 1, 0, 119, 1, 0, 252, 0, 0, 233, 4, 253]
1542887417962;[171, 0, 17, 255, 161, 74, 237, 61, 85, 1, 0, 244, 0, 3, 105, 1, 0, 186, 5, 22]
1542887418309;[171, 0, 17, 255, 161, 74, 237, 61, 85, 1, 0, 18, 0, 1, 41, 0, 0, 33, 4, 170]
1542887418312;[171, 0, 17, 255, 161, 74, 237, 61, 85, 1, 0, 13, 0, 0, 161, 1, 0, 192, 4, 137]
1542887418315;[171, 0, 4, 255, 132, 128, 166]
1542887418342;[171, 0, 17, 255, 161, 74, 237, 61, 85, 0, 0, 117, 1, 0, 20, 1, 0, 82, 4, 116]
1542887418479;[171, 0, 17, 255, 161, 74, 237, 61, 85, 0, 1, 55, 0, 2, 162, 1, 0, 11, 4, 175]
1542887418827;[171, 0, 17, 255, 161, 74, 237, 61, 85, 1, 0, 173, 0, 1, 138, 1, 0, 152, 4, 59]
1542887418830;[171, 0, 17, 255, 161, 74, 237, 61, 85, 1, 0, 83, 0, 0, 179, 0, 0, 88, 4, 57]
1542887418835;[171, 0, 17, 255, 161, 74, 237, 61, 86, 1, 0, 42, 0, 0, 135, 1, 0, 66, 4, 32]
1542887419003;[171, 0, 17, 255, 161, 74, 237, 61, 86, 0, 2, 113, 1, 3, 90, 0, 0, 9, 4, 159]
1542887419005;[171, 0, 17, 255, 161, 74, 237, 61, 86, 1, 1, 83, 0, 1, 246, 0, 0, 242, 4, 43]
1542887419006;[171, 0, 17, 255, 161, 74, 237, 61, 86, 0, 0, 22, 0, 1, 236, 1, 0, 57, 3, 255]
1542887419170;[171, 0, 17, 255, 161, 74, 237, 61, 86, 1, 0, 80, 0, 0, 116, 1, 0, 53, 3, 197]
1542887419517;[171, 0, 17, 255, 161, 74, 237, 61, 86, 0, 0, 3, 0, 0, 46, 1, 0, 19, 3, 176]
1542887419519;[171, 0, 4, 255, 132, 128, 166]
1542887419544;[171, 0, 17, 255, 161, 74, 237, 61, 86, 1, 5, 24, 0, 0, 48, 0, 0, 185, 4, 40]
1542887419546;[171, 0, 17, 255, 161, 74, 237, 61, 86, 1, 1, 6, 0, 2, 234, 0, 0, 114, 3, 195]
1542887419699;[171, 0, 17, 255, 161, 74, 237, 61, 86, 1, 0, 89, 0, 1, 82, 0, 0, 93, 3, 200]
1542887419860;[171, 0, 17, 255, 161, 74, 237, 61, 86, 1, 0, 71, 0, 0, 225, 1, 0, 84, 3, 171]
1542887419864;[171, 0, 17, 255, 161, 74, 237, 61, 87, 0, 0, 72, 0, 0, 82, 1, 0, 20, 3, 134]
1542887420032;[171, 0, 17, 255, 161, 74, 237, 61, 87, 0, 0, 182, 0, 3, 243, 1, 1, 98, 3, 235]
1542887420035;[171, 0, 17, 255, 161, 74, 237, 61, 87, 1, 0, 113, 0, 1, 171, 1, 0, 130, 3, 184]
1542887420205;[171, 0, 17, 255, 161, 74, 237, 61, 87, 1, 0, 83, 0, 0, 103, 1, 0, 33, 3, 223]
1542887420209;[171, 0, 17, 255, 161, 74, 237, 61, 87, 0, 0, 57, 0, 0, 112, 1, 0, 56, 3, 140]
1542887420379;[171, 0, 17, 255, 161, 74, 237, 61, 87, 1, 0, 85, 1, 0, 133, 0, 0, 22, 3, 159]
1542887420549;[171, 0, 4, 255, 132, 128, 166]
1542887420576;[171, 0, 17, 255, 161, 74, 237, 61, 87, 0, 1, 116, 0, 5, 140, 1, 0, 245, 4, 112]
1542887420896;[171, 0, 17, 255, 161, 74, 237, 61, 87, 1, 0, 50, 0, 2, 155, 1, 0, 115, 3, 90]
1542887420900;[171, 0, 17, 255, 161, 74, 237, 61, 87, 1, 0, 90, 1, 0, 57, 0, 0, 22, 3, 106]
1542887420905;[171, 0, 17, 255, 161, 74, 237, 61, 87, 0, 1, 9, 0, 0, 75, 0, 0, 18, 3, 34]
1542887420909;[171, 0, 17, 255, 161, 74, 237, 61, 88, 0, 0, 138, 0, 0, 21, 0, 0, 81, 3, 89]
1542887421072;[171, 0, 17, 255, 161, 74, 237, 61, 88, 1, 3, 205, 1, 2, 117, 0, 0, 98, 3, 222]
1542887421414;[171, 0, 17, 255, 161, 74, 237, 61, 88, 1, 0, 113, 0, 3, 53, 1, 0, 227, 2, 230]
1542887421418;[171, 0, 17, 255, 161, 74, 237, 61, 88, 0, 0, 45, 0, 1, 153, 1, 0, 17, 2, 225]
1542887421422;[171, 0, 17, 255, 161, 74, 237, 61, 88, 1, 0, 152, 0, 0, 227, 1, 0, 68, 3, 14]
1542887421426;[171, 0, 17, 255, 161, 74, 237, 61, 88, 1, 0, 103, 1, 0, 175, 0, 0, 45, 3, 65]
1542887421584;[171, 0, 4, 255, 132, 128, 166]
1542887421757;[171, 0, 17, 255, 161, 74, 237, 61, 88, 1, 0, 108, 0, 0, 130, 0, 0, 18, 3, 55]
1542887421761;[171, 0, 17, 255, 161, 74, 237, 61, 88, 0, 0, 60, 0, 3, 140, 1, 1, 28, 3, 220]
1542887422103;[171, 0, 17, 255, 161, 74, 237, 61, 88, 1, 0, 205, 0, 1, 61, 1, 0, 73, 3, 90]
1542887422107;[171, 0, 17, 255, 161, 74, 237, 61, 88, 1, 0, 37, 0, 0, 169, 0, 0, 31, 3, 236]
1542887422111;[171, 0, 17, 255, 161, 74, 237, 61, 89, 1, 0, 43, 0, 0, 71, 1, 0, 42, 4, 20]
1542887422115;[171, 0, 17, 255, 161, 74, 237, 61, 89, 0, 0, 49, 0, 1, 130, 0, 0, 178, 4, 54]
1542887422275;[171, 0, 17, 255, 161, 74, 237, 61, 89, 0, 0, 14, 0, 1, 62, 0, 0, 225, 4, 107]
1542887422448;[171, 0, 17, 255, 161, 74, 237, 61, 89, 0, 0, 95, 0, 0, 246, 0, 0, 8, 4, 136]
1542887422452;[171, 0, 17, 255, 161, 74, 237, 61, 89, 1, 0, 96, 0, 0, 138, 0, 0, 115, 4, 144]
1542887422619;[171, 0, 17, 255, 161, 74, 237, 61, 89, 0, 1, 132, 0, 0, 106, 1, 0, 43, 4, 164]
1542887422623;[171, 0, 4, 255, 132, 128, 164]
1542887422793;[171, 0, 17, 255, 161, 74, 237, 61, 89, 0, 0, 50, 0, 1, 35, 0, 0, 244, 4, 168]
1542887422797;[171, 0, 17, 255, 161, 74, 237, 61, 89, 1, 0, 34, 0, 0, 250, 0, 0, 54, 4, 196]
1542887422964;[171, 0, 17, 255, 161, 74, 237, 61, 89, 1, 0, 8, 0, 1, 24, 0, 0, 60, 4, 221]
1542887423483;[171, 0, 17, 255, 161, 74, 237, 61, 89, 1, 0, 19, 0, 1, 22, 0, 0, 52, 4, 245]
1542887423487;[171, 0, 17, 255, 161, 74, 237, 61, 90, 1, 0, 16, 0, 1, 1, 0, 0, 43, 5, 12]
1542887423491;[171, 0, 17, 255, 161, 74, 237, 61, 90, 1, 0, 15, 0, 1, 17, 0, 0, 44, 5, 35]
1542887423494;[171, 0, 17, 255, 161, 74, 237, 61, 90, 1, 0, 7, 0, 1, 11, 0, 0, 43, 5, 62]
1542887423829;[171, 0, 17, 255, 161, 74, 237, 61, 90, 1, 0, 8, 0, 1, 12, 0, 0, 45, 5, 85]
1542887423833;[171, 0, 17, 255, 161, 74, 237, 61, 90, 0, 0, 12, 0, 1, 15, 0, 0, 48, 5, 105]
1542887423837;[171, 0, 17, 255, 161, 74, 237, 61, 90, 1, 0, 14, 0, 1, 14, 0, 0, 40, 5, 129]
1542887423842;[171, 0, 4, 255, 132, 128, 162]
1542887424000;[171, 0, 17, 255, 161, 74, 237, 61, 90, 1, 0, 3, 0, 1, 3, 0, 0, 43, 5, 128]
1542887424004;[171, 0, 17, 255, 161, 74, 237, 61, 90, 0, 0, 1, 0, 1, 13, 0, 0, 47, 5, 144]
1542887424009;[171, 0, 17, 255, 161, 74, 237, 61, 90, 0, 0, 6, 0, 1, 14, 0, 0, 47, 5, 159]
1542887424172;[171, 0, 17, 255, 161, 74, 237, 61, 90, 0, 0, 17, 0, 1, 12, 0, 0, 49, 5, 181]
1542887424344;[171, 0, 17, 255, 161, 74, 237, 61, 91, 0, 0, 17, 0, 1, 8, 0, 0, 50, 5, 191]
1542887424348;[171, 0, 17, 255, 161, 74, 237, 61, 91, 0, 0, 27, 0, 1, 12, 0, 0, 53, 5, 220]
1542887424709;[171, 0, 17, 255, 161, 74, 237, 61, 91, 0, 0, 38, 0, 1, 13, 0, 0, 55, 5, 237]
1542887424711;[171, 0, 17, 255, 161, 74, 237, 61, 91, 0, 0, 34, 0, 1, 1, 0, 0, 61, 6, 7]
1542887424712;[171, 0, 17, 255, 161, 74, 237, 61, 91, 0, 0, 33, 0, 1, 7, 0, 0, 59, 6, 29]
1542887424714;[171, 0, 17, 255, 161, 74, 237, 61, 91, 0, 0, 46, 0, 1, 11, 0, 0, 62, 6, 45]
1542887424861;[171, 0, 4, 255, 132, 128, 161]
1542887425206;[171, 0, 17, 255, 161, 74, 237, 61, 91, 0, 0, 40, 0, 1, 3, 0, 0, 62, 6, 49]
1542887425210;[171, 0, 17, 255, 161, 74, 237, 61, 91, 0, 0, 40, 0, 1, 6, 0, 0, 65, 6, 47]
1542887425213;[171, 0, 17, 255, 161, 74, 237, 61, 91, 0, 0, 40, 0, 1, 4, 0, 0, 63, 6, 55]
1542887425216;[171, 0, 17, 255, 161, 74, 237, 61, 91, 0, 0, 41, 0, 1, 5, 0, 0, 66, 6, 59]
1542887425379;[171, 0, 17, 255, 161, 74, 237, 61, 92, 0, 0, 40, 0, 1, 2, 0, 0, 64, 6, 61]
1542887425552;[171, 0, 17, 255, 161, 74, 237, 61, 92, 0, 0, 41, 0, 1, 6, 0, 0, 62, 6, 72]
1542887425555;[171, 0, 17, 255, 161, 74, 237, 61, 92, 0, 0, 38, 0, 1, 3, 0, 0, 62, 6, 91]
1542887425898;[171, 0, 17, 255, 161, 74, 237, 61, 92, 0, 0, 38, 0, 1, 4, 0, 0, 60, 6, 101]
1542887425902;[171, 0, 17, 255, 161, 74, 237, 61, 92, 0, 0, 39, 0, 1, 10, 0, 0, 61, 6, 115]
1542887425928;[171, 0, 17, 255, 161, 74, 237, 61, 92, 0, 0, 35, 0, 1, 6, 0, 0, 59, 6, 123]
1542887425930;[171, 0, 4, 255, 132, 128, 160]
1542887426072;[171, 0, 17, 255, 161, 74, 237, 61, 92, 0, 0, 37, 0, 1, 2, 0, 0, 60, 6, 128]
1542887426242;[171, 0, 17, 255, 161, 74, 237, 61, 92, 0, 0, 31, 0, 1, 4, 0, 0, 61, 6, 142]
1542887426246;[171, 0, 17, 255, 161, 74, 237, 61, 92, 0, 0, 40, 0, 1, 4, 0, 0, 59, 6, 168]
1542887426415;[171, 0, 17, 255, 161, 74, 237, 61, 92, 0, 0, 34, 0, 1, 5, 0, 0, 63, 6, 188]
1542887426419;[171, 0, 17, 255, 161, 74, 237, 61, 93, 0, 0, 39, 0, 1, 4, 0, 0, 62, 6, 215]
1542887426588;[171, 0, 17, 255, 161, 74, 237, 61, 93, 0, 0, 41, 0, 1, 6, 0, 0, 62, 6, 237]
1542887426591;[171, 0, 17, 255, 161, 74, 237, 61, 93, 0, 0, 39, 0, 1, 6, 0, 0, 62, 6, 245]
1542887426759;[171, 0, 17, 255, 161, 74, 237, 61, 93, 0, 0, 46, 0, 1, 5, 0, 0, 60, 7, 11]
1542887426932;[171, 0, 17, 255, 161, 74, 237, 61, 93, 0, 0, 42, 0, 1, 6, 0, 0, 59, 7, 24]
1542887426936;[171, 0, 17, 255, 161, 74, 237, 61, 93, 0, 0, 44, 0, 1, 5, 0, 0, 61, 7, 20]
1542887427280;[171, 0, 4, 255, 132, 128, 160]
1542887427287;[171, 0, 17, 255, 161, 74, 237, 61, 93, 0, 0, 47, 0, 1, 4, 0, 0, 68, 7, 32]
1542887427314;[171, 0, 17, 255, 161, 74, 237, 61, 93, 0, 0, 38, 0, 1, 5, 0, 0, 63, 7, 56]
1542887427446;[171, 0, 17, 255, 161, 74, 237, 61, 93, 0, 0, 43, 0, 1, 4, 0, 0, 64, 7, 66]
1542887427448;[171, 0, 17, 255, 161, 74, 237, 61, 93, 0, 0, 37, 0, 1, 5, 0, 0, 65, 7, 63]
1542887427620;[171, 0, 17, 255, 161, 74, 237, 61, 94, 0, 0, 36, 0, 1, 9, 0, 0, 63, 7, 79]
1542887427623;[171, 0, 17, 255, 161, 74, 237, 61, 94, 0, 0, 42, 0, 1, 3, 0, 0, 62, 7, 95]
1542887427968;[171, 0, 17, 255, 161, 74, 237, 61, 94, 0, 0, 37, 0, 1, 8, 0, 0, 65, 7, 104]
1542887427972;[171, 0, 17, 255, 161, 74, 237, 61, 94, 0, 0, 36, 0, 1, 3, 0, 0, 66, 7, 120]
1542887427976;[171, 0, 17, 255, 161, 74, 237, 61, 94, 0, 0, 43, 0, 1, 8, 0, 0, 67, 7, 125]
1542887428140;[171, 0, 17, 255, 161, 74, 237, 61, 94, 0, 0, 32, 0, 1, 7, 0, 0, 68, 7, 116]
1542887428142;[171, 0, 4, 255, 132, 128, 160]
1542887428488;[171, 0, 17, 255, 161, 74, 237, 61, 94, 0, 0, 23, 0, 1, 3, 0, 0, 61, 7, 123]
1542887428491;[171, 0, 17, 255, 161, 74, 237, 61, 94, 0, 0, 33, 0, 1, 11, 0, 0, 62, 7, 141]
1542887428493;[171, 0, 17, 255, 161, 74, 237, 61, 94, 0, 0, 44, 0, 1, 16, 0, 0, 61, 7, 148]
1542887428832;[171, 0, 17, 255, 161, 74, 237, 61, 94, 0, 0, 43, 0, 1, 133, 0, 0, 80, 7, 200]
1542887428836;[171, 0, 17, 255, 161, 74, 237, 61, 95, 1, 0, 100, 0, 0, 187, 0, 0, 129, 7, 53]
1542887428840;[171, 0, 17, 255, 161, 74, 237, 61, 95, 0, 0, 41, 0, 0, 78, 1, 0, 24, 7, 84]
1542887428844;[171, 0, 17, 255, 161, 74, 237, 61, 95, 1, 1, 166, 0, 1, 65, 0, 0, 66, 7, 215]
1542887429003;[171, 0, 17, 255, 161, 74, 237, 61, 95, 1, 0, 153, 0, 0, 46, 0, 0, 51, 7, 149]
1542887429006;[171, 0, 17, 255, 161, 74, 237, 61, 95, 1, 0, 46, 0, 1, 101, 0, 0, 16, 7, 181]
1542887429174;[171, 0, 17, 255, 161, 74, 237, 61, 95, 1, 0, 15, 0, 1, 95, 0, 0, 4, 7, 172]
1542887429354;[171, 0, 4, 255, 132, 128, 160]
1542887429357;[171, 0, 17, 255, 161, 74, 237, 61, 95, 0, 0, 38, 0, 2, 87, 1, 0, 31, 7, 216]
1542887429520;[171, 0, 17, 255, 161, 74, 237, 61, 95, 0, 2, 20, 1, 3, 244, 0, 0, 73, 8, 12]
1542887429523;[171, 0, 17, 255, 161, 74, 237, 61, 95, 1, 1, 164, 0, 3, 8, 1, 1, 143, 7, 189]
1542887429865;[171, 0, 17, 255, 161, 74, 237, 61, 95, 1, 0, 214, 0, 1, 71, 1, 0, 74, 7, 107]
1542887429869;[171, 0, 17, 255, 161, 74, 237, 61, 96, 0, 0, 7, 0, 0, 243, 0, 0, 79, 7, 94]
1542887429873;[171, 0, 17, 255, 161, 74, 237, 61, 96, 1, 0, 86, 1, 2, 254, 1, 0, 121, 8, 60]
1542887430037;[171, 0, 17, 255, 161, 74, 237, 61, 96, 1, 0, 197, 0, 2, 127, 1, 1, 9, 7, 192]
1542887430385;[171, 0, 17, 255, 161, 74, 237, 61, 96, 1, 0, 135, 0, 1, 91, 1, 0, 45, 7, 171]
1542887430389;[171, 0, 17, 255, 161, 74, 237, 61, 96, 0, 0, 13, 0, 1, 34, 1, 0, 69, 7, 153]
1542887430392;[171, 0, 17, 255, 161, 74, 237, 61, 96, 0, 0, 3, 0, 0, 111, 1, 0, 111, 7, 86]
1542887430395;[171, 0, 4, 255, 132, 128, 160]
1542887430555;[171, 0, 17, 255, 161, 74, 237, 61, 96, 0, 1, 197, 0, 1, 54, 1, 0, 67, 7, 208]
1542887430559;[171, 0, 17, 255, 161, 74, 237, 61, 96, 1, 0, 106, 0, 1, 32, 1, 0, 83, 7, 138]
1542887430727;[171, 0, 17, 255, 161, 74, 237, 61, 96, 0, 0, 53, 0, 0, 249, 0, 0, 3, 7, 176]
1542887430729;[171, 0, 17, 255, 161, 74, 237, 61, 96, 1, 0, 223, 1, 0, 26, 1, 0, 121, 8, 25]
1542887431073;[171, 0, 17, 255, 161, 74, 237, 61, 97, 1, 0, 202, 0, 3, 98, 1, 3, 12, 8, 56]
1542887431075;[171, 0, 17, 255, 161, 74, 237, 61, 97, 1, 0, 222, 0, 1, 72, 1, 0, 25, 8, 82]
1542887431082;[171, 0, 17, 255, 161, 74, 237, 61, 97, 1, 0, 62, 0, 1, 36, 1, 0, 3, 8, 73]
1542887431419;[171, 0, 17, 255, 161, 74, 237, 61, 97, 1, 0, 62, 0, 0, 140, 1, 0, 13, 8, 76]
1542887431423;[171, 0, 17, 255, 161, 74, 237, 61, 97, 1, 0, 72, 0, 1, 65, 0, 0, 24, 8, 94]
1542887431427;[171, 0, 17, 255, 161, 74, 237, 61, 97, 1, 0, 28, 0, 1, 139, 0, 1, 5, 8, 137]
1542887431431;[171, 0, 4, 255, 132, 128, 159]
1542887431589;[171, 0, 17, 255, 161, 74, 237, 61, 97, 1, 0, 208, 0, 1, 219, 1, 0, 123, 8, 154]
1542887431593;[171, 0, 17, 255, 161, 74, 237, 61, 97, 0, 1, 106, 1, 0, 156, 0, 0, 166, 8, 128]
1542887431935;[171, 0, 17, 255, 161, 74, 237, 61, 97, 0, 0, 27, 0, 2, 143, 1, 0, 97, 8, 27]
1542887431939;[171, 0, 17, 255, 161, 74, 237, 61, 97, 1, 0, 106, 0, 1, 27, 1, 0, 8, 8, 38]
1542887431943;[171, 0, 17, 255, 161, 74, 237, 61, 98, 1, 0, 12, 0, 1, 32, 1, 0, 91, 8, 70]
1542887432454;[171, 0, 17, 255, 161, 74, 237, 61, 98, 1, 1, 82, 1, 1, 201, 1, 0, 3, 8, 98]
1542887432458;[171, 0, 17, 255, 161, 74, 237, 61, 98, 1, 0, 153, 0, 2, 126, 1, 0, 1, 8, 107]
1542887432462;[171, 0, 17, 255, 161, 74, 237, 61, 98, 1, 0, 232, 0, 2, 28, 1, 0, 114, 8, 76]
1542887432465;[171, 0, 17, 255, 161, 74, 237, 61, 98, 1, 0, 43, 0, 0, 63, 0, 0, 101, 8, 86]
1542887432625;[171, 0, 17, 255, 161, 74, 237, 61, 100, 1, 0, 105, 0, 3, 51, 0, 0, 167, 9, 8]
1542887432629;[171, 0, 17, 255, 161, 74, 237, 61, 100, 1, 0, 224, 0, 1, 254, 1, 0, 181, 9, 0]
1542887432970;[171, 0, 17, 255, 161, 74, 237, 61, 100, 0, 0, 85, 0, 0, 110, 1, 0, 69, 9, 32]
1542887432974;[171, 0, 17, 255, 161, 74, 237, 61, 100, 0, 1, 103, 0, 0, 155, 1, 0, 92, 8, 243]
1542887433142;[171, 0, 17, 255, 161, 74, 237, 61, 101, 1, 0, 220, 1, 0, 103, 1, 0, 40, 9, 25]
1542887433146;[171, 0, 17, 255, 161, 74, 237, 61, 101, 0, 1, 35, 0, 5, 154, 1, 0, 62, 10, 22]
1542887433314;[171, 0, 17, 255, 161, 74, 237, 61, 101, 1, 0, 133, 0, 1, 138, 1, 0, 233, 8, 143]
