1542749326132;[171, 0, 17, 255, 161, 74, 234, 87, 223, 1, 0, 164, 1, 0, 36, 0, 0, 203, 3, 235]
1542749326139;[171, 0, 17, 255, 161, 74, 234, 87, 223, 1, 0, 163, 1, 0, 34, 0, 0, 202, 3, 215]
1542749326141;[171, 0, 17, 255, 161, 74, 234, 87, 223, 1, 0, 163, 1, 0, 34, 0, 0, 202, 3, 215]
1542749326143;[171, 0, 4, 255, 132, 128, 69]
1542749326145;[171, 0, 4, 255, 132, 128, 69]
1542749326148;[171, 0, 17, 255, 161, 74, 234, 87, 223, 1, 0, 166, 1, 0, 36, 0, 0, 201, 3, 183]
1542749326149;[171, 0, 17, 255, 161, 74, 234, 87, 223, 1, 0, 166, 1, 0, 36, 0, 0, 201, 3, 183]
1542749326301;[171, 0, 17, 255, 161, 74, 234, 87, 223, 1, 0, 164, 1, 0, 36, 0, 0, 205, 3, 145]
1542749326303;[171, 0, 17, 255, 161, 74, 234, 87, 223, 1, 0, 164, 1, 0, 36, 0, 0, 205, 3, 145]
1542749326305;[171, 0, 17, 255, 161, 74, 234, 87, 223, 1, 0, 164, 1, 0, 36, 0, 0, 205, 3, 145]
1542749326306;[171, 0, 17, 255, 161, 74, 234, 87, 223, 1, 0, 164, 1, 0, 36, 0, 0, 205, 3, 145]
1542749326473;[171, 0, 17, 255, 161, 74, 234, 87, 223, 1, 0, 165, 1, 0, 36, 0, 0, 203, 3, 125]
1542749326475;[171, 0, 17, 255, 161, 74, 234, 87, 223, 1, 0, 165, 1, 0, 36, 0, 0, 203, 3, 125]
1542749326477;[171, 0, 17, 255, 161, 74, 234, 87, 223, 1, 0, 165, 1, 0, 37, 0, 0, 203, 3, 217]
1542749326479;[171, 0, 17, 255, 161, 74, 234, 87, 223, 1, 0, 165, 1, 0, 37, 0, 0, 203, 3, 217]
1542749326645;[171, 0, 17, 255, 161, 74, 234, 87, 224, 1, 0, 164, 1, 0, 34, 0, 0, 202, 4, 23]
1542749326647;[171, 0, 17, 255, 161, 74, 234, 87, 224, 1, 0, 164, 1, 0, 34, 0, 0, 202, 4, 23]
1542749326649;[171, 0, 17, 255, 161, 74, 234, 87, 224, 1, 0, 166, 1, 0, 35, 0, 0, 204, 4, 22]
1542749326651;[171, 0, 17, 255, 161, 74, 234, 87, 224, 1, 0, 166, 1, 0, 35, 0, 0, 204, 4, 22]
1542749326818;[171, 0, 17, 255, 161, 74, 234, 87, 224, 1, 0, 162, 1, 0, 37, 0, 0, 205, 4, 5]
1542749326820;[171, 0, 17, 255, 161, 74, 234, 87, 224, 1, 0, 162, 1, 0, 37, 0, 0, 205, 4, 5]
1542749326823;[171, 0, 17, 255, 161, 74, 234, 87, 224, 1, 0, 163, 1, 0, 36, 0, 0, 201, 3, 239]
1542749326825;[171, 0, 17, 255, 161, 74, 234, 87, 224, 1, 0, 163, 1, 0, 36, 0, 0, 201, 3, 239]
1542749326989;[171, 0, 17, 255, 161, 74, 234, 87, 224, 1, 0, 165, 1, 0, 36, 0, 0, 205, 3, 203]
1542749326991;[171, 0, 17, 255, 161, 74, 234, 87, 224, 1, 0, 165, 1, 0, 36, 0, 0, 205, 3, 203]
1542749327336;[171, 0, 4, 255, 132, 128, 69]
1542749327339;[171, 0, 4, 255, 132, 128, 69]
1542749327341;[171, 0, 17, 255, 161, 74, 234, 87, 224, 1, 0, 163, 1, 0, 35, 0, 0, 201, 3, 176]
1542749327343;[171, 0, 17, 255, 161, 74, 234, 87, 224, 1, 0, 163, 1, 0, 35, 0, 0, 201, 3, 176]
1542749327345;[171, 0, 17, 255, 161, 74, 234, 87, 224, 1, 0, 167, 1, 0, 34, 0, 0, 203, 3, 119]
1542749327347;[171, 0, 17, 255, 161, 74, 234, 87, 224, 1, 0, 167, 1, 0, 34, 0, 0, 203, 3, 119]
1542749327350;[171, 0, 17, 255, 161, 74, 234, 87, 224, 1, 0, 164, 1, 0, 36, 0, 0, 203, 3, 76]
1542749327352;[171, 0, 17, 255, 161, 74, 234, 87, 224, 1, 0, 164, 1, 0, 36, 0, 0, 203, 3, 76]
1542749327506;[171, 0, 17, 255, 161, 74, 234, 87, 224, 1, 0, 165, 1, 0, 36, 0, 0, 202, 3, 127]
1542749327508;[171, 0, 17, 255, 161, 74, 234, 87, 224, 1, 0, 165, 1, 0, 36, 0, 0, 202, 3, 127]
1542749327511;[171, 0, 17, 255, 161, 74, 234, 87, 224, 1, 0, 163, 1, 0, 35, 0, 0, 203, 3, 145]
1542749327513;[171, 0, 17, 255, 161, 74, 234, 87, 224, 1, 0, 163, 1, 0, 35, 0, 0, 203, 3, 145]
1542749327679;[171, 0, 17, 255, 161, 74, 234, 87, 225, 1, 0, 166, 1, 0, 35, 0, 0, 202, 3, 123]
1542749327681;[171, 0, 17, 255, 161, 74, 234, 87, 225, 1, 0, 166, 1, 0, 35, 0, 0, 202, 3, 123]
1542749327849;[171, 0, 17, 255, 161, 74, 234, 87, 225, 1, 0, 167, 1, 0, 34, 0, 0, 202, 3, 78]
1542749327851;[171, 0, 17, 255, 161, 74, 234, 87, 225, 1, 0, 167, 1, 0, 34, 0, 0, 202, 3, 78]
1542749327853;[171, 0, 17, 255, 161, 74, 234, 87, 225, 1, 0, 166, 1, 0, 36, 0, 0, 200, 3, 45]
1542749327861;[171, 0, 17, 255, 161, 74, 234, 87, 225, 1, 0, 166, 1, 0, 36, 0, 0, 200, 3, 45]
1542749328025;[171, 0, 17, 255, 161, 74, 234, 87, 225, 1, 0, 166, 1, 0, 34, 0, 0, 201, 3, 4]
1542749328027;[171, 0, 17, 255, 161, 74, 234, 87, 225, 1, 0, 166, 1, 0, 34, 0, 0, 201, 3, 4]
1542749328030;[171, 0, 17, 255, 161, 74, 234, 87, 225, 1, 0, 167, 1, 0, 33, 0, 0, 202, 2, 202]
1542749328031;[171, 0, 17, 255, 161, 74, 234, 87, 225, 1, 0, 167, 1, 0, 33, 0, 0, 202, 2, 202]
1542749328196;[171, 0, 4, 255, 132, 128, 68]
1542749328198;[171, 0, 4, 255, 132, 128, 68]
1542749328716;[171, 0, 17, 255, 161, 74, 234, 87, 225, 1, 0, 165, 1, 0, 33, 0, 0, 202, 2, 169]
1542749328718;[171, 0, 17, 255, 161, 74, 234, 87, 225, 1, 0, 165, 1, 0, 33, 0, 0, 202, 2, 169]
1542749328721;[171, 0, 17, 255, 161, 74, 234, 87, 225, 1, 0, 164, 1, 0, 35, 0, 0, 201, 2, 192]
1542749328724;[171, 0, 17, 255, 161, 74, 234, 87, 225, 1, 0, 164, 1, 0, 35, 0, 0, 201, 2, 192]
1542749328727;[171, 0, 17, 255, 161, 74, 234, 87, 225, 1, 0, 166, 1, 0, 33, 0, 0, 202, 2, 182]
1542749328729;[171, 0, 17, 255, 161, 74, 234, 87, 225, 1, 0, 166, 1, 0, 33, 0, 0, 202, 2, 182]
1542749328731;[171, 0, 17, 255, 161, 74, 234, 87, 225, 1, 0, 164, 1, 0, 34, 0, 0, 203, 2, 159]
1542749328732;[171, 0, 17, 255, 161, 74, 234, 87, 225, 1, 0, 164, 1, 0, 34, 0, 0, 203, 2, 159]
1542749328889;[171, 0, 17, 255, 161, 74, 234, 87, 225, 1, 0, 167, 1, 0, 34, 0, 0, 202, 2, 149]
1542749328891;[171, 0, 17, 255, 161, 74, 234, 87, 225, 1, 0, 167, 1, 0, 34, 0, 0, 202, 2, 149]
1542749328893;[171, 0, 17, 255, 161, 74, 234, 87, 226, 1, 0, 160, 1, 0, 40, 0, 0, 205, 2, 139]
1542749328895;[171, 0, 17, 255, 161, 74, 234, 87, 226, 1, 0, 160, 1, 0, 40, 0, 0, 205, 2, 139]
1542749328897;[171, 0, 17, 255, 161, 74, 234, 87, 226, 1, 0, 158, 1, 0, 38, 0, 0, 206, 2, 99]
1542749328899;[171, 0, 17, 255, 161, 74, 234, 87, 226, 1, 0, 158, 1, 0, 38, 0, 0, 206, 2, 99]
1542749329059;[171, 0, 17, 255, 161, 74, 234, 87, 226, 1, 0, 158, 1, 0, 37, 0, 0, 211, 2, 35]
1542749329061;[171, 0, 17, 255, 161, 74, 234, 87, 226, 1, 0, 158, 1, 0, 37, 0, 0, 211, 2, 35]
1542749329063;[171, 0, 17, 255, 161, 74, 234, 87, 226, 1, 0, 160, 1, 0, 38, 0, 0, 208, 2, 67]
1542749329065;[171, 0, 17, 255, 161, 74, 234, 87, 226, 1, 0, 160, 1, 0, 38, 0, 0, 208, 2, 67]
1542749329232;[171, 0, 17, 255, 161, 74, 234, 87, 226, 1, 0, 158, 1, 0, 34, 0, 0, 213, 2, 96]
1542749329234;[171, 0, 17, 255, 161, 74, 234, 87, 226, 1, 0, 158, 1, 0, 34, 0, 0, 213, 2, 96]
1542749329236;[171, 0, 4, 255, 132, 128, 68]
1542749329239;[171, 0, 4, 255, 132, 128, 68]
1542749329405;[171, 0, 17, 255, 161, 74, 234, 87, 226, 1, 0, 158, 1, 0, 41, 0, 0, 207, 2, 91]
1542749329407;[171, 0, 17, 255, 161, 74, 234, 87, 226, 1, 0, 158, 1, 0, 41, 0, 0, 207, 2, 91]
1542749329409;[171, 0, 17, 255, 161, 74, 234, 87, 226, 1, 0, 156, 1, 0, 33, 0, 0, 211, 2, 83]
1542749329411;[171, 0, 17, 255, 161, 74, 234, 87, 226, 1, 0, 156, 1, 0, 33, 0, 0, 211, 2, 83]
1542749329925;[171, 0, 17, 255, 161, 74, 234, 87, 226, 1, 0, 157, 1, 0, 36, 0, 0, 210, 2, 57]
1542749329926;[171, 0, 17, 255, 161, 74, 234, 87, 226, 1, 0, 157, 1, 0, 36, 0, 0, 210, 2, 57]
1542749329928;[171, 0, 17, 255, 161, 74, 234, 87, 226, 1, 0, 154, 1, 0, 37, 0, 0, 209, 2, 41]
1542749329930;[171, 0, 17, 255, 161, 74, 234, 87, 226, 1, 0, 154, 1, 0, 37, 0, 0, 209, 2, 41]
1542749329933;[171, 0, 17, 255, 161, 74, 234, 87, 226, 1, 0, 157, 1, 0, 37, 0, 0, 210, 2, 35]
1542749329935;[171, 0, 17, 255, 161, 74, 234, 87, 226, 1, 0, 157, 1, 0, 37, 0, 0, 210, 2, 35]
1542749329937;[171, 0, 17, 255, 161, 74, 234, 87, 227, 1, 0, 159, 1, 0, 37, 0, 0, 211, 2, 178]
1542749329939;[171, 0, 17, 255, 161, 74, 234, 87, 227, 1, 0, 159, 1, 0, 37, 0, 0, 211, 2, 178]
1542749330095;[171, 0, 17, 255, 161, 74, 234, 87, 227, 1, 0, 158, 1, 0, 32, 0, 0, 207, 3, 12]
1542749330096;[171, 0, 17, 255, 161, 74, 234, 87, 227, 1, 0, 158, 1, 0, 32, 0, 0, 207, 3, 12]
1542749330099;[171, 0, 17, 255, 161, 74, 234, 87, 227, 1, 0, 159, 1, 0, 37, 0, 0, 207, 3, 54]
1542749330101;[171, 0, 17, 255, 161, 74, 234, 87, 227, 1, 0, 159, 1, 0, 37, 0, 0, 207, 3, 54]
1542749330266;[171, 0, 17, 255, 161, 74, 234, 87, 227, 1, 0, 158, 1, 0, 37, 0, 0, 207, 3, 78]
1542749330268;[171, 0, 17, 255, 161, 74, 234, 87, 227, 1, 0, 158, 1, 0, 37, 0, 0, 207, 3, 78]
1542749330440;[171, 0, 17, 255, 161, 74, 234, 87, 229, 1, 0, 165, 1, 0, 35, 0, 0, 204, 5, 96]
1542749330442;[171, 0, 17, 255, 161, 74, 234, 87, 229, 1, 0, 165, 1, 0, 35, 0, 0, 204, 5, 96]
1542749330613;[171, 0, 17, 255, 161, 74, 234, 87, 229, 1, 0, 162, 1, 0, 32, 0, 0, 203, 5, 178]
1542749330614;[171, 0, 17, 255, 161, 74, 234, 87, 229, 1, 0, 162, 1, 0, 32, 0, 0, 203, 5, 178]
1542749330617;[171, 0, 17, 255, 161, 74, 234, 87, 229, 1, 0, 164, 1, 0, 36, 0, 0, 206, 5, 228]
1542749330619;[171, 0, 17, 255, 161, 74, 234, 87, 229, 1, 0, 164, 1, 0, 36, 0, 0, 206, 5, 228]
1542749330784;[171, 0, 17, 255, 161, 74, 234, 87, 229, 1, 0, 165, 1, 0, 36, 0, 0, 204, 5, 232]
1542749330786;[171, 0, 17, 255, 161, 74, 234, 87, 229, 1, 0, 165, 1, 0, 36, 0, 0, 204, 5, 232]
1542749330959;[171, 0, 17, 255, 161, 74, 234, 87, 229, 1, 0, 163, 1, 0, 33, 0, 0, 205, 5, 251]
1542749330961;[171, 0, 17, 255, 161, 74, 234, 87, 229, 1, 0, 163, 1, 0, 33, 0, 0, 205, 5, 251]
1542749330963;[171, 0, 17, 255, 161, 74, 234, 87, 230, 1, 0, 161, 1, 0, 35, 0, 0, 205, 6, 2]
1542749330965;[171, 0, 17, 255, 161, 74, 234, 87, 230, 1, 0, 161, 1, 0, 35, 0, 0, 205, 6, 2]
1542749331308;[171, 0, 17, 255, 161, 74, 234, 87, 230, 1, 0, 163, 1, 0, 36, 0, 0, 205, 5, 242]
1542749331310;[171, 0, 17, 255, 161, 74, 234, 87, 230, 1, 0, 163, 1, 0, 36, 0, 0, 205, 5, 242]
1542749331312;[171, 0, 17, 255, 161, 74, 234, 87, 230, 1, 0, 162, 1, 0, 32, 0, 0, 205, 5, 214]
1542749331314;[171, 0, 17, 255, 161, 74, 234, 87, 230, 1, 0, 162, 1, 0, 32, 0, 0, 205, 5, 214]
1542749331316;[171, 0, 17, 255, 161, 74, 234, 87, 230, 1, 0, 162, 1, 0, 36, 0, 0, 206, 6, 6]
1542749331318;[171, 0, 17, 255, 161, 74, 234, 87, 230, 1, 0, 162, 1, 0, 36, 0, 0, 206, 6, 6]
1542749331326;[171, 0, 17, 255, 161, 74, 234, 87, 230, 1, 0, 164, 1, 0, 35, 0, 0, 205, 6, 224]
1542749331328;[171, 0, 17, 255, 161, 74, 234, 87, 230, 1, 0, 164, 1, 0, 35, 0, 0, 205, 6, 224]
1542749331474;[171, 0, 4, 255, 132, 128, 70]
1542749331476;[171, 0, 4, 255, 132, 128, 70]
1542749331646;[171, 0, 17, 255, 161, 74, 234, 87, 230, 1, 0, 162, 1, 0, 35, 0, 0, 205, 7, 118]
1542749331648;[171, 0, 17, 255, 161, 74, 234, 87, 230, 1, 0, 162, 1, 0, 35, 0, 0, 205, 7, 118]
1542749331651;[171, 0, 17, 255, 161, 74, 234, 87, 230, 1, 0, 160, 1, 0, 35, 0, 0, 206, 7, 176]
1542749331653;[171, 0, 17, 255, 161, 74, 234, 87, 230, 1, 0, 160, 1, 0, 35, 0, 0, 206, 7, 176]
1542749331820;[171, 0, 17, 255, 161, 74, 234, 87, 230, 1, 0, 163, 1, 0, 35, 0, 0, 205, 7, 215]
1542749331822;[171, 0, 17, 255, 161, 74, 234, 87, 230, 1, 0, 163, 1, 0, 35, 0, 0, 205, 7, 215]
1542749331824;[171, 0, 17, 255, 161, 74, 234, 87, 230, 1, 0, 162, 1, 0, 34, 0, 0, 206, 7, 228]
1542749331826;[171, 0, 17, 255, 161, 74, 234, 87, 230, 1, 0, 162, 1, 0, 34, 0, 0, 206, 7, 228]
1542749331994;[171, 0, 17, 255, 161, 74, 234, 87, 230, 1, 0, 163, 1, 0, 35, 0, 0, 206, 7, 198]
1542749331996;[171, 0, 17, 255, 161, 74, 234, 87, 230, 1, 0, 163, 1, 0, 35, 0, 0, 206, 7, 198]
1542749334256;[171, 0, 17, 255, 161, 74, 234, 87, 231, 1, 0, 161, 1, 0, 36, 0, 0, 206, 7, 159]
1542749334258;[171, 0, 17, 255, 161, 74, 234, 87, 231, 1, 0, 161, 1, 0, 36, 0, 0, 206, 7, 159]
1542749334259;[171, 0, 17, 255, 161, 74, 234, 87, 231, 1, 0, 161, 1, 0, 34, 0, 0, 205, 7, 160]
1542749334261;[171, 0, 17, 255, 161, 74, 234, 87, 231, 1, 0, 161, 1, 0, 34, 0, 0, 205, 7, 160]
1542749334263;[171, 0, 17, 255, 161, 74, 234, 87, 231, 1, 0, 163, 1, 0, 36, 0, 0, 206, 8, 112]
1542749334265;[171, 0, 17, 255, 161, 74, 234, 87, 231, 1, 0, 163, 1, 0, 36, 0, 0, 206, 8, 112]
1542749334266;[171, 0, 17, 255, 161, 74, 234, 87, 231, 1, 0, 159, 1, 0, 34, 0, 0, 205, 9, 8]
1542749334268;[171, 0, 17, 255, 161, 74, 234, 87, 231, 1, 0, 159, 1, 0, 34, 0, 0, 205, 9, 8]
1542749334270;[171, 0, 17, 255, 161, 74, 234, 87, 231, 1, 0, 162, 1, 0, 35, 0, 0, 207, 9, 64]
1542749334272;[171, 0, 17, 255, 161, 74, 234, 87, 231, 1, 0, 162, 1, 0, 35, 0, 0, 207, 9, 64]
1542749334273;[171, 0, 4, 255, 132, 128, 72]
1542749334276;[171, 0, 4, 255, 132, 128, 72]
1542749334278;[171, 0, 17, 255, 161, 74, 234, 87, 231, 1, 0, 162, 1, 0, 36, 0, 0, 207, 9, 88]
1542749334280;[171, 0, 17, 255, 161, 74, 234, 87, 231, 1, 0, 162, 1, 0, 36, 0, 0, 207, 9, 88]
1542749334318;[171, 0, 17, 255, 161, 74, 234, 87, 231, 1, 0, 165, 1, 0, 36, 0, 0, 206, 9, 74]
1542749334319;[171, 0, 17, 255, 161, 74, 234, 87, 231, 1, 0, 165, 1, 0, 36, 0, 0, 206, 9, 74]
1542749334320;[171, 0, 17, 255, 161, 74, 234, 87, 231, 1, 0, 162, 1, 0, 35, 0, 0, 206, 9, 41]
1542749334321;[171, 0, 17, 255, 161, 74, 234, 87, 231, 1, 0, 162, 1, 0, 35, 0, 0, 206, 9, 41]
1542749334323;[171, 0, 17, 255, 161, 74, 234, 87, 231, 1, 0, 165, 1, 0, 37, 0, 0, 205, 8, 238]
1542749334324;[171, 0, 17, 255, 161, 74, 234, 87, 231, 1, 0, 165, 1, 0, 37, 0, 0, 205, 8, 238]
1542749334325;[171, 0, 17, 255, 161, 74, 234, 87, 231, 1, 0, 162, 1, 0, 37, 0, 0, 206, 8, 175]
1542749334326;[171, 0, 17, 255, 161, 74, 234, 87, 231, 1, 0, 162, 1, 0, 37, 0, 0, 206, 8, 175]
1542749334331;[171, 0, 17, 255, 161, 74, 234, 87, 232, 1, 0, 160, 1, 0, 35, 0, 0, 206, 8, 112]
1542749334332;[171, 0, 17, 255, 161, 74, 234, 87, 232, 1, 0, 160, 1, 0, 35, 0, 0, 206, 8, 112]
1542749334344;[171, 0, 17, 255, 161, 74, 234, 87, 232, 1, 0, 160, 1, 0, 37, 0, 0, 206, 8, 35]
1542749334345;[171, 0, 17, 255, 161, 74, 234, 87, 232, 1, 0, 160, 1, 0, 37, 0, 0, 206, 8, 35]
1542749334346;[171, 0, 17, 255, 161, 74, 234, 87, 232, 1, 0, 162, 1, 0, 37, 0, 0, 204, 8, 40]
1542749334347;[171, 0, 17, 255, 161, 74, 234, 87, 232, 1, 0, 162, 1, 0, 37, 0, 0, 204, 8, 40]
1542749334363;[171, 0, 17, 255, 161, 74, 234, 87, 232, 1, 0, 162, 1, 0, 35, 0, 0, 206, 8, 180]
1542749334364;[171, 0, 17, 255, 161, 74, 234, 87, 232, 1, 0, 162, 1, 0, 35, 0, 0, 206, 8, 180]
1542749334365;[171, 0, 17, 255, 161, 74, 234, 87, 232, 1, 0, 162, 1, 0, 34, 0, 0, 206, 8, 250]
1542749334366;[171, 0, 17, 255, 161, 74, 234, 87, 232, 1, 0, 162, 1, 0, 34, 0, 0, 206, 8, 250]
1542749334367;[171, 0, 4, 255, 132, 128, 73]
1542749334369;[171, 0, 4, 255, 132, 128, 73]
1542749334370;[171, 0, 17, 255, 161, 74, 234, 87, 232, 1, 0, 160, 1, 0, 37, 0, 0, 203, 8, 249]
1542749334371;[171, 0, 17, 255, 161, 74, 234, 87, 232, 1, 0, 160, 1, 0, 37, 0, 0, 203, 8, 249]
1542749334372;[171, 0, 17, 255, 161, 74, 234, 87, 232, 1, 0, 164, 1, 0, 36, 0, 0, 207, 8, 251]
1542749334373;[171, 0, 17, 255, 161, 74, 234, 87, 232, 1, 0, 164, 1, 0, 36, 0, 0, 207, 8, 251]
1542749334374;[171, 0, 17, 255, 161, 74, 234, 87, 232, 1, 0, 161, 1, 0, 35, 0, 0, 206, 8, 224]
1542749334375;[171, 0, 17, 255, 161, 74, 234, 87, 232, 1, 0, 161, 1, 0, 35, 0, 0, 206, 8, 224]
1542749334376;[171, 0, 17, 255, 161, 74, 234, 87, 232, 1, 0, 161, 1, 0, 35, 0, 0, 207, 8, 185]
1542749334377;[171, 0, 17, 255, 161, 74, 234, 87, 232, 1, 0, 161, 1, 0, 35, 0, 0, 207, 8, 185]
1542749334381;[171, 0, 17, 255, 161, 74, 234, 87, 232, 1, 0, 162, 1, 0, 35, 0, 0, 205, 8, 123]
1542749334382;[171, 0, 17, 255, 161, 74, 234, 87, 232, 1, 0, 162, 1, 0, 35, 0, 0, 205, 8, 123]
1542749334383;[171, 0, 17, 255, 161, 74, 234, 87, 233, 1, 0, 161, 1, 0, 35, 0, 0, 205, 8, 58]
1542749334383;[171, 0, 17, 255, 161, 74, 234, 87, 233, 1, 0, 161, 1, 0, 35, 0, 0, 205, 8, 58]
1542749334403;[171, 0, 17, 255, 161, 74, 234, 87, 233, 1, 0, 163, 1, 0, 36, 0, 0, 205, 7, 251]
1542749334404;[171, 0, 17, 255, 161, 74, 234, 87, 233, 1, 0, 163, 1, 0, 36, 0, 0, 205, 7, 251]
1542749334405;[171, 0, 17, 255, 161, 74, 234, 87, 233, 1, 0, 161, 1, 0, 37, 0, 0, 206, 8, 95]
1542749334406;[171, 0, 17, 255, 161, 74, 234, 87, 233, 1, 0, 161, 1, 0, 37, 0, 0, 206, 8, 95]
1542749334580;[171, 0, 17, 255, 161, 74, 234, 87, 233, 1, 0, 162, 1, 0, 36, 0, 0, 206, 8, 133]
1542749334582;[171, 0, 17, 255, 161, 74, 234, 87, 233, 1, 0, 162, 1, 0, 36, 0, 0, 206, 8, 133]
1542749335100;[171, 0, 17, 255, 161, 74, 234, 87, 233, 1, 0, 161, 1, 0, 35, 0, 0, 204, 8, 110]
1542749335103;[171, 0, 17, 255, 161, 74, 234, 87, 233, 1, 0, 161, 1, 0, 35, 0, 0, 204, 8, 110]
1542749335105;[171, 0, 4, 255, 132, 128, 73]
1542749335107;[171, 0, 4, 255, 132, 128, 73]
1542749335110;[171, 0, 17, 255, 161, 74, 234, 87, 233, 1, 0, 163, 1, 0, 35, 0, 0, 204, 8, 48]
1542749335112;[171, 0, 17, 255, 161, 74, 234, 87, 233, 1, 0, 163, 1, 0, 35, 0, 0, 204, 8, 48]
1542749335114;[171, 0, 17, 255, 161, 74, 234, 87, 233, 1, 0, 162, 1, 0, 36, 0, 0, 206, 7, 245]
1542749335116;[171, 0, 17, 255, 161, 74, 234, 87, 233, 1, 0, 162, 1, 0, 36, 0, 0, 206, 7, 245]
1542749335270;[171, 0, 17, 255, 161, 74, 234, 87, 233, 1, 0, 165, 1, 0, 34, 0, 0, 203, 7, 152]
1542749335273;[171, 0, 17, 255, 161, 74, 234, 87, 233, 1, 0, 165, 1, 0, 34, 0, 0, 203, 7, 152]
1542749335275;[171, 0, 17, 255, 161, 74, 234, 87, 233, 1, 0, 165, 1, 0, 37, 0, 0, 201, 7, 67]
1542749335277;[171, 0, 17, 255, 161, 74, 234, 87, 233, 1, 0, 165, 1, 0, 37, 0, 0, 201, 7, 67]
1542749335279;[171, 0, 17, 255, 161, 74, 234, 87, 233, 1, 0, 164, 1, 0, 34, 0, 0, 204, 6, 223]
1542749335281;[171, 0, 17, 255, 161, 74, 234, 87, 233, 1, 0, 164, 1, 0, 34, 0, 0, 204, 6, 223]
1542749335443;[171, 0, 17, 255, 161, 74, 234, 87, 234, 1, 0, 163, 1, 0, 35, 0, 0, 203, 6, 136]
1542749335445;[171, 0, 17, 255, 161, 74, 234, 87, 234, 1, 0, 163, 1, 0, 35, 0, 0, 203, 6, 136]
1542749335446;[171, 0, 17, 255, 161, 74, 234, 87, 234, 1, 0, 163, 1, 0, 34, 0, 0, 204, 6, 45]
1542749335448;[171, 0, 17, 255, 161, 74, 234, 87, 234, 1, 0, 163, 1, 0, 34, 0, 0, 204, 6, 45]
1542749335614;[171, 0, 17, 255, 161, 74, 234, 87, 234, 1, 0, 163, 1, 0, 34, 0, 0, 201, 5, 250]
1542749335616;[171, 0, 17, 255, 161, 74, 234, 87, 234, 1, 0, 163, 1, 0, 34, 0, 0, 201, 5, 250]
1542749335619;[171, 0, 17, 255, 161, 74, 234, 87, 234, 1, 0, 164, 1, 0, 33, 0, 0, 205, 6, 33]
1542749335621;[171, 0, 17, 255, 161, 74, 234, 87, 234, 1, 0, 164, 1, 0, 33, 0, 0, 205, 6, 33]
1542749335787;[171, 0, 17, 255, 161, 74, 234, 87, 234, 1, 0, 168, 1, 0, 35, 0, 0, 204, 6, 44]
1542749335788;[171, 0, 17, 255, 161, 74, 234, 87, 234, 1, 0, 168, 1, 0, 35, 0, 0, 204, 6, 44]
1542749335958;[171, 0, 4, 255, 132, 128, 73]
1542749335961;[171, 0, 4, 255, 132, 128, 73]
1542749336308;[171, 0, 17, 255, 161, 74, 234, 87, 234, 1, 0, 163, 1, 0, 35, 0, 0, 204, 6, 29]
1542749336310;[171, 0, 17, 255, 161, 74, 234, 87, 234, 1, 0, 163, 1, 0, 35, 0, 0, 204, 6, 29]
1542749336316;[171, 0, 17, 255, 161, 74, 234, 87, 234, 1, 0, 163, 1, 0, 35, 0, 0, 203, 6, 24]
1542749336318;[171, 0, 17, 255, 161, 74, 234, 87, 234, 1, 0, 163, 1, 0, 35, 0, 0, 203, 6, 24]
1542749336323;[171, 0, 17, 255, 161, 74, 234, 87, 234, 1, 0, 164, 1, 0, 35, 0, 0, 205, 6, 4]
1542749336325;[171, 0, 17, 255, 161, 74, 234, 87, 234, 1, 0, 164, 1, 0, 35, 0, 0, 205, 6, 4]
1542749336327;[171, 0, 17, 255, 161, 74, 234, 87, 234, 1, 0, 164, 1, 0, 35, 0, 0, 206, 5, 236]
1542749336329;[171, 0, 17, 255, 161, 74, 234, 87, 234, 1, 0, 164, 1, 0, 35, 0, 0, 206, 5, 236]
1542749336478;[171, 0, 17, 255, 161, 74, 234, 87, 234, 1, 0, 163, 1, 0, 35, 0, 0, 205, 5, 191]
1542749336480;[171, 0, 17, 255, 161, 74, 234, 87, 234, 1, 0, 163, 1, 0, 35, 0, 0, 205, 5, 191]
1542749336482;[171, 0, 17, 255, 161, 74, 234, 87, 235, 1, 0, 163, 1, 0, 36, 0, 0, 205, 5, 150]
1542749336484;[171, 0, 17, 255, 161, 74, 234, 87, 235, 1, 0, 163, 1, 0, 36, 0, 0, 205, 5, 150]
1542749336650;[171, 0, 17, 255, 161, 74, 234, 87, 235, 1, 0, 162, 1, 0, 36, 0, 0, 206, 5, 89]
1542749336652;[171, 0, 17, 255, 161, 74, 234, 87, 235, 1, 0, 162, 1, 0, 36, 0, 0, 206, 5, 89]
1542749336654;[171, 0, 17, 255, 161, 74, 234, 87, 235, 1, 0, 162, 1, 0, 36, 0, 0, 207, 5, 40]
1542749336656;[171, 0, 17, 255, 161, 74, 234, 87, 235, 1, 0, 162, 1, 0, 36, 0, 0, 207, 5, 40]
1542749336822;[171, 0, 17, 255, 161, 74, 234, 87, 235, 1, 0, 162, 1, 0, 35, 0, 0, 206, 5, 81]
1542749336824;[171, 0, 17, 255, 161, 74, 234, 87, 235, 1, 0, 162, 1, 0, 35, 0, 0, 206, 5, 81]
1542749336826;[171, 0, 17, 255, 161, 74, 234, 87, 235, 1, 0, 160, 1, 0, 35, 0, 0, 206, 5, 162]
1542749336828;[171, 0, 17, 255, 161, 74, 234, 87, 235, 1, 0, 160, 1, 0, 35, 0, 0, 206, 5, 162]
1542749336993;[171, 0, 4, 255, 132, 128, 72]
1542749336996;[171, 0, 4, 255, 132, 128, 72]
1542749337342;[171, 0, 17, 255, 161, 74, 234, 87, 235, 1, 0, 162, 1, 0, 36, 0, 0, 206, 5, 193]
1542749337348;[171, 0, 17, 255, 161, 74, 234, 87, 235, 1, 0, 162, 1, 0, 36, 0, 0, 206, 5, 193]
1542749337350;[171, 0, 17, 255, 161, 74, 234, 87, 235, 1, 0, 162, 1, 0, 37, 0, 0, 205, 5, 178]
1542749337352;[171, 0, 17, 255, 161, 74, 234, 87, 235, 1, 0, 162, 1, 0, 37, 0, 0, 205, 5, 178]
1542749337354;[171, 0, 17, 255, 161, 74, 234, 87, 235, 1, 0, 163, 1, 0, 36, 0, 0, 206, 5, 174]
1542749337356;[171, 0, 17, 255, 161, 74, 234, 87, 235, 1, 0, 163, 1, 0, 36, 0, 0, 206, 5, 174]
1542749337357;[171, 0, 17, 255, 161, 74, 234, 87, 235, 1, 0, 162, 1, 0, 35, 0, 0, 204, 5, 142]
1542749337359;[171, 0, 17, 255, 161, 74, 234, 87, 235, 1, 0, 162, 1, 0, 35, 0, 0, 204, 5, 142]
1542749337684;[171, 0, 17, 255, 161, 74, 234, 87, 235, 1, 0, 162, 1, 0, 34, 0, 0, 205, 5, 95]
1542749337686;[171, 0, 17, 255, 161, 74, 234, 87, 235, 1, 0, 162, 1, 0, 34, 0, 0, 205, 5, 95]
1542749337690;[171, 0, 17, 255, 161, 74, 234, 87, 236, 1, 0, 162, 1, 0, 37, 0, 0, 205, 5, 51]
1542749337691;[171, 0, 17, 255, 161, 74, 234, 87, 236, 1, 0, 162, 1, 0, 37, 0, 0, 205, 5, 51]
1542749337694;[171, 0, 17, 255, 161, 74, 234, 87, 236, 1, 0, 163, 1, 0, 36, 0, 0, 205, 4, 249]
1542749337696;[171, 0, 17, 255, 161, 74, 234, 87, 236, 1, 0, 163, 1, 0, 36, 0, 0, 205, 4, 249]
1542749337857;[171, 0, 17, 255, 161, 74, 234, 87, 236, 1, 0, 162, 1, 0, 36, 0, 0, 206, 4, 185]
1542749337859;[171, 0, 17, 255, 161, 74, 234, 87, 236, 1, 0, 162, 1, 0, 36, 0, 0, 206, 4, 185]
1542749337861;[171, 0, 17, 255, 161, 74, 234, 87, 236, 1, 0, 164, 1, 0, 37, 0, 0, 206, 4, 132]
1542749337863;[171, 0, 17, 255, 161, 74, 234, 87, 236, 1, 0, 164, 1, 0, 37, 0, 0, 206, 4, 132]
1542749338030;[171, 0, 17, 255, 161, 74, 234, 87, 236, 1, 0, 160, 1, 0, 37, 0, 0, 205, 4, 193]
1542749338031;[171, 0, 17, 255, 161, 74, 234, 87, 236, 1, 0, 160, 1, 0, 37, 0, 0, 205, 4, 193]
1542749338035;[171, 0, 4, 255, 132, 128, 71]
1542749338037;[171, 0, 4, 255, 132, 128, 71]
1542749338202;[171, 0, 17, 255, 161, 74, 234, 87, 236, 1, 0, 160, 1, 0, 35, 0, 0, 206, 4, 246]
1542749338204;[171, 0, 17, 255, 161, 74, 234, 87, 236, 1, 0, 160, 1, 0, 35, 0, 0, 206, 4, 246]
1542749338206;[171, 0, 17, 255, 161, 74, 234, 87, 236, 1, 0, 162, 1, 0, 36, 0, 0, 207, 4, 245]
1542749338208;[171, 0, 17, 255, 161, 74, 234, 87, 236, 1, 0, 162, 1, 0, 36, 0, 0, 207, 4, 245]
1542749338374;[171, 0, 17, 255, 161, 74, 234, 87, 236, 1, 0, 161, 1, 0, 36, 0, 0, 206, 4, 228]
1542749338376;[171, 0, 17, 255, 161, 74, 234, 87, 236, 1, 0, 161, 1, 0, 36, 0, 0, 206, 4, 228]
1542749338893;[171, 0, 17, 255, 161, 74, 234, 87, 236, 1, 0, 160, 1, 0, 36, 0, 0, 207, 4, 208]
1542749338895;[171, 0, 17, 255, 161, 74, 234, 87, 236, 1, 0, 160, 1, 0, 36, 0, 0, 207, 4, 208]
1542749338897;[171, 0, 17, 255, 161, 74, 234, 87, 236, 1, 0, 162, 1, 0, 37, 0, 0, 207, 4, 165]
1542749338899;[171, 0, 17, 255, 161, 74, 234, 87, 236, 1, 0, 162, 1, 0, 37, 0, 0, 207, 4, 165]
1542749338902;[171, 0, 17, 255, 161, 74, 234, 87, 237, 1, 0, 162, 1, 0, 35, 0, 0, 206, 4, 131]
1542749338904;[171, 0, 17, 255, 161, 74, 234, 87, 237, 1, 0, 162, 1, 0, 35, 0, 0, 206, 4, 131]
1542749338906;[171, 0, 17, 255, 161, 74, 234, 87, 237, 1, 0, 162, 1, 0, 37, 0, 0, 206, 4, 80]
1542749338908;[171, 0, 17, 255, 161, 74, 234, 87, 237, 1, 0, 162, 1, 0, 37, 0, 0, 206, 4, 80]
1542749339238;[171, 0, 17, 255, 161, 74, 234, 87, 237, 1, 0, 163, 1, 0, 37, 0, 0, 207, 4, 30]
1542749339240;[171, 0, 17, 255, 161, 74, 234, 87, 237, 1, 0, 163, 1, 0, 37, 0, 0, 207, 4, 30]
1542749339242;[171, 0, 17, 255, 161, 74, 234, 87, 237, 1, 0, 163, 1, 0, 36, 0, 0, 206, 4, 4]
1542749339244;[171, 0, 17, 255, 161, 74, 234, 87, 237, 1, 0, 163, 1, 0, 36, 0, 0, 206, 4, 4]
1542749339247;[171, 0, 17, 255, 161, 74, 234, 87, 237, 1, 0, 165, 1, 0, 36, 0, 0, 206, 4, 102]
1542749339249;[171, 0, 17, 255, 161, 74, 234, 87, 237, 1, 0, 165, 1, 0, 36, 0, 0, 206, 4, 102]
1542749339251;[171, 0, 4, 255, 132, 128, 70]
1542749339254;[171, 0, 4, 255, 132, 128, 70]
1542749339411;[171, 0, 17, 255, 161, 74, 234, 87, 237, 1, 0, 160, 1, 0, 36, 0, 0, 206, 4, 152]
1542749339413;[171, 0, 17, 255, 161, 74, 234, 87, 237, 1, 0, 160, 1, 0, 36, 0, 0, 206, 4, 152]
1542749339417;[171, 0, 17, 255, 161, 74, 234, 87, 237, 1, 0, 163, 1, 0, 36, 0, 0, 206, 4, 148]
1542749339420;[171, 0, 17, 255, 161, 74, 234, 87, 237, 1, 0, 163, 1, 0, 36, 0, 0, 206, 4, 148]
1542749339422;[171, 0, 17, 255, 161, 74, 234, 87, 237, 1, 0, 161, 1, 0, 37, 0, 0, 206, 4, 127]
1542749339423;[171, 0, 17, 255, 161, 74, 234, 87, 237, 1, 0, 161, 1, 0, 37, 0, 0, 206, 4, 127]
1542749339581;[171, 0, 17, 255, 161, 74, 234, 87, 237, 1, 0, 160, 1, 0, 35, 0, 0, 206, 4, 101]
1542749339582;[171, 0, 17, 255, 161, 74, 234, 87, 237, 1, 0, 160, 1, 0, 35, 0, 0, 206, 4, 101]
1542749340272;[171, 0, 17, 255, 161, 74, 234, 87, 237, 1, 0, 163, 1, 0, 34, 0, 0, 207, 4, 62]
1542749340274;[171, 0, 17, 255, 161, 74, 234, 87, 237, 1, 0, 163, 1, 0, 34, 0, 0, 207, 4, 62]
1542749340277;[171, 0, 17, 255, 161, 74, 234, 87, 238, 1, 0, 163, 1, 0, 35, 0, 0, 206, 4, 19]
1542749340278;[171, 0, 17, 255, 161, 74, 234, 87, 238, 1, 0, 163, 1, 0, 35, 0, 0, 206, 4, 19]
1542749340281;[171, 0, 17, 255, 161, 74, 234, 87, 238, 1, 0, 161, 1, 0, 36, 0, 0, 205, 3, 219]
1542749340283;[171, 0, 17, 255, 161, 74, 234, 87, 238, 1, 0, 161, 1, 0, 36, 0, 0, 205, 3, 219]
1542749340286;[171, 0, 17, 255, 161, 74, 234, 87, 238, 1, 0, 162, 1, 0, 34, 0, 0, 205, 3, 155]
1542749340288;[171, 0, 17, 255, 161, 74, 234, 87, 238, 1, 0, 162, 1, 0, 34, 0, 0, 205, 3, 155]
1542749340446;[171, 0, 17, 255, 161, 74, 234, 87, 238, 1, 0, 162, 1, 0, 33, 0, 0, 205, 3, 105]
1542749340448;[171, 0, 17, 255, 161, 74, 234, 87, 238, 1, 0, 162, 1, 0, 33, 0, 0, 205, 3, 105]
1542749340451;[171, 0, 17, 255, 161, 74, 234, 87, 238, 1, 0, 163, 1, 0, 36, 0, 0, 203, 3, 87]
1542749340453;[171, 0, 17, 255, 161, 74, 234, 87, 238, 1, 0, 163, 1, 0, 36, 0, 0, 203, 3, 87]
1542749340455;[171, 0, 4, 255, 132, 128, 69]
1542749340458;[171, 0, 4, 255, 132, 128, 69]
1542749340460;[171, 0, 17, 255, 161, 74, 234, 87, 238, 1, 0, 165, 1, 0, 37, 0, 0, 202, 3, 136]
1542749340462;[171, 0, 17, 255, 161, 74, 234, 87, 238, 1, 0, 165, 1, 0, 37, 0, 0, 202, 3, 136]
1542749340617;[171, 0, 17, 255, 161, 74, 234, 87, 238, 1, 0, 162, 1, 0, 31, 0, 0, 203, 3, 142]
1542749340619;[171, 0, 17, 255, 161, 74, 234, 87, 238, 1, 0, 162, 1, 0, 31, 0, 0, 203, 3, 142]
1542749340623;[171, 0, 17, 255, 161, 74, 234, 87, 238, 1, 0, 165, 1, 0, 34, 0, 0, 204, 3, 100]
1542749340625;[171, 0, 17, 255, 161, 74, 234, 87, 238, 1, 0, 165, 1, 0, 34, 0, 0, 204, 3, 100]
1542749340627;[171, 0, 17, 255, 161, 74, 234, 87, 238, 1, 0, 163, 1, 0, 35, 0, 0, 204, 3, 67]
1542749340628;[171, 0, 17, 255, 161, 74, 234, 87, 238, 1, 0, 163, 1, 0, 35, 0, 0, 204, 3, 67]
1542749340788;[171, 0, 17, 255, 161, 74, 234, 87, 238, 1, 0, 163, 1, 0, 36, 0, 0, 204, 3, 29]
1542749340790;[171, 0, 17, 255, 161, 74, 234, 87, 238, 1, 0, 163, 1, 0, 36, 0, 0, 204, 3, 29]
1542749340962;[171, 0, 17, 255, 161, 74, 234, 87, 239, 1, 0, 162, 1, 0, 34, 0, 0, 204, 2, 247]
1542749340964;[171, 0, 17, 255, 161, 74, 234, 87, 239, 1, 0, 162, 1, 0, 34, 0, 0, 204, 2, 247]
1542749340966;[171, 0, 17, 255, 161, 74, 234, 87, 239, 1, 0, 162, 1, 0, 35, 0, 0, 204, 2, 196]
1542749340968;[171, 0, 17, 255, 161, 74, 234, 87, 239, 1, 0, 162, 1, 0, 35, 0, 0, 204, 2, 196]
1542749341480;[171, 0, 17, 255, 161, 74, 234, 87, 239, 1, 0, 166, 1, 0, 34, 0, 0, 203, 2, 139]
1542749341482;[171, 0, 17, 255, 161, 74, 234, 87, 239, 1, 0, 166, 1, 0, 34, 0, 0, 203, 2, 139]
1542749341485;[171, 0, 17, 255, 161, 74, 234, 87, 239, 1, 0, 164, 1, 0, 35, 0, 0, 202, 2, 89]
1542749341487;[171, 0, 17, 255, 161, 74, 234, 87, 239, 1, 0, 164, 1, 0, 35, 0, 0, 202, 2, 89]
1542749341489;[171, 0, 17, 255, 161, 74, 234, 87, 239, 1, 0, 163, 1, 0, 33, 0, 0, 205, 2, 52]
1542749341491;[171, 0, 17, 255, 161, 74, 234, 87, 239, 1, 0, 163, 1, 0, 33, 0, 0, 205, 2, 52]
1542749341654;[171, 0, 4, 255, 132, 128, 68]
1542749341657;[171, 0, 4, 255, 132, 128, 68]
1542749341659;[171, 0, 17, 255, 161, 74, 234, 87, 239, 1, 0, 162, 1, 0, 35, 0, 0, 204, 2, 64]
1542749341661;[171, 0, 17, 255, 161, 74, 234, 87, 239, 1, 0, 162, 1, 0, 35, 0, 0, 204, 2, 64]
1542749341663;[171, 0, 17, 255, 161, 74, 234, 87, 239, 1, 0, 165, 1, 0, 34, 0, 0, 203, 2, 158]
1542749341665;[171, 0, 17, 255, 161, 74, 234, 87, 239, 1, 0, 165, 1, 0, 34, 0, 0, 203, 2, 158]
1542749341667;[171, 0, 17, 255, 161, 74, 234, 87, 239, 1, 0, 162, 1, 0, 34, 0, 0, 205, 2, 198]
1542749341669;[171, 0, 17, 255, 161, 74, 234, 87, 239, 1, 0, 162, 1, 0, 34, 0, 0, 205, 2, 198]
1542749341825;[171, 0, 17, 255, 161, 74, 234, 87, 239, 1, 0, 162, 1, 0, 34, 0, 0, 206, 2, 199]
1542749341827;[171, 0, 17, 255, 161, 74, 234, 87, 239, 1, 0, 162, 1, 0, 34, 0, 0, 206, 2, 199]
1542749341830;[171, 0, 17, 255, 161, 74, 234, 87, 239, 1, 0, 161, 1, 0, 34, 0, 0, 205, 2, 193]
1542749341831;[171, 0, 17, 255, 161, 74, 234, 87, 239, 1, 0, 161, 1, 0, 34, 0, 0, 205, 2, 193]
1542749341996;[171, 0, 17, 255, 161, 74, 234, 87, 240, 1, 0, 163, 1, 0, 35, 0, 0, 205, 2, 179]
1542749341998;[171, 0, 17, 255, 161, 74, 234, 87, 240, 1, 0, 163, 1, 0, 35, 0, 0, 205, 2, 179]
1542749342169;[171, 0, 17, 255, 161, 74, 234, 87, 240, 1, 0, 161, 1, 0, 36, 0, 0, 205, 2, 161]
1542749342171;[171, 0, 17, 255, 161, 74, 234, 87, 240, 1, 0, 161, 1, 0, 36, 0, 0, 205, 2, 161]
1542749342173;[171, 0, 17, 255, 161, 74, 234, 87, 240, 1, 0, 161, 1, 0, 36, 0, 0, 206, 2, 128]
1542749342175;[171, 0, 17, 255, 161, 74, 234, 87, 240, 1, 0, 161, 1, 0, 36, 0, 0, 206, 2, 128]
1542749342344;[171, 0, 17, 255, 161, 74, 234, 87, 240, 1, 0, 162, 1, 0, 35, 0, 0, 204, 2, 88]
1542749342346;[171, 0, 17, 255, 161, 74, 234, 87, 240, 1, 0, 162, 1, 0, 35, 0, 0, 204, 2, 88]
1542749342688;[171, 0, 17, 255, 161, 74, 234, 87, 240, 1, 0, 164, 1, 0, 36, 0, 0, 205, 2, 47]
1542749342690;[171, 0, 17, 255, 161, 74, 234, 87, 240, 1, 0, 164, 1, 0, 36, 0, 0, 205, 2, 47]
1542749342692;[171, 0, 4, 255, 132, 128, 67]
1542749342695;[171, 0, 4, 255, 132, 128, 67]
1542749342698;[171, 0, 17, 255, 161, 74, 234, 87, 240, 1, 0, 164, 1, 0, 37, 0, 0, 206, 2, 101]
1542749342700;[171, 0, 17, 255, 161, 74, 234, 87, 240, 1, 0, 164, 1, 0, 37, 0, 0, 206, 2, 101]
1542749342702;[171, 0, 17, 255, 161, 74, 234, 87, 240, 1, 0, 162, 1, 0, 34, 0, 0, 205, 2, 192]
1542749342704;[171, 0, 17, 255, 161, 74, 234, 87, 240, 1, 0, 162, 1, 0, 34, 0, 0, 205, 2, 192]
1542749342859;[171, 0, 17, 255, 161, 74, 234, 87, 240, 1, 0, 161, 1, 0, 35, 0, 0, 205, 2, 196]
1542749342861;[171, 0, 17, 255, 161, 74, 234, 87, 240, 1, 0, 161, 1, 0, 35, 0, 0, 205, 2, 196]
1542749342863;[171, 0, 17, 255, 161, 74, 234, 87, 240, 1, 0, 163, 1, 0, 37, 0, 0, 205, 2, 189]
1542749342865;[171, 0, 17, 255, 161, 74, 234, 87, 240, 1, 0, 163, 1, 0, 37, 0, 0, 205, 2, 189]
1542749343049;[171, 0, 17, 255, 161, 74, 234, 87, 240, 1, 0, 160, 1, 0, 33, 0, 0, 207, 2, 165]
1542749343049;[171, 0, 17, 255, 161, 74, 234, 87, 240, 1, 0, 160, 1, 0, 33, 0, 0, 207, 2, 165]
1542749343050;[171, 0, 17, 255, 161, 74, 234, 87, 241, 1, 0, 161, 1, 0, 36, 0, 0, 207, 2, 157]
1542749343051;[171, 0, 17, 255, 161, 74, 234, 87, 241, 1, 0, 161, 1, 0, 36, 0, 0, 207, 2, 157]
1542749343206;[171, 0, 17, 255, 161, 74, 234, 87, 241, 1, 0, 160, 1, 0, 35, 0, 0, 206, 2, 115]
1542749343208;[171, 0, 17, 255, 161, 74, 234, 87, 241, 1, 0, 160, 1, 0, 35, 0, 0, 206, 2, 115]
1542749343210;[171, 0, 17, 255, 161, 74, 234, 87, 241, 1, 0, 161, 1, 0, 35, 0, 0, 204, 2, 84]
1542749343211;[171, 0, 17, 255, 161, 74, 234, 87, 241, 1, 0, 161, 1, 0, 35, 0, 0, 204, 2, 84]
1542749343377;[171, 0, 17, 255, 161, 74, 234, 87, 241, 1, 0, 161, 1, 0, 37, 0, 0, 205, 2, 56]
1542749343379;[171, 0, 17, 255, 161, 74, 234, 87, 241, 1, 0, 161, 1, 0, 37, 0, 0, 205, 2, 56]
1542749343566;[171, 0, 17, 255, 161, 74, 234, 87, 241, 1, 0, 162, 1, 0, 37, 0, 0, 205, 2, 167]
1542749343568;[171, 0, 17, 255, 161, 74, 234, 87, 241, 1, 0, 162, 1, 0, 37, 0, 0, 205, 2, 167]
1542749343570;[171, 0, 4, 255, 132, 128, 66]
1542749343572;[171, 0, 4, 255, 132, 128, 66]
1542749343722;[171, 0, 17, 255, 161, 74, 234, 87, 241, 1, 0, 160, 1, 0, 36, 0, 0, 205, 2, 247]
1542749343725;[171, 0, 17, 255, 161, 74, 234, 87, 241, 1, 0, 160, 1, 0, 36, 0, 0, 205, 2, 247]
1542749343727;[171, 0, 17, 255, 161, 74, 234, 87, 241, 1, 0, 162, 1, 0, 34, 0, 0, 207, 3, 3]
1542749343729;[171, 0, 17, 255, 161, 74, 234, 87, 241, 1, 0, 162, 1, 0, 34, 0, 0, 207, 3, 3]
1542749344067;[171, 0, 17, 255, 161, 74, 234, 87, 241, 1, 0, 162, 1, 0, 34, 0, 0, 206, 2, 244]
1542749344069;[171, 0, 17, 255, 161, 74, 234, 87, 241, 1, 0, 162, 1, 0, 34, 0, 0, 206, 2, 244]
1542749344072;[171, 0, 17, 255, 161, 74, 234, 87, 241, 1, 0, 163, 1, 0, 36, 0, 0, 205, 2, 229]
1542749344075;[171, 0, 17, 255, 161, 74, 234, 87, 241, 1, 0, 163, 1, 0, 36, 0, 0, 205, 2, 229]
1542749344077;[171, 0, 17, 255, 161, 74, 234, 87, 241, 1, 0, 161, 1, 0, 37, 0, 0, 206, 2, 204]
1542749344079;[171, 0, 17, 255, 161, 74, 234, 87, 241, 1, 0, 161, 1, 0, 37, 0, 0, 206, 2, 204]
1542749344240;[171, 0, 17, 255, 161, 74, 234, 87, 242, 1, 0, 161, 1, 0, 35, 0, 0, 206, 2, 164]
1542749344244;[171, 0, 17, 255, 161, 74, 234, 87, 242, 1, 0, 161, 1, 0, 35, 0, 0, 206, 2, 164]
1542749344246;[171, 0, 17, 255, 161, 74, 234, 87, 242, 1, 0, 163, 1, 0, 32, 0, 0, 206, 2, 129]
1542749344248;[171, 0, 17, 255, 161, 74, 234, 87, 242, 1, 0, 163, 1, 0, 32, 0, 0, 206, 2, 129]
1542749344412;[171, 0, 17, 255, 161, 74, 234, 87, 242, 1, 0, 164, 1, 0, 37, 0, 0, 204, 2, 79]
1542749344414;[171, 0, 17, 255, 161, 74, 234, 87, 242, 1, 0, 164, 1, 0, 37, 0, 0, 204, 2, 79]
1542749344416;[171, 0, 17, 255, 161, 74, 234, 87, 242, 1, 0, 159, 1, 0, 37, 0, 0, 205, 2, 65]
1542749344418;[171, 0, 17, 255, 161, 74, 234, 87, 242, 1, 0, 159, 1, 0, 37, 0, 0, 205, 2, 65]
1542749344584;[171, 0, 17, 255, 161, 74, 234, 87, 242, 1, 0, 160, 1, 0, 39, 0, 0, 206, 2, 189]
1542749344586;[171, 0, 17, 255, 161, 74, 234, 87, 242, 1, 0, 160, 1, 0, 39, 0, 0, 206, 2, 189]
1542749344757;[171, 0, 4, 255, 132, 128, 66]
1542749344760;[171, 0, 4, 255, 132, 128, 66]
1542749344763;[171, 0, 17, 255, 161, 74, 234, 87, 242, 1, 0, 163, 1, 0, 35, 0, 0, 205, 2, 249]
1542749344764;[171, 0, 17, 255, 161, 74, 234, 87, 242, 1, 0, 163, 1, 0, 35, 0, 0, 205, 2, 249]
1542749345275;[171, 0, 17, 255, 161, 74, 234, 87, 242, 1, 0, 161, 1, 0, 34, 0, 0, 205, 2, 230]
1542749345277;[171, 0, 17, 255, 161, 74, 234, 87, 242, 1, 0, 161, 1, 0, 34, 0, 0, 205, 2, 230]
1542749345279;[171, 0, 17, 255, 161, 74, 234, 87, 242, 1, 0, 160, 1, 0, 36, 0, 0, 204, 2, 203]
1542749345281;[171, 0, 17, 255, 161, 74, 234, 87, 242, 1, 0, 160, 1, 0, 36, 0, 0, 204, 2, 203]
1542749345284;[171, 0, 17, 255, 161, 74, 234, 87, 242, 1, 0, 162, 1, 0, 35, 0, 0, 205, 2, 173]
1542749345286;[171, 0, 17, 255, 161, 74, 234, 87, 242, 1, 0, 162, 1, 0, 35, 0, 0, 205, 2, 173]
1542749345287;[171, 0, 17, 255, 161, 74, 234, 87, 242, 1, 0, 163, 1, 0, 35, 0, 0, 205, 2, 118]
1542749345289;[171, 0, 17, 255, 161, 74, 234, 87, 242, 1, 0, 163, 1, 0, 35, 0, 0, 205, 2, 118]
1542749345794;[171, 0, 17, 255, 161, 74, 234, 87, 243, 1, 0, 164, 1, 0, 36, 0, 0, 205, 2, 84]
1542749345796;[171, 0, 17, 255, 161, 74, 234, 87, 243, 1, 0, 164, 1, 0, 36, 0, 0, 205, 2, 84]
1542749345799;[171, 0, 17, 255, 161, 74, 234, 87, 243, 1, 0, 164, 1, 0, 34, 0, 0, 204, 2, 15]
1542749345801;[171, 0, 17, 255, 161, 74, 234, 87, 243, 1, 0, 164, 1, 0, 34, 0, 0, 204, 2, 15]
1542749345803;[171, 0, 17, 255, 161, 74, 234, 87, 243, 1, 0, 165, 1, 0, 35, 0, 0, 204, 1, 212]
1542749345805;[171, 0, 17, 255, 161, 74, 234, 87, 243, 1, 0, 165, 1, 0, 35, 0, 0, 204, 1, 212]
1542749345808;[171, 0, 17, 255, 161, 74, 234, 87, 243, 1, 0, 166, 1, 0, 31, 0, 0, 204, 1, 195]
1542749345810;[171, 0, 17, 255, 161, 74, 234, 87, 243, 1, 0, 166, 1, 0, 31, 0, 0, 204, 1, 195]
1542749345966;[171, 0, 17, 255, 161, 74, 234, 87, 243, 1, 0, 164, 1, 0, 34, 0, 0, 201, 1, 254]
1542749345968;[171, 0, 17, 255, 161, 74, 234, 87, 243, 1, 0, 164, 1, 0, 34, 0, 0, 201, 1, 254]
1542749345971;[171, 0, 4, 255, 132, 128, 65]
1542749345973;[171, 0, 4, 255, 132, 128, 65]
1542749345976;[171, 0, 17, 255, 161, 74, 234, 87, 243, 1, 0, 164, 1, 0, 33, 0, 0, 205, 2, 5]
1542749345978;[171, 0, 17, 255, 161, 74, 234, 87, 243, 1, 0, 164, 1, 0, 33, 0, 0, 205, 2, 5]
1542749345980;[171, 0, 17, 255, 161, 74, 234, 87, 243, 1, 0, 164, 1, 0, 34, 0, 0, 203, 1, 218]
1542749345982;[171, 0, 17, 255, 161, 74, 234, 87, 243, 1, 0, 164, 1, 0, 34, 0, 0, 203, 1, 218]
1542749346137;[171, 0, 17, 255, 161, 74, 234, 87, 243, 1, 0, 165, 1, 0, 36, 0, 0, 202, 1, 182]
1542749346139;[171, 0, 17, 255, 161, 74, 234, 87, 243, 1, 0, 165, 1, 0, 36, 0, 0, 202, 1, 182]
1542749346141;[171, 0, 17, 255, 161, 74, 234, 87, 243, 1, 0, 163, 1, 0, 35, 0, 0, 202, 1, 151]
1542749346143;[171, 0, 17, 255, 161, 74, 234, 87, 243, 1, 0, 163, 1, 0, 35, 0, 0, 202, 1, 151]
1542749346309;[171, 0, 17, 255, 161, 74, 234, 87, 243, 1, 0, 162, 1, 0, 33, 0, 0, 203, 1, 127]
1542749346312;[171, 0, 17, 255, 161, 74, 234, 87, 243, 1, 0, 162, 1, 0, 33, 0, 0, 203, 1, 127]
1542749346314;[171, 0, 17, 255, 161, 74, 234, 87, 244, 1, 0, 163, 1, 0, 34, 0, 0, 205, 1, 91]
1542749346315;[171, 0, 17, 255, 161, 74, 234, 87, 244, 1, 0, 163, 1, 0, 34, 0, 0, 205, 1, 91]
1542749346655;[171, 0, 17, 255, 161, 74, 234, 87, 244, 1, 0, 162, 1, 0, 34, 0, 0, 205, 1, 66]
1542749346657;[171, 0, 17, 255, 161, 74, 234, 87, 244, 1, 0, 162, 1, 0, 34, 0, 0, 205, 1, 66]
1542749346659;[171, 0, 17, 255, 161, 74, 234, 87, 244, 1, 0, 160, 1, 0, 35, 0, 0, 205, 1, 54]
1542749346661;[171, 0, 17, 255, 161, 74, 234, 87, 244, 1, 0, 160, 1, 0, 35, 0, 0, 205, 1, 54]
1542749346664;[171, 0, 17, 255, 161, 74, 234, 87, 244, 1, 0, 163, 1, 0, 34, 0, 0, 205, 1, 162]
1542749346666;[171, 0, 17, 255, 161, 74, 234, 87, 244, 1, 0, 163, 1, 0, 34, 0, 0, 205, 1, 162]
1542749346827;[171, 0, 17, 255, 161, 74, 234, 87, 244, 1, 0, 161, 1, 0, 36, 0, 0, 205, 1, 229]
1542749346829;[171, 0, 17, 255, 161, 74, 234, 87, 244, 1, 0, 161, 1, 0, 36, 0, 0, 205, 1, 229]
1542749346831;[171, 0, 4, 255, 132, 128, 65]
1542749346834;[171, 0, 4, 255, 132, 128, 65]
1542749347001;[171, 0, 17, 255, 161, 74, 234, 87, 244, 1, 0, 163, 1, 0, 36, 0, 0, 205, 1, 224]
1542749347003;[171, 0, 17, 255, 161, 74, 234, 87, 244, 1, 0, 163, 1, 0, 36, 0, 0, 205, 1, 224]
1542749347172;[171, 0, 17, 255, 161, 74, 234, 87, 244, 1, 0, 160, 1, 0, 34, 0, 0, 207, 1, 214]
1542749347174;[171, 0, 17, 255, 161, 74, 234, 87, 244, 1, 0, 160, 1, 0, 34, 0, 0, 207, 1, 214]
1542749347177;[171, 0, 17, 255, 161, 74, 234, 87, 244, 1, 0, 161, 1, 0, 34, 0, 0, 204, 1, 194]
1542749347179;[171, 0, 17, 255, 161, 74, 234, 87, 244, 1, 0, 161, 1, 0, 34, 0, 0, 204, 1, 194]
1542749347347;[171, 0, 17, 255, 161, 74, 234, 87, 244, 1, 0, 162, 1, 0, 33, 0, 0, 206, 1, 165]
1542749347349;[171, 0, 17, 255, 161, 74, 234, 87, 244, 1, 0, 162, 1, 0, 33, 0, 0, 206, 1, 165]
1542749347354;[171, 0, 17, 255, 161, 74, 234, 87, 244, 1, 0, 164, 1, 0, 35, 0, 0, 205, 1, 137]
1542749347356;[171, 0, 17, 255, 161, 74, 234, 87, 244, 1, 0, 164, 1, 0, 35, 0, 0, 205, 1, 137]
1542749347863;[171, 0, 17, 255, 161, 74, 234, 87, 245, 1, 0, 159, 1, 0, 35, 0, 0, 205, 1, 110]
1542749347865;[171, 0, 17, 255, 161, 74, 234, 87, 245, 1, 0, 159, 1, 0, 35, 0, 0, 205, 1, 110]
1542749347868;[171, 0, 17, 255, 161, 74, 234, 87, 245, 1, 0, 161, 1, 0, 35, 0, 0, 206, 1, 221]
1542749347870;[171, 0, 17, 255, 161, 74, 234, 87, 245, 1, 0, 161, 1, 0, 35, 0, 0, 206, 1, 221]
1542749347872;[171, 0, 17, 255, 161, 74, 234, 87, 245, 1, 0, 161, 1, 0, 35, 0, 0, 205, 2, 55]
1542749347874;[171, 0, 17, 255, 161, 74, 234, 87, 245, 1, 0, 161, 1, 0, 35, 0, 0, 205, 2, 55]
1542749347876;[171, 0, 17, 255, 161, 74, 234, 87, 245, 1, 0, 163, 1, 0, 35, 0, 0, 207, 2, 77]
1542749347878;[171, 0, 17, 255, 161, 74, 234, 87, 245, 1, 0, 163, 1, 0, 35, 0, 0, 207, 2, 77]
1542749348036;[171, 0, 17, 255, 161, 74, 234, 87, 245, 1, 0, 161, 1, 0, 35, 0, 0, 205, 2, 62]
1542749348040;[171, 0, 17, 255, 161, 74, 234, 87, 245, 1, 0, 161, 1, 0, 35, 0, 0, 205, 2, 62]
1542749348042;[171, 0, 4, 255, 132, 128, 64]
1542749348045;[171, 0, 4, 255, 132, 128, 64]
1542749348050;[171, 0, 17, 255, 161, 74, 234, 87, 245, 1, 0, 160, 1, 0, 35, 0, 0, 207, 2, 52]
1542749348052;[171, 0, 17, 255, 161, 74, 234, 87, 245, 1, 0, 160, 1, 0, 35, 0, 0, 207, 2, 52]
1542749348207;[171, 0, 17, 255, 161, 74, 234, 87, 245, 1, 0, 163, 1, 0, 35, 0, 0, 204, 2, 20]
1542749348209;[171, 0, 17, 255, 161, 74, 234, 87, 245, 1, 0, 163, 1, 0, 35, 0, 0, 204, 2, 20]
1542749348226;[171, 0, 17, 255, 161, 74, 234, 87, 245, 1, 0, 161, 1, 0, 38, 0, 0, 206, 1, 236]
1542749348228;[171, 0, 17, 255, 161, 74, 234, 87, 245, 1, 0, 161, 1, 0, 38, 0, 0, 206, 1, 236]
1542749348379;[171, 0, 17, 255, 161, 74, 234, 87, 245, 1, 0, 159, 1, 0, 34, 0, 0, 206, 1, 192]
1542749348381;[171, 0, 17, 255, 161, 74, 234, 87, 245, 1, 0, 159, 1, 0, 34, 0, 0, 206, 1, 192]
1542749348552;[171, 0, 17, 255, 161, 74, 234, 87, 245, 1, 0, 162, 1, 0, 35, 0, 0, 206, 1, 150]
1542749348554;[171, 0, 17, 255, 161, 74, 234, 87, 245, 1, 0, 162, 1, 0, 35, 0, 0, 206, 1, 150]
1542749348557;[171, 0, 17, 255, 161, 74, 234, 87, 246, 1, 0, 162, 1, 0, 36, 0, 0, 205, 1, 253]
1542749348558;[171, 0, 17, 255, 161, 74, 234, 87, 246, 1, 0, 162, 1, 0, 36, 0, 0, 205, 1, 253]
1542749348726;[171, 0, 17, 255, 161, 74, 234, 87, 246, 1, 0, 161, 1, 0, 37, 0, 0, 206, 2, 96]
1542749348729;[171, 0, 17, 255, 161, 74, 234, 87, 246, 1, 0, 161, 1, 0, 37, 0, 0, 206, 2, 96]
1542749348731;[171, 0, 17, 255, 161, 74, 234, 87, 246, 1, 0, 160, 1, 0, 35, 0, 0, 207, 2, 113]
1542749348733;[171, 0, 17, 255, 161, 74, 234, 87, 246, 1, 0, 160, 1, 0, 35, 0, 0, 207, 2, 113]
1542749349244;[171, 0, 17, 255, 161, 74, 234, 87, 246, 1, 0, 163, 1, 0, 34, 0, 0, 206, 2, 102]
1542749349246;[171, 0, 17, 255, 161, 74, 234, 87, 246, 1, 0, 163, 1, 0, 34, 0, 0, 206, 2, 102]
1542749349248;[171, 0, 17, 255, 161, 74, 234, 87, 246, 1, 0, 162, 1, 0, 37, 0, 0, 205, 2, 91]
1542749349250;[171, 0, 17, 255, 161, 74, 234, 87, 246, 1, 0, 162, 1, 0, 37, 0, 0, 205, 2, 91]
1542749349253;[171, 0, 4, 255, 132, 128, 64]
1542749349255;[171, 0, 4, 255, 132, 128, 64]
1542749349258;[171, 0, 17, 255, 161, 74, 234, 87, 246, 1, 0, 161, 1, 0, 35, 0, 0, 205, 2, 52]
1542749349259;[171, 0, 17, 255, 161, 74, 234, 87, 246, 1, 0, 161, 1, 0, 35, 0, 0, 205, 2, 52]
1542749349416;[171, 0, 17, 255, 161, 74, 234, 87, 246, 1, 0, 160, 1, 0, 35, 0, 0, 206, 2, 22]
1542749349418;[171, 0, 17, 255, 161, 74, 234, 87, 246, 1, 0, 160, 1, 0, 35, 0, 0, 206, 2, 22]
1542749349420;[171, 0, 17, 255, 161, 74, 234, 87, 246, 1, 0, 163, 1, 0, 35, 0, 0, 205, 1, 212]
1542749349423;[171, 0, 17, 255, 161, 74, 234, 87, 246, 1, 0, 163, 1, 0, 35, 0, 0, 205, 1, 212]
1542749349425;[171, 0, 17, 255, 161, 74, 234, 87, 246, 1, 0, 162, 1, 0, 34, 0, 0, 206, 1, 176]
1542749349427;[171, 0, 17, 255, 161, 74, 234, 87, 246, 1, 0, 162, 1, 0, 34, 0, 0, 206, 1, 176]
1542749349586;[171, 0, 17, 255, 161, 74, 234, 87, 246, 1, 0, 161, 1, 0, 37, 0, 0, 207, 1, 198]
1542749349588;[171, 0, 17, 255, 161, 74, 234, 87, 246, 1, 0, 161, 1, 0, 37, 0, 0, 207, 1, 198]
1542749349760;[171, 0, 17, 255, 161, 74, 234, 87, 247, 1, 0, 161, 1, 0, 35, 0, 0, 207, 2, 68]
1542749349761;[171, 0, 17, 255, 161, 74, 234, 87, 247, 1, 0, 161, 1, 0, 35, 0, 0, 207, 2, 68]
1542749349764;[171, 0, 17, 255, 161, 74, 234, 87, 247, 1, 0, 161, 1, 0, 35, 0, 0, 205, 2, 102]
1542749349765;[171, 0, 17, 255, 161, 74, 234, 87, 247, 1, 0, 161, 1, 0, 35, 0, 0, 205, 2, 102]
1542749349932;[171, 0, 17, 255, 161, 74, 234, 87, 247, 1, 0, 160, 1, 0, 35, 0, 0, 206, 2, 84]
1542749349933;[171, 0, 17, 255, 161, 74, 234, 87, 247, 1, 0, 160, 1, 0, 35, 0, 0, 206, 2, 84]
1542749349936;[171, 0, 17, 255, 161, 74, 234, 87, 247, 1, 0, 161, 1, 0, 36, 0, 0, 204, 2, 60]
1542749349937;[171, 0, 17, 255, 161, 74, 234, 87, 247, 1, 0, 161, 1, 0, 36, 0, 0, 204, 2, 60]
1542749350104;[171, 0, 17, 255, 161, 74, 234, 87, 247, 1, 0, 162, 1, 0, 37, 0, 0, 204, 2, 24]
1542749350106;[171, 0, 17, 255, 161, 74, 234, 87, 247, 1, 0, 162, 1, 0, 37, 0, 0, 204, 2, 24]
1542749350108;[171, 0, 4, 255, 132, 128, 64]
1542749350110;[171, 0, 4, 255, 132, 128, 64]
1542749350451;[171, 0, 17, 255, 161, 74, 234, 87, 247, 1, 0, 161, 1, 0, 37, 0, 0, 206, 1, 241]
1542749350453;[171, 0, 17, 255, 161, 74, 234, 87, 247, 1, 0, 161, 1, 0, 37, 0, 0, 206, 1, 241]
1542749350455;[171, 0, 17, 255, 161, 74, 234, 87, 247, 1, 0, 164, 1, 0, 35, 0, 0, 205, 1, 184]
1542749350457;[171, 0, 17, 255, 161, 74, 234, 87, 247, 1, 0, 164, 1, 0, 35, 0, 0, 205, 1, 184]
1542749350459;[171, 0, 17, 255, 161, 74, 234, 87, 247, 1, 0, 163, 1, 0, 37, 0, 0, 205, 1, 131]
1542749350461;[171, 0, 17, 255, 161, 74, 234, 87, 247, 1, 0, 163, 1, 0, 37, 0, 0, 205, 1, 131]
1542749350622;[171, 0, 17, 255, 161, 74, 234, 87, 247, 1, 0, 162, 1, 0, 37, 0, 0, 205, 1, 106]
1542749350624;[171, 0, 17, 255, 161, 74, 234, 87, 247, 1, 0, 162, 1, 0, 37, 0, 0, 205, 1, 106]
1542749350627;[171, 0, 17, 255, 161, 74, 234, 87, 247, 1, 0, 162, 1, 0, 37, 0, 0, 207, 1, 206]
1542749350628;[171, 0, 17, 255, 161, 74, 234, 87, 247, 1, 0, 162, 1, 0, 37, 0, 0, 207, 1, 206]
1542749350794;[171, 0, 17, 255, 161, 74, 234, 87, 248, 1, 0, 165, 1, 0, 35, 0, 0, 205, 1, 231]
1542749350796;[171, 0, 17, 255, 161, 74, 234, 87, 248, 1, 0, 165, 1, 0, 35, 0, 0, 205, 1, 231]
1542749350967;[171, 0, 17, 255, 161, 74, 234, 87, 248, 1, 0, 162, 1, 0, 36, 0, 0, 207, 1, 188]
1542749350969;[171, 0, 17, 255, 161, 74, 234, 87, 248, 1, 0, 162, 1, 0, 36, 0, 0, 207, 1, 188]
1542749350971;[171, 0, 17, 255, 161, 74, 234, 87, 248, 1, 0, 164, 1, 0, 35, 0, 0, 205, 1, 120]
1542749350972;[171, 0, 17, 255, 161, 74, 234, 87, 248, 1, 0, 164, 1, 0, 35, 0, 0, 205, 1, 120]
1542749351140;[171, 0, 17, 255, 161, 74, 234, 87, 248, 1, 0, 166, 1, 0, 35, 0, 0, 205, 1, 95]
1542749351142;[171, 0, 17, 255, 161, 74, 234, 87, 248, 1, 0, 166, 1, 0, 35, 0, 0, 205, 1, 95]
1542749351144;[171, 0, 17, 255, 161, 74, 234, 87, 248, 1, 0, 163, 1, 0, 35, 0, 0, 203, 1, 47]
1542749351145;[171, 0, 17, 255, 161, 74, 234, 87, 248, 1, 0, 163, 1, 0, 35, 0, 0, 203, 1, 47]
1542749351658;[171, 0, 4, 255, 132, 128, 64]
1542749351661;[171, 0, 4, 255, 132, 128, 64]
1542749351664;[171, 0, 17, 255, 161, 74, 234, 87, 248, 1, 0, 165, 1, 0, 34, 0, 0, 204, 0, 240]
1542749351666;[171, 0, 17, 255, 161, 74, 234, 87, 248, 1, 0, 165, 1, 0, 34, 0, 0, 204, 0, 240]
1542749351668;[171, 0, 17, 255, 161, 74, 234, 87, 248, 1, 0, 163, 1, 0, 35, 0, 0, 204, 0, 205]
1542749351670;[171, 0, 17, 255, 161, 74, 234, 87, 248, 1, 0, 163, 1, 0, 35, 0, 0, 204, 0, 205]
1542749351672;[171, 0, 17, 255, 161, 74, 234, 87, 248, 1, 0, 166, 1, 0, 36, 0, 0, 204, 1, 7]
1542749351674;[171, 0, 17, 255, 161, 74, 234, 87, 248, 1, 0, 166, 1, 0, 36, 0, 0, 204, 1, 7]
1542749351830;[171, 0, 17, 255, 161, 74, 234, 87, 248, 1, 0, 165, 1, 0, 33, 0, 0, 204, 1, 20]
1542749351832;[171, 0, 17, 255, 161, 74, 234, 87, 248, 1, 0, 165, 1, 0, 33, 0, 0, 204, 1, 20]
1542749351834;[171, 0, 17, 255, 161, 74, 234, 87, 248, 1, 0, 164, 1, 0, 35, 0, 0, 204, 0, 246]
1542749351836;[171, 0, 17, 255, 161, 74, 234, 87, 248, 1, 0, 164, 1, 0, 35, 0, 0, 204, 0, 246]
1542749351838;[171, 0, 17, 255, 161, 74, 234, 87, 249, 1, 0, 163, 1, 0, 35, 0, 0, 204, 0, 201]
1542749351840;[171, 0, 17, 255, 161, 74, 234, 87, 249, 1, 0, 163, 1, 0, 35, 0, 0, 204, 0, 201]
1542749352003;[171, 0, 17, 255, 161, 74, 234, 87, 249, 1, 0, 163, 1, 0, 36, 0, 0, 205, 16, 178]
1542749352005;[171, 0, 17, 255, 161, 74, 234, 87, 249, 1, 0, 163, 1, 0, 36, 0, 0, 205, 16, 178]
1542749352008;[171, 0, 17, 255, 161, 74, 234, 87, 249, 1, 0, 164, 1, 0, 34, 0, 0, 203, 7, 188]
1542749352009;[171, 0, 17, 255, 161, 74, 234, 87, 249, 1, 0, 164, 1, 0, 34, 0, 0, 203, 7, 188]
1542749352173;[171, 0, 17, 255, 161, 74, 234, 87, 249, 1, 0, 163, 1, 0, 35, 0, 0, 202, 7, 154]
1542749352175;[171, 0, 17, 255, 161, 74, 234, 87, 249, 1, 0, 163, 1, 0, 35, 0, 0, 202, 7, 154]
1542749352519;[171, 0, 17, 255, 161, 74, 234, 87, 251, 1, 0, 161, 1, 0, 36, 0, 0, 208, 8, 185]
1542749352521;[171, 0, 17, 255, 161, 74, 234, 87, 251, 1, 0, 161, 1, 0, 36, 0, 0, 208, 8, 185]
1542749352524;[171, 0, 17, 255, 161, 74, 234, 87, 251, 1, 0, 161, 1, 0, 36, 0, 0, 206, 8, 159]
1542749352526;[171, 0, 17, 255, 161, 74, 234, 87, 251, 1, 0, 161, 1, 0, 36, 0, 0, 206, 8, 159]
1542749352691;[171, 0, 17, 255, 161, 74, 234, 87, 251, 1, 0, 161, 1, 0, 36, 0, 0, 205, 8, 128]
1542749352693;[171, 0, 17, 255, 161, 74, 234, 87, 251, 1, 0, 161, 1, 0, 36, 0, 0, 205, 8, 128]
1542749353039;[171, 0, 17, 255, 161, 74, 234, 87, 251, 1, 0, 162, 1, 0, 38, 0, 0, 206, 8, 94]
1542749353041;[171, 0, 17, 255, 161, 74, 234, 87, 251, 1, 0, 162, 1, 0, 38, 0, 0, 206, 8, 94]
1542749353043;[171, 0, 17, 255, 161, 74, 234, 87, 251, 1, 0, 161, 1, 0, 35, 0, 0, 205, 8, 51]
1542749353045;[171, 0, 17, 255, 161, 74, 234, 87, 251, 1, 0, 161, 1, 0, 35, 0, 0, 205, 8, 51]
1542749353047;[171, 0, 17, 255, 161, 74, 234, 88, 0, 1, 0, 162, 1, 0, 35, 0, 0, 205, 8, 7]
1542749353049;[171, 0, 17, 255, 161, 74, 234, 88, 0, 1, 0, 162, 1, 0, 35, 0, 0, 205, 8, 7]
1542749353052;[171, 0, 17, 255, 161, 74, 234, 88, 0, 1, 0, 161, 1, 0, 36, 0, 0, 206, 8, 97]
1542749353054;[171, 0, 17, 255, 161, 74, 234, 88, 0, 1, 0, 161, 1, 0, 36, 0, 0, 206, 8, 97]
1542749353210;[171, 0, 17, 255, 161, 74, 234, 88, 0, 1, 0, 164, 1, 0, 37, 0, 0, 206, 8, 220]
1542749353212;[171, 0, 17, 255, 161, 74, 234, 88, 0, 1, 0, 164, 1, 0, 37, 0, 0, 206, 8, 220]
1542749353214;[171, 0, 17, 255, 161, 74, 234, 88, 0, 1, 0, 161, 1, 0, 34, 0, 0, 207, 8, 244]
1542749353215;[171, 0, 17, 255, 161, 74, 234, 88, 0, 1, 0, 161, 1, 0, 34, 0, 0, 207, 8, 244]
1542749353382;[171, 0, 17, 255, 161, 74, 234, 88, 0, 1, 0, 163, 1, 0, 35, 0, 0, 207, 8, 221]
1542749353385;[171, 0, 17, 255, 161, 74, 234, 88, 0, 1, 0, 163, 1, 0, 35, 0, 0, 207, 8, 221]
1542749353554;[171, 0, 4, 255, 132, 128, 65]
1542749353557;[171, 0, 4, 255, 132, 128, 65]
1542749353559;[171, 0, 17, 255, 161, 74, 234, 88, 0, 1, 0, 162, 1, 0, 34, 0, 0, 205, 8, 193]
1542749353561;[171, 0, 17, 255, 161, 74, 234, 88, 0, 1, 0, 162, 1, 0, 34, 0, 0, 205, 8, 193]
1542749353726;[171, 0, 17, 255, 161, 74, 234, 88, 0, 1, 0, 164, 1, 0, 35, 0, 0, 205, 8, 159]
1542749353729;[171, 0, 17, 255, 161, 74, 234, 88, 0, 1, 0, 164, 1, 0, 35, 0, 0, 205, 8, 159]
1542749353730;[171, 0, 17, 255, 161, 74, 234, 88, 0, 1, 0, 161, 1, 0, 35, 0, 0, 207, 8, 104]
1542749353732;[171, 0, 17, 255, 161, 74, 234, 88, 0, 1, 0, 161, 1, 0, 35, 0, 0, 207, 8, 104]
1542749354246;[171, 0, 17, 255, 161, 74, 234, 88, 0, 1, 0, 162, 1, 0, 37, 0, 0, 207, 8, 49]
1542749354247;[171, 0, 17, 255, 161, 74, 234, 88, 0, 1, 0, 162, 1, 0, 37, 0, 0, 207, 8, 49]
1542749354250;[171, 0, 17, 255, 161, 74, 234, 88, 0, 1, 0, 164, 1, 0, 36, 0, 0, 206, 8, 7]
1542749354253;[171, 0, 17, 255, 161, 74, 234, 88, 0, 1, 0, 164, 1, 0, 36, 0, 0, 206, 8, 7]
1542749354255;[171, 0, 17, 255, 161, 74, 234, 88, 1, 1, 0, 163, 1, 0, 33, 0, 0, 205, 8, 152]
1542749354257;[171, 0, 17, 255, 161, 74, 234, 88, 1, 1, 0, 163, 1, 0, 33, 0, 0, 205, 8, 152]
1542749354259;[171, 0, 17, 255, 161, 74, 234, 88, 1, 1, 0, 166, 1, 0, 35, 0, 0, 203, 8, 218]
1542749354261;[171, 0, 17, 255, 161, 74, 234, 88, 1, 1, 0, 166, 1, 0, 35, 0, 0, 203, 8, 218]
1542749354418;[171, 0, 17, 255, 161, 74, 234, 88, 1, 1, 0, 162, 1, 0, 35, 0, 0, 205, 8, 198]
1542749354420;[171, 0, 17, 255, 161, 74, 234, 88, 1, 1, 0, 162, 1, 0, 35, 0, 0, 205, 8, 198]
1542749354422;[171, 0, 17, 255, 161, 74, 234, 88, 1, 1, 0, 164, 1, 0, 35, 0, 0, 204, 8, 158]
1542749354424;[171, 0, 17, 255, 161, 74, 234, 88, 1, 1, 0, 164, 1, 0, 35, 0, 0, 204, 8, 158]
1542749354426;[171, 0, 17, 255, 161, 74, 234, 88, 1, 1, 0, 161, 1, 0, 35, 0, 0, 203, 8, 111]
1542749354428;[171, 0, 17, 255, 161, 74, 234, 88, 1, 1, 0, 161, 1, 0, 35, 0, 0, 203, 8, 111]
1542749354590;[171, 0, 4, 255, 132, 128, 65]
1542749354592;[171, 0, 4, 255, 132, 128, 65]
1542749354762;[171, 0, 17, 255, 161, 74, 234, 88, 1, 1, 0, 163, 1, 0, 33, 0, 0, 205, 8, 54]
1542749354764;[171, 0, 17, 255, 161, 74, 234, 88, 1, 1, 0, 163, 1, 0, 33, 0, 0, 205, 8, 54]
1542749354766;[171, 0, 17, 255, 161, 74, 234, 88, 1, 1, 0, 163, 1, 0, 36, 0, 0, 205, 7, 253]
1542749354768;[171, 0, 17, 255, 161, 74, 234, 88, 1, 1, 0, 163, 1, 0, 36, 0, 0, 205, 7, 253]
1542749354934;[171, 0, 17, 255, 161, 74, 234, 88, 1, 1, 0, 164, 1, 0, 34, 0, 0, 203, 7, 199]
1542749354936;[171, 0, 17, 255, 161, 74, 234, 88, 1, 1, 0, 164, 1, 0, 34, 0, 0, 203, 7, 199]
1542749354938;[171, 0, 17, 255, 161, 74, 234, 88, 1, 1, 0, 163, 1, 0, 34, 0, 0, 204, 7, 133]
1542749354940;[171, 0, 17, 255, 161, 74, 234, 88, 1, 1, 0, 163, 1, 0, 34, 0, 0, 204, 7, 133]
1542749355106;[171, 0, 17, 255, 161, 74, 234, 88, 1, 1, 0, 163, 1, 0, 34, 0, 0, 205, 7, 136]
1542749355108;[171, 0, 17, 255, 161, 74, 234, 88, 1, 1, 0, 163, 1, 0, 34, 0, 0, 205, 7, 136]
1542749355280;[171, 0, 17, 255, 161, 74, 234, 88, 2, 1, 0, 164, 1, 0, 36, 0, 0, 203, 7, 232]
1542749355282;[171, 0, 17, 255, 161, 74, 234, 88, 2, 1, 0, 164, 1, 0, 36, 0, 0, 203, 7, 232]
1542749355285;[171, 0, 17, 255, 161, 74, 234, 88, 2, 1, 0, 162, 1, 0, 33, 0, 0, 204, 8, 11]
1542749355286;[171, 0, 17, 255, 161, 74, 234, 88, 2, 1, 0, 162, 1, 0, 33, 0, 0, 204, 8, 11]
1542749355627;[171, 0, 17, 255, 161, 74, 234, 88, 2, 1, 0, 164, 1, 0, 36, 0, 0, 204, 7, 251]
1542749355629;[171, 0, 17, 255, 161, 74, 234, 88, 2, 1, 0, 164, 1, 0, 36, 0, 0, 204, 7, 251]
1542749355631;[171, 0, 17, 255, 161, 74, 234, 88, 2, 1, 0, 162, 1, 0, 33, 0, 0, 204, 7, 244]
1542749355633;[171, 0, 17, 255, 161, 74, 234, 88, 2, 1, 0, 162, 1, 0, 33, 0, 0, 204, 7, 244]
1542749355636;[171, 0, 17, 255, 161, 74, 234, 88, 2, 1, 0, 165, 1, 0, 35, 0, 0, 204, 7, 228]
1542749355638;[171, 0, 17, 255, 161, 74, 234, 88, 2, 1, 0, 165, 1, 0, 35, 0, 0, 204, 7, 228]
1542749355640;[171, 0, 4, 255, 132, 128, 65]
1542749355642;[171, 0, 4, 255, 132, 128, 65]
1542749355797;[171, 0, 17, 255, 161, 74, 234, 88, 2, 1, 0, 162, 1, 0, 36, 0, 0, 205, 7, 203]
1542749355798;[171, 0, 17, 255, 161, 74, 234, 88, 2, 1, 0, 162, 1, 0, 36, 0, 0, 205, 7, 203]
1542749355970;[171, 0, 17, 255, 161, 74, 234, 88, 2, 1, 0, 162, 1, 0, 33, 0, 0, 206, 7, 159]
1542749355972;[171, 0, 17, 255, 161, 74, 234, 88, 2, 1, 0, 162, 1, 0, 33, 0, 0, 206, 7, 159]
1542749355974;[171, 0, 17, 255, 161, 74, 234, 88, 2, 1, 0, 161, 1, 0, 34, 0, 0, 206, 7, 117]
1542749355976;[171, 0, 17, 255, 161, 74, 234, 88, 2, 1, 0, 161, 1, 0, 34, 0, 0, 206, 7, 117]
1542749356143;[171, 0, 17, 255, 161, 74, 234, 88, 2, 1, 0, 161, 1, 0, 35, 0, 0, 205, 7, 71]
1542749356145;[171, 0, 17, 255, 161, 74, 234, 88, 2, 1, 0, 161, 1, 0, 35, 0, 0, 205, 7, 71]
1542749356147;[171, 0, 17, 255, 161, 74, 234, 88, 2, 1, 0, 162, 1, 0, 36, 0, 0, 206, 7, 185]
1542749356149;[171, 0, 17, 255, 161, 74, 234, 88, 2, 1, 0, 162, 1, 0, 36, 0, 0, 206, 7, 185]
1542749356315;[171, 0, 17, 255, 161, 74, 234, 88, 3, 1, 0, 162, 1, 0, 34, 0, 0, 207, 8, 49]
1542749356317;[171, 0, 17, 255, 161, 74, 234, 88, 3, 1, 0, 162, 1, 0, 34, 0, 0, 207, 8, 49]
1542749356319;[171, 0, 17, 255, 161, 74, 234, 88, 3, 1, 0, 160, 1, 0, 35, 0, 0, 207, 8, 56]
1542749356321;[171, 0, 17, 255, 161, 74, 234, 88, 3, 1, 0, 160, 1, 0, 35, 0, 0, 207, 8, 56]
1542749356487;[171, 0, 17, 255, 161, 74, 234, 88, 3, 1, 0, 161, 1, 0, 36, 0, 0, 206, 8, 41]
1542749356489;[171, 0, 17, 255, 161, 74, 234, 88, 3, 1, 0, 161, 1, 0, 36, 0, 0, 206, 8, 41]
1542749356835;[171, 0, 17, 255, 161, 74, 234, 88, 3, 1, 0, 162, 1, 0, 36, 0, 0, 206, 8, 12]
1542749356837;[171, 0, 17, 255, 161, 74, 234, 88, 3, 1, 0, 162, 1, 0, 36, 0, 0, 206, 8, 12]
1542749356839;[171, 0, 17, 255, 161, 74, 234, 88, 3, 1, 0, 162, 1, 0, 37, 0, 0, 205, 7, 228]
1542749356841;[171, 0, 17, 255, 161, 74, 234, 88, 3, 1, 0, 162, 1, 0, 37, 0, 0, 205, 7, 228]
1542749356843;[171, 0, 4, 255, 132, 128, 66]
1542749356846;[171, 0, 4, 255, 132, 128, 66]
1542749356848;[171, 0, 17, 255, 161, 74, 234, 88, 3, 1, 0, 164, 1, 0, 35, 0, 0, 207, 7, 185]
1542749356850;[171, 0, 17, 255, 161, 74, 234, 88, 3, 1, 0, 164, 1, 0, 35, 0, 0, 207, 7, 185]
1542749357005;[171, 0, 17, 255, 161, 74, 234, 88, 3, 1, 0, 161, 1, 0, 36, 0, 0, 205, 7, 140]
1542749357006;[171, 0, 17, 255, 161, 74, 234, 88, 3, 1, 0, 161, 1, 0, 36, 0, 0, 205, 7, 140]
1542749357009;[171, 0, 17, 255, 161, 74, 234, 88, 3, 1, 0, 161, 1, 0, 34, 0, 0, 205, 7, 90]
1542749357011;[171, 0, 17, 255, 161, 74, 234, 88, 3, 1, 0, 161, 1, 0, 34, 0, 0, 205, 7, 90]
1542749357182;[171, 0, 17, 255, 161, 74, 234, 88, 3, 1, 0, 162, 1, 0, 36, 0, 0, 203, 7, 132]
1542749357184;[171, 0, 17, 255, 161, 74, 234, 88, 3, 1, 0, 162, 1, 0, 36, 0, 0, 203, 7, 132]
1542749357349;[171, 0, 17, 255, 161, 74, 234, 88, 3, 1, 0, 160, 1, 0, 34, 0, 0, 208, 7, 127]
1542749357350;[171, 0, 17, 255, 161, 74, 234, 88, 3, 1, 0, 160, 1, 0, 34, 0, 0, 208, 7, 127]
1542749357351;[171, 0, 17, 255, 161, 74, 234, 88, 4, 1, 0, 158, 1, 0, 37, 0, 0, 208, 7, 43]
1542749357352;[171, 0, 17, 255, 161, 74, 234, 88, 4, 1, 0, 158, 1, 0, 37, 0, 0, 208, 7, 43]
1542749357522;[171, 0, 17, 255, 161, 74, 234, 88, 4, 1, 0, 157, 1, 0, 38, 0, 0, 210, 6, 214]
1542749357524;[171, 0, 17, 255, 161, 74, 234, 88, 4, 1, 0, 157, 1, 0, 38, 0, 0, 210, 6, 214]
1542749357526;[171, 0, 17, 255, 161, 74, 234, 88, 4, 1, 0, 157, 1, 0, 39, 0, 0, 212, 6, 111]
1542749357528;[171, 0, 17, 255, 161, 74, 234, 88, 4, 1, 0, 157, 1, 0, 39, 0, 0, 212, 6, 111]
1542749358386;[171, 0, 17, 255, 161, 74, 234, 88, 4, 1, 0, 161, 1, 0, 36, 0, 0, 212, 6, 15]
1542749358387;[171, 0, 17, 255, 161, 74, 234, 88, 4, 1, 0, 161, 1, 0, 36, 0, 0, 212, 6, 15]
1542749358390;[171, 0, 17, 255, 161, 74, 234, 88, 4, 1, 0, 157, 1, 0, 29, 0, 0, 208, 5, 193]
1542749358392;[171, 0, 17, 255, 161, 74, 234, 88, 4, 1, 0, 157, 1, 0, 29, 0, 0, 208, 5, 193]
1542749358393;[171, 0, 4, 255, 132, 128, 66]
1542749358395;[171, 0, 4, 255, 132, 128, 66]
1542749358397;[171, 0, 17, 255, 161, 74, 234, 88, 4, 1, 0, 157, 1, 0, 35, 0, 0, 211, 5, 164]
1542749358398;[171, 0, 17, 255, 161, 74, 234, 88, 4, 1, 0, 157, 1, 0, 35, 0, 0, 211, 5, 164]
1542749358560;[171, 0, 17, 255, 161, 74, 234, 88, 4, 1, 0, 156, 1, 0, 37, 0, 0, 207, 5, 198]
1542749358563;[171, 0, 17, 255, 161, 74, 234, 88, 4, 1, 0, 156, 1, 0, 37, 0, 0, 207, 5, 198]
1542749358565;[171, 0, 17, 255, 161, 74, 234, 88, 4, 1, 0, 159, 1, 0, 32, 0, 0, 206, 5, 189]
1542749358567;[171, 0, 17, 255, 161, 74, 234, 88, 4, 1, 0, 159, 1, 0, 32, 0, 0, 206, 5, 189]
1542749358569;[171, 0, 17, 255, 161, 74, 234, 88, 4, 1, 0, 155, 1, 0, 31, 0, 0, 212, 5, 159]
1542749358572;[171, 0, 17, 255, 161, 74, 234, 88, 4, 1, 0, 155, 1, 0, 31, 0, 0, 212, 5, 159]
1542749358574;[171, 0, 17, 255, 161, 74, 234, 88, 4, 1, 0, 156, 1, 0, 32, 0, 0, 219, 5, 162]
1542749358575;[171, 0, 17, 255, 161, 74, 234, 88, 4, 1, 0, 156, 1, 0, 32, 0, 0, 219, 5, 162]
1542749358730;[171, 0, 17, 255, 161, 74, 234, 88, 5, 1, 0, 160, 1, 0, 28, 0, 0, 193, 5, 234]
1542749358732;[171, 0, 17, 255, 161, 74, 234, 88, 5, 1, 0, 160, 1, 0, 28, 0, 0, 193, 5, 234]
1542749358734;[171, 0, 17, 255, 161, 74, 234, 88, 5, 1, 0, 163, 1, 0, 32, 0, 0, 208, 5, 255]
1542749358736;[171, 0, 17, 255, 161, 74, 234, 88, 5, 1, 0, 163, 1, 0, 32, 0, 0, 208, 5, 255]
1542749358739;[171, 0, 17, 255, 161, 74, 234, 88, 5, 1, 0, 148, 1, 0, 20, 0, 0, 230, 6, 147]
1542749358741;[171, 0, 17, 255, 161, 74, 234, 88, 5, 1, 0, 148, 1, 0, 20, 0, 0, 230, 6, 147]
1542749358743;[171, 0, 17, 255, 161, 74, 234, 88, 5, 1, 0, 161, 1, 0, 11, 0, 0, 181, 8, 102]
1542749358745;[171, 0, 17, 255, 161, 74, 234, 88, 5, 1, 0, 161, 1, 0, 11, 0, 0, 181, 8, 102]
1542749358902;[171, 0, 17, 255, 161, 74, 234, 88, 5, 1, 0, 160, 1, 0, 14, 0, 0, 216, 9, 206]
1542749358904;[171, 0, 17, 255, 161, 74, 234, 88, 5, 1, 0, 160, 1, 0, 14, 0, 0, 216, 9, 206]
1542749358906;[171, 0, 4, 255, 132, 128, 66]
1542749358908;[171, 0, 4, 255, 132, 128, 66]
1542749359074;[171, 0, 17, 255, 161, 74, 234, 88, 5, 1, 0, 159, 1, 0, 11, 0, 0, 212, 10, 86]
1542749359076;[171, 0, 17, 255, 161, 74, 234, 88, 5, 1, 0, 159, 1, 0, 11, 0, 0, 212, 10, 86]
1542749359422;[171, 0, 17, 255, 161, 74, 234, 88, 5, 1, 0, 158, 1, 0, 12, 0, 0, 215, 10, 139]
1542749359424;[171, 0, 17, 255, 161, 74, 234, 88, 5, 1, 0, 158, 1, 0, 12, 0, 0, 215, 10, 139]
1542749359426;[171, 0, 17, 255, 161, 74, 234, 88, 5, 1, 0, 154, 1, 0, 16, 0, 0, 214, 10, 149]
1542749359428;[171, 0, 17, 255, 161, 74, 234, 88, 5, 1, 0, 154, 1, 0, 16, 0, 0, 214, 10, 149]
1542749359431;[171, 0, 17, 255, 161, 74, 234, 88, 5, 1, 0, 158, 1, 0, 17, 0, 0, 217, 10, 125]
1542749359433;[171, 0, 17, 255, 161, 74, 234, 88, 5, 1, 0, 158, 1, 0, 17, 0, 0, 217, 10, 125]
1542749359435;[171, 0, 17, 255, 161, 74, 234, 88, 5, 1, 0, 155, 1, 0, 16, 0, 0, 215, 11, 56]
1542749359437;[171, 0, 17, 255, 161, 74, 234, 88, 5, 1, 0, 155, 1, 0, 16, 0, 0, 215, 11, 56]
1542749359590;[171, 0, 17, 255, 161, 74, 234, 88, 6, 1, 0, 152, 1, 0, 19, 0, 0, 214, 12, 44]
1542749359592;[171, 0, 17, 255, 161, 74, 234, 88, 6, 1, 0, 152, 1, 0, 19, 0, 0, 214, 12, 44]
1542749359765;[171, 0, 17, 255, 161, 74, 234, 88, 6, 1, 0, 156, 1, 0, 17, 0, 0, 213, 12, 106]
1542749359766;[171, 0, 17, 255, 161, 74, 234, 88, 6, 1, 0, 156, 1, 0, 17, 0, 0, 213, 12, 106]
1542749359769;[171, 0, 17, 255, 161, 74, 234, 88, 6, 1, 0, 157, 1, 0, 16, 0, 0, 214, 12, 97]
1542749359771;[171, 0, 17, 255, 161, 74, 234, 88, 6, 1, 0, 157, 1, 0, 16, 0, 0, 214, 12, 97]
1542749359937;[171, 0, 17, 255, 161, 74, 234, 88, 6, 1, 0, 157, 1, 0, 18, 0, 0, 213, 12, 70]
1542749359939;[171, 0, 17, 255, 161, 74, 234, 88, 6, 1, 0, 157, 1, 0, 18, 0, 0, 213, 12, 70]
1542749359941;[171, 0, 17, 255, 161, 74, 234, 88, 6, 1, 0, 151, 1, 0, 19, 0, 0, 215, 12, 19]
1542749359943;[171, 0, 17, 255, 161, 74, 234, 88, 6, 1, 0, 151, 1, 0, 19, 0, 0, 215, 12, 19]
1542749360109;[171, 0, 4, 255, 132, 128, 66]
1542749360111;[171, 0, 4, 255, 132, 128, 66]
1542749360114;[171, 0, 17, 255, 161, 74, 234, 88, 6, 1, 0, 154, 1, 0, 18, 0, 0, 214, 12, 25]
1542749360115;[171, 0, 17, 255, 161, 74, 234, 88, 6, 1, 0, 154, 1, 0, 18, 0, 0, 214, 12, 25]
1542749360628;[171, 0, 17, 255, 161, 74, 234, 88, 6, 1, 0, 154, 1, 0, 19, 0, 0, 215, 12, 218]
1542749360630;[171, 0, 17, 255, 161, 74, 234, 88, 6, 1, 0, 154, 1, 0, 19, 0, 0, 215, 12, 218]
1542749360632;[171, 0, 17, 255, 161, 74, 234, 88, 6, 1, 0, 153, 1, 0, 20, 0, 0, 216, 13, 37]
1542749360634;[171, 0, 17, 255, 161, 74, 234, 88, 6, 1, 0, 153, 1, 0, 20, 0, 0, 216, 13, 37]
1542749360636;[171, 0, 17, 255, 161, 74, 234, 88, 6, 1, 0, 156, 1, 0, 19, 0, 0, 214, 13, 15]
1542749360638;[171, 0, 17, 255, 161, 74, 234, 88, 6, 1, 0, 156, 1, 0, 19, 0, 0, 214, 13, 15]
1542749360800;[171, 0, 17, 255, 161, 74, 234, 88, 6, 1, 0, 157, 1, 0, 18, 0, 0, 215, 12, 224]
1542749360802;[171, 0, 17, 255, 161, 74, 234, 88, 6, 1, 0, 157, 1, 0, 18, 0, 0, 215, 12, 224]
1542749360804;[171, 0, 17, 255, 161, 74, 234, 88, 7, 1, 0, 155, 1, 0, 17, 0, 0, 214, 12, 173]
1542749360808;[171, 0, 17, 255, 161, 74, 234, 88, 7, 1, 0, 155, 1, 0, 17, 0, 0, 214, 12, 173]
1542749360810;[171, 0, 17, 255, 161, 74, 234, 88, 7, 1, 0, 154, 1, 0, 19, 0, 0, 215, 12, 101]
1542749360812;[171, 0, 17, 255, 161, 74, 234, 88, 7, 1, 0, 154, 1, 0, 19, 0, 0, 215, 12, 101]
1542749360973;[171, 0, 17, 255, 161, 74, 234, 88, 7, 1, 0, 156, 1, 0, 19, 0, 0, 214, 12, 249]
1542749360974;[171, 0, 17, 255, 161, 74, 234, 88, 7, 1, 0, 156, 1, 0, 19, 0, 0, 214, 12, 249]
1542749360977;[171, 0, 17, 255, 161, 74, 234, 88, 7, 1, 0, 157, 1, 0, 19, 0, 0, 214, 13, 128]
1542749360979;[171, 0, 17, 255, 161, 74, 234, 88, 7, 1, 0, 157, 1, 0, 19, 0, 0, 214, 13, 128]
1542749361147;[171, 0, 17, 255, 161, 74, 234, 88, 7, 1, 0, 157, 1, 0, 19, 0, 0, 212, 13, 123]
1542749361149;[171, 0, 17, 255, 161, 74, 234, 88, 7, 1, 0, 157, 1, 0, 19, 0, 0, 212, 13, 123]
1542749361150;[171, 0, 4, 255, 132, 128, 67]
1542749361152;[171, 0, 4, 255, 132, 128, 67]
1542749361316;[171, 0, 17, 255, 161, 74, 234, 88, 7, 1, 0, 155, 1, 0, 22, 0, 0, 213, 13, 98]
1542749361318;[171, 0, 17, 255, 161, 74, 234, 88, 7, 1, 0, 155, 1, 0, 22, 0, 0, 213, 13, 98]
1542749361490;[171, 0, 17, 255, 161, 74, 234, 88, 7, 1, 0, 154, 1, 0, 17, 0, 0, 215, 13, 80]
1542749361492;[171, 0, 17, 255, 161, 74, 234, 88, 7, 1, 0, 154, 1, 0, 17, 0, 0, 215, 13, 80]
1542749361495;[171, 0, 17, 255, 161, 74, 234, 88, 7, 1, 0, 156, 1, 0, 20, 0, 0, 212, 13, 21]
1542749361496;[171, 0, 17, 255, 161, 74, 234, 88, 7, 1, 0, 156, 1, 0, 20, 0, 0, 212, 13, 21]
1542749361662;[171, 0, 17, 255, 161, 74, 234, 88, 7, 1, 0, 155, 1, 0, 20, 0, 0, 216, 12, 226]
1542749361664;[171, 0, 17, 255, 161, 74, 234, 88, 7, 1, 0, 155, 1, 0, 20, 0, 0, 216, 12, 226]
1542749361666;[171, 0, 17, 255, 161, 74, 234, 88, 7, 1, 0, 155, 1, 0, 19, 0, 0, 215, 12, 173]
1542749361668;[171, 0, 17, 255, 161, 74, 234, 88, 7, 1, 0, 155, 1, 0, 19, 0, 0, 215, 12, 173]
1542749362009;[171, 0, 17, 255, 161, 74, 234, 88, 8, 1, 0, 152, 1, 0, 20, 0, 0, 218, 13, 117]
1542749362010;[171, 0, 17, 255, 161, 74, 234, 88, 8, 1, 0, 152, 1, 0, 20, 0, 0, 218, 13, 117]
1542749362013;[171, 0, 17, 255, 161, 74, 234, 88, 8, 1, 0, 152, 1, 0, 21, 0, 0, 217, 14, 96]
1542749362014;[171, 0, 17, 255, 161, 74, 234, 88, 8, 1, 0, 152, 1, 0, 21, 0, 0, 217, 14, 96]
1542749362017;[171, 0, 17, 255, 161, 74, 234, 88, 8, 1, 0, 150, 1, 0, 20, 0, 0, 216, 14, 113]
1542749362019;[171, 0, 17, 255, 161, 74, 234, 88, 8, 1, 0, 150, 1, 0, 20, 0, 0, 216, 14, 113]
1542749362021;[171, 0, 17, 255, 161, 74, 234, 88, 8, 1, 0, 152, 1, 0, 20, 0, 0, 216, 14, 95]
1542749362023;[171, 0, 17, 255, 161, 74, 234, 88, 8, 1, 0, 152, 1, 0, 20, 0, 0, 216, 14, 95]
1542749362183;[171, 0, 17, 255, 161, 74, 234, 88, 8, 1, 0, 151, 1, 0, 20, 0, 0, 216, 14, 78]
1542749362185;[171, 0, 17, 255, 161, 74, 234, 88, 8, 1, 0, 151, 1, 0, 20, 0, 0, 216, 14, 78]
1542749362351;[171, 0, 4, 255, 132, 128, 68]
1542749362360;[171, 0, 4, 255, 132, 128, 68]
1542749362362;[171, 0, 17, 255, 161, 74, 234, 88, 8, 1, 0, 154, 1, 0, 21, 0, 0, 215, 14, 14]
1542749362364;[171, 0, 17, 255, 161, 74, 234, 88, 8, 1, 0, 154, 1, 0, 21, 0, 0, 215, 14, 14]
1542749362524;[171, 0, 17, 255, 161, 74, 234, 88, 8, 1, 0, 151, 1, 0, 20, 0, 0, 215, 13, 189]
1542749362526;[171, 0, 17, 255, 161, 74, 234, 88, 8, 1, 0, 151, 1, 0, 20, 0, 0, 215, 13, 189]
1542749362528;[171, 0, 17, 255, 161, 74, 234, 88, 8, 1, 0, 152, 1, 0, 21, 0, 0, 215, 13, 176]
1542749362530;[171, 0, 17, 255, 161, 74, 234, 88, 8, 1, 0, 152, 1, 0, 21, 0, 0, 215, 13, 176]
1542749362697;[171, 0, 17, 255, 161, 74, 234, 88, 8, 1, 0, 151, 1, 0, 23, 0, 0, 217, 14, 189]
1542749362700;[171, 0, 17, 255, 161, 74, 234, 88, 8, 1, 0, 151, 1, 0, 23, 0, 0, 217, 14, 189]
1542749362869;[171, 0, 17, 255, 161, 74, 234, 88, 8, 1, 0, 152, 1, 0, 17, 0, 0, 217, 15, 32]
1542749362871;[171, 0, 17, 255, 161, 74, 234, 88, 8, 1, 0, 152, 1, 0, 17, 0, 0, 217, 15, 32]
1542749362874;[171, 0, 17, 255, 161, 74, 234, 88, 9, 1, 0, 152, 1, 0, 22, 0, 0, 218, 15, 13]
1542749362875;[171, 0, 17, 255, 161, 74, 234, 88, 9, 1, 0, 152, 1, 0, 22, 0, 0, 218, 15, 13]
1542749363216;[171, 0, 17, 255, 161, 74, 234, 88, 9, 1, 0, 149, 1, 0, 21, 0, 0, 217, 14, 218]
1542749363218;[171, 0, 17, 255, 161, 74, 234, 88, 9, 1, 0, 149, 1, 0, 21, 0, 0, 217, 14, 218]
1542749363221;[171, 0, 17, 255, 161, 74, 234, 88, 9, 1, 0, 152, 1, 0, 19, 0, 0, 217, 14, 167]
1542749363223;[171, 0, 17, 255, 161, 74, 234, 88, 9, 1, 0, 152, 1, 0, 19, 0, 0, 217, 14, 167]
1542749363226;[171, 0, 17, 255, 161, 74, 234, 88, 9, 1, 0, 154, 1, 0, 22, 0, 0, 216, 14, 84]
1542749363228;[171, 0, 17, 255, 161, 74, 234, 88, 9, 1, 0, 154, 1, 0, 22, 0, 0, 216, 14, 84]
1542749363230;[171, 0, 17, 255, 161, 74, 234, 88, 9, 1, 0, 151, 1, 0, 21, 0, 0, 216, 13, 243]
1542749363232;[171, 0, 17, 255, 161, 74, 234, 88, 9, 1, 0, 151, 1, 0, 21, 0, 0, 216, 13, 243]
1542749363387;[171, 0, 4, 255, 132, 128, 69]
1542749363390;[171, 0, 4, 255, 132, 128, 69]
1542749363568;[171, 0, 17, 255, 161, 74, 234, 88, 9, 1, 0, 155, 1, 0, 20, 0, 0, 215, 13, 178]
1542749363570;[171, 0, 17, 255, 161, 74, 234, 88, 9, 1, 0, 155, 1, 0, 20, 0, 0, 215, 13, 178]
1542749363572;[171, 0, 17, 255, 161, 74, 234, 88, 9, 1, 0, 153, 1, 0, 21, 0, 0, 216, 14, 110]
1542749363574;[171, 0, 17, 255, 161, 74, 234, 88, 9, 1, 0, 153, 1, 0, 21, 0, 0, 216, 14, 110]
1542749363732;[171, 0, 17, 255, 161, 74, 234, 88, 9, 1, 0, 150, 1, 0, 19, 0, 0, 214, 14, 208]
1542749363734;[171, 0, 17, 255, 161, 74, 234, 88, 9, 1, 0, 150, 1, 0, 19, 0, 0, 214, 14, 208]
1542749363737;[171, 0, 17, 255, 161, 74, 234, 88, 9, 1, 0, 152, 1, 0, 20, 0, 0, 218, 14, 181]
1542749363738;[171, 0, 17, 255, 161, 74, 234, 88, 9, 1, 0, 152, 1, 0, 20, 0, 0, 218, 14, 181]
1542749363904;[171, 0, 17, 255, 161, 74, 234, 88, 9, 1, 0, 151, 1, 0, 21, 0, 0, 216, 14, 133]
1542749363907;[171, 0, 17, 255, 161, 74, 234, 88, 9, 1, 0, 151, 1, 0, 21, 0, 0, 216, 14, 133]
1542749363909;[171, 0, 17, 255, 161, 74, 234, 88, 10, 1, 0, 152, 1, 0, 19, 0, 0, 214, 14, 73]
1542749363911;[171, 0, 17, 255, 161, 74, 234, 88, 10, 1, 0, 152, 1, 0, 19, 0, 0, 214, 14, 73]
1542749364077;[171, 0, 17, 255, 161, 74, 234, 88, 10, 1, 0, 152, 1, 0, 19, 0, 0, 216, 13, 251]
1542749364078;[171, 0, 17, 255, 161, 74, 234, 88, 10, 1, 0, 152, 1, 0, 19, 0, 0, 216, 13, 251]
1542749364595;[171, 0, 17, 255, 161, 74, 234, 88, 10, 1, 0, 155, 1, 0, 23, 0, 0, 214, 13, 166]
1542749364599;[171, 0, 17, 255, 161, 74, 234, 88, 10, 1, 0, 155, 1, 0, 23, 0, 0, 214, 13, 166]
1542749364601;[171, 0, 17, 255, 161, 74, 234, 88, 10, 1, 0, 152, 1, 0, 20, 0, 0, 217, 13, 90]
1542749364603;[171, 0, 17, 255, 161, 74, 234, 88, 10, 1, 0, 152, 1, 0, 20, 0, 0, 217, 13, 90]
1542749364605;[171, 0, 17, 255, 161, 74, 234, 88, 10, 1, 0, 152, 1, 0, 20, 0, 0, 217, 13, 245]
1542749364607;[171, 0, 17, 255, 161, 74, 234, 88, 10, 1, 0, 152, 1, 0, 20, 0, 0, 217, 13, 245]
1542749364609;[171, 0, 4, 255, 132, 128, 70]
1542749364611;[171, 0, 4, 255, 132, 128, 70]
1542749364767;[171, 0, 17, 255, 161, 74, 234, 88, 10, 1, 0, 153, 1, 0, 20, 0, 0, 215, 14, 148]
1542749364769;[171, 0, 17, 255, 161, 74, 234, 88, 10, 1, 0, 153, 1, 0, 20, 0, 0, 215, 14, 148]
1542749364942;[171, 0, 17, 255, 161, 74, 234, 88, 10, 1, 0, 150, 1, 0, 22, 0, 0, 217, 14, 139]
1542749364944;[171, 0, 17, 255, 161, 74, 234, 88, 10, 1, 0, 150, 1, 0, 22, 0, 0, 217, 14, 139]
1542749364947;[171, 0, 17, 255, 161, 74, 234, 88, 10, 1, 0, 149, 1, 0, 21, 0, 0, 217, 14, 101]
1542749364949;[171, 0, 17, 255, 161, 74, 234, 88, 10, 1, 0, 149, 1, 0, 21, 0, 0, 217, 14, 101]
1542749364951;[171, 0, 17, 255, 161, 74, 234, 88, 10, 1, 0, 153, 1, 0, 21, 0, 0, 216, 14, 52]
1542749364953;[171, 0, 17, 255, 161, 74, 234, 88, 10, 1, 0, 153, 1, 0, 21, 0, 0, 216, 14, 52]
1542749364955;[171, 0, 17, 255, 161, 74, 234, 88, 10, 1, 0, 154, 1, 0, 21, 0, 0, 214, 13, 228]
1542749364957;[171, 0, 17, 255, 161, 74, 234, 88, 10, 1, 0, 154, 1, 0, 21, 0, 0, 214, 13, 228]
1542749365112;[171, 0, 17, 255, 161, 74, 234, 88, 11, 1, 0, 152, 1, 0, 20, 0, 0, 215, 13, 133]
1542749365114;[171, 0, 17, 255, 161, 74, 234, 88, 11, 1, 0, 152, 1, 0, 20, 0, 0, 215, 13, 133]
1542749365142;[171, 0, 17, 255, 161, 74, 234, 88, 11, 1, 0, 155, 1, 0, 19, 0, 0, 215, 13, 32]
1542749365143;[171, 0, 17, 255, 161, 74, 234, 88, 11, 1, 0, 155, 1, 0, 19, 0, 0, 215, 13, 32]
1542749365284;[171, 0, 17, 255, 161, 74, 234, 88, 11, 1, 0, 153, 1, 0, 20, 0, 0, 212, 12, 174]
1542749365286;[171, 0, 17, 255, 161, 74, 234, 88, 11, 1, 0, 153, 1, 0, 20, 0, 0, 212, 12, 174]
1542749365803;[171, 0, 17, 255, 161, 74, 234, 88, 11, 1, 0, 153, 1, 0, 19, 0, 0, 215, 12, 64]
1542749365805;[171, 0, 17, 255, 161, 74, 234, 88, 11, 1, 0, 153, 1, 0, 19, 0, 0, 215, 12, 64]
1542749365808;[171, 0, 17, 255, 161, 74, 234, 88, 11, 1, 0, 153, 1, 0, 20, 0, 0, 213, 11, 214]
1542749365810;[171, 0, 17, 255, 161, 74, 234, 88, 11, 1, 0, 153, 1, 0, 20, 0, 0, 213, 11, 214]
1542749365812;[171, 0, 4, 255, 132, 128, 71]
1542749365814;[171, 0, 4, 255, 132, 128, 71]
1542749365817;[171, 0, 17, 255, 161, 74, 234, 88, 11, 1, 0, 154, 1, 0, 20, 0, 0, 215, 12, 12]
1542749365819;[171, 0, 17, 255, 161, 74, 234, 88, 11, 1, 0, 154, 1, 0, 20, 0, 0, 215, 12, 12]
1542749365975;[171, 0, 17, 255, 161, 74, 234, 88, 11, 1, 0, 157, 1, 0, 17, 0, 0, 214, 12, 88]
1542749365977;[171, 0, 17, 255, 161, 74, 234, 88, 11, 1, 0, 157, 1, 0, 17, 0, 0, 214, 12, 88]
1542749365980;[171, 0, 17, 255, 161, 74, 234, 88, 11, 1, 0, 157, 1, 0, 19, 0, 0, 215, 12, 60]
1542749365982;[171, 0, 17, 255, 161, 74, 234, 88, 11, 1, 0, 157, 1, 0, 19, 0, 0, 215, 12, 60]
1542749365984;[171, 0, 17, 255, 161, 74, 234, 88, 11, 1, 0, 155, 1, 0, 18, 0, 0, 215, 11, 254]
1542749365985;[171, 0, 17, 255, 161, 74, 234, 88, 11, 1, 0, 155, 1, 0, 18, 0, 0, 215, 11, 254]
1542749366147;[171, 0, 17, 255, 161, 74, 234, 88, 11, 1, 0, 154, 1, 0, 18, 0, 0, 214, 11, 186]
1542749366149;[171, 0, 17, 255, 161, 74, 234, 88, 11, 1, 0, 154, 1, 0, 18, 0, 0, 214, 11, 186]
1542749366151;[171, 0, 17, 255, 161, 74, 234, 88, 12, 1, 0, 153, 1, 0, 21, 0, 0, 214, 11, 98]
1542749366153;[171, 0, 17, 255, 161, 74, 234, 88, 12, 1, 0, 153, 1, 0, 21, 0, 0, 214, 11, 98]
1542749366319;[171, 0, 17, 255, 161, 74, 234, 88, 12, 1, 0, 157, 1, 0, 19, 0, 0, 214, 10, 236]
1542749366322;[171, 0, 17, 255, 161, 74, 234, 88, 12, 1, 0, 157, 1, 0, 19, 0, 0, 214, 10, 236]
1542749366324;[171, 0, 17, 255, 161, 74, 234, 88, 12, 1, 0, 155, 1, 0, 19, 0, 0, 212, 10, 149]
1542749366326;[171, 0, 17, 255, 161, 74, 234, 88, 12, 1, 0, 155, 1, 0, 19, 0, 0, 212, 10, 149]
1542749366491;[171, 0, 17, 255, 161, 74, 234, 88, 12, 1, 0, 157, 1, 0, 19, 0, 0, 212, 10, 47]
1542749366493;[171, 0, 17, 255, 161, 74, 234, 88, 12, 1, 0, 157, 1, 0, 19, 0, 0, 212, 10, 47]
1542749367011;[171, 0, 17, 255, 161, 74, 234, 88, 12, 1, 0, 153, 1, 0, 18, 0, 0, 213, 9, 237]
1542749367014;[171, 0, 17, 255, 161, 74, 234, 88, 12, 1, 0, 153, 1, 0, 18, 0, 0, 213, 9, 237]
1542749367016;[171, 0, 4, 255, 132, 128, 72]
1542749367018;[171, 0, 4, 255, 132, 128, 72]
1542749367021;[171, 0, 17, 255, 161, 74, 234, 88, 12, 1, 0, 158, 1, 0, 19, 0, 0, 213, 9, 172]
1542749367023;[171, 0, 17, 255, 161, 74, 234, 88, 12, 1, 0, 158, 1, 0, 19, 0, 0, 213, 9, 172]
1542749367025;[171, 0, 17, 255, 161, 74, 234, 88, 12, 1, 0, 155, 1, 0, 21, 0, 0, 213, 9, 219]
1542749367027;[171, 0, 17, 255, 161, 74, 234, 88, 12, 1, 0, 155, 1, 0, 21, 0, 0, 213, 9, 219]
1542749367185;[171, 0, 17, 255, 161, 74, 234, 88, 12, 1, 0, 155, 1, 0, 21, 0, 0, 215, 10, 111]
1542749367186;[171, 0, 17, 255, 161, 74, 234, 88, 12, 1, 0, 155, 1, 0, 21, 0, 0, 215, 10, 111]
1542749367189;[171, 0, 17, 255, 161, 74, 234, 88, 12, 1, 0, 152, 1, 0, 20, 0, 0, 216, 10, 166]
1542749367191;[171, 0, 17, 255, 161, 74, 234, 88, 12, 1, 0, 152, 1, 0, 20, 0, 0, 216, 10, 166]
1542749367199;[171, 0, 17, 255, 161, 74, 234, 88, 12, 1, 0, 154, 1, 0, 20, 0, 0, 215, 10, 170]
1542749367201;[171, 0, 17, 255, 161, 74, 234, 88, 12, 1, 0, 154, 1, 0, 20, 0, 0, 215, 10, 170]
