1542730165177;[171, 0, 17, 255, 161, 74, 234, 3, 8, 0, 0, 218, 1, 0, 1, 1, 0, 116, 5, 25]
1542730165186;[171, 0, 17, 255, 161, 74, 234, 3, 9, 0, 0, 221, 0, 0, 0, 1, 0, 115, 5, 19]
1542730165188;[171, 0, 17, 255, 161, 74, 234, 3, 9, 0, 0, 221, 0, 0, 0, 1, 0, 115, 5, 19]
1542730165189;[171, 0, 17, 255, 161, 74, 234, 3, 9, 0, 0, 222, 1, 0, 1, 1, 0, 117, 4, 247]
1542730165191;[171, 0, 17, 255, 161, 74, 234, 3, 9, 0, 0, 222, 1, 0, 1, 1, 0, 117, 4, 247]
1542730165193;[171, 0, 4, 255, 132, 128, 69]
1542730165195;[171, 0, 4, 255, 132, 128, 69]
1542730165865;[171, 0, 17, 255, 161, 74, 234, 3, 9, 0, 0, 221, 1, 0, 2, 1, 0, 117, 4, 212]
1542730165867;[171, 0, 17, 255, 161, 74, 234, 3, 9, 0, 0, 221, 1, 0, 2, 1, 0, 117, 4, 212]
1542730165870;[171, 0, 17, 255, 161, 74, 234, 3, 9, 0, 0, 219, 0, 0, 2, 1, 0, 115, 4, 180]
1542730165872;[171, 0, 17, 255, 161, 74, 234, 3, 9, 0, 0, 219, 0, 0, 2, 1, 0, 115, 4, 180]
1542730165874;[171, 0, 17, 255, 161, 74, 234, 3, 9, 0, 0, 220, 0, 0, 1, 1, 0, 116, 4, 144]
1542730165877;[171, 0, 17, 255, 161, 74, 234, 3, 9, 0, 0, 220, 0, 0, 1, 1, 0, 116, 4, 144]
1542730165879;[171, 0, 17, 255, 161, 74, 234, 3, 9, 0, 0, 221, 0, 0, 0, 1, 0, 116, 4, 119]
1542730165880;[171, 0, 17, 255, 161, 74, 234, 3, 9, 0, 0, 221, 0, 0, 0, 1, 0, 116, 4, 119]
1542730166036;[171, 0, 17, 255, 161, 74, 234, 3, 9, 0, 0, 219, 0, 0, 0, 1, 0, 114, 4, 176]
1542730166038;[171, 0, 17, 255, 161, 74, 234, 3, 9, 0, 0, 219, 0, 0, 0, 1, 0, 114, 4, 176]
1542730166041;[171, 0, 17, 255, 161, 74, 234, 3, 9, 0, 0, 222, 0, 0, 0, 1, 0, 114, 4, 250]
1542730166043;[171, 0, 17, 255, 161, 74, 234, 3, 9, 0, 0, 222, 0, 0, 0, 1, 0, 114, 4, 250]
1542730166047;[171, 0, 17, 255, 161, 74, 234, 3, 9, 0, 0, 220, 0, 0, 1, 1, 0, 115, 5, 14]
1542730166050;[171, 0, 17, 255, 161, 74, 234, 3, 9, 0, 0, 220, 0, 0, 1, 1, 0, 115, 5, 14]
1542730166051;[171, 0, 17, 255, 161, 74, 234, 3, 9, 0, 0, 221, 1, 0, 1, 1, 0, 116, 5, 13]
1542730166053;[171, 0, 17, 255, 161, 74, 234, 3, 9, 0, 0, 221, 1, 0, 1, 1, 0, 116, 5, 13]
1542730166383;[171, 0, 17, 255, 161, 74, 234, 3, 10, 0, 0, 224, 1, 0, 1, 1, 0, 116, 4, 244]
1542730166385;[171, 0, 17, 255, 161, 74, 234, 3, 10, 0, 0, 224, 1, 0, 1, 1, 0, 116, 4, 244]
1542730166387;[171, 0, 17, 255, 161, 74, 234, 3, 10, 0, 0, 220, 0, 0, 0, 1, 0, 116, 4, 223]
1542730166389;[171, 0, 17, 255, 161, 74, 234, 3, 10, 0, 0, 220, 0, 0, 0, 1, 0, 116, 4, 223]
1542730166396;[171, 0, 4, 255, 132, 128, 69]
1542730166398;[171, 0, 4, 255, 132, 128, 69]
1542730166400;[171, 0, 17, 255, 161, 74, 234, 3, 10, 0, 0, 220, 1, 0, 2, 1, 0, 116, 4, 197]
1542730166402;[171, 0, 17, 255, 161, 74, 234, 3, 10, 0, 0, 220, 1, 0, 2, 1, 0, 116, 4, 197]
1542730166898;[171, 0, 17, 255, 161, 74, 234, 3, 10, 0, 0, 222, 1, 0, 1, 1, 0, 115, 4, 168]
1542730166900;[171, 0, 17, 255, 161, 74, 234, 3, 10, 0, 0, 222, 1, 0, 1, 1, 0, 115, 4, 168]
1542730166904;[171, 0, 17, 255, 161, 74, 234, 3, 10, 0, 0, 221, 1, 0, 1, 1, 0, 115, 4, 192]
1542730166906;[171, 0, 17, 255, 161, 74, 234, 3, 10, 0, 0, 221, 1, 0, 1, 1, 0, 115, 4, 192]
1542730166907;[171, 0, 17, 255, 161, 74, 234, 3, 10, 0, 0, 222, 1, 0, 1, 1, 0, 117, 5, 2]
1542730166909;[171, 0, 17, 255, 161, 74, 234, 3, 10, 0, 0, 222, 1, 0, 1, 1, 0, 117, 5, 2]
1542730166913;[171, 0, 17, 255, 161, 74, 234, 3, 10, 0, 0, 221, 1, 0, 2, 1, 0, 117, 5, 28]
1542730166915;[171, 0, 17, 255, 161, 74, 234, 3, 10, 0, 0, 221, 1, 0, 2, 1, 0, 117, 5, 28]
1542730167079;[171, 0, 17, 255, 161, 74, 234, 3, 10, 0, 0, 221, 0, 0, 0, 1, 0, 115, 5, 19]
1542730167081;[171, 0, 17, 255, 161, 74, 234, 3, 10, 0, 0, 221, 0, 0, 0, 1, 0, 115, 5, 19]
1542730167082;[171, 0, 17, 255, 161, 74, 234, 3, 10, 0, 0, 222, 1, 0, 1, 1, 0, 116, 5, 4]
1542730167084;[171, 0, 17, 255, 161, 74, 234, 3, 10, 0, 0, 222, 1, 0, 1, 1, 0, 116, 5, 4]
1542730167086;[171, 0, 17, 255, 161, 74, 234, 3, 10, 0, 0, 221, 1, 0, 2, 1, 0, 115, 4, 234]
1542730167088;[171, 0, 17, 255, 161, 74, 234, 3, 10, 0, 0, 221, 1, 0, 2, 1, 0, 115, 4, 234]
1542730167242;[171, 0, 17, 255, 161, 74, 234, 3, 11, 0, 0, 221, 1, 0, 1, 1, 0, 117, 4, 196]
1542730167245;[171, 0, 17, 255, 161, 74, 234, 3, 11, 0, 0, 221, 1, 0, 1, 1, 0, 117, 4, 196]
1542730167413;[171, 0, 17, 255, 161, 74, 234, 3, 11, 0, 0, 222, 1, 0, 2, 1, 0, 117, 4, 153]
1542730167415;[171, 0, 17, 255, 161, 74, 234, 3, 11, 0, 0, 222, 1, 0, 2, 1, 0, 117, 4, 153]
1542730167761;[171, 0, 4, 255, 132, 128, 69]
1542730167763;[171, 0, 4, 255, 132, 128, 69]
1542730167766;[171, 0, 17, 255, 161, 74, 234, 3, 11, 0, 0, 221, 1, 0, 1, 1, 0, 116, 4, 189]
1542730167768;[171, 0, 17, 255, 161, 74, 234, 3, 11, 0, 0, 221, 1, 0, 1, 1, 0, 116, 4, 189]
1542730167771;[171, 0, 17, 255, 161, 74, 234, 3, 11, 0, 0, 222, 0, 0, 0, 1, 0, 116, 5, 13]
1542730167773;[171, 0, 17, 255, 161, 74, 234, 3, 11, 0, 0, 222, 0, 0, 0, 1, 0, 116, 5, 13]
1542730167775;[171, 0, 17, 255, 161, 74, 234, 3, 11, 0, 0, 223, 0, 0, 0, 1, 0, 116, 5, 52]
1542730167777;[171, 0, 17, 255, 161, 74, 234, 3, 11, 0, 0, 223, 0, 0, 0, 1, 0, 116, 5, 52]
1542730168107;[171, 0, 17, 255, 161, 74, 234, 3, 11, 0, 0, 219, 1, 0, 2, 1, 0, 115, 5, 52]
1542730168109;[171, 0, 17, 255, 161, 74, 234, 3, 11, 0, 0, 219, 1, 0, 2, 1, 0, 115, 5, 52]
1542730168112;[171, 0, 17, 255, 161, 74, 234, 3, 11, 0, 0, 222, 1, 0, 2, 1, 0, 116, 5, 31]
1542730168114;[171, 0, 17, 255, 161, 74, 234, 3, 11, 0, 0, 222, 1, 0, 2, 1, 0, 116, 5, 31]
1542730168116;[171, 0, 17, 255, 161, 74, 234, 3, 11, 0, 0, 222, 0, 0, 0, 1, 0, 117, 5, 4]
1542730168118;[171, 0, 17, 255, 161, 74, 234, 3, 11, 0, 0, 222, 0, 0, 0, 1, 0, 117, 5, 4]
1542730168121;[171, 0, 17, 255, 161, 74, 234, 3, 11, 0, 0, 220, 0, 0, 1, 1, 0, 115, 4, 221]
1542730168122;[171, 0, 17, 255, 161, 74, 234, 3, 11, 0, 0, 220, 0, 0, 1, 1, 0, 115, 4, 221]
1542730168278;[171, 0, 17, 255, 161, 74, 234, 3, 11, 0, 0, 219, 1, 0, 2, 1, 0, 116, 4, 186]
1542730168280;[171, 0, 17, 255, 161, 74, 234, 3, 11, 0, 0, 219, 1, 0, 2, 1, 0, 116, 4, 186]
1542730168283;[171, 0, 17, 255, 161, 74, 234, 3, 12, 0, 0, 222, 1, 0, 1, 1, 0, 115, 4, 160]
1542730168285;[171, 0, 17, 255, 161, 74, 234, 3, 12, 0, 0, 222, 1, 0, 1, 1, 0, 115, 4, 160]
1542730168450;[171, 0, 17, 255, 161, 74, 234, 3, 12, 0, 0, 222, 0, 0, 2, 1, 0, 115, 4, 224]
1542730168453;[171, 0, 17, 255, 161, 74, 234, 3, 12, 0, 0, 222, 0, 0, 2, 1, 0, 115, 4, 224]
1542730168454;[171, 0, 4, 255, 132, 128, 69]
1542730168457;[171, 0, 4, 255, 132, 128, 69]
1542730168795;[171, 0, 17, 255, 161, 74, 234, 3, 12, 0, 0, 223, 0, 0, 0, 1, 0, 116, 5, 37]
1542730168797;[171, 0, 17, 255, 161, 74, 234, 3, 12, 0, 0, 223, 0, 0, 0, 1, 0, 116, 5, 37]
1542730168799;[171, 0, 17, 255, 161, 74, 234, 3, 12, 0, 0, 221, 0, 0, 0, 1, 0, 116, 5, 60]
1542730168801;[171, 0, 17, 255, 161, 74, 234, 3, 12, 0, 0, 221, 0, 0, 0, 1, 0, 116, 5, 60]
1542730169141;[171, 0, 17, 255, 161, 74, 234, 3, 12, 0, 0, 218, 0, 0, 2, 1, 0, 117, 5, 46]
1542730169143;[171, 0, 17, 255, 161, 74, 234, 3, 12, 0, 0, 218, 0, 0, 2, 1, 0, 117, 5, 46]
1542730169144;[171, 0, 17, 255, 161, 74, 234, 3, 12, 0, 0, 220, 0, 0, 2, 1, 0, 116, 5, 25]
1542730169146;[171, 0, 17, 255, 161, 74, 234, 3, 12, 0, 0, 220, 0, 0, 2, 1, 0, 116, 5, 25]
1542730169149;[171, 0, 17, 255, 161, 74, 234, 3, 12, 0, 0, 223, 0, 0, 0, 1, 0, 116, 4, 244]
1542730169151;[171, 0, 17, 255, 161, 74, 234, 3, 12, 0, 0, 223, 0, 0, 0, 1, 0, 116, 4, 244]
1542730169153;[171, 0, 17, 255, 161, 74, 234, 3, 12, 0, 0, 221, 0, 0, 0, 1, 0, 116, 4, 215]
1542730169155;[171, 0, 17, 255, 161, 74, 234, 3, 12, 0, 0, 221, 0, 0, 0, 1, 0, 116, 4, 215]
1542730170177;[171, 0, 17, 255, 161, 74, 234, 3, 12, 0, 0, 222, 1, 0, 1, 1, 0, 117, 4, 181]
1542730170179;[171, 0, 17, 255, 161, 74, 234, 3, 12, 0, 0, 222, 1, 0, 1, 1, 0, 117, 4, 181]
1542730170181;[171, 0, 17, 255, 161, 74, 234, 3, 12, 0, 0, 217, 0, 0, 1, 1, 0, 115, 4, 144]
1542730170183;[171, 0, 17, 255, 161, 74, 234, 3, 12, 0, 0, 217, 0, 0, 1, 1, 0, 115, 4, 144]
1542730170185;[171, 0, 17, 255, 161, 74, 234, 3, 13, 0, 0, 221, 1, 0, 1, 1, 0, 116, 4, 204]
1542730170186;[171, 0, 17, 255, 161, 74, 234, 3, 13, 0, 0, 221, 1, 0, 1, 1, 0, 116, 4, 204]
1542730170350;[171, 0, 17, 255, 161, 74, 234, 3, 13, 0, 0, 221, 1, 0, 1, 1, 0, 115, 5, 16]
1542730170351;[171, 0, 17, 255, 161, 74, 234, 3, 13, 0, 0, 221, 1, 0, 1, 1, 0, 115, 5, 16]
1542730170354;[171, 0, 4, 255, 132, 128, 69]
1542730170356;[171, 0, 4, 255, 132, 128, 69]
1542730170359;[171, 0, 17, 255, 161, 74, 234, 3, 13, 0, 0, 222, 1, 0, 2, 1, 0, 116, 5, 38]
1542730170361;[171, 0, 17, 255, 161, 74, 234, 3, 13, 0, 0, 222, 1, 0, 2, 1, 0, 116, 5, 38]
1542730170363;[171, 0, 17, 255, 161, 74, 234, 3, 13, 0, 0, 224, 0, 0, 0, 1, 0, 115, 5, 30]
1542730170365;[171, 0, 17, 255, 161, 74, 234, 3, 13, 0, 0, 224, 0, 0, 0, 1, 0, 115, 5, 30]
1542730170694;[171, 0, 17, 255, 161, 74, 234, 3, 13, 0, 0, 219, 0, 0, 0, 1, 0, 116, 5, 4]
1542730170696;[171, 0, 17, 255, 161, 74, 234, 3, 13, 0, 0, 219, 0, 0, 0, 1, 0, 116, 5, 4]
1542730170698;[171, 0, 17, 255, 161, 74, 234, 3, 13, 0, 0, 220, 1, 0, 2, 1, 0, 115, 4, 237]
1542730170700;[171, 0, 17, 255, 161, 74, 234, 3, 13, 0, 0, 220, 1, 0, 2, 1, 0, 115, 4, 237]
1542730170702;[171, 0, 17, 255, 161, 74, 234, 3, 13, 0, 0, 223, 1, 0, 2, 1, 0, 117, 4, 203]
1542730170706;[171, 0, 17, 255, 161, 74, 234, 3, 13, 0, 0, 223, 1, 0, 2, 1, 0, 117, 4, 203]
1542730170707;[171, 0, 17, 255, 161, 74, 234, 3, 13, 0, 0, 222, 0, 0, 1, 1, 0, 117, 4, 161]
1542730170709;[171, 0, 17, 255, 161, 74, 234, 3, 13, 0, 0, 222, 0, 0, 1, 1, 0, 117, 4, 161]
1542730170883;[171, 0, 17, 255, 161, 74, 234, 3, 13, 0, 0, 219, 0, 0, 0, 1, 0, 116, 4, 178]
1542730170886;[171, 0, 17, 255, 161, 74, 234, 3, 13, 0, 0, 219, 0, 0, 0, 1, 0, 116, 4, 178]
1542730170888;[171, 0, 17, 255, 161, 74, 234, 3, 13, 0, 0, 222, 1, 0, 1, 1, 0, 116, 4, 240]
1542730170890;[171, 0, 17, 255, 161, 74, 234, 3, 13, 0, 0, 222, 1, 0, 1, 1, 0, 116, 4, 240]
1542730171384;[171, 0, 17, 255, 161, 74, 234, 3, 14, 0, 0, 220, 1, 0, 1, 1, 0, 115, 5, 12]
1542730171385;[171, 0, 17, 255, 161, 74, 234, 3, 14, 0, 0, 220, 1, 0, 1, 1, 0, 115, 5, 12]
1542730171388;[171, 0, 17, 255, 161, 74, 234, 3, 14, 0, 0, 219, 1, 0, 1, 1, 0, 116, 4, 248]
1542730171390;[171, 0, 17, 255, 161, 74, 234, 3, 14, 0, 0, 219, 1, 0, 1, 1, 0, 116, 4, 248]
1542730171392;[171, 0, 4, 255, 132, 128, 69]
1542730171395;[171, 0, 4, 255, 132, 128, 69]
1542730171397;[171, 0, 17, 255, 161, 74, 234, 3, 14, 0, 0, 222, 1, 0, 2, 1, 0, 115, 4, 228]
1542730171399;[171, 0, 17, 255, 161, 74, 234, 3, 14, 0, 0, 222, 1, 0, 2, 1, 0, 115, 4, 228]
1542730173448;[171, 0, 17, 255, 161, 74, 234, 3, 14, 0, 0, 222, 1, 0, 2, 1, 0, 116, 4, 201]
1542730173450;[171, 0, 17, 255, 161, 74, 234, 3, 14, 0, 0, 222, 1, 0, 2, 1, 0, 116, 4, 201]
1542730173452;[171, 0, 17, 255, 161, 74, 234, 3, 14, 0, 0, 223, 1, 0, 2, 1, 0, 117, 4, 158]
1542730173453;[171, 0, 17, 255, 161, 74, 234, 3, 14, 0, 0, 223, 1, 0, 2, 1, 0, 117, 4, 158]
1542730173455;[171, 0, 17, 255, 161, 74, 234, 3, 14, 0, 0, 221, 1, 0, 1, 1, 0, 117, 4, 120]
1542730173457;[171, 0, 17, 255, 161, 74, 234, 3, 14, 0, 0, 221, 1, 0, 1, 1, 0, 117, 4, 120]
1542730173513;[171, 0, 17, 255, 161, 74, 234, 3, 14, 0, 0, 221, 1, 0, 1, 1, 0, 115, 4, 138]
1542730173515;[171, 0, 17, 255, 161, 74, 234, 3, 14, 0, 0, 221, 1, 0, 1, 1, 0, 115, 4, 138]
1542730173516;[171, 0, 17, 255, 161, 74, 234, 3, 14, 0, 0, 220, 1, 0, 1, 1, 0, 115, 4, 208]
1542730173517;[171, 0, 17, 255, 161, 74, 234, 3, 14, 0, 0, 220, 1, 0, 1, 1, 0, 115, 4, 208]
1542730173519;[171, 0, 17, 255, 161, 74, 234, 3, 14, 0, 0, 222, 1, 0, 2, 1, 0, 116, 4, 244]
1542730173520;[171, 0, 17, 255, 161, 74, 234, 3, 14, 0, 0, 222, 1, 0, 2, 1, 0, 116, 4, 244]
1542730173522;[171, 0, 17, 255, 161, 74, 234, 3, 14, 0, 0, 223, 1, 0, 2, 1, 0, 115, 4, 243]
1542730173523;[171, 0, 17, 255, 161, 74, 234, 3, 14, 0, 0, 223, 1, 0, 2, 1, 0, 115, 4, 243]
1542730173529;[171, 0, 17, 255, 161, 74, 234, 3, 15, 0, 0, 225, 1, 0, 1, 1, 0, 115, 4, 231]
1542730173530;[171, 0, 17, 255, 161, 74, 234, 3, 15, 0, 0, 225, 1, 0, 1, 1, 0, 115, 4, 231]
1542730173532;[171, 0, 17, 255, 161, 74, 234, 3, 15, 0, 0, 223, 0, 0, 0, 1, 0, 116, 4, 199]
1542730173533;[171, 0, 17, 255, 161, 74, 234, 3, 15, 0, 0, 223, 0, 0, 0, 1, 0, 116, 4, 199]
1542730173534;[171, 0, 4, 255, 132, 128, 69]
1542730173535;[171, 0, 4, 255, 132, 128, 69]
1542730173537;[171, 0, 17, 255, 161, 74, 234, 3, 15, 0, 0, 220, 0, 0, 0, 1, 0, 115, 4, 179]
1542730173538;[171, 0, 17, 255, 161, 74, 234, 3, 15, 0, 0, 220, 0, 0, 0, 1, 0, 115, 4, 179]
1542730173543;[171, 0, 17, 255, 161, 74, 234, 3, 15, 0, 0, 223, 1, 0, 2, 1, 0, 115, 4, 154]
1542730173544;[171, 0, 17, 255, 161, 74, 234, 3, 15, 0, 0, 223, 1, 0, 2, 1, 0, 115, 4, 154]
1542730173546;[171, 0, 17, 255, 161, 74, 234, 3, 15, 0, 0, 218, 1, 0, 1, 1, 0, 117, 4, 132]
1542730173547;[171, 0, 17, 255, 161, 74, 234, 3, 15, 0, 0, 218, 1, 0, 1, 1, 0, 117, 4, 132]
1542730173548;[171, 0, 17, 255, 161, 74, 234, 3, 15, 0, 0, 218, 0, 0, 2, 1, 0, 117, 4, 204]
1542730173549;[171, 0, 17, 255, 161, 74, 234, 3, 15, 0, 0, 218, 0, 0, 2, 1, 0, 117, 4, 204]
1542730173567;[171, 0, 17, 255, 161, 74, 234, 3, 15, 0, 0, 223, 0, 0, 2, 1, 0, 116, 5, 7]
1542730173568;[171, 0, 17, 255, 161, 74, 234, 3, 15, 0, 0, 223, 0, 0, 2, 1, 0, 116, 5, 7]
1542730173569;[171, 0, 17, 255, 161, 74, 234, 3, 15, 0, 0, 224, 1, 0, 2, 1, 0, 116, 5, 17]
1542730173570;[171, 0, 17, 255, 161, 74, 234, 3, 15, 0, 0, 224, 1, 0, 2, 1, 0, 116, 5, 17]
1542730173571;[171, 0, 17, 255, 161, 74, 234, 3, 15, 0, 0, 222, 1, 0, 2, 1, 0, 116, 4, 248]
1542730173572;[171, 0, 17, 255, 161, 74, 234, 3, 15, 0, 0, 222, 1, 0, 2, 1, 0, 116, 4, 248]
1542730173578;[171, 0, 17, 255, 161, 74, 234, 3, 15, 0, 0, 220, 0, 0, 0, 1, 0, 117, 4, 228]
1542730173579;[171, 0, 17, 255, 161, 74, 234, 3, 15, 0, 0, 220, 0, 0, 0, 1, 0, 117, 4, 228]
1542730173582;[171, 0, 17, 255, 161, 74, 234, 3, 16, 0, 0, 224, 0, 0, 0, 1, 0, 115, 4, 197]
1542730173583;[171, 0, 17, 255, 161, 74, 234, 3, 16, 0, 0, 224, 0, 0, 0, 1, 0, 115, 4, 197]
1542730173584;[171, 0, 17, 255, 161, 74, 234, 3, 16, 0, 0, 220, 0, 0, 1, 1, 0, 116, 4, 159]
1542730173585;[171, 0, 17, 255, 161, 74, 234, 3, 16, 0, 0, 220, 0, 0, 1, 1, 0, 116, 4, 159]
1542730173586;[171, 0, 4, 255, 132, 128, 69]
1542730173587;[171, 0, 4, 255, 132, 128, 69]
1542730173589;[171, 0, 17, 255, 161, 74, 234, 3, 16, 0, 0, 220, 0, 0, 0, 1, 0, 116, 4, 111]
1542730173590;[171, 0, 17, 255, 161, 74, 234, 3, 16, 0, 0, 220, 0, 0, 0, 1, 0, 116, 4, 111]
1542730173594;[171, 0, 17, 255, 161, 74, 234, 3, 16, 0, 0, 220, 1, 0, 1, 1, 0, 116, 4, 151]
1542730173595;[171, 0, 17, 255, 161, 74, 234, 3, 16, 0, 0, 220, 1, 0, 1, 1, 0, 116, 4, 151]
1542730173596;[171, 0, 17, 255, 161, 74, 234, 3, 16, 0, 0, 222, 0, 0, 0, 1, 0, 116, 4, 219]
1542730173597;[171, 0, 17, 255, 161, 74, 234, 3, 16, 0, 0, 222, 0, 0, 0, 1, 0, 116, 4, 219]
1542730173622;[171, 0, 17, 255, 161, 74, 234, 3, 16, 0, 0, 220, 0, 0, 0, 1, 0, 116, 4, 243]
1542730173623;[171, 0, 17, 255, 161, 74, 234, 3, 16, 0, 0, 220, 0, 0, 0, 1, 0, 116, 4, 243]
1542730173797;[171, 0, 17, 255, 161, 74, 234, 3, 16, 0, 0, 220, 0, 0, 1, 1, 0, 117, 4, 230]
1542730173800;[171, 0, 17, 255, 161, 74, 234, 3, 16, 0, 0, 220, 0, 0, 1, 1, 0, 117, 4, 230]
1542730173802;[171, 0, 17, 255, 161, 74, 234, 3, 16, 0, 0, 220, 1, 0, 2, 1, 0, 116, 4, 211]
1542730173803;[171, 0, 17, 255, 161, 74, 234, 3, 16, 0, 0, 220, 1, 0, 2, 1, 0, 116, 4, 211]
1542730173969;[171, 0, 17, 255, 161, 74, 234, 3, 16, 0, 0, 223, 1, 0, 2, 1, 0, 115, 4, 182]
1542730173971;[171, 0, 17, 255, 161, 74, 234, 3, 16, 0, 0, 223, 1, 0, 2, 1, 0, 115, 4, 182]
1542730173974;[171, 0, 17, 255, 161, 74, 234, 3, 16, 0, 0, 221, 1, 0, 2, 1, 0, 116, 4, 142]
1542730173975;[171, 0, 17, 255, 161, 74, 234, 3, 16, 0, 0, 221, 1, 0, 2, 1, 0, 116, 4, 142]
1542730174488;[171, 0, 17, 255, 161, 74, 234, 3, 17, 0, 0, 221, 1, 0, 2, 1, 0, 116, 4, 125]
1542730174490;[171, 0, 17, 255, 161, 74, 234, 3, 17, 0, 0, 221, 1, 0, 2, 1, 0, 116, 4, 125]
1542730174493;[171, 0, 17, 255, 161, 74, 234, 3, 19, 0, 0, 220, 0, 0, 0, 1, 0, 115, 4, 153]
1542730174495;[171, 0, 17, 255, 161, 74, 234, 3, 19, 0, 0, 220, 0, 0, 0, 1, 0, 115, 4, 153]
1542730174498;[171, 0, 17, 255, 161, 74, 234, 3, 19, 0, 0, 219, 0, 0, 1, 1, 0, 116, 4, 120]
1542730174499;[171, 0, 17, 255, 161, 74, 234, 3, 19, 0, 0, 219, 0, 0, 1, 1, 0, 116, 4, 120]
1542730174501;[171, 0, 17, 255, 161, 74, 234, 3, 19, 0, 0, 222, 0, 0, 0, 1, 0, 116, 4, 113]
1542730174503;[171, 0, 17, 255, 161, 74, 234, 3, 19, 0, 0, 222, 0, 0, 0, 1, 0, 116, 4, 113]
1542730174660;[171, 0, 17, 255, 161, 74, 234, 3, 19, 0, 0, 222, 0, 0, 2, 1, 0, 116, 4, 166]
1542730174662;[171, 0, 17, 255, 161, 74, 234, 3, 19, 0, 0, 222, 0, 0, 2, 1, 0, 116, 4, 166]
1542730174837;[171, 0, 17, 255, 161, 74, 234, 3, 19, 0, 0, 221, 0, 0, 1, 1, 0, 115, 4, 211]
1542730174840;[171, 0, 17, 255, 161, 74, 234, 3, 19, 0, 0, 221, 0, 0, 1, 1, 0, 115, 4, 211]
1542730175005;[171, 0, 17, 255, 161, 74, 234, 3, 19, 0, 0, 221, 1, 0, 3, 1, 0, 116, 4, 207]
1542730175006;[171, 0, 17, 255, 161, 74, 234, 3, 19, 0, 0, 221, 1, 0, 3, 1, 0, 116, 4, 207]
1542730175009;[171, 0, 17, 255, 161, 74, 234, 3, 19, 0, 0, 218, 1, 0, 1, 1, 0, 117, 4, 184]
1542730175011;[171, 0, 17, 255, 161, 74, 234, 3, 19, 0, 0, 218, 1, 0, 1, 1, 0, 117, 4, 184]
1542730175178;[171, 0, 17, 255, 161, 74, 234, 3, 19, 0, 0, 221, 1, 0, 1, 1, 0, 115, 4, 147]
1542730175179;[171, 0, 17, 255, 161, 74, 234, 3, 19, 0, 0, 221, 1, 0, 1, 1, 0, 115, 4, 147]
1542730175182;[171, 0, 17, 255, 161, 74, 234, 3, 20, 0, 0, 218, 1, 0, 1, 1, 0, 116, 4, 113]
1542730175183;[171, 0, 17, 255, 161, 74, 234, 3, 20, 0, 0, 218, 1, 0, 1, 1, 0, 116, 4, 113]
1542730175351;[171, 0, 17, 255, 161, 74, 234, 3, 20, 0, 0, 223, 0, 0, 1, 1, 0, 115, 4, 78]
1542730175353;[171, 0, 17, 255, 161, 74, 234, 3, 20, 0, 0, 223, 0, 0, 1, 1, 0, 115, 4, 78]
1542730175355;[171, 0, 4, 255, 132, 128, 70]
1542730175357;[171, 0, 4, 255, 132, 128, 70]
1542730175868;[171, 0, 17, 255, 161, 74, 234, 3, 20, 0, 0, 219, 0, 0, 0, 1, 0, 116, 4, 78]
1542730175870;[171, 0, 17, 255, 161, 74, 234, 3, 20, 0, 0, 219, 0, 0, 0, 1, 0, 116, 4, 78]
1542730175873;[171, 0, 17, 255, 161, 74, 234, 3, 20, 0, 0, 220, 1, 0, 1, 1, 0, 116, 4, 149]
1542730175874;[171, 0, 17, 255, 161, 74, 234, 3, 20, 0, 0, 220, 1, 0, 1, 1, 0, 116, 4, 149]
1542730175877;[171, 0, 17, 255, 161, 74, 234, 3, 20, 0, 0, 220, 1, 0, 1, 1, 0, 116, 4, 184]
1542730175878;[171, 0, 17, 255, 161, 74, 234, 3, 20, 0, 0, 220, 1, 0, 1, 1, 0, 116, 4, 184]
1542730175881;[171, 0, 17, 255, 161, 74, 234, 3, 20, 0, 0, 221, 1, 0, 2, 1, 0, 115, 4, 182]
1542730175883;[171, 0, 17, 255, 161, 74, 234, 3, 20, 0, 0, 221, 1, 0, 2, 1, 0, 115, 4, 182]
1542730176045;[171, 0, 17, 255, 161, 74, 234, 3, 20, 0, 0, 219, 1, 0, 2, 1, 0, 115, 4, 164]
1542730176047;[171, 0, 17, 255, 161, 74, 234, 3, 20, 0, 0, 219, 1, 0, 2, 1, 0, 115, 4, 164]
1542730176049;[171, 0, 17, 255, 161, 74, 234, 3, 20, 0, 0, 219, 1, 0, 2, 1, 0, 117, 4, 122]
1542730176051;[171, 0, 17, 255, 161, 74, 234, 3, 20, 0, 0, 219, 1, 0, 2, 1, 0, 117, 4, 122]
1542730176212;[171, 0, 17, 255, 161, 74, 234, 3, 20, 0, 0, 219, 1, 0, 1, 1, 0, 116, 4, 90]
1542730176214;[171, 0, 17, 255, 161, 74, 234, 3, 20, 0, 0, 219, 1, 0, 1, 1, 0, 116, 4, 90]
1542730176216;[171, 0, 17, 255, 161, 74, 234, 3, 20, 0, 0, 223, 0, 0, 0, 1, 0, 116, 4, 55]
1542730176218;[171, 0, 17, 255, 161, 74, 234, 3, 20, 0, 0, 223, 0, 0, 0, 1, 0, 116, 4, 55]
1542730176385;[171, 0, 17, 255, 161, 74, 234, 3, 21, 0, 0, 222, 1, 0, 1, 1, 0, 117, 4, 16]
1542730176388;[171, 0, 17, 255, 161, 74, 234, 3, 21, 0, 0, 222, 1, 0, 1, 1, 0, 117, 4, 16]
1542730176390;[171, 0, 17, 255, 161, 74, 234, 3, 21, 0, 0, 218, 0, 0, 0, 1, 0, 116, 4, 82]
1542730176392;[171, 0, 17, 255, 161, 74, 234, 3, 21, 0, 0, 218, 0, 0, 0, 1, 0, 116, 4, 82]
1542730176557;[171, 0, 4, 255, 132, 128, 71]
1542730176560;[171, 0, 4, 255, 132, 128, 71]
1542730176566;[171, 0, 17, 255, 161, 74, 234, 3, 21, 0, 0, 221, 1, 0, 2, 1, 0, 117, 4, 147]
1542730176567;[171, 0, 17, 255, 161, 74, 234, 3, 21, 0, 0, 221, 1, 0, 2, 1, 0, 117, 4, 147]
1542730177076;[171, 0, 17, 255, 161, 74, 234, 3, 21, 0, 0, 219, 1, 0, 1, 1, 0, 114, 4, 170]
1542730177078;[171, 0, 17, 255, 161, 74, 234, 3, 21, 0, 0, 219, 1, 0, 1, 1, 0, 114, 4, 170]
1542730177080;[171, 0, 17, 255, 161, 74, 234, 3, 21, 0, 0, 218, 0, 0, 1, 1, 0, 117, 4, 155]
1542730177082;[171, 0, 17, 255, 161, 74, 234, 3, 21, 0, 0, 218, 0, 0, 1, 1, 0, 117, 4, 155]
1542730177084;[171, 0, 17, 255, 161, 74, 234, 3, 21, 0, 0, 220, 1, 0, 2, 1, 0, 116, 4, 126]
1542730177086;[171, 0, 17, 255, 161, 74, 234, 3, 21, 0, 0, 220, 1, 0, 2, 1, 0, 116, 4, 126]
1542730177090;[171, 0, 17, 255, 161, 74, 234, 3, 21, 0, 0, 221, 0, 0, 0, 1, 0, 115, 4, 102]
1542730177091;[171, 0, 17, 255, 161, 74, 234, 3, 21, 0, 0, 221, 0, 0, 0, 1, 0, 115, 4, 102]
1542730177255;[171, 0, 17, 255, 161, 74, 234, 3, 21, 0, 0, 224, 1, 0, 1, 1, 0, 118, 4, 70]
1542730177256;[171, 0, 17, 255, 161, 74, 234, 3, 21, 0, 0, 224, 1, 0, 1, 1, 0, 118, 4, 70]
1542730177258;[171, 0, 17, 255, 161, 74, 234, 3, 21, 0, 0, 220, 0, 0, 0, 1, 0, 116, 4, 24]
1542730177259;[171, 0, 17, 255, 161, 74, 234, 3, 21, 0, 0, 220, 0, 0, 0, 1, 0, 116, 4, 24]
1542730177261;[171, 0, 17, 255, 161, 74, 234, 3, 21, 0, 0, 219, 1, 0, 2, 1, 0, 117, 4, 45]
1542730177262;[171, 0, 17, 255, 161, 74, 234, 3, 21, 0, 0, 219, 1, 0, 2, 1, 0, 117, 4, 45]
1542730177418;[171, 0, 17, 255, 161, 74, 234, 3, 22, 0, 0, 220, 1, 0, 1, 1, 0, 115, 4, 125]
1542730177420;[171, 0, 17, 255, 161, 74, 234, 3, 22, 0, 0, 220, 1, 0, 1, 1, 0, 115, 4, 125]
1542730177592;[171, 0, 17, 255, 161, 74, 234, 3, 22, 0, 0, 220, 0, 0, 0, 1, 0, 115, 4, 148]
1542730177594;[171, 0, 17, 255, 161, 74, 234, 3, 22, 0, 0, 220, 0, 0, 0, 1, 0, 115, 4, 148]
1542730177596;[171, 0, 4, 255, 132, 128, 71]
1542730177599;[171, 0, 4, 255, 132, 128, 71]
1542730177764;[171, 0, 17, 255, 161, 74, 234, 3, 22, 0, 0, 220, 1, 0, 1, 1, 0, 116, 4, 151]
1542730177766;[171, 0, 17, 255, 161, 74, 234, 3, 22, 0, 0, 220, 1, 0, 1, 1, 0, 116, 4, 151]
1542730177769;[171, 0, 17, 255, 161, 74, 234, 3, 22, 0, 0, 219, 0, 0, 0, 1, 0, 115, 4, 125]
1542730177771;[171, 0, 17, 255, 161, 74, 234, 3, 22, 0, 0, 219, 0, 0, 0, 1, 0, 115, 4, 125]
1542730178628;[171, 0, 17, 255, 161, 74, 234, 3, 22, 0, 0, 224, 1, 0, 1, 1, 0, 115, 4, 98]
1542730178630;[171, 0, 17, 255, 161, 74, 234, 3, 22, 0, 0, 224, 1, 0, 1, 1, 0, 115, 4, 98]
1542730178633;[171, 0, 17, 255, 161, 74, 234, 3, 22, 0, 0, 220, 1, 0, 1, 1, 0, 117, 4, 65]
1542730178635;[171, 0, 17, 255, 161, 74, 234, 3, 22, 0, 0, 220, 1, 0, 1, 1, 0, 117, 4, 65]
1542730178638;[171, 0, 17, 255, 161, 74, 234, 3, 22, 0, 0, 220, 1, 0, 1, 1, 0, 115, 4, 28]
1542730178639;[171, 0, 17, 255, 161, 74, 234, 3, 22, 0, 0, 220, 1, 0, 1, 1, 0, 115, 4, 28]
1542730178642;[171, 0, 17, 255, 161, 74, 234, 3, 22, 0, 0, 221, 0, 0, 0, 1, 0, 117, 4, 75]
1542730178644;[171, 0, 17, 255, 161, 74, 234, 3, 22, 0, 0, 221, 0, 0, 0, 1, 0, 117, 4, 75]
1542730178801;[171, 0, 17, 255, 161, 74, 234, 3, 22, 0, 0, 220, 1, 0, 1, 1, 0, 116, 4, 141]
1542730178803;[171, 0, 17, 255, 161, 74, 234, 3, 22, 0, 0, 220, 1, 0, 1, 1, 0, 116, 4, 141]
1542730178805;[171, 0, 17, 255, 161, 74, 234, 3, 22, 0, 0, 222, 1, 0, 1, 1, 0, 116, 4, 155]
1542730178808;[171, 0, 17, 255, 161, 74, 234, 3, 22, 0, 0, 222, 1, 0, 1, 1, 0, 116, 4, 155]
1542730178810;[171, 0, 17, 255, 161, 74, 234, 3, 23, 0, 0, 222, 0, 0, 2, 1, 0, 116, 4, 130]
1542730178812;[171, 0, 17, 255, 161, 74, 234, 3, 23, 0, 0, 222, 0, 0, 2, 1, 0, 116, 4, 130]
1542730178975;[171, 0, 17, 255, 161, 74, 234, 3, 23, 0, 0, 221, 1, 0, 1, 1, 0, 117, 4, 100]
1542730178976;[171, 0, 17, 255, 161, 74, 234, 3, 23, 0, 0, 221, 1, 0, 1, 1, 0, 117, 4, 100]
1542730178978;[171, 0, 4, 255, 132, 128, 71]
1542730178980;[171, 0, 4, 255, 132, 128, 71]
1542730178985;[171, 0, 17, 255, 161, 74, 234, 3, 23, 0, 0, 219, 0, 0, 0, 1, 0, 115, 4, 66]
1542730178986;[171, 0, 17, 255, 161, 74, 234, 3, 23, 0, 0, 219, 0, 0, 0, 1, 0, 115, 4, 66]
1542730178989;[171, 0, 17, 255, 161, 74, 234, 3, 23, 0, 0, 220, 1, 0, 1, 1, 0, 117, 4, 32]
1542730178991;[171, 0, 17, 255, 161, 74, 234, 3, 23, 0, 0, 220, 1, 0, 1, 1, 0, 117, 4, 32]
1542730179144;[171, 0, 17, 255, 161, 74, 234, 3, 23, 0, 0, 223, 0, 0, 0, 1, 0, 114, 3, 237]
1542730179146;[171, 0, 17, 255, 161, 74, 234, 3, 23, 0, 0, 223, 0, 0, 0, 1, 0, 114, 3, 237]
1542730179318;[171, 0, 17, 255, 161, 74, 234, 3, 23, 0, 0, 222, 0, 0, 0, 1, 0, 115, 3, 216]
1542730179320;[171, 0, 17, 255, 161, 74, 234, 3, 23, 0, 0, 222, 0, 0, 0, 1, 0, 115, 3, 216]
1542730179322;[171, 0, 17, 255, 161, 74, 234, 3, 23, 0, 0, 220, 0, 0, 0, 1, 0, 117, 4, 26]
1542730179324;[171, 0, 17, 255, 161, 74, 234, 3, 23, 0, 0, 220, 0, 0, 0, 1, 0, 117, 4, 26]
1542730179662;[171, 0, 17, 255, 161, 74, 234, 3, 23, 0, 0, 219, 0, 0, 0, 1, 0, 115, 4, 91]
1542730179664;[171, 0, 17, 255, 161, 74, 234, 3, 23, 0, 0, 219, 0, 0, 0, 1, 0, 115, 4, 91]
1542730179667;[171, 0, 17, 255, 161, 74, 234, 3, 23, 0, 0, 220, 1, 0, 1, 1, 0, 115, 4, 99]
1542730179669;[171, 0, 17, 255, 161, 74, 234, 3, 23, 0, 0, 220, 1, 0, 1, 1, 0, 115, 4, 99]
1542730179672;[171, 0, 17, 255, 161, 74, 234, 3, 23, 0, 0, 222, 1, 0, 1, 1, 0, 115, 4, 80]
1542730179674;[171, 0, 17, 255, 161, 74, 234, 3, 23, 0, 0, 222, 1, 0, 1, 1, 0, 115, 4, 80]
1542730179676;[171, 0, 17, 255, 161, 74, 234, 3, 24, 0, 0, 221, 1, 0, 1, 1, 0, 117, 4, 53]
1542730179678;[171, 0, 17, 255, 161, 74, 234, 3, 24, 0, 0, 221, 1, 0, 1, 1, 0, 117, 4, 53]
1542730180007;[171, 0, 17, 255, 161, 74, 234, 3, 24, 0, 0, 220, 0, 0, 0, 1, 0, 117, 4, 25]
1542730180009;[171, 0, 17, 255, 161, 74, 234, 3, 24, 0, 0, 220, 0, 0, 0, 1, 0, 117, 4, 25]
1542730180012;[171, 0, 4, 255, 132, 128, 72]
1542730180014;[171, 0, 4, 255, 132, 128, 72]
1542730180017;[171, 0, 17, 255, 161, 74, 234, 3, 24, 0, 0, 222, 0, 0, 0, 1, 0, 115, 3, 248]
1542730180019;[171, 0, 17, 255, 161, 74, 234, 3, 24, 0, 0, 222, 0, 0, 0, 1, 0, 115, 3, 248]
1542730180180;[171, 0, 17, 255, 161, 74, 234, 3, 24, 0, 0, 221, 0, 0, 0, 1, 0, 116, 3, 200]
1542730180182;[171, 0, 17, 255, 161, 74, 234, 3, 24, 0, 0, 221, 0, 0, 0, 1, 0, 116, 3, 200]
1542730180184;[171, 0, 17, 255, 161, 74, 234, 3, 24, 0, 0, 222, 1, 0, 2, 1, 0, 116, 3, 182]
1542730180186;[171, 0, 17, 255, 161, 74, 234, 3, 24, 0, 0, 222, 1, 0, 2, 1, 0, 116, 3, 182]
1542730180353;[171, 0, 17, 255, 161, 74, 234, 3, 24, 0, 0, 223, 1, 0, 1, 1, 0, 116, 3, 243]
1542730180355;[171, 0, 17, 255, 161, 74, 234, 3, 24, 0, 0, 223, 1, 0, 1, 1, 0, 116, 3, 243]
1542730180358;[171, 0, 17, 255, 161, 74, 234, 3, 24, 0, 0, 220, 1, 0, 1, 1, 0, 115, 4, 55]
1542730180360;[171, 0, 17, 255, 161, 74, 234, 3, 24, 0, 0, 220, 1, 0, 1, 1, 0, 115, 4, 55]
1542730180525;[171, 0, 17, 255, 161, 74, 234, 3, 24, 0, 0, 224, 0, 0, 0, 1, 0, 116, 4, 56]
1542730180527;[171, 0, 17, 255, 161, 74, 234, 3, 24, 0, 0, 224, 0, 0, 0, 1, 0, 116, 4, 56]
1542730181216;[171, 0, 17, 255, 161, 74, 234, 3, 24, 0, 0, 221, 0, 0, 0, 1, 0, 116, 4, 52]
1542730181218;[171, 0, 17, 255, 161, 74, 234, 3, 24, 0, 0, 221, 0, 0, 0, 1, 0, 116, 4, 52]
1542730181221;[171, 0, 17, 255, 161, 74, 234, 3, 24, 0, 0, 219, 1, 0, 2, 1, 0, 114, 4, 27]
1542730181223;[171, 0, 17, 255, 161, 74, 234, 3, 24, 0, 0, 219, 1, 0, 2, 1, 0, 114, 4, 27]
1542730181225;[171, 0, 17, 255, 161, 74, 234, 3, 25, 0, 0, 225, 1, 0, 1, 1, 0, 117, 3, 252]
1542730181227;[171, 0, 17, 255, 161, 74, 234, 3, 25, 0, 0, 225, 1, 0, 1, 1, 0, 117, 3, 252]
1542730181230;[171, 0, 17, 255, 161, 74, 234, 3, 25, 0, 0, 220, 1, 0, 1, 1, 0, 118, 3, 217]
1542730181231;[171, 0, 17, 255, 161, 74, 234, 3, 25, 0, 0, 220, 1, 0, 1, 1, 0, 118, 3, 217]
1542730181562;[171, 0, 4, 255, 132, 128, 72]
1542730181565;[171, 0, 4, 255, 132, 128, 72]
1542730181569;[171, 0, 17, 255, 161, 74, 234, 3, 25, 0, 0, 222, 0, 0, 0, 1, 0, 115, 3, 187]
1542730181571;[171, 0, 17, 255, 161, 74, 234, 3, 25, 0, 0, 222, 0, 0, 0, 1, 0, 115, 3, 187]
1542730181576;[171, 0, 17, 255, 161, 74, 234, 3, 25, 0, 0, 219, 0, 0, 0, 1, 0, 116, 3, 254]
1542730181578;[171, 0, 17, 255, 161, 74, 234, 3, 25, 0, 0, 219, 0, 0, 0, 1, 0, 116, 3, 254]
1542730181582;[171, 0, 17, 255, 161, 74, 234, 3, 25, 0, 0, 219, 1, 0, 1, 1, 0, 115, 4, 45]
1542730181584;[171, 0, 17, 255, 161, 74, 234, 3, 25, 0, 0, 219, 1, 0, 1, 1, 0, 115, 4, 45]
1542730181734;[171, 0, 17, 255, 161, 74, 234, 3, 25, 0, 0, 222, 1, 0, 1, 1, 0, 116, 4, 49]
1542730181737;[171, 0, 17, 255, 161, 74, 234, 3, 25, 0, 0, 222, 1, 0, 1, 1, 0, 116, 4, 49]
1542730181739;[171, 0, 17, 255, 161, 74, 234, 3, 25, 0, 0, 220, 1, 0, 2, 1, 0, 115, 4, 28]
1542730181742;[171, 0, 17, 255, 161, 74, 234, 3, 25, 0, 0, 220, 1, 0, 2, 1, 0, 115, 4, 28]
1542730181744;[171, 0, 17, 255, 161, 74, 234, 3, 25, 0, 0, 222, 1, 0, 2, 1, 0, 116, 3, 254]
1542730181746;[171, 0, 17, 255, 161, 74, 234, 3, 25, 0, 0, 222, 1, 0, 2, 1, 0, 116, 3, 254]
1542730181748;[171, 0, 17, 255, 161, 74, 234, 3, 25, 0, 0, 223, 0, 0, 0, 1, 0, 117, 3, 219]
1542730181750;[171, 0, 17, 255, 161, 74, 234, 3, 25, 0, 0, 223, 0, 0, 0, 1, 0, 117, 3, 219]
1542730181905;[171, 0, 17, 255, 161, 74, 234, 3, 25, 0, 0, 218, 0, 0, 0, 1, 0, 115, 3, 182]
1542730181907;[171, 0, 17, 255, 161, 74, 234, 3, 25, 0, 0, 218, 0, 0, 0, 1, 0, 115, 3, 182]
1542730181909;[171, 0, 17, 255, 161, 74, 234, 3, 26, 0, 0, 222, 0, 0, 2, 1, 0, 114, 3, 140]
1542730181911;[171, 0, 17, 255, 161, 74, 234, 3, 26, 0, 0, 222, 0, 0, 2, 1, 0, 114, 3, 140]
1542730182259;[171, 0, 17, 255, 161, 74, 234, 3, 26, 0, 0, 221, 0, 0, 1, 1, 0, 116, 3, 140]
1542730182261;[171, 0, 17, 255, 161, 74, 234, 3, 26, 0, 0, 221, 0, 0, 1, 1, 0, 116, 3, 140]
1542730182262;[171, 0, 4, 255, 132, 128, 72]
1542730182265;[171, 0, 4, 255, 132, 128, 72]
1542730182267;[171, 0, 17, 255, 161, 74, 234, 3, 26, 0, 0, 222, 1, 0, 1, 1, 0, 115, 3, 209]
1542730182268;[171, 0, 17, 255, 161, 74, 234, 3, 26, 0, 0, 222, 1, 0, 1, 1, 0, 115, 3, 209]
1542730182270;[171, 0, 17, 255, 161, 74, 234, 3, 26, 0, 0, 221, 1, 0, 1, 1, 0, 117, 3, 239]
1542730182272;[171, 0, 17, 255, 161, 74, 234, 3, 26, 0, 0, 221, 1, 0, 1, 1, 0, 117, 3, 239]
1542730182422;[171, 0, 17, 255, 161, 74, 234, 3, 26, 0, 0, 223, 1, 0, 1, 1, 0, 116, 3, 222]
1542730182424;[171, 0, 17, 255, 161, 74, 234, 3, 26, 0, 0, 223, 1, 0, 1, 1, 0, 116, 3, 222]
1542730182594;[171, 0, 17, 255, 161, 74, 234, 3, 26, 0, 0, 219, 1, 0, 1, 1, 0, 114, 3, 211]
1542730182596;[171, 0, 17, 255, 161, 74, 234, 3, 26, 0, 0, 219, 1, 0, 1, 1, 0, 114, 3, 211]
1542730182598;[171, 0, 17, 255, 161, 74, 234, 3, 26, 0, 0, 222, 0, 0, 0, 1, 0, 116, 3, 186]
1542730182600;[171, 0, 17, 255, 161, 74, 234, 3, 26, 0, 0, 222, 0, 0, 0, 1, 0, 116, 3, 186]
1542730182785;[171, 0, 17, 255, 161, 74, 234, 3, 26, 0, 0, 223, 1, 0, 1, 1, 0, 115, 3, 148]
1542730182786;[171, 0, 17, 255, 161, 74, 234, 3, 26, 0, 0, 223, 1, 0, 1, 1, 0, 115, 3, 148]
1542730182788;[171, 0, 17, 255, 161, 74, 234, 3, 26, 0, 0, 220, 0, 0, 0, 1, 0, 116, 3, 117]
1542730182790;[171, 0, 17, 255, 161, 74, 234, 3, 26, 0, 0, 220, 0, 0, 0, 1, 0, 116, 3, 117]
1542730182940;[171, 0, 17, 255, 161, 74, 234, 3, 26, 0, 0, 224, 1, 0, 2, 1, 0, 115, 3, 82]
1542730182942;[171, 0, 17, 255, 161, 74, 234, 3, 26, 0, 0, 224, 1, 0, 2, 1, 0, 115, 3, 82]
1542730183113;[171, 0, 17, 255, 161, 74, 234, 3, 27, 0, 0, 222, 1, 0, 1, 1, 0, 115, 3, 124]
1542730183115;[171, 0, 17, 255, 161, 74, 234, 3, 27, 0, 0, 222, 1, 0, 1, 1, 0, 115, 3, 124]
1542730183460;[171, 0, 17, 255, 161, 74, 234, 3, 27, 0, 0, 222, 0, 0, 0, 1, 0, 116, 3, 199]
1542730183464;[171, 0, 17, 255, 161, 74, 234, 3, 27, 0, 0, 222, 0, 0, 0, 1, 0, 116, 3, 199]
1542730183465;[171, 0, 4, 255, 132, 128, 72]
1542730183468;[171, 0, 4, 255, 132, 128, 72]
1542730183471;[171, 0, 17, 255, 161, 74, 234, 3, 27, 0, 0, 220, 0, 0, 0, 1, 0, 115, 3, 230]
1542730183473;[171, 0, 17, 255, 161, 74, 234, 3, 27, 0, 0, 220, 0, 0, 0, 1, 0, 115, 3, 230]
1542730183474;[171, 0, 17, 255, 161, 74, 234, 3, 27, 0, 0, 217, 1, 0, 3, 1, 0, 116, 3, 235]
1542730183476;[171, 0, 17, 255, 161, 74, 234, 3, 27, 0, 0, 217, 1, 0, 3, 1, 0, 116, 3, 235]
1542730183629;[171, 0, 17, 255, 161, 74, 234, 3, 27, 0, 0, 221, 1, 0, 1, 1, 0, 115, 3, 223]
1542730183631;[171, 0, 17, 255, 161, 74, 234, 3, 27, 0, 0, 221, 1, 0, 1, 1, 0, 115, 3, 223]
1542730183634;[171, 0, 17, 255, 161, 74, 234, 3, 27, 0, 0, 222, 0, 0, 1, 1, 0, 117, 3, 195]
1542730183636;[171, 0, 17, 255, 161, 74, 234, 3, 27, 0, 0, 222, 0, 0, 1, 1, 0, 117, 3, 195]
1542730183802;[171, 0, 17, 255, 161, 74, 234, 3, 27, 0, 0, 222, 0, 0, 0, 1, 0, 116, 3, 165]
1542730183804;[171, 0, 17, 255, 161, 74, 234, 3, 27, 0, 0, 222, 0, 0, 0, 1, 0, 116, 3, 165]
1542730183806;[171, 0, 17, 255, 161, 74, 234, 3, 27, 0, 0, 221, 0, 0, 0, 1, 0, 116, 3, 136]
1542730183808;[171, 0, 17, 255, 161, 74, 234, 3, 27, 0, 0, 221, 0, 0, 0, 1, 0, 116, 3, 136]
1542730183975;[171, 0, 17, 255, 161, 74, 234, 3, 27, 0, 0, 223, 1, 0, 2, 1, 0, 115, 3, 108]
1542730183977;[171, 0, 17, 255, 161, 74, 234, 3, 27, 0, 0, 223, 1, 0, 2, 1, 0, 115, 3, 108]
1542730183979;[171, 0, 17, 255, 161, 74, 234, 3, 27, 0, 0, 221, 0, 0, 0, 1, 0, 116, 3, 175]
1542730183981;[171, 0, 17, 255, 161, 74, 234, 3, 27, 0, 0, 221, 0, 0, 0, 1, 0, 116, 3, 175]
1542730184147;[171, 0, 17, 255, 161, 74, 234, 3, 28, 0, 0, 222, 0, 0, 0, 1, 0, 116, 3, 242]
1542730184149;[171, 0, 17, 255, 161, 74, 234, 3, 28, 0, 0, 222, 0, 0, 0, 1, 0, 116, 3, 242]
1542730184152;[171, 0, 17, 255, 161, 74, 234, 3, 28, 0, 0, 221, 1, 0, 3, 1, 0, 117, 4, 3]
1542730184154;[171, 0, 17, 255, 161, 74, 234, 3, 28, 0, 0, 221, 1, 0, 3, 1, 0, 117, 4, 3]
1542730184319;[171, 0, 4, 255, 132, 128, 72]
1542730184321;[171, 0, 4, 255, 132, 128, 72]
1542730184493;[171, 0, 17, 255, 161, 74, 234, 3, 28, 0, 0, 219, 1, 0, 1, 1, 0, 116, 3, 249]
1542730184496;[171, 0, 17, 255, 161, 74, 234, 3, 28, 0, 0, 219, 1, 0, 1, 1, 0, 116, 3, 249]
1542730184498;[171, 0, 17, 255, 161, 74, 234, 3, 28, 0, 0, 220, 0, 0, 0, 1, 0, 117, 3, 232]
1542730184500;[171, 0, 17, 255, 161, 74, 234, 3, 28, 0, 0, 220, 0, 0, 0, 1, 0, 117, 3, 232]
1542730185012;[171, 0, 17, 255, 161, 74, 234, 3, 28, 0, 0, 221, 0, 0, 2, 1, 0, 116, 3, 210]
1542730185014;[171, 0, 17, 255, 161, 74, 234, 3, 28, 0, 0, 221, 0, 0, 2, 1, 0, 116, 3, 210]
1542730185016;[171, 0, 17, 255, 161, 74, 234, 3, 28, 0, 0, 220, 0, 0, 0, 1, 0, 117, 3, 174]
1542730185018;[171, 0, 17, 255, 161, 74, 234, 3, 28, 0, 0, 220, 0, 0, 0, 1, 0, 117, 3, 174]
1542730185021;[171, 0, 17, 255, 161, 74, 234, 3, 28, 0, 0, 224, 1, 0, 1, 1, 0, 117, 3, 150]
1542730185023;[171, 0, 17, 255, 161, 74, 234, 3, 28, 0, 0, 224, 1, 0, 1, 1, 0, 117, 3, 150]
1542730185028;[171, 0, 17, 255, 161, 74, 234, 3, 28, 0, 0, 222, 1, 0, 1, 1, 0, 116, 3, 216]
1542730185030;[171, 0, 17, 255, 161, 74, 234, 3, 28, 0, 0, 222, 1, 0, 1, 1, 0, 116, 3, 216]
1542730185181;[171, 0, 17, 255, 161, 74, 234, 3, 28, 0, 0, 222, 0, 0, 0, 1, 0, 116, 4, 29]
1542730185183;[171, 0, 17, 255, 161, 74, 234, 3, 28, 0, 0, 222, 0, 0, 0, 1, 0, 116, 4, 29]
1542730185184;[171, 0, 17, 255, 161, 74, 234, 3, 28, 0, 0, 220, 0, 0, 0, 1, 0, 116, 4, 38]
1542730185186;[171, 0, 17, 255, 161, 74, 234, 3, 28, 0, 0, 220, 0, 0, 0, 1, 0, 116, 4, 38]
1542730185187;[171, 0, 17, 255, 161, 74, 234, 3, 29, 0, 0, 218, 1, 0, 1, 1, 0, 114, 4, 17]
1542730185188;[171, 0, 17, 255, 161, 74, 234, 3, 29, 0, 0, 218, 1, 0, 1, 1, 0, 114, 4, 17]
1542730185528;[171, 0, 17, 255, 161, 74, 234, 3, 29, 0, 0, 221, 1, 0, 1, 1, 0, 116, 4, 0]
1542730185530;[171, 0, 17, 255, 161, 74, 234, 3, 29, 0, 0, 221, 1, 0, 1, 1, 0, 116, 4, 0]
1542730185533;[171, 0, 4, 255, 132, 128, 71]
1542730185535;[171, 0, 4, 255, 132, 128, 71]
1542730185538;[171, 0, 17, 255, 161, 74, 234, 3, 29, 0, 0, 220, 1, 0, 1, 1, 0, 115, 3, 228]
1542730185539;[171, 0, 17, 255, 161, 74, 234, 3, 29, 0, 0, 220, 1, 0, 1, 1, 0, 115, 3, 228]
1542730185701;[171, 0, 17, 255, 161, 74, 234, 3, 29, 0, 0, 221, 1, 0, 1, 1, 0, 114, 3, 200]
1542730185703;[171, 0, 17, 255, 161, 74, 234, 3, 29, 0, 0, 221, 1, 0, 1, 1, 0, 114, 3, 200]
1542730185705;[171, 0, 17, 255, 161, 74, 234, 3, 29, 0, 0, 220, 0, 0, 0, 1, 0, 115, 3, 151]
1542730185707;[171, 0, 17, 255, 161, 74, 234, 3, 29, 0, 0, 220, 0, 0, 0, 1, 0, 115, 3, 151]
1542730186045;[171, 0, 17, 255, 161, 74, 234, 3, 29, 0, 0, 220, 1, 0, 1, 1, 0, 115, 3, 178]
1542730186047;[171, 0, 17, 255, 161, 74, 234, 3, 29, 0, 0, 220, 1, 0, 1, 1, 0, 115, 3, 178]
1542730186050;[171, 0, 17, 255, 161, 74, 234, 3, 29, 0, 0, 220, 1, 0, 1, 1, 0, 116, 4, 9]
1542730186052;[171, 0, 17, 255, 161, 74, 234, 3, 29, 0, 0, 220, 1, 0, 1, 1, 0, 116, 4, 9]
1542730186057;[171, 0, 17, 255, 161, 74, 234, 3, 29, 0, 0, 218, 1, 0, 1, 1, 0, 117, 4, 47]
1542730186059;[171, 0, 17, 255, 161, 74, 234, 3, 29, 0, 0, 218, 1, 0, 1, 1, 0, 117, 4, 47]
1542730186391;[171, 0, 17, 255, 161, 74, 234, 3, 29, 0, 0, 220, 1, 0, 1, 1, 0, 116, 4, 48]
1542730186393;[171, 0, 17, 255, 161, 74, 234, 3, 29, 0, 0, 220, 1, 0, 1, 1, 0, 116, 4, 48]
1542730186396;[171, 0, 17, 255, 161, 74, 234, 3, 29, 0, 0, 221, 0, 0, 0, 1, 0, 114, 4, 31]
1542730186398;[171, 0, 17, 255, 161, 74, 234, 3, 29, 0, 0, 221, 0, 0, 0, 1, 0, 114, 4, 31]
1542730186400;[171, 0, 17, 255, 161, 74, 234, 3, 30, 0, 0, 222, 0, 0, 1, 1, 0, 117, 4, 8]
1542730186402;[171, 0, 17, 255, 161, 74, 234, 3, 30, 0, 0, 222, 0, 0, 1, 1, 0, 117, 4, 8]
1542730186404;[171, 0, 17, 255, 161, 74, 234, 3, 30, 0, 0, 222, 1, 0, 1, 1, 0, 115, 3, 230]
1542730186405;[171, 0, 17, 255, 161, 74, 234, 3, 30, 0, 0, 222, 1, 0, 1, 1, 0, 115, 3, 230]
1542730186561;[171, 0, 4, 255, 132, 128, 71]
1542730186564;[171, 0, 4, 255, 132, 128, 71]
1542730186567;[171, 0, 17, 255, 161, 74, 234, 3, 30, 0, 0, 221, 0, 0, 0, 1, 0, 115, 3, 199]
1542730186568;[171, 0, 17, 255, 161, 74, 234, 3, 30, 0, 0, 221, 0, 0, 0, 1, 0, 115, 3, 199]
1542730186734;[171, 0, 17, 255, 161, 74, 234, 3, 30, 0, 0, 222, 1, 0, 3, 1, 0, 116, 3, 159]
1542730186736;[171, 0, 17, 255, 161, 74, 234, 3, 30, 0, 0, 222, 1, 0, 3, 1, 0, 116, 3, 159]
1542730186908;[171, 0, 17, 255, 161, 74, 234, 3, 30, 0, 0, 218, 0, 0, 1, 1, 0, 115, 3, 162]
1542730186910;[171, 0, 17, 255, 161, 74, 234, 3, 30, 0, 0, 218, 0, 0, 1, 1, 0, 115, 3, 162]
1542730186913;[171, 0, 17, 255, 161, 74, 234, 3, 30, 0, 0, 220, 0, 0, 0, 1, 0, 117, 3, 234]
1542730186914;[171, 0, 17, 255, 161, 74, 234, 3, 30, 0, 0, 220, 0, 0, 0, 1, 0, 117, 3, 234]
1542730187771;[171, 0, 17, 255, 161, 74, 234, 3, 30, 0, 0, 221, 0, 0, 0, 1, 0, 114, 4, 45]
1542730187773;[171, 0, 17, 255, 161, 74, 234, 3, 30, 0, 0, 221, 0, 0, 0, 1, 0, 114, 4, 45]
1542730187776;[171, 0, 17, 255, 161, 74, 234, 3, 30, 0, 0, 222, 1, 0, 1, 1, 0, 115, 4, 42]
1542730187777;[171, 0, 17, 255, 161, 74, 234, 3, 30, 0, 0, 222, 1, 0, 1, 1, 0, 115, 4, 42]
1542730187779;[171, 0, 17, 255, 161, 74, 234, 3, 30, 0, 0, 221, 0, 0, 1, 1, 0, 116, 4, 44]
1542730187781;[171, 0, 17, 255, 161, 74, 234, 3, 30, 0, 0, 221, 0, 0, 1, 1, 0, 116, 4, 44]
1542730187784;[171, 0, 17, 255, 161, 74, 234, 3, 30, 0, 0, 222, 0, 0, 0, 1, 0, 118, 4, 17]
1542730187785;[171, 0, 17, 255, 161, 74, 234, 3, 30, 0, 0, 222, 0, 0, 0, 1, 0, 118, 4, 17]
1542730188117;[171, 0, 17, 255, 161, 74, 234, 3, 31, 0, 0, 221, 0, 0, 0, 1, 0, 116, 3, 246]
1542730188118;[171, 0, 17, 255, 161, 74, 234, 3, 31, 0, 0, 221, 0, 0, 0, 1, 0, 116, 3, 246]
1542730188121;[171, 0, 17, 255, 161, 74, 234, 3, 31, 0, 0, 221, 1, 0, 2, 1, 0, 115, 3, 227]
1542730188123;[171, 0, 17, 255, 161, 74, 234, 3, 31, 0, 0, 221, 1, 0, 2, 1, 0, 115, 3, 227]
1542730188125;[171, 0, 4, 255, 132, 128, 71]
1542730188127;[171, 0, 4, 255, 132, 128, 71]
1542730188130;[171, 0, 17, 255, 161, 74, 234, 3, 31, 0, 0, 222, 1, 0, 1, 1, 0, 116, 3, 189]
1542730188131;[171, 0, 17, 255, 161, 74, 234, 3, 31, 0, 0, 222, 1, 0, 1, 1, 0, 116, 3, 189]
1542730188289;[171, 0, 17, 255, 161, 74, 234, 3, 31, 0, 0, 222, 1, 0, 2, 1, 0, 116, 3, 209]
1542730188290;[171, 0, 17, 255, 161, 74, 234, 3, 31, 0, 0, 222, 1, 0, 2, 1, 0, 116, 3, 209]
1542730188294;[171, 0, 17, 255, 161, 74, 234, 3, 31, 0, 0, 219, 0, 0, 2, 1, 0, 116, 4, 19]
1542730188295;[171, 0, 17, 255, 161, 74, 234, 3, 31, 0, 0, 219, 0, 0, 2, 1, 0, 116, 4, 19]
1542730188298;[171, 0, 17, 255, 161, 74, 234, 3, 31, 0, 0, 220, 1, 0, 1, 1, 0, 115, 4, 53]
1542730188300;[171, 0, 17, 255, 161, 74, 234, 3, 31, 0, 0, 220, 1, 0, 1, 1, 0, 115, 4, 53]
1542730188634;[171, 0, 17, 255, 161, 74, 234, 3, 31, 0, 0, 221, 0, 0, 2, 1, 0, 116, 4, 47]
1542730188636;[171, 0, 17, 255, 161, 74, 234, 3, 31, 0, 0, 221, 0, 0, 2, 1, 0, 116, 4, 47]
1542730188639;[171, 0, 17, 255, 161, 74, 234, 3, 31, 0, 0, 221, 0, 0, 1, 1, 0, 116, 4, 26]
1542730188641;[171, 0, 17, 255, 161, 74, 234, 3, 31, 0, 0, 221, 0, 0, 1, 1, 0, 116, 4, 26]
1542730188644;[171, 0, 17, 255, 161, 74, 234, 3, 31, 0, 0, 219, 0, 0, 0, 1, 0, 116, 4, 4]
1542730188646;[171, 0, 17, 255, 161, 74, 234, 3, 31, 0, 0, 219, 0, 0, 0, 1, 0, 116, 4, 4]
1542730188648;[171, 0, 17, 255, 161, 74, 234, 3, 31, 0, 0, 222, 0, 0, 2, 1, 0, 115, 3, 226]
1542730188649;[171, 0, 17, 255, 161, 74, 234, 3, 31, 0, 0, 222, 0, 0, 2, 1, 0, 115, 3, 226]
1542730188979;[171, 0, 17, 255, 161, 74, 234, 3, 32, 0, 0, 219, 1, 0, 2, 1, 0, 115, 3, 195]
1542730188981;[171, 0, 17, 255, 161, 74, 234, 3, 32, 0, 0, 219, 1, 0, 2, 1, 0, 115, 3, 195]
1542730188983;[171, 0, 17, 255, 161, 74, 234, 3, 32, 0, 0, 222, 1, 0, 2, 1, 0, 115, 3, 210]
1542730188985;[171, 0, 17, 255, 161, 74, 234, 3, 32, 0, 0, 222, 1, 0, 2, 1, 0, 115, 3, 210]
1542730188987;[171, 0, 4, 255, 132, 128, 71]
1542730188989;[171, 0, 4, 255, 132, 128, 71]
1542730188992;[171, 0, 17, 255, 161, 74, 234, 3, 32, 0, 0, 221, 1, 0, 3, 1, 0, 115, 4, 31]
1542730188993;[171, 0, 17, 255, 161, 74, 234, 3, 32, 0, 0, 221, 1, 0, 3, 1, 0, 115, 4, 31]
1542730189151;[171, 0, 17, 255, 161, 74, 234, 3, 32, 0, 0, 221, 0, 0, 1, 1, 0, 116, 4, 54]
1542730189155;[171, 0, 17, 255, 161, 74, 234, 3, 32, 0, 0, 221, 0, 0, 1, 1, 0, 116, 4, 54]
1542730189158;[171, 0, 17, 255, 161, 74, 234, 3, 32, 0, 0, 218, 1, 0, 1, 1, 0, 116, 4, 43]
1542730189159;[171, 0, 17, 255, 161, 74, 234, 3, 32, 0, 0, 218, 1, 0, 1, 1, 0, 116, 4, 43]
1542730189161;[171, 0, 17, 255, 161, 74, 234, 3, 32, 0, 0, 223, 0, 0, 0, 1, 0, 116, 4, 24]
1542730189163;[171, 0, 17, 255, 161, 74, 234, 3, 32, 0, 0, 223, 0, 0, 0, 1, 0, 116, 4, 24]
1542730189322;[171, 0, 17, 255, 161, 74, 234, 3, 32, 0, 0, 222, 1, 0, 1, 1, 0, 116, 3, 248]
1542730189324;[171, 0, 17, 255, 161, 74, 234, 3, 32, 0, 0, 222, 1, 0, 1, 1, 0, 116, 3, 248]
1542730190186;[171, 0, 17, 255, 161, 74, 234, 3, 32, 0, 0, 222, 1, 0, 2, 1, 0, 116, 3, 213]
1542730190188;[171, 0, 17, 255, 161, 74, 234, 3, 32, 0, 0, 222, 1, 0, 2, 1, 0, 116, 3, 213]
1542730190190;[171, 0, 17, 255, 161, 74, 234, 3, 32, 0, 0, 222, 1, 0, 1, 1, 0, 117, 3, 162]
1542730190192;[171, 0, 17, 255, 161, 74, 234, 3, 32, 0, 0, 222, 1, 0, 1, 1, 0, 117, 3, 162]
1542730190194;[171, 0, 17, 255, 161, 74, 234, 3, 32, 0, 0, 223, 0, 0, 0, 1, 0, 115, 3, 148]
1542730190196;[171, 0, 17, 255, 161, 74, 234, 3, 32, 0, 0, 223, 0, 0, 0, 1, 0, 115, 3, 148]
1542730190198;[171, 0, 17, 255, 161, 74, 234, 3, 33, 0, 0, 222, 0, 0, 1, 1, 0, 114, 3, 200]
1542730190200;[171, 0, 17, 255, 161, 74, 234, 3, 33, 0, 0, 222, 0, 0, 1, 1, 0, 114, 3, 200]
1542730190360;[171, 0, 17, 255, 161, 74, 234, 3, 33, 0, 0, 222, 1, 0, 1, 1, 0, 115, 4, 6]
1542730190362;[171, 0, 17, 255, 161, 74, 234, 3, 33, 0, 0, 222, 1, 0, 1, 1, 0, 115, 4, 6]
1542730190364;[171, 0, 4, 255, 132, 128, 71]
1542730190366;[171, 0, 4, 255, 132, 128, 71]
1542730190370;[171, 0, 17, 255, 161, 74, 234, 3, 33, 0, 0, 219, 1, 0, 1, 1, 0, 115, 4, 24]
1542730190372;[171, 0, 17, 255, 161, 74, 234, 3, 33, 0, 0, 219, 1, 0, 1, 1, 0, 115, 4, 24]
1542730190375;[171, 0, 17, 255, 161, 74, 234, 3, 33, 0, 0, 223, 0, 0, 0, 1, 0, 116, 4, 17]
1542730190376;[171, 0, 17, 255, 161, 74, 234, 3, 33, 0, 0, 223, 0, 0, 0, 1, 0, 116, 4, 17]
1542730190530;[171, 0, 17, 255, 161, 74, 234, 3, 33, 0, 0, 222, 0, 0, 0, 1, 0, 115, 3, 251]
1542730190532;[171, 0, 17, 255, 161, 74, 234, 3, 33, 0, 0, 222, 0, 0, 0, 1, 0, 115, 3, 251]
1542730190535;[171, 0, 17, 255, 161, 74, 234, 3, 33, 0, 0, 222, 1, 0, 2, 1, 0, 115, 3, 220]
1542730190537;[171, 0, 17, 255, 161, 74, 234, 3, 33, 0, 0, 222, 1, 0, 2, 1, 0, 115, 3, 220]
1542730190539;[171, 0, 17, 255, 161, 74, 234, 3, 33, 0, 0, 220, 1, 0, 2, 1, 0, 116, 3, 187]
1542730190541;[171, 0, 17, 255, 161, 74, 234, 3, 33, 0, 0, 220, 1, 0, 2, 1, 0, 116, 3, 187]
1542730191219;[171, 0, 17, 255, 161, 74, 234, 3, 33, 0, 0, 222, 0, 0, 0, 1, 0, 115, 3, 148]
1542730191220;[171, 0, 17, 255, 161, 74, 234, 3, 33, 0, 0, 222, 0, 0, 0, 1, 0, 115, 3, 148]
1542730191567;[171, 0, 17, 255, 161, 74, 234, 3, 33, 0, 0, 223, 1, 0, 1, 1, 0, 117, 3, 115]
1542730191568;[171, 0, 17, 255, 161, 74, 234, 3, 33, 0, 0, 223, 1, 0, 1, 1, 0, 117, 3, 115]
1542730191575;[171, 0, 17, 255, 161, 74, 234, 3, 33, 0, 0, 221, 1, 0, 1, 1, 0, 116, 3, 120]
1542730191577;[171, 0, 17, 255, 161, 74, 234, 3, 33, 0, 0, 221, 1, 0, 1, 1, 0, 116, 3, 120]
1542730191578;[171, 0, 17, 255, 161, 74, 234, 3, 34, 0, 0, 222, 0, 0, 1, 1, 0, 115, 3, 190]
1542730191580;[171, 0, 17, 255, 161, 74, 234, 3, 34, 0, 0, 222, 0, 0, 1, 1, 0, 115, 3, 190]
1542730191582;[171, 0, 17, 255, 161, 74, 234, 3, 34, 0, 0, 222, 1, 0, 3, 1, 0, 117, 3, 231]
1542730191584;[171, 0, 17, 255, 161, 74, 234, 3, 34, 0, 0, 222, 1, 0, 3, 1, 0, 117, 3, 231]
1542730191738;[171, 0, 4, 255, 132, 128, 71]
1542730191742;[171, 0, 4, 255, 132, 128, 71]
1542730191745;[171, 0, 17, 255, 161, 74, 234, 3, 34, 0, 0, 221, 1, 0, 3, 1, 0, 117, 3, 227]
1542730191748;[171, 0, 17, 255, 161, 74, 234, 3, 34, 0, 0, 221, 1, 0, 3, 1, 0, 117, 3, 227]
1542730191750;[171, 0, 17, 255, 161, 74, 234, 3, 34, 0, 0, 219, 0, 0, 0, 1, 0, 116, 3, 212]
1542730191752;[171, 0, 17, 255, 161, 74, 234, 3, 34, 0, 0, 219, 0, 0, 0, 1, 0, 116, 3, 212]
1542730191754;[171, 0, 17, 255, 161, 74, 234, 3, 34, 0, 0, 222, 0, 0, 0, 1, 0, 115, 3, 185]
1542730191755;[171, 0, 17, 255, 161, 74, 234, 3, 34, 0, 0, 222, 0, 0, 0, 1, 0, 115, 3, 185]
1542730191910;[171, 0, 17, 255, 161, 74, 234, 3, 36, 0, 0, 222, 0, 0, 0, 1, 0, 117, 3, 125]
1542730191912;[171, 0, 17, 255, 161, 74, 234, 3, 36, 0, 0, 222, 0, 0, 0, 1, 0, 117, 3, 125]
1542730191914;[171, 0, 17, 255, 161, 74, 234, 3, 36, 0, 0, 223, 1, 0, 2, 1, 0, 116, 3, 114]
1542730191915;[171, 0, 17, 255, 161, 74, 234, 3, 36, 0, 0, 223, 1, 0, 2, 1, 0, 116, 3, 114]
1542730192428;[171, 0, 17, 255, 161, 74, 234, 3, 36, 0, 0, 221, 0, 0, 0, 1, 0, 117, 3, 93]
1542730192434;[171, 0, 17, 255, 161, 74, 234, 3, 36, 0, 0, 221, 0, 0, 0, 1, 0, 117, 3, 93]
1542730192435;[171, 0, 17, 255, 161, 74, 234, 3, 37, 0, 0, 221, 1, 0, 3, 1, 0, 115, 3, 62]
1542730192437;[171, 0, 17, 255, 161, 74, 234, 3, 37, 0, 0, 221, 1, 0, 3, 1, 0, 115, 3, 62]
1542730192439;[171, 0, 17, 255, 161, 74, 234, 3, 37, 0, 0, 222, 1, 0, 2, 1, 0, 117, 3, 39]
1542730192440;[171, 0, 17, 255, 161, 74, 234, 3, 37, 0, 0, 222, 1, 0, 2, 1, 0, 117, 3, 39]
1542730192442;[171, 0, 4, 255, 132, 128, 70]
1542730192444;[171, 0, 4, 255, 132, 128, 70]
1542730192602;[171, 0, 17, 255, 161, 74, 234, 3, 37, 0, 0, 221, 0, 0, 0, 1, 0, 117, 2, 255]
1542730192604;[171, 0, 17, 255, 161, 74, 234, 3, 37, 0, 0, 221, 0, 0, 0, 1, 0, 117, 2, 255]
1542730192606;[171, 0, 17, 255, 161, 74, 234, 3, 37, 0, 0, 222, 0, 0, 0, 1, 0, 117, 3, 24]
1542730192630;[171, 0, 17, 255, 161, 74, 234, 3, 37, 0, 0, 222, 0, 0, 0, 1, 0, 117, 3, 24]
1542730192771;[171, 0, 17, 255, 161, 74, 234, 3, 37, 0, 0, 218, 1, 0, 1, 1, 0, 117, 3, 84]
1542730192774;[171, 0, 17, 255, 161, 74, 234, 3, 37, 0, 0, 218, 1, 0, 1, 1, 0, 117, 3, 84]
1542730192776;[171, 0, 17, 255, 161, 74, 234, 3, 37, 0, 0, 221, 0, 0, 0, 1, 0, 116, 3, 104]
1542730192778;[171, 0, 17, 255, 161, 74, 234, 3, 37, 0, 0, 221, 0, 0, 0, 1, 0, 116, 3, 104]
1542730192944;[171, 0, 17, 255, 161, 74, 234, 3, 37, 0, 0, 222, 0, 0, 0, 1, 0, 116, 3, 109]
1542730192946;[171, 0, 17, 255, 161, 74, 234, 3, 37, 0, 0, 222, 0, 0, 0, 1, 0, 116, 3, 109]
1542730193117;[171, 0, 17, 255, 161, 74, 234, 3, 37, 0, 0, 220, 1, 0, 2, 1, 0, 116, 3, 79]
1542730193119;[171, 0, 17, 255, 161, 74, 234, 3, 37, 0, 0, 220, 1, 0, 2, 1, 0, 116, 3, 79]
1542730193122;[171, 0, 17, 255, 161, 74, 234, 3, 37, 0, 0, 218, 0, 0, 1, 1, 0, 115, 3, 56]
1542730193123;[171, 0, 17, 255, 161, 74, 234, 3, 37, 0, 0, 218, 0, 0, 1, 1, 0, 115, 3, 56]
1542730193289;[171, 0, 17, 255, 161, 74, 234, 3, 37, 0, 0, 220, 1, 0, 2, 1, 0, 114, 3, 21]
1542730193291;[171, 0, 17, 255, 161, 74, 234, 3, 37, 0, 0, 220, 1, 0, 2, 1, 0, 114, 3, 21]
1542730193808;[171, 0, 17, 255, 161, 74, 234, 3, 38, 0, 0, 220, 1, 0, 2, 1, 0, 117, 2, 237]
1542730193810;[171, 0, 17, 255, 161, 74, 234, 3, 38, 0, 0, 220, 1, 0, 2, 1, 0, 117, 2, 237]
1542730193813;[171, 0, 17, 255, 161, 74, 234, 3, 38, 0, 0, 222, 1, 0, 1, 1, 0, 116, 3, 15]
1542730193814;[171, 0, 17, 255, 161, 74, 234, 3, 38, 0, 0, 222, 1, 0, 1, 1, 0, 116, 3, 15]
1542730193816;[171, 0, 4, 255, 132, 128, 70]
1542730193819;[171, 0, 4, 255, 132, 128, 70]
1542730193822;[171, 0, 17, 255, 161, 74, 234, 3, 38, 0, 0, 221, 0, 0, 0, 1, 0, 115, 3, 87]
1542730193824;[171, 0, 17, 255, 161, 74, 234, 3, 38, 0, 0, 221, 0, 0, 0, 1, 0, 115, 3, 87]
1542730193981;[171, 0, 17, 255, 161, 74, 234, 3, 38, 0, 0, 222, 0, 0, 0, 1, 0, 117, 3, 119]
1542730193983;[171, 0, 17, 255, 161, 74, 234, 3, 38, 0, 0, 222, 0, 0, 0, 1, 0, 117, 3, 119]
1542730193986;[171, 0, 17, 255, 161, 74, 234, 3, 38, 0, 0, 220, 0, 0, 1, 1, 0, 116, 3, 106]
1542730193987;[171, 0, 17, 255, 161, 74, 234, 3, 38, 0, 0, 220, 0, 0, 1, 1, 0, 116, 3, 106]
1542730193990;[171, 0, 17, 255, 161, 74, 234, 3, 38, 0, 0, 221, 0, 0, 0, 1, 0, 115, 3, 91]
1542730193992;[171, 0, 17, 255, 161, 74, 234, 3, 38, 0, 0, 221, 0, 0, 0, 1, 0, 115, 3, 91]
1542730193995;[171, 0, 17, 255, 161, 74, 234, 3, 38, 0, 0, 222, 0, 0, 0, 1, 0, 116, 3, 70]
1542730193997;[171, 0, 17, 255, 161, 74, 234, 3, 38, 0, 0, 222, 0, 0, 0, 1, 0, 116, 3, 70]
1542730194153;[171, 0, 17, 255, 161, 74, 234, 3, 38, 0, 0, 222, 1, 0, 1, 1, 0, 117, 3, 43]
1542730194155;[171, 0, 17, 255, 161, 74, 234, 3, 38, 0, 0, 222, 1, 0, 1, 1, 0, 117, 3, 43]
1542730194157;[171, 0, 17, 255, 161, 74, 234, 3, 38, 0, 0, 219, 0, 0, 0, 1, 0, 115, 3, 8]
1542730194159;[171, 0, 17, 255, 161, 74, 234, 3, 38, 0, 0, 219, 0, 0, 0, 1, 0, 115, 3, 8]
1542730194324;[171, 0, 17, 255, 161, 74, 234, 3, 38, 0, 0, 222, 0, 0, 0, 1, 0, 115, 3, 1]
1542730194326;[171, 0, 17, 255, 161, 74, 234, 3, 38, 0, 0, 222, 0, 0, 0, 1, 0, 115, 3, 1]
1542730195014;[171, 0, 17, 255, 161, 74, 234, 3, 39, 0, 0, 222, 1, 0, 1, 1, 0, 117, 3, 83]
1542730195016;[171, 0, 17, 255, 161, 74, 234, 3, 39, 0, 0, 222, 1, 0, 1, 1, 0, 117, 3, 83]
1542730195535;[171, 0, 17, 255, 161, 74, 234, 3, 39, 0, 0, 220, 0, 0, 0, 1, 0, 114, 3, 138]
1542730195536;[171, 0, 17, 255, 161, 74, 234, 3, 39, 0, 0, 220, 0, 0, 0, 1, 0, 114, 3, 138]
1542730195538;[171, 0, 4, 255, 132, 128, 70]
1542730195541;[171, 0, 4, 255, 132, 128, 70]
1542730195543;[171, 0, 17, 255, 161, 74, 234, 3, 39, 0, 0, 222, 1, 0, 2, 1, 0, 118, 3, 138]
1542730195545;[171, 0, 17, 255, 161, 74, 234, 3, 39, 0, 0, 222, 1, 0, 2, 1, 0, 118, 3, 138]
1542730195547;[171, 0, 17, 255, 161, 74, 234, 3, 39, 0, 0, 222, 1, 0, 1, 1, 0, 115, 3, 138]
1542730195549;[171, 0, 17, 255, 161, 74, 234, 3, 39, 0, 0, 222, 1, 0, 1, 1, 0, 115, 3, 138]
1542730195706;[171, 0, 17, 255, 161, 74, 234, 3, 39, 0, 0, 222, 1, 0, 3, 1, 0, 117, 3, 106]
1542730195708;[171, 0, 17, 255, 161, 74, 234, 3, 39, 0, 0, 222, 1, 0, 3, 1, 0, 117, 3, 106]
1542730195710;[171, 0, 17, 255, 161, 74, 234, 3, 39, 0, 0, 221, 0, 0, 0, 1, 0, 116, 3, 72]
1542730195712;[171, 0, 17, 255, 161, 74, 234, 3, 39, 0, 0, 221, 0, 0, 0, 1, 0, 116, 3, 72]
1542730195716;[171, 0, 17, 255, 161, 74, 234, 3, 39, 0, 0, 221, 0, 0, 0, 1, 0, 115, 3, 41]
1542730195718;[171, 0, 17, 255, 161, 74, 234, 3, 39, 0, 0, 221, 0, 0, 0, 1, 0, 115, 3, 41]
1542730195720;[171, 0, 17, 255, 161, 74, 234, 3, 39, 0, 0, 222, 1, 0, 2, 1, 0, 117, 3, 2]
1542730195721;[171, 0, 17, 255, 161, 74, 234, 3, 39, 0, 0, 222, 1, 0, 2, 1, 0, 117, 3, 2]
1542730196396;[171, 0, 17, 255, 161, 74, 234, 3, 39, 0, 0, 222, 1, 0, 1, 1, 0, 116, 3, 21]
1542730196398;[171, 0, 17, 255, 161, 74, 234, 3, 39, 0, 0, 222, 1, 0, 1, 1, 0, 116, 3, 21]
1542730196400;[171, 0, 17, 255, 161, 74, 234, 3, 39, 0, 0, 223, 0, 0, 1, 1, 0, 114, 3, 92]
1542730196402;[171, 0, 17, 255, 161, 74, 234, 3, 39, 0, 0, 223, 0, 0, 1, 1, 0, 114, 3, 92]
1542730196404;[171, 0, 17, 255, 161, 74, 234, 3, 40, 0, 0, 220, 0, 0, 0, 1, 0, 116, 3, 118]
1542730196406;[171, 0, 17, 255, 161, 74, 234, 3, 40, 0, 0, 220, 0, 0, 0, 1, 0, 116, 3, 118]
1542730196569;[171, 0, 17, 255, 161, 74, 234, 3, 40, 0, 0, 219, 0, 0, 0, 1, 0, 116, 3, 111]
1542730196571;[171, 0, 17, 255, 161, 74, 234, 3, 40, 0, 0, 219, 0, 0, 0, 1, 0, 116, 3, 111]
1542730196574;[171, 0, 4, 255, 132, 128, 70]
1542730196576;[171, 0, 4, 255, 132, 128, 70]
1542730196579;[171, 0, 17, 255, 161, 74, 234, 3, 40, 0, 0, 222, 1, 0, 2, 1, 0, 116, 3, 92]
1542730196581;[171, 0, 17, 255, 161, 74, 234, 3, 40, 0, 0, 222, 1, 0, 2, 1, 0, 116, 3, 92]
1542730196583;[171, 0, 17, 255, 161, 74, 234, 3, 40, 0, 0, 224, 0, 0, 2, 1, 0, 115, 3, 67]
1542730196585;[171, 0, 17, 255, 161, 74, 234, 3, 40, 0, 0, 224, 0, 0, 2, 1, 0, 115, 3, 67]
1542730196741;[171, 0, 17, 255, 161, 74, 234, 3, 40, 0, 0, 220, 0, 0, 0, 1, 0, 116, 3, 29]
1542730196743;[171, 0, 17, 255, 161, 74, 234, 3, 40, 0, 0, 220, 0, 0, 0, 1, 0, 116, 3, 29]
1542730196747;[171, 0, 17, 255, 161, 74, 234, 3, 40, 0, 0, 221, 1, 0, 1, 1, 0, 117, 2, 255]
1542730196749;[171, 0, 17, 255, 161, 74, 234, 3, 40, 0, 0, 221, 1, 0, 1, 1, 0, 117, 2, 255]
1542730196751;[171, 0, 17, 255, 161, 74, 234, 3, 40, 0, 0, 221, 1, 0, 1, 1, 0, 117, 3, 25]
1542730196753;[171, 0, 17, 255, 161, 74, 234, 3, 40, 0, 0, 221, 1, 0, 1, 1, 0, 117, 3, 25]
1542730196755;[171, 0, 17, 255, 161, 74, 234, 3, 40, 0, 0, 219, 0, 0, 0, 1, 0, 115, 3, 84]
1542730196757;[171, 0, 17, 255, 161, 74, 234, 3, 40, 0, 0, 219, 0, 0, 0, 1, 0, 115, 3, 84]
1542730196912;[171, 0, 17, 255, 161, 74, 234, 3, 40, 0, 0, 219, 1, 0, 1, 1, 0, 115, 3, 100]
1542730196914;[171, 0, 17, 255, 161, 74, 234, 3, 40, 0, 0, 219, 1, 0, 1, 1, 0, 115, 3, 100]
1542730196917;[171, 0, 17, 255, 161, 74, 234, 3, 40, 0, 0, 220, 0, 0, 1, 1, 0, 116, 3, 90]
1542730196919;[171, 0, 17, 255, 161, 74, 234, 3, 40, 0, 0, 220, 0, 0, 1, 1, 0, 116, 3, 90]
1542730197258;[171, 0, 17, 255, 161, 74, 234, 3, 41, 0, 0, 220, 1, 0, 2, 1, 0, 116, 3, 70]
1542730197261;[171, 0, 17, 255, 161, 74, 234, 3, 41, 0, 0, 220, 1, 0, 2, 1, 0, 116, 3, 70]
1542730197263;[171, 0, 17, 255, 161, 74, 234, 3, 41, 0, 0, 222, 0, 0, 0, 1, 0, 115, 3, 34]
1542730197266;[171, 0, 17, 255, 161, 74, 234, 3, 41, 0, 0, 222, 0, 0, 0, 1, 0, 115, 3, 34]
1542730197267;[171, 0, 4, 255, 132, 128, 70]
1542730197270;[171, 0, 4, 255, 132, 128, 70]
1542730197607;[171, 0, 17, 255, 161, 74, 234, 3, 41, 0, 0, 221, 1, 0, 2, 1, 0, 115, 3, 0]
1542730197609;[171, 0, 17, 255, 161, 74, 234, 3, 41, 0, 0, 221, 1, 0, 2, 1, 0, 115, 3, 0]
1542730197611;[171, 0, 17, 255, 161, 74, 234, 3, 41, 0, 0, 221, 0, 0, 0, 1, 0, 115, 2, 216]
1542730197613;[171, 0, 17, 255, 161, 74, 234, 3, 41, 0, 0, 221, 0, 0, 0, 1, 0, 115, 2, 216]
1542730197615;[171, 0, 17, 255, 161, 74, 234, 3, 41, 0, 0, 218, 1, 0, 2, 1, 0, 116, 2, 246]
1542730197617;[171, 0, 17, 255, 161, 74, 234, 3, 41, 0, 0, 218, 1, 0, 2, 1, 0, 116, 2, 246]
1542730197620;[171, 0, 17, 255, 161, 74, 234, 3, 41, 0, 0, 221, 1, 0, 2, 1, 0, 116, 3, 66]
1542730197622;[171, 0, 17, 255, 161, 74, 234, 3, 41, 0, 0, 221, 1, 0, 2, 1, 0, 116, 3, 66]
1542730197775;[171, 0, 17, 255, 161, 74, 234, 3, 41, 0, 0, 220, 1, 0, 2, 1, 0, 116, 3, 80]
1542730197777;[171, 0, 17, 255, 161, 74, 234, 3, 41, 0, 0, 220, 1, 0, 2, 1, 0, 116, 3, 80]
1542730197779;[171, 0, 17, 255, 161, 74, 234, 3, 41, 0, 0, 221, 1, 0, 3, 1, 0, 116, 3, 80]
1542730197781;[171, 0, 17, 255, 161, 74, 234, 3, 41, 0, 0, 221, 1, 0, 3, 1, 0, 116, 3, 80]
1542730197947;[171, 0, 17, 255, 161, 74, 234, 3, 41, 0, 0, 221, 1, 0, 2, 1, 0, 117, 3, 55]
1542730197948;[171, 0, 17, 255, 161, 74, 234, 3, 41, 0, 0, 221, 1, 0, 2, 1, 0, 117, 3, 55]
1542730198120;[171, 0, 17, 255, 161, 74, 234, 3, 41, 0, 0, 222, 0, 0, 0, 1, 0, 116, 3, 26]
1542730198122;[171, 0, 17, 255, 161, 74, 234, 3, 41, 0, 0, 222, 0, 0, 0, 1, 0, 116, 3, 26]
1542730198124;[171, 0, 17, 255, 161, 74, 234, 3, 42, 0, 0, 220, 1, 0, 1, 1, 0, 117, 2, 253]
1542730198126;[171, 0, 17, 255, 161, 74, 234, 3, 42, 0, 0, 220, 1, 0, 1, 1, 0, 117, 2, 253]
1542730198292;[171, 0, 17, 255, 161, 74, 234, 3, 42, 0, 0, 222, 0, 0, 0, 1, 0, 114, 2, 210]
1542730198295;[171, 0, 17, 255, 161, 74, 234, 3, 42, 0, 0, 222, 0, 0, 0, 1, 0, 114, 2, 210]
1542730198297;[171, 0, 4, 255, 132, 128, 70]
1542730198299;[171, 0, 4, 255, 132, 128, 70]
1542730198812;[171, 0, 17, 255, 161, 74, 234, 3, 42, 0, 0, 222, 0, 0, 1, 1, 0, 115, 2, 195]
1542730198814;[171, 0, 17, 255, 161, 74, 234, 3, 42, 0, 0, 222, 0, 0, 1, 1, 0, 115, 2, 195]
1542730198816;[171, 0, 17, 255, 161, 74, 234, 3, 42, 0, 0, 223, 1, 0, 1, 1, 0, 115, 3, 12]
1542730198818;[171, 0, 17, 255, 161, 74, 234, 3, 42, 0, 0, 223, 1, 0, 1, 1, 0, 115, 3, 12]
1542730198821;[171, 0, 17, 255, 161, 74, 234, 3, 42, 0, 0, 220, 1, 0, 1, 1, 0, 118, 3, 62]
1542730198823;[171, 0, 17, 255, 161, 74, 234, 3, 42, 0, 0, 220, 1, 0, 1, 1, 0, 118, 3, 62]
1542730198825;[171, 0, 17, 255, 161, 74, 234, 3, 42, 0, 0, 222, 0, 0, 0, 1, 0, 115, 3, 77]
1542730198827;[171, 0, 17, 255, 161, 74, 234, 3, 42, 0, 0, 222, 0, 0, 0, 1, 0, 115, 3, 77]
1542730198984;[171, 0, 17, 255, 161, 74, 234, 3, 42, 0, 0, 219, 0, 0, 0, 1, 0, 118, 3, 59]
1542730198986;[171, 0, 17, 255, 161, 74, 234, 3, 42, 0, 0, 219, 0, 0, 0, 1, 0, 118, 3, 59]
1542730198988;[171, 0, 17, 255, 161, 74, 234, 3, 42, 0, 0, 220, 0, 0, 1, 1, 0, 116, 3, 33]
1542730198990;[171, 0, 17, 255, 161, 74, 234, 3, 42, 0, 0, 220, 0, 0, 1, 1, 0, 116, 3, 33]
1542730198993;[171, 0, 17, 255, 161, 74, 234, 3, 42, 0, 0, 222, 0, 0, 0, 1, 0, 116, 3, 18]
1542730198994;[171, 0, 17, 255, 161, 74, 234, 3, 42, 0, 0, 222, 0, 0, 0, 1, 0, 116, 3, 18]
1542730199155;[171, 0, 17, 255, 161, 74, 234, 3, 42, 0, 0, 219, 1, 0, 1, 1, 0, 116, 2, 231]
1542730199158;[171, 0, 17, 255, 161, 74, 234, 3, 42, 0, 0, 219, 1, 0, 1, 1, 0, 116, 2, 231]
1542730199160;[171, 0, 17, 255, 161, 74, 234, 3, 43, 0, 0, 220, 0, 0, 0, 1, 0, 116, 2, 204]
1542730199162;[171, 0, 17, 255, 161, 74, 234, 3, 43, 0, 0, 220, 0, 0, 0, 1, 0, 116, 2, 204]
1542730199328;[171, 0, 17, 255, 161, 74, 234, 3, 43, 0, 0, 221, 1, 0, 2, 1, 0, 116, 2, 228]
1542730199330;[171, 0, 17, 255, 161, 74, 234, 3, 43, 0, 0, 221, 1, 0, 2, 1, 0, 116, 2, 228]
1542730199499;[171, 0, 4, 255, 132, 128, 70]
1542730199503;[171, 0, 4, 255, 132, 128, 70]
1542730199506;[171, 0, 17, 255, 161, 74, 234, 3, 43, 0, 0, 220, 0, 0, 1, 1, 0, 115, 3, 34]
1542730199507;[171, 0, 17, 255, 161, 74, 234, 3, 43, 0, 0, 220, 0, 0, 1, 1, 0, 115, 3, 34]
1542730199844;[171, 0, 17, 255, 161, 74, 234, 3, 43, 0, 0, 223, 1, 0, 2, 1, 0, 115, 3, 61]
1542730199846;[171, 0, 17, 255, 161, 74, 234, 3, 43, 0, 0, 223, 1, 0, 2, 1, 0, 115, 3, 61]
1542730200191;[171, 0, 17, 255, 161, 74, 234, 3, 43, 0, 0, 222, 1, 0, 1, 1, 0, 115, 3, 48]
1542730200193;[171, 0, 17, 255, 161, 74, 234, 3, 43, 0, 0, 222, 1, 0, 1, 1, 0, 115, 3, 48]
1542730200195;[171, 0, 17, 255, 161, 74, 234, 3, 43, 0, 0, 221, 1, 0, 3, 1, 0, 114, 3, 28]
1542730200197;[171, 0, 17, 255, 161, 74, 234, 3, 43, 0, 0, 221, 1, 0, 3, 1, 0, 114, 3, 28]
1542730200200;[171, 0, 17, 255, 161, 74, 234, 3, 43, 0, 0, 221, 1, 0, 1, 1, 0, 116, 2, 250]
1542730200202;[171, 0, 17, 255, 161, 74, 234, 3, 43, 0, 0, 221, 1, 0, 1, 1, 0, 116, 2, 250]
1542730200204;[171, 0, 17, 255, 161, 74, 234, 3, 43, 0, 0, 222, 1, 0, 1, 1, 0, 116, 2, 210]
1542730200206;[171, 0, 17, 255, 161, 74, 234, 3, 43, 0, 0, 222, 1, 0, 1, 1, 0, 116, 2, 210]
1542730200368;[171, 0, 17, 255, 161, 74, 234, 3, 43, 0, 0, 220, 1, 0, 2, 1, 0, 114, 2, 193]
1542730200370;[171, 0, 17, 255, 161, 74, 234, 3, 43, 0, 0, 220, 1, 0, 2, 1, 0, 114, 2, 193]
1542730200373;[171, 0, 17, 255, 161, 74, 234, 3, 43, 0, 0, 221, 0, 0, 0, 1, 0, 115, 2, 248]
1542730200374;[171, 0, 17, 255, 161, 74, 234, 3, 43, 0, 0, 221, 0, 0, 0, 1, 0, 115, 2, 248]
1542730200376;[171, 0, 17, 255, 161, 74, 234, 3, 44, 0, 0, 219, 1, 0, 1, 1, 0, 116, 3, 34]
1542730200378;[171, 0, 17, 255, 161, 74, 234, 3, 44, 0, 0, 219, 1, 0, 1, 1, 0, 116, 3, 34]
1542730200380;[171, 0, 17, 255, 161, 74, 234, 3, 44, 0, 0, 221, 1, 0, 1, 1, 0, 115, 3, 48]
1542730200382;[171, 0, 17, 255, 161, 74, 234, 3, 44, 0, 0, 221, 1, 0, 1, 1, 0, 115, 3, 48]
1542730200708;[171, 0, 4, 255, 132, 128, 71]
1542730200710;[171, 0, 4, 255, 132, 128, 71]
1542730200713;[171, 0, 17, 255, 161, 74, 234, 3, 44, 0, 0, 220, 1, 0, 2, 1, 0, 116, 3, 29]
1542730200715;[171, 0, 17, 255, 161, 74, 234, 3, 44, 0, 0, 220, 1, 0, 2, 1, 0, 116, 3, 29]
1542730200717;[171, 0, 17, 255, 161, 74, 234, 3, 44, 0, 0, 219, 0, 0, 1, 1, 0, 116, 3, 6]
1542730200719;[171, 0, 17, 255, 161, 74, 234, 3, 44, 0, 0, 219, 0, 0, 1, 1, 0, 116, 3, 6]
1542730200883;[171, 0, 17, 255, 161, 74, 234, 3, 44, 0, 0, 218, 0, 0, 0, 1, 0, 116, 2, 229]
1542730200885;[171, 0, 17, 255, 161, 74, 234, 3, 44, 0, 0, 218, 0, 0, 0, 1, 0, 116, 2, 229]
1542730200887;[171, 0, 17, 255, 161, 74, 234, 3, 44, 0, 0, 220, 1, 0, 1, 1, 0, 116, 2, 189]
1542730200888;[171, 0, 17, 255, 161, 74, 234, 3, 44, 0, 0, 220, 1, 0, 1, 1, 0, 116, 2, 189]
1542730201052;[171, 0, 17, 255, 161, 74, 234, 3, 44, 0, 0, 225, 1, 0, 1, 1, 0, 114, 2, 155]
1542730201054;[171, 0, 17, 255, 161, 74, 234, 3, 44, 0, 0, 225, 1, 0, 1, 1, 0, 114, 2, 155]
1542730201056;[171, 0, 17, 255, 161, 74, 234, 3, 44, 0, 0, 220, 1, 0, 2, 1, 0, 115, 2, 181]
1542730201058;[171, 0, 17, 255, 161, 74, 234, 3, 44, 0, 0, 220, 1, 0, 2, 1, 0, 115, 2, 181]
1542730201569;[171, 0, 17, 255, 161, 74, 234, 3, 44, 0, 0, 221, 1, 0, 1, 1, 0, 117, 2, 251]
1542730201570;[171, 0, 17, 255, 161, 74, 234, 3, 44, 0, 0, 221, 1, 0, 1, 1, 0, 117, 2, 251]
1542730201571;[171, 0, 17, 255, 161, 74, 234, 3, 44, 0, 0, 221, 1, 0, 1, 1, 0, 116, 3, 23]
1542730201573;[171, 0, 17, 255, 161, 74, 234, 3, 44, 0, 0, 221, 1, 0, 1, 1, 0, 116, 3, 23]
1542730201574;[171, 0, 17, 255, 161, 74, 234, 3, 45, 0, 0, 221, 0, 0, 1, 1, 0, 114, 3, 25]
1542730201575;[171, 0, 17, 255, 161, 74, 234, 3, 45, 0, 0, 221, 0, 0, 1, 1, 0, 114, 3, 25]
1542730201577;[171, 0, 17, 255, 161, 74, 234, 3, 45, 0, 0, 221, 0, 0, 0, 1, 0, 117, 3, 6]
1542730201577;[171, 0, 17, 255, 161, 74, 234, 3, 45, 0, 0, 221, 0, 0, 0, 1, 0, 117, 3, 6]
1542730201741;[171, 0, 4, 255, 132, 128, 71]
1542730201744;[171, 0, 4, 255, 132, 128, 71]
1542730201747;[171, 0, 17, 255, 161, 74, 234, 3, 45, 0, 0, 219, 0, 0, 0, 1, 0, 116, 2, 235]
1542730201749;[171, 0, 17, 255, 161, 74, 234, 3, 45, 0, 0, 219, 0, 0, 0, 1, 0, 116, 2, 235]
1542730201915;[171, 0, 17, 255, 161, 74, 234, 3, 45, 0, 0, 220, 1, 0, 2, 1, 0, 116, 2, 207]
1542730201917;[171, 0, 17, 255, 161, 74, 234, 3, 45, 0, 0, 220, 1, 0, 2, 1, 0, 116, 2, 207]
1542730201919;[171, 0, 17, 255, 161, 74, 234, 3, 45, 0, 0, 221, 1, 0, 2, 1, 0, 116, 2, 171]
1542730201921;[171, 0, 17, 255, 161, 74, 234, 3, 45, 0, 0, 221, 1, 0, 2, 1, 0, 116, 2, 171]
1542730202087;[171, 0, 17, 255, 161, 74, 234, 3, 45, 0, 0, 221, 1, 0, 2, 1, 0, 116, 2, 133]
1542730202089;[171, 0, 17, 255, 161, 74, 234, 3, 45, 0, 0, 221, 1, 0, 2, 1, 0, 116, 2, 133]
1542730202092;[171, 0, 17, 255, 161, 74, 234, 3, 45, 0, 0, 220, 1, 0, 2, 1, 0, 116, 2, 155]
1542730202094;[171, 0, 17, 255, 161, 74, 234, 3, 45, 0, 0, 220, 1, 0, 2, 1, 0, 116, 2, 155]
1542730202433;[171, 0, 17, 255, 161, 74, 234, 3, 45, 0, 0, 220, 0, 0, 1, 1, 0, 114, 2, 226]
1542730202435;[171, 0, 17, 255, 161, 74, 234, 3, 45, 0, 0, 220, 0, 0, 1, 1, 0, 114, 2, 226]
1542730202438;[171, 0, 17, 255, 161, 74, 234, 3, 45, 0, 0, 222, 0, 0, 0, 1, 0, 115, 2, 247]
1542730202439;[171, 0, 17, 255, 161, 74, 234, 3, 45, 0, 0, 222, 0, 0, 0, 1, 0, 115, 2, 247]
1542730202442;[171, 0, 17, 255, 161, 74, 234, 3, 45, 0, 0, 222, 1, 0, 1, 1, 0, 117, 2, 243]
1542730202443;[171, 0, 17, 255, 161, 74, 234, 3, 45, 0, 0, 222, 1, 0, 1, 1, 0, 117, 2, 243]
1542730202788;[171, 0, 17, 255, 161, 74, 234, 3, 46, 0, 0, 222, 1, 0, 1, 1, 0, 117, 2, 223]
1542730202790;[171, 0, 17, 255, 161, 74, 234, 3, 46, 0, 0, 222, 1, 0, 1, 1, 0, 117, 2, 223]
1542730202792;[171, 0, 17, 255, 161, 74, 234, 3, 46, 0, 0, 219, 0, 0, 0, 1, 0, 116, 2, 201]
1542730202793;[171, 0, 17, 255, 161, 74, 234, 3, 46, 0, 0, 219, 0, 0, 0, 1, 0, 116, 2, 201]
1542730202795;[171, 0, 4, 255, 132, 128, 71]
1542730202797;[171, 0, 4, 255, 132, 128, 71]
1542730202800;[171, 0, 17, 255, 161, 74, 234, 3, 46, 0, 0, 221, 1, 0, 2, 1, 0, 115, 2, 168]
1542730202802;[171, 0, 17, 255, 161, 74, 234, 3, 46, 0, 0, 221, 1, 0, 2, 1, 0, 115, 2, 168]
1542730202950;[171, 0, 17, 255, 161, 74, 234, 3, 46, 0, 0, 223, 0, 0, 0, 1, 0, 115, 2, 155]
1542730202951;[171, 0, 17, 255, 161, 74, 234, 3, 46, 0, 0, 223, 0, 0, 0, 1, 0, 115, 2, 155]
1542730202954;[171, 0, 17, 255, 161, 74, 234, 3, 46, 0, 0, 220, 0, 0, 0, 1, 0, 116, 2, 211]
1542730202955;[171, 0, 17, 255, 161, 74, 234, 3, 46, 0, 0, 220, 0, 0, 0, 1, 0, 116, 2, 211]
1542730203121;[171, 0, 17, 255, 161, 74, 234, 3, 46, 0, 0, 220, 1, 0, 1, 1, 0, 115, 2, 251]
1542730203123;[171, 0, 17, 255, 161, 74, 234, 3, 46, 0, 0, 220, 1, 0, 1, 1, 0, 115, 2, 251]
1542730203294;[171, 0, 17, 255, 161, 74, 234, 3, 46, 0, 0, 221, 1, 0, 1, 1, 0, 116, 2, 247]
1542730203296;[171, 0, 17, 255, 161, 74, 234, 3, 46, 0, 0, 221, 1, 0, 1, 1, 0, 116, 2, 247]
1542730203298;[171, 0, 17, 255, 161, 74, 234, 3, 46, 0, 0, 222, 0, 0, 1, 1, 0, 116, 2, 225]
1542730203300;[171, 0, 17, 255, 161, 74, 234, 3, 46, 0, 0, 222, 0, 0, 1, 1, 0, 116, 2, 225]
1542730203467;[171, 0, 17, 255, 161, 74, 234, 3, 46, 0, 0, 223, 0, 0, 0, 1, 0, 115, 2, 199]
1542730203469;[171, 0, 17, 255, 161, 74, 234, 3, 46, 0, 0, 223, 0, 0, 0, 1, 0, 115, 2, 199]
1542730203471;[171, 0, 17, 255, 161, 74, 234, 3, 46, 0, 0, 221, 1, 0, 2, 1, 0, 116, 2, 159]
1542730203473;[171, 0, 17, 255, 161, 74, 234, 3, 46, 0, 0, 221, 1, 0, 2, 1, 0, 116, 2, 159]
1542730203639;[171, 0, 17, 255, 161, 74, 234, 3, 47, 0, 0, 220, 0, 0, 0, 1, 0, 115, 2, 129]
1542730203641;[171, 0, 17, 255, 161, 74, 234, 3, 47, 0, 0, 220, 0, 0, 0, 1, 0, 115, 2, 129]
1542730204158;[171, 0, 17, 255, 161, 74, 234, 3, 47, 0, 0, 221, 1, 0, 3, 1, 0, 117, 2, 90]
1542730204160;[171, 0, 17, 255, 161, 74, 234, 3, 47, 0, 0, 221, 1, 0, 3, 1, 0, 117, 2, 90]
1542730204164;[171, 0, 4, 255, 132, 128, 71]
1542730204166;[171, 0, 4, 255, 132, 128, 71]
1542730204169;[171, 0, 17, 255, 161, 74, 234, 3, 47, 0, 0, 220, 1, 0, 1, 1, 0, 116, 2, 129]
1542730204171;[171, 0, 17, 255, 161, 74, 234, 3, 47, 0, 0, 220, 1, 0, 1, 1, 0, 116, 2, 129]
1542730204173;[171, 0, 17, 255, 161, 74, 234, 3, 47, 0, 0, 220, 1, 0, 2, 1, 0, 115, 2, 207]
1542730204175;[171, 0, 17, 255, 161, 74, 234, 3, 47, 0, 0, 220, 1, 0, 2, 1, 0, 115, 2, 207]
1542730204330;[171, 0, 17, 255, 161, 74, 234, 3, 47, 0, 0, 222, 1, 0, 2, 1, 0, 115, 2, 222]
1542730204332;[171, 0, 17, 255, 161, 74, 234, 3, 47, 0, 0, 222, 1, 0, 2, 1, 0, 115, 2, 222]
1542730204335;[171, 0, 17, 255, 161, 74, 234, 3, 47, 0, 0, 220, 0, 0, 0, 1, 0, 116, 2, 209]
1542730204337;[171, 0, 17, 255, 161, 74, 234, 3, 47, 0, 0, 220, 0, 0, 0, 1, 0, 116, 2, 209]
1542730204339;[171, 0, 17, 255, 161, 74, 234, 3, 47, 0, 0, 219, 0, 0, 1, 1, 0, 116, 2, 196]
1542730204341;[171, 0, 17, 255, 161, 74, 234, 3, 47, 0, 0, 219, 0, 0, 1, 1, 0, 116, 2, 196]
1542730204501;[171, 0, 17, 255, 161, 74, 234, 3, 47, 0, 0, 216, 1, 0, 1, 1, 0, 116, 2, 160]
1542730204504;[171, 0, 17, 255, 161, 74, 234, 3, 47, 0, 0, 216, 1, 0, 1, 1, 0, 116, 2, 160]
1542730204506;[171, 0, 17, 255, 161, 74, 234, 3, 47, 0, 0, 221, 0, 0, 0, 1, 0, 116, 2, 128]
1542730204508;[171, 0, 17, 255, 161, 74, 234, 3, 47, 0, 0, 221, 0, 0, 0, 1, 0, 116, 2, 128]
1542730204675;[171, 0, 17, 255, 161, 74, 234, 3, 47, 0, 0, 223, 0, 0, 1, 1, 0, 116, 2, 95]
1542730204677;[171, 0, 17, 255, 161, 74, 234, 3, 47, 0, 0, 223, 0, 0, 1, 1, 0, 116, 2, 95]
1542730204679;[171, 0, 17, 255, 161, 74, 234, 3, 48, 0, 0, 221, 0, 0, 0, 1, 0, 116, 2, 102]
1542730204681;[171, 0, 17, 255, 161, 74, 234, 3, 48, 0, 0, 221, 0, 0, 0, 1, 0, 116, 2, 102]
1542730204849;[171, 0, 17, 255, 161, 74, 234, 3, 48, 0, 0, 219, 1, 0, 1, 1, 0, 115, 2, 175]
1542730204851;[171, 0, 17, 255, 161, 74, 234, 3, 48, 0, 0, 219, 1, 0, 1, 1, 0, 115, 2, 175]
1542730204855;[171, 0, 4, 255, 132, 128, 71]
1542730204857;[171, 0, 4, 255, 132, 128, 71]
1542730205366;[171, 0, 17, 255, 161, 74, 234, 3, 48, 0, 0, 221, 0, 0, 1, 1, 0, 116, 2, 221]
1542730205367;[171, 0, 17, 255, 161, 74, 234, 3, 48, 0, 0, 221, 0, 0, 1, 1, 0, 116, 2, 221]
1542730205370;[171, 0, 17, 255, 161, 74, 234, 3, 48, 0, 0, 222, 0, 0, 0, 1, 0, 116, 2, 218]
1542730205372;[171, 0, 17, 255, 161, 74, 234, 3, 48, 0, 0, 222, 0, 0, 0, 1, 0, 116, 2, 218]
1542730205377;[171, 0, 17, 255, 161, 74, 234, 3, 48, 0, 0, 221, 1, 0, 1, 1, 0, 116, 2, 206]
1542730205378;[171, 0, 17, 255, 161, 74, 234, 3, 48, 0, 0, 221, 1, 0, 1, 1, 0, 116, 2, 206]
1542730205538;[171, 0, 17, 255, 161, 74, 234, 3, 48, 0, 0, 222, 0, 0, 0, 1, 0, 116, 2, 184]
1542730205540;[171, 0, 17, 255, 161, 74, 234, 3, 48, 0, 0, 222, 0, 0, 0, 1, 0, 116, 2, 184]
1542730205542;[171, 0, 17, 255, 161, 74, 234, 3, 48, 0, 0, 220, 1, 0, 2, 1, 0, 115, 2, 159]
1542730205545;[171, 0, 17, 255, 161, 74, 234, 3, 48, 0, 0, 220, 1, 0, 2, 1, 0, 115, 2, 159]
1542730205547;[171, 0, 17, 255, 161, 74, 234, 3, 48, 0, 0, 221, 1, 0, 2, 1, 0, 116, 2, 122]
1542730205549;[171, 0, 17, 255, 161, 74, 234, 3, 48, 0, 0, 221, 1, 0, 2, 1, 0, 116, 2, 122]
1542730205710;[171, 0, 17, 255, 161, 74, 234, 3, 48, 0, 0, 222, 1, 0, 1, 1, 0, 118, 2, 96]
1542730205712;[171, 0, 17, 255, 161, 74, 234, 3, 48, 0, 0, 222, 1, 0, 1, 1, 0, 118, 2, 96]
1542730205714;[171, 0, 17, 255, 161, 74, 234, 3, 48, 0, 0, 220, 1, 0, 1, 1, 0, 116, 2, 128]
1542730205715;[171, 0, 17, 255, 161, 74, 234, 3, 48, 0, 0, 220, 1, 0, 1, 1, 0, 116, 2, 128]
1542730205889;[171, 0, 17, 255, 161, 74, 234, 3, 49, 0, 0, 219, 0, 0, 0, 1, 0, 116, 2, 189]
1542730205891;[171, 0, 17, 255, 161, 74, 234, 3, 49, 0, 0, 219, 0, 0, 0, 1, 0, 116, 2, 189]
1542730205895;[171, 0, 17, 255, 161, 74, 234, 3, 49, 0, 0, 222, 0, 0, 0, 1, 0, 117, 2, 209]
1542730205897;[171, 0, 17, 255, 161, 74, 234, 3, 49, 0, 0, 222, 0, 0, 0, 1, 0, 117, 2, 209]
1542730206054;[171, 0, 4, 255, 132, 128, 71]
1542730206056;[171, 0, 4, 255, 132, 128, 71]
1542730206059;[171, 0, 17, 255, 161, 74, 234, 3, 49, 0, 0, 222, 0, 0, 1, 1, 0, 116, 2, 202]
1542730206060;[171, 0, 17, 255, 161, 74, 234, 3, 49, 0, 0, 222, 0, 0, 1, 1, 0, 116, 2, 202]
1542730206227;[171, 0, 17, 255, 161, 74, 234, 3, 49, 0, 0, 222, 0, 0, 0, 1, 0, 115, 2, 187]
1542730206229;[171, 0, 17, 255, 161, 74, 234, 3, 49, 0, 0, 222, 0, 0, 0, 1, 0, 115, 2, 187]
1542730206575;[171, 0, 17, 255, 161, 74, 234, 3, 49, 0, 0, 223, 1, 0, 1, 1, 0, 116, 2, 162]
1542730206577;[171, 0, 17, 255, 161, 74, 234, 3, 49, 0, 0, 223, 1, 0, 1, 1, 0, 116, 2, 162]
1542730206579;[171, 0, 17, 255, 161, 74, 234, 3, 49, 0, 0, 224, 0, 0, 0, 1, 0, 116, 2, 119]
1542730206581;[171, 0, 17, 255, 161, 74, 234, 3, 49, 0, 0, 224, 0, 0, 0, 1, 0, 116, 2, 119]
1542730206585;[171, 0, 17, 255, 161, 74, 234, 3, 49, 0, 0, 218, 1, 0, 2, 1, 0, 117, 2, 97]
1542730206587;[171, 0, 17, 255, 161, 74, 234, 3, 49, 0, 0, 218, 1, 0, 2, 1, 0, 117, 2, 97]
1542730206589;[171, 0, 17, 255, 161, 74, 234, 3, 49, 0, 0, 220, 1, 0, 1, 1, 0, 115, 2, 153]
1542730206591;[171, 0, 17, 255, 161, 74, 234, 3, 49, 0, 0, 220, 1, 0, 1, 1, 0, 115, 2, 153]
1542730206742;[171, 0, 17, 255, 161, 74, 234, 3, 49, 0, 0, 220, 1, 0, 1, 1, 0, 115, 2, 212]
1542730206743;[171, 0, 17, 255, 161, 74, 234, 3, 49, 0, 0, 220, 1, 0, 1, 1, 0, 115, 2, 212]
1542730206917;[171, 0, 17, 255, 161, 74, 234, 3, 49, 0, 0, 223, 0, 0, 1, 1, 0, 116, 2, 210]
1542730206919;[171, 0, 17, 255, 161, 74, 234, 3, 49, 0, 0, 223, 0, 0, 1, 1, 0, 116, 2, 210]
1542730206921;[171, 0, 17, 255, 161, 74, 234, 3, 50, 0, 0, 220, 0, 0, 0, 1, 0, 116, 2, 192]
1542730206922;[171, 0, 17, 255, 161, 74, 234, 3, 50, 0, 0, 220, 0, 0, 0, 1, 0, 116, 2, 192]
1542730207280;[171, 0, 17, 255, 161, 74, 234, 3, 50, 0, 0, 222, 1, 0, 2, 1, 0, 115, 2, 173]
1542730207282;[171, 0, 17, 255, 161, 74, 234, 3, 50, 0, 0, 222, 1, 0, 2, 1, 0, 115, 2, 173]
1542730207299;[171, 0, 4, 255, 132, 128, 71]
1542730207301;[171, 0, 4, 255, 132, 128, 71]
1542730207303;[171, 0, 17, 255, 161, 74, 234, 3, 50, 0, 0, 220, 0, 0, 1, 1, 0, 116, 2, 138]
1542730207304;[171, 0, 17, 255, 161, 74, 234, 3, 50, 0, 0, 220, 0, 0, 1, 1, 0, 116, 2, 138]
1542730207306;[171, 0, 17, 255, 161, 74, 234, 3, 50, 0, 0, 223, 0, 0, 0, 1, 0, 115, 2, 109]
1542730207307;[171, 0, 17, 255, 161, 74, 234, 3, 50, 0, 0, 223, 0, 0, 0, 1, 0, 115, 2, 109]
1542730207432;[171, 0, 17, 255, 161, 74, 234, 3, 50, 0, 0, 218, 0, 0, 2, 1, 0, 116, 2, 65]
1542730207434;[171, 0, 17, 255, 161, 74, 234, 3, 50, 0, 0, 218, 0, 0, 2, 1, 0, 116, 2, 65]
1542730207781;[171, 0, 17, 255, 161, 74, 234, 3, 50, 0, 0, 222, 1, 0, 1, 1, 0, 114, 2, 94]
1542730207783;[171, 0, 17, 255, 161, 74, 234, 3, 50, 0, 0, 222, 1, 0, 1, 1, 0, 114, 2, 94]
1542730207786;[171, 0, 17, 255, 161, 74, 234, 3, 50, 0, 0, 223, 1, 0, 3, 1, 0, 116, 2, 174]
1542730207787;[171, 0, 17, 255, 161, 74, 234, 3, 50, 0, 0, 223, 1, 0, 3, 1, 0, 116, 2, 174]
1542730207790;[171, 0, 17, 255, 161, 74, 234, 3, 50, 0, 0, 222, 0, 0, 0, 1, 0, 117, 2, 200]
1542730207792;[171, 0, 17, 255, 161, 74, 234, 3, 50, 0, 0, 222, 0, 0, 0, 1, 0, 117, 2, 200]
1542730207794;[171, 0, 17, 255, 161, 74, 234, 3, 50, 0, 0, 220, 1, 0, 1, 1, 0, 117, 2, 201]
1542730207796;[171, 0, 17, 255, 161, 74, 234, 3, 50, 0, 0, 220, 1, 0, 1, 1, 0, 117, 2, 201]
1542730207951;[171, 0, 17, 255, 161, 74, 234, 3, 50, 0, 0, 220, 1, 0, 1, 1, 0, 117, 2, 175]
1542730207953;[171, 0, 17, 255, 161, 74, 234, 3, 50, 0, 0, 220, 1, 0, 1, 1, 0, 117, 2, 175]
1542730208471;[171, 0, 17, 255, 161, 74, 234, 3, 51, 0, 0, 222, 1, 0, 2, 1, 0, 116, 2, 163]
1542730208473;[171, 0, 17, 255, 161, 74, 234, 3, 51, 0, 0, 222, 1, 0, 2, 1, 0, 116, 2, 163]
1542730208475;[171, 0, 17, 255, 161, 74, 234, 3, 51, 0, 0, 219, 0, 0, 1, 1, 0, 116, 2, 121]
1542730208477;[171, 0, 17, 255, 161, 74, 234, 3, 51, 0, 0, 219, 0, 0, 1, 1, 0, 116, 2, 121]
1542730208479;[171, 0, 4, 255, 132, 128, 72]
1542730208482;[171, 0, 4, 255, 132, 128, 72]
1542730208484;[171, 0, 17, 255, 161, 74, 234, 3, 51, 0, 0, 220, 1, 0, 1, 1, 0, 116, 2, 79]
1542730208486;[171, 0, 17, 255, 161, 74, 234, 3, 51, 0, 0, 220, 1, 0, 1, 1, 0, 116, 2, 79]
1542730208643;[171, 0, 17, 255, 161, 74, 234, 3, 51, 0, 0, 220, 1, 0, 1, 1, 0, 116, 2, 52]
1542730208645;[171, 0, 17, 255, 161, 74, 234, 3, 51, 0, 0, 220, 1, 0, 1, 1, 0, 116, 2, 52]
1542730208647;[171, 0, 17, 255, 161, 74, 234, 3, 51, 0, 0, 219, 1, 0, 1, 1, 0, 114, 2, 76]
1542730208650;[171, 0, 17, 255, 161, 74, 234, 3, 51, 0, 0, 219, 1, 0, 1, 1, 0, 114, 2, 76]
1542730208652;[171, 0, 17, 255, 161, 74, 234, 3, 51, 0, 0, 221, 1, 0, 1, 1, 0, 118, 2, 156]
1542730208654;[171, 0, 17, 255, 161, 74, 234, 3, 51, 0, 0, 221, 1, 0, 1, 1, 0, 118, 2, 156]
1542730208814;[171, 0, 17, 255, 161, 74, 234, 3, 51, 0, 0, 223, 0, 0, 0, 1, 0, 116, 2, 195]
