1542981823724;[171, 0, 17, 255, 161, 74, 239, 97, 184, 0, 0, 179, 1, 0, 170, 1, 0, 10, 4, 89]
1542981823732;[171, 0, 17, 255, 161, 74, 239, 97, 184, 0, 0, 176, 1, 0, 170, 0, 0, 5, 2, 187]
1542981823897;[171, 0, 17, 255, 161, 74, 239, 97, 184, 0, 0, 169, 1, 0, 174, 1, 0, 8, 1, 67]
1542981826413;[171, 0, 17, 255, 161, 74, 239, 97, 184, 0, 0, 162, 1, 0, 175, 1, 0, 10, 16, 53]
1542981826414;[171, 0, 17, 255, 161, 74, 239, 97, 184, 0, 0, 154, 1, 0, 193, 1, 0, 13, 7, 208]
1542981826416;[171, 0, 17, 255, 161, 74, 239, 97, 184, 0, 0, 155, 1, 0, 195, 1, 0, 13, 6, 86]
1542981826417;[171, 0, 17, 255, 161, 74, 239, 97, 185, 0, 0, 200, 1, 0, 213, 1, 0, 3, 4, 137]
1542981826436;[171, 0, 17, 255, 161, 74, 239, 97, 185, 0, 0, 164, 1, 1, 9, 0, 0, 1, 3, 53]
1542981826438;[171, 0, 4, 255, 132, 128, 99]
1542981826441;[171, 0, 17, 255, 161, 74, 239, 97, 185, 0, 0, 118, 1, 0, 232, 1, 0, 20, 2, 78]
1542981826457;[171, 0, 17, 255, 161, 74, 239, 97, 185, 0, 0, 110, 1, 0, 207, 1, 0, 29, 1, 92]
1542981826459;[171, 0, 17, 255, 161, 74, 239, 97, 185, 0, 0, 125, 1, 0, 177, 1, 0, 18, 0, 200]
1542981826461;[171, 0, 17, 255, 161, 74, 239, 97, 185, 0, 0, 146, 1, 0, 177, 1, 0, 21, 16, 112]
1542981826463;[171, 0, 17, 255, 161, 74, 239, 97, 185, 0, 0, 179, 1, 0, 139, 1, 0, 28, 7, 121]
1542981826493;[171, 0, 17, 255, 161, 74, 239, 97, 185, 0, 0, 12, 0, 0, 19, 1, 0, 50, 7, 79]
1542981826495;[171, 0, 17, 255, 161, 74, 239, 97, 185, 0, 0, 182, 1, 0, 241, 0, 0, 17, 7, 108]
1542981826496;[171, 0, 17, 255, 161, 74, 239, 97, 185, 0, 0, 165, 1, 0, 109, 1, 0, 88, 7, 124]
1542981826538;[171, 0, 17, 255, 161, 74, 239, 97, 186, 0, 0, 189, 1, 0, 137, 1, 0, 45, 7, 120]
1542981826539;[171, 0, 17, 255, 161, 74, 239, 97, 186, 0, 0, 192, 1, 0, 130, 1, 0, 46, 7, 40]
1542981826540;[171, 0, 4, 255, 132, 128, 98]
1542981826542;[171, 0, 17, 255, 161, 74, 239, 97, 186, 0, 0, 202, 1, 0, 152, 1, 0, 48, 6, 219]
1542981826546;[171, 0, 17, 255, 161, 74, 239, 97, 186, 0, 0, 196, 1, 0, 138, 1, 0, 26, 6, 205]
1542981826566;[171, 0, 17, 255, 161, 74, 239, 97, 186, 0, 0, 205, 1, 0, 140, 1, 0, 25, 6, 180]
1542981826567;[171, 0, 17, 255, 161, 74, 239, 97, 186, 0, 0, 195, 1, 0, 117, 1, 0, 19, 6, 125]
1542981826578;[171, 0, 17, 255, 161, 74, 239, 97, 186, 0, 0, 205, 1, 0, 121, 1, 0, 29, 6, 17]
1542981826579;[171, 0, 17, 255, 161, 74, 239, 97, 186, 0, 0, 217, 1, 0, 147, 1, 0, 24, 5, 137]
1542981826580;[171, 0, 17, 255, 161, 74, 239, 97, 186, 0, 0, 214, 1, 0, 134, 1, 0, 35, 5, 137]
1542981826582;[171, 0, 17, 255, 161, 74, 239, 97, 186, 0, 0, 209, 1, 0, 115, 1, 0, 30, 5, 66]
1542981826590;[171, 0, 17, 255, 161, 74, 239, 97, 187, 0, 0, 211, 1, 0, 119, 1, 0, 29, 5, 30]
1542981826830;[171, 0, 17, 255, 161, 74, 239, 97, 193, 0, 0, 228, 1, 0, 90, 1, 0, 11, 3, 0]
1542981826833;[171, 0, 17, 255, 161, 74, 239, 97, 193, 0, 0, 229, 1, 0, 91, 1, 0, 9, 2, 239]
1542981826837;[171, 0, 17, 255, 161, 74, 239, 97, 193, 0, 0, 231, 1, 0, 92, 1, 0, 5, 2, 222]
1542981827175;[171, 0, 17, 255, 161, 74, 239, 97, 193, 0, 0, 229, 1, 0, 88, 1, 0, 1, 2, 210]
1542981827179;[171, 0, 17, 255, 161, 74, 239, 97, 193, 0, 0, 229, 1, 0, 91, 1, 0, 4, 2, 205]
1542981827347;[171, 0, 17, 255, 161, 74, 239, 97, 193, 0, 0, 233, 1, 0, 89, 1, 0, 8, 2, 185]
1542981827350;[171, 0, 17, 255, 161, 74, 239, 97, 193, 0, 0, 231, 1, 0, 90, 1, 0, 6, 2, 170]
1542981827520;[171, 0, 17, 255, 161, 74, 239, 97, 193, 0, 0, 229, 1, 0, 90, 1, 0, 6, 2, 145]
1542981827523;[171, 0, 17, 255, 161, 74, 239, 97, 194, 0, 0, 228, 1, 0, 91, 1, 0, 7, 2, 132]
1542981827689;[171, 0, 17, 255, 161, 74, 239, 97, 194, 0, 0, 229, 1, 0, 89, 1, 0, 7, 2, 136]
1542981827866;[171, 0, 4, 255, 132, 128, 99]
1542981827893;[171, 0, 17, 255, 161, 74, 239, 97, 194, 0, 0, 229, 1, 0, 89, 1, 0, 7, 2, 116]
1542981828212;[171, 0, 17, 255, 161, 74, 239, 97, 194, 0, 0, 231, 1, 0, 93, 1, 0, 8, 2, 94]
1542981828216;[171, 0, 17, 255, 161, 74, 239, 97, 194, 0, 0, 232, 1, 0, 88, 1, 0, 9, 2, 75]
1542981828219;[171, 0, 17, 255, 161, 74, 239, 97, 194, 0, 0, 232, 1, 0, 87, 1, 0, 8, 2, 50]
1542981828224;[171, 0, 17, 255, 161, 74, 239, 97, 194, 0, 0, 231, 1, 0, 90, 1, 0, 7, 2, 41]
1542981828381;[171, 0, 17, 255, 161, 74, 239, 97, 194, 0, 0, 227, 1, 0, 90, 1, 0, 7, 2, 32]
1542981828579;[171, 0, 17, 255, 161, 74, 239, 97, 194, 0, 0, 229, 1, 0, 90, 1, 0, 7, 2, 31]
1542981828580;[171, 0, 17, 255, 161, 74, 239, 97, 194, 0, 0, 232, 1, 0, 90, 1, 0, 7, 2, 19]
1542981828727;[171, 0, 17, 255, 161, 74, 239, 97, 195, 0, 0, 231, 1, 0, 90, 1, 0, 8, 2, 12]
1542981828731;[171, 0, 17, 255, 161, 74, 239, 97, 195, 0, 0, 230, 1, 0, 89, 1, 0, 6, 1, 247]
1542981828898;[171, 0, 4, 255, 132, 128, 100]
1542981829073;[171, 0, 17, 255, 161, 74, 239, 97, 195, 0, 0, 229, 1, 0, 86, 1, 0, 8, 1, 243]
1542981829076;[171, 0, 17, 255, 161, 74, 239, 97, 195, 0, 0, 232, 1, 0, 91, 1, 0, 8, 1, 241]
1542981829419;[171, 0, 17, 255, 161, 74, 239, 97, 195, 0, 0, 230, 1, 0, 90, 1, 0, 10, 1, 231]
1542981829423;[171, 0, 17, 255, 161, 74, 239, 97, 195, 0, 0, 230, 1, 0, 88, 1, 0, 9, 1, 220]
1542981829447;[171, 0, 17, 255, 161, 74, 239, 97, 195, 0, 0, 231, 1, 0, 89, 1, 0, 10, 1, 210]
1542981829448;[171, 0, 17, 255, 161, 74, 239, 97, 195, 0, 0, 232, 1, 0, 88, 1, 0, 9, 1, 194]
1542981829605;[171, 0, 17, 255, 161, 74, 239, 97, 195, 0, 0, 229, 1, 0, 89, 1, 0, 11, 1, 205]
1542981829763;[171, 0, 17, 255, 161, 74, 239, 97, 195, 0, 0, 229, 1, 0, 92, 1, 0, 11, 1, 194]
1542981829769;[171, 0, 17, 255, 161, 74, 239, 97, 196, 0, 0, 230, 1, 0, 91, 1, 0, 9, 1, 179]
1542981829933;[171, 0, 17, 255, 161, 74, 239, 97, 196, 0, 0, 231, 1, 0, 89, 1, 0, 12, 1, 161]
1542981829936;[171, 0, 4, 255, 132, 128, 102]
1542981830107;[171, 0, 17, 255, 161, 74, 239, 97, 196, 0, 0, 228, 1, 0, 93, 1, 0, 11, 1, 143]
1542981830281;[171, 0, 17, 255, 161, 74, 239, 97, 196, 0, 0, 231, 1, 0, 93, 1, 0, 7, 1, 151]
1542981830284;[171, 0, 17, 255, 161, 74, 239, 97, 196, 0, 0, 229, 1, 0, 90, 1, 0, 10, 1, 149]
1542981830798;[171, 0, 17, 255, 161, 74, 239, 97, 196, 0, 0, 229, 1, 0, 95, 1, 0, 7, 1, 146]
1542981830802;[171, 0, 17, 255, 161, 74, 239, 97, 196, 0, 0, 230, 1, 0, 92, 1, 0, 4, 1, 147]
1542981830806;[171, 0, 17, 255, 161, 74, 239, 97, 196, 0, 0, 229, 1, 0, 93, 1, 0, 9, 1, 130]
1542981830810;[171, 0, 17, 255, 161, 74, 239, 97, 196, 0, 0, 228, 1, 0, 93, 1, 0, 2, 1, 132]
1542981830975;[171, 0, 17, 255, 161, 74, 239, 97, 196, 0, 0, 227, 1, 0, 94, 1, 0, 4, 1, 161]
1542981830977;[171, 0, 17, 255, 161, 74, 239, 97, 197, 0, 0, 230, 1, 0, 93, 1, 0, 6, 1, 179]
1542981830981;[171, 0, 17, 255, 161, 74, 239, 97, 197, 0, 0, 231, 1, 0, 90, 1, 0, 7, 1, 173]
1542981831141;[171, 0, 4, 255, 132, 128, 103]
1542981831168;[171, 0, 17, 255, 161, 74, 239, 97, 197, 0, 0, 230, 1, 0, 97, 1, 0, 5, 1, 162]
1542981831314;[171, 0, 17, 255, 161, 74, 239, 97, 197, 0, 0, 227, 1, 0, 89, 1, 0, 8, 1, 151]
1542981831319;[171, 0, 17, 255, 161, 74, 239, 97, 197, 0, 0, 230, 1, 0, 103, 1, 0, 6, 1, 129]
1542981831487;[171, 0, 17, 255, 161, 74, 239, 97, 197, 0, 0, 229, 1, 0, 103, 0, 0, 0, 1, 136]
1542981831659;[171, 0, 17, 255, 161, 74, 239, 97, 197, 0, 0, 223, 1, 0, 103, 1, 0, 9, 1, 178]
1542981831663;[171, 0, 17, 255, 161, 74, 239, 97, 197, 0, 0, 223, 1, 0, 106, 1, 0, 4, 1, 195]
1542981832007;[171, 0, 17, 255, 161, 74, 239, 97, 197, 0, 0, 220, 1, 0, 108, 1, 0, 5, 1, 211]
1542981832009;[171, 0, 17, 255, 161, 74, 239, 97, 197, 0, 0, 220, 1, 0, 116, 0, 0, 1, 1, 231]
1542981832014;[171, 0, 17, 255, 161, 74, 239, 97, 198, 0, 0, 213, 1, 0, 118, 0, 0, 4, 1, 245]
1542981832201;[171, 0, 17, 255, 161, 74, 239, 97, 198, 0, 0, 216, 1, 0, 123, 0, 0, 2, 2, 4]
1542981832202;[171, 0, 4, 255, 132, 128, 104]
1542981832350;[171, 0, 17, 255, 161, 74, 239, 97, 198, 0, 0, 212, 1, 0, 124, 0, 0, 4, 2, 120]
1542981832354;[171, 0, 17, 255, 161, 74, 239, 97, 198, 0, 0, 213, 1, 0, 126, 0, 0, 7, 2, 183]
1542981832522;[171, 0, 17, 255, 161, 74, 239, 97, 198, 0, 0, 207, 1, 0, 120, 0, 0, 14, 2, 230]
1542981832526;[171, 0, 17, 255, 161, 74, 239, 97, 198, 0, 0, 209, 1, 0, 130, 0, 0, 12, 3, 33]
1542981832694;[171, 0, 17, 255, 161, 74, 239, 97, 198, 0, 0, 209, 1, 0, 124, 0, 0, 15, 3, 82]
1542981832864;[171, 0, 17, 255, 161, 74, 239, 97, 198, 0, 0, 207, 1, 0, 129, 0, 0, 12, 3, 173]
1542981832867;[171, 0, 17, 255, 161, 74, 239, 97, 198, 0, 0, 210, 1, 0, 127, 0, 0, 22, 4, 234]
1542981833214;[171, 0, 17, 255, 161, 74, 239, 97, 198, 0, 0, 204, 1, 0, 125, 0, 0, 28, 6, 94]
1542981833219;[171, 0, 17, 255, 161, 74, 239, 97, 199, 0, 0, 212, 1, 0, 130, 0, 0, 37, 7, 165]
1542981833222;[171, 0, 17, 255, 161, 74, 239, 97, 199, 0, 0, 207, 1, 0, 129, 0, 0, 36, 8, 217]
1542981833226;[171, 0, 4, 255, 132, 128, 104]
1542981833384;[171, 0, 17, 255, 161, 74, 239, 97, 199, 0, 0, 207, 1, 0, 129, 0, 0, 47, 9, 221]
1542981833560;[171, 0, 17, 255, 161, 74, 239, 97, 199, 0, 0, 205, 1, 0, 121, 0, 0, 44, 10, 244]
1542981833562;[171, 0, 17, 255, 161, 74, 239, 97, 199, 0, 0, 207, 1, 0, 130, 0, 0, 41, 10, 244]
1542981833729;[171, 0, 17, 255, 161, 74, 239, 97, 199, 0, 0, 206, 1, 0, 127, 0, 0, 43, 12, 211]
1542981833733;[171, 0, 17, 255, 161, 74, 239, 97, 199, 0, 0, 206, 1, 0, 127, 0, 0, 43, 14, 27]
1542981833902;[171, 0, 17, 255, 161, 74, 239, 97, 199, 0, 0, 207, 1, 0, 123, 0, 0, 49, 15, 60]
1542981834074;[171, 0, 17, 255, 161, 74, 239, 97, 199, 0, 0, 206, 1, 0, 131, 0, 0, 48, 31, 255]
1542981834078;[171, 0, 17, 255, 161, 74, 239, 97, 199, 0, 0, 203, 1, 0, 126, 0, 0, 51, 8, 190]
1542981834247;[171, 0, 17, 255, 161, 74, 239, 97, 200, 0, 0, 208, 1, 0, 127, 0, 0, 50, 9, 108]
1542981834251;[171, 0, 17, 255, 161, 74, 239, 97, 200, 0, 0, 205, 1, 0, 127, 0, 0, 49, 10, 212]
1542981834592;[171, 0, 4, 255, 132, 128, 105]
1542981834618;[171, 0, 17, 255, 161, 74, 239, 97, 200, 0, 0, 206, 1, 0, 129, 0, 0, 52, 11, 175]
1542981834763;[171, 0, 17, 255, 161, 74, 239, 97, 200, 0, 0, 201, 1, 0, 121, 0, 0, 45, 12, 54]
1542981834768;[171, 0, 17, 255, 161, 74, 239, 97, 200, 0, 0, 204, 1, 0, 129, 0, 0, 53, 12, 54]
1542981834781;[171, 0, 17, 255, 161, 74, 239, 97, 200, 0, 0, 198, 1, 0, 119, 0, 0, 61, 12, 189]
1542981834937;[171, 0, 17, 255, 161, 74, 239, 97, 200, 0, 0, 196, 1, 0, 116, 0, 0, 92, 13, 58]
1542981834941;[171, 0, 17, 255, 161, 74, 239, 97, 200, 0, 0, 198, 1, 0, 114, 0, 0, 109, 14, 228]
1542981835110;[171, 0, 17, 255, 161, 74, 239, 97, 200, 0, 0, 190, 1, 0, 57, 0, 0, 166, 31, 255]
1542981835283;[171, 0, 17, 255, 161, 74, 239, 97, 200, 0, 0, 189, 1, 0, 77, 0, 0, 150, 9, 147]
1542981835286;[171, 0, 17, 255, 161, 74, 239, 97, 201, 0, 0, 189, 1, 0, 99, 0, 0, 155, 10, 81]
1542981835454;[171, 0, 17, 255, 161, 74, 239, 97, 201, 0, 0, 185, 1, 0, 87, 0, 0, 142, 10, 245]
1542981835458;[171, 0, 4, 255, 132, 128, 104]
1542981835800;[171, 0, 17, 255, 161, 74, 239, 97, 201, 0, 0, 187, 1, 0, 88, 0, 0, 143, 11, 109]
1542981835803;[171, 0, 17, 255, 161, 74, 239, 97, 201, 0, 0, 192, 1, 0, 94, 0, 0, 138, 12, 23]
1542981835807;[171, 0, 17, 255, 161, 74, 239, 97, 201, 0, 0, 192, 1, 0, 94, 0, 0, 134, 12, 234]
1542981836146;[171, 0, 17, 255, 161, 74, 239, 97, 201, 0, 0, 191, 1, 0, 85, 0, 0, 134, 13, 77]
1542981836150;[171, 0, 17, 255, 161, 74, 239, 97, 201, 0, 0, 194, 1, 0, 97, 0, 0, 128, 13, 139]
1542981836155;[171, 0, 17, 255, 161, 74, 239, 97, 201, 0, 0, 192, 1, 0, 92, 0, 0, 127, 13, 139]
1542981836158;[171, 0, 17, 255, 161, 74, 239, 97, 201, 0, 0, 191, 1, 0, 82, 0, 0, 138, 13, 209]
1542981836318;[171, 0, 17, 255, 161, 74, 239, 97, 201, 0, 0, 193, 1, 0, 96, 0, 0, 137, 14, 126]
1542981836321;[171, 0, 17, 255, 161, 74, 239, 97, 202, 0, 0, 202, 1, 0, 74, 0, 0, 135, 31, 87]
1542981836489;[171, 0, 17, 255, 161, 74, 239, 97, 202, 0, 0, 187, 1, 0, 90, 0, 0, 131, 7, 112]
1542981836661;[171, 0, 4, 255, 132, 128, 104]
1542981836689;[171, 0, 17, 255, 161, 74, 239, 97, 202, 0, 0, 192, 1, 0, 96, 0, 0, 138, 7, 53]
1542981836834;[171, 0, 17, 255, 161, 74, 239, 97, 202, 0, 0, 191, 1, 0, 84, 0, 0, 129, 7, 97]
1542981836839;[171, 0, 17, 255, 161, 74, 239, 97, 202, 0, 0, 201, 1, 0, 93, 0, 0, 135, 7, 64]
1542981837180;[171, 0, 17, 255, 161, 74, 239, 97, 202, 0, 0, 193, 1, 0, 96, 0, 0, 135, 6, 244]
1542981837184;[171, 0, 17, 255, 161, 74, 239, 97, 202, 0, 0, 196, 1, 0, 100, 0, 0, 123, 6, 214]
1542981837188;[171, 0, 17, 255, 161, 74, 239, 97, 202, 0, 0, 198, 1, 0, 111, 0, 0, 109, 5, 155]
1542981837352;[171, 0, 17, 255, 161, 74, 239, 97, 202, 0, 0, 197, 1, 0, 113, 0, 0, 100, 3, 200]
1542981837356;[171, 0, 17, 255, 161, 74, 239, 97, 202, 0, 0, 198, 1, 0, 121, 0, 0, 90, 1, 110]
1542981837526;[171, 0, 17, 255, 161, 74, 239, 97, 203, 0, 0, 197, 1, 0, 134, 0, 0, 75, 1, 110]
1542981837530;[171, 0, 17, 255, 161, 74, 239, 97, 203, 0, 0, 196, 1, 0, 140, 0, 0, 75, 1, 110]
1542981837696;[171, 0, 4, 255, 132, 128, 103]
1542981837870;[171, 0, 17, 255, 161, 74, 239, 97, 203, 0, 0, 189, 1, 0, 139, 0, 0, 71, 16, 100]
1542981837873;[171, 0, 17, 255, 161, 74, 239, 97, 203, 0, 0, 189, 1, 0, 139, 0, 0, 51, 6, 254]
1542981838043;[171, 0, 17, 255, 161, 74, 239, 97, 203, 0, 0, 191, 1, 0, 152, 0, 0, 51, 5, 130]
1542981838064;[171, 0, 17, 255, 161, 74, 239, 97, 203, 0, 0, 184, 1, 0, 154, 0, 0, 33, 3, 86]
1542981838388;[171, 0, 17, 255, 161, 74, 239, 97, 203, 0, 0, 187, 1, 0, 153, 0, 0, 41, 1, 170]
1542981838394;[171, 0, 17, 255, 161, 74, 239, 97, 203, 0, 0, 187, 1, 0, 160, 0, 0, 42, 1, 170]
1542981838396;[171, 0, 17, 255, 161, 74, 239, 97, 203, 0, 0, 184, 1, 0, 160, 0, 0, 33, 16, 153]
1542981838585;[171, 0, 17, 255, 161, 74, 239, 97, 203, 0, 0, 185, 1, 0, 162, 0, 0, 23, 6, 185]
1542981838586;[171, 0, 17, 255, 161, 74, 239, 97, 204, 0, 0, 167, 1, 0, 162, 0, 0, 19, 6, 84]
1542981838732;[171, 0, 17, 255, 161, 74, 239, 97, 204, 0, 0, 181, 1, 0, 166, 0, 0, 41, 6, 161]
1542981838735;[171, 0, 4, 255, 132, 128, 102]
1542981838905;[171, 0, 17, 255, 161, 74, 239, 97, 204, 0, 0, 181, 1, 0, 167, 0, 0, 25, 6, 139]
1542981839077;[171, 0, 17, 255, 161, 74, 239, 97, 204, 0, 0, 173, 1, 0, 164, 0, 0, 28, 6, 95]
1542981839081;[171, 0, 17, 255, 161, 74, 239, 97, 204, 0, 0, 176, 1, 0, 175, 0, 0, 29, 6, 75]
1542981839249;[171, 0, 17, 255, 161, 74, 239, 97, 204, 0, 0, 176, 1, 0, 169, 0, 0, 37, 6, 35]
1542981839253;[171, 0, 17, 255, 161, 74, 239, 97, 204, 0, 0, 167, 1, 0, 160, 0, 0, 27, 5, 249]
1542981839828;[171, 0, 17, 255, 161, 74, 239, 97, 204, 0, 0, 181, 1, 0, 176, 0, 0, 35, 5, 211]
1542981839830;[171, 0, 17, 255, 161, 74, 239, 97, 204, 0, 0, 162, 1, 0, 148, 0, 0, 49, 5, 254]
1542981839831;[171, 0, 17, 255, 161, 74, 239, 97, 204, 0, 0, 176, 1, 0, 165, 0, 0, 35, 6, 6]
1542981839833;[171, 0, 17, 255, 161, 74, 239, 97, 205, 0, 0, 171, 1, 0, 154, 0, 0, 44, 6, 28]
1542981839940;[171, 0, 17, 255, 161, 74, 239, 97, 205, 0, 0, 178, 1, 0, 168, 0, 0, 38, 5, 246]
1542981839944;[171, 0, 4, 255, 132, 128, 101]
1542981839970;[171, 0, 17, 255, 161, 74, 239, 97, 205, 0, 0, 178, 1, 0, 166, 0, 0, 40, 5, 214]
1542981840116;[171, 0, 17, 255, 161, 74, 239, 97, 205, 0, 0, 175, 1, 0, 174, 0, 0, 44, 5, 231]
1542981840119;[171, 0, 17, 255, 161, 74, 239, 97, 205, 0, 0, 175, 1, 0, 168, 0, 0, 39, 5, 208]
1542981840284;[171, 0, 17, 255, 161, 74, 239, 97, 205, 0, 0, 171, 1, 0, 167, 0, 0, 29, 5, 145]
1542981840456;[171, 0, 17, 255, 161, 74, 239, 97, 205, 0, 0, 171, 1, 0, 174, 0, 0, 21, 5, 98]
1542981840460;[171, 0, 17, 255, 161, 74, 239, 97, 205, 0, 0, 167, 1, 0, 167, 0, 0, 21, 5, 55]
1542981840629;[171, 0, 17, 255, 161, 74, 239, 97, 205, 0, 0, 171, 1, 0, 182, 0, 0, 29, 4, 226]
1542981840633;[171, 0, 17, 255, 161, 74, 239, 97, 205, 0, 0, 172, 1, 0, 168, 0, 0, 35, 4, 163]
1542981840975;[171, 0, 17, 255, 161, 74, 239, 97, 206, 0, 0, 176, 1, 0, 167, 0, 0, 38, 4, 72]
1542981840979;[171, 0, 17, 255, 161, 74, 239, 97, 206, 0, 0, 169, 1, 0, 156, 0, 0, 44, 3, 193]
1542981840983;[171, 0, 4, 255, 132, 128, 102]
1542981841148;[171, 0, 17, 255, 161, 74, 239, 97, 206, 0, 0, 114, 1, 0, 150, 0, 0, 45, 3, 174]
1542981841151;[171, 0, 17, 255, 161, 74, 239, 97, 206, 0, 0, 52, 1, 0, 51, 0, 0, 19, 4, 53]
1542981841319;[171, 0, 17, 255, 161, 74, 239, 97, 206, 0, 7, 255, 1, 4, 195, 0, 0, 45, 6, 80]
1542981841323;[171, 0, 17, 255, 161, 74, 239, 97, 206, 0, 0, 75, 1, 0, 136, 0, 0, 248, 6, 122]
1542981841493;[171, 0, 17, 255, 161, 74, 239, 97, 206, 0, 0, 91, 1, 0, 193, 0, 0, 61, 6, 166]
1542981841664;[171, 0, 17, 255, 161, 74, 239, 97, 206, 0, 0, 128, 1, 0, 190, 0, 0, 48, 6, 110]
1542981841668;[171, 0, 17, 255, 161, 74, 239, 97, 206, 0, 0, 121, 1, 0, 203, 0, 0, 42, 6, 131]
1542981841837;[171, 0, 17, 255, 161, 74, 239, 97, 206, 0, 0, 127, 1, 0, 202, 0, 0, 55, 6, 211]
1542981841841;[171, 0, 17, 255, 161, 74, 239, 97, 207, 0, 0, 132, 1, 0, 203, 0, 0, 59, 7, 30]
1542981842183;[171, 0, 17, 255, 161, 74, 239, 97, 207, 0, 0, 128, 1, 0, 223, 0, 0, 56, 7, 52]
1542981842187;[171, 0, 4, 255, 132, 128, 102]
1542981842214;[171, 0, 17, 255, 161, 74, 239, 97, 207, 0, 0, 89, 1, 0, 175, 0, 0, 36, 6, 15]
1542981842529;[171, 0, 17, 255, 161, 74, 239, 97, 207, 0, 0, 153, 1, 1, 0, 0, 0, 70, 5, 95]
1542981842533;[171, 0, 17, 255, 161, 74, 239, 97, 207, 0, 0, 108, 1, 0, 224, 1, 0, 16, 3, 4]
1542981842536;[171, 0, 17, 255, 161, 74, 239, 97, 207, 0, 0, 110, 1, 0, 199, 1, 0, 48, 0, 207]
1542981842541;[171, 0, 17, 255, 161, 74, 239, 97, 207, 0, 0, 115, 1, 0, 215, 1, 0, 56, 0, 207]
1542981842699;[171, 0, 17, 255, 161, 74, 239, 97, 207, 0, 0, 105, 1, 0, 224, 1, 0, 47, 0, 207]
1542981842872;[171, 0, 17, 255, 161, 74, 239, 97, 207, 0, 0, 46, 1, 0, 178, 1, 0, 81, 16, 0]
1542981842876;[171, 0, 17, 255, 161, 74, 239, 97, 207, 0, 1, 45, 1, 0, 136, 1, 0, 42, 7, 50]
1542981843042;[171, 0, 17, 255, 161, 74, 239, 97, 208, 0, 0, 88, 1, 0, 248, 1, 0, 56, 7, 75]
1542981843048;[171, 0, 17, 255, 161, 74, 239, 97, 208, 0, 0, 107, 1, 0, 142, 1, 0, 92, 7, 117]
1542981843216;[171, 0, 4, 255, 132, 128, 102]
1542981843564;[171, 0, 17, 255, 161, 74, 239, 97, 208, 0, 1, 163, 1, 2, 75, 1, 0, 28, 8, 39]
1542981843568;[171, 0, 17, 255, 161, 74, 239, 97, 208, 0, 0, 145, 1, 0, 199, 1, 0, 106, 9, 28]
1542981843572;[171, 0, 17, 255, 161, 74, 239, 97, 208, 0, 0, 137, 1, 0, 193, 1, 0, 59, 10, 20]
1542981843576;[171, 0, 17, 255, 161, 74, 239, 97, 208, 0, 0, 143, 1, 0, 183, 1, 0, 55, 11, 45]
1542981843734;[171, 0, 17, 255, 161, 74, 239, 97, 208, 0, 0, 148, 1, 0, 190, 1, 0, 68, 12, 83]
1542981843738;[171, 0, 17, 255, 161, 74, 239, 97, 208, 0, 0, 165, 1, 0, 173, 1, 0, 64, 13, 89]
1542981843907;[171, 0, 17, 255, 161, 74, 239, 97, 208, 0, 0, 158, 1, 0, 166, 1, 0, 62, 14, 15]
1542981844249;[171, 0, 17, 255, 161, 74, 239, 97, 208, 0, 0, 173, 1, 0, 165, 1, 0, 63, 14, 129]
1542981844254;[171, 0, 17, 255, 161, 74, 239, 97, 209, 0, 0, 169, 1, 0, 163, 1, 0, 66, 14, 129]
1542981844256;[171, 0, 17, 255, 161, 74, 239, 97, 209, 0, 0, 165, 1, 0, 160, 1, 0, 67, 13, 178]
1542981844259;[171, 0, 4, 255, 132, 128, 102]
1542981844421;[171, 0, 17, 255, 161, 74, 239, 97, 209, 0, 0, 218, 1, 0, 126, 1, 0, 59, 12, 83]
1542981844423;[171, 0, 17, 255, 161, 74, 239, 97, 209, 0, 0, 185, 1, 0, 136, 1, 0, 73, 11, 132]
1542981844771;[171, 0, 17, 255, 161, 74, 239, 97, 209, 0, 0, 174, 1, 0, 141, 1, 0, 86, 10, 159]
1542981844775;[171, 0, 17, 255, 161, 74, 239, 97, 209, 0, 0, 183, 1, 0, 141, 1, 0, 83, 10, 159]
1542981844779;[171, 0, 17, 255, 161, 74, 239, 97, 209, 0, 0, 177, 1, 0, 142, 1, 0, 86, 10, 6]
1542981844941;[171, 0, 17, 255, 161, 74, 239, 97, 209, 0, 0, 179, 1, 0, 140, 1, 0, 86, 9, 147]
1542981844945;[171, 0, 17, 255, 161, 74, 239, 97, 209, 0, 0, 181, 1, 0, 139, 1, 0, 87, 9, 81]
1542981845117;[171, 0, 17, 255, 161, 74, 239, 97, 209, 0, 0, 179, 1, 0, 139, 1, 0, 88, 9, 45]
1542981845119;[171, 0, 17, 255, 161, 74, 239, 97, 210, 0, 0, 196, 1, 0, 151, 1, 0, 96, 8, 252]
1542981845286;[171, 0, 17, 255, 161, 74, 239, 97, 210, 0, 0, 193, 1, 0, 136, 1, 0, 71, 8, 246]
1542981845459;[171, 0, 4, 255, 132, 128, 102]
1542981845486;[171, 0, 17, 255, 161, 74, 239, 97, 210, 0, 0, 194, 1, 0, 135, 1, 0, 71, 9, 33]
1542981845635;[171, 0, 17, 255, 161, 74, 239, 97, 210, 0, 0, 197, 1, 0, 133, 1, 0, 70, 9, 88]
1542981845637;[171, 0, 17, 255, 161, 74, 239, 97, 210, 0, 0, 195, 1, 0, 135, 1, 0, 70, 10, 18]
1542981846323;[171, 0, 17, 255, 161, 74, 239, 97, 210, 0, 0, 193, 1, 0, 133, 1, 0, 70, 10, 142]
1542981846327;[171, 0, 17, 255, 161, 74, 239, 97, 210, 0, 0, 192, 1, 0, 140, 1, 0, 72, 10, 226]
1542981846331;[171, 0, 17, 255, 161, 74, 239, 97, 210, 0, 0, 197, 1, 0, 135, 1, 0, 63, 11, 40]
1542981846335;[171, 0, 17, 255, 161, 74, 239, 97, 210, 0, 0, 188, 1, 0, 131, 1, 0, 69, 11, 91]
1542981846495;[171, 0, 17, 255, 161, 74, 239, 97, 210, 0, 0, 200, 1, 0, 131, 1, 0, 72, 11, 132]
1542981846499;[171, 0, 17, 255, 161, 74, 239, 97, 211, 0, 0, 195, 1, 0, 132, 1, 0, 65, 12, 17]
1542981846503;[171, 0, 17, 255, 161, 74, 239, 97, 211, 0, 0, 198, 1, 0, 130, 1, 0, 69, 12, 61]
1542981846668;[171, 0, 4, 255, 132, 128, 101]
1542981846671;[171, 0, 17, 255, 161, 74, 239, 97, 211, 0, 0, 198, 1, 0, 131, 1, 0, 68, 12, 66]
1542981846840;[171, 0, 17, 255, 161, 74, 239, 97, 211, 0, 0, 195, 1, 0, 131, 1, 0, 71, 12, 38]
1542981846844;[171, 0, 17, 255, 161, 74, 239, 97, 211, 0, 0, 194, 1, 0, 130, 1, 0, 71, 11, 255]
1542981847012;[171, 0, 17, 255, 161, 74, 239, 97, 211, 0, 0, 195, 1, 0, 132, 1, 0, 74, 11, 252]
1542981847016;[171, 0, 17, 255, 161, 74, 239, 97, 211, 0, 0, 197, 1, 0, 131, 1, 0, 69, 12, 21]
1542981847359;[171, 0, 17, 255, 161, 74, 239, 97, 211, 0, 0, 193, 1, 0, 130, 1, 0, 76, 12, 7]
1542981847362;[171, 0, 17, 255, 161, 74, 239, 97, 211, 0, 0, 197, 1, 0, 130, 1, 0, 71, 11, 218]
1542981847366;[171, 0, 17, 255, 161, 74, 239, 97, 211, 0, 0, 189, 1, 0, 131, 1, 0, 70, 11, 160]
1542981847530;[171, 0, 17, 255, 161, 74, 239, 97, 212, 0, 0, 192, 1, 0, 132, 1, 0, 75, 11, 93]
1542981847699;[171, 0, 17, 255, 161, 74, 239, 97, 214, 0, 0, 198, 1, 0, 126, 1, 0, 65, 11, 133]
1542981847875;[171, 0, 17, 255, 161, 74, 239, 97, 214, 0, 0, 201, 1, 0, 126, 1, 0, 65, 11, 215]
1542981847878;[171, 0, 17, 255, 161, 74, 239, 97, 214, 0, 0, 199, 1, 0, 126, 1, 0, 65, 12, 76]
1542981848049;[171, 0, 17, 255, 161, 74, 239, 97, 214, 0, 0, 202, 1, 0, 127, 1, 0, 66, 12, 131]
1542981848220;[171, 0, 17, 255, 161, 74, 239, 97, 214, 0, 0, 201, 1, 0, 127, 1, 0, 65, 12, 178]
1542981848223;[171, 0, 17, 255, 161, 74, 239, 97, 214, 0, 0, 201, 1, 0, 125, 1, 0, 64, 12, 212]
1542981848577;[171, 0, 17, 255, 161, 74, 239, 97, 214, 0, 0, 203, 1, 0, 125, 1, 0, 65, 12, 229]
1542981848578;[171, 0, 17, 255, 161, 74, 239, 97, 214, 0, 0, 202, 1, 0, 126, 1, 0, 60, 13, 52]
1542981848580;[171, 0, 17, 255, 161, 74, 239, 97, 215, 0, 0, 199, 1, 0, 123, 1, 0, 61, 13, 194]
1542981848738;[171, 0, 17, 255, 161, 74, 239, 97, 215, 0, 0, 204, 1, 0, 123, 1, 0, 62, 14, 32]
1542981848742;[171, 0, 4, 255, 132, 128, 99]
1542981848909;[171, 0, 17, 255, 161, 74, 239, 97, 215, 0, 0, 207, 1, 0, 123, 1, 0, 62, 14, 93]
1542981848913;[171, 0, 17, 255, 161, 74, 239, 97, 215, 0, 0, 203, 1, 0, 126, 1, 0, 56, 14, 72]
1542981849082;[171, 0, 17, 255, 161, 74, 239, 97, 215, 0, 0, 200, 1, 0, 125, 1, 0, 65, 14, 46]
1542981849255;[171, 0, 17, 255, 161, 74, 239, 97, 215, 0, 0, 204, 1, 0, 124, 1, 0, 60, 14, 38]
1542981849258;[171, 0, 17, 255, 161, 74, 239, 97, 215, 0, 0, 202, 1, 0, 125, 1, 0, 59, 14, 97]
1542981849445;[171, 0, 17, 255, 161, 74, 239, 97, 215, 0, 0, 204, 1, 0, 126, 1, 0, 63, 14, 98]
1542981849446;[171, 0, 17, 255, 161, 74, 239, 97, 215, 0, 0, 203, 1, 0, 125, 1, 0, 63, 14, 94]
1542981849611;[171, 0, 17, 255, 161, 74, 239, 97, 215, 0, 0, 202, 1, 0, 127, 1, 0, 62, 14, 90]
1542981849944;[171, 0, 17, 255, 161, 74, 239, 97, 216, 0, 0, 200, 1, 0, 128, 1, 0, 61, 14, 52]
1542981849948;[171, 0, 17, 255, 161, 74, 239, 97, 216, 0, 0, 195, 1, 0, 126, 1, 0, 70, 14, 48]
1542981849951;[171, 0, 4, 255, 132, 128, 100]
1542981849976;[171, 0, 17, 255, 161, 74, 239, 97, 216, 0, 0, 198, 1, 0, 129, 1, 0, 62, 14, 88]
1542981850201;[171, 0, 17, 255, 161, 74, 239, 97, 216, 0, 0, 195, 1, 0, 132, 1, 0, 61, 14, 61]
1542981850202;[171, 0, 17, 255, 161, 74, 239, 97, 216, 0, 0, 193, 1, 0, 135, 1, 0, 69, 14, 20]
1542981850289;[171, 0, 17, 255, 161, 74, 239, 97, 216, 0, 0, 196, 1, 0, 132, 1, 0, 69, 13, 253]
1542981850462;[171, 0, 17, 255, 161, 74, 239, 97, 216, 0, 0, 196, 1, 0, 131, 1, 0, 66, 13, 235]
1542981850466;[171, 0, 17, 255, 161, 74, 239, 97, 216, 0, 0, 196, 1, 0, 132, 1, 0, 65, 14, 28]
1542981850637;[171, 0, 17, 255, 161, 74, 239, 97, 216, 0, 0, 200, 1, 0, 130, 1, 0, 65, 14, 98]
1542981850646;[171, 0, 17, 255, 161, 74, 239, 97, 216, 0, 0, 200, 1, 0, 128, 1, 0, 65, 14, 114]
1542981850808;[171, 0, 17, 255, 161, 74, 239, 97, 217, 0, 0, 199, 1, 0, 128, 1, 0, 65, 14, 134]
1542981851154;[171, 0, 17, 255, 161, 74, 239, 97, 217, 0, 0, 200, 1, 0, 129, 1, 0, 64, 14, 138]
1542981851158;[171, 0, 4, 255, 132, 128, 101]
1542981851185;[171, 0, 17, 255, 161, 74, 239, 97, 217, 0, 0, 200, 1, 0, 128, 1, 0, 63, 14, 142]
1542981851187;[171, 0, 17, 255, 161, 74, 239, 97, 217, 0, 0, 198, 1, 0, 126, 1, 0, 64, 14, 213]
1542981851324;[171, 0, 17, 255, 161, 74, 239, 97, 217, 0, 0, 201, 1, 0, 127, 1, 0, 64, 15, 24]
1542981851328;[171, 0, 17, 255, 161, 74, 239, 97, 217, 0, 0, 201, 1, 0, 125, 1, 0, 64, 31, 65]
1542981851497;[171, 0, 17, 255, 161, 74, 239, 97, 217, 0, 0, 202, 1, 0, 127, 1, 0, 63, 7, 229]
1542981851669;[171, 0, 17, 255, 161, 74, 239, 97, 217, 0, 0, 199, 1, 0, 128, 1, 0, 66, 7, 229]
1542981851673;[171, 0, 17, 255, 161, 74, 239, 97, 217, 0, 0, 200, 1, 0, 126, 1, 0, 65, 7, 225]
1542981851841;[171, 0, 17, 255, 161, 74, 239, 97, 217, 0, 0, 202, 1, 0, 126, 1, 0, 62, 8, 43]
1542981851845;[171, 0, 17, 255, 161, 74, 239, 97, 218, 0, 0, 201, 1, 0, 127, 1, 0, 60, 8, 105]
1542981852018;[171, 0, 17, 255, 161, 74, 239, 97, 218, 0, 0, 201, 1, 0, 127, 1, 0, 66, 8, 123]
1542981852020;[171, 0, 4, 255, 132, 128, 101]
1542981852202;[171, 0, 17, 255, 161, 74, 239, 97, 218, 0, 0, 201, 1, 0, 127, 1, 0, 60, 8, 181]
1542981852536;[171, 0, 17, 255, 161, 74, 239, 97, 218, 0, 0, 205, 1, 0, 127, 1, 0, 60, 9, 116]
1542981852540;[171, 0, 17, 255, 161, 74, 239, 97, 218, 0, 0, 200, 1, 0, 127, 1, 0, 60, 10, 37]
1542981852544;[171, 0, 17, 255, 161, 74, 239, 97, 218, 0, 0, 199, 1, 0, 131, 1, 0, 58, 10, 199]
1542981852548;[171, 0, 17, 255, 161, 74, 239, 97, 218, 0, 0, 197, 1, 0, 138, 1, 0, 63, 11, 15]
1542981852704;[171, 0, 17, 255, 161, 74, 239, 97, 218, 0, 0, 200, 1, 0, 145, 1, 0, 59, 11, 38]
1542981852876;[171, 0, 17, 255, 161, 74, 239, 97, 218, 0, 0, 111, 1, 0, 158, 1, 0, 78, 11, 114]
1542981852880;[171, 0, 17, 255, 161, 74, 239, 97, 218, 0, 0, 155, 1, 0, 173, 1, 0, 70, 12, 1]
1542981853050;[171, 0, 17, 255, 161, 74, 239, 97, 219, 0, 0, 156, 1, 0, 174, 1, 0, 70, 12, 116]
1542981853057;[171, 0, 17, 255, 161, 74, 239, 97, 219, 0, 0, 162, 1, 0, 171, 1, 0, 67, 13, 21]
1542981853222;[171, 0, 4, 255, 132, 128, 101]
1542981853249;[171, 0, 17, 255, 161, 74, 239, 97, 219, 0, 0, 152, 1, 0, 172, 1, 0, 66, 13, 183]
1542981853394;[171, 0, 17, 255, 161, 74, 239, 97, 219, 0, 0, 149, 1, 0, 178, 1, 0, 69, 14, 99]
1542981853742;[171, 0, 17, 255, 161, 74, 239, 97, 219, 0, 0, 151, 1, 0, 181, 1, 0, 72, 14, 217]
1542981853746;[171, 0, 17, 255, 161, 74, 239, 97, 219, 0, 0, 157, 1, 0, 180, 1, 0, 64, 31, 63]
1542981853749;[171, 0, 17, 255, 161, 74, 239, 97, 219, 0, 0, 144, 1, 0, 181, 1, 0, 55, 8, 27]
1542981853753;[171, 0, 17, 255, 161, 74, 239, 97, 219, 0, 0, 125, 1, 0, 191, 1, 0, 69, 8, 64]
1542981853912;[171, 0, 17, 255, 161, 74, 239, 97, 219, 0, 0, 121, 1, 0, 186, 1, 0, 89, 8, 101]
1542981853916;[171, 0, 17, 255, 161, 74, 239, 97, 219, 0, 0, 144, 1, 0, 192, 1, 0, 58, 8, 188]
1542981854092;[171, 0, 17, 255, 161, 74, 239, 97, 220, 0, 0, 157, 1, 0, 188, 1, 0, 72, 8, 213]
1542981854259;[171, 0, 17, 255, 161, 74, 239, 97, 220, 0, 0, 124, 1, 0, 187, 1, 0, 75, 8, 244]
1542981854263;[171, 0, 4, 255, 132, 128, 102]
1542981854429;[171, 0, 17, 255, 161, 74, 239, 97, 220, 0, 0, 146, 1, 0, 184, 1, 0, 65, 9, 71]
1542981854433;[171, 0, 17, 255, 161, 74, 239, 97, 220, 0, 0, 133, 1, 0, 182, 1, 0, 75, 9, 127]
1542981854601;[171, 0, 17, 255, 161, 74, 239, 97, 220, 0, 0, 136, 1, 0, 187, 1, 0, 73, 9, 187]
1542981855121;[171, 0, 17, 255, 161, 74, 239, 97, 220, 0, 0, 147, 1, 0, 188, 1, 0, 75, 9, 240]
1542981855125;[171, 0, 17, 255, 161, 74, 239, 97, 220, 0, 0, 123, 1, 0, 192, 1, 0, 80, 10, 38]
1542981855128;[171, 0, 17, 255, 161, 74, 239, 97, 220, 0, 0, 121, 1, 0, 199, 1, 0, 69, 10, 105]
1542981855132;[171, 0, 17, 255, 161, 74, 239, 97, 220, 0, 0, 121, 1, 0, 194, 1, 0, 74, 10, 183]
1542981855293;[171, 0, 17, 255, 161, 74, 239, 97, 220, 0, 0, 122, 1, 0, 199, 1, 0, 77, 10, 209]
1542981855297;[171, 0, 17, 255, 161, 74, 239, 97, 221, 0, 0, 116, 1, 0, 197, 1, 0, 77, 10, 229]
1542981855301;[171, 0, 17, 255, 161, 74, 239, 97, 221, 0, 0, 123, 1, 0, 199, 1, 0, 84, 10, 215]
1542981855464;[171, 0, 4, 255, 132, 128, 102]
1542981855491;[171, 0, 17, 255, 161, 74, 239, 97, 221, 0, 0, 117, 1, 0, 193, 1, 0, 87, 10, 193]
1542981855639;[171, 0, 17, 255, 161, 74, 239, 97, 221, 0, 0, 113, 1, 0, 191, 1, 0, 91, 10, 210]
1542981855982;[171, 0, 17, 255, 161, 74, 239, 97, 221, 0, 0, 112, 1, 0, 192, 1, 0, 100, 10, 248]
1542981855985;[171, 0, 17, 255, 161, 74, 239, 97, 221, 0, 0, 126, 1, 0, 189, 1, 0, 89, 11, 125]
1542981855988;[171, 0, 17, 255, 161, 74, 239, 97, 221, 0, 0, 127, 1, 0, 179, 1, 0, 99, 11, 125]
1542981855992;[171, 0, 17, 255, 161, 74, 239, 97, 221, 0, 0, 124, 1, 0, 184, 1, 0, 95, 11, 148]
1542981856328;[171, 0, 17, 255, 161, 74, 239, 97, 221, 0, 0, 126, 1, 0, 184, 1, 0, 92, 11, 189]
1542981856332;[171, 0, 17, 255, 161, 74, 239, 97, 221, 0, 0, 127, 1, 0, 187, 1, 0, 91, 12, 49]
1542981856336;[171, 0, 17, 255, 161, 74, 239, 97, 222, 0, 0, 133, 1, 0, 194, 1, 0, 91, 12, 183]
1542981856340;[171, 0, 17, 255, 161, 74, 239, 97, 222, 0, 0, 138, 1, 0, 200, 1, 0, 87, 13, 18]
1542981856499;[171, 0, 4, 255, 132, 128, 102]
1542981856670;[171, 0, 17, 255, 161, 74, 239, 97, 222, 0, 0, 127, 1, 0, 225, 1, 0, 44, 13, 96]
1542981856674;[171, 0, 17, 255, 161, 74, 239, 97, 222, 0, 0, 107, 1, 0, 38, 1, 0, 112, 13, 107]
1542981856844;[171, 0, 17, 255, 161, 74, 239, 97, 222, 0, 0, 92, 1, 0, 192, 1, 0, 101, 12, 245]
1542981856848;[171, 0, 17, 255, 161, 74, 239, 97, 222, 0, 0, 58, 1, 0, 196, 1, 0, 96, 11, 182]
1542981857017;[171, 0, 17, 255, 161, 74, 239, 97, 222, 0, 1, 2, 1, 0, 167, 1, 0, 53, 10, 0]
1542981857023;[171, 0, 17, 255, 161, 74, 239, 97, 222, 0, 0, 151, 1, 0, 182, 1, 0, 28, 10, 119]
1542981857188;[171, 0, 17, 255, 161, 74, 239, 97, 222, 0, 0, 165, 1, 0, 154, 1, 0, 95, 9, 25]
1542981857541;[171, 0, 17, 255, 161, 74, 239, 97, 222, 0, 0, 168, 1, 0, 170, 1, 0, 103, 8, 59]
1542981857543;[171, 0, 17, 255, 161, 74, 239, 97, 223, 0, 0, 67, 1, 0, 172, 1, 0, 152, 7, 67]
1542981857546;[171, 0, 17, 255, 161, 74, 239, 97, 223, 0, 0, 112, 1, 0, 175, 1, 0, 111, 7, 25]
1542981857548;[171, 0, 4, 255, 132, 128, 102]
1542981857720;[171, 0, 17, 255, 161, 74, 239, 97, 223, 0, 0, 118, 1, 0, 175, 1, 0, 131, 6, 177]
1542981857881;[171, 0, 17, 255, 161, 74, 239, 97, 223, 0, 0, 118, 1, 0, 177, 1, 0, 124, 6, 110]
1542981857885;[171, 0, 17, 255, 161, 74, 239, 97, 223, 0, 0, 122, 1, 0, 171, 1, 0, 121, 6, 110]
1542981858058;[171, 0, 17, 255, 161, 74, 239, 97, 223, 0, 0, 124, 1, 0, 172, 1, 0, 118, 6, 135]
1542981858062;[171, 0, 17, 255, 161, 74, 239, 97, 223, 0, 0, 125, 1, 0, 172, 1, 0, 118, 6, 134]
1542981858225;[171, 0, 17, 255, 161, 74, 239, 97, 223, 0, 0, 129, 1, 0, 171, 1, 0, 119, 6, 121]
1542981858229;[171, 0, 17, 255, 161, 74, 239, 97, 223, 0, 0, 131, 1, 0, 170, 1, 0, 117, 6, 122]
1542981858396;[171, 0, 17, 255, 161, 74, 239, 97, 223, 0, 0, 130, 1, 0, 170, 1, 0, 116, 6, 72]
1542981858586;[171, 0, 17, 255, 161, 74, 239, 97, 224, 0, 0, 132, 1, 0, 166, 1, 0, 117, 6, 129]
1542981858587;[171, 0, 17, 255, 161, 74, 239, 97, 224, 0, 0, 131, 1, 0, 169, 1, 0, 116, 6, 155]
1542981858915;[171, 0, 4, 255, 132, 128, 102]
1542981858942;[171, 0, 17, 255, 161, 74, 239, 97, 224, 0, 0, 134, 1, 0, 168, 1, 0, 115, 6, 142]
1542981858944;[171, 0, 17, 255, 161, 74, 239, 97, 224, 0, 0, 136, 1, 0, 168, 1, 0, 115, 6, 142]
1542981858946;[171, 0, 17, 255, 161, 74, 239, 97, 224, 0, 0, 135, 1, 0, 167, 1, 0, 116, 6, 98]
1542981859099;[171, 0, 17, 255, 161, 74, 239, 97, 224, 0, 0, 137, 1, 0, 168, 1, 0, 114, 6, 116]
1542981859261;[171, 0, 17, 255, 161, 74, 239, 97, 224, 0, 0, 140, 1, 0, 167, 1, 0, 114, 6, 169]
1542981859264;[171, 0, 17, 255, 161, 74, 239, 97, 224, 0, 0, 137, 1, 0, 165, 1, 0, 113, 6, 173]
1542981859432;[171, 0, 17, 255, 161, 74, 239, 97, 224, 0, 0, 137, 1, 0, 166, 1, 0, 113, 6, 163]
1542981859436;[171, 0, 17, 255, 161, 74, 239, 97, 224, 0, 0, 136, 1, 0, 166, 1, 0, 115, 6, 155]
1542981859777;[171, 0, 17, 255, 161, 74, 239, 97, 225, 0, 0, 142, 1, 0, 166, 1, 0, 111, 6, 161]
1542981859781;[171, 0, 17, 255, 161, 74, 239, 97, 225, 0, 0, 142, 1, 0, 164, 1, 0, 110, 6, 247]
1542981859785;[171, 0, 4, 255, 132, 128, 102]
1542981860127;[171, 0, 17, 255, 161, 74, 239, 97, 225, 0, 0, 143, 1, 0, 167, 1, 0, 111, 7, 58]
1542981860129;[171, 0, 17, 255, 161, 74, 239, 97, 225, 0, 0, 138, 1, 0, 161, 1, 0, 103, 7, 119]
1542981860130;[171, 0, 17, 255, 161, 74, 239, 97, 225, 0, 0, 150, 1, 0, 165, 1, 0, 102, 7, 174]
1542981860133;[171, 0, 17, 255, 161, 74, 239, 97, 225, 0, 0, 148, 1, 0, 161, 1, 0, 108, 7, 184]
1542981860295;[171, 0, 17, 255, 161, 74, 239, 97, 225, 0, 0, 145, 1, 0, 164, 1, 0, 109, 7, 192]
1542981860467;[171, 0, 17, 255, 161, 74, 239, 97, 225, 0, 0, 139, 1, 0, 167, 1, 0, 111, 8, 9]
1542981860470;[171, 0, 17, 255, 161, 74, 239, 97, 225, 0, 0, 139, 1, 0, 166, 1, 0, 114, 8, 35]
1542981860639;[171, 0, 17, 255, 161, 74, 239, 97, 225, 0, 0, 138, 1, 0, 168, 1, 0, 111, 8, 55]
1542981860643;[171, 0, 17, 255, 161, 74, 239, 97, 226, 0, 0, 138, 1, 0, 168, 1, 0, 110, 8, 64]
1542981860812;[171, 0, 17, 255, 161, 74, 239, 97, 226, 0, 0, 139, 1, 0, 168, 1, 0, 112, 8, 56]
1542981860815;[171, 0, 4, 255, 132, 128, 102]
1542981860984;[171, 0, 17, 255, 161, 74, 239, 97, 226, 0, 0, 138, 1, 0, 167, 1, 0, 113, 8, 81]
1542981861157;[171, 0, 17, 255, 161, 74, 239, 97, 226, 0, 0, 138, 1, 0, 167, 1, 0, 112, 8, 133]
1542981861161;[171, 0, 17, 255, 161, 74, 239, 97, 226, 0, 0, 136, 1, 0, 167, 1, 0, 113, 8, 137]
1542981861678;[171, 0, 17, 255, 161, 74, 239, 97, 226, 0, 0, 137, 1, 0, 167, 1, 0, 111, 8, 137]
1542981861680;[171, 0, 17, 255, 161, 74, 239, 97, 226, 0, 0, 139, 1, 0, 171, 1, 0, 111, 8, 130]
1542981861683;[171, 0, 17, 255, 161, 74, 239, 97, 226, 0, 0, 140, 1, 0, 168, 1, 0, 110, 8, 116]
1542981861687;[171, 0, 17, 255, 161, 74, 239, 97, 226, 0, 0, 139, 1, 0, 168, 1, 0, 110, 8, 150]
1542981861847;[171, 0, 17, 255, 161, 74, 239, 97, 226, 0, 0, 139, 1, 0, 165, 1, 0, 111, 8, 187]
1542981861852;[171, 0, 17, 255, 161, 74, 239, 97, 227, 0, 0, 140, 1, 0, 168, 1, 0, 103, 8, 217]
1542981861856;[171, 0, 17, 255, 161, 74, 239, 97, 227, 0, 0, 147, 1, 0, 170, 1, 0, 104, 9, 8]
1542981862019;[171, 0, 4, 255, 132, 128, 102]
1542981862046;[171, 0, 17, 255, 161, 74, 239, 97, 227, 0, 0, 144, 1, 0, 165, 1, 0, 100, 9, 37]
1542981862192;[171, 0, 17, 255, 161, 74, 239, 97, 227, 0, 0, 146, 1, 0, 166, 1, 0, 101, 9, 62]
1542981862365;[171, 0, 17, 255, 161, 74, 239, 97, 227, 0, 0, 144, 1, 0, 167, 1, 0, 100, 9, 153]
1542981862369;[171, 0, 17, 255, 161, 74, 239, 97, 227, 0, 0, 155, 1, 0, 170, 1, 0, 90, 10, 0]
1542981862710;[171, 0, 17, 255, 161, 74, 239, 97, 227, 0, 0, 156, 1, 0, 169, 1, 0, 84, 10, 79]
1542981862713;[171, 0, 17, 255, 161, 74, 239, 97, 227, 0, 0, 151, 1, 0, 165, 1, 0, 86, 10, 76]
1542981862717;[171, 0, 17, 255, 161, 74, 239, 97, 227, 0, 0, 152, 1, 0, 167, 1, 0, 89, 10, 16]
1542981862720;[171, 0, 17, 255, 161, 74, 239, 97, 227, 0, 0, 145, 1, 0, 165, 1, 0, 94, 9, 163]
1542981862882;[171, 0, 17, 255, 161, 74, 239, 97, 228, 0, 0, 145, 1, 0, 167, 1, 0, 101, 9, 73]
1542981863054;[171, 0, 17, 255, 161, 74, 239, 97, 228, 0, 0, 146, 1, 0, 165, 1, 0, 99, 8, 243]
1542981863060;[171, 0, 4, 255, 132, 128, 102]
1542981863227;[171, 0, 17, 255, 161, 74, 239, 97, 228, 0, 0, 149, 1, 0, 163, 1, 0, 100, 8, 164]
1542981863231;[171, 0, 17, 255, 161, 74, 239, 97, 228, 0, 0, 154, 1, 0, 164, 1, 0, 95, 8, 94]
1542981863401;[171, 0, 17, 255, 161, 74, 239, 97, 228, 0, 0, 160, 1, 0, 160, 1, 0, 95, 8, 24]
1542981863573;[171, 0, 17, 255, 161, 74, 239, 97, 228, 0, 0, 163, 1, 0, 159, 1, 0, 94, 7, 204]
1542981863577;[171, 0, 17, 255, 161, 74, 239, 97, 228, 0, 0, 161, 1, 0, 157, 1, 0, 94, 7, 177]
1542981864091;[171, 0, 17, 255, 161, 74, 239, 97, 228, 0, 0, 159, 1, 0, 162, 1, 0, 95, 7, 155]
1542981864113;[171, 0, 17, 255, 161, 74, 239, 97, 228, 0, 0, 159, 1, 0, 158, 1, 0, 96, 7, 129]
1542981864114;[171, 0, 17, 255, 161, 74, 239, 97, 228, 0, 0, 166, 1, 0, 158, 1, 0, 97, 7, 97]
1542981864116;[171, 0, 17, 255, 161, 74, 239, 97, 229, 0, 0, 158, 1, 0, 162, 1, 0, 99, 7, 58]
1542981864263;[171, 0, 17, 255, 161, 74, 239, 97, 229, 0, 0, 150, 1, 0, 163, 1, 0, 98, 6, 243]
1542981864267;[171, 0, 4, 255, 132, 128, 102]
1542981864294;[171, 0, 17, 255, 161, 74, 239, 97, 229, 0, 0, 152, 1, 0, 161, 1, 0, 101, 6, 220]
1542981864435;[171, 0, 17, 255, 161, 74, 239, 97, 229, 0, 0, 153, 1, 0, 164, 1, 0, 98, 6, 200]
1542981864441;[171, 0, 17, 255, 161, 74, 239, 97, 229, 0, 0, 149, 1, 0, 165, 1, 0, 102, 6, 154]
1542981864607;[171, 0, 17, 255, 161, 74, 239, 97, 229, 0, 0, 143, 1, 0, 166, 1, 0, 105, 6, 115]
1542981864791;[171, 0, 17, 255, 161, 74, 239, 97, 229, 0, 0, 146, 1, 0, 164, 1, 0, 106, 6, 63]
1542981864792;[171, 0, 17, 255, 161, 74, 239, 97, 229, 0, 0, 143, 1, 0, 166, 1, 0, 112, 6, 24]
1542981864951;[171, 0, 17, 255, 161, 74, 239, 97, 229, 0, 0, 139, 1, 0, 167, 1, 0, 112, 6, 12]
1542981864955;[171, 0, 17, 255, 161, 74, 239, 97, 229, 0, 0, 137, 1, 0, 167, 1, 0, 112, 5, 250]
1542981865301;[171, 0, 17, 255, 161, 74, 239, 97, 230, 0, 0, 139, 1, 0, 164, 1, 0, 110, 5, 239]
1542981865304;[171, 0, 17, 255, 161, 74, 239, 97, 230, 0, 0, 143, 1, 0, 166, 1, 0, 111, 5, 223]
1542981865307;[171, 0, 4, 255, 132, 128, 101]
1542981865470;[171, 0, 17, 255, 161, 74, 239, 97, 230, 0, 0, 139, 1, 0, 164, 1, 0, 113, 5, 209]
1542981865473;[171, 0, 17, 255, 161, 74, 239, 97, 230, 0, 0, 142, 1, 0, 165, 1, 0, 111, 5, 208]
1542981865641;[171, 0, 17, 255, 161, 74, 239, 97, 230, 0, 0, 143, 1, 0, 164, 1, 0, 114, 6, 8]
1542981865647;[171, 0, 17, 255, 161, 74, 239, 97, 230, 0, 0, 145, 1, 0, 163, 1, 0, 111, 6, 58]
1542981865988;[171, 0, 17, 255, 161, 74, 239, 97, 230, 0, 0, 143, 1, 0, 163, 1, 0, 111, 6, 94]
1542981865992;[171, 0, 17, 255, 161, 74, 239, 97, 230, 0, 0, 144, 1, 0, 163, 1, 0, 111, 6, 126]
1542981865996;[171, 0, 17, 255, 161, 74, 239, 97, 230, 0, 0, 140, 1, 0, 165, 1, 0, 112, 6, 154]
1542981866161;[171, 0, 17, 255, 161, 74, 239, 97, 230, 0, 0, 143, 1, 0, 165, 1, 0, 108, 6, 175]
1542981866165;[171, 0, 17, 255, 161, 74, 239, 97, 231, 0, 0, 146, 1, 0, 165, 1, 0, 109, 6, 215]
1542981866505;[171, 0, 17, 255, 161, 74, 239, 97, 231, 0, 0, 143, 1, 0, 164, 1, 0, 110, 6, 245]
1542981866509;[171, 0, 4, 255, 132, 128, 101]
1542981866537;[171, 0, 17, 255, 161, 74, 239, 97, 231, 0, 0, 144, 1, 0, 164, 1, 0, 109, 7, 11]
1542981866851;[171, 0, 17, 255, 161, 74, 239, 97, 231, 0, 0, 145, 1, 0, 165, 1, 0, 110, 7, 18]
1542981866857;[171, 0, 17, 255, 161, 74, 239, 97, 231, 0, 0, 144, 1, 0, 168, 1, 0, 108, 7, 44]
1542981866859;[171, 0, 17, 255, 161, 74, 239, 97, 231, 0, 0, 145, 1, 0, 164, 1, 0, 110, 7, 96]
1542981866861;[171, 0, 17, 255, 161, 74, 239, 97, 231, 0, 0, 141, 1, 0, 165, 1, 0, 109, 7, 160]
1542981867022;[171, 0, 17, 255, 161, 74, 239, 97, 231, 0, 0, 145, 1, 0, 165, 1, 0, 111, 7, 210]
1542981867026;[171, 0, 17, 255, 161, 74, 239, 97, 231, 0, 0, 144, 1, 0, 165, 1, 0, 110, 7, 254]
1542981867192;[171, 0, 17, 255, 161, 74, 239, 97, 232, 0, 0, 140, 1, 0, 165, 1, 0, 109, 8, 23]
1542981867364;[171, 0, 17, 255, 161, 74, 239, 97, 232, 0, 0, 144, 1, 0, 165, 1, 0, 108, 8, 42]
1542981867367;[171, 0, 17, 255, 161, 74, 239, 97, 232, 0, 0, 146, 1, 0, 166, 1, 0, 108, 8, 94]
1542981867540;[171, 0, 4, 255, 132, 128, 102]
1542981867568;[171, 0, 17, 255, 161, 74, 239, 97, 232, 0, 0, 144, 1, 0, 165, 1, 0, 109, 8, 168]
1542981867885;[171, 0, 17, 255, 161, 74, 239, 97, 232, 0, 0, 146, 1, 0, 163, 1, 0, 102, 8, 223]
1542981867889;[171, 0, 17, 255, 161, 74, 239, 97, 232, 0, 0, 147, 1, 0, 164, 1, 0, 104, 9, 14]
1542981867894;[171, 0, 17, 255, 161, 74, 239, 97, 232, 0, 0, 146, 1, 0, 164, 1, 0, 106, 9, 50]
1542981868057;[171, 0, 17, 255, 161, 74, 239, 97, 232, 0, 0, 148, 1, 0, 166, 1, 0, 106, 9, 65]
1542981868061;[171, 0, 17, 255, 161, 74, 239, 97, 232, 0, 0, 146, 1, 0, 166, 1, 0, 105, 9, 102]
1542981868229;[171, 0, 17, 255, 161, 74, 239, 97, 232, 0, 0, 146, 1, 0, 164, 1, 0, 107, 9, 172]
1542981868233;[171, 0, 17, 255, 161, 74, 239, 97, 233, 0, 0, 148, 1, 0, 162, 1, 0, 106, 9, 211]
1542981868439;[171, 0, 17, 255, 161, 74, 239, 97, 233, 0, 0, 148, 1, 0, 161, 1, 0, 109, 9, 222]
1542981868575;[171, 0, 17, 255, 161, 74, 239, 97, 233, 0, 0, 149, 1, 0, 164, 1, 0, 102, 9, 236]
1542981868577;[171, 0, 4, 255, 132, 128, 101]
1542981868748;[171, 0, 17, 255, 161, 74, 239, 97, 233, 0, 0, 148, 1, 0, 164, 1, 0, 106, 9, 222]
1542981868752;[171, 0, 17, 255, 161, 74, 239, 97, 233, 0, 0, 146, 1, 0, 164, 1, 0, 109, 9, 202]
1542981869092;[171, 0, 17, 255, 161, 74, 239, 97, 233, 0, 0, 146, 1, 0, 168, 1, 0, 101, 9, 252]
1542981869100;[171, 0, 17, 255, 161, 74, 239, 97, 233, 0, 0, 133, 1, 0, 170, 1, 0, 110, 9, 225]
1542981869106;[171, 0, 17, 255, 161, 74, 239, 97, 233, 0, 0, 111, 1, 0, 174, 1, 0, 127, 9, 102]
1542981869265;[171, 0, 17, 255, 161, 74, 239, 97, 233, 0, 0, 128, 1, 0, 178, 1, 0, 108, 9, 84]
1542981869269;[171, 0, 17, 255, 161, 74, 239, 97, 233, 0, 0, 188, 1, 0, 185, 1, 0, 82, 9, 131]
1542981869453;[171, 0, 17, 255, 161, 74, 239, 97, 234, 0, 0, 53, 1, 0, 178, 1, 0, 153, 8, 205]
1542981869455;[171, 0, 17, 255, 161, 74, 239, 97, 234, 0, 0, 40, 1, 0, 172, 1, 0, 158, 7, 25]
1542981869610;[171, 0, 17, 255, 161, 74, 239, 97, 234, 0, 0, 24, 1, 0, 179, 1, 0, 157, 5, 141]
1542981869614;[171, 0, 4, 255, 132, 128, 101]
1542981869782;[171, 0, 17, 255, 161, 74, 239, 97, 234, 0, 0, 37, 1, 0, 179, 1, 0, 157, 4, 245]
1542981869955;[171, 0, 17, 255, 161, 74, 239, 97, 234, 0, 0, 26, 1, 0, 182, 1, 0, 172, 3, 227]
1542981869957;[171, 0, 17, 255, 161, 74, 239, 97, 234, 0, 0, 63, 1, 0, 178, 1, 0, 149, 3, 161]
1542981870473;[171, 0, 17, 255, 161, 74, 239, 97, 234, 0, 0, 66, 1, 0, 174, 1, 0, 158, 3, 48]
1542981870477;[171, 0, 17, 255, 161, 74, 239, 97, 234, 0, 0, 68, 1, 0, 176, 1, 0, 153, 3, 104]
1542981870480;[171, 0, 17, 255, 161, 74, 239, 97, 234, 0, 0, 67, 1, 0, 174, 1, 0, 154, 3, 80]
1542981870484;[171, 0, 17, 255, 161, 74, 239, 97, 234, 0, 0, 71, 1, 0, 172, 1, 0, 154, 3, 75]
1542981870645;[171, 0, 17, 255, 161, 74, 239, 97, 235, 0, 0, 73, 1, 0, 173, 1, 0, 150, 3, 104]
1542981870649;[171, 0, 17, 255, 161, 74, 239, 97, 235, 0, 0, 75, 1, 0, 172, 1, 0, 153, 3, 106]
1542981870818;[171, 0, 17, 255, 161, 74, 239, 97, 237, 0, 0, 116, 1, 0, 165, 1, 0, 138, 11, 92]
1542981870822;[171, 0, 17, 255, 161, 74, 239, 97, 237, 0, 0, 116, 1, 0, 162, 1, 0, 139, 11, 138]
1542981871336;[171, 0, 17, 255, 161, 74, 239, 97, 237, 0, 0, 118, 1, 0, 159, 1, 0, 137, 11, 181]
1542981871341;[171, 0, 17, 255, 161, 74, 239, 97, 237, 0, 0, 113, 1, 0, 166, 1, 0, 144, 11, 229]
1542981871345;[171, 0, 17, 255, 161, 74, 239, 97, 237, 0, 0, 118, 1, 0, 166, 1, 0, 142, 12, 94]
1542981871349;[171, 0, 17, 255, 161, 74, 239, 97, 237, 0, 0, 113, 1, 0, 183, 1, 0, 129, 12, 228]
1542981871685;[171, 0, 17, 255, 161, 74, 239, 97, 237, 0, 0, 62, 1, 0, 206, 1, 0, 73, 12, 110]
1542981871691;[171, 0, 17, 255, 161, 74, 239, 97, 238, 1, 0, 35, 1, 0, 158, 1, 0, 234, 5, 79]
1542981871693;[171, 0, 17, 255, 161, 74, 239, 97, 238, 1, 0, 10, 1, 0, 128, 1, 0, 198, 5, 79]
1542981871852;[171, 0, 17, 255, 161, 74, 239, 97, 238, 0, 0, 41, 1, 0, 191, 1, 0, 179, 3, 76]
1542981871855;[171, 0, 4, 255, 132, 128, 103]
1542981872024;[171, 0, 17, 255, 161, 74, 239, 97, 238, 1, 0, 12, 1, 0, 180, 1, 0, 163, 2, 61]
1542981872028;[171, 0, 17, 255, 161, 74, 239, 97, 238, 0, 0, 12, 1, 1, 47, 1, 0, 139, 1, 225]
1542981872202;[171, 0, 17, 255, 161, 74, 239, 97, 238, 1, 1, 19, 1, 0, 160, 1, 0, 189, 1, 225]
1542981872370;[171, 0, 17, 255, 161, 74, 239, 97, 238, 1, 0, 166, 1, 0, 7, 0, 0, 83, 1, 225]
1542981872374;[171, 0, 17, 255, 161, 74, 239, 97, 238, 1, 0, 62, 0, 0, 228, 1, 0, 88, 1, 11]
1542981872542;[171, 0, 17, 255, 161, 74, 239, 97, 238, 1, 0, 65, 0, 0, 102, 1, 0, 124, 1, 149]
1542981872546;[171, 0, 17, 255, 161, 74, 239, 97, 238, 1, 2, 162, 0, 0, 2, 0, 0, 7, 3, 37]
1542981872889;[171, 0, 17, 255, 161, 74, 239, 97, 239, 1, 0, 203, 1, 0, 88, 1, 0, 76, 2, 235]
1542981872892;[171, 0, 17, 255, 161, 74, 239, 97, 239, 1, 0, 227, 0, 0, 37, 0, 0, 118, 3, 252]
1542981872896;[171, 0, 17, 255, 161, 74, 239, 97, 239, 1, 1, 50, 0, 0, 42, 0, 0, 125, 2, 178]
1542981873059;[171, 0, 4, 255, 132, 128, 103]
1542981873234;[171, 0, 17, 255, 161, 74, 239, 97, 239, 1, 0, 55, 1, 0, 128, 1, 0, 200, 16, 0]
1542981873238;[171, 0, 17, 255, 161, 74, 239, 97, 239, 0, 0, 5, 1, 0, 208, 1, 0, 94, 4, 56]
1542981873241;[171, 0, 17, 255, 161, 74, 239, 97, 239, 0, 0, 60, 1, 0, 211, 0, 0, 22, 4, 209]
1542981873404;[171, 0, 17, 255, 161, 74, 239, 97, 239, 1, 0, 32, 1, 0, 232, 0, 0, 63, 4, 241]
1542981873751;[171, 0, 17, 255, 161, 74, 239, 97, 239, 1, 0, 80, 1, 0, 224, 0, 0, 41, 3, 204]
1542981873755;[171, 0, 17, 255, 161, 74, 239, 97, 239, 1, 0, 87, 1, 0, 211, 0, 0, 51, 3, 138]
1542981873758;[171, 0, 17, 255, 161, 74, 239, 97, 239, 1, 0, 124, 1, 0, 226, 0, 0, 146, 3, 170]
1542981873761;[171, 0, 17, 255, 161, 74, 239, 97, 240, 1, 0, 148, 1, 0, 180, 0, 0, 106, 3, 145]
1542981873923;[171, 0, 17, 255, 161, 74, 239, 97, 240, 1, 0, 168, 1, 0, 82, 0, 0, 126, 3, 82]
1542981873926;[171, 0, 17, 255, 161, 74, 239, 97, 240, 1, 0, 170, 1, 0, 55, 0, 0, 142, 2, 246]
1542981874268;[171, 0, 4, 255, 132, 128, 103]
1542981874295;[171, 0, 17, 255, 161, 74, 239, 97, 240, 1, 0, 203, 0, 0, 176, 0, 0, 138, 3, 68]
1542981874296;[171, 0, 17, 255, 161, 74, 239, 97, 240, 1, 1, 27, 0, 0, 93, 0, 0, 116, 3, 28]
1542981874958;[171, 0, 17, 255, 161, 74, 239, 97, 240, 1, 0, 220, 0, 0, 32, 0, 0, 125, 3, 180]
1542981874962;[171, 0, 17, 255, 161, 74, 239, 97, 240, 1, 0, 223, 0, 0, 55, 0, 0, 120, 4, 179]
1542981874966;[171, 0, 17, 255, 161, 74, 239, 97, 240, 1, 0, 224, 0, 0, 14, 0, 0, 120, 6, 10]
1542981874970;[171, 0, 17, 255, 161, 74, 239, 97, 240, 1, 0, 222, 0, 0, 33, 0, 0, 139, 7, 2]
1542981875140;[171, 0, 17, 255, 161, 74, 239, 97, 240, 1, 0, 242, 0, 0, 17, 0, 0, 145, 7, 0]
1542981875142;[171, 0, 17, 255, 161, 74, 239, 97, 241, 1, 0, 160, 1, 0, 27, 0, 0, 87, 6, 30]
1542981875144;[171, 0, 17, 255, 161, 74, 239, 97, 241, 1, 0, 246, 1, 0, 18, 0, 0, 171, 7, 128]
1542981875146;[171, 0, 17, 255, 161, 74, 239, 97, 241, 1, 0, 242, 0, 0, 36, 0, 0, 149, 7, 128]
1542981875475;[171, 0, 4, 255, 132, 128, 103]
1542981875501;[171, 0, 17, 255, 161, 74, 239, 97, 241, 1, 0, 246, 0, 0, 9, 0, 0, 48, 7, 128]
1542981875503;[171, 0, 17, 255, 161, 74, 239, 97, 241, 1, 0, 254, 0, 0, 16, 0, 0, 21, 5, 210]
1542981876857;[171, 0, 17, 255, 161, 74, 239, 97, 241, 1, 1, 5, 0, 0, 76, 0, 0, 84, 5, 135]
1542981876860;[171, 0, 17, 255, 161, 74, 239, 97, 241, 1, 1, 20, 0, 0, 17, 1, 0, 30, 4, 12]
1542981876865;[171, 0, 17, 255, 161, 74, 239, 97, 241, 1, 0, 234, 1, 0, 35, 0, 0, 6, 4, 12]
1542981877029;[171, 0, 17, 255, 161, 74, 239, 97, 241, 1, 0, 242, 1, 0, 27, 1, 0, 10, 4, 12]
1542981877033;[171, 0, 17, 255, 161, 74, 239, 97, 241, 1, 1, 9, 0, 0, 7, 1, 0, 6, 5, 168]
1542981877037;[171, 0, 17, 255, 161, 74, 239, 97, 242, 1, 0, 244, 1, 0, 3, 1, 0, 54, 7, 116]
1542981877041;[171, 0, 17, 255, 161, 74, 239, 97, 242, 1, 0, 255, 1, 0, 16, 0, 0, 3, 7, 116]
1542981877372;[171, 0, 17, 255, 161, 74, 239, 97, 242, 1, 0, 253, 1, 0, 32, 0, 0, 55, 7, 116]
1542981878408;[171, 0, 4, 255, 132, 128, 102]
1542981878435;[171, 0, 17, 255, 161, 74, 239, 97, 242, 1, 0, 255, 1, 0, 21, 0, 0, 41, 4, 151]
1542981878436;[171, 0, 17, 255, 161, 74, 239, 97, 242, 1, 1, 0, 1, 0, 23, 0, 0, 34, 3, 5]
1542981878752;[171, 0, 17, 255, 161, 74, 239, 97, 242, 1, 0, 253, 1, 0, 26, 0, 0, 32, 2, 28]
1542981878927;[171, 0, 17, 255, 161, 74, 239, 97, 242, 1, 0, 254, 1, 0, 21, 0, 0, 34, 1, 116]
1542981878932;[171, 0, 17, 255, 161, 74, 239, 97, 242, 1, 0, 255, 1, 0, 21, 0, 0, 32, 0, 225]
1542981878936;[171, 0, 17, 255, 161, 74, 239, 97, 242, 1, 1, 0, 1, 0, 19, 0, 0, 34, 16, 142]
1542981878942;[171, 0, 17, 255, 161, 74, 239, 97, 242, 1, 0, 254, 1, 0, 17, 0, 0, 35, 7, 109]
1542981879444;[171, 0, 17, 255, 161, 74, 239, 97, 243, 1, 1, 0, 1, 0, 22, 0, 0, 36, 7, 17]
1542981879447;[171, 0, 4, 255, 132, 128, 103]
1542981879473;[171, 0, 17, 255, 161, 74, 239, 97, 245, 1, 1, 0, 1, 0, 15, 0, 0, 37, 3, 56]
1542981879475;[171, 0, 17, 255, 161, 74, 239, 97, 245, 1, 0, 254, 1, 0, 17, 0, 0, 37, 3, 20]
1542981879616;[171, 0, 17, 255, 161, 74, 239, 97, 245, 1, 0, 254, 1, 0, 16, 0, 0, 37, 2, 244]
1542981879620;[171, 0, 17, 255, 161, 74, 239, 97, 245, 1, 0, 253, 1, 0, 16, 0, 0, 36, 2, 223]
1542981879624;[171, 0, 17, 255, 161, 74, 239, 97, 245, 1, 0, 254, 1, 0, 15, 0, 0, 37, 2, 195]
1542981879628;[171, 0, 17, 255, 161, 74, 239, 97, 245, 1, 1, 0, 1, 0, 16, 0, 0, 36, 2, 175]
1542981880824;[171, 0, 17, 255, 161, 74, 239, 97, 245, 1, 0, 255, 1, 0, 18, 0, 0, 36, 2, 150]
1542981880828;[171, 0, 17, 255, 161, 74, 239, 97, 246, 1, 1, 0, 1, 0, 16, 0, 0, 36, 2, 125]
1542981880832;[171, 0, 17, 255, 161, 74, 239, 97, 246, 1, 0, 255, 1, 0, 14, 0, 0, 36, 2, 105]
1542981880836;[171, 0, 17, 255, 161, 74, 239, 97, 246, 1, 0, 255, 1, 0, 15, 0, 0, 37, 2, 90]
1542981881340;[171, 0, 4, 255, 132, 128, 103]
1542981881367;[171, 0, 17, 255, 161, 74, 239, 97, 246, 1, 1, 0, 1, 0, 17, 0, 0, 35, 2, 66]
1542981881369;[171, 0, 17, 255, 161, 74, 239, 97, 246, 1, 0, 252, 1, 0, 16, 0, 0, 36, 2, 38]
1542981881371;[171, 0, 17, 255, 161, 74, 239, 97, 246, 1, 0, 255, 1, 0, 17, 0, 0, 36, 2, 15]
1542981881860;[171, 0, 17, 255, 161, 74, 239, 97, 246, 1, 0, 255, 1, 0, 17, 0, 0, 35, 1, 248]
1542981881864;[171, 0, 17, 255, 161, 74, 239, 97, 246, 1, 1, 0, 1, 0, 15, 0, 0, 35, 1, 234]
1542981881873;[171, 0, 17, 255, 161, 74, 239, 97, 246, 1, 0, 254, 1, 0, 16, 0, 0, 36, 1, 219]
1542981881875;[171, 0, 17, 255, 161, 74, 239, 97, 246, 1, 0, 254, 1, 0, 16, 0, 0, 36, 1, 199]
1542981882032;[171, 0, 17, 255, 161, 74, 239, 97, 247, 1, 0, 255, 1, 0, 16, 0, 0, 35, 1, 178]
1542981882036;[171, 0, 17, 255, 161, 74, 239, 97, 247, 1, 1, 0, 1, 0, 15, 0, 0, 35, 1, 152]
1542981882040;[171, 0, 17, 255, 161, 74, 239, 97, 247, 1, 1, 1, 1, 0, 16, 0, 0, 36, 1, 133]
1542981882043;[171, 0, 4, 255, 132, 128, 103]
1542981882202;[171, 0, 17, 255, 161, 74, 239, 97, 247, 1, 0, 255, 1, 0, 17, 0, 0, 35, 1, 119]
1542981882206;[171, 0, 17, 255, 161, 74, 239, 97, 247, 1, 1, 0, 1, 0, 16, 0, 0, 36, 1, 100]
1542981882374;[171, 0, 17, 255, 161, 74, 239, 97, 247, 1, 1, 1, 1, 0, 14, 0, 0, 36, 1, 88]
1542981882378;[171, 0, 17, 255, 161, 74, 239, 97, 247, 1, 0, 254, 1, 0, 15, 0, 0, 35, 1, 64]
1542981882546;[171, 0, 17, 255, 161, 74, 239, 97, 247, 1, 1, 1, 1, 0, 15, 0, 0, 37, 1, 19]
1542981882550;[171, 0, 17, 255, 161, 74, 239, 97, 247, 1, 0, 255, 1, 0, 20, 0, 0, 30, 0, 241]
1542981882720;[171, 0, 17, 255, 161, 74, 239, 97, 247, 1, 0, 255, 1, 0, 19, 0, 0, 28, 0, 209]
1542981882724;[171, 0, 17, 255, 161, 74, 239, 97, 248, 1, 0, 254, 1, 0, 21, 0, 0, 24, 16, 97]
1542981882892;[171, 0, 17, 255, 161, 74, 239, 97, 248, 1, 0, 255, 1, 0, 18, 0, 0, 25, 7, 106]
1542981883240;[171, 0, 17, 255, 161, 74, 239, 97, 248, 1, 1, 1, 1, 0, 24, 0, 0, 29, 7, 34]
1542981883243;[171, 0, 4, 255, 132, 128, 104]
1542981883270;[171, 0, 17, 255, 161, 74, 239, 97, 248, 1, 1, 1, 1, 0, 25, 0, 0, 12, 6, 230]
1542981883271;[171, 0, 17, 255, 161, 74, 239, 97, 248, 1, 1, 1, 1, 0, 25, 0, 0, 10, 6, 231]
1542981883410;[171, 0, 17, 255, 161, 74, 239, 97, 248, 1, 1, 2, 1, 0, 32, 0, 0, 9, 6, 147]
1542981883413;[171, 0, 17, 255, 161, 74, 239, 97, 248, 1, 0, 249, 1, 0, 41, 1, 0, 4, 5, 67]
1542981883582;[171, 0, 17, 255, 161, 74, 239, 97, 248, 1, 0, 227, 1, 0, 45, 1, 0, 31, 4, 64]
1542981883928;[171, 0, 17, 255, 161, 74, 239, 97, 248, 1, 1, 1, 1, 0, 48, 1, 0, 14, 3, 116]
1542981883932;[171, 0, 17, 255, 161, 74, 239, 97, 248, 1, 1, 2, 1, 0, 58, 0, 0, 40, 2, 224]
1542981883936;[171, 0, 17, 255, 161, 74, 239, 97, 249, 1, 0, 237, 1, 0, 92, 1, 0, 8, 2, 130]
1542981883940;[171, 0, 17, 255, 161, 74, 239, 97, 249, 1, 0, 197, 1, 0, 44, 0, 0, 7, 2, 130]
1542981884098;[171, 0, 17, 255, 161, 74, 239, 97, 249, 1, 0, 246, 1, 0, 37, 1, 0, 3, 3, 37]
1542981884446;[171, 0, 4, 255, 132, 128, 105]
1542981884472;[171, 0, 17, 255, 161, 74, 239, 97, 249, 1, 0, 254, 1, 0, 30, 0, 0, 63, 6, 156]
1542981884474;[171, 0, 17, 255, 161, 74, 239, 97, 249, 1, 0, 254, 1, 0, 33, 0, 0, 52, 6, 156]
1542981884476;[171, 0, 17, 255, 161, 74, 239, 97, 249, 1, 0, 252, 1, 0, 27, 0, 0, 45, 5, 91]
1542981884617;[171, 0, 17, 255, 161, 74, 239, 97, 249, 1, 0, 254, 1, 0, 26, 0, 0, 33, 4, 150]
1542981884621;[171, 0, 17, 255, 161, 74, 239, 97, 249, 1, 0, 253, 1, 0, 25, 0, 0, 34, 4, 94]
1542981884963;[171, 0, 17, 255, 161, 74, 239, 97, 249, 1, 1, 0, 1, 0, 23, 0, 0, 37, 4, 4]
1542981884967;[171, 0, 17, 255, 161, 74, 239, 97, 249, 1, 0, 252, 1, 0, 23, 0, 0, 36, 3, 177]
1542981884971;[171, 0, 17, 255, 161, 74, 239, 97, 250, 1, 0, 253, 1, 0, 24, 0, 0, 35, 3, 127]
1542981885138;[171, 0, 17, 255, 161, 74, 239, 97, 250, 1, 0, 253, 1, 0, 23, 0, 0, 35, 3, 44]
1542981885159;[171, 0, 17, 255, 161, 74, 239, 97, 250, 1, 1, 0, 1, 0, 22, 0, 0, 34, 2, 185]
1542981885307;[171, 0, 4, 255, 132, 128, 105]
1542981885508;[171, 0, 17, 255, 161, 74, 239, 97, 250, 1, 0, 255, 1, 0, 23, 0, 0, 29, 2, 63]
1542981885509;[171, 0, 17, 255, 161, 74, 239, 97, 250, 1, 0, 252, 1, 0, 18, 0, 0, 26, 2, 13]
1542981885826;[171, 0, 17, 255, 161, 74, 239, 97, 250, 1, 0, 245, 1, 0, 55, 0, 0, 29, 2, 13]
1542981885851;[171, 0, 17, 255, 161, 74, 239, 97, 250, 1, 0, 251, 1, 0, 16, 0, 0, 19, 1, 228]
1542981885852;[171, 0, 17, 255, 161, 74, 239, 97, 250, 1, 1, 0, 1, 0, 12, 0, 0, 31, 1, 241]
1542981885854;[171, 0, 17, 255, 161, 74, 239, 97, 250, 1, 1, 2, 1, 0, 8, 0, 0, 32, 2, 33]
1542981886170;[171, 0, 17, 255, 161, 74, 239, 97, 250, 1, 0, 255, 1, 0, 9, 0, 0, 41, 1, 200]
1542981886174;[171, 0, 17, 255, 161, 74, 239, 97, 251, 1, 1, 1, 1, 0, 9, 0, 0, 28, 1, 147]
1542981886179;[171, 0, 17, 255, 161, 74, 239, 97, 251, 1, 1, 0, 1, 0, 8, 0, 0, 38, 1, 249]
1542981886343;[171, 0, 17, 255, 161, 74, 239, 97, 251, 1, 1, 0, 1, 0, 3, 0, 0, 51, 3, 15]
1542981886346;[171, 0, 4, 255, 132, 128, 105]
1542981886514;[171, 0, 17, 255, 161, 74, 239, 97, 251, 1, 0, 255, 1, 0, 1, 0, 0, 50, 3, 118]
1542981886518;[171, 0, 17, 255, 161, 74, 239, 97, 251, 1, 0, 255, 1, 0, 3, 0, 0, 48, 3, 64]
1542981887034;[171, 0, 17, 255, 161, 74, 239, 97, 251, 1, 1, 2, 1, 0, 4, 0, 0, 47, 2, 165]
1542981887038;[171, 0, 17, 255, 161, 74, 239, 97, 251, 1, 1, 2, 1, 0, 9, 0, 0, 40, 1, 196]
1542981887042;[171, 0, 17, 255, 161, 74, 239, 97, 251, 1, 0, 254, 1, 0, 12, 0, 0, 23, 1, 14]
1542981887046;[171, 0, 17, 255, 161, 74, 239, 97, 251, 1, 0, 254, 1, 0, 12, 0, 0, 18, 0, 210]
1542981887205;[171, 0, 17, 255, 161, 74, 239, 97, 251, 1, 0, 255, 1, 0, 12, 0, 0, 24, 0, 219]
1542981887209;[171, 0, 17, 255, 161, 74, 239, 98, 0, 1, 0, 255, 1, 0, 12, 0, 0, 20, 0, 207]
1542981887377;[171, 0, 17, 255, 161, 74, 239, 98, 0, 1, 1, 0, 1, 0, 12, 0, 0, 22, 16, 186]
1542981887381;[171, 0, 17, 255, 161, 74, 239, 98, 0, 1, 1, 2, 1, 0, 12, 0, 0, 21, 7, 189]
1542981887549;[171, 0, 4, 255, 132, 128, 105]
1542981888757;[171, 0, 17, 255, 161, 74, 239, 98, 0, 1, 1, 0, 1, 0, 12, 0, 0, 20, 7, 176]
1542981888759;[171, 0, 17, 255, 161, 74, 239, 98, 0, 1, 1, 1, 1, 0, 19, 0, 0, 17, 7, 132]
1542981888763;[171, 0, 17, 255, 161, 74, 239, 98, 0, 1, 1, 2, 1, 0, 24, 0, 0, 12, 7, 98]
1542981888766;[171, 0, 17, 255, 161, 74, 239, 98, 0, 1, 0, 255, 1, 0, 25, 0, 0, 10, 7, 63]
1542981888932;[171, 0, 17, 255, 161, 74, 239, 98, 0, 1, 0, 254, 1, 0, 25, 0, 0, 5, 7, 42]
1542981888935;[171, 0, 17, 255, 161, 74, 239, 98, 0, 1, 0, 254, 1, 0, 24, 0, 0, 2, 7, 26]
1542981888939;[171, 0, 17, 255, 161, 74, 239, 98, 0, 1, 1, 0, 1, 0, 27, 0, 0, 1, 7, 19]
1542981888943;[171, 0, 17, 255, 161, 74, 239, 98, 3, 1, 0, 255, 1, 0, 21, 0, 0, 4, 6, 115]
1542981889102;[171, 0, 4, 255, 132, 128, 99]
1542981889129;[171, 0, 17, 255, 161, 74, 239, 98, 3, 1, 1, 0, 1, 0, 24, 0, 0, 6, 6, 111]
1542981889274;[171, 0, 17, 255, 161, 74, 239, 98, 3, 1, 1, 1, 1, 0, 21, 0, 0, 2, 6, 109]
1542981889278;[171, 0, 17, 255, 161, 74, 239, 98, 3, 1, 0, 254, 1, 0, 24, 0, 0, 0, 6, 110]
1542981889794;[171, 0, 17, 255, 161, 74, 239, 98, 3, 1, 0, 254, 1, 0, 23, 1, 0, 7, 6, 3]
1542981889798;[171, 0, 17, 255, 161, 74, 239, 98, 3, 1, 1, 0, 1, 0, 18, 1, 0, 6, 5, 171]
1542981889801;[171, 0, 17, 255, 161, 74, 239, 98, 3, 1, 0, 253, 1, 0, 22, 1, 0, 9, 5, 127]
1542981889805;[171, 0, 17, 255, 161, 74, 239, 98, 3, 1, 0, 254, 1, 0, 22, 1, 0, 12, 5, 102]
1542981889965;[171, 0, 17, 255, 161, 74, 239, 98, 4, 1, 0, 252, 1, 0, 22, 1, 0, 10, 5, 82]
1542981889969;[171, 0, 17, 255, 161, 74, 239, 98, 4, 1, 0, 253, 1, 0, 23, 1, 0, 17, 5, 72]
1542981889972;[171, 0, 17, 255, 161, 74, 239, 98, 4, 1, 0, 253, 1, 0, 24, 1, 0, 18, 5, 101]
1542981890136;[171, 0, 4, 255, 132, 128, 97]
1542981890163;[171, 0, 17, 255, 161, 74, 239, 98, 4, 1, 0, 250, 1, 0, 26, 1, 0, 28, 5, 123]
1542981890309;[171, 0, 17, 255, 161, 74, 239, 98, 4, 1, 0, 249, 1, 0, 28, 1, 0, 28, 5, 132]
1542981890313;[171, 0, 17, 255, 161, 74, 239, 98, 4, 1, 0, 253, 1, 0, 26, 1, 0, 26, 5, 137]
1542981890481;[171, 0, 17, 255, 161, 74, 239, 98, 4, 1, 0, 253, 1, 0, 25, 1, 0, 27, 5, 144]
1542981890842;[171, 0, 17, 255, 161, 74, 239, 98, 4, 1, 0, 252, 1, 0, 26, 1, 0, 26, 5, 151]
1542981890846;[171, 0, 17, 255, 161, 74, 239, 98, 4, 1, 0, 251, 1, 0, 27, 1, 0, 27, 5, 162]
1542981890849;[171, 0, 17, 255, 161, 74, 239, 98, 4, 1, 1, 1, 1, 0, 26, 1, 0, 27, 5, 155]
1542981890852;[171, 0, 17, 255, 161, 74, 239, 98, 5, 1, 0, 253, 1, 0, 27, 1, 0, 26, 5, 152]
1542981890995;[171, 0, 17, 255, 161, 74, 239, 98, 5, 1, 0, 252, 1, 0, 27, 1, 0, 25, 5, 149]
1542981891172;[171, 0, 17, 255, 161, 74, 239, 98, 5, 1, 0, 253, 1, 0, 26, 1, 0, 25, 5, 140]
1542981891175;[171, 0, 4, 255, 132, 128, 95]
1542981891346;[171, 0, 17, 255, 161, 74, 239, 98, 5, 1, 0, 251, 1, 0, 29, 1, 0, 25, 5, 136]
1542981891349;[171, 0, 17, 255, 161, 74, 239, 98, 5, 1, 0, 251, 1, 0, 26, 1, 0, 27, 5, 138]
1542981891516;[171, 0, 17, 255, 161, 74, 239, 98, 5, 1, 0, 251, 1, 0, 26, 1, 0, 27, 5, 132]
1542981891520;[171, 0, 17, 255, 161, 74, 239, 98, 5, 1, 0, 252, 1, 0, 26, 1, 0, 25, 5, 125]
1542981891691;[171, 0, 17, 255, 161, 74, 239, 98, 5, 1, 0, 253, 1, 0, 28, 1, 0, 27, 5, 115]
1542981892381;[171, 0, 17, 255, 161, 74, 239, 98, 5, 1, 0, 252, 1, 0, 27, 1, 0, 24, 5, 107]
1542981892385;[171, 0, 17, 255, 161, 74, 239, 98, 5, 1, 0, 252, 1, 0, 27, 1, 0, 24, 5, 111]
1542981892389;[171, 0, 17, 255, 161, 74, 239, 98, 6, 1, 0, 251, 1, 0, 27, 1, 0, 26, 5, 112]
1542981892393;[171, 0, 17, 255, 161, 74, 239, 98, 6, 1, 0, 254, 1, 0, 28, 1, 0, 26, 5, 102]
1542981892552;[171, 0, 17, 255, 161, 74, 239, 98, 6, 1, 0, 252, 1, 0, 27, 1, 0, 25, 5, 94]
1542981892556;[171, 0, 4, 255, 132, 128, 94]
1542981892725;[171, 0, 17, 255, 161, 74, 239, 98, 6, 1, 0, 253, 1, 0, 26, 1, 0, 26, 5, 88]
1542981892732;[171, 0, 17, 255, 161, 74, 239, 98, 6, 1, 0, 253, 1, 0, 27, 1, 0, 23, 5, 84]
1542981892898;[171, 0, 17, 255, 161, 74, 239, 98, 6, 1, 0, 250, 1, 0, 26, 1, 0, 25, 5, 79]
1542981892901;[171, 0, 17, 255, 161, 74, 239, 98, 6, 1, 0, 251, 1, 0, 27, 1, 0, 27, 5, 74]
1542981892905;[171, 0, 17, 255, 161, 74, 239, 98, 6, 1, 0, 253, 1, 0, 26, 1, 0, 25, 5, 68]
1542981892909;[171, 0, 17, 255, 161, 74, 239, 98, 6, 1, 0, 252, 1, 0, 26, 1, 0, 25, 5, 59]
1542981893070;[171, 0, 17, 255, 161, 74, 239, 98, 6, 1, 0, 252, 1, 0, 25, 1, 0, 25, 5, 55]
1542981893074;[171, 0, 17, 255, 161, 74, 239, 98, 7, 1, 0, 254, 1, 0, 25, 1, 0, 27, 5, 51]
1542981893587;[171, 0, 17, 255, 161, 74, 239, 98, 7, 1, 0, 252, 1, 0, 27, 1, 0, 24, 5, 46]
1542981893591;[171, 0, 17, 255, 161, 74, 239, 98, 7, 1, 0, 254, 1, 0, 25, 1, 0, 25, 5, 44]
1542981893761;[171, 0, 4, 255, 132, 128, 93]
1542981893787;[171, 0, 17, 255, 161, 74, 239, 98, 7, 1, 0, 252, 1, 0, 24, 1, 0, 26, 5, 37]
1542981893789;[171, 0, 17, 255, 161, 74, 239, 98, 7, 1, 0, 251, 1, 0, 27, 1, 0, 23, 5, 37]
1542981893790;[171, 0, 17, 255, 161, 74, 239, 98, 7, 1, 0, 251, 1, 0, 27, 1, 0, 24, 5, 33]
1542981893933;[171, 0, 17, 255, 161, 74, 239, 98, 7, 1, 0, 250, 1, 0, 27, 1, 0, 25, 5, 34]
1542981893937;[171, 0, 17, 255, 161, 74, 239, 98, 7, 1, 0, 251, 1, 0, 27, 1, 0, 25, 5, 25]
1542981893941;[171, 0, 17, 255, 161, 74, 239, 98, 7, 1, 0, 250, 1, 0, 26, 1, 0, 26, 5, 15]
1542981894104;[171, 0, 17, 255, 161, 74, 239, 98, 7, 1, 0, 254, 1, 0, 28, 1, 0, 24, 5, 14]
1542981894277;[171, 0, 17, 255, 161, 74, 239, 98, 8, 1, 0, 248, 1, 0, 27, 1, 0, 27, 5, 8]
1542981894281;[171, 0, 17, 255, 161, 74, 239, 98, 8, 1, 0, 250, 1, 0, 27, 1, 0, 26, 4, 245]
1542981894792;[171, 0, 17, 255, 161, 74, 239, 98, 8, 1, 0, 248, 1, 0, 22, 1, 0, 24, 4, 222]
1542981894795;[171, 0, 4, 255, 132, 128, 92]
1542981894819;[171, 0, 17, 255, 161, 74, 239, 98, 8, 1, 0, 253, 1, 0, 27, 1, 0, 23, 4, 232]
1542981894820;[171, 0, 17, 255, 161, 74, 239, 98, 8, 1, 0, 252, 1, 0, 25, 1, 0, 28, 4, 236]
1542981894968;[171, 0, 17, 255, 161, 74, 239, 98, 8, 1, 0, 253, 1, 0, 24, 1, 0, 24, 4, 251]
1542981894973;[171, 0, 17, 255, 161, 74, 239, 98, 8, 1, 0, 252, 1, 0, 24, 1, 0, 20, 5, 11]
1542981894977;[171, 0, 17, 255, 161, 74, 239, 98, 8, 1, 0, 254, 1, 0, 24, 1, 0, 19, 5, 36]
1542981895141;[171, 0, 17, 255, 161, 74, 239, 98, 8, 1, 0, 255, 1, 0, 24, 1, 0, 22, 5, 70]
1542981895143;[171, 0, 17, 255, 161, 74, 239, 98, 8, 1, 0, 253, 1, 0, 27, 1, 0, 17, 5, 49]
1542981895311;[171, 0, 17, 255, 161, 74, 239, 98, 9, 1, 1, 2, 1, 0, 25, 1, 0, 20, 5, 34]
1542981895315;[171, 0, 17, 255, 161, 74, 239, 98, 9, 1, 0, 254, 1, 0, 27, 1, 0, 19, 4, 240]
1542981895484;[171, 0, 17, 255, 161, 74, 239, 98, 9, 1, 0, 253, 1, 0, 26, 1, 0, 23, 4, 207]
1542981895658;[171, 0, 4, 255, 132, 128, 91]
1542981895684;[171, 0, 17, 255, 161, 74, 239, 98, 9, 1, 1, 2, 1, 0, 24, 1, 0, 23, 5, 12]
1542981896005;[171, 0, 17, 255, 161, 74, 239, 98, 9, 1, 0, 245, 1, 0, 31, 1, 0, 35, 5, 83]
1542981896009;[171, 0, 17, 255, 161, 74, 239, 98, 9, 1, 0, 248, 1, 0, 30, 1, 0, 45, 5, 96]
1542981896013;[171, 0, 17, 255, 161, 74, 239, 98, 9, 1, 0, 247, 1, 0, 35, 1, 0, 49, 5, 92]
1542981896177;[171, 0, 17, 255, 161, 74, 239, 98, 9, 1, 0, 248, 1, 0, 29, 1, 0, 45, 5, 77]
1542981896179;[171, 0, 17, 255, 161, 74, 239, 98, 9, 1, 0, 246, 1, 0, 32, 1, 0, 46, 5, 73]
1542981896347;[171, 0, 17, 255, 161, 74, 239, 98, 9, 1, 0, 248, 1, 0, 30, 1, 0, 48, 5, 68]
1542981896351;[171, 0, 17, 255, 161, 74, 239, 98, 10, 1, 0, 247, 1, 0, 32, 1, 0, 48, 5, 65]
1542981896693;[171, 0, 17, 255, 161, 74, 239, 98, 10, 1, 0, 246, 1, 0, 32, 1, 0, 49, 5, 60]
1542981896697;[171, 0, 17, 255, 161, 74, 239, 98, 10, 1, 0, 250, 1, 0, 33, 1, 0, 48, 5, 58]
1542981896703;[171, 0, 4, 255, 132, 128, 91]
1542981896864;[171, 0, 17, 255, 161, 74, 239, 98, 10, 1, 0, 248, 1, 0, 32, 1, 0, 48, 5, 61]
1542981896867;[171, 0, 17, 255, 161, 74, 239, 98, 10, 1, 0, 249, 1, 0, 32, 1, 0, 47, 5, 56]
1542981897211;[171, 0, 17, 255, 161, 74, 239, 98, 10, 1, 0, 248, 1, 0, 31, 1, 0, 47, 5, 46]
1542981897215;[171, 0, 17, 255, 161, 74, 239, 98, 10, 1, 0, 248, 1, 0, 29, 1, 0, 48, 5, 47]
1542981897219;[171, 0, 17, 255, 161, 74, 239, 98, 10, 1, 0, 247, 1, 0, 32, 1, 0, 48, 5, 38]
1542981897222;[171, 0, 17, 255, 161, 74, 239, 98, 10, 1, 0, 249, 1, 0, 34, 1, 0, 49, 5, 42]
1542981897382;[171, 0, 17, 255, 161, 74, 239, 98, 10, 1, 0, 247, 1, 0, 31, 1, 0, 48, 5, 37]
1542981897555;[171, 0, 17, 255, 161, 74, 239, 98, 11, 1, 0, 246, 1, 0, 35, 1, 0, 49, 5, 35]
1542981897559;[171, 0, 17, 255, 161, 74, 239, 98, 11, 1, 0, 248, 1, 0, 32, 1, 0, 49, 5, 27]
1542981898590;[171, 0, 17, 255, 161, 74, 239, 98, 11, 1, 0, 250, 1, 0, 32, 1, 0, 49, 5, 29]
1542981898593;[171, 0, 4, 255, 132, 128, 90]
1542981898619;[171, 0, 17, 255, 161, 74, 239, 98, 11, 1, 0, 245, 1, 0, 32, 1, 0, 50, 5, 27]
1542981898621;[171, 0, 17, 255, 161, 74, 239, 98, 11, 1, 0, 247, 1, 0, 31, 1, 0, 48, 5, 18]
1542981898764;[171, 0, 17, 255, 161, 74, 239, 98, 11, 1, 0, 244, 1, 0, 34, 1, 0, 52, 4, 227]
1542981898766;[171, 0, 17, 255, 161, 74, 239, 98, 11, 1, 1, 3, 1, 0, 11, 1, 0, 34, 5, 17]
1542981898769;[171, 0, 17, 255, 161, 74, 239, 98, 11, 1, 0, 246, 1, 0, 41, 1, 0, 27, 5, 41]
1542981898936;[171, 0, 17, 255, 161, 74, 239, 98, 11, 1, 1, 1, 1, 0, 37, 0, 0, 1, 4, 139]
1542981898940;[171, 0, 17, 255, 161, 74, 239, 98, 11, 1, 1, 36, 0, 0, 68, 1, 0, 1, 4, 165]
1542981898944;[171, 0, 17, 255, 161, 74, 239, 98, 12, 1, 0, 248, 1, 0, 42, 1, 0, 29, 4, 121]
1542981899109;[171, 0, 17, 255, 161, 74, 239, 98, 12, 1, 0, 251, 1, 0, 50, 1, 0, 19, 4, 52]
1542981899113;[171, 0, 17, 255, 161, 74, 239, 98, 12, 1, 0, 247, 1, 0, 35, 1, 0, 9, 4, 80]
1542981899119;[171, 0, 4, 255, 132, 128, 90]
1542981899144;[171, 0, 17, 255, 161, 74, 239, 98, 12, 1, 0, 246, 1, 0, 37, 1, 0, 36, 4, 53]
1542981899280;[171, 0, 17, 255, 161, 74, 239, 98, 12, 1, 0, 250, 1, 0, 35, 1, 0, 28, 3, 221]
1542981899452;[171, 0, 17, 255, 161, 74, 239, 98, 12, 1, 1, 2, 1, 0, 33, 1, 0, 21, 3, 184]
1542981899456;[171, 0, 17, 255, 161, 74, 239, 98, 12, 1, 0, 253, 1, 0, 29, 1, 0, 16, 3, 195]
1542981899832;[171, 0, 17, 255, 161, 74, 239, 98, 12, 1, 0, 254, 1, 0, 27, 1, 0, 12, 3, 237]
1542981899834;[171, 0, 17, 255, 161, 74, 239, 98, 12, 1, 1, 2, 1, 0, 25, 1, 0, 8, 4, 11]
1542981899835;[171, 0, 17, 255, 161, 74, 239, 98, 12, 1, 0, 252, 1, 0, 29, 1, 0, 8, 3, 190]
1542981899971;[171, 0, 17, 255, 161, 74, 239, 98, 13, 1, 0, 249, 1, 0, 32, 1, 0, 20, 3, 240]
1542981899975;[171, 0, 17, 255, 161, 74, 239, 98, 13, 1, 0, 245, 1, 0, 35, 1, 0, 38, 4, 13]
1542981900151;[171, 0, 17, 255, 161, 74, 239, 98, 13, 1, 0, 244, 1, 0, 29, 1, 0, 49, 3, 254]
1542981900153;[171, 0, 4, 255, 132, 128, 89]
1542981900316;[171, 0, 17, 255, 161, 74, 239, 98, 13, 1, 0, 246, 1, 0, 32, 1, 0, 47, 3, 244]
1542981900320;[171, 0, 17, 255, 161, 74, 239, 98, 13, 1, 0, 248, 1, 0, 35, 1, 0, 52, 3, 231]
1542981900487;[171, 0, 17, 255, 161, 74, 239, 98, 13, 1, 0, 243, 1, 0, 33, 1, 0, 52, 3, 217]
1542981900660;[171, 0, 17, 255, 161, 74, 239, 98, 13, 1, 0, 247, 1, 0, 30, 1, 0, 51, 3, 199]
1542981900663;[171, 0, 17, 255, 161, 74, 239, 98, 13, 1, 0, 247, 1, 0, 32, 1, 0, 51, 3, 194]
1542981901189;[171, 0, 17, 255, 161, 74, 239, 98, 13, 1, 0, 247, 1, 0, 32, 1, 0, 50, 3, 180]
1542981901192;[171, 0, 17, 255, 161, 74, 239, 98, 13, 1, 0, 248, 1, 0, 31, 1, 0, 51, 3, 169]
1542981901194;[171, 0, 17, 255, 161, 74, 239, 98, 14, 1, 0, 247, 1, 0, 31, 1, 0, 50, 3, 150]
1542981901196;[171, 0, 17, 255, 161, 74, 239, 98, 14, 1, 0, 247, 1, 0, 32, 1, 0, 48, 3, 135]
1542981901351;[171, 0, 17, 255, 161, 74, 239, 98, 14, 1, 0, 246, 1, 0, 32, 1, 0, 50, 3, 132]
1542981901354;[171, 0, 4, 255, 132, 128, 89]
1542981901380;[171, 0, 17, 255, 161, 74, 239, 98, 14, 1, 0, 247, 1, 0, 32, 1, 0, 51, 3, 131]
1542981901524;[171, 0, 17, 255, 161, 74, 239, 98, 14, 1, 0, 244, 1, 0, 32, 1, 0, 49, 3, 121]
1542981901526;[171, 0, 17, 255, 161, 74, 239, 98, 14, 1, 0, 243, 1, 0, 33, 1, 0, 50, 3, 117]
1542981901695;[171, 0, 17, 255, 161, 74, 239, 98, 14, 1, 0, 249, 1, 0, 32, 1, 0, 50, 3, 101]
1542981901867;[171, 0, 17, 255, 161, 74, 239, 98, 14, 1, 0, 247, 1, 0, 32, 1, 0, 51, 3, 96]
1542981901871;[171, 0, 17, 255, 161, 74, 239, 98, 14, 1, 0, 247, 1, 0, 34, 1, 0, 51, 3, 93]
1542981902040;[171, 0, 17, 255, 161, 74, 239, 98, 14, 1, 0, 247, 1, 0, 32, 1, 0, 50, 3, 84]
1542981902043;[171, 0, 17, 255, 161, 74, 239, 98, 15, 1, 0, 245, 1, 0, 29, 1, 0, 48, 3, 77]
1542981902385;[171, 0, 17, 255, 161, 74, 239, 98, 15, 1, 0, 246, 1, 0, 28, 1, 0, 49, 3, 72]
1542981902389;[171, 0, 17, 255, 161, 74, 239, 98, 15, 1, 0, 247, 1, 0, 31, 1, 0, 49, 3, 55]
1542981902573;[171, 0, 4, 255, 132, 128, 89]
1542981902598;[171, 0, 17, 255, 161, 74, 239, 98, 15, 1, 0, 249, 1, 0, 34, 1, 0, 48, 3, 53]
1542981902599;[171, 0, 17, 255, 161, 74, 239, 98, 15, 1, 0, 247, 1, 0, 32, 1, 0, 46, 3, 51]
1542981902726;[171, 0, 17, 255, 161, 74, 239, 98, 15, 1, 0, 246, 1, 0, 30, 1, 0, 46, 3, 31]
1542981902728;[171, 0, 17, 255, 161, 74, 239, 98, 15, 1, 0, 250, 1, 0, 30, 1, 0, 51, 3, 35]
1542981903074;[171, 0, 17, 255, 161, 74, 239, 98, 15, 1, 0, 249, 1, 0, 32, 1, 0, 47, 3, 22]
1542981903765;[171, 0, 17, 255, 161, 74, 239, 98, 15, 1, 0, 245, 1, 0, 32, 1, 0, 49, 3, 19]
1542981903771;[171, 0, 17, 255, 161, 74, 239, 98, 15, 1, 0, 248, 1, 0, 32, 1, 0, 48, 3, 6]
1542981903940;[171, 0, 17, 255, 161, 74, 239, 98, 16, 1, 0, 246, 1, 0, 32, 1, 0, 48, 2, 252]
1542981903943;[171, 0, 17, 255, 161, 74, 239, 98, 16, 1, 0, 248, 1, 0, 32, 1, 0, 48, 2, 255]
1542981903946;[171, 0, 17, 255, 161, 74, 239, 98, 16, 1, 0, 247, 1, 0, 32, 1, 0, 47, 2, 245]
1542981904111;[171, 0, 4, 255, 132, 128, 89]
1542981904136;[171, 0, 17, 255, 161, 74, 239, 98, 16, 1, 0, 247, 1, 0, 30, 1, 0, 48, 2, 241]
1542981904138;[171, 0, 17, 255, 161, 74, 239, 98, 16, 1, 0, 246, 1, 0, 32, 1, 0, 47, 2, 236]
1542981904142;[171, 0, 17, 255, 161, 74, 239, 98, 16, 1, 0, 249, 1, 0, 30, 1, 0, 48, 2, 230]
1542981904630;[171, 0, 17, 255, 161, 74, 239, 98, 16, 1, 0, 246, 1, 0, 31, 1, 0, 49, 2, 222]
1542981904633;[171, 0, 17, 255, 161, 74, 239, 98, 16, 1, 0, 245, 1, 0, 32, 1, 0, 49, 2, 214]
1542981904637;[171, 0, 17, 255, 161, 74, 239, 98, 16, 1, 0, 246, 1, 0, 31, 1, 0, 47, 2, 207]
1542981904641;[171, 0, 17, 255, 161, 74, 239, 98, 16, 1, 0, 246, 1, 0, 32, 1, 0, 47, 2, 207]
1542981904973;[171, 0, 17, 255, 161, 74, 239, 98, 17, 1, 0, 248, 1, 0, 31, 1, 0, 46, 2, 203]
1542981904978;[171, 0, 17, 255, 161, 74, 239, 98, 17, 1, 0, 248, 1, 0, 29, 1, 0, 48, 2, 189]
1542981904982;[171, 0, 17, 255, 161, 74, 239, 98, 17, 1, 0, 246, 1, 0, 32, 1, 0, 48, 2, 185]
1542981904986;[171, 0, 17, 255, 161, 74, 239, 98, 19, 1, 0, 246, 1, 0, 29, 1, 0, 48, 2, 93]
1542981905149;[171, 0, 17, 255, 161, 74, 239, 98, 19, 1, 0, 246, 1, 0, 31, 1, 0, 47, 2, 94]
1542981905151;[171, 0, 17, 255, 161, 74, 239, 98, 19, 1, 0, 247, 1, 0, 35, 1, 0, 47, 2, 84]
1542981905317;[171, 0, 17, 255, 161, 74, 239, 98, 19, 1, 0, 247, 1, 0, 32, 1, 0, 48, 2, 80]
1542981905321;[171, 0, 17, 255, 161, 74, 239, 98, 19, 1, 0, 247, 1, 0, 31, 1, 0, 49, 2, 83]
1542981905507;[171, 0, 17, 255, 161, 74, 239, 98, 19, 1, 0, 247, 1, 0, 30, 1, 0, 48, 2, 73]
1542981905662;[171, 0, 17, 255, 161, 74, 239, 98, 20, 1, 0, 245, 1, 0, 31, 1, 0, 47, 2, 67]
1542981905666;[171, 0, 17, 255, 161, 74, 239, 98, 20, 1, 0, 248, 1, 0, 32, 1, 0, 48, 2, 65]
1542981905852;[171, 0, 17, 255, 161, 74, 239, 98, 20, 1, 0, 248, 1, 0, 29, 1, 0, 47, 2, 62]
1542981906202;[171, 0, 4, 255, 132, 128, 89]
1542981906205;[171, 0, 17, 255, 161, 74, 239, 98, 20, 1, 0, 246, 1, 0, 33, 1, 0, 47, 2, 62]
1542981906206;[171, 0, 17, 255, 161, 74, 239, 98, 20, 1, 0, 249, 1, 0, 32, 1, 0, 49, 2, 59]
1542981906208;[171, 0, 17, 255, 161, 74, 239, 98, 20, 1, 0, 245, 1, 0, 32, 1, 0, 48, 2, 57]
1542981906352;[171, 0, 17, 255, 161, 74, 239, 98, 20, 1, 0, 247, 1, 0, 29, 1, 0, 48, 2, 66]
1542981906356;[171, 0, 17, 255, 161, 74, 239, 98, 20, 1, 0, 249, 1, 0, 32, 1, 0, 47, 2, 57]
1542981906529;[171, 0, 17, 255, 161, 74, 239, 98, 20, 1, 0, 245, 1, 0, 31, 1, 0, 47, 2, 48]
1542981906530;[171, 0, 17, 255, 161, 74, 239, 98, 20, 1, 0, 246, 1, 0, 31, 1, 0, 49, 2, 50]
1542981906698;[171, 0, 17, 255, 161, 74, 239, 98, 21, 1, 0, 248, 1, 0, 28, 1, 0, 45, 2, 45]
1542981906869;[171, 0, 17, 255, 161, 74, 239, 98, 21, 1, 0, 247, 1, 0, 29, 1, 0, 45, 2, 36]
1542981906873;[171, 0, 17, 255, 161, 74, 239, 98, 21, 1, 0, 248, 1, 0, 31, 1, 0, 47, 2, 19]
1542981907042;[171, 0, 4, 255, 132, 128, 89]
1542981907215;[171, 0, 17, 255, 161, 74, 239, 98, 21, 1, 0, 248, 1, 0, 32, 1, 0, 45, 1, 251]
1542981907219;[171, 0, 17, 255, 161, 74, 239, 98, 21, 1, 0, 247, 1, 0, 31, 1, 0, 55, 2, 31]
1542981907223;[171, 0, 17, 255, 161, 74, 239, 98, 21, 1, 0, 250, 1, 0, 29, 1, 0, 49, 2, 45]
1542981907560;[171, 0, 17, 255, 161, 74, 239, 98, 21, 1, 0, 250, 1, 0, 28, 1, 0, 46, 2, 63]
1542981907564;[171, 0, 17, 255, 161, 74, 239, 98, 21, 1, 0, 247, 1, 0, 29, 1, 0, 47, 2, 62]
1542981907568;[171, 0, 17, 255, 161, 74, 239, 98, 21, 1, 0, 249, 1, 0, 27, 1, 0, 47, 2, 56]
1542981907735;[171, 0, 17, 255, 161, 74, 239, 98, 21, 1, 0, 246, 1, 0, 32, 1, 0, 51, 2, 37]
1542981908078;[171, 0, 17, 255, 161, 74, 239, 98, 22, 1, 0, 251, 1, 0, 36, 1, 0, 47, 2, 23]
1542981908083;[171, 0, 17, 255, 161, 74, 239, 98, 22, 1, 0, 244, 1, 0, 28, 1, 0, 53, 2, 0]
1542981908087;[171, 0, 17, 255, 161, 74, 239, 98, 22, 1, 0, 247, 1, 0, 27, 1, 0, 49, 2, 18]
1542981908091;[171, 0, 4, 255, 132, 128, 89]
1542981908249;[171, 0, 17, 255, 161, 74, 239, 98, 22, 1, 0, 249, 1, 0, 26, 1, 0, 46, 2, 34]
1542981908252;[171, 0, 17, 255, 161, 74, 239, 98, 22, 1, 0, 254, 1, 0, 25, 1, 0, 46, 2, 85]
1542981908422;[171, 0, 17, 255, 161, 74, 239, 98, 22, 1, 0, 252, 1, 0, 25, 1, 0, 42, 2, 33]
1542981908426;[171, 0, 17, 255, 161, 74, 239, 98, 22, 1, 0, 247, 1, 0, 26, 1, 0, 47, 2, 3]
1542981908769;[171, 0, 17, 255, 161, 74, 239, 98, 22, 1, 0, 252, 1, 0, 26, 1, 0, 44, 2, 12]
1542981908774;[171, 0, 17, 255, 161, 74, 239, 98, 22, 1, 0, 249, 1, 0, 27, 1, 0, 47, 2, 31]
1542981908779;[171, 0, 17, 255, 161, 74, 239, 98, 22, 1, 0, 243, 1, 0, 29, 1, 0, 57, 2, 27]
1542981908939;[171, 0, 17, 255, 161, 74, 239, 98, 23, 1, 0, 244, 1, 0, 31, 1, 0, 56, 2, 11]
1542981908943;[171, 0, 17, 255, 161, 74, 239, 98, 23, 1, 0, 246, 1, 0, 35, 1, 0, 54, 2, 7]
1542981909112;[171, 0, 17, 255, 161, 74, 239, 98, 23, 1, 0, 247, 1, 0, 27, 1, 0, 55, 2, 5]
1542981909116;[171, 0, 4, 255, 132, 128, 89]
1542981909285;[171, 0, 17, 255, 161, 74, 239, 98, 23, 1, 0, 246, 1, 0, 27, 1, 0, 56, 2, 1]
1542981909457;[171, 0, 17, 255, 161, 74, 239, 98, 23, 1, 0, 247, 1, 0, 28, 1, 0, 54, 2, 1]
1542981909461;[171, 0, 17, 255, 161, 74, 239, 98, 23, 1, 0, 248, 1, 0, 28, 1, 0, 54, 2, 13]
1542981909629;[171, 0, 17, 255, 161, 74, 239, 98, 23, 1, 0, 247, 1, 0, 29, 1, 0, 53, 2, 25]
1542981909632;[171, 0, 17, 255, 161, 74, 239, 98, 23, 1, 0, 247, 1, 0, 29, 1, 0, 55, 2, 46]
1542981910148;[171, 0, 17, 255, 161, 74, 239, 98, 23, 1, 0, 244, 1, 0, 29, 1, 0, 55, 2, 75]
1542981910151;[171, 0, 17, 255, 161, 74, 239, 98, 23, 1, 0, 245, 1, 0, 31, 1, 0, 55, 2, 106]
1542981910155;[171, 0, 17, 255, 161, 74, 239, 98, 24, 1, 0, 247, 1, 0, 31, 1, 0, 56, 2, 109]
1542981910161;[171, 0, 17, 255, 161, 74, 239, 98, 24, 1, 0, 248, 1, 0, 28, 1, 0, 55, 2, 122]
1542981910321;[171, 0, 17, 255, 161, 74, 239, 98, 24, 1, 0, 245, 1, 0, 30, 1, 0, 54, 2, 130]
1542981910325;[171, 0, 4, 255, 132, 128, 89]
1542981910352;[171, 0, 17, 255, 161, 74, 239, 98, 24, 1, 0, 243, 1, 0, 32, 1, 0, 55, 2, 123]
1542981910495;[171, 0, 17, 255, 161, 74, 239, 98, 24, 1, 0, 246, 1, 0, 31, 1, 0, 56, 2, 110]
