1542739247656;[171, 0, 17, 255, 161, 74, 234, 42, 223, 0, 0, 49, 1, 0, 67, 0, 0, 245, 1, 33]
1542739247816;[171, 0, 17, 255, 161, 74, 234, 42, 223, 0, 0, 49, 1, 0, 64, 0, 0, 245, 1, 45]
1542739247818;[171, 0, 17, 255, 161, 74, 234, 42, 223, 0, 0, 49, 1, 0, 64, 0, 0, 245, 1, 45]
1542739247820;[171, 0, 17, 255, 161, 74, 234, 42, 223, 0, 0, 46, 1, 0, 65, 0, 0, 245, 1, 154]
1542739247822;[171, 0, 17, 255, 161, 74, 234, 42, 223, 0, 0, 46, 1, 0, 65, 0, 0, 245, 1, 154]
1542739247824;[171, 0, 17, 255, 161, 74, 234, 42, 223, 0, 0, 50, 1, 0, 67, 0, 0, 244, 1, 194]
1542739247826;[171, 0, 17, 255, 161, 74, 234, 42, 223, 0, 0, 50, 1, 0, 67, 0, 0, 244, 1, 194]
1542739247829;[171, 0, 17, 255, 161, 74, 234, 42, 224, 0, 0, 49, 1, 0, 65, 0, 0, 245, 1, 176]
1542739247830;[171, 0, 17, 255, 161, 74, 234, 42, 224, 0, 0, 49, 1, 0, 65, 0, 0, 245, 1, 176]
1542739247988;[171, 0, 17, 255, 161, 74, 234, 42, 224, 0, 0, 47, 1, 0, 64, 0, 0, 245, 1, 148]
1542739247991;[171, 0, 17, 255, 161, 74, 234, 42, 224, 0, 0, 47, 1, 0, 64, 0, 0, 245, 1, 148]
1542739247994;[171, 0, 17, 255, 161, 74, 234, 42, 224, 0, 0, 47, 1, 0, 67, 0, 0, 244, 1, 128]
1542739247995;[171, 0, 17, 255, 161, 74, 234, 42, 224, 0, 0, 47, 1, 0, 67, 0, 0, 244, 1, 128]
1542739247997;[171, 0, 17, 255, 161, 74, 234, 42, 224, 0, 0, 47, 1, 0, 65, 0, 0, 245, 1, 87]
1542739247999;[171, 0, 17, 255, 161, 74, 234, 42, 224, 0, 0, 47, 1, 0, 65, 0, 0, 245, 1, 87]
1542739248159;[171, 0, 17, 255, 161, 74, 234, 42, 224, 0, 0, 51, 1, 0, 67, 0, 0, 244, 1, 35]
1542739248161;[171, 0, 17, 255, 161, 74, 234, 42, 224, 0, 0, 51, 1, 0, 67, 0, 0, 244, 1, 35]
1542739248163;[171, 0, 4, 255, 132, 128, 73]
1542739248166;[171, 0, 4, 255, 132, 128, 73]
1542739249196;[171, 0, 17, 255, 161, 74, 234, 42, 224, 0, 0, 50, 1, 0, 65, 0, 0, 244, 1, 19]
1542739249198;[171, 0, 17, 255, 161, 74, 234, 42, 224, 0, 0, 50, 1, 0, 65, 0, 0, 244, 1, 19]
1542739249200;[171, 0, 17, 255, 161, 74, 234, 42, 224, 0, 0, 49, 1, 0, 66, 0, 0, 244, 1, 137]
1542739249202;[171, 0, 17, 255, 161, 74, 234, 42, 224, 0, 0, 49, 1, 0, 66, 0, 0, 244, 1, 137]
1542739249204;[171, 0, 17, 255, 161, 74, 234, 42, 224, 0, 0, 46, 1, 0, 65, 0, 0, 245, 1, 195]
1542739249206;[171, 0, 17, 255, 161, 74, 234, 42, 224, 0, 0, 46, 1, 0, 65, 0, 0, 245, 1, 195]
1542739249373;[171, 0, 17, 255, 161, 74, 234, 42, 224, 0, 0, 50, 1, 0, 65, 0, 0, 243, 1, 187]
1542739249374;[171, 0, 17, 255, 161, 74, 234, 42, 224, 0, 0, 50, 1, 0, 65, 0, 0, 243, 1, 187]
1542739249378;[171, 0, 17, 255, 161, 74, 234, 42, 224, 0, 0, 48, 1, 0, 65, 0, 0, 244, 1, 154]
1542739249379;[171, 0, 17, 255, 161, 74, 234, 42, 224, 0, 0, 48, 1, 0, 65, 0, 0, 244, 1, 154]
1542739249381;[171, 0, 17, 255, 161, 74, 234, 42, 225, 0, 0, 47, 1, 0, 65, 0, 0, 246, 1, 132]
1542739249383;[171, 0, 17, 255, 161, 74, 234, 42, 225, 0, 0, 47, 1, 0, 65, 0, 0, 246, 1, 132]
1542739249385;[171, 0, 17, 255, 161, 74, 234, 42, 225, 0, 0, 50, 1, 0, 67, 0, 0, 244, 1, 99]
1542739249387;[171, 0, 17, 255, 161, 74, 234, 42, 225, 0, 0, 50, 1, 0, 67, 0, 0, 244, 1, 99]
1542739249541;[171, 0, 17, 255, 161, 74, 234, 42, 227, 0, 0, 51, 1, 0, 65, 0, 0, 243, 1, 82]
1542739249543;[171, 0, 17, 255, 161, 74, 234, 42, 227, 0, 0, 51, 1, 0, 65, 0, 0, 243, 1, 82]
1542739249545;[171, 0, 4, 255, 132, 128, 73]
1542739249547;[171, 0, 4, 255, 132, 128, 73]
1542739249885;[171, 0, 17, 255, 161, 74, 234, 42, 227, 0, 0, 49, 1, 0, 66, 0, 0, 245, 1, 56]
1542739249887;[171, 0, 17, 255, 161, 74, 234, 42, 227, 0, 0, 49, 1, 0, 66, 0, 0, 245, 1, 56]
1542739249889;[171, 0, 17, 255, 161, 74, 234, 42, 227, 0, 0, 48, 1, 0, 67, 0, 0, 244, 1, 14]
1542739249891;[171, 0, 17, 255, 161, 74, 234, 42, 227, 0, 0, 48, 1, 0, 67, 0, 0, 244, 1, 14]
1542739250232;[171, 0, 17, 255, 161, 74, 234, 42, 227, 0, 0, 49, 1, 0, 64, 0, 0, 244, 0, 233]
1542739250234;[171, 0, 17, 255, 161, 74, 234, 42, 227, 0, 0, 49, 1, 0, 64, 0, 0, 244, 0, 233]
1542739250237;[171, 0, 17, 255, 161, 74, 234, 42, 227, 0, 0, 48, 1, 0, 64, 0, 0, 245, 0, 213]
1542739250239;[171, 0, 17, 255, 161, 74, 234, 42, 227, 0, 0, 48, 1, 0, 64, 0, 0, 245, 0, 213]
1542739250241;[171, 0, 17, 255, 161, 74, 234, 42, 227, 0, 0, 49, 1, 0, 65, 0, 0, 243, 1, 55]
1542739250243;[171, 0, 17, 255, 161, 74, 234, 42, 227, 0, 0, 49, 1, 0, 65, 0, 0, 243, 1, 55]
1542739250245;[171, 0, 17, 255, 161, 74, 234, 42, 228, 0, 0, 50, 1, 0, 65, 0, 0, 244, 1, 111]
1542739250247;[171, 0, 17, 255, 161, 74, 234, 42, 228, 0, 0, 50, 1, 0, 65, 0, 0, 244, 1, 111]
1542739250402;[171, 0, 17, 255, 161, 74, 234, 42, 228, 0, 0, 49, 1, 0, 65, 0, 0, 245, 1, 109]
1542739250405;[171, 0, 17, 255, 161, 74, 234, 42, 228, 0, 0, 49, 1, 0, 65, 0, 0, 245, 1, 109]
1542739250407;[171, 0, 17, 255, 161, 74, 234, 42, 228, 0, 0, 47, 1, 0, 67, 0, 0, 246, 1, 82]
1542739250409;[171, 0, 17, 255, 161, 74, 234, 42, 228, 0, 0, 47, 1, 0, 67, 0, 0, 246, 1, 82]
1542739250412;[171, 0, 17, 255, 161, 74, 234, 42, 228, 0, 0, 50, 1, 0, 64, 0, 0, 244, 1, 51]
1542739250414;[171, 0, 17, 255, 161, 74, 234, 42, 228, 0, 0, 50, 1, 0, 64, 0, 0, 244, 1, 51]
1542739250574;[171, 0, 17, 255, 161, 74, 234, 42, 228, 0, 0, 51, 1, 0, 67, 0, 0, 245, 1, 22]
1542739250575;[171, 0, 17, 255, 161, 74, 234, 42, 228, 0, 0, 51, 1, 0, 67, 0, 0, 245, 1, 22]
1542739251437;[171, 0, 4, 255, 132, 128, 73]
1542739251439;[171, 0, 4, 255, 132, 128, 73]
1542739251782;[171, 0, 17, 255, 161, 74, 234, 42, 228, 0, 0, 48, 1, 0, 65, 0, 0, 246, 0, 234]
1542739251784;[171, 0, 17, 255, 161, 74, 234, 42, 228, 0, 0, 48, 1, 0, 65, 0, 0, 246, 0, 234]
1542739253828;[171, 0, 17, 255, 161, 74, 234, 42, 228, 0, 0, 47, 1, 0, 64, 0, 0, 243, 16, 187]
1542739253829;[171, 0, 17, 255, 161, 74, 234, 42, 228, 0, 0, 47, 1, 0, 64, 0, 0, 243, 16, 187]
1542739253831;[171, 0, 17, 255, 161, 74, 234, 42, 228, 0, 0, 49, 1, 0, 65, 0, 0, 244, 7, 210]
1542739253833;[171, 0, 17, 255, 161, 74, 234, 42, 228, 0, 0, 49, 1, 0, 65, 0, 0, 244, 7, 210]
1542739253834;[171, 0, 17, 255, 161, 74, 234, 42, 228, 0, 0, 50, 1, 0, 64, 0, 0, 246, 8, 54]
1542739253835;[171, 0, 17, 255, 161, 74, 234, 42, 228, 0, 0, 50, 1, 0, 64, 0, 0, 246, 8, 54]
1542739253837;[171, 0, 17, 255, 161, 74, 234, 42, 228, 0, 0, 47, 1, 0, 68, 0, 0, 244, 8, 92]
1542739253839;[171, 0, 17, 255, 161, 74, 234, 42, 228, 0, 0, 47, 1, 0, 68, 0, 0, 244, 8, 92]
1542739253840;[171, 0, 17, 255, 161, 74, 234, 42, 229, 0, 0, 45, 1, 0, 66, 0, 0, 244, 8, 75]
1542739253842;[171, 0, 17, 255, 161, 74, 234, 42, 229, 0, 0, 45, 1, 0, 66, 0, 0, 244, 8, 75]
1542739253843;[171, 0, 17, 255, 161, 74, 234, 42, 229, 0, 0, 48, 1, 0, 65, 0, 0, 246, 8, 45]
1542739253845;[171, 0, 17, 255, 161, 74, 234, 42, 229, 0, 0, 48, 1, 0, 65, 0, 0, 246, 8, 45]
1542739253847;[171, 0, 17, 255, 161, 74, 234, 42, 229, 0, 0, 48, 1, 0, 63, 0, 0, 244, 8, 23]
1542739253849;[171, 0, 17, 255, 161, 74, 234, 42, 229, 0, 0, 48, 1, 0, 63, 0, 0, 244, 8, 23]
1542739253850;[171, 0, 17, 255, 161, 74, 234, 42, 229, 0, 0, 48, 1, 0, 66, 0, 0, 245, 7, 248]
1542739253852;[171, 0, 17, 255, 161, 74, 234, 42, 229, 0, 0, 48, 1, 0, 66, 0, 0, 245, 7, 248]
1542739253908;[171, 0, 17, 255, 161, 74, 234, 42, 229, 0, 0, 50, 1, 0, 65, 0, 0, 245, 7, 204]
1542739253909;[171, 0, 17, 255, 161, 74, 234, 42, 229, 0, 0, 50, 1, 0, 65, 0, 0, 245, 7, 204]
1542739253910;[171, 0, 4, 255, 132, 128, 73]
1542739253911;[171, 0, 4, 255, 132, 128, 73]
1542739253913;[171, 0, 17, 255, 161, 74, 234, 42, 229, 0, 0, 49, 1, 0, 66, 0, 0, 246, 7, 169]
1542739253914;[171, 0, 17, 255, 161, 74, 234, 42, 229, 0, 0, 49, 1, 0, 66, 0, 0, 246, 7, 169]
1542739253915;[171, 0, 17, 255, 161, 74, 234, 42, 229, 0, 0, 47, 1, 0, 67, 0, 0, 244, 7, 241]
1542739253917;[171, 0, 17, 255, 161, 74, 234, 42, 229, 0, 0, 47, 1, 0, 67, 0, 0, 244, 7, 241]
1542739253934;[171, 0, 17, 255, 161, 74, 234, 42, 229, 0, 0, 49, 1, 0, 65, 0, 0, 244, 8, 45]
1542739253935;[171, 0, 17, 255, 161, 74, 234, 42, 229, 0, 0, 49, 1, 0, 65, 0, 0, 244, 8, 45]
1542739253936;[171, 0, 17, 255, 161, 74, 234, 42, 229, 0, 0, 48, 1, 0, 66, 0, 0, 244, 8, 47]
1542739253937;[171, 0, 17, 255, 161, 74, 234, 42, 229, 0, 0, 48, 1, 0, 66, 0, 0, 244, 8, 47]
1542739253938;[171, 0, 17, 255, 161, 74, 234, 42, 229, 0, 0, 49, 1, 0, 66, 0, 0, 243, 8, 18]
1542739253939;[171, 0, 17, 255, 161, 74, 234, 42, 229, 0, 0, 49, 1, 0, 66, 0, 0, 243, 8, 18]
1542739253940;[171, 0, 17, 255, 161, 74, 234, 42, 230, 0, 0, 48, 1, 0, 66, 0, 0, 243, 7, 245]
1542739253941;[171, 0, 17, 255, 161, 74, 234, 42, 230, 0, 0, 48, 1, 0, 66, 0, 0, 243, 7, 245]
1542739253942;[171, 0, 17, 255, 161, 74, 234, 42, 230, 0, 0, 48, 1, 0, 66, 0, 0, 242, 7, 216]
1542739253943;[171, 0, 17, 255, 161, 74, 234, 42, 230, 0, 0, 48, 1, 0, 66, 0, 0, 242, 7, 216]
1542739253945;[171, 0, 17, 255, 161, 74, 234, 42, 230, 0, 0, 48, 1, 0, 66, 0, 0, 245, 7, 183]
1542739253946;[171, 0, 17, 255, 161, 74, 234, 42, 230, 0, 0, 48, 1, 0, 66, 0, 0, 245, 7, 183]
1542739253947;[171, 0, 17, 255, 161, 74, 234, 42, 230, 0, 0, 48, 1, 0, 64, 0, 0, 243, 7, 160]
1542739253948;[171, 0, 17, 255, 161, 74, 234, 42, 230, 0, 0, 48, 1, 0, 64, 0, 0, 243, 7, 160]
1542739253949;[171, 0, 17, 255, 161, 74, 234, 42, 230, 0, 0, 50, 1, 0, 65, 0, 0, 244, 8, 1]
1542739253950;[171, 0, 17, 255, 161, 74, 234, 42, 230, 0, 0, 50, 1, 0, 65, 0, 0, 244, 8, 1]
1542739254198;[171, 0, 4, 255, 132, 128, 73]
1542739254201;[171, 0, 4, 255, 132, 128, 73]
1542739254203;[171, 0, 17, 255, 161, 74, 234, 42, 230, 0, 0, 45, 1, 0, 65, 0, 0, 245, 8, 50]
1542739254205;[171, 0, 17, 255, 161, 74, 234, 42, 230, 0, 0, 45, 1, 0, 65, 0, 0, 245, 8, 50]
1542739254207;[171, 0, 17, 255, 161, 74, 234, 42, 230, 0, 0, 47, 1, 0, 64, 0, 0, 245, 8, 48]
1542739254209;[171, 0, 17, 255, 161, 74, 234, 42, 230, 0, 0, 47, 1, 0, 64, 0, 0, 245, 8, 48]
1542739254211;[171, 0, 17, 255, 161, 74, 234, 42, 230, 0, 0, 49, 1, 0, 66, 0, 0, 244, 8, 28]
1542739254213;[171, 0, 17, 255, 161, 74, 234, 42, 230, 0, 0, 49, 1, 0, 66, 0, 0, 244, 8, 28]
1542739254544;[171, 0, 17, 255, 161, 74, 234, 42, 230, 0, 0, 47, 1, 0, 65, 0, 0, 245, 8, 2]
1542739254546;[171, 0, 17, 255, 161, 74, 234, 42, 230, 0, 0, 47, 1, 0, 65, 0, 0, 245, 8, 2]
1542739254553;[171, 0, 17, 255, 161, 74, 234, 42, 230, 0, 0, 47, 1, 0, 66, 0, 0, 245, 7, 223]
1542739254555;[171, 0, 17, 255, 161, 74, 234, 42, 230, 0, 0, 47, 1, 0, 66, 0, 0, 245, 7, 223]
1542739254557;[171, 0, 17, 255, 161, 74, 234, 42, 231, 0, 0, 49, 1, 0, 64, 0, 0, 245, 7, 188]
1542739254559;[171, 0, 17, 255, 161, 74, 234, 42, 231, 0, 0, 49, 1, 0, 64, 0, 0, 245, 7, 188]
1542739254561;[171, 0, 17, 255, 161, 74, 234, 42, 231, 0, 0, 49, 1, 0, 66, 0, 0, 244, 7, 143]
1542739254563;[171, 0, 17, 255, 161, 74, 234, 42, 231, 0, 0, 49, 1, 0, 66, 0, 0, 244, 7, 143]
1542739255405;[171, 0, 17, 255, 161, 74, 234, 42, 231, 0, 0, 51, 1, 0, 65, 0, 0, 243, 7, 201]
1542739255408;[171, 0, 17, 255, 161, 74, 234, 42, 231, 0, 0, 51, 1, 0, 65, 0, 0, 243, 7, 201]
1542739255411;[171, 0, 17, 255, 161, 74, 234, 42, 231, 0, 0, 49, 1, 0, 66, 0, 0, 245, 8, 45]
1542739255413;[171, 0, 17, 255, 161, 74, 234, 42, 231, 0, 0, 49, 1, 0, 66, 0, 0, 245, 8, 45]
1542739255416;[171, 0, 17, 255, 161, 74, 234, 42, 231, 0, 0, 48, 1, 0, 65, 0, 0, 246, 8, 73]
1542739255418;[171, 0, 17, 255, 161, 74, 234, 42, 231, 0, 0, 48, 1, 0, 65, 0, 0, 246, 8, 73]
1542739255420;[171, 0, 4, 255, 132, 128, 73]
1542739255422;[171, 0, 4, 255, 132, 128, 73]
1542739255577;[171, 0, 17, 255, 161, 74, 234, 42, 231, 0, 0, 49, 1, 0, 63, 0, 0, 245, 8, 61]
1542739255578;[171, 0, 17, 255, 161, 74, 234, 42, 231, 0, 0, 49, 1, 0, 63, 0, 0, 245, 8, 61]
1542739255582;[171, 0, 17, 255, 161, 74, 234, 42, 231, 0, 0, 49, 1, 0, 64, 0, 0, 245, 8, 40]
1542739255584;[171, 0, 17, 255, 161, 74, 234, 42, 231, 0, 0, 49, 1, 0, 64, 0, 0, 245, 8, 40]
1542739255751;[171, 0, 17, 255, 161, 74, 234, 42, 231, 0, 0, 48, 1, 0, 65, 0, 0, 245, 8, 20]
1542739255753;[171, 0, 17, 255, 161, 74, 234, 42, 231, 0, 0, 48, 1, 0, 65, 0, 0, 245, 8, 20]
1542739255755;[171, 0, 17, 255, 161, 74, 234, 42, 231, 0, 0, 46, 1, 0, 65, 0, 0, 244, 7, 224]
1542739255757;[171, 0, 17, 255, 161, 74, 234, 42, 231, 0, 0, 46, 1, 0, 65, 0, 0, 244, 7, 224]
1542739255760;[171, 0, 17, 255, 161, 74, 234, 42, 231, 0, 0, 48, 1, 0, 67, 0, 0, 244, 7, 188]
1542739255762;[171, 0, 17, 255, 161, 74, 234, 42, 231, 0, 0, 48, 1, 0, 67, 0, 0, 244, 7, 188]
1542739255763;[171, 0, 17, 255, 161, 74, 234, 42, 232, 0, 0, 48, 1, 0, 66, 0, 0, 247, 7, 175]
1542739255765;[171, 0, 17, 255, 161, 74, 234, 42, 232, 0, 0, 48, 1, 0, 66, 0, 0, 247, 7, 175]
1542739255923;[171, 0, 17, 255, 161, 74, 234, 42, 232, 0, 0, 50, 1, 0, 66, 0, 0, 243, 8, 46]
1542739255926;[171, 0, 17, 255, 161, 74, 234, 42, 232, 0, 0, 50, 1, 0, 66, 0, 0, 243, 8, 46]
1542739255929;[171, 0, 17, 255, 161, 74, 234, 42, 232, 0, 0, 48, 1, 0, 65, 0, 0, 244, 8, 109]
1542739255930;[171, 0, 17, 255, 161, 74, 234, 42, 232, 0, 0, 48, 1, 0, 65, 0, 0, 244, 8, 109]
1542739255932;[171, 0, 17, 255, 161, 74, 234, 42, 232, 0, 0, 50, 1, 0, 65, 0, 0, 244, 8, 112]
1542739255934;[171, 0, 17, 255, 161, 74, 234, 42, 232, 0, 0, 50, 1, 0, 65, 0, 0, 244, 8, 112]
1542739256267;[171, 0, 17, 255, 161, 74, 234, 42, 232, 0, 0, 46, 1, 0, 66, 0, 0, 243, 8, 89]
1542739256269;[171, 0, 17, 255, 161, 74, 234, 42, 232, 0, 0, 46, 1, 0, 66, 0, 0, 243, 8, 89]
1542739256612;[171, 0, 4, 255, 132, 128, 73]
1542739256615;[171, 0, 4, 255, 132, 128, 73]
1542739256785;[171, 0, 17, 255, 161, 74, 234, 42, 232, 0, 0, 47, 1, 0, 65, 0, 0, 244, 8, 72]
1542739256788;[171, 0, 17, 255, 161, 74, 234, 42, 232, 0, 0, 47, 1, 0, 65, 0, 0, 244, 8, 72]
1542739256790;[171, 0, 17, 255, 161, 74, 234, 42, 232, 0, 0, 51, 1, 0, 65, 0, 0, 244, 8, 39]
1542739256792;[171, 0, 17, 255, 161, 74, 234, 42, 232, 0, 0, 51, 1, 0, 65, 0, 0, 244, 8, 39]
1542739256794;[171, 0, 17, 255, 161, 74, 234, 42, 232, 0, 0, 49, 1, 0, 63, 0, 0, 244, 8, 5]
1542739256796;[171, 0, 17, 255, 161, 74, 234, 42, 232, 0, 0, 49, 1, 0, 63, 0, 0, 244, 8, 5]
1542739256799;[171, 0, 17, 255, 161, 74, 234, 42, 232, 0, 0, 49, 1, 0, 65, 0, 0, 245, 7, 232]
1542739256801;[171, 0, 17, 255, 161, 74, 234, 42, 232, 0, 0, 49, 1, 0, 65, 0, 0, 245, 7, 232]
1542739256960;[171, 0, 17, 255, 161, 74, 234, 42, 232, 0, 0, 48, 1, 0, 65, 0, 0, 243, 8, 85]
1542739256962;[171, 0, 17, 255, 161, 74, 234, 42, 232, 0, 0, 48, 1, 0, 65, 0, 0, 243, 8, 85]
1542739256964;[171, 0, 17, 255, 161, 74, 234, 42, 233, 0, 0, 48, 1, 0, 65, 0, 0, 245, 8, 154]
1542739256966;[171, 0, 17, 255, 161, 74, 234, 42, 233, 0, 0, 48, 1, 0, 65, 0, 0, 245, 8, 154]
1542739256968;[171, 0, 17, 255, 161, 74, 234, 42, 233, 0, 0, 48, 1, 0, 65, 0, 0, 244, 8, 160]
1542739256969;[171, 0, 17, 255, 161, 74, 234, 42, 233, 0, 0, 48, 1, 0, 65, 0, 0, 244, 8, 160]
1542739256972;[171, 0, 17, 255, 161, 74, 234, 42, 233, 0, 0, 47, 1, 0, 64, 0, 0, 244, 8, 138]
1542739256974;[171, 0, 17, 255, 161, 74, 234, 42, 233, 0, 0, 47, 1, 0, 64, 0, 0, 244, 8, 138]
1542739257130;[171, 0, 17, 255, 161, 74, 234, 42, 233, 0, 0, 51, 1, 0, 65, 0, 0, 244, 8, 115]
1542739257132;[171, 0, 17, 255, 161, 74, 234, 42, 233, 0, 0, 51, 1, 0, 65, 0, 0, 244, 8, 115]
1542739257136;[171, 0, 17, 255, 161, 74, 234, 42, 233, 0, 0, 49, 1, 0, 67, 0, 0, 244, 8, 82]
1542739257138;[171, 0, 17, 255, 161, 74, 234, 42, 233, 0, 0, 49, 1, 0, 67, 0, 0, 244, 8, 82]
1542739257994;[171, 0, 4, 255, 132, 128, 73]
1542739257996;[171, 0, 4, 255, 132, 128, 73]
1542739257999;[171, 0, 17, 255, 161, 74, 234, 42, 233, 0, 0, 51, 1, 0, 66, 0, 0, 245, 8, 35]
1542739258002;[171, 0, 17, 255, 161, 74, 234, 42, 233, 0, 0, 51, 1, 0, 66, 0, 0, 245, 8, 35]
1542739258004;[171, 0, 17, 255, 161, 74, 234, 42, 233, 0, 0, 47, 1, 0, 65, 0, 0, 244, 8, 32]
1542739258006;[171, 0, 17, 255, 161, 74, 234, 42, 233, 0, 0, 47, 1, 0, 65, 0, 0, 244, 8, 32]
1542739258008;[171, 0, 17, 255, 161, 74, 234, 42, 233, 0, 0, 49, 1, 0, 65, 0, 0, 244, 8, 171]
1542739258009;[171, 0, 17, 255, 161, 74, 234, 42, 233, 0, 0, 49, 1, 0, 65, 0, 0, 244, 8, 171]
1542739258165;[171, 0, 17, 255, 161, 74, 234, 42, 233, 0, 0, 49, 1, 0, 65, 0, 0, 243, 8, 218]
1542739258167;[171, 0, 17, 255, 161, 74, 234, 42, 233, 0, 0, 49, 1, 0, 65, 0, 0, 243, 8, 218]
1542739258170;[171, 0, 17, 255, 161, 74, 234, 42, 233, 0, 0, 50, 1, 0, 66, 0, 0, 245, 8, 197]
1542739258172;[171, 0, 17, 255, 161, 74, 234, 42, 233, 0, 0, 50, 1, 0, 66, 0, 0, 245, 8, 197]
1542739258174;[171, 0, 17, 255, 161, 74, 234, 42, 234, 0, 0, 48, 1, 0, 65, 0, 0, 244, 8, 163]
1542739258177;[171, 0, 17, 255, 161, 74, 234, 42, 234, 0, 0, 48, 1, 0, 65, 0, 0, 244, 8, 163]
1542739258178;[171, 0, 17, 255, 161, 74, 234, 42, 234, 0, 0, 50, 1, 0, 64, 0, 0, 244, 8, 133]
1542739258180;[171, 0, 17, 255, 161, 74, 234, 42, 234, 0, 0, 50, 1, 0, 64, 0, 0, 244, 8, 133]
1542739258339;[171, 0, 17, 255, 161, 74, 234, 42, 234, 0, 0, 49, 1, 0, 67, 0, 0, 245, 8, 88]
1542739258343;[171, 0, 17, 255, 161, 74, 234, 42, 234, 0, 0, 49, 1, 0, 67, 0, 0, 245, 8, 88]
1542739258345;[171, 0, 17, 255, 161, 74, 234, 42, 234, 0, 0, 47, 1, 0, 65, 0, 0, 244, 8, 37]
1542739258347;[171, 0, 17, 255, 161, 74, 234, 42, 234, 0, 0, 47, 1, 0, 65, 0, 0, 244, 8, 37]
1542739258349;[171, 0, 17, 255, 161, 74, 234, 42, 234, 0, 0, 46, 1, 0, 66, 0, 0, 244, 7, 240]
1542739258351;[171, 0, 17, 255, 161, 74, 234, 42, 234, 0, 0, 46, 1, 0, 66, 0, 0, 244, 7, 240]
1542739258508;[171, 0, 4, 255, 132, 128, 73]
1542739258511;[171, 0, 4, 255, 132, 128, 73]
1542739258513;[171, 0, 17, 255, 161, 74, 234, 42, 234, 0, 0, 48, 1, 0, 67, 0, 0, 244, 8, 67]
1542739258515;[171, 0, 17, 255, 161, 74, 234, 42, 234, 0, 0, 48, 1, 0, 67, 0, 0, 244, 8, 67]
1542739259199;[171, 0, 17, 255, 161, 74, 234, 42, 234, 0, 0, 49, 1, 0, 66, 0, 0, 245, 8, 164]
1542739259201;[171, 0, 17, 255, 161, 74, 234, 42, 234, 0, 0, 49, 1, 0, 66, 0, 0, 245, 8, 164]
1542739259204;[171, 0, 17, 255, 161, 74, 234, 42, 234, 0, 0, 48, 1, 0, 66, 0, 0, 244, 8, 174]
1542739259206;[171, 0, 17, 255, 161, 74, 234, 42, 234, 0, 0, 48, 1, 0, 66, 0, 0, 244, 8, 174]
1542739259547;[171, 0, 17, 255, 161, 74, 234, 42, 234, 0, 0, 48, 1, 0, 65, 0, 0, 247, 8, 131]
1542739259549;[171, 0, 17, 255, 161, 74, 234, 42, 234, 0, 0, 48, 1, 0, 65, 0, 0, 247, 8, 131]
1542739259551;[171, 0, 17, 255, 161, 74, 234, 42, 234, 0, 0, 48, 1, 0, 66, 0, 0, 243, 8, 108]
1542739259553;[171, 0, 17, 255, 161, 74, 234, 42, 234, 0, 0, 48, 1, 0, 66, 0, 0, 243, 8, 108]
1542739259559;[171, 0, 17, 255, 161, 74, 234, 42, 235, 0, 0, 50, 1, 0, 65, 0, 0, 245, 8, 71]
1542739259561;[171, 0, 17, 255, 161, 74, 234, 42, 235, 0, 0, 50, 1, 0, 65, 0, 0, 245, 8, 71]
1542739259563;[171, 0, 17, 255, 161, 74, 234, 42, 235, 0, 0, 49, 1, 0, 64, 0, 0, 244, 8, 26]
1542739259564;[171, 0, 17, 255, 161, 74, 234, 42, 235, 0, 0, 49, 1, 0, 64, 0, 0, 244, 8, 26]
1542739259718;[171, 0, 17, 255, 161, 74, 234, 42, 235, 0, 0, 48, 1, 0, 66, 0, 0, 244, 7, 228]
1542739259721;[171, 0, 17, 255, 161, 74, 234, 42, 235, 0, 0, 48, 1, 0, 66, 0, 0, 244, 7, 228]
1542739259723;[171, 0, 17, 255, 161, 74, 234, 42, 235, 0, 0, 48, 1, 0, 64, 0, 0, 244, 7, 188]
1542739259725;[171, 0, 17, 255, 161, 74, 234, 42, 235, 0, 0, 48, 1, 0, 64, 0, 0, 244, 7, 188]
1542739259735;[171, 0, 17, 255, 161, 74, 234, 42, 235, 0, 0, 49, 1, 0, 64, 0, 0, 244, 8, 24]
1542739259737;[171, 0, 17, 255, 161, 74, 234, 42, 235, 0, 0, 49, 1, 0, 64, 0, 0, 244, 8, 24]
1542739259739;[171, 0, 17, 255, 161, 74, 234, 42, 237, 0, 0, 49, 1, 0, 68, 0, 0, 244, 7, 118]
1542739259740;[171, 0, 17, 255, 161, 74, 234, 42, 237, 0, 0, 49, 1, 0, 68, 0, 0, 244, 7, 118]
1542739260235;[171, 0, 17, 255, 161, 74, 234, 42, 237, 0, 0, 45, 1, 0, 67, 0, 0, 244, 7, 67]
1542739260237;[171, 0, 17, 255, 161, 74, 234, 42, 237, 0, 0, 45, 1, 0, 67, 0, 0, 244, 7, 67]
1542739260407;[171, 0, 17, 255, 161, 74, 234, 42, 237, 0, 0, 49, 1, 0, 65, 0, 0, 244, 7, 82]
1542739260409;[171, 0, 17, 255, 161, 74, 234, 42, 237, 0, 0, 49, 1, 0, 65, 0, 0, 244, 7, 82]
1542739260586;[171, 0, 17, 255, 161, 74, 234, 42, 237, 0, 0, 48, 1, 0, 67, 0, 0, 245, 7, 185]
1542739260588;[171, 0, 17, 255, 161, 74, 234, 42, 237, 0, 0, 48, 1, 0, 67, 0, 0, 245, 7, 185]
1542739260590;[171, 0, 17, 255, 161, 74, 234, 42, 238, 0, 0, 49, 1, 0, 66, 0, 0, 244, 7, 208]
1542739260592;[171, 0, 17, 255, 161, 74, 234, 42, 238, 0, 0, 49, 1, 0, 66, 0, 0, 244, 7, 208]
1542739260594;[171, 0, 17, 255, 161, 74, 234, 42, 238, 0, 0, 50, 1, 0, 66, 0, 0, 247, 7, 200]
1542739260596;[171, 0, 17, 255, 161, 74, 234, 42, 238, 0, 0, 50, 1, 0, 66, 0, 0, 247, 7, 200]
1542739260598;[171, 0, 17, 255, 161, 74, 234, 42, 238, 0, 0, 51, 1, 0, 65, 0, 0, 243, 7, 159]
1542739260599;[171, 0, 17, 255, 161, 74, 234, 42, 238, 0, 0, 51, 1, 0, 65, 0, 0, 243, 7, 159]
1542739260755;[171, 0, 17, 255, 161, 74, 234, 42, 238, 0, 0, 47, 1, 0, 65, 0, 0, 246, 7, 136]
1542739260757;[171, 0, 17, 255, 161, 74, 234, 42, 238, 0, 0, 47, 1, 0, 65, 0, 0, 246, 7, 136]
1542739260759;[171, 0, 17, 255, 161, 74, 234, 42, 238, 0, 0, 49, 1, 0, 65, 0, 0, 245, 7, 98]
1542739260761;[171, 0, 17, 255, 161, 74, 234, 42, 238, 0, 0, 49, 1, 0, 65, 0, 0, 245, 7, 98]
1542739260763;[171, 0, 4, 255, 132, 128, 73]
1542739260765;[171, 0, 4, 255, 132, 128, 73]
1542739260768;[171, 0, 17, 255, 161, 74, 234, 42, 238, 0, 0, 49, 1, 0, 65, 0, 0, 244, 7, 55]
1542739260769;[171, 0, 17, 255, 161, 74, 234, 42, 238, 0, 0, 49, 1, 0, 65, 0, 0, 244, 7, 55]
1542739261100;[171, 0, 17, 255, 161, 74, 234, 42, 238, 0, 0, 48, 1, 0, 63, 0, 0, 245, 7, 5]
1542739261102;[171, 0, 17, 255, 161, 74, 234, 42, 238, 0, 0, 48, 1, 0, 63, 0, 0, 245, 7, 5]
1542739261105;[171, 0, 17, 255, 161, 74, 234, 42, 238, 0, 0, 50, 1, 0, 65, 0, 0, 245, 7, 65]
1542739261107;[171, 0, 17, 255, 161, 74, 234, 42, 238, 0, 0, 50, 1, 0, 65, 0, 0, 245, 7, 65]
1542739261109;[171, 0, 17, 255, 161, 74, 234, 42, 238, 0, 0, 50, 1, 0, 63, 0, 0, 244, 7, 144]
1542739261112;[171, 0, 17, 255, 161, 74, 234, 42, 238, 0, 0, 50, 1, 0, 63, 0, 0, 244, 7, 144]
1542739261116;[171, 0, 17, 255, 161, 74, 234, 42, 238, 0, 0, 49, 1, 0, 66, 0, 0, 246, 7, 154]
1542739261118;[171, 0, 17, 255, 161, 74, 234, 42, 238, 0, 0, 49, 1, 0, 66, 0, 0, 246, 7, 154]
1542739261442;[171, 0, 17, 255, 161, 74, 234, 42, 239, 0, 0, 48, 1, 0, 66, 0, 0, 245, 7, 127]
1542739261443;[171, 0, 17, 255, 161, 74, 234, 42, 239, 0, 0, 48, 1, 0, 66, 0, 0, 245, 7, 127]
1542739261446;[171, 0, 17, 255, 161, 74, 234, 42, 239, 0, 0, 49, 1, 0, 63, 0, 0, 246, 7, 105]
1542739261448;[171, 0, 17, 255, 161, 74, 234, 42, 239, 0, 0, 49, 1, 0, 63, 0, 0, 246, 7, 105]
1542739261788;[171, 0, 17, 255, 161, 74, 234, 42, 239, 0, 0, 49, 1, 0, 66, 0, 0, 244, 7, 79]
1542739261790;[171, 0, 17, 255, 161, 74, 234, 42, 239, 0, 0, 49, 1, 0, 66, 0, 0, 244, 7, 79]
1542739261793;[171, 0, 17, 255, 161, 74, 234, 42, 239, 0, 0, 49, 1, 0, 64, 0, 0, 245, 7, 44]
1542739261795;[171, 0, 17, 255, 161, 74, 234, 42, 239, 0, 0, 49, 1, 0, 64, 0, 0, 245, 7, 44]
1542739261797;[171, 0, 17, 255, 161, 74, 234, 42, 239, 0, 0, 52, 1, 0, 64, 0, 0, 243, 7, 8]
1542739261798;[171, 0, 17, 255, 161, 74, 234, 42, 239, 0, 0, 52, 1, 0, 64, 0, 0, 243, 7, 8]
1542739261803;[171, 0, 4, 255, 132, 128, 73]
1542739261805;[171, 0, 4, 255, 132, 128, 73]
1542739262134;[171, 0, 17, 255, 161, 74, 234, 42, 239, 0, 0, 48, 1, 0, 64, 0, 0, 244, 7, 79]
1542739262136;[171, 0, 17, 255, 161, 74, 234, 42, 239, 0, 0, 48, 1, 0, 64, 0, 0, 244, 7, 79]
1542739262138;[171, 0, 17, 255, 161, 74, 234, 42, 239, 0, 0, 49, 1, 0, 65, 0, 0, 245, 7, 139]
1542739262140;[171, 0, 17, 255, 161, 74, 234, 42, 239, 0, 0, 49, 1, 0, 65, 0, 0, 245, 7, 139]
1542739262143;[171, 0, 17, 255, 161, 74, 234, 42, 239, 0, 0, 51, 1, 0, 65, 0, 0, 244, 7, 134]
1542739262145;[171, 0, 17, 255, 161, 74, 234, 42, 239, 0, 0, 51, 1, 0, 65, 0, 0, 244, 7, 134]
1542739262147;[171, 0, 17, 255, 161, 74, 234, 42, 239, 0, 0, 50, 1, 0, 65, 0, 0, 244, 7, 102]
1542739262149;[171, 0, 17, 255, 161, 74, 234, 42, 239, 0, 0, 50, 1, 0, 65, 0, 0, 244, 7, 102]
1542739262304;[171, 0, 17, 255, 161, 74, 234, 42, 239, 0, 0, 49, 1, 0, 65, 0, 0, 243, 7, 78]
1542739262306;[171, 0, 17, 255, 161, 74, 234, 42, 239, 0, 0, 49, 1, 0, 65, 0, 0, 243, 7, 78]
1542739262309;[171, 0, 17, 255, 161, 74, 234, 42, 240, 0, 0, 50, 1, 0, 68, 0, 0, 244, 7, 40]
1542739262310;[171, 0, 17, 255, 161, 74, 234, 42, 240, 0, 0, 50, 1, 0, 68, 0, 0, 244, 7, 40]
1542739262994;[171, 0, 17, 255, 161, 74, 234, 42, 240, 0, 0, 47, 1, 0, 66, 0, 0, 245, 7, 2]
1542739262996;[171, 0, 17, 255, 161, 74, 234, 42, 240, 0, 0, 47, 1, 0, 66, 0, 0, 245, 7, 2]
1542739263167;[171, 0, 17, 255, 161, 74, 234, 42, 240, 0, 0, 49, 1, 0, 63, 0, 0, 246, 6, 213]
1542739263170;[171, 0, 17, 255, 161, 74, 234, 42, 240, 0, 0, 49, 1, 0, 63, 0, 0, 246, 6, 213]
1542739263171;[171, 0, 17, 255, 161, 74, 234, 42, 240, 0, 0, 49, 1, 0, 66, 0, 0, 243, 7, 12]
1542739263174;[171, 0, 17, 255, 161, 74, 234, 42, 240, 0, 0, 49, 1, 0, 66, 0, 0, 243, 7, 12]
1542739263175;[171, 0, 17, 255, 161, 74, 234, 42, 240, 0, 0, 50, 1, 0, 64, 0, 0, 243, 7, 103]
1542739263177;[171, 0, 17, 255, 161, 74, 234, 42, 240, 0, 0, 50, 1, 0, 64, 0, 0, 243, 7, 103]
1542739263179;[171, 0, 4, 255, 132, 128, 73]
1542739263182;[171, 0, 4, 255, 132, 128, 73]
1542739263341;[171, 0, 17, 255, 161, 74, 234, 42, 240, 0, 0, 48, 1, 0, 63, 0, 0, 245, 7, 117]
1542739263345;[171, 0, 17, 255, 161, 74, 234, 42, 240, 0, 0, 48, 1, 0, 63, 0, 0, 245, 7, 117]
1542739263347;[171, 0, 17, 255, 161, 74, 234, 42, 240, 0, 0, 45, 1, 0, 66, 0, 0, 243, 7, 96]
1542739263349;[171, 0, 17, 255, 161, 74, 234, 42, 240, 0, 0, 45, 1, 0, 66, 0, 0, 243, 7, 96]
1542739263351;[171, 0, 17, 255, 161, 74, 234, 42, 240, 0, 0, 49, 1, 0, 67, 0, 0, 244, 7, 72]
1542739263353;[171, 0, 17, 255, 161, 74, 234, 42, 240, 0, 0, 49, 1, 0, 67, 0, 0, 244, 7, 72]
1542739263515;[171, 0, 17, 255, 161, 74, 234, 42, 240, 0, 0, 50, 1, 0, 65, 0, 0, 244, 7, 37]
1542739263517;[171, 0, 17, 255, 161, 74, 234, 42, 240, 0, 0, 50, 1, 0, 65, 0, 0, 244, 7, 37]
1542739263520;[171, 0, 17, 255, 161, 74, 234, 42, 240, 0, 0, 50, 1, 0, 64, 0, 0, 244, 7, 14]
1542739263522;[171, 0, 17, 255, 161, 74, 234, 42, 240, 0, 0, 50, 1, 0, 64, 0, 0, 244, 7, 14]
1542739263524;[171, 0, 17, 255, 161, 74, 234, 42, 241, 0, 0, 48, 1, 0, 66, 0, 0, 244, 6, 229]
1542739263526;[171, 0, 17, 255, 161, 74, 234, 42, 241, 0, 0, 48, 1, 0, 66, 0, 0, 244, 6, 229]
1542739263528;[171, 0, 17, 255, 161, 74, 234, 42, 241, 0, 0, 48, 1, 0, 64, 0, 0, 243, 6, 200]
1542739263530;[171, 0, 17, 255, 161, 74, 234, 42, 241, 0, 0, 48, 1, 0, 64, 0, 0, 243, 6, 200]
1542739264030;[171, 0, 17, 255, 161, 74, 234, 42, 241, 0, 0, 50, 1, 0, 65, 0, 0, 244, 7, 32]
1542739264031;[171, 0, 17, 255, 161, 74, 234, 42, 241, 0, 0, 50, 1, 0, 65, 0, 0, 244, 7, 32]
1542739264376;[171, 0, 17, 255, 161, 74, 234, 42, 241, 0, 0, 48, 1, 0, 64, 0, 0, 243, 7, 91]
1542739264378;[171, 0, 17, 255, 161, 74, 234, 42, 241, 0, 0, 48, 1, 0, 64, 0, 0, 243, 7, 91]
1542739264381;[171, 0, 17, 255, 161, 74, 234, 42, 241, 0, 0, 48, 1, 0, 67, 0, 0, 245, 7, 98]
1542739264382;[171, 0, 17, 255, 161, 74, 234, 42, 241, 0, 0, 48, 1, 0, 67, 0, 0, 245, 7, 98]
1542739264385;[171, 0, 4, 255, 132, 128, 73]
1542739264387;[171, 0, 4, 255, 132, 128, 73]
1542739264389;[171, 0, 17, 255, 161, 74, 234, 42, 241, 0, 0, 49, 1, 0, 66, 0, 0, 244, 7, 83]
1542739264391;[171, 0, 17, 255, 161, 74, 234, 42, 241, 0, 0, 49, 1, 0, 66, 0, 0, 244, 7, 83]
1542739264549;[171, 0, 17, 255, 161, 74, 234, 42, 241, 0, 0, 50, 1, 0, 65, 0, 0, 245, 7, 64]
1542739264550;[171, 0, 17, 255, 161, 74, 234, 42, 241, 0, 0, 50, 1, 0, 65, 0, 0, 245, 7, 64]
1542739264552;[171, 0, 17, 255, 161, 74, 234, 42, 241, 0, 0, 48, 1, 0, 66, 0, 0, 245, 7, 25]
1542739264554;[171, 0, 17, 255, 161, 74, 234, 42, 241, 0, 0, 48, 1, 0, 66, 0, 0, 245, 7, 25]
1542739264556;[171, 0, 17, 255, 161, 74, 234, 42, 241, 0, 0, 47, 1, 0, 65, 0, 0, 244, 6, 239]
1542739264558;[171, 0, 17, 255, 161, 74, 234, 42, 241, 0, 0, 47, 1, 0, 65, 0, 0, 244, 6, 239]
1542739264564;[171, 0, 17, 255, 161, 74, 234, 42, 241, 0, 0, 48, 1, 0, 66, 0, 0, 244, 6, 194]
1542739264566;[171, 0, 17, 255, 161, 74, 234, 42, 241, 0, 0, 48, 1, 0, 66, 0, 0, 244, 6, 194]
1542739264737;[171, 0, 17, 255, 161, 74, 234, 42, 242, 0, 0, 49, 1, 0, 65, 0, 0, 243, 6, 174]
1542739264739;[171, 0, 17, 255, 161, 74, 234, 42, 242, 0, 0, 49, 1, 0, 65, 0, 0, 243, 6, 174]
1542739264741;[171, 0, 17, 255, 161, 74, 234, 42, 242, 0, 0, 47, 1, 0, 67, 0, 0, 244, 7, 24]
1542739264743;[171, 0, 17, 255, 161, 74, 234, 42, 242, 0, 0, 47, 1, 0, 67, 0, 0, 244, 7, 24]
1542739264745;[171, 0, 17, 255, 161, 74, 234, 42, 242, 0, 0, 49, 1, 0, 66, 0, 0, 244, 7, 65]
1542739264750;[171, 0, 17, 255, 161, 74, 234, 42, 242, 0, 0, 49, 1, 0, 66, 0, 0, 244, 7, 65]
1542739264893;[171, 0, 17, 255, 161, 74, 234, 42, 242, 0, 0, 50, 1, 0, 65, 0, 0, 244, 7, 46]
1542739264896;[171, 0, 17, 255, 161, 74, 234, 42, 242, 0, 0, 50, 1, 0, 65, 0, 0, 244, 7, 46]
1542739264897;[171, 0, 17, 255, 161, 74, 234, 42, 242, 0, 0, 48, 1, 0, 65, 0, 0, 244, 7, 19]
1542739264899;[171, 0, 17, 255, 161, 74, 234, 42, 242, 0, 0, 48, 1, 0, 65, 0, 0, 244, 7, 19]
1542739265237;[171, 0, 4, 255, 132, 128, 72]
1542739265239;[171, 0, 4, 255, 132, 128, 72]
1542739265242;[171, 0, 17, 255, 161, 74, 234, 42, 242, 0, 0, 48, 1, 0, 64, 0, 0, 244, 6, 253]
1542739265244;[171, 0, 17, 255, 161, 74, 234, 42, 242, 0, 0, 48, 1, 0, 64, 0, 0, 244, 6, 253]
1542739265246;[171, 0, 17, 255, 161, 74, 234, 42, 242, 0, 0, 49, 1, 0, 65, 0, 0, 245, 6, 220]
1542739265247;[171, 0, 17, 255, 161, 74, 234, 42, 242, 0, 0, 49, 1, 0, 65, 0, 0, 245, 6, 220]
1542739265582;[171, 0, 17, 255, 161, 74, 234, 42, 242, 0, 0, 50, 1, 0, 64, 0, 0, 244, 6, 177]
1542739265584;[171, 0, 17, 255, 161, 74, 234, 42, 242, 0, 0, 50, 1, 0, 64, 0, 0, 244, 6, 177]
1542739265587;[171, 0, 17, 255, 161, 74, 234, 42, 242, 0, 0, 50, 1, 0, 66, 0, 0, 247, 6, 145]
1542739265595;[171, 0, 17, 255, 161, 74, 234, 42, 242, 0, 0, 50, 1, 0, 66, 0, 0, 247, 6, 145]
1542739265597;[171, 0, 17, 255, 161, 74, 234, 42, 242, 0, 0, 48, 1, 0, 65, 0, 0, 244, 6, 228]
1542739265599;[171, 0, 17, 255, 161, 74, 234, 42, 242, 0, 0, 48, 1, 0, 65, 0, 0, 244, 6, 228]
1542739265929;[171, 0, 17, 255, 161, 74, 234, 42, 243, 0, 0, 49, 1, 0, 67, 0, 0, 244, 7, 29]
1542739265931;[171, 0, 17, 255, 161, 74, 234, 42, 243, 0, 0, 49, 1, 0, 67, 0, 0, 244, 7, 29]
1542739265933;[171, 0, 17, 255, 161, 74, 234, 42, 243, 0, 0, 51, 1, 0, 67, 0, 0, 244, 7, 14]
1542739265936;[171, 0, 17, 255, 161, 74, 234, 42, 243, 0, 0, 51, 1, 0, 67, 0, 0, 244, 7, 14]
1542739265939;[171, 0, 17, 255, 161, 74, 234, 42, 243, 0, 0, 49, 1, 0, 65, 0, 0, 243, 6, 241]
1542739265941;[171, 0, 17, 255, 161, 74, 234, 42, 243, 0, 0, 49, 1, 0, 65, 0, 0, 243, 6, 241]
1542739265943;[171, 0, 17, 255, 161, 74, 234, 42, 243, 0, 0, 49, 1, 0, 65, 0, 0, 243, 6, 218]
1542739265945;[171, 0, 17, 255, 161, 74, 234, 42, 243, 0, 0, 49, 1, 0, 65, 0, 0, 243, 6, 218]
1542739266100;[171, 0, 17, 255, 161, 74, 234, 42, 243, 0, 0, 47, 1, 0, 64, 0, 0, 243, 6, 177]
1542739266102;[171, 0, 17, 255, 161, 74, 234, 42, 243, 0, 0, 47, 1, 0, 64, 0, 0, 243, 6, 177]
1542739266104;[171, 0, 4, 255, 132, 128, 72]
1542739266106;[171, 0, 4, 255, 132, 128, 72]
1542739266963;[171, 0, 17, 255, 161, 74, 234, 42, 243, 0, 0, 48, 1, 0, 68, 0, 0, 245, 6, 126]
1542739266965;[171, 0, 17, 255, 161, 74, 234, 42, 243, 0, 0, 48, 1, 0, 68, 0, 0, 245, 6, 126]
1542739266968;[171, 0, 17, 255, 161, 74, 234, 42, 243, 0, 0, 47, 1, 0, 64, 0, 0, 245, 6, 126]
1542739266970;[171, 0, 17, 255, 161, 74, 234, 42, 243, 0, 0, 47, 1, 0, 64, 0, 0, 245, 6, 126]
1542739266972;[171, 0, 17, 255, 161, 74, 234, 42, 243, 0, 0, 49, 1, 0, 67, 0, 0, 244, 6, 212]
1542739266974;[171, 0, 17, 255, 161, 74, 234, 42, 243, 0, 0, 49, 1, 0, 67, 0, 0, 244, 6, 212]
1542739266976;[171, 0, 17, 255, 161, 74, 234, 42, 243, 0, 0, 51, 1, 0, 64, 0, 0, 245, 7, 10]
1542739266978;[171, 0, 17, 255, 161, 74, 234, 42, 243, 0, 0, 51, 1, 0, 64, 0, 0, 245, 7, 10]
1542739267136;[171, 0, 17, 255, 161, 74, 234, 42, 243, 0, 0, 49, 1, 0, 67, 0, 0, 244, 7, 14]
1542739267138;[171, 0, 17, 255, 161, 74, 234, 42, 243, 0, 0, 49, 1, 0, 67, 0, 0, 244, 7, 14]
1542739267141;[171, 0, 17, 255, 161, 74, 234, 42, 244, 0, 0, 50, 1, 0, 66, 0, 0, 245, 6, 246]
1542739267143;[171, 0, 17, 255, 161, 74, 234, 42, 244, 0, 0, 50, 1, 0, 66, 0, 0, 245, 6, 246]
1542739267145;[171, 0, 17, 255, 161, 74, 234, 42, 244, 0, 0, 49, 1, 0, 65, 0, 0, 244, 6, 226]
1542739267147;[171, 0, 17, 255, 161, 74, 234, 42, 244, 0, 0, 49, 1, 0, 65, 0, 0, 244, 6, 226]
1542739267151;[171, 0, 17, 255, 161, 74, 234, 42, 244, 0, 0, 50, 1, 0, 65, 0, 0, 244, 6, 197]
1542739267153;[171, 0, 17, 255, 161, 74, 234, 42, 244, 0, 0, 50, 1, 0, 65, 0, 0, 244, 6, 197]
1542739267307;[171, 0, 17, 255, 161, 74, 234, 42, 244, 0, 0, 47, 1, 0, 66, 0, 0, 243, 6, 164]
1542739267309;[171, 0, 17, 255, 161, 74, 234, 42, 244, 0, 0, 47, 1, 0, 66, 0, 0, 243, 6, 164]
1542739267313;[171, 0, 17, 255, 161, 74, 234, 42, 244, 0, 0, 49, 1, 0, 64, 0, 0, 244, 6, 120]
1542739267314;[171, 0, 17, 255, 161, 74, 234, 42, 244, 0, 0, 49, 1, 0, 64, 0, 0, 244, 6, 120]
1542739267316;[171, 0, 4, 255, 132, 128, 72]
1542739267319;[171, 0, 4, 255, 132, 128, 72]
1542739267481;[171, 0, 17, 255, 161, 74, 234, 42, 244, 0, 0, 49, 1, 0, 66, 0, 0, 242, 6, 156]
1542739267483;[171, 0, 17, 255, 161, 74, 234, 42, 244, 0, 0, 49, 1, 0, 66, 0, 0, 242, 6, 156]
1542739268170;[171, 0, 17, 255, 161, 74, 234, 42, 244, 0, 0, 48, 1, 0, 65, 0, 0, 244, 6, 243]
1542739268171;[171, 0, 17, 255, 161, 74, 234, 42, 244, 0, 0, 48, 1, 0, 65, 0, 0, 244, 6, 243]
1542739268174;[171, 0, 17, 255, 161, 74, 234, 42, 244, 0, 0, 48, 1, 0, 66, 0, 0, 244, 7, 4]
1542739268177;[171, 0, 17, 255, 161, 74, 234, 42, 244, 0, 0, 48, 1, 0, 66, 0, 0, 244, 7, 4]
1542739268341;[171, 0, 17, 255, 161, 74, 234, 42, 244, 0, 0, 49, 1, 0, 67, 0, 0, 246, 6, 240]
1542739268343;[171, 0, 17, 255, 161, 74, 234, 42, 244, 0, 0, 49, 1, 0, 67, 0, 0, 246, 6, 240]
1542739268515;[171, 0, 17, 255, 161, 74, 234, 42, 244, 0, 0, 50, 1, 0, 66, 0, 0, 243, 6, 223]
1542739268517;[171, 0, 17, 255, 161, 74, 234, 42, 244, 0, 0, 50, 1, 0, 66, 0, 0, 243, 6, 223]
1542739268520;[171, 0, 17, 255, 161, 74, 234, 42, 245, 0, 0, 47, 1, 0, 64, 0, 0, 244, 6, 183]
1542739268522;[171, 0, 17, 255, 161, 74, 234, 42, 245, 0, 0, 47, 1, 0, 64, 0, 0, 244, 6, 183]
1542739268524;[171, 0, 17, 255, 161, 74, 234, 42, 245, 0, 0, 49, 1, 0, 64, 0, 0, 244, 6, 154]
1542739268526;[171, 0, 17, 255, 161, 74, 234, 42, 245, 0, 0, 49, 1, 0, 64, 0, 0, 244, 6, 154]
1542739268529;[171, 0, 17, 255, 161, 74, 234, 42, 245, 0, 0, 50, 1, 0, 65, 0, 0, 244, 6, 112]
1542739268530;[171, 0, 17, 255, 161, 74, 234, 42, 245, 0, 0, 50, 1, 0, 65, 0, 0, 244, 6, 112]
1542739268689;[171, 0, 17, 255, 161, 74, 234, 42, 245, 0, 0, 48, 1, 0, 65, 0, 0, 246, 6, 103]
1542739268691;[171, 0, 17, 255, 161, 74, 234, 42, 245, 0, 0, 48, 1, 0, 65, 0, 0, 246, 6, 103]
1542739268693;[171, 0, 17, 255, 161, 74, 234, 42, 245, 0, 0, 46, 1, 0, 66, 0, 0, 245, 6, 165]
1542739268695;[171, 0, 17, 255, 161, 74, 234, 42, 245, 0, 0, 46, 1, 0, 66, 0, 0, 245, 6, 165]
1542739268697;[171, 0, 4, 255, 132, 128, 72]
1542739268699;[171, 0, 4, 255, 132, 128, 72]
1542739268702;[171, 0, 17, 255, 161, 74, 234, 42, 245, 0, 0, 49, 1, 0, 65, 0, 0, 245, 6, 216]
1542739268704;[171, 0, 17, 255, 161, 74, 234, 42, 245, 0, 0, 49, 1, 0, 65, 0, 0, 245, 6, 216]
1542739269032;[171, 0, 17, 255, 161, 74, 234, 42, 245, 0, 0, 48, 1, 0, 65, 0, 0, 246, 6, 218]
1542739269035;[171, 0, 17, 255, 161, 74, 234, 42, 245, 0, 0, 48, 1, 0, 65, 0, 0, 246, 6, 218]
1542739269037;[171, 0, 17, 255, 161, 74, 234, 42, 245, 0, 0, 51, 1, 0, 66, 0, 0, 245, 6, 195]
1542739269039;[171, 0, 17, 255, 161, 74, 234, 42, 245, 0, 0, 51, 1, 0, 66, 0, 0, 245, 6, 195]
1542739269550;[171, 0, 17, 255, 161, 74, 234, 42, 245, 0, 0, 50, 1, 0, 66, 0, 0, 245, 6, 189]
1542739269553;[171, 0, 17, 255, 161, 74, 234, 42, 245, 0, 0, 50, 1, 0, 66, 0, 0, 245, 6, 189]
1542739269555;[171, 0, 17, 255, 161, 74, 234, 42, 245, 0, 0, 50, 1, 0, 66, 0, 0, 244, 6, 160]
1542739269557;[171, 0, 17, 255, 161, 74, 234, 42, 245, 0, 0, 50, 1, 0, 66, 0, 0, 244, 6, 160]
1542739269559;[171, 0, 17, 255, 161, 74, 234, 42, 246, 0, 0, 48, 1, 0, 65, 0, 0, 245, 6, 125]
1542739269561;[171, 0, 17, 255, 161, 74, 234, 42, 246, 0, 0, 48, 1, 0, 65, 0, 0, 245, 6, 125]
1542739269563;[171, 0, 17, 255, 161, 74, 234, 42, 246, 0, 0, 45, 1, 0, 66, 0, 0, 245, 6, 103]
1542739269565;[171, 0, 17, 255, 161, 74, 234, 42, 246, 0, 0, 45, 1, 0, 66, 0, 0, 245, 6, 103]
1542739269725;[171, 0, 17, 255, 161, 74, 234, 42, 246, 0, 0, 50, 1, 0, 67, 0, 0, 246, 6, 171]
1542739269726;[171, 0, 17, 255, 161, 74, 234, 42, 246, 0, 0, 50, 1, 0, 67, 0, 0, 246, 6, 171]
1542739269729;[171, 0, 17, 255, 161, 74, 234, 42, 246, 0, 0, 49, 1, 0, 65, 0, 0, 243, 6, 215]
1542739269731;[171, 0, 17, 255, 161, 74, 234, 42, 246, 0, 0, 49, 1, 0, 65, 0, 0, 243, 6, 215]
1542739269733;[171, 0, 17, 255, 161, 74, 234, 42, 246, 0, 0, 49, 1, 0, 65, 0, 0, 242, 6, 200]
1542739269736;[171, 0, 17, 255, 161, 74, 234, 42, 246, 0, 0, 49, 1, 0, 65, 0, 0, 242, 6, 200]
1542739269740;[171, 0, 4, 255, 132, 128, 72]
1542739269743;[171, 0, 4, 255, 132, 128, 72]
1542739269894;[171, 0, 17, 255, 161, 74, 234, 42, 246, 0, 0, 48, 1, 0, 66, 0, 0, 244, 6, 181]
1542739269896;[171, 0, 17, 255, 161, 74, 234, 42, 246, 0, 0, 48, 1, 0, 66, 0, 0, 244, 6, 181]
1542739270759;[171, 0, 17, 255, 161, 74, 234, 42, 246, 0, 0, 48, 1, 0, 65, 0, 0, 244, 6, 154]
1542739270761;[171, 0, 17, 255, 161, 74, 234, 42, 246, 0, 0, 48, 1, 0, 65, 0, 0, 244, 6, 154]
1542739270764;[171, 0, 17, 255, 161, 74, 234, 42, 246, 0, 0, 49, 1, 0, 64, 0, 0, 243, 6, 127]
1542739270766;[171, 0, 17, 255, 161, 74, 234, 42, 246, 0, 0, 49, 1, 0, 64, 0, 0, 243, 6, 127]
1542739270768;[171, 0, 17, 255, 161, 74, 234, 42, 246, 0, 0, 49, 1, 0, 66, 0, 0, 244, 6, 86]
1542739270770;[171, 0, 17, 255, 161, 74, 234, 42, 246, 0, 0, 49, 1, 0, 66, 0, 0, 244, 6, 86]
1542739270772;[171, 0, 17, 255, 161, 74, 234, 42, 246, 0, 0, 49, 1, 0, 63, 0, 0, 245, 6, 43]
1542739270774;[171, 0, 17, 255, 161, 74, 234, 42, 246, 0, 0, 49, 1, 0, 63, 0, 0, 245, 6, 43]
1542739271281;[171, 0, 17, 255, 161, 74, 234, 42, 247, 0, 0, 48, 1, 0, 65, 0, 0, 243, 6, 111]
1542739271283;[171, 0, 17, 255, 161, 74, 234, 42, 247, 0, 0, 48, 1, 0, 65, 0, 0, 243, 6, 111]
1542739271285;[171, 0, 17, 255, 161, 74, 234, 42, 247, 0, 0, 50, 1, 0, 65, 0, 0, 245, 6, 178]
1542739271288;[171, 0, 17, 255, 161, 74, 234, 42, 247, 0, 0, 50, 1, 0, 65, 0, 0, 245, 6, 178]
1542739271291;[171, 0, 17, 255, 161, 74, 234, 42, 247, 0, 0, 48, 1, 0, 65, 0, 0, 243, 6, 183]
1542739271294;[171, 0, 17, 255, 161, 74, 234, 42, 247, 0, 0, 48, 1, 0, 65, 0, 0, 243, 6, 183]
1542739271296;[171, 0, 17, 255, 161, 74, 234, 42, 247, 0, 0, 49, 1, 0, 66, 0, 0, 246, 6, 163]
1542739271298;[171, 0, 17, 255, 161, 74, 234, 42, 247, 0, 0, 49, 1, 0, 66, 0, 0, 246, 6, 163]
1542739271621;[171, 0, 17, 255, 161, 74, 234, 42, 247, 0, 0, 47, 1, 0, 64, 0, 0, 245, 6, 144]
1542739271625;[171, 0, 17, 255, 161, 74, 234, 42, 247, 0, 0, 47, 1, 0, 64, 0, 0, 245, 6, 144]
1542739271631;[171, 0, 4, 255, 132, 128, 72]
1542739271634;[171, 0, 4, 255, 132, 128, 72]
1542739271636;[171, 0, 17, 255, 161, 74, 234, 42, 247, 0, 0, 48, 1, 0, 67, 0, 0, 245, 6, 116]
1542739271638;[171, 0, 17, 255, 161, 74, 234, 42, 247, 0, 0, 48, 1, 0, 67, 0, 0, 245, 6, 116]
1542739271642;[171, 0, 17, 255, 161, 74, 234, 42, 247, 0, 0, 49, 1, 0, 67, 0, 0, 244, 6, 87]
1542739271643;[171, 0, 17, 255, 161, 74, 234, 42, 247, 0, 0, 49, 1, 0, 67, 0, 0, 244, 6, 87]
1542739271964;[171, 0, 17, 255, 161, 74, 234, 42, 247, 0, 0, 49, 1, 0, 65, 0, 0, 244, 6, 37]
1542739271966;[171, 0, 17, 255, 161, 74, 234, 42, 247, 0, 0, 49, 1, 0, 65, 0, 0, 244, 6, 37]
1542739272310;[171, 0, 17, 255, 161, 74, 234, 42, 247, 0, 0, 48, 1, 0, 64, 0, 0, 243, 6, 18]
1542739272312;[171, 0, 17, 255, 161, 74, 234, 42, 247, 0, 0, 48, 1, 0, 64, 0, 0, 243, 6, 18]
1542739272316;[171, 0, 17, 255, 161, 74, 234, 42, 247, 0, 0, 47, 1, 0, 64, 0, 0, 244, 6, 110]
1542739272318;[171, 0, 17, 255, 161, 74, 234, 42, 247, 0, 0, 47, 1, 0, 64, 0, 0, 244, 6, 110]
1542739272320;[171, 0, 17, 255, 161, 74, 234, 42, 248, 0, 0, 48, 1, 0, 66, 0, 0, 244, 6, 158]
1542739272321;[171, 0, 17, 255, 161, 74, 234, 42, 248, 0, 0, 48, 1, 0, 66, 0, 0, 244, 6, 158]
1542739272324;[171, 0, 17, 255, 161, 74, 234, 42, 248, 0, 0, 50, 1, 0, 66, 0, 0, 245, 6, 155]
1542739272325;[171, 0, 17, 255, 161, 74, 234, 42, 248, 0, 0, 50, 1, 0, 66, 0, 0, 245, 6, 155]
1542739272483;[171, 0, 17, 255, 161, 74, 234, 42, 248, 0, 0, 52, 1, 0, 65, 0, 0, 242, 6, 133]
1542739272485;[171, 0, 17, 255, 161, 74, 234, 42, 248, 0, 0, 52, 1, 0, 65, 0, 0, 242, 6, 133]
1542739272488;[171, 0, 17, 255, 161, 74, 234, 42, 248, 0, 0, 48, 1, 0, 66, 0, 0, 244, 6, 113]
1542739272490;[171, 0, 17, 255, 161, 74, 234, 42, 248, 0, 0, 48, 1, 0, 66, 0, 0, 244, 6, 113]
1542739272493;[171, 0, 17, 255, 161, 74, 234, 42, 248, 0, 0, 47, 1, 0, 64, 0, 0, 244, 6, 79]
1542739272495;[171, 0, 17, 255, 161, 74, 234, 42, 248, 0, 0, 47, 1, 0, 64, 0, 0, 244, 6, 79]
1542739272497;[171, 0, 4, 255, 132, 128, 72]
1542739272499;[171, 0, 4, 255, 132, 128, 72]
1542739273172;[171, 0, 17, 255, 161, 74, 234, 42, 248, 0, 0, 51, 1, 0, 66, 0, 0, 244, 6, 42]
1542739273174;[171, 0, 17, 255, 161, 74, 234, 42, 248, 0, 0, 51, 1, 0, 66, 0, 0, 244, 6, 42]
1542739273346;[171, 0, 17, 255, 161, 74, 234, 42, 248, 0, 0, 51, 1, 0, 68, 0, 0, 245, 5, 255]
1542739273348;[171, 0, 17, 255, 161, 74, 234, 42, 248, 0, 0, 51, 1, 0, 68, 0, 0, 245, 5, 255]
1542739273350;[171, 0, 17, 255, 161, 74, 234, 42, 248, 0, 0, 49, 1, 0, 65, 0, 0, 244, 6, 22]
1542739273352;[171, 0, 17, 255, 161, 74, 234, 42, 248, 0, 0, 49, 1, 0, 65, 0, 0, 244, 6, 22]
1542739273355;[171, 0, 17, 255, 161, 74, 234, 42, 248, 0, 0, 50, 1, 0, 67, 0, 0, 244, 6, 104]
1542739273357;[171, 0, 17, 255, 161, 74, 234, 42, 248, 0, 0, 50, 1, 0, 67, 0, 0, 244, 6, 104]
1542739273361;[171, 0, 17, 255, 161, 74, 234, 42, 248, 0, 0, 47, 1, 0, 66, 0, 0, 244, 6, 139]
1542739273363;[171, 0, 17, 255, 161, 74, 234, 42, 248, 0, 0, 47, 1, 0, 66, 0, 0, 244, 6, 139]
1542739273519;[171, 0, 17, 255, 161, 74, 234, 42, 249, 0, 0, 50, 1, 0, 65, 0, 0, 244, 6, 123]
1542739273521;[171, 0, 17, 255, 161, 74, 234, 42, 249, 0, 0, 50, 1, 0, 65, 0, 0, 244, 6, 123]
1542739273523;[171, 0, 17, 255, 161, 74, 234, 42, 249, 0, 0, 49, 1, 0, 66, 0, 0, 246, 6, 106]
1542739273525;[171, 0, 17, 255, 161, 74, 234, 42, 249, 0, 0, 49, 1, 0, 66, 0, 0, 246, 6, 106]
1542739273527;[171, 0, 17, 255, 161, 74, 234, 42, 249, 0, 0, 49, 1, 0, 65, 0, 0, 245, 6, 89]
1542739273529;[171, 0, 17, 255, 161, 74, 234, 42, 249, 0, 0, 49, 1, 0, 65, 0, 0, 245, 6, 89]
1542739273532;[171, 0, 17, 255, 161, 74, 234, 42, 249, 0, 0, 49, 1, 0, 67, 0, 0, 245, 6, 58]
1542739273533;[171, 0, 17, 255, 161, 74, 234, 42, 249, 0, 0, 49, 1, 0, 67, 0, 0, 245, 6, 58]
1542739273689;[171, 0, 17, 255, 161, 74, 234, 42, 251, 0, 0, 51, 1, 0, 64, 0, 0, 242, 6, 115]
1542739273692;[171, 0, 17, 255, 161, 74, 234, 42, 251, 0, 0, 51, 1, 0, 64, 0, 0, 242, 6, 115]
1542739273694;[171, 0, 17, 255, 161, 74, 234, 42, 251, 0, 0, 48, 1, 0, 67, 0, 0, 245, 6, 92]
1542739273696;[171, 0, 17, 255, 161, 74, 234, 42, 251, 0, 0, 48, 1, 0, 67, 0, 0, 245, 6, 92]
1542739273861;[171, 0, 17, 255, 161, 74, 234, 42, 251, 0, 0, 49, 1, 0, 66, 0, 0, 244, 6, 93]
1542739273862;[171, 0, 17, 255, 161, 74, 234, 42, 251, 0, 0, 49, 1, 0, 66, 0, 0, 244, 6, 93]
1542739274206;[171, 0, 17, 255, 161, 74, 234, 42, 251, 0, 0, 49, 1, 0, 65, 0, 0, 245, 6, 40]
1542739274207;[171, 0, 17, 255, 161, 74, 234, 42, 251, 0, 0, 49, 1, 0, 65, 0, 0, 245, 6, 40]
1542739274553;[171, 0, 17, 255, 161, 74, 234, 42, 251, 0, 0, 49, 1, 0, 65, 0, 0, 246, 6, 2]
1542739274555;[171, 0, 17, 255, 161, 74, 234, 42, 251, 0, 0, 49, 1, 0, 65, 0, 0, 246, 6, 2]
1542739274558;[171, 0, 17, 255, 161, 74, 234, 43, 0, 0, 0, 50, 1, 0, 63, 0, 0, 245, 5, 211]
1542739274560;[171, 0, 17, 255, 161, 74, 234, 43, 0, 0, 0, 50, 1, 0, 63, 0, 0, 245, 5, 211]
1542739274563;[171, 0, 17, 255, 161, 74, 234, 43, 0, 0, 0, 49, 1, 0, 65, 0, 0, 243, 5, 251]
1542739274565;[171, 0, 17, 255, 161, 74, 234, 43, 0, 0, 0, 49, 1, 0, 65, 0, 0, 243, 5, 251]
1542739274566;[171, 0, 17, 255, 161, 74, 234, 43, 0, 0, 0, 49, 1, 0, 65, 0, 0, 244, 6, 88]
1542739274568;[171, 0, 17, 255, 161, 74, 234, 43, 0, 0, 0, 49, 1, 0, 65, 0, 0, 244, 6, 88]
1542739274725;[171, 0, 17, 255, 161, 74, 234, 43, 0, 0, 0, 47, 1, 0, 65, 0, 0, 245, 6, 105]
1542739274727;[171, 0, 17, 255, 161, 74, 234, 43, 0, 0, 0, 47, 1, 0, 65, 0, 0, 245, 6, 105]
1542739274730;[171, 0, 17, 255, 161, 74, 234, 43, 0, 0, 0, 49, 1, 0, 66, 0, 0, 245, 6, 81]
1542739274732;[171, 0, 17, 255, 161, 74, 234, 43, 0, 0, 0, 49, 1, 0, 66, 0, 0, 245, 6, 81]
1542739274899;[171, 0, 4, 255, 132, 128, 72]
1542739274901;[171, 0, 4, 255, 132, 128, 72]
1542739274904;[171, 0, 17, 255, 161, 74, 234, 43, 0, 0, 0, 50, 1, 0, 66, 0, 0, 245, 6, 58]
1542739274906;[171, 0, 17, 255, 161, 74, 234, 43, 0, 0, 0, 50, 1, 0, 66, 0, 0, 245, 6, 58]
1542739274909;[171, 0, 17, 255, 161, 74, 234, 43, 0, 0, 0, 50, 1, 0, 65, 0, 0, 245, 6, 33]
1542739274911;[171, 0, 17, 255, 161, 74, 234, 43, 0, 0, 0, 50, 1, 0, 65, 0, 0, 245, 6, 33]
1542739274913;[171, 0, 17, 255, 161, 74, 234, 43, 0, 0, 0, 47, 1, 0, 66, 0, 0, 244, 6, 6]
1542739274914;[171, 0, 17, 255, 161, 74, 234, 43, 0, 0, 0, 47, 1, 0, 66, 0, 0, 244, 6, 6]
1542739275069;[171, 0, 17, 255, 161, 74, 234, 43, 0, 0, 0, 48, 1, 0, 65, 0, 0, 242, 5, 212]
1542739275071;[171, 0, 17, 255, 161, 74, 234, 43, 0, 0, 0, 48, 1, 0, 65, 0, 0, 242, 5, 212]
1542739275414;[171, 0, 17, 255, 161, 74, 234, 43, 0, 0, 0, 48, 1, 0, 67, 0, 0, 246, 5, 181]
1542739275419;[171, 0, 17, 255, 161, 74, 234, 43, 0, 0, 0, 48, 1, 0, 67, 0, 0, 246, 5, 181]
1542739275760;[171, 0, 17, 255, 161, 74, 234, 43, 1, 0, 0, 49, 1, 0, 65, 0, 0, 245, 5, 233]
1542739275762;[171, 0, 17, 255, 161, 74, 234, 43, 1, 0, 0, 49, 1, 0, 65, 0, 0, 245, 5, 233]
1542739275764;[171, 0, 17, 255, 161, 74, 234, 43, 1, 0, 0, 47, 1, 0, 64, 0, 0, 244, 6, 61]
1542739275766;[171, 0, 17, 255, 161, 74, 234, 43, 1, 0, 0, 47, 1, 0, 64, 0, 0, 244, 6, 61]
1542739275768;[171, 0, 17, 255, 161, 74, 234, 43, 1, 0, 0, 50, 1, 0, 66, 0, 0, 245, 6, 74]
1542739275770;[171, 0, 17, 255, 161, 74, 234, 43, 1, 0, 0, 50, 1, 0, 66, 0, 0, 245, 6, 74]
1542739275773;[171, 0, 17, 255, 161, 74, 234, 43, 1, 0, 0, 47, 1, 0, 67, 0, 0, 244, 6, 54]
1542739275775;[171, 0, 17, 255, 161, 74, 234, 43, 1, 0, 0, 47, 1, 0, 67, 0, 0, 244, 6, 54]
1542739275934;[171, 0, 17, 255, 161, 74, 234, 43, 1, 0, 0, 48, 1, 0, 65, 0, 0, 244, 6, 34]
1542739275937;[171, 0, 17, 255, 161, 74, 234, 43, 1, 0, 0, 48, 1, 0, 65, 0, 0, 244, 6, 34]
1542739275938;[171, 0, 4, 255, 132, 128, 72]
1542739275941;[171, 0, 4, 255, 132, 128, 72]
1542739275943;[171, 0, 17, 255, 161, 74, 234, 43, 1, 0, 0, 49, 1, 0, 65, 0, 0, 244, 6, 16]
1542739275945;[171, 0, 17, 255, 161, 74, 234, 43, 1, 0, 0, 49, 1, 0, 65, 0, 0, 244, 6, 16]
1542739275947;[171, 0, 17, 255, 161, 74, 234, 43, 1, 0, 0, 48, 1, 0, 64, 0, 0, 244, 5, 232]
1542739275949;[171, 0, 17, 255, 161, 74, 234, 43, 1, 0, 0, 48, 1, 0, 64, 0, 0, 244, 5, 232]
1542739276105;[171, 0, 17, 255, 161, 74, 234, 43, 1, 0, 0, 50, 1, 0, 66, 0, 0, 243, 5, 204]
1542739276107;[171, 0, 17, 255, 161, 74, 234, 43, 1, 0, 0, 50, 1, 0, 66, 0, 0, 243, 5, 204]
1542739276109;[171, 0, 17, 255, 161, 74, 234, 43, 1, 0, 0, 48, 1, 0, 67, 0, 0, 243, 6, 16]
1542739276111;[171, 0, 17, 255, 161, 74, 234, 43, 1, 0, 0, 48, 1, 0, 67, 0, 0, 243, 6, 16]
1542739276450;[171, 0, 17, 255, 161, 74, 234, 43, 1, 0, 0, 47, 1, 0, 67, 0, 0, 243, 6, 88]
1542739276452;[171, 0, 17, 255, 161, 74, 234, 43, 1, 0, 0, 47, 1, 0, 67, 0, 0, 243, 6, 88]
1542739276455;[171, 0, 17, 255, 161, 74, 234, 43, 2, 0, 0, 47, 1, 0, 66, 0, 0, 244, 6, 96]
1542739276457;[171, 0, 17, 255, 161, 74, 234, 43, 2, 0, 0, 47, 1, 0, 66, 0, 0, 244, 6, 96]
1542739276459;[171, 0, 17, 255, 161, 74, 234, 43, 2, 0, 0, 49, 1, 0, 66, 0, 0, 245, 6, 73]
1542739276461;[171, 0, 17, 255, 161, 74, 234, 43, 2, 0, 0, 49, 1, 0, 66, 0, 0, 245, 6, 73]
1542739276794;[171, 0, 17, 255, 161, 74, 234, 43, 2, 0, 0, 49, 1, 0, 66, 0, 0, 245, 6, 48]
1542739276795;[171, 0, 17, 255, 161, 74, 234, 43, 2, 0, 0, 49, 1, 0, 66, 0, 0, 245, 6, 48]
1542739277142;[171, 0, 17, 255, 161, 74, 234, 43, 2, 0, 0, 48, 1, 0, 67, 0, 0, 244, 6, 16]
1542739277145;[171, 0, 17, 255, 161, 74, 234, 43, 2, 0, 0, 48, 1, 0, 67, 0, 0, 244, 6, 16]
1542739277147;[171, 0, 17, 255, 161, 74, 234, 43, 2, 0, 0, 48, 1, 0, 66, 0, 0, 243, 5, 239]
1542739277150;[171, 0, 17, 255, 161, 74, 234, 43, 2, 0, 0, 48, 1, 0, 66, 0, 0, 243, 5, 239]
1542739277152;[171, 0, 4, 255, 132, 128, 71]
1542739277154;[171, 0, 4, 255, 132, 128, 71]
1542739277157;[171, 0, 17, 255, 161, 74, 234, 43, 2, 0, 0, 48, 1, 0, 64, 0, 0, 246, 5, 199]
1542739277159;[171, 0, 17, 255, 161, 74, 234, 43, 2, 0, 0, 48, 1, 0, 64, 0, 0, 246, 5, 199]
1542739277488;[171, 0, 17, 255, 161, 74, 234, 43, 2, 0, 0, 48, 1, 0, 65, 0, 0, 243, 5, 230]
1542739277490;[171, 0, 17, 255, 161, 74, 234, 43, 2, 0, 0, 48, 1, 0, 65, 0, 0, 243, 5, 230]
1542739277492;[171, 0, 17, 255, 161, 74, 234, 43, 2, 0, 0, 46, 1, 0, 64, 0, 0, 246, 6, 82]
1542739277494;[171, 0, 17, 255, 161, 74, 234, 43, 2, 0, 0, 46, 1, 0, 64, 0, 0, 246, 6, 82]
1542739277497;[171, 0, 17, 255, 161, 74, 234, 43, 2, 0, 0, 49, 1, 0, 65, 0, 0, 244, 6, 108]
1542739277499;[171, 0, 17, 255, 161, 74, 234, 43, 2, 0, 0, 49, 1, 0, 65, 0, 0, 244, 6, 108]
1542739277501;[171, 0, 17, 255, 161, 74, 234, 43, 2, 0, 0, 46, 1, 0, 65, 0, 0, 245, 6, 98]
1542739277503;[171, 0, 17, 255, 161, 74, 234, 43, 2, 0, 0, 46, 1, 0, 65, 0, 0, 245, 6, 98]
1542739277658;[171, 0, 17, 255, 161, 74, 234, 43, 3, 0, 0, 49, 1, 0, 66, 0, 0, 245, 6, 80]
1542739277659;[171, 0, 17, 255, 161, 74, 234, 43, 3, 0, 0, 49, 1, 0, 66, 0, 0, 245, 6, 80]
1542739277662;[171, 0, 17, 255, 161, 74, 234, 43, 3, 0, 0, 47, 1, 0, 64, 0, 0, 243, 6, 59]
1542739277663;[171, 0, 17, 255, 161, 74, 234, 43, 3, 0, 0, 47, 1, 0, 64, 0, 0, 243, 6, 59]
1542739277665;[171, 0, 17, 255, 161, 74, 234, 43, 3, 0, 0, 49, 1, 0, 66, 0, 0, 244, 6, 27]
1542739277667;[171, 0, 17, 255, 161, 74, 234, 43, 3, 0, 0, 49, 1, 0, 66, 0, 0, 244, 6, 27]
1542739278002;[171, 0, 17, 255, 161, 74, 234, 43, 3, 0, 0, 46, 1, 0, 64, 0, 0, 244, 5, 244]
1542739278005;[171, 0, 17, 255, 161, 74, 234, 43, 3, 0, 0, 46, 1, 0, 64, 0, 0, 244, 5, 244]
1542739278007;[171, 0, 17, 255, 161, 74, 234, 43, 3, 0, 0, 49, 1, 0, 67, 0, 0, 243, 5, 213]
1542739278009;[171, 0, 17, 255, 161, 74, 234, 43, 3, 0, 0, 49, 1, 0, 67, 0, 0, 243, 5, 213]
1542739278348;[171, 0, 4, 255, 132, 128, 71]
1542739278351;[171, 0, 4, 255, 132, 128, 71]
1542739278354;[171, 0, 17, 255, 161, 74, 234, 43, 3, 0, 0, 49, 1, 0, 65, 0, 0, 243, 6, 43]
1542739278355;[171, 0, 17, 255, 161, 74, 234, 43, 3, 0, 0, 49, 1, 0, 65, 0, 0, 243, 6, 43]
1542739278358;[171, 0, 17, 255, 161, 74, 234, 43, 3, 0, 0, 49, 1, 0, 65, 0, 0, 245, 6, 115]
1542739278359;[171, 0, 17, 255, 161, 74, 234, 43, 3, 0, 0, 49, 1, 0, 65, 0, 0, 245, 6, 115]
1542739278361;[171, 0, 17, 255, 161, 74, 234, 43, 3, 0, 0, 48, 1, 0, 65, 0, 0, 245, 6, 119]
1542739278363;[171, 0, 17, 255, 161, 74, 234, 43, 3, 0, 0, 48, 1, 0, 65, 0, 0, 245, 6, 119]
1542739278694;[171, 0, 17, 255, 161, 74, 234, 43, 3, 0, 0, 48, 1, 0, 65, 0, 0, 246, 6, 92]
1542739278696;[171, 0, 17, 255, 161, 74, 234, 43, 3, 0, 0, 48, 1, 0, 65, 0, 0, 246, 6, 92]
1542739278698;[171, 0, 17, 255, 161, 74, 234, 43, 3, 0, 0, 48, 1, 0, 64, 0, 0, 243, 6, 77]
1542739278700;[171, 0, 17, 255, 161, 74, 234, 43, 3, 0, 0, 48, 1, 0, 64, 0, 0, 243, 6, 77]
1542739278703;[171, 0, 17, 255, 161, 74, 234, 43, 4, 0, 0, 50, 1, 0, 66, 0, 0, 245, 6, 44]
1542739278705;[171, 0, 17, 255, 161, 74, 234, 43, 4, 0, 0, 50, 1, 0, 66, 0, 0, 245, 6, 44]
1542739278707;[171, 0, 17, 255, 161, 74, 234, 43, 4, 0, 0, 48, 1, 0, 65, 0, 0, 246, 6, 17]
1542739278709;[171, 0, 17, 255, 161, 74, 234, 43, 4, 0, 0, 48, 1, 0, 65, 0, 0, 246, 6, 17]
1542739278865;[171, 0, 17, 255, 161, 74, 234, 43, 4, 0, 0, 49, 1, 0, 65, 0, 0, 244, 5, 230]
1542739278867;[171, 0, 17, 255, 161, 74, 234, 43, 4, 0, 0, 49, 1, 0, 65, 0, 0, 244, 5, 230]
1542739278870;[171, 0, 17, 255, 161, 74, 234, 43, 4, 0, 0, 48, 1, 0, 67, 0, 0, 243, 5, 232]
1542739278871;[171, 0, 17, 255, 161, 74, 234, 43, 4, 0, 0, 48, 1, 0, 67, 0, 0, 243, 5, 232]
1542739279554;[171, 0, 17, 255, 161, 74, 234, 43, 4, 0, 0, 48, 1, 0, 65, 0, 0, 244, 6, 78]
1542739279556;[171, 0, 17, 255, 161, 74, 234, 43, 4, 0, 0, 48, 1, 0, 65, 0, 0, 244, 6, 78]
1542739279558;[171, 0, 4, 255, 132, 128, 71]
1542739279560;[171, 0, 4, 255, 132, 128, 71]
1542739279729;[171, 0, 17, 255, 161, 74, 234, 43, 4, 0, 0, 50, 1, 0, 65, 0, 0, 245, 6, 123]
1542739279730;[171, 0, 17, 255, 161, 74, 234, 43, 4, 0, 0, 50, 1, 0, 65, 0, 0, 245, 6, 123]
1542739279733;[171, 0, 17, 255, 161, 74, 234, 43, 4, 0, 0, 48, 1, 0, 67, 0, 0, 244, 6, 108]
1542739279735;[171, 0, 17, 255, 161, 74, 234, 43, 4, 0, 0, 48, 1, 0, 67, 0, 0, 244, 6, 108]
1542739279737;[171, 0, 17, 255, 161, 74, 234, 43, 4, 0, 0, 48, 1, 0, 67, 0, 0, 244, 6, 94]
1542739279739;[171, 0, 17, 255, 161, 74, 234, 43, 4, 0, 0, 48, 1, 0, 67, 0, 0, 244, 6, 94]
1542739279742;[171, 0, 17, 255, 161, 74, 234, 43, 4, 0, 0, 47, 1, 0, 67, 0, 0, 245, 6, 73]
1542739279744;[171, 0, 17, 255, 161, 74, 234, 43, 4, 0, 0, 47, 1, 0, 67, 0, 0, 245, 6, 73]
1542739279904;[171, 0, 17, 255, 161, 74, 234, 43, 4, 0, 0, 49, 1, 0, 64, 0, 0, 245, 6, 47]
1542739279906;[171, 0, 17, 255, 161, 74, 234, 43, 4, 0, 0, 49, 1, 0, 64, 0, 0, 245, 6, 47]
1542739279910;[171, 0, 17, 255, 161, 74, 234, 43, 5, 0, 0, 50, 1, 0, 66, 0, 0, 246, 6, 9]
1542739279911;[171, 0, 17, 255, 161, 74, 234, 43, 5, 0, 0, 50, 1, 0, 66, 0, 0, 246, 6, 9]
1542739279914;[171, 0, 17, 255, 161, 74, 234, 43, 5, 0, 0, 50, 1, 0, 66, 0, 0, 244, 6, 54]
1542739279916;[171, 0, 17, 255, 161, 74, 234, 43, 5, 0, 0, 50, 1, 0, 66, 0, 0, 244, 6, 54]
1542739279917;[171, 0, 17, 255, 161, 74, 234, 43, 5, 0, 0, 48, 1, 0, 64, 0, 0, 245, 6, 146]
1542739279918;[171, 0, 17, 255, 161, 74, 234, 43, 5, 0, 0, 48, 1, 0, 64, 0, 0, 245, 6, 146]
1542739280073;[171, 0, 17, 255, 161, 74, 234, 43, 5, 0, 0, 49, 1, 0, 67, 0, 0, 245, 6, 164]
1542739280074;[171, 0, 17, 255, 161, 74, 234, 43, 5, 0, 0, 49, 1, 0, 67, 0, 0, 245, 6, 164]
1542739280078;[171, 0, 17, 255, 161, 74, 234, 43, 5, 0, 0, 48, 1, 0, 65, 0, 0, 246, 6, 135]
1542739280079;[171, 0, 17, 255, 161, 74, 234, 43, 5, 0, 0, 48, 1, 0, 65, 0, 0, 246, 6, 135]
1542739280936;[171, 0, 4, 255, 132, 128, 71]
1542739280939;[171, 0, 4, 255, 132, 128, 71]
1542739280942;[171, 0, 17, 255, 161, 74, 234, 43, 5, 0, 0, 47, 1, 0, 68, 0, 0, 246, 6, 112]
1542739280943;[171, 0, 17, 255, 161, 74, 234, 43, 5, 0, 0, 47, 1, 0, 68, 0, 0, 246, 6, 112]
1542739280946;[171, 0, 17, 255, 161, 74, 234, 43, 5, 0, 0, 49, 1, 0, 64, 0, 0, 243, 6, 85]
1542739280948;[171, 0, 17, 255, 161, 74, 234, 43, 5, 0, 0, 49, 1, 0, 64, 0, 0, 243, 6, 85]
1542739280950;[171, 0, 17, 255, 161, 74, 234, 43, 5, 0, 0, 48, 1, 0, 67, 0, 0, 245, 6, 45]
1542739280952;[171, 0, 17, 255, 161, 74, 234, 43, 5, 0, 0, 48, 1, 0, 67, 0, 0, 245, 6, 45]
1542739281108;[171, 0, 17, 255, 161, 74, 234, 43, 5, 0, 0, 50, 1, 0, 66, 0, 0, 246, 5, 255]
1542739281110;[171, 0, 17, 255, 161, 74, 234, 43, 5, 0, 0, 50, 1, 0, 66, 0, 0, 246, 5, 255]
1542739281112;[171, 0, 17, 255, 161, 74, 234, 43, 5, 0, 0, 49, 1, 0, 65, 0, 0, 244, 6, 10]
1542739281114;[171, 0, 17, 255, 161, 74, 234, 43, 5, 0, 0, 49, 1, 0, 65, 0, 0, 244, 6, 10]
1542739281281;[171, 0, 17, 255, 161, 74, 234, 43, 6, 0, 0, 48, 1, 0, 64, 0, 0, 243, 6, 117]
1542739281283;[171, 0, 17, 255, 161, 74, 234, 43, 6, 0, 0, 48, 1, 0, 64, 0, 0, 243, 6, 117]
1542739281285;[171, 0, 17, 255, 161, 74, 234, 43, 6, 0, 0, 48, 1, 0, 68, 0, 0, 245, 6, 165]
1542739281288;[171, 0, 17, 255, 161, 74, 234, 43, 6, 0, 0, 48, 1, 0, 68, 0, 0, 245, 6, 165]
1542739281292;[171, 0, 17, 255, 161, 74, 234, 43, 6, 0, 0, 47, 1, 0, 67, 0, 0, 245, 6, 144]
1542739281294;[171, 0, 17, 255, 161, 74, 234, 43, 6, 0, 0, 47, 1, 0, 67, 0, 0, 245, 6, 144]
1542739281295;[171, 0, 17, 255, 161, 74, 234, 43, 6, 0, 0, 50, 1, 0, 64, 0, 0, 244, 6, 117]
1542739281297;[171, 0, 17, 255, 161, 74, 234, 43, 6, 0, 0, 50, 1, 0, 64, 0, 0, 244, 6, 117]
1542739281454;[171, 0, 17, 255, 161, 74, 234, 43, 6, 0, 0, 47, 1, 0, 64, 0, 0, 244, 6, 91]
1542739281456;[171, 0, 17, 255, 161, 74, 234, 43, 6, 0, 0, 47, 1, 0, 64, 0, 0, 244, 6, 91]
1542739281458;[171, 0, 4, 255, 132, 128, 71]
1542739281461;[171, 0, 4, 255, 132, 128, 71]
1542739281463;[171, 0, 17, 255, 161, 74, 234, 43, 6, 0, 0, 49, 1, 0, 67, 0, 0, 245, 6, 55]
1542739281465;[171, 0, 17, 255, 161, 74, 234, 43, 6, 0, 0, 49, 1, 0, 67, 0, 0, 245, 6, 55]
1542739282144;[171, 0, 17, 255, 161, 74, 234, 43, 6, 0, 0, 49, 1, 0, 64, 0, 0, 245, 6, 22]
1542739282146;[171, 0, 17, 255, 161, 74, 234, 43, 6, 0, 0, 49, 1, 0, 64, 0, 0, 245, 6, 22]
1542739282148;[171, 0, 17, 255, 161, 74, 234, 43, 6, 0, 0, 48, 1, 0, 65, 0, 0, 244, 5, 228]
1542739282150;[171, 0, 17, 255, 161, 74, 234, 43, 6, 0, 0, 48, 1, 0, 65, 0, 0, 244, 5, 228]
1542739282152;[171, 0, 17, 255, 161, 74, 234, 43, 6, 0, 0, 48, 1, 0, 66, 0, 0, 245, 5, 244]
1542739282154;[171, 0, 17, 255, 161, 74, 234, 43, 6, 0, 0, 48, 1, 0, 66, 0, 0, 245, 5, 244]
1542739282157;[171, 0, 17, 255, 161, 74, 234, 43, 6, 0, 0, 49, 1, 0, 66, 0, 0, 243, 6, 96]
1542739282159;[171, 0, 17, 255, 161, 74, 234, 43, 6, 0, 0, 49, 1, 0, 66, 0, 0, 243, 6, 96]
1542739282316;[171, 0, 17, 255, 161, 74, 234, 43, 7, 0, 0, 48, 1, 0, 65, 0, 0, 245, 6, 127]
1542739282318;[171, 0, 17, 255, 161, 74, 234, 43, 7, 0, 0, 48, 1, 0, 65, 0, 0, 245, 6, 127]
1542739282320;[171, 0, 17, 255, 161, 74, 234, 43, 7, 0, 0, 50, 1, 0, 65, 0, 0, 242, 6, 113]
1542739282324;[171, 0, 17, 255, 161, 74, 234, 43, 7, 0, 0, 50, 1, 0, 65, 0, 0, 242, 6, 113]
1542739282326;[171, 0, 17, 255, 161, 74, 234, 43, 7, 0, 0, 47, 1, 0, 67, 0, 0, 244, 6, 77]
1542739282328;[171, 0, 17, 255, 161, 74, 234, 43, 7, 0, 0, 47, 1, 0, 67, 0, 0, 244, 6, 77]
1542739282330;[171, 0, 17, 255, 161, 74, 234, 43, 7, 0, 0, 49, 1, 0, 65, 0, 0, 243, 6, 42]
1542739282332;[171, 0, 17, 255, 161, 74, 234, 43, 7, 0, 0, 49, 1, 0, 65, 0, 0, 243, 6, 42]
1542739282487;[171, 0, 17, 255, 161, 74, 234, 43, 7, 0, 0, 48, 1, 0, 65, 0, 0, 244, 6, 19]
1542739282489;[171, 0, 17, 255, 161, 74, 234, 43, 7, 0, 0, 48, 1, 0, 65, 0, 0, 244, 6, 19]
1542739282492;[171, 0, 4, 255, 132, 128, 71]
1542739282494;[171, 0, 4, 255, 132, 128, 71]
1542739282659;[171, 0, 17, 255, 161, 74, 234, 43, 7, 0, 0, 50, 1, 0, 65, 0, 0, 244, 5, 227]
1542739282662;[171, 0, 17, 255, 161, 74, 234, 43, 7, 0, 0, 50, 1, 0, 65, 0, 0, 244, 5, 227]
1542739282664;[171, 0, 17, 255, 161, 74, 234, 43, 7, 0, 0, 48, 1, 0, 67, 0, 0, 244, 5, 191]
1542739282666;[171, 0, 17, 255, 161, 74, 234, 43, 7, 0, 0, 48, 1, 0, 67, 0, 0, 244, 5, 191]
1542739282832;[171, 0, 17, 255, 161, 74, 234, 43, 7, 0, 0, 50, 1, 0, 66, 0, 0, 244, 6, 0]
1542739282834;[171, 0, 17, 255, 161, 74, 234, 43, 7, 0, 0, 50, 1, 0, 66, 0, 0, 244, 6, 0]
1542739283523;[171, 0, 17, 255, 161, 74, 234, 43, 7, 0, 0, 47, 1, 0, 64, 0, 0, 243, 6, 84]
1542739283526;[171, 0, 17, 255, 161, 74, 234, 43, 7, 0, 0, 47, 1, 0, 64, 0, 0, 243, 6, 84]
1542739283531;[171, 0, 17, 255, 161, 74, 234, 43, 7, 0, 0, 50, 1, 0, 66, 0, 0, 244, 6, 79]
1542739283533;[171, 0, 17, 255, 161, 74, 234, 43, 7, 0, 0, 50, 1, 0, 66, 0, 0, 244, 6, 79]
1542739283535;[171, 0, 17, 255, 161, 74, 234, 43, 8, 0, 0, 50, 1, 0, 67, 0, 0, 244, 6, 56]
1542739283537;[171, 0, 17, 255, 161, 74, 234, 43, 8, 0, 0, 50, 1, 0, 67, 0, 0, 244, 6, 56]
1542739283539;[171, 0, 17, 255, 161, 74, 234, 43, 8, 0, 0, 47, 1, 0, 65, 0, 0, 245, 6, 45]
1542739283541;[171, 0, 17, 255, 161, 74, 234, 43, 8, 0, 0, 47, 1, 0, 65, 0, 0, 245, 6, 45]
1542739283696;[171, 0, 17, 255, 161, 74, 234, 43, 8, 0, 0, 50, 1, 0, 65, 0, 0, 245, 6, 14]
1542739283698;[171, 0, 17, 255, 161, 74, 234, 43, 8, 0, 0, 50, 1, 0, 65, 0, 0, 245, 6, 14]
1542739283701;[171, 0, 17, 255, 161, 74, 234, 43, 8, 0, 0, 47, 1, 0, 65, 0, 0, 245, 5, 235]
1542739283703;[171, 0, 17, 255, 161, 74, 234, 43, 8, 0, 0, 47, 1, 0, 65, 0, 0, 245, 5, 235]
1542739283705;[171, 0, 17, 255, 161, 74, 234, 43, 8, 0, 0, 48, 1, 0, 65, 0, 0, 245, 5, 240]
1542739283707;[171, 0, 17, 255, 161, 74, 234, 43, 8, 0, 0, 48, 1, 0, 65, 0, 0, 245, 5, 240]
1542739283709;[171, 0, 4, 255, 132, 128, 71]
1542739283711;[171, 0, 4, 255, 132, 128, 71]
1542739283866;[171, 0, 17, 255, 161, 74, 234, 43, 8, 0, 0, 46, 1, 0, 66, 0, 0, 246, 6, 80]
1542739283868;[171, 0, 17, 255, 161, 74, 234, 43, 8, 0, 0, 46, 1, 0, 66, 0, 0, 246, 6, 80]
1542739283871;[171, 0, 17, 255, 161, 74, 234, 43, 8, 0, 0, 49, 1, 0, 64, 0, 0, 243, 6, 128]
1542739283873;[171, 0, 17, 255, 161, 74, 234, 43, 8, 0, 0, 49, 1, 0, 64, 0, 0, 243, 6, 128]
1542739284040;[171, 0, 17, 255, 161, 74, 234, 43, 8, 0, 0, 51, 1, 0, 66, 0, 0, 244, 6, 112]
1542739284042;[171, 0, 17, 255, 161, 74, 234, 43, 8, 0, 0, 51, 1, 0, 66, 0, 0, 244, 6, 112]
1542739284044;[171, 0, 17, 255, 161, 74, 234, 43, 8, 0, 0, 47, 1, 0, 67, 0, 0, 245, 6, 76]
1542739284046;[171, 0, 17, 255, 161, 74, 234, 43, 8, 0, 0, 47, 1, 0, 67, 0, 0, 245, 6, 76]
1542739284385;[171, 0, 17, 255, 161, 74, 234, 43, 8, 0, 0, 48, 1, 0, 66, 0, 0, 245, 6, 50]
1542739284387;[171, 0, 17, 255, 161, 74, 234, 43, 8, 0, 0, 48, 1, 0, 66, 0, 0, 245, 6, 50]
1542739284389;[171, 0, 17, 255, 161, 74, 234, 43, 9, 0, 0, 49, 1, 0, 66, 0, 0, 245, 6, 12]
1542739284391;[171, 0, 17, 255, 161, 74, 234, 43, 9, 0, 0, 49, 1, 0, 66, 0, 0, 245, 6, 12]
1542739284394;[171, 0, 17, 255, 161, 74, 234, 43, 9, 0, 0, 45, 1, 0, 65, 0, 0, 245, 5, 225]
1542739284395;[171, 0, 17, 255, 161, 74, 234, 43, 9, 0, 0, 45, 1, 0, 65, 0, 0, 245, 5, 225]
1542739284739;[171, 0, 17, 255, 161, 74, 234, 43, 9, 0, 0, 47, 1, 0, 66, 0, 0, 244, 5, 205]
1542739284740;[171, 0, 17, 255, 161, 74, 234, 43, 9, 0, 0, 47, 1, 0, 66, 0, 0, 244, 5, 205]
1542739284742;[171, 0, 17, 255, 161, 74, 234, 43, 9, 0, 0, 47, 1, 0, 64, 0, 0, 243, 6, 51]
1542739284744;[171, 0, 17, 255, 161, 74, 234, 43, 9, 0, 0, 47, 1, 0, 64, 0, 0, 243, 6, 51]
1542739284745;[171, 0, 17, 255, 161, 74, 234, 43, 9, 0, 0, 47, 1, 0, 65, 0, 0, 245, 6, 93]
1542739284747;[171, 0, 17, 255, 161, 74, 234, 43, 9, 0, 0, 47, 1, 0, 65, 0, 0, 245, 6, 93]
1542739284748;[171, 0, 4, 255, 132, 128, 71]
1542739284750;[171, 0, 4, 255, 132, 128, 71]
1542739285247;[171, 0, 17, 255, 161, 74, 234, 43, 9, 0, 0, 51, 1, 0, 64, 0, 0, 246, 6, 87]
1542739285248;[171, 0, 17, 255, 161, 74, 234, 43, 9, 0, 0, 51, 1, 0, 64, 0, 0, 246, 6, 87]
1542739285421;[171, 0, 17, 255, 161, 74, 234, 43, 9, 0, 0, 49, 1, 0, 65, 0, 0, 243, 6, 54]
1542739285423;[171, 0, 17, 255, 161, 74, 234, 43, 9, 0, 0, 49, 1, 0, 65, 0, 0, 243, 6, 54]
1542739285426;[171, 0, 17, 255, 161, 74, 234, 43, 9, 0, 0, 49, 1, 0, 66, 0, 0, 245, 6, 26]
1542739285428;[171, 0, 17, 255, 161, 74, 234, 43, 9, 0, 0, 49, 1, 0, 66, 0, 0, 245, 6, 26]
1542739285430;[171, 0, 17, 255, 161, 74, 234, 43, 9, 0, 0, 48, 1, 0, 67, 0, 0, 244, 5, 241]
1542739285432;[171, 0, 17, 255, 161, 74, 234, 43, 9, 0, 0, 48, 1, 0, 67, 0, 0, 244, 5, 241]
1542739285437;[171, 0, 17, 255, 161, 74, 234, 43, 9, 0, 0, 50, 1, 0, 66, 0, 0, 243, 5, 194]
1542739285439;[171, 0, 17, 255, 161, 74, 234, 43, 9, 0, 0, 50, 1, 0, 66, 0, 0, 243, 5, 194]
1542739285938;[171, 0, 17, 255, 161, 74, 234, 43, 10, 0, 0, 49, 1, 0, 65, 0, 0, 246, 5, 172]
1542739285940;[171, 0, 17, 255, 161, 74, 234, 43, 10, 0, 0, 49, 1, 0, 65, 0, 0, 246, 5, 172]
1542739286111;[171, 0, 17, 255, 161, 74, 234, 43, 10, 0, 0, 51, 1, 0, 65, 0, 0, 244, 6, 5]
1542739286113;[171, 0, 17, 255, 161, 74, 234, 43, 10, 0, 0, 51, 1, 0, 65, 0, 0, 244, 6, 5]
1542739286117;[171, 0, 17, 255, 161, 74, 234, 43, 10, 0, 0, 49, 1, 0, 63, 0, 0, 244, 6, 71]
1542739286119;[171, 0, 17, 255, 161, 74, 234, 43, 10, 0, 0, 49, 1, 0, 63, 0, 0, 244, 6, 71]
1542739286121;[171, 0, 17, 255, 161, 74, 234, 43, 10, 0, 0, 50, 1, 0, 66, 0, 0, 244, 6, 58]
1542739286123;[171, 0, 17, 255, 161, 74, 234, 43, 10, 0, 0, 50, 1, 0, 66, 0, 0, 244, 6, 58]
1542739286125;[171, 0, 17, 255, 161, 74, 234, 43, 10, 0, 0, 47, 1, 0, 64, 0, 0, 244, 6, 25]
1542739286126;[171, 0, 17, 255, 161, 74, 234, 43, 10, 0, 0, 47, 1, 0, 64, 0, 0, 244, 6, 25]
1542739286455;[171, 0, 4, 255, 132, 128, 71]
1542739286458;[171, 0, 4, 255, 132, 128, 71]
1542739286460;[171, 0, 17, 255, 161, 74, 234, 43, 10, 0, 0, 49, 1, 0, 63, 0, 0, 245, 6, 0]
1542739286462;[171, 0, 17, 255, 161, 74, 234, 43, 10, 0, 0, 49, 1, 0, 63, 0, 0, 245, 6, 0]
1542739286466;[171, 0, 17, 255, 161, 74, 234, 43, 10, 0, 0, 49, 1, 0, 65, 0, 0, 244, 5, 225]
1542739286468;[171, 0, 17, 255, 161, 74, 234, 43, 10, 0, 0, 49, 1, 0, 65, 0, 0, 244, 5, 225]
1542739286470;[171, 0, 17, 255, 161, 74, 234, 43, 10, 0, 0, 51, 1, 0, 66, 0, 0, 243, 5, 186]
1542739286472;[171, 0, 17, 255, 161, 74, 234, 43, 10, 0, 0, 51, 1, 0, 66, 0, 0, 243, 5, 186]
1542739286630;[171, 0, 17, 255, 161, 74, 234, 43, 10, 0, 0, 49, 1, 0, 65, 0, 0, 243, 5, 156]
1542739286632;[171, 0, 17, 255, 161, 74, 234, 43, 10, 0, 0, 49, 1, 0, 65, 0, 0, 243, 5, 156]
1542739286634;[171, 0, 17, 255, 161, 74, 234, 43, 10, 0, 0, 49, 1, 0, 68, 0, 0, 244, 5, 246]
1542739286637;[171, 0, 17, 255, 161, 74, 234, 43, 10, 0, 0, 49, 1, 0, 68, 0, 0, 244, 5, 246]
1542739286638;[171, 0, 17, 255, 161, 74, 234, 43, 11, 0, 0, 47, 1, 0, 62, 0, 0, 243, 6, 29]
1542739286640;[171, 0, 17, 255, 161, 74, 234, 43, 11, 0, 0, 47, 1, 0, 62, 0, 0, 243, 6, 29]
1542739287320;[171, 0, 17, 255, 161, 74, 234, 43, 11, 0, 0, 47, 1, 0, 67, 0, 0, 246, 6, 23]
1542739287323;[171, 0, 17, 255, 161, 74, 234, 43, 11, 0, 0, 47, 1, 0, 67, 0, 0, 246, 6, 23]
1542739287325;[171, 0, 17, 255, 161, 74, 234, 43, 11, 0, 0, 49, 1, 0, 64, 0, 0, 245, 5, 248]
1542739287329;[171, 0, 17, 255, 161, 74, 234, 43, 11, 0, 0, 49, 1, 0, 64, 0, 0, 245, 5, 248]
1542739287331;[171, 0, 17, 255, 161, 74, 234, 43, 11, 0, 0, 48, 1, 0, 65, 0, 0, 243, 5, 221]
1542739287333;[171, 0, 17, 255, 161, 74, 234, 43, 11, 0, 0, 48, 1, 0, 65, 0, 0, 243, 5, 221]
1542739287334;[171, 0, 17, 255, 161, 74, 234, 43, 11, 0, 0, 49, 1, 0, 65, 0, 0, 244, 5, 191]
1542739287336;[171, 0, 17, 255, 161, 74, 234, 43, 11, 0, 0, 49, 1, 0, 65, 0, 0, 244, 5, 191]
1542739287489;[171, 0, 4, 255, 132, 128, 71]
1542739287491;[171, 0, 4, 255, 132, 128, 71]
1542739287665;[171, 0, 17, 255, 161, 74, 234, 43, 11, 0, 0, 46, 1, 0, 65, 0, 0, 245, 5, 149]
1542739287669;[171, 0, 17, 255, 161, 74, 234, 43, 11, 0, 0, 46, 1, 0, 65, 0, 0, 245, 5, 149]
1542739287685;[171, 0, 17, 255, 161, 74, 234, 43, 11, 0, 0, 44, 1, 0, 65, 0, 0, 244, 5, 205]
1542739287687;[171, 0, 17, 255, 161, 74, 234, 43, 11, 0, 0, 44, 1, 0, 65, 0, 0, 244, 5, 205]
1542739287691;[171, 0, 17, 255, 161, 74, 234, 43, 11, 0, 0, 46, 1, 0, 65, 0, 0, 244, 6, 11]
1542739287695;[171, 0, 17, 255, 161, 74, 234, 43, 11, 0, 0, 46, 1, 0, 65, 0, 0, 244, 6, 11]
1542739287698;[171, 0, 17, 255, 161, 74, 234, 43, 11, 0, 0, 49, 1, 0, 65, 0, 0, 244, 6, 30]
1542739287699;[171, 0, 17, 255, 161, 74, 234, 43, 11, 0, 0, 49, 1, 0, 65, 0, 0, 244, 6, 30]
1542739287833;[171, 0, 17, 255, 161, 74, 234, 43, 11, 0, 0, 49, 1, 0, 63, 0, 0, 244, 6, 5]
1542739287834;[171, 0, 17, 255, 161, 74, 234, 43, 11, 0, 0, 49, 1, 0, 63, 0, 0, 244, 6, 5]
1542739287836;[171, 0, 17, 255, 161, 74, 234, 43, 12, 0, 0, 50, 1, 0, 63, 0, 0, 244, 5, 228]
1542739287837;[171, 0, 17, 255, 161, 74, 234, 43, 12, 0, 0, 50, 1, 0, 63, 0, 0, 244, 5, 228]
1542739287839;[171, 0, 17, 255, 161, 74, 234, 43, 12, 0, 0, 50, 1, 0, 66, 0, 0, 244, 5, 202]
1542739287840;[171, 0, 17, 255, 161, 74, 234, 43, 12, 0, 0, 50, 1, 0, 66, 0, 0, 244, 5, 202]
1542739287842;[171, 0, 17, 255, 161, 74, 234, 43, 12, 0, 0, 47, 1, 0, 66, 0, 0, 244, 5, 160]
1542739287843;[171, 0, 17, 255, 161, 74, 234, 43, 12, 0, 0, 47, 1, 0, 66, 0, 0, 244, 5, 160]
1542739288698;[171, 0, 17, 255, 161, 74, 234, 43, 12, 0, 0, 47, 1, 0, 66, 0, 0, 244, 5, 128]
1542739288701;[171, 0, 17, 255, 161, 74, 234, 43, 12, 0, 0, 47, 1, 0, 66, 0, 0, 244, 5, 128]
1542739288703;[171, 0, 17, 255, 161, 74, 234, 43, 12, 0, 0, 49, 1, 0, 68, 0, 0, 246, 5, 212]
1542739288704;[171, 0, 17, 255, 161, 74, 234, 43, 12, 0, 0, 49, 1, 0, 68, 0, 0, 246, 5, 212]
1542739288707;[171, 0, 4, 255, 132, 128, 71]
1542739288709;[171, 0, 4, 255, 132, 128, 71]
1542739288712;[171, 0, 17, 255, 161, 74, 234, 43, 12, 0, 0, 48, 1, 0, 64, 0, 0, 244, 6, 11]
1542739288713;[171, 0, 17, 255, 161, 74, 234, 43, 12, 0, 0, 48, 1, 0, 64, 0, 0, 244, 6, 11]
1542739288872;[171, 0, 17, 255, 161, 74, 234, 43, 12, 0, 0, 50, 1, 0, 64, 0, 0, 245, 6, 15]
1542739288874;[171, 0, 17, 255, 161, 74, 234, 43, 12, 0, 0, 50, 1, 0, 64, 0, 0, 245, 6, 15]
1542739288877;[171, 0, 17, 255, 161, 74, 234, 43, 12, 0, 0, 48, 1, 0, 66, 0, 0, 244, 5, 243]
1542739288881;[171, 0, 17, 255, 161, 74, 234, 43, 12, 0, 0, 48, 1, 0, 66, 0, 0, 244, 5, 243]
1542739288883;[171, 0, 17, 255, 161, 74, 234, 43, 12, 0, 0, 49, 1, 0, 64, 0, 0, 244, 5, 216]
1542739288885;[171, 0, 17, 255, 161, 74, 234, 43, 12, 0, 0, 49, 1, 0, 64, 0, 0, 244, 5, 216]
1542739288886;[171, 0, 17, 255, 161, 74, 234, 43, 12, 0, 0, 46, 1, 0, 66, 0, 0, 244, 5, 181]
1542739288888;[171, 0, 17, 255, 161, 74, 234, 43, 12, 0, 0, 46, 1, 0, 66, 0, 0, 244, 5, 181]
1542739289043;[171, 0, 17, 255, 161, 74, 234, 43, 13, 0, 0, 48, 1, 0, 64, 0, 0, 244, 5, 141]
1542739289046;[171, 0, 17, 255, 161, 74, 234, 43, 13, 0, 0, 48, 1, 0, 64, 0, 0, 244, 5, 141]
1542739289048;[171, 0, 17, 255, 161, 74, 234, 43, 13, 0, 0, 48, 1, 0, 67, 0, 0, 243, 5, 98]
1542739289050;[171, 0, 17, 255, 161, 74, 234, 43, 13, 0, 0, 48, 1, 0, 67, 0, 0, 243, 5, 98]
1542739289052;[171, 0, 17, 255, 161, 74, 234, 43, 13, 0, 0, 46, 1, 0, 67, 0, 0, 244, 5, 125]
1542739289054;[171, 0, 17, 255, 161, 74, 234, 43, 13, 0, 0, 46, 1, 0, 67, 0, 0, 244, 5, 125]
1542739289214;[171, 0, 17, 255, 161, 74, 234, 43, 13, 0, 0, 50, 1, 0, 65, 0, 0, 245, 5, 212]
1542739289216;[171, 0, 17, 255, 161, 74, 234, 43, 13, 0, 0, 50, 1, 0, 65, 0, 0, 245, 5, 212]
1542739289218;[171, 0, 17, 255, 161, 74, 234, 43, 13, 0, 0, 48, 1, 0, 67, 0, 0, 244, 5, 237]
1542739289220;[171, 0, 17, 255, 161, 74, 234, 43, 13, 0, 0, 48, 1, 0, 67, 0, 0, 244, 5, 237]
1542739289905;[171, 0, 4, 255, 132, 128, 72]
1542739289908;[171, 0, 4, 255, 132, 128, 72]
1542739289911;[171, 0, 17, 255, 161, 74, 234, 43, 13, 0, 0, 50, 1, 0, 66, 0, 0, 245, 5, 215]
1542739289913;[171, 0, 17, 255, 161, 74, 234, 43, 13, 0, 0, 50, 1, 0, 66, 0, 0, 245, 5, 215]
1542739289917;[171, 0, 17, 255, 161, 74, 234, 43, 13, 0, 0, 48, 1, 0, 66, 0, 0, 245, 5, 187]
1542739289919;[171, 0, 17, 255, 161, 74, 234, 43, 13, 0, 0, 48, 1, 0, 66, 0, 0, 245, 5, 187]
1542739289921;[171, 0, 17, 255, 161, 74, 234, 43, 13, 0, 0, 47, 1, 0, 64, 0, 0, 246, 5, 152]
1542739289923;[171, 0, 17, 255, 161, 74, 234, 43, 13, 0, 0, 47, 1, 0, 64, 0, 0, 246, 5, 152]
1542739290078;[171, 0, 17, 255, 161, 74, 234, 43, 13, 0, 0, 50, 1, 0, 65, 0, 0, 244, 5, 111]
1542739290080;[171, 0, 17, 255, 161, 74, 234, 43, 13, 0, 0, 50, 1, 0, 65, 0, 0, 244, 5, 111]
1542739290082;[171, 0, 17, 255, 161, 74, 234, 43, 13, 0, 0, 47, 1, 0, 65, 0, 0, 243, 5, 75]
1542739290084;[171, 0, 17, 255, 161, 74, 234, 43, 13, 0, 0, 47, 1, 0, 65, 0, 0, 243, 5, 75]
1542739290087;[171, 0, 17, 255, 161, 74, 234, 43, 14, 0, 0, 48, 1, 0, 66, 0, 0, 246, 5, 41]
1542739290089;[171, 0, 17, 255, 161, 74, 234, 43, 14, 0, 0, 48, 1, 0, 66, 0, 0, 246, 5, 41]
1542739290091;[171, 0, 17, 255, 161, 74, 234, 43, 14, 0, 0, 48, 1, 0, 66, 0, 0, 244, 5, 129]
1542739290093;[171, 0, 17, 255, 161, 74, 234, 43, 14, 0, 0, 48, 1, 0, 66, 0, 0, 244, 5, 129]
1542739290250;[171, 0, 17, 255, 161, 74, 234, 43, 14, 0, 0, 49, 1, 0, 67, 0, 0, 243, 5, 181]
1542739290252;[171, 0, 17, 255, 161, 74, 234, 43, 14, 0, 0, 49, 1, 0, 67, 0, 0, 243, 5, 181]
1542739290423;[171, 0, 17, 255, 161, 74, 234, 43, 14, 0, 0, 48, 1, 0, 66, 0, 0, 244, 5, 168]
1542739290425;[171, 0, 17, 255, 161, 74, 234, 43, 14, 0, 0, 48, 1, 0, 66, 0, 0, 244, 5, 168]
1542739290427;[171, 0, 17, 255, 161, 74, 234, 43, 14, 0, 0, 48, 1, 0, 64, 0, 0, 245, 5, 143]
1542739290429;[171, 0, 17, 255, 161, 74, 234, 43, 14, 0, 0, 48, 1, 0, 64, 0, 0, 245, 5, 143]
1542739290431;[171, 0, 4, 255, 132, 128, 72]
1542739290433;[171, 0, 4, 255, 132, 128, 72]
1542739290768;[171, 0, 17, 255, 161, 74, 234, 43, 14, 0, 0, 51, 1, 0, 64, 0, 0, 245, 5, 124]
1542739290770;[171, 0, 17, 255, 161, 74, 234, 43, 14, 0, 0, 51, 1, 0, 64, 0, 0, 245, 5, 124]
1542739290775;[171, 0, 17, 255, 161, 74, 234, 43, 14, 0, 0, 48, 1, 0, 65, 0, 0, 244, 5, 92]
1542739290777;[171, 0, 17, 255, 161, 74, 234, 43, 14, 0, 0, 48, 1, 0, 65, 0, 0, 244, 5, 92]
1542739290782;[171, 0, 17, 255, 161, 74, 234, 43, 14, 0, 0, 48, 1, 0, 63, 0, 0, 243, 5, 53]
1542739290784;[171, 0, 17, 255, 161, 74, 234, 43, 14, 0, 0, 48, 1, 0, 63, 0, 0, 243, 5, 53]
1542739291113;[171, 0, 17, 255, 161, 74, 234, 43, 14, 0, 0, 49, 1, 0, 65, 0, 0, 244, 5, 53]
1542739291117;[171, 0, 17, 255, 161, 74, 234, 43, 14, 0, 0, 49, 1, 0, 65, 0, 0, 244, 5, 53]
1542739291119;[171, 0, 17, 255, 161, 74, 234, 43, 14, 0, 0, 50, 1, 0, 65, 0, 0, 245, 5, 152]
1542739291122;[171, 0, 17, 255, 161, 74, 234, 43, 14, 0, 0, 50, 1, 0, 65, 0, 0, 245, 5, 152]
1542739291125;[171, 0, 17, 255, 161, 74, 234, 43, 15, 0, 0, 49, 1, 0, 67, 0, 0, 244, 5, 171]
1542739291127;[171, 0, 17, 255, 161, 74, 234, 43, 15, 0, 0, 49, 1, 0, 67, 0, 0, 244, 5, 171]
1542739291128;[171, 0, 17, 255, 161, 74, 234, 43, 15, 0, 0, 49, 1, 0, 65, 0, 0, 245, 5, 153]
1542739291130;[171, 0, 17, 255, 161, 74, 234, 43, 15, 0, 0, 49, 1, 0, 65, 0, 0, 245, 5, 153]
1542739291285;[171, 0, 17, 255, 161, 74, 234, 43, 15, 0, 0, 51, 1, 0, 67, 0, 0, 244, 5, 118]
1542739291286;[171, 0, 17, 255, 161, 74, 234, 43, 15, 0, 0, 51, 1, 0, 67, 0, 0, 244, 5, 118]
1542739291456;[171, 0, 17, 255, 161, 74, 234, 43, 15, 0, 0, 46, 1, 0, 64, 0, 0, 244, 5, 93]
1542739291458;[171, 0, 17, 255, 161, 74, 234, 43, 15, 0, 0, 46, 1, 0, 64, 0, 0, 244, 5, 93]
1542739291630;[171, 0, 17, 255, 161, 74, 234, 43, 17, 0, 0, 47, 1, 0, 64, 0, 0, 245, 5, 159]
1542739291631;[171, 0, 17, 255, 161, 74, 234, 43, 17, 0, 0, 47, 1, 0, 64, 0, 0, 245, 5, 159]
1542739292322;[171, 0, 17, 255, 161, 74, 234, 43, 17, 0, 0, 49, 1, 0, 64, 0, 0, 243, 5, 148]
1542739292324;[171, 0, 17, 255, 161, 74, 234, 43, 17, 0, 0, 49, 1, 0, 64, 0, 0, 243, 5, 148]
1542739292326;[171, 0, 17, 255, 161, 74, 234, 43, 17, 0, 0, 50, 1, 0, 66, 0, 0, 244, 5, 123]
1542739292328;[171, 0, 17, 255, 161, 74, 234, 43, 17, 0, 0, 50, 1, 0, 66, 0, 0, 244, 5, 123]
1542739292330;[171, 0, 17, 255, 161, 74, 234, 43, 17, 0, 0, 48, 1, 0, 66, 0, 0, 245, 5, 88]
1542739292331;[171, 0, 17, 255, 161, 74, 234, 43, 17, 0, 0, 48, 1, 0, 66, 0, 0, 245, 5, 88]
1542739292493;[171, 0, 17, 255, 161, 74, 234, 43, 17, 0, 0, 48, 1, 0, 66, 0, 0, 245, 5, 55]
1542739292495;[171, 0, 17, 255, 161, 74, 234, 43, 17, 0, 0, 48, 1, 0, 66, 0, 0, 245, 5, 55]
1542739292498;[171, 0, 17, 255, 161, 74, 234, 43, 18, 0, 0, 47, 1, 0, 66, 0, 0, 243, 5, 49]
1542739292500;[171, 0, 17, 255, 161, 74, 234, 43, 18, 0, 0, 47, 1, 0, 66, 0, 0, 243, 5, 49]
1542739292502;[171, 0, 17, 255, 161, 74, 234, 43, 18, 0, 0, 47, 1, 0, 67, 0, 0, 244, 5, 171]
1542739292504;[171, 0, 17, 255, 161, 74, 234, 43, 18, 0, 0, 47, 1, 0, 67, 0, 0, 244, 5, 171]
