1542965299445;[171, 0, 4, 255, 132, 128, 127]
1542965299603;[171, 0, 17, 255, 161, 74, 239, 23, 223, 0, 0, 36, 1, 0, 241, 0, 0, 40, 11, 212]
1542965299608;[171, 0, 17, 255, 161, 74, 239, 23, 223, 0, 0, 47, 1, 0, 237, 0, 0, 40, 11, 148]
1542965299612;[171, 0, 17, 255, 161, 74, 239, 23, 224, 0, 0, 46, 1, 0, 243, 0, 0, 41, 11, 79]
1542965299775;[171, 0, 17, 255, 161, 74, 239, 23, 224, 0, 0, 39, 1, 0, 240, 0, 0, 38, 11, 21]
1542965299962;[171, 0, 17, 255, 161, 74, 239, 23, 224, 0, 0, 41, 1, 0, 237, 0, 0, 43, 11, 41]
1542965299964;[171, 0, 17, 255, 161, 74, 239, 23, 224, 0, 0, 39, 1, 0, 240, 0, 0, 40, 11, 161]
1542965300121;[171, 0, 17, 255, 161, 74, 239, 23, 224, 0, 0, 43, 1, 0, 240, 0, 0, 40, 11, 112]
1542965300295;[171, 0, 17, 255, 161, 74, 239, 23, 224, 0, 0, 41, 1, 0, 238, 0, 0, 43, 11, 48]
1542965300299;[171, 0, 17, 255, 161, 74, 239, 23, 224, 0, 0, 33, 1, 0, 233, 0, 0, 58, 10, 225]
1542965300303;[171, 0, 17, 255, 161, 74, 239, 23, 224, 0, 0, 20, 1, 0, 242, 0, 0, 45, 11, 61]
1542965300639;[171, 0, 4, 255, 132, 128, 128]
1542965300666;[171, 0, 17, 255, 161, 74, 239, 23, 224, 0, 0, 22, 1, 0, 243, 0, 0, 45, 11, 81]
1542965300668;[171, 0, 17, 255, 161, 74, 239, 23, 224, 0, 0, 23, 1, 0, 236, 0, 0, 50, 10, 250]
1542965300813;[171, 0, 17, 255, 161, 74, 239, 23, 225, 0, 0, 19, 1, 0, 240, 0, 0, 46, 10, 207]
1542965300817;[171, 0, 17, 255, 161, 74, 239, 23, 225, 0, 0, 19, 1, 0, 242, 0, 0, 45, 10, 168]
1542965300983;[171, 0, 17, 255, 161, 74, 239, 23, 225, 0, 0, 13, 1, 0, 243, 0, 0, 49, 11, 66]
1542965301156;[171, 0, 17, 255, 161, 74, 239, 23, 225, 0, 0, 21, 1, 0, 240, 0, 0, 49, 11, 66]
1542965301160;[171, 0, 17, 255, 161, 74, 239, 23, 225, 0, 0, 24, 1, 0, 237, 0, 0, 47, 11, 8]
1542965301328;[171, 0, 17, 255, 161, 74, 239, 23, 225, 0, 0, 40, 1, 0, 242, 0, 0, 42, 10, 215]
1542965301332;[171, 0, 17, 255, 161, 74, 239, 23, 225, 0, 0, 42, 1, 0, 242, 0, 0, 54, 10, 191]
1542965301501;[171, 0, 17, 255, 161, 74, 239, 23, 225, 0, 0, 60, 1, 0, 237, 0, 0, 21, 10, 59]
1542965301504;[171, 0, 4, 255, 132, 128, 129]
1542965301847;[171, 0, 17, 255, 161, 74, 239, 23, 225, 0, 0, 69, 1, 0, 233, 0, 0, 52, 9, 206]
1542965301851;[171, 0, 17, 255, 161, 74, 239, 23, 225, 0, 0, 95, 1, 0, 226, 0, 0, 44, 9, 98]
1542965301855;[171, 0, 17, 255, 161, 74, 239, 23, 226, 0, 0, 84, 1, 0, 216, 0, 0, 16, 8, 200]
1542965303942;[171, 0, 17, 255, 161, 74, 239, 23, 226, 0, 0, 150, 1, 0, 201, 0, 0, 44, 9, 52]
1542965303944;[171, 0, 17, 255, 161, 74, 239, 23, 226, 0, 0, 155, 1, 0, 196, 0, 0, 31, 9, 19]
1542965303946;[171, 0, 17, 255, 161, 74, 239, 23, 226, 0, 0, 174, 1, 0, 172, 0, 0, 43, 8, 117]
1542965303947;[171, 0, 17, 255, 161, 74, 239, 23, 226, 0, 0, 171, 1, 0, 158, 0, 0, 44, 7, 226]
1542965303949;[171, 0, 17, 255, 161, 74, 239, 23, 226, 0, 0, 190, 1, 0, 143, 0, 0, 35, 7, 102]
1542965303954;[171, 0, 17, 255, 161, 74, 239, 23, 226, 0, 0, 202, 1, 0, 127, 0, 0, 58, 7, 146]
1542965303956;[171, 0, 17, 255, 161, 74, 239, 23, 226, 0, 0, 190, 1, 0, 125, 0, 0, 57, 7, 31]
1542965303960;[171, 0, 4, 255, 132, 128, 130]
1542965303963;[171, 0, 17, 255, 161, 74, 239, 23, 226, 0, 0, 198, 1, 0, 127, 0, 0, 56, 6, 150]
1542965303968;[171, 0, 17, 255, 161, 74, 239, 23, 226, 0, 0, 206, 1, 0, 127, 0, 0, 58, 6, 11]
1542965303973;[171, 0, 17, 255, 161, 74, 239, 23, 227, 0, 0, 202, 1, 0, 128, 0, 0, 61, 6, 11]
1542965303974;[171, 0, 17, 255, 161, 74, 239, 23, 227, 0, 0, 200, 1, 0, 127, 0, 0, 68, 5, 225]
1542965303976;[171, 0, 17, 255, 161, 74, 239, 23, 227, 0, 0, 203, 1, 0, 130, 0, 0, 67, 5, 120]
1542965303978;[171, 0, 17, 255, 161, 74, 239, 23, 227, 0, 0, 215, 1, 0, 136, 0, 0, 65, 4, 228]
1542965303980;[171, 0, 17, 255, 161, 74, 239, 23, 227, 0, 0, 194, 1, 0, 137, 0, 0, 49, 4, 102]
1542965303982;[171, 0, 17, 255, 161, 74, 239, 23, 227, 0, 0, 198, 1, 0, 138, 0, 0, 61, 4, 121]
1542965303986;[171, 0, 17, 255, 161, 74, 239, 23, 227, 0, 0, 200, 1, 0, 149, 0, 0, 31, 4, 113]
1542965304001;[171, 0, 17, 255, 161, 74, 239, 23, 227, 0, 0, 166, 1, 0, 134, 0, 0, 64, 4, 223]
1542965304003;[171, 0, 4, 255, 132, 128, 131]
1542965304006;[171, 0, 17, 255, 161, 74, 239, 23, 227, 0, 0, 176, 1, 0, 162, 1, 0, 81, 4, 153]
1542965304007;[171, 0, 17, 255, 161, 74, 239, 23, 227, 0, 0, 217, 1, 0, 137, 0, 0, 46, 4, 93]
1542965304088;[171, 0, 17, 255, 161, 74, 239, 23, 228, 0, 0, 200, 1, 0, 147, 0, 0, 41, 4, 35]
1542965304436;[171, 0, 17, 255, 161, 74, 239, 23, 228, 0, 0, 195, 1, 0, 146, 0, 0, 20, 3, 148]
1542965304440;[171, 0, 17, 255, 161, 74, 239, 23, 228, 0, 0, 238, 1, 0, 136, 0, 0, 32, 3, 26]
1542965304444;[171, 0, 17, 255, 161, 74, 239, 23, 228, 0, 0, 217, 1, 0, 117, 0, 0, 32, 2, 253]
1542965304448;[171, 0, 17, 255, 161, 74, 239, 23, 228, 0, 0, 145, 1, 0, 144, 0, 0, 54, 3, 69]
1542965304779;[171, 0, 17, 255, 161, 74, 239, 23, 228, 0, 0, 208, 1, 0, 142, 0, 0, 62, 3, 47]
1542965304783;[171, 0, 17, 255, 161, 74, 239, 23, 228, 0, 0, 201, 1, 0, 149, 0, 0, 38, 3, 35]
1542965304787;[171, 0, 17, 255, 161, 74, 239, 23, 228, 0, 0, 217, 1, 0, 147, 0, 0, 52, 2, 252]
1542965304972;[171, 0, 4, 255, 132, 128, 131]
1542965304976;[171, 0, 17, 255, 161, 74, 239, 23, 228, 0, 0, 143, 1, 0, 145, 1, 0, 26, 2, 133]
1542965305124;[171, 0, 17, 255, 161, 74, 239, 23, 228, 0, 1, 1, 1, 0, 155, 0, 0, 55, 2, 152]
1542965305128;[171, 0, 17, 255, 161, 74, 239, 23, 229, 0, 0, 189, 1, 0, 141, 0, 0, 40, 2, 149]
1542965305296;[171, 0, 17, 255, 161, 74, 239, 23, 229, 0, 0, 219, 1, 0, 154, 0, 0, 11, 2, 148]
1542965305300;[171, 0, 17, 255, 161, 74, 239, 23, 229, 0, 0, 197, 1, 0, 148, 0, 0, 5, 2, 169]
1542965305815;[171, 0, 17, 255, 161, 74, 239, 23, 229, 0, 0, 197, 1, 0, 144, 0, 0, 1, 2, 224]
1542965305820;[171, 0, 17, 255, 161, 74, 239, 23, 229, 0, 0, 209, 1, 0, 144, 0, 0, 17, 3, 142]
1542965305824;[171, 0, 17, 255, 161, 74, 239, 23, 229, 0, 0, 206, 1, 0, 152, 0, 0, 10, 3, 151]
1542965305828;[171, 0, 17, 255, 161, 74, 239, 23, 229, 0, 0, 159, 1, 0, 133, 1, 0, 11, 3, 203]
1542965305987;[171, 0, 17, 255, 161, 74, 239, 23, 229, 0, 0, 201, 1, 0, 148, 0, 0, 23, 3, 235]
1542965305990;[171, 0, 4, 255, 132, 128, 131]
1542965306160;[171, 0, 17, 255, 161, 74, 239, 23, 229, 0, 0, 188, 1, 0, 148, 1, 0, 17, 4, 58]
1542965306164;[171, 0, 17, 255, 161, 74, 239, 23, 229, 0, 0, 208, 1, 0, 154, 0, 0, 12, 5, 7]
1542965306333;[171, 0, 17, 255, 161, 74, 239, 23, 230, 0, 0, 190, 1, 0, 152, 0, 0, 11, 5, 79]
1542965306336;[171, 0, 17, 255, 161, 74, 239, 23, 230, 0, 0, 192, 1, 0, 153, 0, 0, 13, 5, 96]
1542965306503;[171, 0, 17, 255, 161, 74, 239, 23, 230, 0, 0, 191, 1, 0, 154, 0, 0, 8, 5, 95]
1542965306507;[171, 0, 17, 255, 161, 74, 239, 23, 230, 0, 0, 187, 1, 0, 154, 0, 0, 29, 5, 193]
1542965306672;[171, 0, 17, 255, 161, 74, 239, 23, 230, 0, 0, 181, 1, 0, 163, 0, 0, 13, 6, 68]
1542965307024;[171, 0, 17, 255, 161, 74, 239, 23, 230, 0, 0, 186, 1, 0, 159, 0, 0, 22, 6, 101]
1542965307027;[171, 0, 17, 255, 161, 74, 239, 23, 230, 0, 0, 171, 1, 0, 164, 0, 0, 46, 6, 165]
1542965307031;[171, 0, 17, 255, 161, 74, 239, 23, 230, 0, 0, 170, 1, 0, 168, 0, 0, 36, 6, 152]
1542965307034;[171, 0, 4, 255, 132, 128, 131]
1542965307193;[171, 0, 17, 255, 161, 74, 239, 23, 230, 0, 0, 159, 1, 0, 175, 0, 0, 31, 7, 17]
1542965307197;[171, 0, 17, 255, 161, 74, 239, 23, 230, 0, 0, 164, 1, 0, 180, 0, 0, 38, 7, 52]
1542965307367;[171, 0, 17, 255, 161, 74, 239, 23, 231, 0, 0, 149, 1, 0, 186, 0, 0, 44, 7, 3]
1542965307540;[171, 0, 17, 255, 161, 74, 239, 23, 231, 0, 0, 143, 1, 0, 195, 0, 0, 41, 6, 203]
1542965307544;[171, 0, 17, 255, 161, 74, 239, 23, 231, 0, 0, 146, 1, 0, 201, 0, 0, 36, 6, 133]
1542965307713;[171, 0, 17, 255, 161, 74, 239, 23, 231, 0, 0, 125, 1, 0, 209, 0, 0, 40, 7, 55]
1542965307717;[171, 0, 17, 255, 161, 74, 239, 23, 231, 0, 0, 124, 1, 0, 209, 0, 0, 35, 7, 93]
1542965307884;[171, 0, 17, 255, 161, 74, 239, 23, 231, 0, 0, 116, 1, 0, 216, 0, 0, 36, 7, 81]
1542965308231;[171, 0, 17, 255, 161, 74, 239, 23, 231, 0, 0, 104, 1, 0, 220, 0, 0, 41, 7, 115]
1542965308235;[171, 0, 17, 255, 161, 74, 239, 23, 231, 0, 0, 97, 1, 0, 220, 0, 0, 37, 7, 220]
1542965308238;[171, 0, 4, 255, 132, 128, 130]
1542965308265;[171, 0, 17, 255, 161, 74, 239, 23, 231, 0, 0, 96, 1, 0, 224, 0, 0, 35, 8, 220]
1542965308401;[171, 0, 17, 255, 161, 74, 239, 23, 231, 0, 0, 81, 1, 0, 231, 0, 0, 45, 9, 59]
1542965308574;[171, 0, 17, 255, 161, 74, 239, 23, 232, 0, 0, 86, 1, 0, 232, 0, 0, 28, 9, 78]
1542965308578;[171, 0, 17, 255, 161, 74, 239, 23, 232, 0, 0, 79, 1, 0, 227, 0, 0, 39, 9, 105]
1542965308746;[171, 0, 17, 255, 161, 74, 239, 23, 232, 0, 0, 72, 1, 0, 226, 0, 0, 48, 9, 254]
1542965308751;[171, 0, 17, 255, 161, 74, 239, 23, 232, 0, 0, 73, 1, 0, 228, 0, 0, 44, 10, 166]
1542965308918;[171, 0, 17, 255, 161, 74, 239, 23, 232, 0, 0, 72, 1, 0, 230, 0, 0, 41, 10, 193]
1542965308922;[171, 0, 17, 255, 161, 74, 239, 23, 232, 0, 0, 69, 1, 0, 230, 0, 0, 39, 10, 201]
1542965309091;[171, 0, 17, 255, 161, 74, 239, 23, 232, 0, 0, 67, 1, 0, 233, 0, 0, 41, 10, 179]
1542965309264;[171, 0, 17, 255, 161, 74, 239, 23, 232, 0, 0, 66, 1, 0, 233, 0, 0, 41, 11, 62]
1542965309268;[171, 0, 4, 255, 132, 128, 130]
1542965309610;[171, 0, 17, 255, 161, 74, 239, 23, 232, 0, 0, 66, 1, 0, 235, 0, 0, 42, 11, 141]
1542965309613;[171, 0, 17, 255, 161, 74, 239, 23, 232, 0, 0, 65, 1, 0, 231, 0, 0, 40, 11, 131]
1542965309617;[171, 0, 17, 255, 161, 74, 239, 23, 233, 0, 0, 61, 1, 0, 231, 0, 0, 41, 11, 98]
1542965309622;[171, 0, 17, 255, 161, 74, 239, 23, 233, 0, 0, 61, 1, 0, 232, 0, 0, 43, 11, 42]
1542965309780;[171, 0, 17, 255, 161, 74, 239, 23, 233, 0, 0, 61, 1, 0, 234, 0, 0, 44, 11, 178]
1542965309960;[171, 0, 17, 255, 161, 74, 239, 23, 233, 0, 0, 61, 1, 0, 234, 0, 0, 41, 11, 168]
1542965309963;[171, 0, 17, 255, 161, 74, 239, 23, 233, 0, 0, 56, 1, 0, 234, 0, 0, 43, 11, 100]
1542965310126;[171, 0, 17, 255, 161, 74, 239, 23, 233, 0, 0, 57, 1, 0, 237, 0, 0, 42, 11, 44]
1542965310127;[171, 0, 17, 255, 161, 74, 239, 23, 233, 0, 0, 55, 1, 0, 235, 0, 0, 40, 11, 3]
1542965310299;[171, 0, 17, 255, 161, 74, 239, 23, 233, 0, 0, 57, 1, 0, 236, 0, 0, 44, 11, 121]
1542965310302;[171, 0, 4, 255, 132, 128, 130]
1542965310471;[171, 0, 17, 255, 161, 74, 239, 23, 233, 0, 0, 50, 1, 0, 230, 0, 0, 46, 11, 91]
1542965310820;[171, 0, 17, 255, 161, 74, 239, 23, 233, 0, 0, 49, 1, 0, 235, 0, 0, 40, 11, 40]
1542965310823;[171, 0, 17, 255, 161, 74, 239, 23, 234, 0, 0, 52, 1, 0, 236, 0, 0, 40, 10, 235]
1542965310827;[171, 0, 17, 255, 161, 74, 239, 23, 234, 0, 0, 53, 1, 0, 238, 0, 0, 40, 11, 0]
1542965310831;[171, 0, 17, 255, 161, 74, 239, 23, 234, 0, 0, 56, 1, 0, 234, 0, 0, 40, 11, 77]
1542965310988;[171, 0, 17, 255, 161, 74, 239, 23, 234, 0, 0, 57, 1, 0, 234, 0, 0, 44, 11, 36]
1542965311162;[171, 0, 17, 255, 161, 74, 239, 23, 234, 0, 0, 59, 1, 0, 236, 0, 0, 40, 10, 218]
1542965311166;[171, 0, 17, 255, 161, 74, 239, 23, 234, 0, 0, 65, 1, 0, 238, 0, 0, 44, 10, 138]
1542965311334;[171, 0, 17, 255, 161, 74, 239, 23, 234, 0, 0, 69, 1, 0, 238, 0, 0, 48, 10, 223]
1542965311338;[171, 0, 17, 255, 161, 74, 239, 23, 234, 0, 0, 82, 1, 0, 231, 0, 0, 54, 10, 253]
1542965311506;[171, 0, 4, 255, 132, 128, 130]
1542965311533;[171, 0, 17, 255, 161, 74, 239, 23, 234, 0, 0, 101, 1, 0, 231, 0, 0, 51, 10, 228]
1542965311679;[171, 0, 17, 255, 161, 74, 239, 23, 234, 0, 0, 89, 1, 0, 232, 0, 0, 41, 10, 210]
1542965311852;[171, 0, 17, 255, 161, 74, 239, 23, 235, 0, 0, 67, 1, 0, 229, 0, 0, 18, 10, 89]
1542965311855;[171, 0, 17, 255, 161, 74, 239, 23, 235, 0, 0, 129, 1, 0, 210, 0, 0, 46, 10, 173]
1542965312370;[171, 0, 17, 255, 161, 74, 239, 23, 235, 0, 0, 119, 1, 0, 207, 0, 0, 60, 10, 159]
1542965312374;[171, 0, 17, 255, 161, 74, 239, 23, 235, 0, 0, 116, 1, 0, 197, 0, 0, 45, 10, 49]
1542965312378;[171, 0, 17, 255, 161, 74, 239, 23, 235, 0, 0, 123, 1, 0, 215, 0, 0, 37, 9, 202]
1542965312382;[171, 0, 17, 255, 161, 74, 239, 23, 235, 0, 0, 121, 1, 0, 208, 0, 0, 24, 9, 222]
1542965312542;[171, 0, 17, 255, 161, 74, 239, 23, 235, 0, 0, 135, 1, 0, 213, 0, 0, 16, 9, 206]
1542965312546;[171, 0, 17, 255, 161, 74, 239, 23, 235, 0, 0, 128, 1, 0, 212, 1, 0, 8, 9, 37]
1542965312549;[171, 0, 4, 255, 132, 128, 129]
1542965312714;[171, 0, 17, 255, 161, 74, 239, 23, 235, 0, 0, 147, 1, 0, 182, 0, 0, 28, 8, 254]
1542965312718;[171, 0, 17, 255, 161, 74, 239, 23, 235, 0, 0, 164, 1, 0, 189, 0, 0, 19, 8, 147]
1542965312886;[171, 0, 17, 255, 161, 74, 239, 23, 236, 0, 0, 150, 1, 0, 209, 0, 0, 8, 8, 189]
1542965313058;[171, 0, 17, 255, 161, 74, 239, 23, 236, 0, 0, 156, 1, 0, 187, 0, 0, 6, 8, 159]
1542965313062;[171, 0, 17, 255, 161, 74, 239, 23, 236, 0, 0, 137, 1, 0, 187, 0, 0, 7, 8, 99]
1542965313406;[171, 0, 17, 255, 161, 74, 239, 23, 236, 0, 0, 139, 1, 0, 147, 0, 0, 26, 8, 54]
1542965313410;[171, 0, 17, 255, 161, 74, 239, 23, 236, 0, 0, 130, 1, 0, 202, 0, 0, 41, 8, 120]
1542965313414;[171, 0, 17, 255, 161, 74, 239, 23, 236, 0, 0, 119, 1, 0, 179, 0, 0, 61, 9, 30]
1542965313420;[171, 0, 17, 255, 161, 74, 239, 23, 236, 0, 0, 166, 1, 0, 217, 0, 0, 50, 9, 29]
1542965313577;[171, 0, 17, 255, 161, 74, 239, 23, 236, 0, 0, 129, 1, 0, 249, 0, 0, 18, 8, 208]
1542965313748;[171, 0, 4, 255, 132, 128, 129]
1542965313775;[171, 0, 17, 255, 161, 74, 239, 23, 236, 0, 0, 103, 1, 0, 224, 0, 0, 15, 8, 110]
1542965313921;[171, 0, 17, 255, 161, 74, 239, 23, 236, 0, 0, 119, 1, 0, 210, 0, 0, 3, 7, 158]
1542965313925;[171, 0, 17, 255, 161, 74, 239, 23, 237, 0, 0, 130, 1, 0, 225, 0, 0, 16, 6, 182]
1542965314094;[171, 0, 17, 255, 161, 74, 239, 23, 237, 0, 0, 102, 1, 0, 210, 1, 0, 22, 5, 242]
1542965314098;[171, 0, 17, 255, 161, 74, 239, 23, 237, 0, 0, 94, 1, 0, 221, 1, 0, 51, 5, 34]
1542965314265;[171, 0, 17, 255, 161, 74, 239, 23, 237, 0, 0, 107, 1, 0, 240, 1, 0, 65, 4, 132]
1542965314785;[171, 0, 17, 255, 161, 74, 239, 23, 237, 0, 0, 115, 1, 0, 223, 1, 0, 15, 4, 124]
1542965314790;[171, 0, 17, 255, 161, 74, 239, 23, 237, 0, 0, 103, 1, 0, 181, 1, 0, 17, 4, 51]
1542965314794;[171, 0, 17, 255, 161, 74, 239, 23, 237, 0, 0, 90, 1, 0, 176, 1, 0, 19, 3, 238]
1542965314798;[171, 0, 17, 255, 161, 74, 239, 23, 237, 0, 0, 115, 1, 0, 218, 1, 0, 15, 3, 178]
1542965314957;[171, 0, 4, 255, 132, 128, 129]
1542965314984;[171, 0, 17, 255, 161, 74, 239, 23, 237, 0, 0, 91, 1, 0, 223, 0, 0, 19, 3, 255]
1542965314990;[171, 0, 17, 255, 161, 74, 239, 23, 237, 0, 0, 127, 1, 0, 234, 0, 0, 16, 4, 50]
1542965315128;[171, 0, 17, 255, 161, 74, 239, 23, 238, 0, 0, 85, 1, 0, 253, 1, 0, 29, 4, 74]
1542965315131;[171, 0, 17, 255, 161, 74, 239, 23, 238, 0, 0, 100, 1, 0, 207, 1, 0, 18, 4, 18]
1542965315302;[171, 0, 17, 255, 161, 74, 239, 23, 238, 0, 0, 140, 1, 0, 219, 0, 0, 6, 3, 176]
1542965315306;[171, 0, 17, 255, 161, 74, 239, 23, 238, 0, 0, 129, 1, 0, 222, 1, 0, 41, 3, 205]
1542965315473;[171, 0, 17, 255, 161, 74, 239, 23, 238, 0, 0, 149, 1, 0, 191, 1, 0, 30, 3, 198]
1542965315646;[171, 0, 17, 255, 161, 74, 239, 23, 238, 0, 0, 147, 1, 0, 190, 1, 0, 40, 3, 99]
1542965315650;[171, 0, 17, 255, 161, 74, 239, 23, 238, 0, 0, 166, 1, 0, 172, 1, 0, 47, 3, 7]
1542965315992;[171, 0, 17, 255, 161, 74, 239, 23, 238, 0, 0, 188, 1, 0, 142, 1, 0, 43, 2, 228]
1542965315994;[171, 0, 4, 255, 132, 128, 129]
1542965316163;[171, 0, 17, 255, 161, 74, 239, 23, 238, 0, 0, 190, 1, 0, 146, 1, 0, 29, 3, 66]
1542965316167;[171, 0, 17, 255, 161, 74, 239, 23, 238, 0, 0, 196, 1, 0, 88, 1, 0, 28, 3, 101]
1542965316171;[171, 0, 17, 255, 161, 74, 239, 23, 239, 0, 0, 239, 1, 0, 52, 0, 0, 80, 3, 157]
1542965316336;[171, 0, 17, 255, 161, 74, 239, 23, 239, 0, 1, 15, 1, 0, 66, 0, 0, 113, 3, 148]
1542965316340;[171, 0, 17, 255, 161, 74, 239, 23, 239, 0, 0, 243, 1, 0, 106, 0, 0, 39, 4, 33]
1542965316508;[171, 0, 17, 255, 161, 74, 239, 23, 239, 0, 0, 180, 1, 0, 90, 0, 0, 77, 4, 56]
1542965316512;[171, 0, 17, 255, 161, 74, 239, 23, 239, 0, 0, 222, 1, 0, 107, 0, 0, 100, 4, 2]
1542965316682;[171, 0, 17, 255, 161, 74, 239, 23, 239, 0, 0, 206, 1, 0, 95, 0, 0, 109, 3, 143]
1542965316853;[171, 0, 17, 255, 161, 74, 239, 23, 239, 0, 0, 211, 1, 0, 131, 0, 0, 99, 2, 190]
1542965316856;[171, 0, 17, 255, 161, 74, 239, 23, 239, 0, 0, 235, 1, 0, 66, 0, 0, 115, 2, 103]
1542965317200;[171, 0, 4, 255, 132, 128, 129]
1542965317227;[171, 0, 17, 255, 161, 74, 239, 23, 239, 0, 0, 250, 1, 0, 32, 0, 0, 61, 2, 96]
1542965317228;[171, 0, 17, 255, 161, 74, 239, 23, 239, 0, 0, 212, 1, 0, 71, 0, 0, 100, 2, 64]
1542965317230;[171, 0, 17, 255, 161, 74, 239, 23, 240, 0, 0, 213, 1, 0, 90, 0, 0, 103, 2, 72]
1542965317371;[171, 0, 17, 255, 161, 74, 239, 23, 240, 0, 0, 215, 1, 0, 95, 0, 0, 102, 2, 93]
1542965317543;[171, 0, 17, 255, 161, 74, 239, 23, 240, 0, 0, 206, 1, 0, 84, 0, 0, 105, 2, 157]
1542965317548;[171, 0, 17, 255, 161, 74, 239, 23, 240, 0, 0, 210, 1, 0, 92, 0, 0, 96, 2, 184]
1542965317717;[171, 0, 17, 255, 161, 74, 239, 23, 240, 0, 0, 210, 1, 0, 98, 0, 0, 98, 2, 133]
1542965317721;[171, 0, 17, 255, 161, 74, 239, 23, 240, 0, 0, 208, 1, 0, 102, 0, 0, 92, 2, 71]
1542965317889;[171, 0, 17, 255, 161, 74, 239, 23, 240, 0, 0, 211, 1, 0, 103, 0, 0, 96, 1, 234]
1542965318062;[171, 0, 17, 255, 161, 74, 239, 23, 240, 0, 0, 209, 1, 0, 104, 0, 0, 93, 1, 233]
1542965318066;[171, 0, 4, 255, 132, 128, 129]
1542965318234;[171, 0, 17, 255, 161, 74, 239, 23, 240, 0, 0, 206, 1, 0, 106, 0, 0, 91, 1, 194]
1542965318238;[171, 0, 17, 255, 161, 74, 239, 23, 240, 0, 0, 207, 1, 0, 103, 0, 0, 92, 1, 138]
1542965318579;[171, 0, 17, 255, 161, 74, 239, 23, 241, 0, 0, 206, 1, 0, 102, 0, 0, 92, 1, 77]
1542965318583;[171, 0, 17, 255, 161, 74, 239, 23, 241, 0, 0, 208, 1, 0, 103, 0, 0, 90, 1, 72]
1542965318587;[171, 0, 17, 255, 161, 74, 239, 23, 241, 0, 0, 205, 1, 0, 101, 0, 0, 92, 1, 94]
1542965318752;[171, 0, 17, 255, 161, 74, 239, 23, 241, 0, 0, 203, 1, 0, 104, 0, 0, 92, 1, 87]
1542965318757;[171, 0, 17, 255, 161, 74, 239, 23, 241, 0, 0, 207, 1, 0, 103, 0, 0, 91, 1, 71]
1542965318924;[171, 0, 17, 255, 161, 74, 239, 23, 241, 0, 0, 207, 1, 0, 102, 0, 0, 94, 1, 35]
1542965318928;[171, 0, 17, 255, 161, 74, 239, 23, 241, 0, 0, 203, 1, 0, 105, 0, 0, 93, 1, 102]
1542965319097;[171, 0, 17, 255, 161, 74, 239, 23, 241, 0, 0, 207, 1, 0, 105, 0, 0, 94, 1, 133]
1542965319101;[171, 0, 4, 255, 132, 128, 129]
1542965319268;[171, 0, 17, 255, 161, 74, 239, 23, 241, 0, 0, 206, 1, 0, 104, 0, 0, 94, 1, 98]
1542965319441;[171, 0, 17, 255, 161, 74, 239, 23, 241, 0, 0, 206, 1, 0, 106, 0, 0, 93, 1, 62]
1542965319444;[171, 0, 17, 255, 161, 74, 239, 23, 242, 0, 0, 207, 1, 0, 102, 0, 0, 95, 0, 253]
1542965319788;[171, 0, 17, 255, 161, 74, 239, 23, 242, 0, 0, 205, 1, 0, 103, 0, 0, 94, 1, 41]
1542965319791;[171, 0, 17, 255, 161, 74, 239, 23, 242, 0, 0, 207, 1, 0, 104, 0, 0, 94, 1, 9]
1542965319795;[171, 0, 17, 255, 161, 74, 239, 23, 242, 0, 0, 205, 1, 0, 102, 0, 0, 95, 0, 215]
1542965319959;[171, 0, 17, 255, 161, 74, 239, 23, 242, 0, 0, 208, 1, 0, 104, 0, 0, 94, 16, 148]
1542965319963;[171, 0, 17, 255, 161, 74, 239, 23, 242, 0, 0, 211, 1, 0, 103, 0, 0, 92, 7, 150]
1542965320131;[171, 0, 17, 255, 161, 74, 239, 23, 242, 0, 0, 207, 1, 0, 101, 0, 0, 91, 7, 196]
1542965320135;[171, 0, 17, 255, 161, 74, 239, 23, 242, 0, 0, 209, 1, 0, 100, 0, 0, 92, 7, 165]
1542965320303;[171, 0, 4, 255, 132, 128, 129]
1542965320330;[171, 0, 17, 255, 161, 74, 239, 23, 242, 0, 0, 207, 1, 0, 104, 0, 0, 91, 7, 115]
1542965320476;[171, 0, 17, 255, 161, 74, 239, 23, 242, 0, 0, 207, 1, 0, 105, 0, 0, 92, 7, 70]
1542965320648;[171, 0, 17, 255, 161, 74, 239, 23, 243, 0, 0, 208, 1, 0, 102, 0, 0, 93, 7, 58]
1542965320652;[171, 0, 17, 255, 161, 74, 239, 23, 243, 0, 0, 206, 1, 0, 101, 0, 0, 92, 7, 76]
1542965321167;[171, 0, 17, 255, 161, 74, 239, 23, 243, 0, 0, 208, 1, 0, 100, 0, 0, 91, 7, 31]
1542965321171;[171, 0, 17, 255, 161, 74, 239, 23, 243, 0, 0, 208, 1, 0, 101, 0, 0, 91, 7, 6]
1542965321175;[171, 0, 17, 255, 161, 74, 239, 23, 243, 0, 0, 209, 1, 0, 105, 0, 0, 92, 6, 197]
1542965321179;[171, 0, 17, 255, 161, 74, 239, 23, 243, 0, 0, 206, 1, 0, 103, 0, 0, 90, 6, 245]
1542965321339;[171, 0, 17, 255, 161, 74, 239, 23, 243, 0, 0, 207, 1, 0, 103, 0, 0, 90, 6, 253]
1542965321342;[171, 0, 17, 255, 161, 74, 239, 23, 245, 0, 0, 204, 1, 0, 106, 0, 0, 93, 8, 37]
1542965321511;[171, 0, 17, 255, 161, 74, 239, 23, 245, 0, 0, 205, 1, 0, 107, 0, 0, 91, 8, 127]
1542965321515;[171, 0, 17, 255, 161, 74, 239, 23, 246, 0, 0, 203, 1, 0, 103, 0, 0, 95, 8, 174]
1542965321683;[171, 0, 17, 255, 161, 74, 239, 23, 246, 0, 0, 207, 1, 0, 107, 0, 0, 96, 8, 152]
1542965321856;[171, 0, 17, 255, 161, 74, 239, 23, 246, 0, 0, 204, 1, 0, 109, 0, 0, 88, 8, 110]
1542965321860;[171, 0, 17, 255, 161, 74, 239, 23, 246, 0, 0, 203, 1, 0, 107, 0, 0, 92, 8, 49]
1542965322030;[171, 0, 17, 255, 161, 74, 239, 23, 246, 0, 0, 205, 1, 0, 109, 0, 0, 94, 8, 110]
1542965322034;[171, 0, 17, 255, 161, 74, 239, 23, 246, 0, 0, 203, 1, 0, 103, 0, 0, 93, 8, 116]
1542965322374;[171, 0, 17, 255, 161, 74, 239, 23, 246, 0, 0, 205, 1, 0, 111, 0, 0, 93, 8, 64]
1542965322378;[171, 0, 17, 255, 161, 74, 239, 23, 246, 0, 0, 196, 1, 0, 106, 0, 0, 93, 8, 28]
1542965322382;[171, 0, 4, 255, 132, 128, 128]
1542965322547;[171, 0, 17, 255, 161, 74, 239, 23, 246, 0, 0, 201, 1, 0, 113, 0, 0, 96, 7, 225]
1542965322551;[171, 0, 17, 255, 161, 74, 239, 23, 246, 0, 0, 199, 1, 0, 112, 0, 0, 93, 8, 21]
1542965322718;[171, 0, 17, 255, 161, 74, 239, 23, 247, 0, 0, 205, 1, 0, 111, 0, 0, 97, 8, 4]
1542965322893;[171, 0, 17, 255, 161, 74, 239, 23, 247, 0, 0, 203, 1, 0, 113, 0, 0, 90, 7, 224]
1542965322896;[171, 0, 17, 255, 161, 74, 239, 23, 247, 0, 0, 201, 1, 0, 112, 0, 0, 92, 7, 185]
1542965322900;[171, 0, 17, 255, 161, 74, 239, 23, 247, 0, 0, 202, 1, 0, 112, 0, 0, 92, 7, 155]
1542965323064;[171, 0, 17, 255, 161, 74, 239, 23, 247, 0, 0, 201, 1, 0, 113, 0, 0, 94, 7, 210]
1542965323237;[171, 0, 17, 255, 161, 74, 239, 23, 247, 0, 0, 200, 1, 0, 115, 0, 0, 92, 7, 187]
1542965323240;[171, 0, 17, 255, 161, 74, 239, 23, 247, 0, 0, 205, 1, 0, 113, 0, 0, 95, 7, 156]
1542965323757;[171, 0, 17, 255, 161, 74, 239, 23, 247, 0, 0, 202, 1, 0, 114, 0, 0, 93, 7, 110]
1542965323760;[171, 0, 4, 255, 132, 128, 128]
1542965323790;[171, 0, 17, 255, 161, 74, 239, 23, 247, 0, 0, 200, 1, 0, 113, 0, 0, 92, 7, 98]
1542965323792;[171, 0, 17, 255, 161, 74, 239, 23, 247, 0, 0, 199, 1, 0, 112, 0, 0, 87, 7, 134]
1542965323928;[171, 0, 17, 255, 161, 74, 239, 23, 248, 0, 0, 198, 1, 0, 114, 0, 0, 93, 7, 111]
1542965323932;[171, 0, 17, 255, 161, 74, 239, 23, 248, 0, 0, 203, 1, 0, 115, 0, 0, 95, 7, 92]
1542965323936;[171, 0, 17, 255, 161, 74, 239, 23, 248, 0, 0, 197, 1, 0, 115, 0, 0, 90, 7, 72]
1542965324099;[171, 0, 17, 255, 161, 74, 239, 23, 248, 0, 0, 200, 1, 0, 116, 0, 0, 91, 7, 97]
1542965324103;[171, 0, 17, 255, 161, 74, 239, 23, 248, 0, 0, 200, 1, 0, 114, 0, 0, 93, 7, 155]
1542965324271;[171, 0, 17, 255, 161, 74, 239, 23, 248, 0, 0, 200, 1, 0, 115, 0, 0, 93, 7, 137]
1542965324444;[171, 0, 17, 255, 161, 74, 239, 23, 248, 0, 0, 201, 1, 0, 118, 0, 0, 92, 7, 107]
1542965324448;[171, 0, 17, 255, 161, 74, 239, 23, 248, 0, 0, 198, 1, 0, 115, 0, 0, 92, 7, 79]
1542965324616;[171, 0, 4, 255, 132, 128, 128]
1542965324643;[171, 0, 17, 255, 161, 74, 239, 23, 248, 0, 0, 201, 1, 0, 115, 0, 0, 93, 7, 100]
1542965324961;[171, 0, 17, 255, 161, 74, 239, 23, 248, 0, 0, 200, 1, 0, 117, 0, 0, 92, 7, 114]
1542965324965;[171, 0, 17, 255, 161, 74, 239, 23, 249, 0, 0, 196, 1, 0, 115, 0, 0, 90, 7, 84]
1542965324969;[171, 0, 17, 255, 161, 74, 239, 23, 249, 0, 0, 194, 1, 0, 116, 0, 0, 91, 7, 56]
1542965325134;[171, 0, 17, 255, 161, 74, 239, 23, 249, 0, 0, 201, 1, 0, 117, 0, 0, 88, 6, 246]
1542965325138;[171, 0, 17, 255, 161, 74, 239, 23, 249, 0, 0, 199, 1, 0, 118, 0, 0, 92, 6, 253]
1542965325306;[171, 0, 17, 255, 161, 74, 239, 23, 249, 0, 0, 198, 1, 0, 117, 0, 0, 88, 7, 17]
1542965325310;[171, 0, 17, 255, 161, 74, 239, 23, 249, 0, 0, 198, 1, 0, 116, 0, 0, 92, 6, 243]
1542965325478;[171, 0, 17, 255, 161, 74, 239, 23, 249, 0, 0, 200, 1, 0, 118, 0, 0, 91, 6, 234]
1542965325650;[171, 0, 17, 255, 161, 74, 239, 23, 249, 0, 0, 199, 1, 0, 118, 0, 0, 92, 6, 191]
1542965325654;[171, 0, 4, 255, 132, 128, 128]
1542965325824;[171, 0, 17, 255, 161, 74, 239, 23, 249, 0, 0, 198, 1, 0, 116, 0, 0, 91, 6, 241]
1542965325828;[171, 0, 17, 255, 161, 74, 239, 23, 249, 0, 0, 199, 1, 0, 117, 0, 0, 92, 6, 243]
1542965326169;[171, 0, 17, 255, 161, 74, 239, 23, 250, 0, 0, 198, 1, 0, 117, 0, 0, 92, 6, 224]
1542965326173;[171, 0, 17, 255, 161, 74, 239, 23, 250, 0, 0, 200, 1, 0, 118, 0, 0, 92, 6, 203]
1542965326177;[171, 0, 17, 255, 161, 74, 239, 23, 250, 0, 0, 198, 1, 0, 118, 0, 0, 92, 6, 174]
1542965326341;[171, 0, 17, 255, 161, 74, 239, 23, 250, 0, 0, 199, 1, 0, 116, 0, 0, 94, 6, 236]
1542965326344;[171, 0, 17, 255, 161, 74, 239, 23, 250, 0, 0, 197, 1, 0, 118, 0, 0, 91, 6, 244]
1542965326515;[171, 0, 17, 255, 161, 74, 239, 23, 250, 0, 0, 199, 1, 0, 116, 0, 0, 92, 6, 230]
1542965326519;[171, 0, 17, 255, 161, 74, 239, 23, 250, 0, 0, 198, 1, 0, 120, 0, 0, 92, 6, 206]
1542965326686;[171, 0, 17, 255, 161, 74, 239, 23, 250, 0, 0, 201, 1, 0, 115, 0, 0, 94, 6, 174]
1542965326858;[171, 0, 4, 255, 132, 128, 127]
1542965326885;[171, 0, 17, 255, 161, 74, 239, 23, 250, 0, 0, 199, 1, 0, 118, 0, 0, 91, 7, 2]
1542965327031;[171, 0, 17, 255, 161, 74, 239, 23, 250, 0, 0, 198, 1, 0, 116, 0, 0, 92, 6, 246]
1542965327035;[171, 0, 17, 255, 161, 74, 239, 23, 251, 0, 0, 198, 1, 0, 117, 0, 0, 95, 6, 231]
1542965327203;[171, 0, 17, 255, 161, 74, 239, 23, 251, 0, 0, 199, 1, 0, 120, 0, 0, 92, 6, 196]
1542965327207;[171, 0, 17, 255, 161, 74, 239, 23, 251, 0, 0, 199, 1, 0, 116, 0, 0, 95, 6, 146]
1542965327549;[171, 0, 17, 255, 161, 74, 239, 23, 251, 0, 0, 180, 1, 0, 123, 0, 0, 116, 6, 238]
1542965327553;[171, 0, 17, 255, 161, 74, 239, 23, 251, 0, 0, 190, 1, 0, 129, 0, 0, 128, 7, 84]
1542965327557;[171, 0, 17, 255, 161, 74, 239, 23, 251, 0, 0, 167, 1, 0, 130, 0, 0, 151, 7, 156]
1542965327722;[171, 0, 17, 255, 161, 74, 239, 23, 251, 0, 0, 175, 1, 0, 123, 0, 0, 156, 7, 232]
1542965327725;[171, 0, 17, 255, 161, 74, 239, 23, 251, 0, 0, 166, 1, 0, 146, 0, 0, 172, 8, 12]
1542965327893;[171, 0, 4, 255, 132, 128, 127]
1542965327921;[171, 0, 17, 255, 161, 74, 239, 23, 251, 1, 0, 153, 1, 1, 11, 0, 0, 177, 8, 105]
1542965328066;[171, 0, 17, 255, 161, 74, 239, 23, 251, 0, 0, 148, 1, 0, 108, 0, 0, 151, 8, 67]
1542965328239;[171, 0, 17, 255, 161, 74, 239, 24, 0, 0, 0, 92, 1, 0, 106, 0, 0, 140, 8, 108]
1542965328243;[171, 0, 17, 255, 161, 74, 239, 24, 0, 0, 2, 173, 1, 0, 146, 0, 0, 76, 8, 79]
1542965328411;[171, 0, 17, 255, 161, 74, 239, 24, 0, 0, 0, 146, 1, 0, 131, 0, 0, 88, 7, 83]
1542965328415;[171, 0, 17, 255, 161, 74, 239, 24, 0, 0, 0, 142, 1, 0, 174, 0, 0, 63, 7, 114]
1542965328758;[171, 0, 17, 255, 161, 74, 239, 24, 0, 0, 0, 149, 1, 0, 184, 0, 0, 67, 7, 77]
1542965328762;[171, 0, 17, 255, 161, 74, 239, 24, 0, 0, 0, 135, 1, 0, 195, 0, 0, 79, 7, 68]
1542965328766;[171, 0, 17, 255, 161, 74, 239, 24, 0, 0, 0, 146, 1, 0, 185, 0, 0, 51, 7, 41]
1542965328930;[171, 0, 17, 255, 161, 74, 239, 24, 0, 0, 0, 134, 1, 0, 197, 0, 0, 40, 7, 11]
1542965328933;[171, 0, 4, 255, 132, 128, 127]
1542965329102;[171, 0, 17, 255, 161, 74, 239, 24, 0, 0, 0, 136, 1, 0, 200, 0, 0, 50, 7, 84]
1542965329106;[171, 0, 17, 255, 161, 74, 239, 24, 0, 0, 0, 134, 1, 0, 200, 0, 0, 53, 7, 123]
1542965329273;[171, 0, 17, 255, 161, 74, 239, 24, 1, 0, 0, 132, 1, 0, 201, 0, 0, 49, 7, 141]
1542965329447;[171, 0, 17, 255, 161, 74, 239, 24, 1, 0, 0, 131, 1, 0, 204, 0, 0, 52, 7, 139]
1542965329451;[171, 0, 17, 255, 161, 74, 239, 24, 1, 0, 0, 130, 1, 0, 202, 0, 0, 52, 7, 125]
1542965329618;[171, 0, 17, 255, 161, 74, 239, 24, 1, 0, 0, 130, 1, 0, 205, 0, 0, 45, 7, 163]
1542965329622;[171, 0, 17, 255, 161, 74, 239, 24, 1, 0, 0, 130, 1, 0, 202, 0, 0, 43, 7, 168]
1542965330138;[171, 0, 17, 255, 161, 74, 239, 24, 1, 0, 0, 129, 1, 0, 202, 0, 0, 48, 7, 170]
1542965330142;[171, 0, 17, 255, 161, 74, 239, 24, 1, 0, 0, 133, 1, 0, 199, 0, 0, 46, 7, 165]
1542965330146;[171, 0, 17, 255, 161, 74, 239, 24, 1, 0, 0, 148, 1, 0, 195, 0, 0, 40, 7, 169]
1542965330150;[171, 0, 4, 255, 132, 128, 126]
1542965330311;[171, 0, 17, 255, 161, 74, 239, 24, 1, 0, 0, 145, 1, 0, 194, 0, 0, 50, 7, 217]
1542965330315;[171, 0, 17, 255, 161, 74, 239, 24, 1, 0, 0, 147, 1, 0, 196, 0, 0, 53, 7, 224]
1542965330318;[171, 0, 17, 255, 161, 74, 239, 24, 2, 0, 0, 134, 1, 0, 196, 0, 0, 50, 7, 194]
1542965330481;[171, 0, 17, 255, 161, 74, 239, 24, 2, 0, 0, 138, 1, 0, 196, 0, 0, 50, 7, 167]
1542965330654;[171, 0, 17, 255, 161, 74, 239, 24, 2, 0, 0, 152, 1, 0, 186, 0, 0, 48, 7, 127]
1542965330657;[171, 0, 17, 255, 161, 74, 239, 24, 2, 0, 0, 151, 1, 0, 187, 0, 0, 54, 7, 157]
1542965330826;[171, 0, 17, 255, 161, 74, 239, 24, 2, 0, 0, 146, 1, 0, 185, 0, 0, 50, 7, 193]
1542965330830;[171, 0, 17, 255, 161, 74, 239, 24, 2, 0, 0, 150, 1, 0, 188, 0, 0, 54, 7, 174]
1542965331013;[171, 0, 17, 255, 161, 74, 239, 24, 2, 0, 0, 148, 1, 0, 188, 0, 0, 53, 7, 172]
1542965331015;[171, 0, 17, 255, 161, 74, 239, 24, 2, 0, 0, 146, 1, 0, 186, 0, 0, 55, 7, 157]
1542965331345;[171, 0, 4, 255, 132, 128, 126]
1542965331372;[171, 0, 17, 255, 161, 74, 239, 24, 2, 0, 0, 148, 1, 0, 186, 0, 0, 51, 7, 184]
1542965331374;[171, 0, 17, 255, 161, 74, 239, 24, 2, 0, 0, 150, 1, 0, 186, 0, 0, 52, 7, 236]
1542965331691;[171, 0, 17, 255, 161, 74, 239, 24, 3, 0, 0, 161, 1, 0, 168, 0, 0, 40, 7, 241]
1542965331695;[171, 0, 17, 255, 161, 74, 239, 24, 3, 0, 0, 146, 1, 0, 199, 0, 0, 54, 7, 243]
1542965331699;[171, 0, 17, 255, 161, 74, 239, 24, 3, 0, 0, 154, 1, 0, 179, 0, 0, 56, 7, 212]
1542965331861;[171, 0, 17, 255, 161, 74, 239, 24, 3, 0, 0, 153, 1, 0, 185, 0, 0, 50, 7, 196]
1542965331864;[171, 0, 17, 255, 161, 74, 239, 24, 3, 0, 0, 153, 1, 0, 186, 0, 0, 51, 8, 9]
1542965332033;[171, 0, 17, 255, 161, 74, 239, 24, 3, 0, 0, 151, 1, 0, 185, 0, 0, 50, 8, 13]
1542965332037;[171, 0, 17, 255, 161, 74, 239, 24, 3, 0, 0, 152, 1, 0, 185, 0, 0, 50, 8, 7]
1542965332206;[171, 0, 17, 255, 161, 74, 239, 24, 3, 0, 0, 151, 1, 0, 186, 0, 0, 53, 7, 239]
1542965332209;[171, 0, 4, 255, 132, 128, 126]
1542965332552;[171, 0, 17, 255, 161, 74, 239, 24, 3, 0, 0, 152, 1, 0, 187, 0, 0, 51, 7, 208]
1542965332725;[171, 0, 17, 255, 161, 74, 239, 24, 3, 0, 0, 153, 1, 0, 185, 0, 0, 50, 7, 235]
1542965332729;[171, 0, 17, 255, 161, 74, 239, 24, 4, 0, 0, 153, 1, 0, 184, 0, 0, 49, 7, 243]
1542965332733;[171, 0, 17, 255, 161, 74, 239, 24, 4, 0, 0, 154, 1, 0, 183, 0, 0, 53, 7, 222]
1542965332737;[171, 0, 17, 255, 161, 74, 239, 24, 4, 0, 0, 155, 1, 0, 182, 0, 0, 50, 7, 196]
1542965332896;[171, 0, 17, 255, 161, 74, 239, 24, 4, 0, 0, 150, 1, 0, 192, 0, 0, 56, 7, 161]
1542965332900;[171, 0, 17, 255, 161, 74, 239, 24, 4, 0, 0, 126, 1, 0, 166, 0, 0, 63, 7, 175]
1542965333068;[171, 0, 17, 255, 161, 74, 239, 24, 4, 0, 0, 96, 1, 0, 160, 0, 0, 158, 8, 50]
1542965333241;[171, 0, 17, 255, 161, 74, 239, 24, 4, 0, 1, 94, 1, 0, 197, 0, 0, 182, 8, 61]
1542965333244;[171, 0, 17, 255, 161, 74, 239, 24, 4, 0, 0, 73, 1, 0, 106, 0, 0, 158, 7, 243]
1542965333414;[171, 0, 4, 255, 132, 128, 125]
1542965333440;[171, 0, 17, 255, 161, 74, 239, 24, 4, 0, 0, 122, 1, 0, 65, 0, 0, 228, 8, 0]
1542965333586;[171, 0, 17, 255, 161, 74, 239, 24, 4, 0, 0, 115, 1, 0, 73, 0, 0, 253, 8, 37]
1542965333934;[171, 0, 17, 255, 161, 74, 239, 24, 5, 0, 0, 69, 1, 0, 66, 0, 0, 252, 8, 173]
1542965333938;[171, 0, 17, 255, 161, 74, 239, 24, 5, 0, 0, 59, 1, 0, 65, 0, 0, 241, 8, 250]
1542965333942;[171, 0, 17, 255, 161, 74, 239, 24, 5, 0, 0, 66, 1, 0, 66, 0, 0, 240, 9, 26]
1542965333946;[171, 0, 17, 255, 161, 74, 239, 24, 5, 0, 0, 42, 1, 0, 60, 0, 0, 231, 9, 42]
1542965334105;[171, 0, 17, 255, 161, 74, 239, 24, 5, 0, 0, 14, 1, 0, 53, 0, 0, 253, 9, 55]
1542965334109;[171, 0, 17, 255, 161, 74, 239, 24, 5, 0, 0, 25, 1, 0, 65, 0, 0, 248, 9, 174]
1542965334276;[171, 0, 17, 255, 161, 74, 239, 24, 5, 0, 0, 40, 1, 0, 52, 0, 0, 253, 10, 22]
1542965334450;[171, 0, 17, 255, 161, 74, 239, 24, 5, 0, 0, 39, 1, 0, 53, 0, 0, 251, 10, 84]
1542965334455;[171, 0, 4, 255, 132, 128, 124]
1542965334622;[171, 0, 17, 255, 161, 74, 239, 24, 5, 0, 0, 36, 1, 0, 52, 0, 0, 251, 10, 136]
1542965334626;[171, 0, 17, 255, 161, 74, 239, 24, 5, 0, 0, 39, 1, 0, 53, 0, 0, 251, 10, 168]
1542965334794;[171, 0, 17, 255, 161, 74, 239, 24, 6, 0, 0, 38, 1, 0, 52, 0, 0, 251, 10, 228]
1542965334797;[171, 0, 17, 255, 161, 74, 239, 24, 6, 0, 0, 36, 1, 0, 53, 0, 0, 251, 11, 110]
1542965335140;[171, 0, 17, 255, 161, 74, 239, 24, 6, 0, 0, 33, 1, 0, 53, 0, 0, 253, 11, 177]
1542965335143;[171, 0, 17, 255, 161, 74, 239, 24, 6, 0, 0, 34, 1, 0, 55, 0, 0, 251, 11, 232]
1542965335147;[171, 0, 17, 255, 161, 74, 239, 24, 6, 0, 0, 31, 1, 0, 53, 0, 0, 253, 12, 7]
1542965335312;[171, 0, 17, 255, 161, 74, 239, 24, 6, 0, 0, 29, 1, 0, 54, 0, 0, 252, 12, 42]
1542965335316;[171, 0, 17, 255, 161, 74, 239, 24, 6, 0, 0, 28, 1, 0, 55, 0, 0, 252, 12, 171]
1542965335483;[171, 0, 17, 255, 161, 74, 239, 24, 6, 0, 0, 31, 1, 0, 56, 0, 0, 253, 12, 250]
1542965335655;[171, 0, 4, 255, 132, 128, 123]
1542965335682;[171, 0, 17, 255, 161, 74, 239, 24, 6, 0, 0, 19, 1, 0, 53, 0, 0, 252, 13, 42]
1542965335828;[171, 0, 17, 255, 161, 74, 239, 24, 6, 0, 0, 23, 1, 0, 55, 0, 0, 254, 13, 105]
1542965335832;[171, 0, 17, 255, 161, 74, 239, 24, 7, 0, 0, 23, 1, 0, 55, 0, 0, 254, 13, 135]
1542965336003;[171, 0, 17, 255, 161, 74, 239, 24, 7, 0, 0, 24, 1, 0, 55, 0, 0, 254, 14, 6]
1542965336024;[171, 0, 17, 255, 161, 74, 239, 24, 7, 0, 0, 27, 1, 0, 57, 0, 0, 254, 14, 6]
1542965336174;[171, 0, 17, 255, 161, 74, 239, 24, 7, 0, 0, 26, 1, 0, 57, 0, 0, 251, 14, 60]
1542965336520;[171, 0, 17, 255, 161, 74, 239, 24, 7, 0, 0, 24, 1, 0, 56, 0, 0, 251, 14, 115]
1542965336524;[171, 0, 17, 255, 161, 74, 239, 24, 7, 0, 0, 23, 1, 0, 57, 0, 0, 254, 14, 137]
1542965336528;[171, 0, 17, 255, 161, 74, 239, 24, 7, 0, 0, 27, 1, 0, 57, 0, 0, 254, 14, 255]
1542965336532;[171, 0, 17, 255, 161, 74, 239, 24, 7, 0, 0, 22, 1, 0, 56, 0, 0, 252, 31, 110]
1542965336691;[171, 0, 4, 255, 132, 128, 122]
1542965336718;[171, 0, 17, 255, 161, 74, 239, 24, 7, 0, 0, 23, 1, 0, 57, 0, 0, 253, 8, 4]
1542965336864;[171, 0, 17, 255, 161, 74, 239, 24, 7, 0, 0, 25, 1, 0, 54, 0, 0, 253, 8, 49]
1542965337036;[171, 0, 17, 255, 161, 74, 239, 24, 8, 0, 0, 22, 1, 0, 56, 0, 0, 253, 8, 82]
1542965337040;[171, 0, 17, 255, 161, 74, 239, 24, 8, 0, 0, 24, 1, 0, 57, 0, 0, 253, 8, 198]
1542965337208;[171, 0, 17, 255, 161, 74, 239, 24, 8, 0, 0, 27, 1, 0, 54, 0, 0, 254, 9, 41]
1542965337212;[171, 0, 17, 255, 161, 74, 239, 24, 8, 0, 0, 24, 1, 0, 56, 0, 0, 253, 9, 100]
1542965337382;[171, 0, 17, 255, 161, 74, 239, 24, 8, 0, 0, 23, 1, 0, 56, 0, 0, 252, 9, 136]
1542965337729;[171, 0, 17, 255, 161, 74, 239, 24, 8, 0, 0, 24, 1, 0, 55, 0, 0, 253, 9, 168]
1542965337733;[171, 0, 17, 255, 161, 74, 239, 24, 8, 0, 0, 25, 1, 0, 56, 0, 0, 253, 10, 15]
1542965337737;[171, 0, 17, 255, 161, 74, 239, 24, 8, 0, 0, 24, 1, 0, 54, 0, 0, 253, 10, 107]
1542965337741;[171, 0, 4, 255, 132, 128, 121]
1542965337899;[171, 0, 17, 255, 161, 74, 239, 24, 8, 0, 0, 27, 1, 0, 54, 0, 0, 253, 10, 153]
1542965337903;[171, 0, 17, 255, 161, 74, 239, 24, 8, 0, 0, 25, 1, 0, 56, 0, 0, 254, 10, 185]
1542965338071;[171, 0, 17, 255, 161, 74, 239, 24, 9, 0, 0, 26, 1, 0, 55, 0, 0, 250, 10, 210]
1542965338244;[171, 0, 17, 255, 161, 74, 239, 24, 9, 0, 0, 24, 1, 0, 55, 0, 0, 252, 11, 41]
1542965338247;[171, 0, 17, 255, 161, 74, 239, 24, 9, 0, 0, 27, 1, 0, 55, 0, 0, 255, 11, 108]
1542965338416;[171, 0, 17, 255, 161, 74, 239, 24, 9, 0, 0, 25, 1, 0, 53, 0, 0, 254, 11, 151]
1542965338419;[171, 0, 17, 255, 161, 74, 239, 24, 9, 0, 0, 23, 1, 0, 54, 0, 0, 253, 11, 191]
1542965338589;[171, 0, 17, 255, 161, 74, 239, 24, 9, 0, 0, 22, 1, 0, 55, 0, 0, 255, 11, 210]
1542965339103;[171, 0, 17, 255, 161, 74, 239, 24, 9, 0, 0, 22, 1, 0, 55, 0, 0, 252, 12, 31]
1542965339106;[171, 0, 17, 255, 161, 74, 239, 24, 9, 0, 0, 19, 1, 0, 54, 0, 0, 255, 12, 106]
1542965339109;[171, 0, 4, 255, 132, 128, 120]
1542965339144;[171, 0, 17, 255, 161, 74, 239, 24, 9, 0, 0, 21, 1, 0, 54, 0, 0, 254, 12, 139]
1542965339276;[171, 0, 17, 255, 161, 74, 239, 24, 9, 0, 0, 21, 1, 0, 57, 0, 0, 254, 12, 177]
1542965339281;[171, 0, 17, 255, 161, 74, 239, 24, 10, 0, 0, 21, 1, 0, 54, 0, 0, 253, 12, 203]
1542965339286;[171, 0, 17, 255, 161, 74, 239, 24, 10, 0, 0, 22, 1, 0, 55, 0, 0, 251, 13, 38]
1542965339446;[171, 0, 17, 255, 161, 74, 239, 24, 10, 0, 0, 21, 1, 0, 55, 0, 0, 253, 13, 38]
1542965339450;[171, 0, 17, 255, 161, 74, 239, 24, 10, 0, 0, 20, 1, 0, 54, 0, 0, 255, 13, 79]
1542965339619;[171, 0, 17, 255, 161, 74, 239, 24, 10, 0, 0, 21, 1, 0, 53, 0, 0, 254, 13, 107]
1542965339621;[171, 0, 17, 255, 161, 74, 239, 24, 10, 0, 0, 19, 1, 0, 54, 0, 0, 252, 13, 126]
1542965339791;[171, 0, 17, 255, 161, 74, 239, 24, 10, 0, 0, 21, 1, 0, 54, 0, 0, 253, 13, 227]
1542965339795;[171, 0, 17, 255, 161, 74, 239, 24, 10, 0, 0, 22, 1, 0, 55, 0, 0, 254, 14, 36]
1542965339963;[171, 0, 4, 255, 132, 128, 120]
1542965340309;[171, 0, 17, 255, 161, 74, 239, 24, 10, 0, 0, 22, 1, 0, 54, 0, 0, 253, 14, 64]
1542965340312;[171, 0, 17, 255, 161, 74, 239, 24, 10, 0, 0, 22, 1, 0, 54, 0, 0, 254, 14, 105]
1542965340314;[171, 0, 17, 255, 161, 74, 239, 24, 11, 0, 0, 20, 1, 0, 55, 0, 0, 254, 14, 113]
1542965340316;[171, 0, 17, 255, 161, 74, 239, 24, 11, 0, 0, 15, 1, 0, 60, 0, 0, 254, 14, 187]
1542965340481;[171, 0, 17, 255, 161, 74, 239, 24, 11, 0, 0, 22, 1, 0, 56, 0, 0, 254, 14, 239]
1542965340654;[171, 0, 17, 255, 161, 74, 239, 24, 11, 0, 0, 22, 1, 0, 53, 0, 0, 252, 15, 3]
1542965340656;[171, 0, 17, 255, 161, 74, 239, 24, 11, 0, 0, 23, 1, 0, 55, 0, 0, 255, 15, 11]
1542965340826;[171, 0, 17, 255, 161, 74, 239, 24, 11, 0, 0, 22, 1, 0, 55, 0, 0, 252, 15, 13]
1542965340830;[171, 0, 17, 255, 161, 74, 239, 24, 11, 0, 0, 23, 1, 0, 54, 0, 0, 253, 15, 42]
1542965340999;[171, 0, 17, 255, 161, 74, 239, 24, 11, 0, 0, 25, 1, 0, 54, 0, 0, 252, 31, 78]
1542965341000;[171, 0, 4, 255, 132, 128, 120]
1542965341170;[171, 0, 17, 255, 161, 74, 239, 24, 11, 0, 0, 23, 1, 0, 56, 0, 0, 254, 7, 208]
1542965341520;[171, 0, 17, 255, 161, 74, 239, 24, 11, 0, 0, 27, 1, 0, 56, 0, 0, 253, 7, 217]
1542965341525;[171, 0, 17, 255, 161, 74, 239, 24, 12, 0, 0, 27, 1, 0, 56, 0, 0, 252, 7, 214]
1542965341526;[171, 0, 17, 255, 161, 74, 239, 24, 12, 0, 0, 26, 1, 0, 55, 0, 0, 251, 7, 241]
1542965341528;[171, 0, 17, 255, 161, 74, 239, 24, 12, 0, 0, 24, 1, 0, 54, 0, 0, 253, 8, 26]
1542965341694;[171, 0, 17, 255, 161, 74, 239, 24, 12, 0, 0, 27, 1, 0, 54, 0, 0, 254, 8, 38]
1542965341697;[171, 0, 17, 255, 161, 74, 239, 24, 12, 0, 0, 26, 1, 0, 54, 0, 0, 253, 8, 36]
1542965341861;[171, 0, 17, 255, 161, 74, 239, 24, 12, 0, 0, 29, 1, 0, 56, 0, 0, 252, 8, 34]
1542965342034;[171, 0, 17, 255, 161, 74, 239, 24, 12, 0, 0, 24, 1, 0, 54, 0, 0, 253, 8, 62]
1542965342037;[171, 0, 17, 255, 161, 74, 239, 24, 12, 0, 0, 28, 1, 0, 54, 0, 0, 253, 8, 103]
1542965342205;[171, 0, 4, 255, 132, 128, 120]
1542965342230;[171, 0, 17, 255, 161, 74, 239, 24, 12, 0, 0, 27, 1, 0, 54, 0, 0, 253, 8, 115]
1542965342382;[171, 0, 17, 255, 161, 74, 239, 24, 12, 0, 0, 27, 1, 0, 54, 0, 0, 252, 8, 112]
1542965342553;[171, 0, 17, 255, 161, 74, 239, 24, 13, 0, 0, 27, 1, 0, 56, 0, 0, 252, 8, 118]
1542965342555;[171, 0, 17, 255, 161, 74, 239, 24, 13, 0, 0, 24, 1, 0, 55, 0, 0, 251, 8, 120]
1542965342901;[171, 0, 17, 255, 161, 74, 239, 24, 13, 0, 0, 27, 1, 0, 53, 0, 0, 254, 8, 173]
1542965342905;[171, 0, 17, 255, 161, 74, 239, 24, 13, 0, 0, 27, 1, 0, 53, 0, 0, 253, 8, 182]
1542965342908;[171, 0, 17, 255, 161, 74, 239, 24, 13, 0, 0, 24, 1, 0, 57, 0, 0, 254, 8, 184]
1542965342913;[171, 0, 17, 255, 161, 74, 239, 24, 13, 0, 0, 27, 1, 0, 56, 0, 0, 253, 8, 171]
1542965343073;[171, 0, 17, 255, 161, 74, 239, 24, 13, 0, 0, 27, 1, 0, 55, 0, 0, 253, 8, 162]
1542965343245;[171, 0, 17, 255, 161, 74, 239, 24, 13, 0, 0, 23, 1, 0, 54, 0, 0, 253, 8, 202]
1542965343249;[171, 0, 4, 255, 132, 128, 119]
1542965343418;[171, 0, 17, 255, 161, 74, 239, 24, 13, 0, 0, 32, 1, 0, 54, 0, 0, 253, 8, 202]
1542965343422;[171, 0, 17, 255, 161, 74, 239, 24, 13, 0, 0, 25, 1, 0, 54, 0, 0, 252, 8, 201]
1542965343591;[171, 0, 17, 255, 161, 74, 239, 24, 14, 0, 0, 27, 1, 0, 56, 0, 0, 254, 8, 186]
1542965343595;[171, 0, 17, 255, 161, 74, 239, 24, 14, 0, 0, 26, 1, 0, 54, 0, 0, 252, 8, 176]
1542965343763;[171, 0, 17, 255, 161, 74, 239, 24, 14, 0, 0, 26, 1, 0, 55, 0, 0, 252, 8, 188]
1542965344111;[171, 0, 17, 255, 161, 74, 239, 24, 14, 0, 0, 27, 1, 0, 54, 0, 0, 252, 8, 206]
1542965344114;[171, 0, 17, 255, 161, 74, 239, 24, 14, 0, 0, 26, 1, 0, 56, 0, 0, 253, 8, 188]
1542965344118;[171, 0, 17, 255, 161, 74, 239, 24, 14, 0, 0, 27, 1, 0, 54, 0, 0, 253, 8, 188]
1542965344121;[171, 0, 17, 255, 161, 74, 239, 24, 14, 0, 0, 24, 1, 0, 54, 0, 0, 252, 8, 172]
1542965344454;[171, 0, 17, 255, 161, 74, 239, 24, 16, 0, 0, 25, 1, 0, 55, 0, 0, 253, 9, 44]
1542965344458;[171, 0, 17, 255, 161, 74, 239, 24, 16, 0, 0, 27, 1, 0, 53, 0, 0, 251, 9, 36]
1542965344627;[171, 0, 17, 255, 161, 74, 239, 24, 17, 0, 0, 30, 1, 0, 54, 0, 0, 252, 9, 29]
1542965344630;[171, 0, 17, 255, 161, 74, 239, 24, 17, 0, 0, 29, 1, 0, 53, 0, 0, 253, 9, 5]
1542965344798;[171, 0, 17, 255, 161, 74, 239, 24, 17, 0, 0, 25, 1, 0, 55, 0, 0, 253, 9, 18]
1542965344801;[171, 0, 17, 255, 161, 74, 239, 24, 17, 0, 0, 29, 1, 0, 53, 0, 0, 253, 9, 30]
1542965344970;[171, 0, 17, 255, 161, 74, 239, 24, 17, 0, 0, 27, 1, 0, 52, 0, 0, 252, 9, 19]
1542965345491;[171, 0, 17, 255, 161, 74, 239, 24, 17, 0, 0, 27, 1, 0, 56, 0, 0, 252, 9, 10]
1542965345495;[171, 0, 17, 255, 161, 74, 239, 24, 17, 0, 0, 24, 1, 0, 55, 0, 0, 253, 9, 3]
1542965345499;[171, 0, 17, 255, 161, 74, 239, 24, 17, 0, 0, 24, 1, 0, 54, 0, 0, 253, 9, 7]
1542965345503;[171, 0, 4, 255, 132, 128, 119]
1542965345661;[171, 0, 17, 255, 161, 74, 239, 24, 17, 0, 0, 25, 1, 0, 54, 0, 0, 253, 9, 36]
1542965345665;[171, 0, 17, 255, 161, 74, 239, 24, 17, 0, 0, 24, 1, 0, 53, 0, 0, 253, 9, 37]
1542965345669;[171, 0, 17, 255, 161, 74, 239, 24, 18, 0, 0, 24, 1, 0, 52, 0, 0, 253, 9, 21]
1542965345834;[171, 0, 17, 255, 161, 74, 239, 24, 18, 0, 0, 27, 1, 0, 53, 0, 0, 253, 9, 8]
1542965345839;[171, 0, 17, 255, 161, 74, 239, 24, 18, 0, 0, 25, 1, 0, 53, 0, 0, 252, 9, 10]
1542965346005;[171, 0, 17, 255, 161, 74, 239, 24, 18, 0, 0, 26, 1, 0, 54, 0, 0, 253, 9, 31]
1542965346008;[171, 0, 17, 255, 161, 74, 239, 24, 18, 0, 0, 27, 1, 0, 53, 0, 0, 253, 9, 23]
1542965346178;[171, 0, 17, 255, 161, 74, 239, 24, 18, 0, 0, 30, 1, 0, 54, 0, 0, 253, 9, 6]
1542965346351;[171, 0, 17, 255, 161, 74, 239, 24, 18, 0, 0, 27, 1, 0, 56, 0, 0, 253, 8, 242]
1542965346354;[171, 0, 17, 255, 161, 74, 239, 24, 18, 0, 0, 28, 1, 0, 55, 0, 0, 253, 8, 227]
1542965346697;[171, 0, 4, 255, 132, 128, 119]
1542965346724;[171, 0, 17, 255, 161, 74, 239, 24, 18, 0, 0, 27, 1, 0, 52, 0, 0, 254, 9, 4]
1542965346726;[171, 0, 17, 255, 161, 74, 239, 24, 18, 0, 0, 27, 1, 0, 54, 0, 0, 254, 8, 250]
1542965346728;[171, 0, 17, 255, 161, 74, 239, 24, 19, 0, 0, 27, 1, 0, 53, 0, 0, 253, 8, 234]
1542965346867;[171, 0, 17, 255, 161, 74, 239, 24, 19, 0, 0, 27, 1, 0, 55, 0, 0, 253, 8, 213]
1542965347043;[171, 0, 17, 255, 161, 74, 239, 24, 19, 0, 0, 30, 1, 0, 54, 0, 0, 253, 8, 189]
1542965347046;[171, 0, 17, 255, 161, 74, 239, 24, 19, 0, 0, 27, 1, 0, 54, 0, 0, 254, 8, 227]
1542965347214;[171, 0, 17, 255, 161, 74, 239, 24, 19, 0, 0, 27, 1, 0, 55, 0, 0, 253, 8, 230]
1542965347218;[171, 0, 17, 255, 161, 74, 239, 24, 19, 0, 0, 26, 1, 0, 52, 0, 0, 252, 8, 226]
1542965347386;[171, 0, 17, 255, 161, 74, 239, 24, 19, 0, 0, 27, 1, 0, 53, 0, 0, 253, 8, 220]
1542965347559;[171, 0, 17, 255, 161, 74, 239, 24, 19, 0, 0, 28, 1, 0, 54, 0, 0, 252, 8, 203]
1542965347562;[171, 0, 4, 255, 132, 128, 119]
1542965347906;[171, 0, 17, 255, 161, 74, 239, 24, 19, 0, 0, 27, 1, 0, 54, 0, 0, 253, 8, 229]
1542965347910;[171, 0, 17, 255, 161, 74, 239, 24, 19, 0, 0, 28, 1, 0, 54, 0, 0, 253, 8, 240]
1542965347914;[171, 0, 17, 255, 161, 74, 239, 24, 20, 0, 0, 27, 1, 0, 54, 0, 0, 253, 8, 234]
1542965347918;[171, 0, 17, 255, 161, 74, 239, 24, 20, 0, 0, 24, 1, 0, 56, 0, 0, 252, 8, 220]
1542965348076;[171, 0, 17, 255, 161, 74, 239, 24, 20, 0, 0, 30, 1, 0, 54, 0, 0, 253, 8, 192]
1542965348248;[171, 0, 17, 255, 161, 74, 239, 24, 20, 0, 0, 30, 1, 0, 54, 0, 0, 253, 8, 204]
1542965348252;[171, 0, 17, 255, 161, 74, 239, 24, 20, 0, 0, 29, 1, 0, 55, 0, 0, 253, 8, 199]
1542965348421;[171, 0, 17, 255, 161, 74, 239, 24, 20, 0, 0, 33, 1, 0, 54, 0, 0, 252, 8, 162]
1542965348425;[171, 0, 17, 255, 161, 74, 239, 24, 20, 0, 0, 34, 1, 0, 55, 0, 0, 252, 8, 124]
1542965348593;[171, 0, 17, 255, 161, 74, 239, 24, 20, 0, 0, 36, 1, 0, 52, 0, 0, 252, 8, 80]
1542965348597;[171, 0, 4, 255, 132, 128, 118]
1542965348770;[171, 0, 17, 255, 161, 74, 239, 24, 20, 0, 0, 37, 1, 0, 54, 0, 0, 250, 8, 80]
1542965348937;[171, 0, 17, 255, 161, 74, 239, 24, 20, 0, 0, 36, 1, 0, 51, 0, 0, 250, 8, 98]
1542965348939;[171, 0, 17, 255, 161, 74, 239, 24, 21, 0, 0, 33, 1, 0, 51, 0, 0, 250, 8, 108]
1542965349284;[171, 0, 17, 255, 161, 74, 239, 24, 21, 0, 0, 29, 1, 0, 50, 0, 0, 251, 8, 122]
1542965349288;[171, 0, 17, 255, 161, 74, 239, 24, 21, 0, 0, 25, 1, 0, 55, 0, 0, 254, 8, 83]
1542965349292;[171, 0, 17, 255, 161, 74, 239, 24, 21, 0, 0, 27, 1, 0, 54, 0, 0, 252, 8, 38]
1542965349456;[171, 0, 17, 255, 161, 74, 239, 24, 21, 0, 0, 31, 1, 0, 54, 0, 0, 254, 8, 51]
1542965349460;[171, 0, 17, 255, 161, 74, 239, 24, 21, 0, 0, 29, 1, 0, 53, 0, 0, 254, 8, 55]
1542965349630;[171, 0, 17, 255, 161, 74, 239, 24, 21, 0, 0, 30, 1, 0, 53, 0, 0, 253, 8, 51]
1542965349633;[171, 0, 17, 255, 161, 74, 239, 24, 21, 0, 0, 27, 1, 0, 54, 0, 0, 254, 8, 54]
1542965349801;[171, 0, 4, 255, 132, 128, 118]
1542965349828;[171, 0, 17, 255, 161, 74, 239, 24, 21, 0, 0, 27, 1, 0, 54, 0, 0, 252, 8, 51]
1542965349973;[171, 0, 17, 255, 161, 74, 239, 24, 21, 0, 0, 29, 1, 0, 55, 0, 0, 254, 8, 94]
1542965350146;[171, 0, 17, 255, 161, 74, 239, 24, 22, 0, 0, 27, 1, 0, 54, 0, 0, 252, 8, 118]
1542965350150;[171, 0, 17, 255, 161, 74, 239, 24, 22, 0, 0, 27, 1, 0, 54, 0, 0, 253, 8, 120]
1542965350493;[171, 0, 17, 255, 161, 74, 239, 24, 22, 0, 0, 30, 1, 0, 53, 0, 0, 252, 8, 123]
1542965350497;[171, 0, 17, 255, 161, 74, 239, 24, 22, 0, 0, 27, 1, 0, 52, 0, 0, 253, 8, 125]
1542965350501;[171, 0, 17, 255, 161, 74, 239, 24, 22, 0, 0, 29, 1, 0, 52, 0, 0, 254, 8, 148]
1542965350505;[171, 0, 17, 255, 161, 74, 239, 24, 22, 0, 0, 27, 1, 0, 53, 0, 0, 252, 8, 182]
1542965350663;[171, 0, 17, 255, 161, 74, 239, 24, 22, 0, 0, 26, 1, 0, 55, 0, 0, 253, 8, 181]
1542965350836;[171, 0, 17, 255, 161, 74, 239, 24, 22, 0, 0, 27, 1, 0, 52, 0, 0, 254, 8, 169]
1542965350839;[171, 0, 4, 255, 132, 128, 118]
1542965351010;[171, 0, 17, 255, 161, 74, 239, 24, 22, 0, 0, 28, 1, 0, 52, 0, 0, 253, 8, 164]
1542965351014;[171, 0, 17, 255, 161, 74, 239, 24, 22, 0, 0, 30, 1, 0, 52, 0, 0, 254, 8, 173]
1542965351180;[171, 0, 17, 255, 161, 74, 239, 24, 23, 0, 0, 23, 1, 0, 55, 0, 0, 253, 8, 222]
1542965351354;[171, 0, 17, 255, 161, 74, 239, 24, 23, 0, 0, 27, 1, 0, 54, 0, 0, 253, 8, 234]
1542965351357;[171, 0, 17, 255, 161, 74, 239, 24, 23, 0, 0, 30, 1, 0, 53, 0, 0, 251, 8, 229]
1542965351526;[171, 0, 17, 255, 161, 74, 239, 24, 23, 0, 0, 24, 1, 0, 53, 0, 0, 254, 8, 193]
1542965351530;[171, 0, 17, 255, 161, 74, 239, 24, 23, 0, 0, 25, 1, 0, 51, 0, 0, 255, 8, 166]
1542965351872;[171, 0, 17, 255, 161, 74, 239, 24, 23, 0, 0, 25, 1, 0, 51, 0, 0, 253, 8, 169]
1542965351876;[171, 0, 17, 255, 161, 74, 239, 24, 23, 0, 0, 28, 1, 0, 51, 0, 0, 255, 8, 195]
1542965351880;[171, 0, 17, 255, 161, 74, 239, 24, 23, 0, 0, 26, 1, 0, 52, 0, 0, 254, 8, 204]
1542965352050;[171, 0, 4, 255, 132, 128, 118]
1542965352054;[171, 0, 17, 255, 161, 74, 239, 24, 23, 0, 0, 24, 1, 0, 54, 0, 0, 253, 8, 205]
1542965352215;[171, 0, 17, 255, 161, 74, 239, 24, 23, 0, 0, 29, 1, 0, 53, 0, 0, 254, 8, 199]
1542965352219;[171, 0, 17, 255, 161, 74, 239, 24, 24, 0, 0, 28, 1, 0, 52, 0, 0, 253, 8, 191]
1542965352389;[171, 0, 17, 255, 161, 74, 239, 24, 24, 0, 0, 25, 1, 0, 54, 0, 0, 253, 8, 244]
1542965352562;[171, 0, 17, 255, 161, 74, 239, 24, 24, 0, 0, 21, 1, 0, 54, 0, 0, 253, 9, 5]
1542965352566;[171, 0, 17, 255, 161, 74, 239, 24, 24, 0, 0, 28, 1, 0, 50, 0, 1, 0, 8, 254]
1542965352734;[171, 0, 17, 255, 161, 74, 239, 24, 24, 0, 0, 27, 1, 0, 51, 0, 0, 253, 8, 248]
1542965352738;[171, 0, 17, 255, 161, 74, 239, 24, 24, 0, 0, 27, 1, 0, 51, 0, 0, 253, 9, 4]
1542965353079;[171, 0, 17, 255, 161, 74, 239, 24, 24, 0, 0, 27, 1, 0, 51, 0, 0, 252, 9, 32]
1542965353083;[171, 0, 17, 255, 161, 74, 239, 24, 24, 0, 0, 27, 1, 0, 51, 0, 0, 254, 9, 70]
1542965353087;[171, 0, 4, 255, 132, 128, 118]
1542965353252;[171, 0, 17, 255, 161, 74, 239, 24, 24, 0, 0, 27, 1, 0, 52, 0, 0, 253, 9, 87]
1542965353255;[171, 0, 17, 255, 161, 74, 239, 24, 24, 0, 0, 29, 1, 0, 52, 0, 0, 255, 9, 86]
1542965353425;[171, 0, 17, 255, 161, 74, 239, 24, 25, 0, 0, 23, 1, 0, 50, 0, 0, 253, 9, 95]
1542965353428;[171, 0, 17, 255, 161, 74, 239, 24, 25, 0, 0, 31, 1, 0, 50, 0, 0, 255, 9, 102]
1542965353596;[171, 0, 17, 255, 161, 74, 239, 24, 25, 0, 0, 22, 1, 0, 52, 0, 0, 254, 9, 161]
1542965353600;[171, 0, 17, 255, 161, 74, 239, 24, 25, 0, 0, 21, 1, 0, 51, 0, 0, 254, 9, 192]
1542965353769;[171, 0, 17, 255, 161, 74, 239, 24, 25, 0, 0, 21, 1, 0, 53, 0, 0, 253, 9, 186]
1542965353941;[171, 0, 17, 255, 161, 74, 239, 24, 25, 0, 0, 24, 1, 0, 53, 0, 0, 253, 9, 175]
1542965353945;[171, 0, 17, 255, 161, 74, 239, 24, 25, 0, 0, 24, 1, 0, 52, 0, 0, 253, 9, 164]
1542965354460;[171, 0, 17, 255, 161, 74, 239, 24, 25, 0, 0, 27, 1, 0, 52, 0, 0, 254, 9, 150]
1542965354464;[171, 0, 4, 255, 132, 128, 117]
1542965354491;[171, 0, 17, 255, 161, 74, 239, 24, 25, 0, 0, 21, 1, 0, 52, 0, 1, 0, 9, 182]
1542965354493;[171, 0, 17, 255, 161, 74, 239, 24, 25, 0, 0, 22, 1, 0, 54, 0, 0, 253, 9, 185]
1542965354632;[171, 0, 17, 255, 161, 74, 239, 24, 26, 0, 0, 21, 1, 0, 53, 0, 0, 254, 9, 178]
1542965354635;[171, 0, 17, 255, 161, 74, 239, 24, 26, 0, 0, 22, 1, 0, 50, 0, 0, 255, 9, 180]
1542965354639;[171, 0, 17, 255, 161, 74, 239, 24, 26, 0, 0, 21, 1, 0, 53, 0, 0, 253, 9, 181]
1542965354803;[171, 0, 17, 255, 161, 74, 239, 24, 26, 0, 0, 20, 1, 0, 52, 0, 0, 255, 9, 208]
1542965354809;[171, 0, 17, 255, 161, 74, 239, 24, 26, 0, 0, 19, 1, 0, 51, 0, 0, 255, 9, 226]
1542965354976;[171, 0, 17, 255, 161, 74, 239, 24, 26, 0, 0, 23, 1, 0, 54, 0, 0, 253, 9, 206]
1542965355149;[171, 0, 17, 255, 161, 74, 239, 24, 26, 0, 0, 24, 1, 0, 52, 0, 0, 254, 9, 201]
1542965355152;[171, 0, 17, 255, 161, 74, 239, 24, 26, 0, 0, 23, 1, 0, 51, 0, 0, 255, 9, 172]
1542965355322;[171, 0, 4, 255, 132, 128, 117]
1542965355348;[171, 0, 17, 255, 161, 74, 239, 24, 26, 0, 0, 21, 1, 0, 51, 0, 0, 254, 9, 191]
1542965355667;[171, 0, 17, 255, 161, 74, 239, 24, 26, 0, 0, 15, 1, 0, 53, 0, 0, 255, 9, 229]
1542965355671;[171, 0, 17, 255, 161, 74, 239, 24, 27, 0, 0, 14, 1, 0, 50, 0, 0, 254, 9, 237]
1542965355675;[171, 0, 17, 255, 161, 74, 239, 24, 27, 0, 0, 14, 1, 0, 53, 0, 0, 255, 9, 233]
1542965355839;[171, 0, 17, 255, 161, 74, 239, 24, 27, 0, 0, 35, 1, 0, 38, 0, 1, 3, 9, 228]
1542965355843;[171, 0, 17, 255, 161, 74, 239, 24, 27, 0, 0, 14, 1, 0, 56, 0, 0, 244, 9, 218]
1542965356011;[171, 0, 17, 255, 161, 74, 239, 24, 27, 0, 0, 4, 1, 0, 55, 0, 0, 250, 10, 18]
1542965356015;[171, 0, 17, 255, 161, 74, 239, 24, 27, 0, 0, 3, 1, 0, 51, 0, 1, 1, 10, 29]
1542965356184;[171, 0, 17, 255, 161, 74, 239, 24, 27, 0, 0, 4, 1, 0, 52, 0, 1, 1, 10, 22]
1542965356356;[171, 0, 17, 255, 161, 74, 239, 24, 27, 0, 0, 8, 1, 0, 51, 0, 0, 255, 9, 247]
1542965356359;[171, 0, 4, 255, 132, 128, 116]
1542965356529;[171, 0, 17, 255, 161, 74, 239, 24, 27, 0, 0, 5, 1, 0, 52, 0, 0, 255, 9, 224]
1542965356532;[171, 0, 17, 255, 161, 74, 239, 24, 27, 0, 0, 10, 1, 0, 51, 0, 1, 0, 9, 251]
1542965356874;[171, 0, 17, 255, 161, 74, 239, 24, 28, 0, 0, 8, 1, 0, 50, 0, 1, 0, 9, 226]
1542965356878;[171, 0, 17, 255, 161, 74, 239, 24, 28, 0, 0, 10, 1, 0, 51, 0, 1, 0, 9, 194]
1542965356882;[171, 0, 17, 255, 161, 74, 239, 24, 28, 0, 0, 12, 1, 0, 50, 0, 1, 1, 9, 162]
1542965357057;[171, 0, 17, 255, 161, 74, 239, 24, 28, 0, 0, 10, 1, 0, 50, 0, 1, 1, 9, 120]
1542965357061;[171, 0, 17, 255, 161, 74, 239, 24, 28, 0, 0, 15, 1, 0, 50, 0, 1, 0, 9, 111]
1542965357219;[171, 0, 17, 255, 161, 74, 239, 24, 28, 0, 0, 12, 1, 0, 51, 0, 0, 254, 9, 93]
1542965357223;[171, 0, 17, 255, 161, 74, 239, 24, 28, 0, 0, 13, 1, 0, 52, 0, 1, 1, 9, 68]
1542965357390;[171, 0, 17, 255, 161, 74, 239, 24, 28, 0, 0, 13, 1, 0, 51, 0, 0, 255, 9, 37]
1542965357394;[171, 0, 4, 255, 132, 128, 116]
1542965357563;[171, 0, 17, 255, 161, 74, 239, 24, 28, 0, 0, 12, 1, 0, 50, 0, 0, 255, 9, 18]
1542965357736;[171, 0, 17, 255, 161, 74, 239, 24, 28, 0, 0, 13, 1, 0, 53, 0, 1, 0, 9, 12]
1542965357740;[171, 0, 17, 255, 161, 74, 239, 24, 29, 0, 0, 13, 1, 0, 49, 0, 1, 1, 9, 10]
1542965357909;[171, 0, 17, 255, 161, 74, 239, 24, 29, 0, 0, 13, 1, 0, 51, 0, 1, 0, 8, 245]
1542965357913;[171, 0, 17, 255, 161, 74, 239, 24, 29, 0, 0, 14, 1, 0, 53, 0, 1, 0, 8, 222]
1542965358254;[171, 0, 17, 255, 161, 74, 239, 24, 29, 0, 0, 15, 1, 0, 51, 0, 0, 254, 8, 198]
1542965358258;[171, 0, 17, 255, 161, 74, 239, 24, 29, 0, 0, 13, 1, 0, 53, 0, 0, 255, 8, 201]
1542965358262;[171, 0, 17, 255, 161, 74, 239, 24, 29, 0, 0, 15, 1, 0, 50, 0, 0, 255, 8, 244]
1542965358427;[171, 0, 17, 255, 161, 74, 239, 24, 29, 0, 0, 16, 1, 0, 51, 0, 1, 1, 8, 241]
1542965358431;[171, 0, 17, 255, 161, 74, 239, 24, 29, 0, 0, 17, 1, 0, 51, 0, 1, 0, 8, 200]
1542965358599;[171, 0, 4, 255, 132, 128, 115]
1542965358625;[171, 0, 17, 255, 161, 74, 239, 24, 29, 0, 0, 20, 1, 0, 51, 0, 0, 255, 8, 164]
1542965358771;[171, 0, 17, 255, 161, 74, 239, 24, 29, 0, 0, 21, 1, 0, 52, 0, 0, 255, 8, 140]
1542965358944;[171, 0, 17, 255, 161, 74, 239, 24, 30, 0, 0, 22, 1, 0, 51, 0, 0, 254, 8, 134]
1542965358948;[171, 0, 17, 255, 161, 74, 239, 24, 30, 0, 0, 22, 1, 0, 48, 0, 0, 252, 8, 110]
1542965359116;[171, 0, 17, 255, 161, 74, 239, 24, 30, 0, 0, 36, 1, 0, 52, 0, 1, 2, 8, 63]
1542965359120;[171, 0, 17, 255, 161, 74, 239, 24, 30, 0, 0, 35, 1, 0, 50, 0, 0, 255, 8, 3]
1542965359462;[171, 0, 17, 255, 161, 74, 239, 24, 30, 0, 0, 32, 1, 0, 50, 0, 0, 253, 7, 215]
1542965359466;[171, 0, 17, 255, 161, 74, 239, 24, 30, 0, 0, 37, 1, 0, 50, 0, 0, 253, 7, 184]
1542965359470;[171, 0, 17, 255, 161, 74, 239, 24, 30, 0, 0, 39, 1, 0, 52, 0, 0, 252, 7, 155]
1542965359634;[171, 0, 17, 255, 161, 74, 239, 24, 30, 0, 0, 39, 1, 0, 50, 0, 0, 252, 7, 98]
1542965359638;[171, 0, 4, 255, 132, 128, 115]
1542965359806;[171, 0, 17, 255, 161, 74, 239, 24, 30, 0, 0, 35, 1, 0, 51, 0, 0, 252, 7, 52]
1542965359810;[171, 0, 17, 255, 161, 74, 239, 24, 30, 0, 0, 35, 1, 0, 50, 0, 0, 252, 7, 30]
1542965359979;[171, 0, 17, 255, 161, 74, 239, 24, 31, 0, 0, 31, 1, 0, 50, 0, 0, 253, 7, 30]
1542965360151;[171, 0, 17, 255, 161, 74, 239, 24, 31, 0, 0, 27, 1, 0, 49, 0, 0, 253, 7, 92]
1542965360155;[171, 0, 17, 255, 161, 74, 239, 24, 31, 0, 0, 24, 1, 0, 48, 0, 0, 254, 7, 121]
1542965360324;[171, 0, 17, 255, 161, 74, 239, 24, 31, 0, 0, 21, 1, 0, 51, 0, 0, 255, 7, 128]
1542965360328;[171, 0, 17, 255, 161, 74, 239, 24, 31, 0, 0, 22, 1, 0, 47, 0, 1, 0, 7, 127]
1542965360496;[171, 0, 17, 255, 161, 74, 239, 24, 31, 0, 0, 22, 1, 0, 49, 0, 0, 255, 7, 120]
1542965360500;[171, 0, 17, 255, 161, 74, 239, 24, 31, 0, 0, 22, 1, 0, 51, 0, 0, 254, 7, 148]
1542965360842;[171, 0, 17, 255, 161, 74, 239, 24, 31, 0, 0, 22, 1, 0, 50, 0, 0, 255, 7, 181]
1542965360846;[171, 0, 4, 255, 132, 128, 114]
1542965360873;[171, 0, 17, 255, 161, 74, 239, 24, 31, 0, 0, 23, 1, 0, 48, 0, 0, 254, 7, 182]
1542965361015;[171, 0, 17, 255, 161, 74, 239, 24, 31, 0, 0, 23, 1, 0, 51, 0, 0, 255, 7, 169]
1542965361019;[171, 0, 17, 255, 161, 74, 239, 24, 32, 0, 0, 23, 1, 0, 49, 0, 0, 254, 7, 152]
1542965361186;[171, 0, 17, 255, 161, 74, 239, 24, 32, 0, 0, 23, 1, 0, 48, 0, 0, 255, 7, 129]
1542965361358;[171, 0, 17, 255, 161, 74, 239, 24, 32, 0, 0, 28, 1, 0, 51, 0, 0, 254, 7, 141]
1542965361362;[171, 0, 17, 255, 161, 74, 239, 24, 32, 0, 0, 28, 1, 0, 50, 0, 0, 253, 7, 127]
1542965361531;[171, 0, 17, 255, 161, 74, 239, 24, 32, 0, 0, 31, 1, 0, 48, 0, 0, 253, 7, 101]
1542965361535;[171, 0, 17, 255, 161, 74, 239, 24, 32, 0, 0, 31, 1, 0, 50, 0, 0, 253, 7, 68]
1542965361703;[171, 0, 17, 255, 161, 74, 239, 24, 32, 0, 0, 34, 1, 0, 63, 0, 0, 252, 7, 29]
1542965361707;[171, 0, 17, 255, 161, 74, 239, 24, 32, 0, 0, 33, 1, 0, 50, 0, 0, 252, 7, 24]
1542965362063;[171, 0, 4, 255, 132, 128, 114]
1542965362066;[171, 0, 17, 255, 161, 74, 239, 24, 32, 0, 0, 34, 1, 0, 50, 0, 0, 253, 7, 21]
1542965362068;[171, 0, 17, 255, 161, 74, 239, 24, 32, 0, 0, 35, 1, 0, 49, 0, 0, 253, 6, 255]
1542965362221;[171, 0, 17, 255, 161, 74, 239, 24, 33, 0, 0, 36, 1, 0, 49, 0, 0, 252, 6, 236]
1542965362225;[171, 0, 17, 255, 161, 74, 239, 24, 33, 0, 0, 34, 1, 0, 49, 0, 0, 254, 6, 209]
1542965362393;[171, 0, 17, 255, 161, 74, 239, 24, 33, 0, 0, 32, 1, 0, 50, 0, 0, 253, 6, 222]
1542965362397;[171, 0, 17, 255, 161, 74, 239, 24, 33, 0, 0, 34, 1, 0, 50, 0, 0, 254, 7, 2]
1542965362567;[171, 0, 17, 255, 161, 74, 239, 24, 33, 0, 0, 32, 1, 0, 50, 0, 0, 254, 7, 12]
1542965362738;[171, 0, 17, 255, 161, 74, 239, 24, 33, 0, 0, 35, 1, 0, 50, 0, 0, 253, 6, 250]
1542965362742;[171, 0, 17, 255, 161, 74, 239, 24, 33, 0, 0, 36, 1, 0, 50, 0, 0, 253, 6, 249]
1542965362912;[171, 0, 17, 255, 161, 74, 239, 24, 33, 0, 0, 35, 1, 0, 51, 0, 0, 254, 6, 226]
1542965362915;[171, 0, 4, 255, 132, 128, 114]
1542965363431;[171, 0, 17, 255, 161, 74, 239, 24, 33, 0, 0, 32, 1, 0, 48, 0, 0, 254, 7, 9]
1542965363435;[171, 0, 17, 255, 161, 74, 239, 24, 33, 0, 0, 35, 1, 0, 50, 0, 0, 254, 7, 22]
1542965363439;[171, 0, 17, 255, 161, 74, 239, 24, 34, 0, 0, 32, 1, 0, 50, 0, 0, 252, 7, 18]
1542965363443;[171, 0, 17, 255, 161, 74, 239, 24, 34, 0, 0, 33, 1, 0, 50, 0, 0, 254, 7, 13]
1542965363603;[171, 0, 17, 255, 161, 74, 239, 24, 34, 0, 0, 33, 1, 0, 47, 0, 0, 254, 7, 7]
1542965363606;[171, 0, 17, 255, 161, 74, 239, 24, 34, 0, 0, 30, 1, 0, 50, 0, 0, 254, 7, 25]
1542965363610;[171, 0, 17, 255, 161, 74, 239, 24, 34, 0, 0, 30, 1, 0, 49, 0, 0, 254, 7, 79]
1542965363774;[171, 0, 17, 255, 161, 74, 239, 24, 34, 0, 0, 29, 1, 0, 50, 0, 0, 254, 7, 98]
1542965363946;[171, 0, 17, 255, 161, 74, 239, 24, 34, 0, 0, 27, 1, 0, 49, 0, 0, 255, 7, 97]
1542965363950;[171, 0, 17, 255, 161, 74, 239, 24, 34, 0, 0, 31, 1, 0, 49, 0, 0, 254, 7, 104]
1542965364118;[171, 0, 4, 255, 132, 128, 113]
1542965364145;[171, 0, 17, 255, 161, 74, 239, 24, 34, 0, 0, 27, 1, 0, 50, 0, 0, 253, 7, 98]
1542965364291;[171, 0, 17, 255, 161, 74, 239, 24, 34, 0, 0, 27, 1, 0, 50, 0, 0, 253, 7, 139]
1542965364295;[171, 0, 17, 255, 161, 74, 239, 24, 35, 0, 0, 27, 1, 0, 50, 0, 0, 254, 7, 162]
1542965364638;[171, 0, 17, 255, 161, 74, 239, 24, 35, 0, 0, 30, 1, 0, 50, 0, 1, 0, 7, 168]
1542965364642;[171, 0, 17, 255, 161, 74, 239, 24, 35, 0, 0, 27, 1, 0, 51, 0, 0, 253, 7, 171]
1542965364647;[171, 0, 17, 255, 161, 74, 239, 24, 35, 0, 0, 27, 1, 0, 53, 0, 0, 253, 7, 161]
1542965364809;[171, 0, 17, 255, 161, 74, 239, 24, 35, 0, 0, 25, 1, 0, 51, 0, 0, 254, 7, 160]
1542965364813;[171, 0, 17, 255, 161, 74, 239, 24, 35, 0, 0, 27, 1, 0, 49, 0, 0, 255, 7, 216]
1542965364981;[171, 0, 17, 255, 161, 74, 239, 24, 35, 0, 0, 25, 1, 0, 50, 0, 0, 254, 7, 224]
1542965365153;[171, 0, 17, 255, 161, 74, 239, 24, 35, 0, 0, 27, 1, 0, 50, 0, 0, 252, 7, 215]
1542965365157;[171, 0, 4, 255, 132, 128, 113]
1542965365326;[171, 0, 17, 255, 161, 74, 239, 24, 35, 0, 0, 24, 1, 0, 51, 0, 0, 253, 7, 196]
1542965365329;[171, 0, 17, 255, 161, 74, 239, 24, 35, 0, 0, 27, 1, 0, 50, 0, 0, 254, 7, 164]
1542965365500;[171, 0, 17, 255, 161, 74, 239, 24, 36, 0, 0, 27, 1, 0, 48, 0, 0, 253, 7, 198]
1542965365503;[171, 0, 17, 255, 161, 74, 239, 24, 36, 0, 0, 27, 1, 0, 47, 0, 0, 254, 7, 237]
1542965365844;[171, 0, 17, 255, 161, 74, 239, 24, 36, 0, 0, 26, 1, 0, 51, 0, 0, 255, 7, 238]
1542965365848;[171, 0, 17, 255, 161, 74, 239, 24, 36, 0, 0, 27, 1, 0, 48, 0, 0, 254, 7, 238]
1542965365852;[171, 0, 17, 255, 161, 74, 239, 24, 36, 0, 0, 24, 1, 0, 50, 0, 0, 253, 7, 229]
1542965366016;[171, 0, 17, 255, 161, 74, 239, 24, 36, 0, 0, 27, 1, 0, 49, 0, 0, 255, 7, 204]
1542965366019;[171, 0, 17, 255, 161, 74, 239, 24, 36, 0, 0, 22, 1, 0, 47, 0, 0, 253, 8, 5]
1542965366189;[171, 0, 17, 255, 161, 74, 239, 24, 36, 0, 0, 21, 1, 0, 51, 0, 0, 253, 8, 18]
1542965366193;[171, 0, 4, 255, 132, 128, 113]
1542965366362;[171, 0, 17, 255, 161, 74, 239, 24, 36, 0, 0, 27, 1, 0, 50, 0, 0, 255, 8, 8]
1542965366533;[171, 0, 17, 255, 161, 74, 239, 24, 36, 0, 0, 22, 1, 0, 49, 0, 0, 254, 8, 0]
1542965366537;[171, 0, 17, 255, 161, 74, 239, 24, 37, 0, 0, 24, 1, 0, 50, 0, 0, 255, 7, 228]
1542965366706;[171, 0, 17, 255, 161, 74, 239, 24, 37, 0, 0, 24, 1, 0, 50, 0, 0, 253, 8, 8]
1542965366710;[171, 0, 17, 255, 161, 74, 239, 24, 37, 0, 0, 22, 1, 0, 50, 0, 0, 255, 8, 23]
1542965366878;[171, 0, 17, 255, 161, 74, 239, 24, 37, 0, 0, 23, 1, 0, 49, 0, 1, 0, 8, 9]
1542965367224;[171, 0, 17, 255, 161, 74, 239, 24, 37, 0, 0, 25, 1, 0, 49, 0, 0, 252, 7, 251]
1542965367398;[171, 0, 17, 255, 161, 74, 239, 24, 37, 0, 0, 24, 1, 0, 50, 0, 0, 255, 7, 224]
1542965367402;[171, 0, 17, 255, 161, 74, 239, 24, 37, 0, 0, 23, 1, 0, 50, 0, 0, 254, 7, 225]
1542965367406;[171, 0, 17, 255, 161, 74, 239, 24, 39, 0, 0, 27, 1, 0, 50, 0, 0, 253, 8, 48]
1542965367410;[171, 0, 17, 255, 161, 74, 239, 24, 39, 0, 0, 26, 1, 0, 47, 0, 1, 0, 8, 70]
1542965367569;[171, 0, 17, 255, 161, 74, 239, 24, 40, 0, 0, 23, 1, 0, 48, 0, 0, 255, 8, 62]
1542965367743;[171, 0, 17, 255, 161, 74, 239, 24, 40, 0, 0, 25, 1, 0, 47, 0, 0, 254, 8, 32]
1542965367746;[171, 0, 17, 255, 161, 74, 239, 24, 40, 0, 0, 22, 1, 0, 47, 0, 0, 254, 8, 17]
1542965367915;[171, 0, 17, 255, 161, 74, 239, 24, 40, 0, 0, 22, 1, 0, 47, 0, 1, 0, 7, 242]
1542965367919;[171, 0, 17, 255, 161, 74, 239, 24, 40, 0, 0, 23, 1, 0, 46, 0, 1, 1, 8, 27]
1542965368087;[171, 0, 17, 255, 161, 74, 239, 24, 40, 0, 0, 22, 1, 0, 46, 0, 0, 255, 8, 50]
1542965368434;[171, 0, 17, 255, 161, 74, 239, 24, 40, 0, 0, 19, 1, 0, 47, 0, 0, 255, 8, 60]
1542965368438;[171, 0, 17, 255, 161, 74, 239, 24, 40, 0, 0, 21, 1, 0, 46, 0, 0, 255, 8, 71]
1542965368442;[171, 0, 4, 255, 132, 128, 111]
1542965368469;[171, 0, 17, 255, 161, 74, 239, 24, 40, 0, 0, 21, 1, 0, 46, 0, 0, 255, 8, 42]
1542965368604;[171, 0, 17, 255, 161, 74, 239, 24, 40, 0, 0, 22, 1, 0, 47, 0, 1, 1, 8, 73]
1542965368608;[171, 0, 17, 255, 161, 74, 239, 24, 41, 0, 0, 20, 1, 0, 49, 0, 1, 1, 8, 98]
1542965368776;[171, 0, 17, 255, 161, 74, 239, 24, 41, 0, 0, 19, 1, 0, 49, 0, 0, 255, 8, 87]
1542965368949;[171, 0, 17, 255, 161, 74, 239, 24, 41, 0, 0, 20, 1, 0, 47, 0, 1, 0, 8, 72]
1542965368953;[171, 0, 17, 255, 161, 74, 239, 24, 41, 0, 0, 19, 1, 0, 47, 0, 1, 0, 8, 46]
1542965369121;[171, 0, 17, 255, 161, 74, 239, 24, 41, 0, 0, 20, 1, 0, 46, 0, 0, 255, 8, 36]
1542965369124;[171, 0, 17, 255, 161, 74, 239, 24, 41, 0, 0, 19, 1, 0, 47, 0, 0, 255, 8, 69]
1542965369294;[171, 0, 17, 255, 161, 74, 239, 24, 41, 0, 0, 21, 1, 0, 48, 0, 0, 254, 8, 51]
1542965369298;[171, 0, 17, 255, 161, 74, 239, 24, 41, 0, 0, 18, 1, 0, 48, 0, 0, 255, 8, 29]
1542965369812;[171, 0, 4, 255, 132, 128, 111]
1542965369839;[171, 0, 17, 255, 161, 74, 239, 24, 41, 0, 0, 20, 1, 0, 46, 0, 0, 255, 8, 7]
1542965369841;[171, 0, 17, 255, 161, 74, 239, 24, 41, 0, 0, 22, 1, 0, 47, 0, 1, 0, 7, 238]
1542965369846;[171, 0, 17, 255, 161, 74, 239, 24, 42, 0, 0, 20, 1, 0, 47, 0, 1, 0, 8, 26]
1542965369985;[171, 0, 17, 255, 161, 74, 239, 24, 42, 0, 0, 22, 1, 0, 48, 0, 0, 255, 8, 34]
1542965369989;[171, 0, 17, 255, 161, 74, 239, 24, 42, 0, 0, 20, 1, 0, 47, 0, 0, 255, 8, 20]
1542965370156;[171, 0, 17, 255, 161, 74, 239, 24, 42, 0, 0, 19, 1, 0, 50, 0, 1, 0, 7, 250]
1542965370159;[171, 0, 17, 255, 161, 74, 239, 24, 42, 0, 0, 18, 1, 0, 48, 0, 0, 254, 7, 224]
1542965370328;[171, 0, 17, 255, 161, 74, 239, 24, 42, 0, 0, 19, 1, 0, 46, 0, 1, 1, 7, 205]
1542965370332;[171, 0, 17, 255, 161, 74, 239, 24, 42, 0, 0, 20, 1, 0, 49, 0, 0, 254, 7, 237]
1542965370502;[171, 0, 17, 255, 161, 74, 239, 24, 42, 0, 0, 19, 1, 0, 48, 0, 1, 0, 7, 225]
1542965370507;[171, 0, 4, 255, 132, 128, 111]
1542965370674;[171, 0, 17, 255, 161, 74, 239, 24, 42, 0, 0, 18, 1, 0, 47, 0, 0, 255, 7, 208]
1542965371022;[171, 0, 17, 255, 161, 74, 239, 24, 42, 0, 0, 18, 1, 0, 50, 0, 0, 254, 7, 191]
1542965371026;[171, 0, 17, 255, 161, 74, 239, 24, 43, 0, 0, 19, 1, 0, 47, 0, 0, 255, 7, 158]
1542965371030;[171, 0, 17, 255, 161, 74, 239, 24, 43, 0, 0, 18, 1, 0, 48, 0, 0, 255, 7, 186]
1542965371033;[171, 0, 17, 255, 161, 74, 239, 24, 43, 0, 0, 17, 1, 0, 49, 0, 0, 253, 7, 203]
1542965371192;[171, 0, 17, 255, 161, 74, 239, 24, 43, 0, 0, 18, 1, 0, 47, 0, 0, 255, 7, 180]
1542965371195;[171, 0, 17, 255, 161, 74, 239, 24, 43, 0, 0, 18, 1, 0, 47, 0, 0, 255, 7, 150]
1542965371364;[171, 0, 17, 255, 161, 74, 239, 24, 43, 0, 0, 19, 1, 0, 47, 0, 1, 0, 7, 119]
1542965371536;[171, 0, 17, 255, 161, 74, 239, 24, 43, 0, 0, 19, 1, 0, 48, 0, 0, 255, 7, 89]
1542965371540;[171, 0, 17, 255, 161, 74, 239, 24, 43, 0, 0, 22, 1, 0, 47, 0, 0, 255, 7, 134]
1542965371708;[171, 0, 4, 255, 132, 128, 111]
1542965371735;[171, 0, 17, 255, 161, 74, 239, 24, 43, 0, 0, 17, 1, 0, 48, 0, 0, 255, 7, 140]
1542965371880;[171, 0, 17, 255, 161, 74, 239, 24, 43, 0, 0, 19, 1, 0, 48, 0, 1, 0, 7, 127]
1542965372229;[171, 0, 17, 255, 161, 74, 239, 24, 44, 0, 0, 18, 1, 0, 48, 0, 1, 1, 7, 106]
1542965372233;[171, 0, 17, 255, 161, 74, 239, 24, 44, 0, 0, 19, 1, 0, 50, 0, 0, 255, 7, 90]
1542965372237;[171, 0, 17, 255, 161, 74, 239, 24, 44, 0, 0, 18, 1, 0, 48, 0, 0, 254, 7, 109]
1542965372241;[171, 0, 17, 255, 161, 74, 239, 24, 44, 0, 0, 19, 1, 0, 48, 0, 1, 1, 7, 143]
1542965372399;[171, 0, 17, 255, 161, 74, 239, 24, 44, 0, 0, 21, 1, 0, 50, 0, 1, 1, 7, 134]
1542965372402;[171, 0, 17, 255, 161, 74, 239, 24, 44, 0, 0, 18, 1, 0, 47, 0, 1, 0, 7, 119]
1542965372571;[171, 0, 17, 255, 161, 74, 239, 24, 44, 0, 0, 18, 1, 0, 48, 0, 1, 0, 7, 105]
1542965372743;[171, 0, 17, 255, 161, 74, 239, 24, 44, 0, 0, 19, 1, 0, 48, 0, 0, 254, 7, 86]
1542965372747;[171, 0, 4, 255, 132, 128, 111]
1542965372916;[171, 0, 17, 255, 161, 74, 239, 24, 44, 0, 0, 15, 1, 0, 48, 0, 1, 1, 7, 129]
1542965372919;[171, 0, 17, 255, 161, 74, 239, 24, 44, 0, 0, 18, 1, 0, 49, 0, 0, 255, 7, 132]
1542965373089;[171, 0, 17, 255, 161, 74, 239, 24, 45, 0, 0, 20, 1, 0, 48, 0, 0, 255, 7, 115]
1542965373093;[171, 0, 17, 255, 161, 74, 239, 24, 45, 0, 0, 18, 1, 0, 47, 0, 0, 255, 7, 86]
1542965373261;[171, 0, 17, 255, 161, 74, 239, 24, 45, 0, 0, 18, 1, 0, 47, 0, 0, 255, 7, 60]
1542965373608;[171, 0, 17, 255, 161, 74, 239, 24, 45, 0, 0, 19, 1, 0, 50, 0, 0, 255, 7, 58]
1542965373612;[171, 0, 17, 255, 161, 74, 239, 24, 45, 0, 0, 19, 1, 0, 47, 0, 1, 1, 7, 89]
1542965373616;[171, 0, 17, 255, 161, 74, 239, 24, 45, 0, 0, 17, 1, 0, 48, 0, 0, 255, 7, 84]
1542965373620;[171, 0, 17, 255, 161, 74, 239, 24, 45, 0, 0, 18, 1, 0, 49, 0, 1, 0, 7, 61]
1542965373779;[171, 0, 17, 255, 161, 74, 239, 24, 45, 0, 0, 18, 1, 0, 48, 0, 0, 255, 7, 34]
1542965373950;[171, 0, 4, 255, 132, 128, 111]
1542965373977;[171, 0, 17, 255, 161, 74, 239, 24, 45, 0, 0, 18, 1, 0, 47, 0, 1, 0, 7, 5]
1542965374124;[171, 0, 17, 255, 161, 74, 239, 24, 45, 0, 0, 15, 1, 0, 48, 0, 0, 254, 7, 36]
1542965374128;[171, 0, 17, 255, 161, 74, 239, 24, 46, 0, 0, 17, 1, 0, 49, 0, 0, 255, 7, 58]
1542965374296;[171, 0, 17, 255, 161, 74, 239, 24, 46, 0, 0, 17, 1, 0, 47, 0, 0, 255, 7, 36]
1542965374300;[171, 0, 17, 255, 161, 74, 239, 24, 46, 0, 0, 17, 1, 0, 50, 0, 1, 1, 7, 22]
1542965374469;[171, 0, 17, 255, 161, 74, 239, 24, 46, 0, 0, 16, 1, 0, 49, 0, 0, 255, 7, 11]
1542965374816;[171, 0, 17, 255, 161, 74, 239, 24, 46, 0, 0, 19, 1, 0, 47, 0, 1, 0, 6, 241]
1542965374821;[171, 0, 17, 255, 161, 74, 239, 24, 46, 0, 0, 18, 1, 0, 49, 0, 0, 255, 7, 17]
1542965374823;[171, 0, 17, 255, 161, 74, 239, 24, 46, 0, 0, 15, 1, 0, 48, 0, 1, 1, 7, 30]
1542965374828;[171, 0, 17, 255, 161, 74, 239, 24, 46, 0, 0, 18, 1, 0, 47, 0, 1, 1, 7, 15]
1542965374985;[171, 0, 4, 255, 132, 128, 110]
1542965375158;[171, 0, 17, 255, 161, 74, 239, 24, 46, 0, 0, 18, 1, 0, 49, 0, 0, 255, 7, 5]
1542965375162;[171, 0, 17, 255, 161, 74, 239, 24, 46, 0, 0, 19, 1, 0, 50, 0, 1, 0, 6, 244]
1542965375331;[171, 0, 17, 255, 161, 74, 239, 24, 47, 0, 0, 18, 1, 0, 47, 0, 1, 0, 6, 249]
1542965375335;[171, 0, 17, 255, 161, 74, 239, 24, 47, 0, 0, 18, 1, 0, 48, 0, 0, 255, 7, 24]
1542965375504;[171, 0, 17, 255, 161, 74, 239, 24, 47, 0, 0, 19, 1, 0, 48, 0, 1, 0, 7, 20]
1542965375508;[171, 0, 17, 255, 161, 74, 239, 24, 47, 0, 0, 18, 1, 0, 46, 0, 0, 255, 7, 15]
1542965375676;[171, 0, 17, 255, 161, 74, 239, 24, 47, 0, 0, 18, 1, 0, 46, 0, 1, 0, 7, 5]
1542965375848;[171, 0, 17, 255, 161, 74, 239, 24, 47, 0, 0, 17, 1, 0, 47, 0, 1, 1, 6, 219]
1542965375852;[171, 0, 17, 255, 161, 74, 239, 24, 47, 0, 0, 20, 1, 0, 49, 0, 1, 0, 6, 219]
1542965376196;[171, 0, 17, 255, 161, 74, 239, 24, 47, 0, 0, 22, 1, 0, 47, 0, 0, 254, 6, 233]
1542965376199;[171, 0, 4, 255, 132, 128, 110]
1542965376227;[171, 0, 17, 255, 161, 74, 239, 24, 47, 0, 0, 19, 1, 0, 48, 0, 0, 255, 6, 217]
1542965376229;[171, 0, 17, 255, 161, 74, 239, 24, 47, 0, 0, 16, 1, 0, 48, 0, 1, 1, 6, 207]
1542965376366;[171, 0, 17, 255, 161, 74, 239, 24, 48, 0, 0, 17, 1, 0, 48, 0, 1, 0, 6, 201]
1542965376539;[171, 0, 17, 255, 161, 74, 239, 24, 48, 0, 0, 17, 1, 0, 48, 0, 0, 255, 6, 185]
1542965376543;[171, 0, 17, 255, 161, 74, 239, 24, 48, 0, 0, 17, 1, 0, 48, 0, 0, 255, 6, 222]
1542965376710;[171, 0, 17, 255, 161, 74, 239, 24, 48, 0, 0, 18, 1, 0, 47, 0, 0, 255, 6, 223]
1542965376714;[171, 0, 17, 255, 161, 74, 239, 24, 48, 0, 0, 16, 1, 0, 46, 0, 1, 1, 6, 217]
1542965376884;[171, 0, 17, 255, 161, 74, 239, 24, 48, 0, 0, 17, 1, 0, 49, 0, 0, 255, 6, 195]
1542965377056;[171, 0, 17, 255, 161, 74, 239, 24, 48, 0, 0, 12, 1, 0, 45, 0, 0, 255, 6, 170]
1542965377060;[171, 0, 17, 255, 161, 74, 239, 24, 48, 0, 0, 16, 1, 0, 47, 0, 0, 255, 6, 213]
1542965377402;[171, 0, 4, 255, 132, 128, 110]
1542965377429;[171, 0, 17, 255, 161, 74, 239, 24, 48, 0, 0, 18, 1, 0, 48, 0, 0, 254, 6, 238]
1542965377431;[171, 0, 17, 255, 161, 74, 239, 24, 48, 0, 0, 19, 1, 0, 48, 0, 0, 255, 6, 244]
1542965377432;[171, 0, 17, 255, 161, 74, 239, 24, 49, 0, 0, 18, 1, 0, 47, 0, 0, 255, 6, 249]
1542965377577;[171, 0, 17, 255, 161, 74, 239, 24, 49, 0, 0, 18, 1, 0, 48, 0, 0, 254, 6, 229]
1542965377746;[171, 0, 17, 255, 161, 74, 239, 24, 49, 0, 0, 17, 1, 0, 49, 0, 0, 255, 6, 244]
1542965377750;[171, 0, 17, 255, 161, 74, 239, 24, 49, 0, 0, 17, 1, 0, 48, 0, 1, 0, 7, 14]
1542965377919;[171, 0, 17, 255, 161, 74, 239, 24, 49, 0, 0, 19, 1, 0, 46, 0, 1, 0, 7, 0]
1542965377923;[171, 0, 17, 255, 161, 74, 239, 24, 49, 0, 0, 16, 1, 0, 50, 0, 0, 255, 6, 251]
1542965378092;[171, 0, 17, 255, 161, 74, 239, 24, 49, 0, 0, 18, 1, 0, 51, 0, 1, 0, 6, 232]
1542965378095;[171, 0, 17, 255, 161, 74, 239, 24, 49, 0, 0, 15, 1, 0, 49, 0, 1, 0, 6, 230]
1542965378264;[171, 0, 4, 255, 132, 128, 109]
1542965378782;[171, 0, 17, 255, 161, 74, 239, 24, 49, 0, 0, 17, 1, 0, 47, 0, 1, 1, 7, 27]
1542965378786;[171, 0, 17, 255, 161, 74, 239, 24, 49, 0, 0, 15, 1, 0, 48, 0, 1, 0, 7, 69]
1542965378790;[171, 0, 17, 255, 161, 74, 239, 24, 50, 0, 0, 18, 1, 0, 50, 0, 0, 253, 7, 68]
1542965378794;[171, 0, 17, 255, 161, 74, 239, 24, 50, 0, 0, 18, 1, 0, 49, 0, 1, 0, 7, 47]
1542965378955;[171, 0, 17, 255, 161, 74, 239, 24, 50, 0, 0, 19, 1, 0, 48, 0, 0, 255, 7, 26]
1542965378958;[171, 0, 17, 255, 161, 74, 239, 24, 50, 0, 0, 17, 1, 0, 47, 0, 0, 255, 7, 2]
1542965378962;[171, 0, 17, 255, 161, 74, 239, 24, 50, 0, 0, 16, 1, 0, 49, 0, 0, 255, 7, 45]
1542965379126;[171, 0, 17, 255, 161, 74, 239, 24, 50, 0, 0, 17, 1, 0, 49, 0, 1, 0, 7, 59]
1542965379130;[171, 0, 17, 255, 161, 74, 239, 24, 50, 0, 0, 12, 1, 0, 51, 0, 0, 255, 7, 62]
1542965379299;[171, 0, 17, 255, 161, 74, 239, 24, 50, 0, 0, 15, 1, 0, 50, 0, 1, 1, 7, 45]
1542965379303;[171, 0, 4, 255, 132, 128, 109]
1542965379471;[171, 0, 17, 255, 161, 74, 239, 24, 50, 0, 0, 16, 1, 0, 48, 0, 1, 0, 7, 31]
1542965379644;[171, 0, 17, 255, 161, 74, 239, 24, 50, 0, 0, 13, 1, 0, 48, 0, 1, 0, 7, 39]
1542965379648;[171, 0, 17, 255, 161, 74, 239, 24, 51, 0, 0, 12, 1, 0, 48, 0, 1, 1, 7, 55]
1542965379990;[171, 0, 17, 255, 161, 74, 239, 24, 51, 0, 0, 14, 1, 0, 48, 0, 0, 255, 7, 32]
1542965379994;[171, 0, 17, 255, 161, 74, 239, 24, 51, 0, 0, 16, 1, 0, 50, 0, 0, 255, 7, 17]
1542965379999;[171, 0, 17, 255, 161, 74, 239, 24, 51, 0, 0, 16, 1, 0, 49, 0, 1, 0, 6, 249]
1542965380003;[171, 0, 17, 255, 161, 74, 239, 24, 51, 0, 0, 16, 1, 0, 49, 0, 1, 0, 6, 218]
1542965380161;[171, 0, 17, 255, 161, 74, 239, 24, 51, 0, 0, 15, 1, 0, 49, 0, 0, 255, 6, 251]
1542965380505;[171, 0, 17, 255, 161, 74, 239, 24, 51, 0, 0, 15, 1, 0, 47, 0, 1, 0, 7, 4]
1542965380680;[171, 0, 17, 255, 161, 74, 239, 24, 51, 0, 0, 15, 1, 0, 49, 0, 1, 0, 6, 251]
1542965380684;[171, 0, 4, 255, 132, 128, 109]
1542965380710;[171, 0, 17, 255, 161, 74, 239, 24, 51, 0, 0, 13, 1, 0, 47, 0, 1, 1, 6, 221]
1542965380712;[171, 0, 17, 255, 161, 74, 239, 24, 51, 0, 0, 16, 1, 0, 48, 0, 1, 0, 6, 208]
1542965380851;[171, 0, 17, 255, 161, 74, 239, 24, 52, 0, 0, 15, 1, 0, 48, 0, 0, 254, 6, 190]
1542965380854;[171, 0, 17, 255, 161, 74, 239, 24, 52, 0, 0, 17, 1, 0, 49, 0, 0, 255, 6, 209]
1542965381196;[171, 0, 17, 255, 161, 74, 239, 24, 52, 0, 0, 16, 1, 0, 50, 0, 1, 0, 6, 208]
1542965381199;[171, 0, 17, 255, 161, 74, 239, 24, 52, 0, 0, 15, 1, 0, 49, 0, 0, 255, 6, 184]
1542965381203;[171, 0, 17, 255, 161, 74, 239, 24, 52, 0, 0, 14, 1, 0, 50, 0, 1, 0, 6, 177]
1542965381206;[171, 0, 17, 255, 161, 74, 239, 24, 52, 0, 0, 15, 1, 0, 50, 0, 1, 1, 6, 165]
1542965381369;[171, 0, 17, 255, 161, 74, 239, 24, 52, 0, 0, 14, 1, 0, 49, 0, 1, 2, 6, 197]
1542965381540;[171, 0, 17, 255, 161, 74, 239, 24, 52, 0, 0, 16, 1, 0, 48, 0, 1, 1, 6, 218]
1542965381544;[171, 0, 4, 255, 132, 128, 109]
1542965381713;[171, 0, 17, 255, 161, 74, 239, 24, 52, 0, 0, 14, 1, 0, 48, 0, 0, 253, 6, 215]
1542965381717;[171, 0, 17, 255, 161, 74, 239, 24, 52, 0, 0, 15, 1, 0, 48, 0, 1, 0, 6, 203]
1542965381907;[171, 0, 17, 255, 161, 74, 239, 24, 53, 0, 0, 15, 1, 0, 48, 0, 1, 0, 6, 188]
1542965382059;[171, 0, 17, 255, 161, 74, 239, 24, 53, 0, 0, 14, 1, 0, 49, 0, 0, 255, 6, 167]
1542965382063;[171, 0, 17, 255, 161, 74, 239, 24, 53, 0, 0, 13, 1, 0, 47, 0, 1, 0, 6, 207]
1542965382231;[171, 0, 17, 255, 161, 74, 239, 24, 53, 0, 0, 16, 1, 0, 49, 0, 1, 1, 6, 208]
1542965382235;[171, 0, 17, 255, 161, 74, 239, 24, 53, 0, 0, 15, 1, 0, 49, 0, 1, 0, 6, 198]
1542965382578;[171, 0, 17, 255, 161, 74, 239, 24, 53, 0, 0, 18, 1, 0, 44, 0, 0, 254, 6, 175]
1542965382582;[171, 0, 17, 255, 161, 74, 239, 24, 53, 0, 0, 16, 1, 0, 48, 0, 0, 255, 6, 163]
1542965382586;[171, 0, 17, 255, 161, 74, 239, 24, 53, 0, 0, 17, 1, 0, 46, 0, 0, 254, 6, 130]
